Filename = G:\lettuce\Rec-0908-lettuce-000143-251_15_41_55_133.seq
Units = Temperature (C)
Time = 251:15:51:38.815000
FrameNumber = 5838
Preset = 0

2.534793e+01,2.532122e+01,2.534126e+01,2.531454e+01,2.531454e+01,2.518088e+01,2.527446e+01,2.536796e+01,2.529451e+01,2.531454e+01,2.536796e+01,2.533458e+01,2.530119e+01,2.530119e+01,2.516751e+01,2.514075e+01,2.532122e+01,2.528115e+01,2.511399e+01,2.516751e+01,2.535461e+01,2.524105e+01,2.512737e+01,2.518088e+01,2.516082e+01,2.517419e+01,2.523437e+01,2.524773e+01,2.529451e+01,2.526778e+01,2.522100e+01,2.518757e+01,2.523437e+01,2.517419e+01,2.518088e+01,2.516751e+01,2.539466e+01,2.514075e+01,2.520763e+01,2.525442e+01,2.502026e+01,2.503366e+01,2.506044e+01,2.514744e+01,2.510060e+01,2.496667e+01,2.499347e+01,2.491305e+01,2.515413e+01,2.500017e+01,2.503366e+01,2.498677e+01,2.500017e+01,2.498677e+01,2.510060e+01,2.493316e+01,2.504035e+01,2.489964e+01,2.490634e+01,2.493986e+01,2.493986e+01,2.488622e+01,2.477216e+01,2.481914e+01,2.467813e+01,2.463780e+01,2.484598e+01,2.474530e+01,2.477887e+01,2.472515e+01,2.474530e+01,2.475873e+01,2.478558e+01,2.479901e+01,2.476544e+01,2.473187e+01,2.476544e+01,2.470500e+01,2.469156e+01,2.472515e+01,2.463780e+01,2.460419e+01,2.477887e+01,2.477887e+01,2.463108e+01,2.472515e+01,2.465124e+01,2.463780e+01,2.480572e+01,2.470500e+01,2.475201e+01,2.471172e+01,2.475201e+01,2.470500e+01,2.475201e+01,2.473858e+01,2.472515e+01,2.473858e+01,2.474530e+01,2.469156e+01,2.473187e+01,2.473858e+01,2.464452e+01,2.466469e+01,2.484598e+01,2.475201e+01,2.471172e+01,2.463780e+01,2.468484e+01,2.467141e+01,2.467813e+01,2.465796e+01,2.475201e+01,2.482585e+01,2.482585e+01,2.460419e+01,2.476544e+01,2.478558e+01,2.478558e+01,2.476544e+01,2.492645e+01,2.492645e+01,2.492645e+01,2.489293e+01,2.484598e+01,2.489293e+01,2.489964e+01,2.493316e+01,2.490634e+01,2.506044e+01,2.493316e+01,2.493986e+01,2.485269e+01,2.499347e+01,2.513406e+01,2.508052e+01,2.512068e+01,2.510060e+01,2.522100e+01,2.518757e+01,2.532122e+01,2.522768e+01,2.516751e+01,2.515413e+01,2.526110e+01,2.534793e+01,2.519426e+01,2.532790e+01,2.540801e+01,2.533458e+01,2.535461e+01,2.524105e+01,2.532790e+01,2.532790e+01,2.534793e+01,2.538799e+01,2.512068e+01,2.538799e+01,2.529451e+01,2.534126e+01,2.540133e+01,2.549472e+01,2.540133e+01,2.533458e+01,2.536129e+01,2.526110e+01,2.532790e+01,2.534793e+01,2.550805e+01,2.551472e+01,2.557470e+01,2.554804e+01,2.542135e+01,2.545471e+01,2.552805e+01,2.550139e+01,2.551472e+01,2.554138e+01,2.541468e+01,2.542802e+01,2.553472e+01,2.548138e+01,2.546138e+01,2.543469e+01,2.549472e+01,2.545471e+01,2.552805e+01,2.557470e+01,2.550805e+01,2.549472e+01,2.550139e+01,2.548138e+01,2.550805e+01,2.542135e+01,2.541468e+01,2.546805e+01,2.545471e+01,2.540801e+01,2.538799e+01,2.540801e+01,2.540801e+01,2.556804e+01,2.546138e+01,2.542135e+01,2.540133e+01,2.542135e+01,2.550139e+01,2.534126e+01,2.551472e+01,2.557470e+01,2.545471e+01,2.552805e+01,2.532122e+01,2.544137e+01,2.546138e+01,2.546805e+01,2.545471e+01,2.555471e+01,2.550805e+01,2.548805e+01,2.557470e+01,2.545471e+01,2.544804e+01,2.552805e+01,2.542802e+01,2.544804e+01,2.557470e+01,2.550805e+01,2.542802e+01,2.543469e+01,2.547471e+01,2.544804e+01,2.547471e+01,2.556137e+01,2.546805e+01,2.550139e+01,2.543469e+01,2.554138e+01,2.555471e+01,2.554138e+01,2.548138e+01,2.552139e+01,2.558802e+01,2.550805e+01,2.542135e+01,2.541468e+01,2.544804e+01,2.538131e+01,2.544804e+01,2.530119e+01,2.531454e+01,2.541468e+01,2.536129e+01,2.542802e+01,2.537464e+01,2.536129e+01,2.537464e+01,2.524773e+01,2.540801e+01,2.536796e+01,2.530119e+01,2.529451e+01,2.526778e+01,2.528115e+01,2.546805e+01,2.530787e+01,2.545471e+01,2.536129e+01,2.538799e+01,2.541468e+01,2.542802e+01,2.543469e+01,2.528782e+01,2.545471e+01,2.542135e+01,2.532790e+01,2.531454e+01,2.532790e+01,2.533458e+01,2.533458e+01,2.540133e+01,2.540133e+01,2.538131e+01,2.530787e+01,2.538131e+01,2.538131e+01,2.556804e+01,2.558802e+01,2.540801e+01,2.536796e+01,2.539466e+01,2.551472e+01,2.552139e+01,2.553472e+01,2.552139e+01,2.538799e+01,2.554138e+01,2.552139e+01,2.556804e+01,2.554804e+01,2.551472e+01,2.558136e+01,2.542802e+01,2.544804e+01,2.547471e+01,2.536129e+01,2.558136e+01,2.556137e+01,2.558802e+01,2.544804e+01,2.550805e+01,2.555471e+01,2.551472e+01,2.549472e+01,2.550805e+01,2.550139e+01,2.543469e+01,2.546138e+01,2.550139e+01,2.544137e+01,2.543469e+01,2.539466e+01,2.558136e+01,2.542802e+01,2.550805e+01,2.556137e+01,2.550139e+01,2.552805e+01,2.550139e+01,2.549472e+01,2.548138e+01,2.551472e+01,2.551472e+01,2.553472e+01,2.560800e+01,2.552805e+01,2.550805e+01,2.556137e+01,2.548805e+01,2.552139e+01,2.548138e+01,2.555471e+01,2.548138e+01,2.555471e+01,2.554804e+01,2.557470e+01,2.557470e+01,2.553472e+01,2.551472e+01,2.535461e+01,2.548138e+01,2.551472e+01,2.568124e+01,2.554138e+01,2.559468e+01,2.554804e+01,2.542135e+01,2.536129e+01,2.534126e+01,2.534793e+01,2.550139e+01,2.557470e+01,2.548138e+01,2.548138e+01,2.556137e+01,2.547471e+01,2.539466e+01,2.554804e+01,2.548805e+01,2.558136e+01,2.556137e+01,2.552805e+01,2.550805e+01,2.548805e+01,2.548805e+01,2.554804e+01,2.566127e+01,2.550139e+01,2.552139e+01,2.558136e+01,2.553472e+01,2.555471e+01,2.556804e+01,2.554138e+01,2.542135e+01,2.550139e+01,2.552805e+01,2.555471e+01,2.544804e+01,2.548138e+01,2.562132e+01,2.552805e+01,2.565462e+01,2.566127e+01,2.562798e+01,2.564130e+01,2.551472e+01,2.541468e+01,2.553472e+01,2.554804e+01,2.543469e+01,2.560134e+01,2.560134e+01,2.554138e+01,2.551472e+01,2.569455e+01,2.566127e+01,2.567459e+01,2.558136e+01,2.558802e+01,2.542802e+01,2.559468e+01,2.558802e+01,2.558136e+01,2.555471e+01,2.563464e+01,2.547471e+01,2.555471e+01,2.556137e+01,2.558136e+01,2.564130e+01,2.557470e+01,2.557470e+01,2.551472e+01,2.550139e+01,2.556137e+01,2.556137e+01,2.553472e+01,2.546805e+01,2.554804e+01,2.546138e+01,2.559468e+01,2.566127e+01,2.554804e+01,2.531454e+01,2.550139e+01,2.571451e+01,2.550805e+01,2.553472e+01,2.548138e+01,2.546138e+01,2.552805e+01,2.552139e+01,2.554804e+01,2.544804e+01,2.560800e+01,2.551472e+01,2.562132e+01,2.556137e+01,2.548805e+01,2.558802e+01,2.554138e+01,2.552139e+01,2.552139e+01,2.569455e+01,2.572117e+01,2.555471e+01,2.560134e+01,2.554138e+01,2.546138e+01,2.558136e+01,2.552805e+01,2.554138e+01,2.554804e+01,2.555471e+01,2.553472e+01,2.550139e+01,2.551472e+01,2.553472e+01,2.550139e+01,2.553472e+01,2.547471e+01,2.548805e+01,2.540133e+01,2.554804e+01,2.561466e+01,2.524773e+01,2.547471e+01,2.552139e+01,2.545471e+01,2.550805e+01,2.550139e+01,2.546805e+01,2.548138e+01,2.546805e+01,2.552139e+01,2.542802e+01,2.548805e+01,2.558136e+01,2.550139e+01,2.554138e+01,2.553472e+01,2.564130e+01,2.551472e+01,2.552805e+01,2.550805e+01,2.548805e+01,2.544137e+01,2.542135e+01,2.538799e+01,2.553472e+01,2.552805e+01,2.539466e+01,2.550139e+01,2.554138e+01,2.536129e+01,2.538799e+01,2.540801e+01,2.552139e+01,2.539466e+01,2.546805e+01,2.548805e+01,2.533458e+01,2.545471e+01,2.543469e+01,2.528782e+01,2.550805e+01,2.544804e+01,2.542802e+01,2.543469e+01,2.552139e+01,2.542802e+01,2.541468e+01,2.548138e+01,2.540801e+01,2.548138e+01,2.544137e+01,2.548138e+01,2.550805e+01,2.523437e+01,2.544804e+01,2.553472e+01,2.546138e+01,2.554804e+01,2.545471e+01,2.544137e+01,2.563464e+01,2.548138e+01,2.563464e+01,2.548805e+01,2.548138e+01,2.555471e+01,2.545471e+01,2.525442e+01,2.558136e+01,2.566127e+01,2.556137e+01,2.562798e+01,2.548138e+01,2.544137e+01,2.544137e+01,2.542135e+01,2.545471e+01,2.548805e+01,2.542135e+01,2.542802e+01,2.548805e+01,2.546805e+01,2.532122e+01,2.507383e+01,2.502026e+01,2.455038e+01,2.441573e+01,2.432138e+01,2.413242e+01,2.405809e+01,2.406485e+01,2.382801e+01,2.376024e+01,2.390927e+01,2.403105e+01,2.422019e+01,2.460419e+01,2.483256e+01,2.498677e+01,2.538799e+01,2.534126e+01,2.538799e+01,2.542135e+01,2.548138e+01,2.547471e+01,2.548805e+01,2.556804e+01,2.535461e+01,2.552139e+01,2.557470e+01,2.544804e+01,2.554804e+01,2.548138e+01,2.550805e+01,2.546805e+01,2.545471e+01,2.542802e+01,2.556137e+01,2.556804e+01,2.545471e+01,2.551472e+01,2.557470e+01,2.548138e+01,2.539466e+01,2.540801e+01,2.531454e+01,2.551472e+01,2.552805e+01,2.552805e+01,2.547471e+01,2.543469e+01,2.552139e+01,2.550139e+01,2.546805e+01,2.548805e+01,2.547471e+01,2.536796e+01,2.535461e+01,2.536796e+01,2.558136e+01,2.548805e+01,2.556804e+01,2.548805e+01,2.565462e+01,2.530787e+01,2.542802e+01,2.553472e+01,2.545471e+01,2.551472e+01,2.548138e+01,2.548138e+01,2.552805e+01,2.547471e+01,2.563464e+01,2.555471e+01,2.559468e+01,2.550139e+01,2.546805e+01,2.548138e+01,2.559468e+01,2.549472e+01,2.550139e+01,2.546805e+01,2.544804e+01
2.521431e+01,2.529451e+01,2.532122e+01,2.536129e+01,2.524773e+01,2.534793e+01,2.532122e+01,2.534793e+01,2.524105e+01,2.517419e+01,2.532122e+01,2.528782e+01,2.537464e+01,2.535461e+01,2.534793e+01,2.526778e+01,2.527446e+01,2.528115e+01,2.522768e+01,2.526778e+01,2.528115e+01,2.530119e+01,2.516751e+01,2.526110e+01,2.530787e+01,2.521431e+01,2.528115e+01,2.524105e+01,2.518757e+01,2.530119e+01,2.520094e+01,2.516751e+01,2.518757e+01,2.512737e+01,2.522768e+01,2.527446e+01,2.526778e+01,2.493986e+01,2.501357e+01,2.500687e+01,2.513406e+01,2.504035e+01,2.503366e+01,2.510060e+01,2.496667e+01,2.497337e+01,2.493316e+01,2.498677e+01,2.514075e+01,2.504705e+01,2.520094e+01,2.496667e+01,2.504035e+01,2.501357e+01,2.495326e+01,2.511399e+01,2.511399e+01,2.483927e+01,2.499347e+01,2.490634e+01,2.487952e+01,2.487952e+01,2.486610e+01,2.476544e+01,2.473858e+01,2.481914e+01,2.488622e+01,2.469156e+01,2.485940e+01,2.475201e+01,2.477887e+01,2.478558e+01,2.474530e+01,2.479230e+01,2.472515e+01,2.470500e+01,2.468484e+01,2.465796e+01,2.465796e+01,2.459073e+01,2.479230e+01,2.479230e+01,2.479230e+01,2.464452e+01,2.463780e+01,2.463108e+01,2.471172e+01,2.464452e+01,2.455710e+01,2.475873e+01,2.475873e+01,2.473858e+01,2.477887e+01,2.471172e+01,2.474530e+01,2.471844e+01,2.469828e+01,2.473858e+01,2.472515e+01,2.470500e+01,2.471844e+01,2.504705e+01,2.464452e+01,2.469156e+01,2.482585e+01,2.466469e+01,2.469828e+01,2.457728e+01,2.491975e+01,2.468484e+01,2.465124e+01,2.470500e+01,2.481914e+01,2.471844e+01,2.467813e+01,2.474530e+01,2.466469e+01,2.471172e+01,2.478558e+01,2.481243e+01,2.494656e+01,2.492645e+01,2.475201e+01,2.486610e+01,2.489293e+01,2.490634e+01,2.488622e+01,2.490634e+01,2.485269e+01,2.492645e+01,2.488622e+01,2.489964e+01,2.497337e+01,2.509391e+01,2.510060e+01,2.511399e+01,2.507383e+01,2.512068e+01,2.510730e+01,2.522768e+01,2.515413e+01,2.512068e+01,2.514744e+01,2.510060e+01,2.518088e+01,2.510060e+01,2.526778e+01,2.524773e+01,2.523437e+01,2.524773e+01,2.531454e+01,2.524773e+01,2.510060e+01,2.522100e+01,2.530787e+01,2.531454e+01,2.512068e+01,2.535461e+01,2.531454e+01,2.536129e+01,2.530119e+01,2.540801e+01,2.538799e+01,2.534793e+01,2.536129e+01,2.531454e+01,2.531454e+01,2.538799e+01,2.534126e+01,2.534793e+01,2.551472e+01,2.541468e+01,2.548805e+01,2.528115e+01,2.544804e+01,2.536796e+01,2.545471e+01,2.533458e+01,2.540133e+01,2.534793e+01,2.549472e+01,2.559468e+01,2.550805e+01,2.545471e+01,2.532122e+01,2.539466e+01,2.540801e+01,2.553472e+01,2.549472e+01,2.551472e+01,2.560800e+01,2.544137e+01,2.534126e+01,2.526110e+01,2.547471e+01,2.542135e+01,2.542135e+01,2.549472e+01,2.539466e+01,2.540133e+01,2.540801e+01,2.547471e+01,2.556804e+01,2.541468e+01,2.550805e+01,2.550139e+01,2.554138e+01,2.539466e+01,2.544137e+01,2.544137e+01,2.562798e+01,2.536796e+01,2.553472e+01,2.538131e+01,2.552805e+01,2.553472e+01,2.553472e+01,2.546805e+01,2.538131e+01,2.554138e+01,2.550139e+01,2.547471e+01,2.556137e+01,2.559468e+01,2.549472e+01,2.528115e+01,2.542802e+01,2.553472e+01,2.543469e+01,2.550139e+01,2.544137e+01,2.544137e+01,2.543469e+01,2.570786e+01,2.546138e+01,2.549472e+01,2.546805e+01,2.552139e+01,2.553472e+01,2.553472e+01,2.546138e+01,2.547471e+01,2.536796e+01,2.532122e+01,2.537464e+01,2.544804e+01,2.540133e+01,2.538799e+01,2.539466e+01,2.534126e+01,2.534793e+01,2.546138e+01,2.567459e+01,2.530787e+01,2.527446e+01,2.525442e+01,2.546138e+01,2.527446e+01,2.530119e+01,2.528782e+01,2.533458e+01,2.534126e+01,2.543469e+01,2.543469e+01,2.540801e+01,2.531454e+01,2.539466e+01,2.536129e+01,2.548805e+01,2.535461e+01,2.542135e+01,2.540801e+01,2.525442e+01,2.542802e+01,2.544137e+01,2.542802e+01,2.545471e+01,2.534793e+01,2.531454e+01,2.528782e+01,2.534126e+01,2.541468e+01,2.539466e+01,2.535461e+01,2.537464e+01,2.540801e+01,2.538799e+01,2.544804e+01,2.541468e+01,2.540133e+01,2.537464e+01,2.551472e+01,2.535461e+01,2.552805e+01,2.550139e+01,2.554138e+01,2.554138e+01,2.550805e+01,2.550805e+01,2.542802e+01,2.552139e+01,2.554138e+01,2.546138e+01,2.545471e+01,2.544804e+01,2.537464e+01,2.560800e+01,2.553472e+01,2.552139e+01,2.538799e+01,2.538799e+01,2.537464e+01,2.549472e+01,2.550805e+01,2.553472e+01,2.537464e+01,2.558802e+01,2.548138e+01,2.545471e+01,2.547471e+01,2.541468e+01,2.554804e+01,2.560134e+01,2.560800e+01,2.548805e+01,2.559468e+01,2.560134e+01,2.554138e+01,2.549472e+01,2.549472e+01,2.551472e+01,2.554804e+01,2.553472e+01,2.554138e+01,2.562798e+01,2.558802e+01,2.557470e+01,2.553472e+01,2.550805e+01,2.552805e+01,2.556137e+01,2.554138e+01,2.553472e+01,2.547471e+01,2.560134e+01,2.550805e+01,2.526110e+01,2.538799e+01,2.548805e+01,2.552805e+01,2.544804e+01,2.542135e+01,2.551472e+01,2.550139e+01,2.536129e+01,2.554804e+01,2.546805e+01,2.554804e+01,2.555471e+01,2.536129e+01,2.548138e+01,2.555471e+01,2.546138e+01,2.542135e+01,2.558802e+01,2.545471e+01,2.544804e+01,2.550139e+01,2.554804e+01,2.546805e+01,2.557470e+01,2.554138e+01,2.554138e+01,2.556804e+01,2.576108e+01,2.548805e+01,2.541468e+01,2.552139e+01,2.548138e+01,2.560134e+01,2.557470e+01,2.557470e+01,2.557470e+01,2.556137e+01,2.556137e+01,2.561466e+01,2.556137e+01,2.565462e+01,2.557470e+01,2.556804e+01,2.542802e+01,2.565462e+01,2.561466e+01,2.551472e+01,2.552805e+01,2.550805e+01,2.557470e+01,2.553472e+01,2.546805e+01,2.556804e+01,2.552805e+01,2.558802e+01,2.559468e+01,2.556804e+01,2.553472e+01,2.554138e+01,2.538799e+01,2.560800e+01,2.558802e+01,2.558802e+01,2.560134e+01,2.560134e+01,2.560134e+01,2.551472e+01,2.550139e+01,2.552805e+01,2.556137e+01,2.568790e+01,2.556804e+01,2.558802e+01,2.556804e+01,2.561466e+01,2.547471e+01,2.552805e+01,2.551472e+01,2.551472e+01,2.544804e+01,2.553472e+01,2.546805e+01,2.559468e+01,2.552139e+01,2.566127e+01,2.554804e+01,2.561466e+01,2.554138e+01,2.546805e+01,2.548805e+01,2.572782e+01,2.548805e+01,2.549472e+01,2.544137e+01,2.558802e+01,2.544137e+01,2.548805e+01,2.560800e+01,2.554138e+01,2.554804e+01,2.560800e+01,2.550139e+01,2.546805e+01,2.552139e+01,2.566127e+01,2.550805e+01,2.554804e+01,2.555471e+01,2.555471e+01,2.555471e+01,2.556804e+01,2.544804e+01,2.550139e+01,2.556137e+01,2.550139e+01,2.559468e+01,2.556804e+01,2.541468e+01,2.556804e+01,2.540133e+01,2.552139e+01,2.547471e+01,2.554138e+01,2.538799e+01,2.554804e+01,2.554138e+01,2.548805e+01,2.550139e+01,2.560134e+01,2.558136e+01,2.551472e+01,2.556137e+01,2.554804e+01,2.552805e+01,2.541468e+01,2.553472e+01,2.555471e+01,2.548138e+01,2.548805e+01,2.550139e+01,2.555471e+01,2.547471e+01,2.547471e+01,2.548805e+01,2.546138e+01,2.552139e+01,2.560134e+01,2.550139e+01,2.551472e+01,2.552805e+01,2.552139e+01,2.554138e+01,2.558802e+01,2.560800e+01,2.548805e+01,2.554804e+01,2.557470e+01,2.550805e+01,2.536796e+01,2.552805e+01,2.541468e+01,2.546138e+01,2.556137e+01,2.542135e+01,2.540133e+01,2.546138e+01,2.549472e+01,2.546805e+01,2.546805e+01,2.535461e+01,2.542802e+01,2.540133e+01,2.552139e+01,2.548138e+01,2.540801e+01,2.544137e+01,2.549472e+01,2.542135e+01,2.548805e+01,2.550805e+01,2.548138e+01,2.548805e+01,2.546805e+01,2.550139e+01,2.552139e+01,2.547471e+01,2.543469e+01,2.544804e+01,2.550805e+01,2.541468e+01,2.548805e+01,2.550139e+01,2.551472e+01,2.551472e+01,2.558136e+01,2.554138e+01,2.550139e+01,2.548138e+01,2.558136e+01,2.568790e+01,2.545471e+01,2.547471e+01,2.552139e+01,2.560134e+01,2.550805e+01,2.545471e+01,2.536796e+01,2.552805e+01,2.547471e+01,2.547471e+01,2.528115e+01,2.512068e+01,2.500687e+01,2.473187e+01,2.463108e+01,2.440226e+01,2.426743e+01,2.425393e+01,2.426743e+01,2.392281e+01,2.384155e+01,2.379413e+01,2.376024e+01,2.403781e+01,2.436183e+01,2.456383e+01,2.485940e+01,2.517419e+01,2.517419e+01,2.525442e+01,2.542135e+01,2.560134e+01,2.536796e+01,2.548138e+01,2.552805e+01,2.537464e+01,2.553472e+01,2.555471e+01,2.560134e+01,2.561466e+01,2.549472e+01,2.556804e+01,2.541468e+01,2.547471e+01,2.543469e+01,2.540801e+01,2.542135e+01,2.548138e+01,2.544137e+01,2.571451e+01,2.544137e+01,2.550139e+01,2.541468e+01,2.551472e+01,2.555471e+01,2.544137e+01,2.546138e+01,2.546805e+01,2.542135e+01,2.546138e+01,2.550139e+01,2.538799e+01,2.552139e+01,2.544804e+01,2.542802e+01,2.550805e+01,2.535461e+01,2.557470e+01,2.554804e+01,2.547471e+01,2.556804e+01,2.542135e+01,2.545471e+01,2.534793e+01,2.553472e+01,2.556137e+01,2.546805e+01,2.537464e+01,2.552139e+01,2.550139e+01,2.550139e+01,2.554804e+01,2.551472e+01,2.564796e+01,2.562798e+01,2.543469e+01,2.554804e+01,2.563464e+01,2.565462e+01,2.549472e+01,2.555471e+01,2.546805e+01,2.543469e+01
2.518088e+01,2.520763e+01,2.538131e+01,2.526110e+01,2.530119e+01,2.526778e+01,2.516751e+01,2.538799e+01,2.524105e+01,2.535461e+01,2.522768e+01,2.534793e+01,2.529451e+01,2.520094e+01,2.530119e+01,2.528782e+01,2.525442e+01,2.532122e+01,2.522768e+01,2.512737e+01,2.513406e+01,2.520763e+01,2.514744e+01,2.514075e+01,2.527446e+01,2.499347e+01,2.527446e+01,2.530119e+01,2.518088e+01,2.529451e+01,2.516082e+01,2.520763e+01,2.516751e+01,2.520763e+01,2.521431e+01,2.518088e+01,2.521431e+01,2.527446e+01,2.512737e+01,2.520763e+01,2.524105e+01,2.500017e+01,2.506713e+01,2.510060e+01,2.497337e+01,2.495326e+01,2.520763e+01,2.501357e+01,2.517419e+01,2.495997e+01,2.519426e+01,2.508722e+01,2.500687e+01,2.512068e+01,2.510060e+01,2.513406e+01,2.518757e+01,2.507383e+01,2.488622e+01,2.489293e+01,2.489293e+01,2.491975e+01,2.485940e+01,2.474530e+01,2.486610e+01,2.485940e+01,2.476544e+01,2.475873e+01,2.485940e+01,2.469156e+01,2.479230e+01,2.485940e+01,2.455038e+01,2.479230e+01,2.490634e+01,2.472515e+01,2.481243e+01,2.469828e+01,2.479230e+01,2.471172e+01,2.493986e+01,2.477887e+01,2.461763e+01,2.458401e+01,2.469828e+01,2.460419e+01,2.465796e+01,2.461763e+01,2.472515e+01,2.469156e+01,2.475201e+01,2.473858e+01,2.468484e+01,2.475201e+01,2.471844e+01,2.467141e+01,2.473187e+01,2.473187e+01,2.472515e+01,2.475201e+01,2.464452e+01,2.475201e+01,2.471844e+01,2.463780e+01,2.467813e+01,2.473187e+01,2.481914e+01,2.486610e+01,2.464452e+01,2.464452e+01,2.471172e+01,2.487952e+01,2.492645e+01,2.463780e+01,2.462436e+01,2.472515e+01,2.482585e+01,2.456383e+01,2.479901e+01,2.476544e+01,2.488622e+01,2.473187e+01,2.484598e+01,2.477216e+01,2.488622e+01,2.484598e+01,2.487952e+01,2.498677e+01,2.486610e+01,2.491975e+01,2.482585e+01,2.501357e+01,2.512737e+01,2.497337e+01,2.512068e+01,2.513406e+01,2.511399e+01,2.510730e+01,2.502026e+01,2.522768e+01,2.514075e+01,2.509391e+01,2.519426e+01,2.512737e+01,2.516751e+01,2.520763e+01,2.528115e+01,2.523437e+01,2.510730e+01,2.523437e+01,2.512068e+01,2.526110e+01,2.534126e+01,2.534126e+01,2.534793e+01,2.520094e+01,2.528782e+01,2.534793e+01,2.536129e+01,2.532122e+01,2.540133e+01,2.528782e+01,2.539466e+01,2.534793e+01,2.537464e+01,2.537464e+01,2.527446e+01,2.544137e+01,2.554138e+01,2.534793e+01,2.532122e+01,2.538131e+01,2.542135e+01,2.544137e+01,2.538799e+01,2.549472e+01,2.545471e+01,2.541468e+01,2.542802e+01,2.543469e+01,2.559468e+01,2.540801e+01,2.544804e+01,2.532790e+01,2.538799e+01,2.546805e+01,2.543469e+01,2.545471e+01,2.536796e+01,2.536796e+01,2.545471e+01,2.534126e+01,2.535461e+01,2.541468e+01,2.537464e+01,2.542802e+01,2.544137e+01,2.548805e+01,2.540133e+01,2.543469e+01,2.547471e+01,2.556804e+01,2.546805e+01,2.558136e+01,2.546805e+01,2.556804e+01,2.538799e+01,2.546805e+01,2.543469e+01,2.546138e+01,2.542135e+01,2.544804e+01,2.550805e+01,2.549472e+01,2.564796e+01,2.546138e+01,2.554138e+01,2.555471e+01,2.543469e+01,2.553472e+01,2.548805e+01,2.545471e+01,2.548805e+01,2.535461e+01,2.544804e+01,2.551472e+01,2.552139e+01,2.544137e+01,2.554804e+01,2.556137e+01,2.554804e+01,2.551472e+01,2.540133e+01,2.546805e+01,2.549472e+01,2.552805e+01,2.548805e+01,2.548138e+01,2.529451e+01,2.553472e+01,2.555471e+01,2.550139e+01,2.533458e+01,2.549472e+01,2.536129e+01,2.537464e+01,2.542802e+01,2.540133e+01,2.539466e+01,2.540801e+01,2.530787e+01,2.539466e+01,2.535461e+01,2.542802e+01,2.535461e+01,2.534126e+01,2.542802e+01,2.532790e+01,2.529451e+01,2.532122e+01,2.536796e+01,2.543469e+01,2.544804e+01,2.530119e+01,2.547471e+01,2.534793e+01,2.544137e+01,2.529451e+01,2.549472e+01,2.540801e+01,2.540801e+01,2.538799e+01,2.527446e+01,2.542135e+01,2.541468e+01,2.538131e+01,2.532122e+01,2.533458e+01,2.534126e+01,2.533458e+01,2.537464e+01,2.537464e+01,2.543469e+01,2.542802e+01,2.534793e+01,2.548805e+01,2.540801e+01,2.542135e+01,2.539466e+01,2.540801e+01,2.551472e+01,2.550139e+01,2.554138e+01,2.552139e+01,2.543469e+01,2.543469e+01,2.554804e+01,2.546805e+01,2.546138e+01,2.546805e+01,2.542802e+01,2.548138e+01,2.542135e+01,2.562132e+01,2.552805e+01,2.540133e+01,2.560134e+01,2.562132e+01,2.549472e+01,2.546138e+01,2.558136e+01,2.551472e+01,2.548138e+01,2.546805e+01,2.553472e+01,2.551472e+01,2.552805e+01,2.546805e+01,2.546805e+01,2.546805e+01,2.558136e+01,2.560800e+01,2.561466e+01,2.541468e+01,2.555471e+01,2.548138e+01,2.552139e+01,2.551472e+01,2.532122e+01,2.548805e+01,2.552139e+01,2.547471e+01,2.550139e+01,2.557470e+01,2.558802e+01,2.553472e+01,2.554804e+01,2.543469e+01,2.550805e+01,2.549472e+01,2.547471e+01,2.563464e+01,2.550805e+01,2.555471e+01,2.552139e+01,2.566793e+01,2.557470e+01,2.548805e+01,2.537464e+01,2.552805e+01,2.558136e+01,2.552805e+01,2.543469e+01,2.544804e+01,2.543469e+01,2.538799e+01,2.550805e+01,2.547471e+01,2.556137e+01,2.552805e+01,2.558802e+01,2.550139e+01,2.550805e+01,2.544137e+01,2.552805e+01,2.548138e+01,2.537464e+01,2.552139e+01,2.550805e+01,2.542802e+01,2.556804e+01,2.558136e+01,2.557470e+01,2.555471e+01,2.545471e+01,2.556804e+01,2.548805e+01,2.544137e+01,2.540801e+01,2.551472e+01,2.557470e+01,2.548138e+01,2.554138e+01,2.554138e+01,2.554138e+01,2.554804e+01,2.558802e+01,2.557470e+01,2.562798e+01,2.558802e+01,2.554804e+01,2.552805e+01,2.552139e+01,2.554138e+01,2.550805e+01,2.553472e+01,2.559468e+01,2.551472e+01,2.554138e+01,2.562132e+01,2.556804e+01,2.558136e+01,2.558136e+01,2.549472e+01,2.566127e+01,2.550805e+01,2.542802e+01,2.556137e+01,2.559468e+01,2.561466e+01,2.560134e+01,2.560800e+01,2.545471e+01,2.554804e+01,2.543469e+01,2.548805e+01,2.555471e+01,2.555471e+01,2.555471e+01,2.556804e+01,2.563464e+01,2.551472e+01,2.560134e+01,2.562798e+01,2.552139e+01,2.552805e+01,2.546805e+01,2.552805e+01,2.549472e+01,2.562798e+01,2.548805e+01,2.548138e+01,2.566127e+01,2.547471e+01,2.548805e+01,2.547471e+01,2.559468e+01,2.552805e+01,2.550805e+01,2.548138e+01,2.548805e+01,2.546138e+01,2.552139e+01,2.537464e+01,2.556804e+01,2.547471e+01,2.546805e+01,2.546805e+01,2.562798e+01,2.557470e+01,2.555471e+01,2.556137e+01,2.550805e+01,2.554804e+01,2.556804e+01,2.554804e+01,2.560800e+01,2.564796e+01,2.556137e+01,2.562132e+01,2.558136e+01,2.560134e+01,2.550805e+01,2.550805e+01,2.538799e+01,2.551472e+01,2.551472e+01,2.541468e+01,2.550805e+01,2.549472e+01,2.544137e+01,2.538799e+01,2.544804e+01,2.540133e+01,2.542802e+01,2.544137e+01,2.547471e+01,2.548138e+01,2.550805e+01,2.550805e+01,2.554804e+01,2.548138e+01,2.548805e+01,2.551472e+01,2.555471e+01,2.564130e+01,2.536796e+01,2.537464e+01,2.554804e+01,2.553472e+01,2.546805e+01,2.546138e+01,2.548805e+01,2.552805e+01,2.552139e+01,2.556804e+01,2.550139e+01,2.544137e+01,2.544804e+01,2.556804e+01,2.559468e+01,2.557470e+01,2.556804e+01,2.557470e+01,2.535461e+01,2.536129e+01,2.536129e+01,2.541468e+01,2.538799e+01,2.538799e+01,2.540133e+01,2.546138e+01,2.550805e+01,2.543469e+01,2.544137e+01,2.548805e+01,2.562798e+01,2.551472e+01,2.541468e+01,2.550139e+01,2.549472e+01,2.542135e+01,2.551472e+01,2.538131e+01,2.546138e+01,2.552139e+01,2.538131e+01,2.559468e+01,2.549472e+01,2.550139e+01,2.548138e+01,2.553472e+01,2.552139e+01,2.543469e+01,2.540133e+01,2.560134e+01,2.550139e+01,2.550139e+01,2.556137e+01,2.550139e+01,2.546805e+01,2.558802e+01,2.557470e+01,2.582092e+01,2.548138e+01,2.559468e+01,2.555471e+01,2.557470e+01,2.538131e+01,2.543469e+01,2.547471e+01,2.561466e+01,2.546805e+01,2.564130e+01,2.564796e+01,2.527446e+01,2.542135e+01,2.547471e+01,2.507383e+01,2.483927e+01,2.466469e+01,2.442247e+01,2.440226e+01,2.428766e+01,2.402428e+01,2.407837e+01,2.384155e+01,2.379413e+01,2.377380e+01,2.375346e+01,2.419319e+01,2.437531e+01,2.473858e+01,2.499347e+01,2.518757e+01,2.546805e+01,2.536796e+01,2.529451e+01,2.548138e+01,2.550139e+01,2.560800e+01,2.549472e+01,2.552139e+01,2.564796e+01,2.565462e+01,2.553472e+01,2.543469e+01,2.556804e+01,2.553472e+01,2.554804e+01,2.554804e+01,2.556137e+01,2.540801e+01,2.540801e+01,2.567459e+01,2.552805e+01,2.541468e+01,2.551472e+01,2.558802e+01,2.546138e+01,2.545471e+01,2.533458e+01,2.548805e+01,2.548138e+01,2.539466e+01,2.540801e+01,2.560134e+01,2.550139e+01,2.548805e+01,2.550139e+01,2.544804e+01,2.543469e+01,2.569455e+01,2.547471e+01,2.552139e+01,2.560134e+01,2.541468e+01,2.540801e+01,2.546138e+01,2.543469e+01,2.548805e+01,2.543469e+01,2.556804e+01,2.553472e+01,2.540133e+01,2.560134e+01,2.552805e+01,2.548805e+01,2.561466e+01,2.551472e+01,2.560134e+01,2.563464e+01,2.546805e+01,2.568790e+01,2.564130e+01,2.545471e+01,2.546138e+01,2.555471e+01,2.567459e+01,2.561466e+01
2.538131e+01,2.530787e+01,2.531454e+01,2.521431e+01,2.533458e+01,2.515413e+01,2.528115e+01,2.517419e+01,2.522768e+01,2.520763e+01,2.523437e+01,2.522768e+01,2.522768e+01,2.530119e+01,2.508052e+01,2.522100e+01,2.528115e+01,2.523437e+01,2.519426e+01,2.518757e+01,2.520763e+01,2.518088e+01,2.522100e+01,2.536129e+01,2.526778e+01,2.526778e+01,2.526778e+01,2.528782e+01,2.542135e+01,2.517419e+01,2.517419e+01,2.517419e+01,2.524773e+01,2.520094e+01,2.526778e+01,2.527446e+01,2.509391e+01,2.516082e+01,2.525442e+01,2.520094e+01,2.526110e+01,2.509391e+01,2.514075e+01,2.510730e+01,2.514075e+01,2.514744e+01,2.488622e+01,2.507383e+01,2.506044e+01,2.498007e+01,2.498007e+01,2.506713e+01,2.493986e+01,2.502696e+01,2.505375e+01,2.505375e+01,2.502696e+01,2.487952e+01,2.500687e+01,2.498677e+01,2.508052e+01,2.503366e+01,2.500017e+01,2.495326e+01,2.489964e+01,2.485269e+01,2.492645e+01,2.488622e+01,2.480572e+01,2.482585e+01,2.465124e+01,2.485940e+01,2.482585e+01,2.475873e+01,2.474530e+01,2.477887e+01,2.465796e+01,2.465796e+01,2.465124e+01,2.483256e+01,2.486610e+01,2.469828e+01,2.474530e+01,2.475201e+01,2.458401e+01,2.464452e+01,2.456383e+01,2.467813e+01,2.458401e+01,2.453019e+01,2.461763e+01,2.473858e+01,2.474530e+01,2.472515e+01,2.468484e+01,2.478558e+01,2.475873e+01,2.473858e+01,2.477216e+01,2.472515e+01,2.469828e+01,2.474530e+01,2.458401e+01,2.472515e+01,2.479901e+01,2.488622e+01,2.475201e+01,2.478558e+01,2.460419e+01,2.481914e+01,2.475873e+01,2.476544e+01,2.468484e+01,2.480572e+01,2.483927e+01,2.455038e+01,2.480572e+01,2.489964e+01,2.487281e+01,2.483927e+01,2.477216e+01,2.473858e+01,2.487281e+01,2.473858e+01,2.478558e+01,2.481914e+01,2.488622e+01,2.487952e+01,2.493316e+01,2.487952e+01,2.491975e+01,2.489964e+01,2.489293e+01,2.506044e+01,2.495997e+01,2.504035e+01,2.513406e+01,2.513406e+01,2.509391e+01,2.528782e+01,2.528782e+01,2.521431e+01,2.507383e+01,2.513406e+01,2.525442e+01,2.527446e+01,2.519426e+01,2.520763e+01,2.514744e+01,2.512737e+01,2.521431e+01,2.524105e+01,2.521431e+01,2.524773e+01,2.524773e+01,2.531454e+01,2.529451e+01,2.528782e+01,2.530787e+01,2.546805e+01,2.530787e+01,2.530119e+01,2.534126e+01,2.538799e+01,2.524773e+01,2.535461e+01,2.528115e+01,2.533458e+01,2.535461e+01,2.532122e+01,2.534126e+01,2.537464e+01,2.532122e+01,2.534793e+01,2.546805e+01,2.546805e+01,2.544804e+01,2.545471e+01,2.537464e+01,2.540801e+01,2.550805e+01,2.545471e+01,2.546138e+01,2.544804e+01,2.546138e+01,2.540801e+01,2.540801e+01,2.553472e+01,2.542802e+01,2.536796e+01,2.546138e+01,2.554804e+01,2.553472e+01,2.548805e+01,2.548138e+01,2.536796e+01,2.540133e+01,2.540801e+01,2.539466e+01,2.540801e+01,2.555471e+01,2.536129e+01,2.555471e+01,2.543469e+01,2.518757e+01,2.554804e+01,2.544804e+01,2.548138e+01,2.536129e+01,2.550139e+01,2.546805e+01,2.547471e+01,2.535461e+01,2.545471e+01,2.542802e+01,2.548805e+01,2.551472e+01,2.542802e+01,2.548805e+01,2.552805e+01,2.543469e+01,2.544137e+01,2.551472e+01,2.556137e+01,2.526110e+01,2.550139e+01,2.553472e+01,2.554804e+01,2.545471e+01,2.553472e+01,2.554138e+01,2.557470e+01,2.538799e+01,2.535461e+01,2.547471e+01,2.546805e+01,2.548805e+01,2.554804e+01,2.532790e+01,2.550805e+01,2.548805e+01,2.544137e+01,2.551472e+01,2.523437e+01,2.533458e+01,2.542135e+01,2.542135e+01,2.537464e+01,2.538131e+01,2.539466e+01,2.545471e+01,2.534793e+01,2.536796e+01,2.538799e+01,2.539466e+01,2.536129e+01,2.536796e+01,2.530119e+01,2.534126e+01,2.539466e+01,2.536129e+01,2.539466e+01,2.542135e+01,2.539466e+01,2.532122e+01,2.530119e+01,2.532790e+01,2.535461e+01,2.536796e+01,2.518088e+01,2.538131e+01,2.538131e+01,2.540133e+01,2.538799e+01,2.548138e+01,2.521431e+01,2.528115e+01,2.532122e+01,2.523437e+01,2.530119e+01,2.524105e+01,2.535461e+01,2.535461e+01,2.533458e+01,2.541468e+01,2.560134e+01,2.540801e+01,2.540133e+01,2.551472e+01,2.554138e+01,2.566127e+01,2.543469e+01,2.554804e+01,2.552139e+01,2.552805e+01,2.541468e+01,2.556137e+01,2.542802e+01,2.552805e+01,2.551472e+01,2.560134e+01,2.548138e+01,2.542802e+01,2.552805e+01,2.548138e+01,2.553472e+01,2.550805e+01,2.551472e+01,2.573447e+01,2.544804e+01,2.540801e+01,2.543469e+01,2.550139e+01,2.546805e+01,2.548138e+01,2.556137e+01,2.544804e+01,2.544804e+01,2.563464e+01,2.551472e+01,2.560800e+01,2.540133e+01,2.538799e+01,2.547471e+01,2.548805e+01,2.548805e+01,2.542135e+01,2.570121e+01,2.555471e+01,2.552805e+01,2.550805e+01,2.549472e+01,2.544137e+01,2.546805e+01,2.552139e+01,2.552139e+01,2.555471e+01,2.558136e+01,2.553472e+01,2.554804e+01,2.553472e+01,2.538799e+01,2.548138e+01,2.554138e+01,2.556804e+01,2.554804e+01,2.552805e+01,2.547471e+01,2.546805e+01,2.546805e+01,2.546805e+01,2.554138e+01,2.554804e+01,2.553472e+01,2.548138e+01,2.540133e+01,2.551472e+01,2.542802e+01,2.552139e+01,2.548138e+01,2.562798e+01,2.540801e+01,2.548138e+01,2.547471e+01,2.553472e+01,2.551472e+01,2.550139e+01,2.549472e+01,2.552805e+01,2.563464e+01,2.550139e+01,2.560800e+01,2.544804e+01,2.542802e+01,2.540801e+01,2.543469e+01,2.542135e+01,2.554804e+01,2.549472e+01,2.554804e+01,2.558136e+01,2.554804e+01,2.554804e+01,2.571451e+01,2.552805e+01,2.555471e+01,2.553472e+01,2.562798e+01,2.559468e+01,2.548138e+01,2.560800e+01,2.564796e+01,2.547471e+01,2.554138e+01,2.552805e+01,2.548138e+01,2.554138e+01,2.542135e+01,2.554138e+01,2.556137e+01,2.556137e+01,2.554138e+01,2.552805e+01,2.557470e+01,2.562798e+01,2.560134e+01,2.563464e+01,2.572782e+01,2.564130e+01,2.557470e+01,2.566127e+01,2.558136e+01,2.557470e+01,2.558802e+01,2.548138e+01,2.548138e+01,2.557470e+01,2.558802e+01,2.554804e+01,2.542802e+01,2.559468e+01,2.555471e+01,2.556804e+01,2.552139e+01,2.554138e+01,2.563464e+01,2.550805e+01,2.550139e+01,2.549472e+01,2.549472e+01,2.549472e+01,2.550805e+01,2.555471e+01,2.560800e+01,2.554138e+01,2.551472e+01,2.552805e+01,2.557470e+01,2.553472e+01,2.554804e+01,2.549472e+01,2.556804e+01,2.549472e+01,2.548805e+01,2.548138e+01,2.561466e+01,2.547471e+01,2.563464e+01,2.559468e+01,2.556804e+01,2.548805e+01,2.553472e+01,2.560800e+01,2.563464e+01,2.555471e+01,2.548805e+01,2.549472e+01,2.558136e+01,2.554804e+01,2.559468e+01,2.559468e+01,2.553472e+01,2.546138e+01,2.552805e+01,2.558136e+01,2.556137e+01,2.552139e+01,2.540133e+01,2.548805e+01,2.546138e+01,2.540801e+01,2.550139e+01,2.547471e+01,2.557470e+01,2.554804e+01,2.550139e+01,2.534793e+01,2.546138e+01,2.549472e+01,2.550139e+01,2.550139e+01,2.564796e+01,2.554138e+01,2.535461e+01,2.546805e+01,2.545471e+01,2.554138e+01,2.547471e+01,2.552139e+01,2.552805e+01,2.549472e+01,2.556804e+01,2.556137e+01,2.550139e+01,2.554138e+01,2.548805e+01,2.554804e+01,2.550139e+01,2.547471e+01,2.555471e+01,2.555471e+01,2.552139e+01,2.545471e+01,2.550805e+01,2.534793e+01,2.552805e+01,2.553472e+01,2.541468e+01,2.558802e+01,2.556137e+01,2.539466e+01,2.548138e+01,2.540133e+01,2.552805e+01,2.546138e+01,2.557470e+01,2.536796e+01,2.543469e+01,2.554804e+01,2.538131e+01,2.552805e+01,2.554804e+01,2.541468e+01,2.530119e+01,2.555471e+01,2.548138e+01,2.560134e+01,2.546805e+01,2.546138e+01,2.542135e+01,2.553472e+01,2.552139e+01,2.540133e+01,2.554804e+01,2.538131e+01,2.549472e+01,2.556804e+01,2.546138e+01,2.520763e+01,2.552805e+01,2.541468e+01,2.542135e+01,2.555471e+01,2.556804e+01,2.553472e+01,2.549472e+01,2.554138e+01,2.547471e+01,2.545471e+01,2.540801e+01,2.546805e+01,2.538799e+01,2.544804e+01,2.535461e+01,2.548138e+01,2.538131e+01,2.532790e+01,2.544804e+01,2.489293e+01,2.468484e+01,2.461091e+01,2.437531e+01,2.434161e+01,2.412566e+01,2.405133e+01,2.399723e+01,2.399047e+01,2.384833e+01,2.372634e+01,2.407161e+01,2.436183e+01,2.467141e+01,2.488622e+01,2.518088e+01,2.520763e+01,2.554804e+01,2.537464e+01,2.548805e+01,2.556137e+01,2.556804e+01,2.538131e+01,2.542135e+01,2.561466e+01,2.539466e+01,2.560134e+01,2.557470e+01,2.536129e+01,2.551472e+01,2.558802e+01,2.552805e+01,2.558802e+01,2.537464e+01,2.551472e+01,2.548805e+01,2.548138e+01,2.566793e+01,2.546138e+01,2.557470e+01,2.550139e+01,2.547471e+01,2.540801e+01,2.545471e+01,2.545471e+01,2.545471e+01,2.544137e+01,2.546138e+01,2.547471e+01,2.544804e+01,2.527446e+01,2.551472e+01,2.544804e+01,2.546138e+01,2.548805e+01,2.545471e+01,2.548138e+01,2.546138e+01,2.546138e+01,2.548138e+01,2.548138e+01,2.547471e+01,2.550805e+01,2.552805e+01,2.554804e+01,2.557470e+01,2.555471e+01,2.549472e+01,2.554138e+01,2.560134e+01,2.554138e+01,2.551472e+01,2.556804e+01,2.552139e+01,2.550805e+01,2.568124e+01,2.544137e+01,2.548138e+01,2.567459e+01,2.554138e+01,2.561466e+01,2.575443e+01
2.537464e+01,2.518088e+01,2.522100e+01,2.528782e+01,2.537464e+01,2.522768e+01,2.522100e+01,2.525442e+01,2.526110e+01,2.523437e+01,2.532122e+01,2.529451e+01,2.540801e+01,2.522768e+01,2.529451e+01,2.530119e+01,2.530119e+01,2.523437e+01,2.523437e+01,2.525442e+01,2.522100e+01,2.521431e+01,2.524105e+01,2.527446e+01,2.528782e+01,2.532122e+01,2.540133e+01,2.525442e+01,2.532122e+01,2.515413e+01,2.532790e+01,2.525442e+01,2.540133e+01,2.518088e+01,2.521431e+01,2.520094e+01,2.526778e+01,2.526778e+01,2.508722e+01,2.525442e+01,2.521431e+01,2.506044e+01,2.514075e+01,2.518088e+01,2.512068e+01,2.509391e+01,2.502026e+01,2.508052e+01,2.513406e+01,2.518088e+01,2.503366e+01,2.495997e+01,2.500687e+01,2.506713e+01,2.494656e+01,2.524105e+01,2.499347e+01,2.498677e+01,2.491305e+01,2.490634e+01,2.489293e+01,2.488622e+01,2.487281e+01,2.491305e+01,2.477887e+01,2.496667e+01,2.483927e+01,2.485940e+01,2.467141e+01,2.485269e+01,2.487281e+01,2.478558e+01,2.490634e+01,2.473187e+01,2.473858e+01,2.472515e+01,2.479230e+01,2.456383e+01,2.483256e+01,2.462436e+01,2.471172e+01,2.481914e+01,2.477216e+01,2.472515e+01,2.458401e+01,2.472515e+01,2.466469e+01,2.473187e+01,2.453019e+01,2.477216e+01,2.485940e+01,2.473187e+01,2.458401e+01,2.471172e+01,2.473858e+01,2.475873e+01,2.475873e+01,2.471172e+01,2.474530e+01,2.467141e+01,2.471172e+01,2.475873e+01,2.465796e+01,2.485940e+01,2.463780e+01,2.477887e+01,2.472515e+01,2.459746e+01,2.476544e+01,2.479230e+01,2.463108e+01,2.469156e+01,2.473858e+01,2.465124e+01,2.464452e+01,2.481243e+01,2.479230e+01,2.476544e+01,2.479230e+01,2.484598e+01,2.473187e+01,2.474530e+01,2.476544e+01,2.472515e+01,2.475201e+01,2.483256e+01,2.480572e+01,2.476544e+01,2.483927e+01,2.488622e+01,2.485269e+01,2.488622e+01,2.510730e+01,2.488622e+01,2.496667e+01,2.508722e+01,2.479901e+01,2.495326e+01,2.491305e+01,2.528782e+01,2.521431e+01,2.510060e+01,2.514075e+01,2.517419e+01,2.514075e+01,2.516082e+01,2.529451e+01,2.507383e+01,2.518088e+01,2.514744e+01,2.524773e+01,2.520094e+01,2.528115e+01,2.521431e+01,2.528782e+01,2.531454e+01,2.529451e+01,2.540801e+01,2.526110e+01,2.526778e+01,2.528115e+01,2.530119e+01,2.530787e+01,2.534793e+01,2.539466e+01,2.534793e+01,2.536796e+01,2.517419e+01,2.531454e+01,2.542135e+01,2.532790e+01,2.564796e+01,2.539466e+01,2.543469e+01,2.524773e+01,2.544804e+01,2.544137e+01,2.544804e+01,2.547471e+01,2.537464e+01,2.540801e+01,2.538799e+01,2.541468e+01,2.536796e+01,2.546138e+01,2.545471e+01,2.549472e+01,2.548805e+01,2.536796e+01,2.547471e+01,2.544804e+01,2.538799e+01,2.550139e+01,2.533458e+01,2.548805e+01,2.547471e+01,2.540133e+01,2.541468e+01,2.542135e+01,2.553472e+01,2.542135e+01,2.539466e+01,2.526110e+01,2.551472e+01,2.545471e+01,2.560134e+01,2.558136e+01,2.554138e+01,2.537464e+01,2.543469e+01,2.532122e+01,2.570786e+01,2.534793e+01,2.548805e+01,2.546805e+01,2.542802e+01,2.548138e+01,2.544137e+01,2.550139e+01,2.550805e+01,2.549472e+01,2.549472e+01,2.548805e+01,2.549472e+01,2.550805e+01,2.556137e+01,2.550805e+01,2.547471e+01,2.542135e+01,2.544804e+01,2.549472e+01,2.546805e+01,2.558802e+01,2.542135e+01,2.544137e+01,2.542135e+01,2.536796e+01,2.541468e+01,2.549472e+01,2.554138e+01,2.546805e+01,2.544137e+01,2.547471e+01,2.538131e+01,2.541468e+01,2.540801e+01,2.534126e+01,2.542135e+01,2.532790e+01,2.540133e+01,2.549472e+01,2.522100e+01,2.542802e+01,2.524105e+01,2.534793e+01,2.545471e+01,2.524105e+01,2.535461e+01,2.536129e+01,2.534793e+01,2.528782e+01,2.531454e+01,2.532790e+01,2.529451e+01,2.525442e+01,2.526778e+01,2.521431e+01,2.539466e+01,2.532790e+01,2.520094e+01,2.537464e+01,2.535461e+01,2.535461e+01,2.536129e+01,2.550805e+01,2.532122e+01,2.532790e+01,2.533458e+01,2.533458e+01,2.538131e+01,2.536129e+01,2.538799e+01,2.538131e+01,2.535461e+01,2.531454e+01,2.548138e+01,2.543469e+01,2.547471e+01,2.547471e+01,2.544137e+01,2.552805e+01,2.541468e+01,2.548138e+01,2.550139e+01,2.544137e+01,2.544137e+01,2.552139e+01,2.555471e+01,2.553472e+01,2.546805e+01,2.550139e+01,2.542802e+01,2.542802e+01,2.556804e+01,2.557470e+01,2.542135e+01,2.549472e+01,2.552805e+01,2.552139e+01,2.550139e+01,2.540801e+01,2.546138e+01,2.544137e+01,2.561466e+01,2.550805e+01,2.555471e+01,2.548805e+01,2.563464e+01,2.546805e+01,2.538799e+01,2.540801e+01,2.551472e+01,2.558136e+01,2.552139e+01,2.555471e+01,2.551472e+01,2.547471e+01,2.549472e+01,2.552805e+01,2.538131e+01,2.546138e+01,2.552805e+01,2.556804e+01,2.551472e+01,2.545471e+01,2.550805e+01,2.554138e+01,2.556804e+01,2.554138e+01,2.546805e+01,2.557470e+01,2.550139e+01,2.550805e+01,2.546805e+01,2.553472e+01,2.556137e+01,2.540801e+01,2.537464e+01,2.554804e+01,2.540801e+01,2.550805e+01,2.546805e+01,2.541468e+01,2.547471e+01,2.540133e+01,2.540133e+01,2.554804e+01,2.554804e+01,2.548805e+01,2.554138e+01,2.546138e+01,2.557470e+01,2.564130e+01,2.566127e+01,2.541468e+01,2.547471e+01,2.546138e+01,2.543469e+01,2.557470e+01,2.548805e+01,2.548805e+01,2.548805e+01,2.552139e+01,2.560800e+01,2.555471e+01,2.545471e+01,2.556137e+01,2.542802e+01,2.544137e+01,2.548138e+01,2.558802e+01,2.553472e+01,2.553472e+01,2.562798e+01,2.549472e+01,2.546138e+01,2.554804e+01,2.551472e+01,2.543469e+01,2.548805e+01,2.548138e+01,2.545471e+01,2.548805e+01,2.546138e+01,2.566127e+01,2.548805e+01,2.546805e+01,2.554138e+01,2.554138e+01,2.554804e+01,2.555471e+01,2.556137e+01,2.556137e+01,2.560800e+01,2.577438e+01,2.561466e+01,2.548805e+01,2.562132e+01,2.560800e+01,2.561466e+01,2.560134e+01,2.559468e+01,2.558136e+01,2.558802e+01,2.559468e+01,2.556804e+01,2.550805e+01,2.559468e+01,2.563464e+01,2.557470e+01,2.561466e+01,2.568124e+01,2.536796e+01,2.546138e+01,2.542135e+01,2.560800e+01,2.553472e+01,2.547471e+01,2.556804e+01,2.546138e+01,2.558802e+01,2.549472e+01,2.547471e+01,2.552805e+01,2.559468e+01,2.560134e+01,2.552139e+01,2.550805e+01,2.562798e+01,2.553472e+01,2.566793e+01,2.554138e+01,2.542135e+01,2.552805e+01,2.550139e+01,2.557470e+01,2.550139e+01,2.554138e+01,2.564796e+01,2.544137e+01,2.560800e+01,2.558136e+01,2.546805e+01,2.581427e+01,2.562132e+01,2.548138e+01,2.556804e+01,2.544804e+01,2.544137e+01,2.545471e+01,2.544804e+01,2.556804e+01,2.552139e+01,2.550805e+01,2.556137e+01,2.545471e+01,2.548805e+01,2.537464e+01,2.550805e+01,2.558136e+01,2.551472e+01,2.557470e+01,2.551472e+01,2.556137e+01,2.557470e+01,2.552139e+01,2.546805e+01,2.548138e+01,2.552805e+01,2.554138e+01,2.570121e+01,2.555471e+01,2.558802e+01,2.548138e+01,2.543469e+01,2.552805e+01,2.552805e+01,2.550805e+01,2.548805e+01,2.544137e+01,2.541468e+01,2.558136e+01,2.563464e+01,2.561466e+01,2.560134e+01,2.549472e+01,2.564796e+01,2.551472e+01,2.558802e+01,2.544137e+01,2.540133e+01,2.541468e+01,2.551472e+01,2.551472e+01,2.539466e+01,2.546805e+01,2.550139e+01,2.542802e+01,2.545471e+01,2.541468e+01,2.545471e+01,2.539466e+01,2.543469e+01,2.526110e+01,2.548805e+01,2.547471e+01,2.538799e+01,2.554804e+01,2.538131e+01,2.554804e+01,2.544137e+01,2.544804e+01,2.547471e+01,2.541468e+01,2.554804e+01,2.543469e+01,2.542802e+01,2.552139e+01,2.534793e+01,2.536796e+01,2.554138e+01,2.540133e+01,2.548805e+01,2.542802e+01,2.546138e+01,2.542802e+01,2.541468e+01,2.572117e+01,2.546805e+01,2.556804e+01,2.550805e+01,2.558802e+01,2.544137e+01,2.541468e+01,2.543469e+01,2.554804e+01,2.548805e+01,2.545471e+01,2.542135e+01,2.556804e+01,2.551472e+01,2.551472e+01,2.560800e+01,2.546805e+01,2.552139e+01,2.548138e+01,2.541468e+01,2.520763e+01,2.491305e+01,2.460419e+01,2.446288e+01,2.426743e+01,2.409864e+01,2.413242e+01,2.399047e+01,2.379413e+01,2.378735e+01,2.372634e+01,2.373312e+01,2.411215e+01,2.459746e+01,2.488622e+01,2.487952e+01,2.518088e+01,2.520763e+01,2.518757e+01,2.532122e+01,2.546138e+01,2.554804e+01,2.544804e+01,2.550805e+01,2.559468e+01,2.562132e+01,2.546138e+01,2.547471e+01,2.560800e+01,2.559468e+01,2.560134e+01,2.543469e+01,2.538131e+01,2.553472e+01,2.550139e+01,2.546805e+01,2.551472e+01,2.566127e+01,2.558136e+01,2.554804e+01,2.541468e+01,2.549472e+01,2.548805e+01,2.547471e+01,2.543469e+01,2.546805e+01,2.544804e+01,2.542135e+01,2.560134e+01,2.548138e+01,2.543469e+01,2.547471e+01,2.544137e+01,2.542802e+01,2.543469e+01,2.542135e+01,2.555471e+01,2.544137e+01,2.538131e+01,2.545471e+01,2.554804e+01,2.547471e+01,2.553472e+01,2.558802e+01,2.540133e+01,2.558136e+01,2.558802e+01,2.560134e+01,2.562132e+01,2.566127e+01,2.549472e+01,2.555471e+01,2.546805e+01,2.560134e+01,2.549472e+01,2.548138e+01,2.560800e+01,2.550805e+01,2.568124e+01,2.536129e+01,2.536129e+01,2.564130e+01,2.552805e+01
2.535461e+01,2.520763e+01,2.518088e+01,2.515413e+01,2.530119e+01,2.538131e+01,2.521431e+01,2.519426e+01,2.531454e+01,2.522100e+01,2.526778e+01,2.509391e+01,2.520094e+01,2.522768e+01,2.527446e+01,2.520763e+01,2.528782e+01,2.518088e+01,2.523437e+01,2.538799e+01,2.523437e+01,2.526778e+01,2.523437e+01,2.527446e+01,2.532790e+01,2.524773e+01,2.506044e+01,2.524773e+01,2.520094e+01,2.510060e+01,2.515413e+01,2.523437e+01,2.526110e+01,2.528115e+01,2.528115e+01,2.526778e+01,2.526778e+01,2.526778e+01,2.529451e+01,2.506044e+01,2.506044e+01,2.518757e+01,2.512068e+01,2.511399e+01,2.507383e+01,2.509391e+01,2.512068e+01,2.504035e+01,2.506713e+01,2.505375e+01,2.498677e+01,2.501357e+01,2.499347e+01,2.506044e+01,2.505375e+01,2.504705e+01,2.508722e+01,2.502696e+01,2.491305e+01,2.490634e+01,2.485940e+01,2.489293e+01,2.477887e+01,2.488622e+01,2.498677e+01,2.486610e+01,2.486610e+01,2.482585e+01,2.478558e+01,2.473187e+01,2.493316e+01,2.486610e+01,2.468484e+01,2.474530e+01,2.471844e+01,2.483927e+01,2.476544e+01,2.479230e+01,2.479901e+01,2.463108e+01,2.482585e+01,2.475201e+01,2.479230e+01,2.473858e+01,2.475201e+01,2.459746e+01,2.469828e+01,2.453692e+01,2.459073e+01,2.487281e+01,2.475201e+01,2.462436e+01,2.470500e+01,2.468484e+01,2.457056e+01,2.477887e+01,2.476544e+01,2.475873e+01,2.472515e+01,2.471844e+01,2.475873e+01,2.467141e+01,2.470500e+01,2.474530e+01,2.463780e+01,2.463780e+01,2.468484e+01,2.463108e+01,2.478558e+01,2.477887e+01,2.457728e+01,2.481243e+01,2.477887e+01,2.465124e+01,2.469156e+01,2.481243e+01,2.478558e+01,2.477887e+01,2.479230e+01,2.477216e+01,2.475873e+01,2.487281e+01,2.483256e+01,2.475873e+01,2.485269e+01,2.476544e+01,2.481243e+01,2.477887e+01,2.480572e+01,2.479230e+01,2.505375e+01,2.491305e+01,2.487281e+01,2.483927e+01,2.501357e+01,2.509391e+01,2.511399e+01,2.509391e+01,2.506044e+01,2.506713e+01,2.512737e+01,2.512737e+01,2.508052e+01,2.506044e+01,2.516082e+01,2.517419e+01,2.518757e+01,2.517419e+01,2.528782e+01,2.510730e+01,2.524105e+01,2.522100e+01,2.528782e+01,2.525442e+01,2.518088e+01,2.516751e+01,2.529451e+01,2.521431e+01,2.524773e+01,2.527446e+01,2.524105e+01,2.534793e+01,2.541468e+01,2.543469e+01,2.524773e+01,2.532122e+01,2.525442e+01,2.522100e+01,2.535461e+01,2.540801e+01,2.541468e+01,2.534126e+01,2.535461e+01,2.541468e+01,2.544804e+01,2.542135e+01,2.542135e+01,2.546805e+01,2.546805e+01,2.540133e+01,2.536129e+01,2.552139e+01,2.539466e+01,2.542135e+01,2.548138e+01,2.526110e+01,2.542802e+01,2.546805e+01,2.546138e+01,2.544804e+01,2.540133e+01,2.544137e+01,2.537464e+01,2.539466e+01,2.548805e+01,2.550805e+01,2.570121e+01,2.547471e+01,2.542135e+01,2.540133e+01,2.540133e+01,2.544137e+01,2.527446e+01,2.527446e+01,2.544137e+01,2.545471e+01,2.545471e+01,2.552805e+01,2.532790e+01,2.538131e+01,2.532790e+01,2.556137e+01,2.540801e+01,2.544137e+01,2.542802e+01,2.563464e+01,2.544137e+01,2.538131e+01,2.552139e+01,2.542135e+01,2.550805e+01,2.547471e+01,2.554138e+01,2.554804e+01,2.550139e+01,2.551472e+01,2.550805e+01,2.552139e+01,2.552139e+01,2.554804e+01,2.544804e+01,2.543469e+01,2.548805e+01,2.547471e+01,2.532122e+01,2.542135e+01,2.546805e+01,2.538131e+01,2.548805e+01,2.546805e+01,2.554804e+01,2.527446e+01,2.532790e+01,2.543469e+01,2.550139e+01,2.539466e+01,2.546138e+01,2.540801e+01,2.540801e+01,2.539466e+01,2.541468e+01,2.542802e+01,2.535461e+01,2.543469e+01,2.538131e+01,2.543469e+01,2.529451e+01,2.535461e+01,2.536796e+01,2.536129e+01,2.527446e+01,2.528115e+01,2.532790e+01,2.530787e+01,2.526110e+01,2.528782e+01,2.525442e+01,2.534793e+01,2.524773e+01,2.520763e+01,2.528782e+01,2.526110e+01,2.534126e+01,2.529451e+01,2.533458e+01,2.533458e+01,2.523437e+01,2.538131e+01,2.518757e+01,2.516082e+01,2.538131e+01,2.531454e+01,2.534793e+01,2.533458e+01,2.542802e+01,2.541468e+01,2.547471e+01,2.547471e+01,2.548138e+01,2.543469e+01,2.549472e+01,2.545471e+01,2.550805e+01,2.553472e+01,2.542135e+01,2.544137e+01,2.547471e+01,2.568124e+01,2.554804e+01,2.546138e+01,2.549472e+01,2.564130e+01,2.545471e+01,2.542135e+01,2.555471e+01,2.549472e+01,2.552805e+01,2.550139e+01,2.548805e+01,2.537464e+01,2.549472e+01,2.535461e+01,2.555471e+01,2.552805e+01,2.539466e+01,2.544804e+01,2.552139e+01,2.539466e+01,2.550805e+01,2.538799e+01,2.560800e+01,2.545471e+01,2.551472e+01,2.539466e+01,2.538131e+01,2.552139e+01,2.552139e+01,2.552139e+01,2.537464e+01,2.554804e+01,2.547471e+01,2.552805e+01,2.552139e+01,2.547471e+01,2.548138e+01,2.550139e+01,2.553472e+01,2.551472e+01,2.553472e+01,2.549472e+01,2.542802e+01,2.556137e+01,2.544137e+01,2.552805e+01,2.556137e+01,2.560800e+01,2.545471e+01,2.554138e+01,2.542802e+01,2.544804e+01,2.545471e+01,2.541468e+01,2.552805e+01,2.549472e+01,2.553472e+01,2.552139e+01,2.550805e+01,2.553472e+01,2.544804e+01,2.550805e+01,2.541468e+01,2.547471e+01,2.542802e+01,2.550139e+01,2.550139e+01,2.544804e+01,2.555471e+01,2.542135e+01,2.554804e+01,2.547471e+01,2.550805e+01,2.559468e+01,2.544137e+01,2.550139e+01,2.552805e+01,2.551472e+01,2.540801e+01,2.548805e+01,2.551472e+01,2.551472e+01,2.542802e+01,2.550139e+01,2.552805e+01,2.547471e+01,2.544137e+01,2.547471e+01,2.564130e+01,2.550805e+01,2.548138e+01,2.553472e+01,2.566793e+01,2.548805e+01,2.549472e+01,2.548138e+01,2.548138e+01,2.548138e+01,2.554138e+01,2.546805e+01,2.552805e+01,2.548138e+01,2.560134e+01,2.550805e+01,2.550139e+01,2.546138e+01,2.548805e+01,2.560800e+01,2.556804e+01,2.550805e+01,2.557470e+01,2.556804e+01,2.561466e+01,2.558802e+01,2.553472e+01,2.556137e+01,2.548805e+01,2.546138e+01,2.566127e+01,2.549472e+01,2.560800e+01,2.555471e+01,2.559468e+01,2.557470e+01,2.538131e+01,2.538131e+01,2.554138e+01,2.542802e+01,2.557470e+01,2.544804e+01,2.550139e+01,2.546805e+01,2.548138e+01,2.549472e+01,2.553472e+01,2.545471e+01,2.554138e+01,2.547471e+01,2.554804e+01,2.562132e+01,2.560800e+01,2.548138e+01,2.556804e+01,2.567459e+01,2.564130e+01,2.546805e+01,2.548805e+01,2.542802e+01,2.563464e+01,2.547471e+01,2.548805e+01,2.558802e+01,2.542802e+01,2.562132e+01,2.564130e+01,2.558802e+01,2.559468e+01,2.553472e+01,2.546138e+01,2.562798e+01,2.552805e+01,2.554138e+01,2.550805e+01,2.571451e+01,2.556137e+01,2.553472e+01,2.561466e+01,2.542135e+01,2.558802e+01,2.551472e+01,2.550139e+01,2.553472e+01,2.552805e+01,2.551472e+01,2.557470e+01,2.557470e+01,2.552139e+01,2.560800e+01,2.549472e+01,2.555471e+01,2.556804e+01,2.550139e+01,2.544804e+01,2.554804e+01,2.542135e+01,2.546805e+01,2.552139e+01,2.566793e+01,2.554138e+01,2.550139e+01,2.554804e+01,2.548805e+01,2.545471e+01,2.567459e+01,2.544137e+01,2.560800e+01,2.556137e+01,2.552139e+01,2.544804e+01,2.548138e+01,2.548138e+01,2.538131e+01,2.546138e+01,2.540801e+01,2.548805e+01,2.553472e+01,2.554804e+01,2.546805e+01,2.538131e+01,2.534126e+01,2.548138e+01,2.544804e+01,2.549472e+01,2.542802e+01,2.524773e+01,2.545471e+01,2.549472e+01,2.544804e+01,2.547471e+01,2.546805e+01,2.543469e+01,2.537464e+01,2.548805e+01,2.552139e+01,2.542135e+01,2.538799e+01,2.537464e+01,2.539466e+01,2.546805e+01,2.534126e+01,2.546805e+01,2.552805e+01,2.546805e+01,2.538131e+01,2.548138e+01,2.560800e+01,2.540801e+01,2.551472e+01,2.542802e+01,2.552805e+01,2.538131e+01,2.532122e+01,2.546138e+01,2.546138e+01,2.540801e+01,2.552139e+01,2.539466e+01,2.544137e+01,2.556804e+01,2.559468e+01,2.549472e+01,2.540801e+01,2.542135e+01,2.551472e+01,2.547471e+01,2.547471e+01,2.559468e+01,2.540801e+01,2.532790e+01,2.512737e+01,2.488622e+01,2.462436e+01,2.419994e+01,2.426743e+01,2.392958e+01,2.391604e+01,2.388219e+01,2.392958e+01,2.377380e+01,2.379413e+01,2.379413e+01,2.433487e+01,2.477216e+01,2.494656e+01,2.518088e+01,2.516751e+01,2.544137e+01,2.543469e+01,2.545471e+01,2.546805e+01,2.552805e+01,2.544804e+01,2.547471e+01,2.560800e+01,2.562132e+01,2.548805e+01,2.540133e+01,2.540801e+01,2.560800e+01,2.558136e+01,2.546805e+01,2.556804e+01,2.538131e+01,2.544804e+01,2.548138e+01,2.550139e+01,2.543469e+01,2.550139e+01,2.556137e+01,2.554804e+01,2.547471e+01,2.550805e+01,2.548805e+01,2.547471e+01,2.548805e+01,2.544804e+01,2.545471e+01,2.541468e+01,2.550139e+01,2.548805e+01,2.546805e+01,2.543469e+01,2.550139e+01,2.544137e+01,2.542802e+01,2.566793e+01,2.552805e+01,2.543469e+01,2.560134e+01,2.551472e+01,2.549472e+01,2.538131e+01,2.550805e+01,2.542802e+01,2.555471e+01,2.550805e+01,2.553472e+01,2.537464e+01,2.566127e+01,2.567459e+01,2.554138e+01,2.553472e+01,2.568124e+01,2.558802e+01,2.556804e+01,2.555471e+01,2.550805e+01,2.550139e+01,2.568790e+01,2.562132e+01,2.566793e+01,2.562132e+01
2.525442e+01,2.523437e+01,2.519426e+01,2.515413e+01,2.517419e+01,2.540801e+01,2.519426e+01,2.514744e+01,2.530119e+01,2.520094e+01,2.522100e+01,2.522768e+01,2.527446e+01,2.520094e+01,2.520763e+01,2.511399e+01,2.510730e+01,2.522100e+01,2.530119e+01,2.518088e+01,2.506044e+01,2.535461e+01,2.526110e+01,2.530119e+01,2.536796e+01,2.514075e+01,2.524105e+01,2.520094e+01,2.532122e+01,2.516082e+01,2.514075e+01,2.512737e+01,2.514744e+01,2.525442e+01,2.520763e+01,2.525442e+01,2.506044e+01,2.529451e+01,2.513406e+01,2.513406e+01,2.505375e+01,2.512068e+01,2.510730e+01,2.508052e+01,2.514075e+01,2.503366e+01,2.517419e+01,2.503366e+01,2.507383e+01,2.488622e+01,2.489964e+01,2.499347e+01,2.501357e+01,2.508052e+01,2.504705e+01,2.491305e+01,2.507383e+01,2.486610e+01,2.487281e+01,2.489293e+01,2.484598e+01,2.481243e+01,2.477216e+01,2.484598e+01,2.485940e+01,2.476544e+01,2.480572e+01,2.477887e+01,2.483927e+01,2.473187e+01,2.483927e+01,2.469828e+01,2.470500e+01,2.485269e+01,2.468484e+01,2.489964e+01,2.484598e+01,2.483256e+01,2.481914e+01,2.462436e+01,2.464452e+01,2.464452e+01,2.464452e+01,2.477216e+01,2.461763e+01,2.477216e+01,2.467813e+01,2.469828e+01,2.468484e+01,2.463108e+01,2.466469e+01,2.458401e+01,2.469828e+01,2.463780e+01,2.466469e+01,2.467813e+01,2.469156e+01,2.465124e+01,2.473858e+01,2.469828e+01,2.467141e+01,2.467813e+01,2.471844e+01,2.473187e+01,2.478558e+01,2.474530e+01,2.467141e+01,2.473187e+01,2.477216e+01,2.475201e+01,2.479901e+01,2.466469e+01,2.465796e+01,2.467141e+01,2.467813e+01,2.471844e+01,2.477887e+01,2.478558e+01,2.474530e+01,2.482585e+01,2.474530e+01,2.477216e+01,2.474530e+01,2.476544e+01,2.484598e+01,2.475873e+01,2.477887e+01,2.466469e+01,2.484598e+01,2.479901e+01,2.491975e+01,2.502026e+01,2.502026e+01,2.485940e+01,2.513406e+01,2.499347e+01,2.479230e+01,2.509391e+01,2.504705e+01,2.505375e+01,2.504705e+01,2.502696e+01,2.512068e+01,2.515413e+01,2.514744e+01,2.515413e+01,2.510060e+01,2.513406e+01,2.514075e+01,2.518757e+01,2.518088e+01,2.511399e+01,2.511399e+01,2.514075e+01,2.512737e+01,2.519426e+01,2.520094e+01,2.526778e+01,2.526110e+01,2.526778e+01,2.530119e+01,2.521431e+01,2.510730e+01,2.524773e+01,2.522100e+01,2.526110e+01,2.524773e+01,2.549472e+01,2.527446e+01,2.530787e+01,2.545471e+01,2.540801e+01,2.532790e+01,2.533458e+01,2.538131e+01,2.548138e+01,2.542802e+01,2.546805e+01,2.530119e+01,2.544804e+01,2.532790e+01,2.548138e+01,2.548138e+01,2.550805e+01,2.544137e+01,2.528782e+01,2.534126e+01,2.548138e+01,2.550805e+01,2.538799e+01,2.540133e+01,2.539466e+01,2.538131e+01,2.545471e+01,2.541468e+01,2.551472e+01,2.548805e+01,2.538799e+01,2.542135e+01,2.540801e+01,2.542802e+01,2.537464e+01,2.541468e+01,2.540801e+01,2.540801e+01,2.541468e+01,2.538799e+01,2.552805e+01,2.532122e+01,2.531454e+01,2.538131e+01,2.552139e+01,2.546138e+01,2.546138e+01,2.542802e+01,2.562132e+01,2.542802e+01,2.541468e+01,2.556804e+01,2.550805e+01,2.546138e+01,2.558136e+01,2.535461e+01,2.539466e+01,2.552139e+01,2.551472e+01,2.550805e+01,2.552139e+01,2.538799e+01,2.541468e+01,2.540801e+01,2.538131e+01,2.542802e+01,2.542802e+01,2.547471e+01,2.533458e+01,2.549472e+01,2.546805e+01,2.552139e+01,2.537464e+01,2.536796e+01,2.534126e+01,2.533458e+01,2.538799e+01,2.540133e+01,2.540133e+01,2.540801e+01,2.533458e+01,2.541468e+01,2.539466e+01,2.527446e+01,2.531454e+01,2.526110e+01,2.539466e+01,2.532790e+01,2.528115e+01,2.532122e+01,2.538799e+01,2.534126e+01,2.534793e+01,2.530787e+01,2.534793e+01,2.529451e+01,2.530119e+01,2.532790e+01,2.544804e+01,2.536129e+01,2.539466e+01,2.528782e+01,2.530787e+01,2.532122e+01,2.520094e+01,2.520763e+01,2.533458e+01,2.527446e+01,2.537464e+01,2.515413e+01,2.536796e+01,2.525442e+01,2.526778e+01,2.532122e+01,2.536796e+01,2.535461e+01,2.526778e+01,2.534126e+01,2.541468e+01,2.546138e+01,2.546138e+01,2.546805e+01,2.542802e+01,2.538131e+01,2.550139e+01,2.545471e+01,2.540801e+01,2.543469e+01,2.545471e+01,2.548138e+01,2.549472e+01,2.542802e+01,2.548805e+01,2.547471e+01,2.542135e+01,2.545471e+01,2.541468e+01,2.552139e+01,2.542802e+01,2.544137e+01,2.544804e+01,2.552139e+01,2.538799e+01,2.542802e+01,2.538799e+01,2.540801e+01,2.538799e+01,2.543469e+01,2.556804e+01,2.554138e+01,2.530119e+01,2.529451e+01,2.547471e+01,2.564796e+01,2.550139e+01,2.544137e+01,2.548805e+01,2.536796e+01,2.538131e+01,2.551472e+01,2.550805e+01,2.552139e+01,2.551472e+01,2.552139e+01,2.545471e+01,2.549472e+01,2.550139e+01,2.558136e+01,2.553472e+01,2.547471e+01,2.536796e+01,2.550139e+01,2.548138e+01,2.554138e+01,2.551472e+01,2.540801e+01,2.539466e+01,2.544804e+01,2.553472e+01,2.542135e+01,2.537464e+01,2.544137e+01,2.544137e+01,2.548138e+01,2.549472e+01,2.545471e+01,2.537464e+01,2.543469e+01,2.550139e+01,2.548138e+01,2.548138e+01,2.541468e+01,2.553472e+01,2.558802e+01,2.536129e+01,2.544804e+01,2.542802e+01,2.560134e+01,2.545471e+01,2.542802e+01,2.557470e+01,2.544137e+01,2.540801e+01,2.558802e+01,2.551472e+01,2.550805e+01,2.560800e+01,2.550139e+01,2.544137e+01,2.550139e+01,2.546805e+01,2.552805e+01,2.554138e+01,2.548138e+01,2.552805e+01,2.554138e+01,2.554138e+01,2.553472e+01,2.549472e+01,2.550805e+01,2.544804e+01,2.550139e+01,2.546805e+01,2.550139e+01,2.550139e+01,2.547471e+01,2.558802e+01,2.544804e+01,2.540801e+01,2.554804e+01,2.551472e+01,2.536796e+01,2.554804e+01,2.540801e+01,2.549472e+01,2.540801e+01,2.552139e+01,2.558802e+01,2.542802e+01,2.555471e+01,2.558802e+01,2.555471e+01,2.562798e+01,2.556137e+01,2.548805e+01,2.547471e+01,2.560134e+01,2.546138e+01,2.558802e+01,2.563464e+01,2.557470e+01,2.567459e+01,2.552805e+01,2.549472e+01,2.552139e+01,2.568790e+01,2.551472e+01,2.555471e+01,2.543469e+01,2.541468e+01,2.544137e+01,2.550805e+01,2.546805e+01,2.549472e+01,2.548805e+01,2.552805e+01,2.554138e+01,2.556137e+01,2.557470e+01,2.539466e+01,2.549472e+01,2.541468e+01,2.546138e+01,2.542802e+01,2.546805e+01,2.558802e+01,2.548138e+01,2.552139e+01,2.547471e+01,2.558802e+01,2.550805e+01,2.569455e+01,2.546138e+01,2.555471e+01,2.544137e+01,2.558802e+01,2.546805e+01,2.548138e+01,2.548805e+01,2.549472e+01,2.551472e+01,2.550805e+01,2.552139e+01,2.542135e+01,2.555471e+01,2.555471e+01,2.554138e+01,2.546805e+01,2.544137e+01,2.539466e+01,2.538799e+01,2.561466e+01,2.552139e+01,2.546138e+01,2.551472e+01,2.550139e+01,2.552139e+01,2.538799e+01,2.541468e+01,2.554138e+01,2.549472e+01,2.550805e+01,2.557470e+01,2.553472e+01,2.545471e+01,2.547471e+01,2.533458e+01,2.542802e+01,2.544804e+01,2.561466e+01,2.542135e+01,2.540801e+01,2.546138e+01,2.548805e+01,2.566793e+01,2.546138e+01,2.558802e+01,2.561466e+01,2.545471e+01,2.545471e+01,2.540801e+01,2.552805e+01,2.550139e+01,2.556137e+01,2.536129e+01,2.536129e+01,2.544137e+01,2.550139e+01,2.552139e+01,2.548138e+01,2.549472e+01,2.540133e+01,2.545471e+01,2.532122e+01,2.548805e+01,2.542135e+01,2.548805e+01,2.536129e+01,2.570121e+01,2.556804e+01,2.568790e+01,2.554804e+01,2.529451e+01,2.550805e+01,2.539466e+01,2.549472e+01,2.542135e+01,2.542802e+01,2.538131e+01,2.538131e+01,2.553472e+01,2.544137e+01,2.540133e+01,2.546805e+01,2.545471e+01,2.545471e+01,2.540801e+01,2.540801e+01,2.542135e+01,2.542135e+01,2.539466e+01,2.565462e+01,2.552805e+01,2.539466e+01,2.536796e+01,2.541468e+01,2.545471e+01,2.548138e+01,2.553472e+01,2.538131e+01,2.556804e+01,2.556137e+01,2.558802e+01,2.542802e+01,2.538799e+01,2.532122e+01,2.542802e+01,2.539466e+01,2.531454e+01,2.508052e+01,2.491975e+01,2.460419e+01,2.437531e+01,2.435509e+01,2.419994e+01,2.399723e+01,2.396341e+01,2.383478e+01,2.374668e+01,2.378057e+01,2.384155e+01,2.411891e+01,2.450327e+01,2.483256e+01,2.508052e+01,2.506713e+01,2.518757e+01,2.541468e+01,2.539466e+01,2.526110e+01,2.558136e+01,2.552805e+01,2.554138e+01,2.538799e+01,2.558136e+01,2.560134e+01,2.550139e+01,2.541468e+01,2.550139e+01,2.536129e+01,2.545471e+01,2.551472e+01,2.546805e+01,2.546138e+01,2.542802e+01,2.544137e+01,2.542135e+01,2.537464e+01,2.551472e+01,2.540133e+01,2.554138e+01,2.547471e+01,2.548138e+01,2.548805e+01,2.563464e+01,2.548138e+01,2.547471e+01,2.543469e+01,2.537464e+01,2.527446e+01,2.544137e+01,2.546138e+01,2.534126e+01,2.542802e+01,2.534793e+01,2.542802e+01,2.539466e+01,2.540133e+01,2.549472e+01,2.549472e+01,2.544137e+01,2.540801e+01,2.543469e+01,2.551472e+01,2.550139e+01,2.538131e+01,2.542802e+01,2.550139e+01,2.530119e+01,2.536129e+01,2.550139e+01,2.546138e+01,2.552805e+01,2.554804e+01,2.548138e+01,2.554804e+01,2.546805e+01,2.555471e+01,2.550139e+01,2.568124e+01,2.544137e+01,2.538799e+01,2.544804e+01
2.528115e+01,2.531454e+01,2.529451e+01,2.528782e+01,2.539466e+01,2.531454e+01,2.531454e+01,2.517419e+01,2.522100e+01,2.520763e+01,2.520094e+01,2.521431e+01,2.520094e+01,2.522768e+01,2.525442e+01,2.526778e+01,2.528782e+01,2.517419e+01,2.522768e+01,2.518088e+01,2.518757e+01,2.528115e+01,2.529451e+01,2.536129e+01,2.530119e+01,2.532122e+01,2.511399e+01,2.522100e+01,2.528115e+01,2.519426e+01,2.530787e+01,2.516751e+01,2.522768e+01,2.526110e+01,2.520763e+01,2.523437e+01,2.507383e+01,2.522768e+01,2.504705e+01,2.512737e+01,2.508052e+01,2.509391e+01,2.528782e+01,2.520094e+01,2.542135e+01,2.506044e+01,2.518088e+01,2.508052e+01,2.502696e+01,2.511399e+01,2.504705e+01,2.510730e+01,2.518088e+01,2.510730e+01,2.504705e+01,2.501357e+01,2.497337e+01,2.493986e+01,2.494656e+01,2.486610e+01,2.489293e+01,2.491305e+01,2.488622e+01,2.491975e+01,2.489964e+01,2.484598e+01,2.487281e+01,2.498007e+01,2.473858e+01,2.485269e+01,2.481243e+01,2.483256e+01,2.465796e+01,2.486610e+01,2.483256e+01,2.475873e+01,2.481914e+01,2.486610e+01,2.476544e+01,2.464452e+01,2.477216e+01,2.465796e+01,2.477216e+01,2.474530e+01,2.461091e+01,2.470500e+01,2.461763e+01,2.461763e+01,2.474530e+01,2.463108e+01,2.467141e+01,2.465796e+01,2.467813e+01,2.468484e+01,2.464452e+01,2.473858e+01,2.469828e+01,2.472515e+01,2.471844e+01,2.470500e+01,2.473187e+01,2.468484e+01,2.471172e+01,2.473858e+01,2.475201e+01,2.468484e+01,2.477887e+01,2.459073e+01,2.460419e+01,2.457728e+01,2.462436e+01,2.464452e+01,2.465124e+01,2.465796e+01,2.471844e+01,2.477887e+01,2.477216e+01,2.475873e+01,2.476544e+01,2.481914e+01,2.473187e+01,2.457056e+01,2.471844e+01,2.474530e+01,2.471172e+01,2.474530e+01,2.477887e+01,2.480572e+01,2.486610e+01,2.484598e+01,2.485940e+01,2.491305e+01,2.493316e+01,2.502026e+01,2.496667e+01,2.502026e+01,2.487952e+01,2.504705e+01,2.510060e+01,2.511399e+01,2.504705e+01,2.503366e+01,2.504705e+01,2.514744e+01,2.495997e+01,2.511399e+01,2.514744e+01,2.519426e+01,2.518757e+01,2.512737e+01,2.524773e+01,2.530787e+01,2.530787e+01,2.514744e+01,2.517419e+01,2.509391e+01,2.520763e+01,2.522100e+01,2.530119e+01,2.526110e+01,2.538131e+01,2.518757e+01,2.528115e+01,2.525442e+01,2.528115e+01,2.538131e+01,2.533458e+01,2.536796e+01,2.530787e+01,2.528782e+01,2.558136e+01,2.523437e+01,2.529451e+01,2.546138e+01,2.527446e+01,2.546138e+01,2.547471e+01,2.547471e+01,2.542135e+01,2.543469e+01,2.544137e+01,2.540801e+01,2.531454e+01,2.544137e+01,2.533458e+01,2.538799e+01,2.538131e+01,2.531454e+01,2.526110e+01,2.535461e+01,2.546138e+01,2.537464e+01,2.537464e+01,2.528782e+01,2.541468e+01,2.538799e+01,2.533458e+01,2.544137e+01,2.549472e+01,2.537464e+01,2.545471e+01,2.539466e+01,2.542135e+01,2.536796e+01,2.545471e+01,2.547471e+01,2.553472e+01,2.546805e+01,2.545471e+01,2.545471e+01,2.536796e+01,2.550139e+01,2.537464e+01,2.540801e+01,2.537464e+01,2.550139e+01,2.536796e+01,2.538799e+01,2.542135e+01,2.542802e+01,2.556137e+01,2.550805e+01,2.536796e+01,2.536129e+01,2.546138e+01,2.552805e+01,2.549472e+01,2.550805e+01,2.549472e+01,2.548138e+01,2.542802e+01,2.550805e+01,2.549472e+01,2.540133e+01,2.546805e+01,2.549472e+01,2.546805e+01,2.532122e+01,2.544804e+01,2.544804e+01,2.540133e+01,2.541468e+01,2.557470e+01,2.538799e+01,2.539466e+01,2.539466e+01,2.541468e+01,2.538799e+01,2.538799e+01,2.540133e+01,2.537464e+01,2.537464e+01,2.528115e+01,2.533458e+01,2.536129e+01,2.534793e+01,2.536796e+01,2.535461e+01,2.528115e+01,2.532122e+01,2.528782e+01,2.530787e+01,2.534793e+01,2.532790e+01,2.534793e+01,2.538131e+01,2.533458e+01,2.524773e+01,2.528782e+01,2.521431e+01,2.532790e+01,2.519426e+01,2.534126e+01,2.524773e+01,2.546138e+01,2.536129e+01,2.540133e+01,2.520094e+01,2.514075e+01,2.543469e+01,2.536129e+01,2.522100e+01,2.534793e+01,2.537464e+01,2.535461e+01,2.537464e+01,2.546138e+01,2.546805e+01,2.540133e+01,2.554138e+01,2.539466e+01,2.544804e+01,2.547471e+01,2.544804e+01,2.543469e+01,2.532122e+01,2.548138e+01,2.536129e+01,2.563464e+01,2.546805e+01,2.542135e+01,2.540801e+01,2.564796e+01,2.556137e+01,2.547471e+01,2.544137e+01,2.564130e+01,2.548138e+01,2.558802e+01,2.556804e+01,2.556137e+01,2.554138e+01,2.554138e+01,2.546805e+01,2.546138e+01,2.536129e+01,2.548138e+01,2.550805e+01,2.543469e+01,2.549472e+01,2.542802e+01,2.538131e+01,2.546138e+01,2.548138e+01,2.552805e+01,2.548805e+01,2.550805e+01,2.554804e+01,2.559468e+01,2.549472e+01,2.554138e+01,2.540801e+01,2.544137e+01,2.544804e+01,2.548805e+01,2.547471e+01,2.550805e+01,2.552139e+01,2.546138e+01,2.546805e+01,2.542802e+01,2.542135e+01,2.560800e+01,2.560800e+01,2.556804e+01,2.563464e+01,2.546805e+01,2.547471e+01,2.540133e+01,2.550139e+01,2.546138e+01,2.556137e+01,2.540801e+01,2.536796e+01,2.552139e+01,2.549472e+01,2.548805e+01,2.538131e+01,2.538799e+01,2.558802e+01,2.549472e+01,2.549472e+01,2.548138e+01,2.546138e+01,2.524773e+01,2.548805e+01,2.542135e+01,2.551472e+01,2.546805e+01,2.560134e+01,2.558802e+01,2.547471e+01,2.542802e+01,2.552805e+01,2.558136e+01,2.552805e+01,2.545471e+01,2.546138e+01,2.552139e+01,2.539466e+01,2.553472e+01,2.545471e+01,2.555471e+01,2.556137e+01,2.544137e+01,2.542802e+01,2.552805e+01,2.550139e+01,2.555471e+01,2.557470e+01,2.550805e+01,2.551472e+01,2.552805e+01,2.553472e+01,2.551472e+01,2.531454e+01,2.550139e+01,2.551472e+01,2.550805e+01,2.540801e+01,2.550139e+01,2.552805e+01,2.542135e+01,2.547471e+01,2.560800e+01,2.555471e+01,2.552139e+01,2.548805e+01,2.553472e+01,2.553472e+01,2.559468e+01,2.554804e+01,2.554138e+01,2.578768e+01,2.550139e+01,2.559468e+01,2.557470e+01,2.553472e+01,2.558136e+01,2.555471e+01,2.550805e+01,2.557470e+01,2.548805e+01,2.558802e+01,2.545471e+01,2.536796e+01,2.543469e+01,2.550139e+01,2.540133e+01,2.549472e+01,2.551472e+01,2.554804e+01,2.564796e+01,2.564796e+01,2.546805e+01,2.544137e+01,2.554138e+01,2.550139e+01,2.552139e+01,2.553472e+01,2.544137e+01,2.556804e+01,2.557470e+01,2.554138e+01,2.553472e+01,2.555471e+01,2.550805e+01,2.549472e+01,2.552139e+01,2.551472e+01,2.554804e+01,2.544137e+01,2.560800e+01,2.550139e+01,2.556137e+01,2.559468e+01,2.549472e+01,2.549472e+01,2.552139e+01,2.556137e+01,2.555471e+01,2.553472e+01,2.568124e+01,2.548138e+01,2.548805e+01,2.546805e+01,2.549472e+01,2.568790e+01,2.561466e+01,2.554804e+01,2.551472e+01,2.538799e+01,2.553472e+01,2.548138e+01,2.542802e+01,2.554138e+01,2.548138e+01,2.548805e+01,2.553472e+01,2.542802e+01,2.546138e+01,2.570121e+01,2.554804e+01,2.556804e+01,2.545471e+01,2.539466e+01,2.551472e+01,2.563464e+01,2.552805e+01,2.548805e+01,2.547471e+01,2.550139e+01,2.547471e+01,2.544804e+01,2.556804e+01,2.560800e+01,2.562798e+01,2.558136e+01,2.542135e+01,2.546138e+01,2.538799e+01,2.555471e+01,2.554804e+01,2.545471e+01,2.546138e+01,2.552805e+01,2.582092e+01,2.551472e+01,2.554138e+01,2.544137e+01,2.552139e+01,2.542135e+01,2.543469e+01,2.541468e+01,2.547471e+01,2.536796e+01,2.550805e+01,2.564130e+01,2.543469e+01,2.553472e+01,2.523437e+01,2.537464e+01,2.534126e+01,2.538799e+01,2.537464e+01,2.544137e+01,2.545471e+01,2.545471e+01,2.540801e+01,2.553472e+01,2.547471e+01,2.548805e+01,2.544137e+01,2.540133e+01,2.542802e+01,2.545471e+01,2.538799e+01,2.542802e+01,2.560800e+01,2.549472e+01,2.540133e+01,2.544137e+01,2.552805e+01,2.534126e+01,2.548805e+01,2.553472e+01,2.552139e+01,2.554138e+01,2.564130e+01,2.544804e+01,2.536796e+01,2.549472e+01,2.540801e+01,2.536129e+01,2.552139e+01,2.530787e+01,2.492645e+01,2.487952e+01,2.450327e+01,2.435509e+01,2.419994e+01,2.416619e+01,2.399047e+01,2.392281e+01,2.390927e+01,2.392281e+01,2.388896e+01,2.392281e+01,2.414593e+01,2.434161e+01,2.473858e+01,2.514744e+01,2.514744e+01,2.528115e+01,2.532790e+01,2.543469e+01,2.553472e+01,2.541468e+01,2.556137e+01,2.544137e+01,2.559468e+01,2.548138e+01,2.553472e+01,2.551472e+01,2.566793e+01,2.554804e+01,2.556804e+01,2.546138e+01,2.555471e+01,2.547471e+01,2.536129e+01,2.538799e+01,2.554804e+01,2.556804e+01,2.545471e+01,2.548805e+01,2.538131e+01,2.555471e+01,2.546805e+01,2.537464e+01,2.538131e+01,2.543469e+01,2.545471e+01,2.544804e+01,2.527446e+01,2.552139e+01,2.548805e+01,2.547471e+01,2.533458e+01,2.536129e+01,2.540801e+01,2.538131e+01,2.544804e+01,2.546138e+01,2.553472e+01,2.546805e+01,2.543469e+01,2.532122e+01,2.544804e+01,2.538131e+01,2.554138e+01,2.554138e+01,2.552805e+01,2.545471e+01,2.555471e+01,2.544137e+01,2.549472e+01,2.565462e+01,2.559468e+01,2.559468e+01,2.558802e+01,2.555471e+01,2.544137e+01,2.561466e+01,2.566793e+01,2.567459e+01,2.544804e+01,2.554138e+01,2.568124e+01,2.546138e+01
2.524773e+01,2.520094e+01,2.516082e+01,2.519426e+01,2.514744e+01,2.525442e+01,2.514744e+01,2.518757e+01,2.521431e+01,2.526110e+01,2.517419e+01,2.522100e+01,2.525442e+01,2.524773e+01,2.525442e+01,2.511399e+01,2.516751e+01,2.518088e+01,2.509391e+01,2.526110e+01,2.525442e+01,2.540133e+01,2.530787e+01,2.528782e+01,2.526110e+01,2.517419e+01,2.528115e+01,2.522768e+01,2.530787e+01,2.532790e+01,2.519426e+01,2.520763e+01,2.512737e+01,2.524105e+01,2.526110e+01,2.526110e+01,2.517419e+01,2.522100e+01,2.516082e+01,2.514075e+01,2.524105e+01,2.510060e+01,2.507383e+01,2.522100e+01,2.508722e+01,2.506044e+01,2.509391e+01,2.503366e+01,2.511399e+01,2.510730e+01,2.516082e+01,2.507383e+01,2.505375e+01,2.500017e+01,2.512737e+01,2.493316e+01,2.500017e+01,2.493986e+01,2.488622e+01,2.501357e+01,2.483256e+01,2.485940e+01,2.500687e+01,2.485940e+01,2.489964e+01,2.477216e+01,2.487952e+01,2.490634e+01,2.473858e+01,2.479901e+01,2.482585e+01,2.488622e+01,2.483927e+01,2.467141e+01,2.483256e+01,2.473858e+01,2.475873e+01,2.475873e+01,2.491305e+01,2.460419e+01,2.481914e+01,2.464452e+01,2.466469e+01,2.471172e+01,2.464452e+01,2.479901e+01,2.461091e+01,2.461091e+01,2.463108e+01,2.453019e+01,2.469828e+01,2.469156e+01,2.463780e+01,2.463780e+01,2.474530e+01,2.467141e+01,2.475201e+01,2.470500e+01,2.461091e+01,2.463780e+01,2.471844e+01,2.476544e+01,2.472515e+01,2.478558e+01,2.475201e+01,2.468484e+01,2.481243e+01,2.459746e+01,2.463780e+01,2.457728e+01,2.468484e+01,2.469156e+01,2.465124e+01,2.468484e+01,2.461091e+01,2.465124e+01,2.465796e+01,2.477887e+01,2.453692e+01,2.476544e+01,2.483927e+01,2.473187e+01,2.477216e+01,2.471844e+01,2.478558e+01,2.473187e+01,2.483927e+01,2.482585e+01,2.479901e+01,2.478558e+01,2.483927e+01,2.489964e+01,2.489293e+01,2.491975e+01,2.491975e+01,2.497337e+01,2.500687e+01,2.502696e+01,2.503366e+01,2.502696e+01,2.491305e+01,2.485269e+01,2.516751e+01,2.513406e+01,2.510730e+01,2.512737e+01,2.510730e+01,2.509391e+01,2.539466e+01,2.517419e+01,2.527446e+01,2.517419e+01,2.520094e+01,2.530119e+01,2.525442e+01,2.511399e+01,2.510060e+01,2.517419e+01,2.518088e+01,2.518757e+01,2.523437e+01,2.520094e+01,2.514744e+01,2.522100e+01,2.526778e+01,2.526110e+01,2.525442e+01,2.534793e+01,2.509391e+01,2.527446e+01,2.524105e+01,2.537464e+01,2.531454e+01,2.530787e+01,2.539466e+01,2.542802e+01,2.533458e+01,2.537464e+01,2.533458e+01,2.542135e+01,2.538131e+01,2.531454e+01,2.536796e+01,2.532790e+01,2.540801e+01,2.541468e+01,2.527446e+01,2.546138e+01,2.531454e+01,2.537464e+01,2.534793e+01,2.539466e+01,2.530787e+01,2.530787e+01,2.542802e+01,2.535461e+01,2.537464e+01,2.545471e+01,2.537464e+01,2.538799e+01,2.543469e+01,2.542802e+01,2.544804e+01,2.542802e+01,2.546805e+01,2.539466e+01,2.540133e+01,2.546805e+01,2.532790e+01,2.530787e+01,2.538799e+01,2.543469e+01,2.536796e+01,2.540801e+01,2.533458e+01,2.535461e+01,2.549472e+01,2.534793e+01,2.544137e+01,2.540133e+01,2.539466e+01,2.550805e+01,2.542135e+01,2.537464e+01,2.538799e+01,2.547471e+01,2.538799e+01,2.539466e+01,2.538799e+01,2.536129e+01,2.537464e+01,2.538799e+01,2.550805e+01,2.541468e+01,2.548805e+01,2.546138e+01,2.532122e+01,2.540801e+01,2.545471e+01,2.547471e+01,2.544137e+01,2.532790e+01,2.540801e+01,2.535461e+01,2.539466e+01,2.543469e+01,2.538799e+01,2.530787e+01,2.533458e+01,2.532790e+01,2.536796e+01,2.544137e+01,2.534793e+01,2.521431e+01,2.526110e+01,2.538131e+01,2.536129e+01,2.536796e+01,2.540133e+01,2.524105e+01,2.540133e+01,2.536129e+01,2.522100e+01,2.547471e+01,2.536129e+01,2.535461e+01,2.532790e+01,2.534126e+01,2.538799e+01,2.520763e+01,2.532122e+01,2.526110e+01,2.529451e+01,2.527446e+01,2.522100e+01,2.528782e+01,2.510730e+01,2.526778e+01,2.536796e+01,2.530119e+01,2.528115e+01,2.523437e+01,2.532790e+01,2.529451e+01,2.525442e+01,2.539466e+01,2.529451e+01,2.538799e+01,2.540133e+01,2.536129e+01,2.546805e+01,2.541468e+01,2.555471e+01,2.546805e+01,2.538799e+01,2.547471e+01,2.550139e+01,2.545471e+01,2.538131e+01,2.556137e+01,2.542802e+01,2.551472e+01,2.538799e+01,2.551472e+01,2.543469e+01,2.546138e+01,2.566793e+01,2.550805e+01,2.559468e+01,2.542802e+01,2.541468e+01,2.548805e+01,2.551472e+01,2.540801e+01,2.543469e+01,2.554138e+01,2.542135e+01,2.548805e+01,2.556137e+01,2.535461e+01,2.539466e+01,2.552805e+01,2.535461e+01,2.542135e+01,2.548805e+01,2.550805e+01,2.551472e+01,2.549472e+01,2.552805e+01,2.536129e+01,2.540801e+01,2.550805e+01,2.550139e+01,2.547471e+01,2.524773e+01,2.552805e+01,2.548805e+01,2.550139e+01,2.549472e+01,2.549472e+01,2.548805e+01,2.542802e+01,2.542135e+01,2.540133e+01,2.546138e+01,2.539466e+01,2.545471e+01,2.543469e+01,2.548138e+01,2.524773e+01,2.544137e+01,2.542802e+01,2.543469e+01,2.544137e+01,2.542802e+01,2.544137e+01,2.548138e+01,2.544137e+01,2.540801e+01,2.540133e+01,2.538799e+01,2.554138e+01,2.547471e+01,2.542802e+01,2.544137e+01,2.546805e+01,2.548138e+01,2.540801e+01,2.542135e+01,2.542802e+01,2.550805e+01,2.535461e+01,2.554138e+01,2.542135e+01,2.550139e+01,2.544804e+01,2.558802e+01,2.550139e+01,2.552139e+01,2.545471e+01,2.547471e+01,2.550805e+01,2.544137e+01,2.544137e+01,2.557470e+01,2.552139e+01,2.548138e+01,2.551472e+01,2.550139e+01,2.556137e+01,2.554804e+01,2.548805e+01,2.550139e+01,2.550139e+01,2.551472e+01,2.546138e+01,2.558802e+01,2.554804e+01,2.544804e+01,2.549472e+01,2.557470e+01,2.550139e+01,2.536796e+01,2.558802e+01,2.562798e+01,2.548805e+01,2.552139e+01,2.556804e+01,2.551472e+01,2.554138e+01,2.548138e+01,2.546805e+01,2.546805e+01,2.554804e+01,2.554138e+01,2.558802e+01,2.562132e+01,2.534793e+01,2.549472e+01,2.548138e+01,2.547471e+01,2.548138e+01,2.548805e+01,2.560134e+01,2.552139e+01,2.547471e+01,2.548138e+01,2.542802e+01,2.554138e+01,2.540133e+01,2.533458e+01,2.550139e+01,2.548138e+01,2.554138e+01,2.548805e+01,2.547471e+01,2.541468e+01,2.546138e+01,2.549472e+01,2.550139e+01,2.549472e+01,2.546138e+01,2.555471e+01,2.554804e+01,2.547471e+01,2.548138e+01,2.550805e+01,2.554138e+01,2.554804e+01,2.546805e+01,2.548138e+01,2.536129e+01,2.553472e+01,2.552805e+01,2.566127e+01,2.558802e+01,2.553472e+01,2.554804e+01,2.548805e+01,2.552139e+01,2.550139e+01,2.550805e+01,2.559468e+01,2.551472e+01,2.546138e+01,2.544137e+01,2.544137e+01,2.536796e+01,2.556137e+01,2.534793e+01,2.551472e+01,2.552139e+01,2.551472e+01,2.546138e+01,2.554804e+01,2.544137e+01,2.550805e+01,2.535461e+01,2.544804e+01,2.543469e+01,2.544804e+01,2.544137e+01,2.549472e+01,2.552805e+01,2.522768e+01,2.548138e+01,2.542802e+01,2.550805e+01,2.564130e+01,2.550805e+01,2.542135e+01,2.553472e+01,2.554804e+01,2.560134e+01,2.563464e+01,2.547471e+01,2.543469e+01,2.543469e+01,2.542135e+01,2.546138e+01,2.539466e+01,2.532122e+01,2.533458e+01,2.557470e+01,2.552805e+01,2.544804e+01,2.550805e+01,2.547471e+01,2.539466e+01,2.550139e+01,2.543469e+01,2.543469e+01,2.541468e+01,2.546138e+01,2.554138e+01,2.549472e+01,2.536796e+01,2.542135e+01,2.526778e+01,2.551472e+01,2.540133e+01,2.538131e+01,2.544804e+01,2.541468e+01,2.528115e+01,2.540801e+01,2.544804e+01,2.547471e+01,2.546805e+01,2.535461e+01,2.541468e+01,2.542135e+01,2.536796e+01,2.534126e+01,2.542802e+01,2.541468e+01,2.538799e+01,2.554138e+01,2.540133e+01,2.540801e+01,2.539466e+01,2.538131e+01,2.546138e+01,2.536796e+01,2.540133e+01,2.534126e+01,2.546805e+01,2.542135e+01,2.556137e+01,2.559468e+01,2.538799e+01,2.540133e+01,2.545471e+01,2.532122e+01,2.537464e+01,2.508052e+01,2.494656e+01,2.461763e+01,2.447635e+01,2.420670e+01,2.422694e+01,2.392281e+01,2.400400e+01,2.389573e+01,2.389573e+01,2.361099e+01,2.373312e+01,2.406485e+01,2.435509e+01,2.469828e+01,2.493986e+01,2.507383e+01,2.523437e+01,2.532790e+01,2.533458e+01,2.543469e+01,2.532790e+01,2.556137e+01,2.550805e+01,2.557470e+01,2.541468e+01,2.566127e+01,2.551472e+01,2.549472e+01,2.551472e+01,2.554804e+01,2.552139e+01,2.561466e+01,2.551472e+01,2.548138e+01,2.550139e+01,2.554138e+01,2.550805e+01,2.548138e+01,2.539466e+01,2.540133e+01,2.556137e+01,2.544804e+01,2.534793e+01,2.547471e+01,2.550805e+01,2.558136e+01,2.551472e+01,2.548805e+01,2.550139e+01,2.522768e+01,2.540133e+01,2.536796e+01,2.540133e+01,2.544137e+01,2.554804e+01,2.540133e+01,2.548805e+01,2.544804e+01,2.542802e+01,2.541468e+01,2.549472e+01,2.551472e+01,2.549472e+01,2.538799e+01,2.549472e+01,2.534126e+01,2.534126e+01,2.538131e+01,2.548138e+01,2.545471e+01,2.550805e+01,2.559468e+01,2.548805e+01,2.556137e+01,2.558136e+01,2.558136e+01,2.558136e+01,2.552805e+01,2.563464e+01,2.538131e+01,2.547471e+01,2.567459e+01,2.548805e+01,2.551472e+01
2.524773e+01,2.535461e+01,2.537464e+01,2.518088e+01,2.516751e+01,2.520094e+01,2.531454e+01,2.514075e+01,2.518757e+01,2.522100e+01,2.524105e+01,2.524105e+01,2.520763e+01,2.520094e+01,2.521431e+01,2.506044e+01,2.510060e+01,2.532122e+01,2.531454e+01,2.545471e+01,2.519426e+01,2.527446e+01,2.497337e+01,2.524773e+01,2.524105e+01,2.527446e+01,2.533458e+01,2.530119e+01,2.520763e+01,2.524105e+01,2.514744e+01,2.526778e+01,2.520763e+01,2.517419e+01,2.520763e+01,2.510060e+01,2.518757e+01,2.512068e+01,2.513406e+01,2.514744e+01,2.517419e+01,2.522100e+01,2.520094e+01,2.519426e+01,2.513406e+01,2.504035e+01,2.524773e+01,2.521431e+01,2.516082e+01,2.508722e+01,2.480572e+01,2.512068e+01,2.511399e+01,2.509391e+01,2.519426e+01,2.512737e+01,2.507383e+01,2.497337e+01,2.496667e+01,2.490634e+01,2.486610e+01,2.489293e+01,2.487281e+01,2.484598e+01,2.493316e+01,2.489293e+01,2.474530e+01,2.485269e+01,2.480572e+01,2.474530e+01,2.477887e+01,2.493986e+01,2.483927e+01,2.471172e+01,2.487281e+01,2.485269e+01,2.471172e+01,2.474530e+01,2.471844e+01,2.464452e+01,2.473858e+01,2.469828e+01,2.482585e+01,2.466469e+01,2.473858e+01,2.463108e+01,2.469156e+01,2.459746e+01,2.461763e+01,2.465796e+01,2.474530e+01,2.465796e+01,2.469156e+01,2.457728e+01,2.465124e+01,2.462436e+01,2.463108e+01,2.469156e+01,2.471172e+01,2.465124e+01,2.473187e+01,2.466469e+01,2.473187e+01,2.462436e+01,2.473187e+01,2.471844e+01,2.460419e+01,2.461763e+01,2.459073e+01,2.481914e+01,2.459073e+01,2.466469e+01,2.469828e+01,2.487281e+01,2.486610e+01,2.468484e+01,2.477216e+01,2.476544e+01,2.471172e+01,2.486610e+01,2.473187e+01,2.473858e+01,2.477887e+01,2.473187e+01,2.480572e+01,2.466469e+01,2.481243e+01,2.475201e+01,2.489293e+01,2.473858e+01,2.493316e+01,2.491305e+01,2.490634e+01,2.485940e+01,2.478558e+01,2.493316e+01,2.491305e+01,2.485269e+01,2.489293e+01,2.489964e+01,2.481914e+01,2.510060e+01,2.494656e+01,2.493986e+01,2.510060e+01,2.514075e+01,2.506044e+01,2.524773e+01,2.510730e+01,2.495326e+01,2.514744e+01,2.512737e+01,2.516751e+01,2.518088e+01,2.520094e+01,2.513406e+01,2.528115e+01,2.512737e+01,2.517419e+01,2.510060e+01,2.521431e+01,2.517419e+01,2.519426e+01,2.512737e+01,2.518088e+01,2.527446e+01,2.524773e+01,2.526110e+01,2.531454e+01,2.527446e+01,2.529451e+01,2.532790e+01,2.533458e+01,2.532790e+01,2.523437e+01,2.534126e+01,2.529451e+01,2.532122e+01,2.532790e+01,2.532122e+01,2.542802e+01,2.542802e+01,2.546805e+01,2.536129e+01,2.532790e+01,2.552139e+01,2.535461e+01,2.545471e+01,2.533458e+01,2.528115e+01,2.534126e+01,2.536796e+01,2.526778e+01,2.533458e+01,2.526110e+01,2.531454e+01,2.535461e+01,2.537464e+01,2.529451e+01,2.546138e+01,2.541468e+01,2.531454e+01,2.548138e+01,2.541468e+01,2.532122e+01,2.543469e+01,2.545471e+01,2.542135e+01,2.530119e+01,2.544137e+01,2.536129e+01,2.535461e+01,2.535461e+01,2.551472e+01,2.539466e+01,2.548138e+01,2.546805e+01,2.550805e+01,2.547471e+01,2.545471e+01,2.543469e+01,2.534126e+01,2.538799e+01,2.544137e+01,2.535461e+01,2.542135e+01,2.546138e+01,2.536129e+01,2.542802e+01,2.540801e+01,2.536796e+01,2.534126e+01,2.538131e+01,2.546805e+01,2.542135e+01,2.528115e+01,2.544137e+01,2.544137e+01,2.542135e+01,2.546138e+01,2.544137e+01,2.536129e+01,2.538131e+01,2.540801e+01,2.538131e+01,2.520094e+01,2.538131e+01,2.537464e+01,2.534126e+01,2.540133e+01,2.526778e+01,2.541468e+01,2.535461e+01,2.528782e+01,2.518757e+01,2.542135e+01,2.532790e+01,2.524773e+01,2.534126e+01,2.535461e+01,2.530787e+01,2.524773e+01,2.519426e+01,2.532122e+01,2.539466e+01,2.524773e+01,2.533458e+01,2.536796e+01,2.532790e+01,2.538131e+01,2.521431e+01,2.526778e+01,2.530787e+01,2.533458e+01,2.528782e+01,2.532790e+01,2.532790e+01,2.526110e+01,2.521431e+01,2.528782e+01,2.528115e+01,2.530119e+01,2.532790e+01,2.527446e+01,2.532790e+01,2.531454e+01,2.534126e+01,2.536129e+01,2.538131e+01,2.536129e+01,2.542135e+01,2.549472e+01,2.546805e+01,2.544804e+01,2.546138e+01,2.531454e+01,2.535461e+01,2.556804e+01,2.540133e+01,2.540801e+01,2.556804e+01,2.556804e+01,2.540133e+01,2.550139e+01,2.545471e+01,2.539466e+01,2.542802e+01,2.542802e+01,2.562132e+01,2.561466e+01,2.542802e+01,2.546805e+01,2.548138e+01,2.542802e+01,2.550139e+01,2.548138e+01,2.544804e+01,2.542135e+01,2.544804e+01,2.532790e+01,2.537464e+01,2.541468e+01,2.552139e+01,2.550139e+01,2.540133e+01,2.543469e+01,2.536129e+01,2.532790e+01,2.557470e+01,2.535461e+01,2.542802e+01,2.548138e+01,2.548138e+01,2.540801e+01,2.545471e+01,2.547471e+01,2.550139e+01,2.546138e+01,2.541468e+01,2.544804e+01,2.548805e+01,2.554804e+01,2.539466e+01,2.540801e+01,2.542802e+01,2.540133e+01,2.544804e+01,2.545471e+01,2.541468e+01,2.538131e+01,2.540133e+01,2.540801e+01,2.543469e+01,2.547471e+01,2.543469e+01,2.542802e+01,2.540801e+01,2.556137e+01,2.538799e+01,2.543469e+01,2.542135e+01,2.541468e+01,2.548138e+01,2.548138e+01,2.551472e+01,2.544137e+01,2.553472e+01,2.538131e+01,2.554138e+01,2.537464e+01,2.552805e+01,2.526110e+01,2.534793e+01,2.542802e+01,2.549472e+01,2.542802e+01,2.556804e+01,2.543469e+01,2.551472e+01,2.547471e+01,2.550805e+01,2.546805e+01,2.546138e+01,2.530119e+01,2.557470e+01,2.553472e+01,2.548805e+01,2.555471e+01,2.550139e+01,2.554138e+01,2.550805e+01,2.556804e+01,2.540801e+01,2.542135e+01,2.544804e+01,2.551472e+01,2.547471e+01,2.546805e+01,2.544137e+01,2.551472e+01,2.553472e+01,2.554804e+01,2.556137e+01,2.541468e+01,2.541468e+01,2.560800e+01,2.546805e+01,2.544804e+01,2.546805e+01,2.555471e+01,2.553472e+01,2.550805e+01,2.545471e+01,2.556804e+01,2.548138e+01,2.555471e+01,2.558136e+01,2.553472e+01,2.558802e+01,2.547471e+01,2.555471e+01,2.547471e+01,2.536129e+01,2.548805e+01,2.563464e+01,2.548138e+01,2.560134e+01,2.545471e+01,2.544137e+01,2.542135e+01,2.532790e+01,2.560800e+01,2.553472e+01,2.542802e+01,2.545471e+01,2.546138e+01,2.538131e+01,2.553472e+01,2.549472e+01,2.542135e+01,2.553472e+01,2.548138e+01,2.555471e+01,2.566127e+01,2.548138e+01,2.556804e+01,2.547471e+01,2.543469e+01,2.547471e+01,2.550805e+01,2.552139e+01,2.552805e+01,2.547471e+01,2.554804e+01,2.552139e+01,2.548805e+01,2.555471e+01,2.554138e+01,2.555471e+01,2.551472e+01,2.554138e+01,2.566127e+01,2.560134e+01,2.528782e+01,2.558136e+01,2.543469e+01,2.566793e+01,2.544804e+01,2.550139e+01,2.539466e+01,2.543469e+01,2.546805e+01,2.554138e+01,2.554138e+01,2.546805e+01,2.548805e+01,2.538131e+01,2.548805e+01,2.532790e+01,2.551472e+01,2.539466e+01,2.547471e+01,2.553472e+01,2.550805e+01,2.539466e+01,2.552139e+01,2.540801e+01,2.557470e+01,2.552139e+01,2.552805e+01,2.539466e+01,2.550139e+01,2.550139e+01,2.557470e+01,2.547471e+01,2.546138e+01,2.542802e+01,2.541468e+01,2.542135e+01,2.530119e+01,2.548138e+01,2.536129e+01,2.552139e+01,2.552805e+01,2.535461e+01,2.528782e+01,2.558802e+01,2.527446e+01,2.539466e+01,2.542135e+01,2.540801e+01,2.546805e+01,2.546138e+01,2.545471e+01,2.548805e+01,2.548805e+01,2.544804e+01,2.539466e+01,2.545471e+01,2.528115e+01,2.550805e+01,2.546138e+01,2.540133e+01,2.550805e+01,2.548805e+01,2.544137e+01,2.548805e+01,2.547471e+01,2.534126e+01,2.543469e+01,2.553472e+01,2.542135e+01,2.555471e+01,2.543469e+01,2.536129e+01,2.538131e+01,2.544804e+01,2.539466e+01,2.548805e+01,2.555471e+01,2.532122e+01,2.534793e+01,2.537464e+01,2.544804e+01,2.540801e+01,2.547471e+01,2.540133e+01,2.542135e+01,2.557470e+01,2.538799e+01,2.538799e+01,2.558802e+01,2.544804e+01,2.530787e+01,2.536796e+01,2.507383e+01,2.476544e+01,2.453692e+01,2.411891e+01,2.399723e+01,2.404457e+01,2.397018e+01,2.392281e+01,2.390927e+01,2.386187e+01,2.388219e+01,2.393634e+01,2.430790e+01,2.458401e+01,2.494656e+01,2.517419e+01,2.519426e+01,2.526778e+01,2.540801e+01,2.539466e+01,2.542135e+01,2.538799e+01,2.548805e+01,2.546138e+01,2.546805e+01,2.544137e+01,2.554804e+01,2.543469e+01,2.556137e+01,2.550805e+01,2.546805e+01,2.558136e+01,2.553472e+01,2.552139e+01,2.546805e+01,2.546805e+01,2.537464e+01,2.538799e+01,2.554138e+01,2.540801e+01,2.556804e+01,2.543469e+01,2.542135e+01,2.543469e+01,2.542802e+01,2.546138e+01,2.542135e+01,2.547471e+01,2.549472e+01,2.545471e+01,2.548805e+01,2.538799e+01,2.542135e+01,2.550805e+01,2.540801e+01,2.539466e+01,2.550139e+01,2.547471e+01,2.543469e+01,2.550139e+01,2.532122e+01,2.544804e+01,2.548138e+01,2.538799e+01,2.540133e+01,2.550805e+01,2.536796e+01,2.550139e+01,2.550805e+01,2.541468e+01,2.546805e+01,2.549472e+01,2.546805e+01,2.553472e+01,2.545471e+01,2.562798e+01,2.546805e+01,2.550805e+01,2.566127e+01,2.536129e+01,2.551472e+01,2.564130e+01,2.554138e+01,2.555471e+01,2.547471e+01
2.526110e+01,2.522768e+01,2.533458e+01,2.520094e+01,2.538799e+01,2.528782e+01,2.522768e+01,2.532122e+01,2.525442e+01,2.523437e+01,2.519426e+01,2.521431e+01,2.521431e+01,2.519426e+01,2.521431e+01,2.514075e+01,2.550139e+01,2.520094e+01,2.524105e+01,2.513406e+01,2.522100e+01,2.523437e+01,2.522768e+01,2.524105e+01,2.522768e+01,2.522768e+01,2.526110e+01,2.504705e+01,2.524773e+01,2.522100e+01,2.526778e+01,2.523437e+01,2.517419e+01,2.514744e+01,2.516082e+01,2.522768e+01,2.516082e+01,2.512068e+01,2.527446e+01,2.515413e+01,2.524105e+01,2.520094e+01,2.505375e+01,2.501357e+01,2.514075e+01,2.512737e+01,2.503366e+01,2.505375e+01,2.502696e+01,2.504705e+01,2.506713e+01,2.508722e+01,2.511399e+01,2.512068e+01,2.505375e+01,2.507383e+01,2.495997e+01,2.512068e+01,2.511399e+01,2.495997e+01,2.486610e+01,2.498677e+01,2.481914e+01,2.495326e+01,2.493986e+01,2.491975e+01,2.493986e+01,2.485940e+01,2.479901e+01,2.483927e+01,2.491975e+01,2.493316e+01,2.479901e+01,2.472515e+01,2.473187e+01,2.476544e+01,2.481914e+01,2.474530e+01,2.474530e+01,2.480572e+01,2.476544e+01,2.471844e+01,2.472515e+01,2.472515e+01,2.474530e+01,2.459746e+01,2.457056e+01,2.456383e+01,2.473187e+01,2.469828e+01,2.460419e+01,2.474530e+01,2.477887e+01,2.467813e+01,2.472515e+01,2.459073e+01,2.473187e+01,2.465796e+01,2.468484e+01,2.470500e+01,2.469156e+01,2.483256e+01,2.467813e+01,2.466469e+01,2.473858e+01,2.461091e+01,2.458401e+01,2.468484e+01,2.482585e+01,2.469156e+01,2.465124e+01,2.461091e+01,2.469828e+01,2.468484e+01,2.465124e+01,2.462436e+01,2.468484e+01,2.471172e+01,2.470500e+01,2.468484e+01,2.475201e+01,2.471844e+01,2.477887e+01,2.467813e+01,2.473187e+01,2.469156e+01,2.493986e+01,2.488622e+01,2.472515e+01,2.481243e+01,2.487952e+01,2.485269e+01,2.488622e+01,2.481243e+01,2.502026e+01,2.488622e+01,2.489293e+01,2.483256e+01,2.510060e+01,2.501357e+01,2.513406e+01,2.502026e+01,2.494656e+01,2.512737e+01,2.499347e+01,2.501357e+01,2.502696e+01,2.501357e+01,2.500017e+01,2.498007e+01,2.498677e+01,2.518757e+01,2.522768e+01,2.522100e+01,2.522768e+01,2.524773e+01,2.513406e+01,2.526778e+01,2.523437e+01,2.515413e+01,2.528782e+01,2.506713e+01,2.519426e+01,2.500687e+01,2.520094e+01,2.523437e+01,2.526110e+01,2.510730e+01,2.527446e+01,2.524773e+01,2.526778e+01,2.526110e+01,2.542135e+01,2.540133e+01,2.519426e+01,2.526110e+01,2.526778e+01,2.544804e+01,2.540133e+01,2.532790e+01,2.538799e+01,2.540133e+01,2.532122e+01,2.529451e+01,2.547471e+01,2.549472e+01,2.533458e+01,2.532790e+01,2.558802e+01,2.533458e+01,2.535461e+01,2.526778e+01,2.542802e+01,2.532122e+01,2.540801e+01,2.530787e+01,2.544137e+01,2.536129e+01,2.533458e+01,2.546805e+01,2.520763e+01,2.532122e+01,2.528782e+01,2.540801e+01,2.548805e+01,2.533458e+01,2.547471e+01,2.538799e+01,2.536129e+01,2.538799e+01,2.537464e+01,2.535461e+01,2.534793e+01,2.533458e+01,2.542135e+01,2.551472e+01,2.540801e+01,2.544137e+01,2.542802e+01,2.540133e+01,2.534126e+01,2.547471e+01,2.547471e+01,2.542135e+01,2.541468e+01,2.541468e+01,2.543469e+01,2.544804e+01,2.545471e+01,2.538799e+01,2.537464e+01,2.542135e+01,2.530119e+01,2.544804e+01,2.540133e+01,2.544804e+01,2.541468e+01,2.539466e+01,2.546138e+01,2.544137e+01,2.544804e+01,2.542802e+01,2.540133e+01,2.536796e+01,2.542135e+01,2.534793e+01,2.540801e+01,2.537464e+01,2.536796e+01,2.526778e+01,2.535461e+01,2.534793e+01,2.546138e+01,2.536129e+01,2.538131e+01,2.536796e+01,2.524773e+01,2.526778e+01,2.534793e+01,2.532122e+01,2.531454e+01,2.535461e+01,2.522768e+01,2.530787e+01,2.540133e+01,2.535461e+01,2.537464e+01,2.534126e+01,2.524773e+01,2.522100e+01,2.534126e+01,2.529451e+01,2.530119e+01,2.531454e+01,2.528115e+01,2.523437e+01,2.526110e+01,2.525442e+01,2.513406e+01,2.530787e+01,2.530787e+01,2.514075e+01,2.531454e+01,2.536796e+01,2.530119e+01,2.538131e+01,2.539466e+01,2.539466e+01,2.537464e+01,2.535461e+01,2.538799e+01,2.547471e+01,2.536129e+01,2.548805e+01,2.552805e+01,2.540133e+01,2.548805e+01,2.538799e+01,2.550139e+01,2.553472e+01,2.547471e+01,2.550139e+01,2.554138e+01,2.548805e+01,2.542135e+01,2.546138e+01,2.548138e+01,2.546805e+01,2.544137e+01,2.546805e+01,2.556137e+01,2.543469e+01,2.546805e+01,2.539466e+01,2.544804e+01,2.536796e+01,2.540133e+01,2.558802e+01,2.552805e+01,2.538799e+01,2.534793e+01,2.538799e+01,2.540801e+01,2.545471e+01,2.548805e+01,2.541468e+01,2.554138e+01,2.532790e+01,2.546805e+01,2.556137e+01,2.541468e+01,2.555471e+01,2.545471e+01,2.542802e+01,2.553472e+01,2.538131e+01,2.544804e+01,2.547471e+01,2.542135e+01,2.544804e+01,2.541468e+01,2.538799e+01,2.546138e+01,2.544804e+01,2.550805e+01,2.544804e+01,2.546138e+01,2.538799e+01,2.543469e+01,2.548805e+01,2.548138e+01,2.536129e+01,2.548138e+01,2.544804e+01,2.544804e+01,2.538799e+01,2.543469e+01,2.537464e+01,2.541468e+01,2.543469e+01,2.544137e+01,2.542135e+01,2.547471e+01,2.544804e+01,2.546805e+01,2.553472e+01,2.546138e+01,2.538799e+01,2.545471e+01,2.540133e+01,2.548805e+01,2.535461e+01,2.549472e+01,2.533458e+01,2.556804e+01,2.548138e+01,2.540801e+01,2.553472e+01,2.542135e+01,2.543469e+01,2.549472e+01,2.556804e+01,2.543469e+01,2.546805e+01,2.552805e+01,2.553472e+01,2.555471e+01,2.545471e+01,2.550805e+01,2.550139e+01,2.552805e+01,2.550805e+01,2.543469e+01,2.559468e+01,2.559468e+01,2.548138e+01,2.544804e+01,2.550805e+01,2.545471e+01,2.548138e+01,2.553472e+01,2.549472e+01,2.557470e+01,2.557470e+01,2.549472e+01,2.552139e+01,2.551472e+01,2.546805e+01,2.554138e+01,2.548138e+01,2.558136e+01,2.553472e+01,2.548138e+01,2.552139e+01,2.549472e+01,2.556137e+01,2.547471e+01,2.546138e+01,2.557470e+01,2.544804e+01,2.562798e+01,2.556804e+01,2.550139e+01,2.538131e+01,2.548805e+01,2.550139e+01,2.548805e+01,2.539466e+01,2.547471e+01,2.550805e+01,2.553472e+01,2.552139e+01,2.552805e+01,2.548138e+01,2.539466e+01,2.546805e+01,2.552139e+01,2.549472e+01,2.540801e+01,2.546138e+01,2.542135e+01,2.547471e+01,2.552139e+01,2.552805e+01,2.560134e+01,2.544804e+01,2.540801e+01,2.550139e+01,2.547471e+01,2.548805e+01,2.549472e+01,2.544137e+01,2.548805e+01,2.560134e+01,2.551472e+01,2.548805e+01,2.553472e+01,2.550139e+01,2.555471e+01,2.560134e+01,2.555471e+01,2.550139e+01,2.555471e+01,2.560134e+01,2.546138e+01,2.544804e+01,2.544137e+01,2.545471e+01,2.548138e+01,2.548138e+01,2.540801e+01,2.546138e+01,2.554138e+01,2.542802e+01,2.552139e+01,2.531454e+01,2.532122e+01,2.540801e+01,2.552139e+01,2.547471e+01,2.542802e+01,2.550139e+01,2.551472e+01,2.555471e+01,2.550139e+01,2.552139e+01,2.551472e+01,2.562798e+01,2.549472e+01,2.554138e+01,2.550139e+01,2.553472e+01,2.553472e+01,2.562132e+01,2.548805e+01,2.543469e+01,2.544137e+01,2.542802e+01,2.542135e+01,2.555471e+01,2.549472e+01,2.536796e+01,2.535461e+01,2.537464e+01,2.545471e+01,2.553472e+01,2.548805e+01,2.538799e+01,2.545471e+01,2.543469e+01,2.551472e+01,2.539466e+01,2.538131e+01,2.551472e+01,2.545471e+01,2.547471e+01,2.546805e+01,2.540801e+01,2.546138e+01,2.538131e+01,2.541468e+01,2.540801e+01,2.536796e+01,2.537464e+01,2.550805e+01,2.542135e+01,2.545471e+01,2.536796e+01,2.536796e+01,2.545471e+01,2.549472e+01,2.546138e+01,2.536796e+01,2.535461e+01,2.542135e+01,2.555471e+01,2.534126e+01,2.536129e+01,2.536129e+01,2.532122e+01,2.557470e+01,2.544137e+01,2.544137e+01,2.540133e+01,2.555471e+01,2.541468e+01,2.556137e+01,2.551472e+01,2.557470e+01,2.552139e+01,2.544137e+01,2.554138e+01,2.544804e+01,2.527446e+01,2.529451e+01,2.507383e+01,2.456383e+01,2.452346e+01,2.425393e+01,2.405133e+01,2.399047e+01,2.392281e+01,2.388219e+01,2.369242e+01,2.384833e+01,2.379413e+01,2.399723e+01,2.437531e+01,2.473858e+01,2.492645e+01,2.504705e+01,2.531454e+01,2.527446e+01,2.528115e+01,2.536796e+01,2.543469e+01,2.551472e+01,2.560800e+01,2.553472e+01,2.540801e+01,2.550805e+01,2.546805e+01,2.542135e+01,2.540801e+01,2.560800e+01,2.550139e+01,2.551472e+01,2.550805e+01,2.572782e+01,2.540133e+01,2.550805e+01,2.546805e+01,2.556804e+01,2.544804e+01,2.557470e+01,2.535461e+01,2.538799e+01,2.539466e+01,2.558802e+01,2.558136e+01,2.536129e+01,2.549472e+01,2.544137e+01,2.544804e+01,2.546138e+01,2.551472e+01,2.541468e+01,2.544804e+01,2.544137e+01,2.538799e+01,2.539466e+01,2.536796e+01,2.540801e+01,2.550139e+01,2.550139e+01,2.550805e+01,2.543469e+01,2.552805e+01,2.548138e+01,2.548805e+01,2.550139e+01,2.540801e+01,2.552139e+01,2.553472e+01,2.548138e+01,2.554804e+01,2.546805e+01,2.546805e+01,2.545471e+01,2.551472e+01,2.562132e+01,2.556804e+01,2.532790e+01,2.569455e+01,2.552805e+01,2.550139e+01,2.554804e+01,2.552805e+01,2.543469e+01,2.548805e+01
2.522100e+01,2.520094e+01,2.523437e+01,2.529451e+01,2.528782e+01,2.528115e+01,2.537464e+01,2.530119e+01,2.520094e+01,2.520763e+01,2.522768e+01,2.519426e+01,2.521431e+01,2.524773e+01,2.512068e+01,2.517419e+01,2.509391e+01,2.507383e+01,2.517419e+01,2.520094e+01,2.528782e+01,2.526110e+01,2.520763e+01,2.522100e+01,2.515413e+01,2.520094e+01,2.532122e+01,2.530119e+01,2.524105e+01,2.520763e+01,2.518757e+01,2.521431e+01,2.520094e+01,2.516751e+01,2.521431e+01,2.512068e+01,2.513406e+01,2.519426e+01,2.512737e+01,2.513406e+01,2.514075e+01,2.520763e+01,2.510730e+01,2.502696e+01,2.518757e+01,2.498007e+01,2.508052e+01,2.513406e+01,2.495997e+01,2.533458e+01,2.508722e+01,2.510060e+01,2.500687e+01,2.512737e+01,2.512068e+01,2.499347e+01,2.492645e+01,2.509391e+01,2.503366e+01,2.495326e+01,2.495326e+01,2.500017e+01,2.502026e+01,2.487281e+01,2.493316e+01,2.490634e+01,2.480572e+01,2.505375e+01,2.475873e+01,2.478558e+01,2.481243e+01,2.493316e+01,2.474530e+01,2.491305e+01,2.471172e+01,2.471844e+01,2.478558e+01,2.473187e+01,2.475201e+01,2.475201e+01,2.465124e+01,2.467813e+01,2.481243e+01,2.467813e+01,2.463780e+01,2.462436e+01,2.461091e+01,2.459746e+01,2.455038e+01,2.475201e+01,2.475201e+01,2.479230e+01,2.479230e+01,2.470500e+01,2.442247e+01,2.457728e+01,2.457728e+01,2.465796e+01,2.475873e+01,2.469828e+01,2.484598e+01,2.483927e+01,2.457056e+01,2.469156e+01,2.477216e+01,2.465124e+01,2.460419e+01,2.469156e+01,2.470500e+01,2.467813e+01,2.461763e+01,2.467141e+01,2.484598e+01,2.457056e+01,2.464452e+01,2.482585e+01,2.453692e+01,2.470500e+01,2.477887e+01,2.472515e+01,2.478558e+01,2.478558e+01,2.479230e+01,2.477216e+01,2.491305e+01,2.478558e+01,2.481914e+01,2.474530e+01,2.486610e+01,2.475201e+01,2.485269e+01,2.486610e+01,2.485940e+01,2.497337e+01,2.488622e+01,2.487281e+01,2.503366e+01,2.514075e+01,2.509391e+01,2.488622e+01,2.489293e+01,2.491305e+01,2.503366e+01,2.513406e+01,2.507383e+01,2.520763e+01,2.503366e+01,2.504035e+01,2.510730e+01,2.509391e+01,2.498007e+01,2.519426e+01,2.504705e+01,2.518088e+01,2.509391e+01,2.521431e+01,2.514744e+01,2.517419e+01,2.520094e+01,2.524773e+01,2.518088e+01,2.528115e+01,2.518757e+01,2.521431e+01,2.514744e+01,2.529451e+01,2.522100e+01,2.520763e+01,2.524105e+01,2.524105e+01,2.528115e+01,2.532790e+01,2.530787e+01,2.534793e+01,2.532122e+01,2.532790e+01,2.530119e+01,2.528782e+01,2.533458e+01,2.532122e+01,2.534793e+01,2.529451e+01,2.550139e+01,2.534126e+01,2.548805e+01,2.532790e+01,2.534126e+01,2.541468e+01,2.532790e+01,2.532790e+01,2.521431e+01,2.542135e+01,2.543469e+01,2.527446e+01,2.536796e+01,2.534793e+01,2.533458e+01,2.536796e+01,2.528115e+01,2.538799e+01,2.549472e+01,2.552805e+01,2.529451e+01,2.548138e+01,2.542802e+01,2.534793e+01,2.541468e+01,2.531454e+01,2.545471e+01,2.546805e+01,2.536129e+01,2.532790e+01,2.545471e+01,2.546805e+01,2.534126e+01,2.547471e+01,2.538799e+01,2.544804e+01,2.545471e+01,2.537464e+01,2.542135e+01,2.542802e+01,2.546138e+01,2.532790e+01,2.537464e+01,2.540133e+01,2.540133e+01,2.541468e+01,2.541468e+01,2.546138e+01,2.536129e+01,2.534126e+01,2.537464e+01,2.542135e+01,2.542802e+01,2.538131e+01,2.538799e+01,2.542802e+01,2.538131e+01,2.538799e+01,2.542802e+01,2.537464e+01,2.541468e+01,2.554138e+01,2.530119e+01,2.531454e+01,2.538799e+01,2.540133e+01,2.540133e+01,2.538799e+01,2.537464e+01,2.524773e+01,2.538131e+01,2.523437e+01,2.534126e+01,2.534793e+01,2.523437e+01,2.527446e+01,2.531454e+01,2.540801e+01,2.531454e+01,2.535461e+01,2.528782e+01,2.523437e+01,2.530787e+01,2.526778e+01,2.528115e+01,2.532790e+01,2.522100e+01,2.532790e+01,2.520763e+01,2.525442e+01,2.529451e+01,2.529451e+01,2.521431e+01,2.522100e+01,2.527446e+01,2.522768e+01,2.525442e+01,2.516751e+01,2.526778e+01,2.530119e+01,2.509391e+01,2.528782e+01,2.531454e+01,2.540133e+01,2.532122e+01,2.533458e+01,2.536796e+01,2.539466e+01,2.531454e+01,2.554804e+01,2.552805e+01,2.536129e+01,2.541468e+01,2.544137e+01,2.545471e+01,2.543469e+01,2.542802e+01,2.556804e+01,2.539466e+01,2.551472e+01,2.547471e+01,2.537464e+01,2.553472e+01,2.546138e+01,2.558136e+01,2.544137e+01,2.548805e+01,2.562132e+01,2.541468e+01,2.548805e+01,2.566793e+01,2.542135e+01,2.546805e+01,2.544137e+01,2.532122e+01,2.546138e+01,2.546805e+01,2.540133e+01,2.538799e+01,2.564130e+01,2.540133e+01,2.551472e+01,2.551472e+01,2.545471e+01,2.548138e+01,2.536129e+01,2.544137e+01,2.551472e+01,2.545471e+01,2.542135e+01,2.556804e+01,2.550139e+01,2.548805e+01,2.551472e+01,2.542135e+01,2.550805e+01,2.547471e+01,2.547471e+01,2.548805e+01,2.535461e+01,2.533458e+01,2.544804e+01,2.547471e+01,2.534126e+01,2.548805e+01,2.540801e+01,2.536796e+01,2.537464e+01,2.549472e+01,2.542802e+01,2.548805e+01,2.547471e+01,2.542135e+01,2.544804e+01,2.539466e+01,2.536129e+01,2.538799e+01,2.542802e+01,2.534793e+01,2.540801e+01,2.544137e+01,2.542135e+01,2.545471e+01,2.546138e+01,2.552805e+01,2.541468e+01,2.545471e+01,2.542802e+01,2.542802e+01,2.550805e+01,2.546138e+01,2.556137e+01,2.548805e+01,2.538799e+01,2.557470e+01,2.548805e+01,2.543469e+01,2.558802e+01,2.559468e+01,2.538131e+01,2.554138e+01,2.546138e+01,2.554138e+01,2.550805e+01,2.548805e+01,2.548138e+01,2.545471e+01,2.556804e+01,2.554138e+01,2.552139e+01,2.555471e+01,2.554138e+01,2.550805e+01,2.559468e+01,2.547471e+01,2.545471e+01,2.545471e+01,2.561466e+01,2.552139e+01,2.565462e+01,2.546138e+01,2.554804e+01,2.556804e+01,2.549472e+01,2.548138e+01,2.552139e+01,2.550139e+01,2.545471e+01,2.560800e+01,2.554804e+01,2.549472e+01,2.547471e+01,2.549472e+01,2.557470e+01,2.548805e+01,2.560134e+01,2.560800e+01,2.544804e+01,2.553472e+01,2.545471e+01,2.551472e+01,2.545471e+01,2.545471e+01,2.544804e+01,2.557470e+01,2.550139e+01,2.550805e+01,2.548805e+01,2.545471e+01,2.554804e+01,2.550139e+01,2.553472e+01,2.554804e+01,2.554138e+01,2.548138e+01,2.554804e+01,2.543469e+01,2.555471e+01,2.544804e+01,2.552805e+01,2.550805e+01,2.550139e+01,2.551472e+01,2.544804e+01,2.542802e+01,2.556137e+01,2.550139e+01,2.543469e+01,2.550805e+01,2.566127e+01,2.546805e+01,2.560134e+01,2.569455e+01,2.547471e+01,2.553472e+01,2.548138e+01,2.554138e+01,2.550139e+01,2.548138e+01,2.551472e+01,2.550139e+01,2.552139e+01,2.557470e+01,2.548138e+01,2.542135e+01,2.558136e+01,2.552139e+01,2.552805e+01,2.551472e+01,2.543469e+01,2.544804e+01,2.551472e+01,2.530119e+01,2.552139e+01,2.550805e+01,2.546805e+01,2.550139e+01,2.539466e+01,2.558802e+01,2.560134e+01,2.566127e+01,2.551472e+01,2.552139e+01,2.545471e+01,2.549472e+01,2.548805e+01,2.556804e+01,2.562132e+01,2.524773e+01,2.537464e+01,2.547471e+01,2.558802e+01,2.558802e+01,2.550139e+01,2.559468e+01,2.564130e+01,2.543469e+01,2.561466e+01,2.549472e+01,2.538131e+01,2.551472e+01,2.542802e+01,2.542135e+01,2.532790e+01,2.530787e+01,2.548805e+01,2.541468e+01,2.544137e+01,2.544804e+01,2.543469e+01,2.540801e+01,2.553472e+01,2.532790e+01,2.544137e+01,2.546138e+01,2.546138e+01,2.544804e+01,2.539466e+01,2.556137e+01,2.544137e+01,2.550139e+01,2.537464e+01,2.538799e+01,2.539466e+01,2.540133e+01,2.535461e+01,2.548138e+01,2.532122e+01,2.540133e+01,2.540801e+01,2.543469e+01,2.519426e+01,2.545471e+01,2.546138e+01,2.542802e+01,2.546805e+01,2.546805e+01,2.554138e+01,2.534793e+01,2.544137e+01,2.558802e+01,2.540133e+01,2.548138e+01,2.543469e+01,2.552805e+01,2.543469e+01,2.544137e+01,2.554804e+01,2.550139e+01,2.528782e+01,2.544804e+01,2.528115e+01,2.525442e+01,2.483256e+01,2.460419e+01,2.443594e+01,2.422694e+01,2.413242e+01,2.413242e+01,2.397694e+01,2.406485e+01,2.388219e+01,2.385510e+01,2.399723e+01,2.433487e+01,2.440900e+01,2.481914e+01,2.494656e+01,2.514744e+01,2.530787e+01,2.547471e+01,2.536129e+01,2.548138e+01,2.547471e+01,2.545471e+01,2.548805e+01,2.545471e+01,2.547471e+01,2.546805e+01,2.558136e+01,2.542802e+01,2.544137e+01,2.546138e+01,2.553472e+01,2.556804e+01,2.544137e+01,2.552805e+01,2.549472e+01,2.544804e+01,2.554138e+01,2.547471e+01,2.552805e+01,2.538799e+01,2.542802e+01,2.533458e+01,2.534793e+01,2.542802e+01,2.552139e+01,2.530787e+01,2.551472e+01,2.552139e+01,2.546138e+01,2.546138e+01,2.552805e+01,2.542802e+01,2.545471e+01,2.540133e+01,2.541468e+01,2.537464e+01,2.541468e+01,2.536129e+01,2.541468e+01,2.550805e+01,2.550805e+01,2.543469e+01,2.550139e+01,2.532790e+01,2.535461e+01,2.545471e+01,2.532790e+01,2.550805e+01,2.539466e+01,2.531454e+01,2.550139e+01,2.549472e+01,2.558136e+01,2.582756e+01,2.566127e+01,2.560800e+01,2.563464e+01,2.548805e+01,2.567459e+01,2.554138e+01,2.560800e+01,2.547471e+01,2.553472e+01,2.550139e+01,2.546138e+01
2.526110e+01,2.525442e+01,2.539466e+01,2.526110e+01,2.535461e+01,2.526778e+01,2.520763e+01,2.524773e+01,2.514075e+01,2.516082e+01,2.519426e+01,2.511399e+01,2.531454e+01,2.524773e+01,2.523437e+01,2.537464e+01,2.520094e+01,2.524773e+01,2.525442e+01,2.522768e+01,2.522100e+01,2.515413e+01,2.523437e+01,2.531454e+01,2.524105e+01,2.500017e+01,2.525442e+01,2.526778e+01,2.526110e+01,2.527446e+01,2.521431e+01,2.523437e+01,2.519426e+01,2.514075e+01,2.523437e+01,2.517419e+01,2.530119e+01,2.525442e+01,2.511399e+01,2.512737e+01,2.514744e+01,2.516082e+01,2.517419e+01,2.516082e+01,2.510060e+01,2.502696e+01,2.515413e+01,2.512068e+01,2.509391e+01,2.493316e+01,2.504035e+01,2.500017e+01,2.497337e+01,2.510060e+01,2.505375e+01,2.505375e+01,2.517419e+01,2.500017e+01,2.486610e+01,2.494656e+01,2.493986e+01,2.495326e+01,2.493316e+01,2.493986e+01,2.503366e+01,2.477887e+01,2.495326e+01,2.504035e+01,2.495326e+01,2.481243e+01,2.485940e+01,2.480572e+01,2.489964e+01,2.481243e+01,2.479230e+01,2.472515e+01,2.479901e+01,2.470500e+01,2.485269e+01,2.481914e+01,2.466469e+01,2.471172e+01,2.478558e+01,2.462436e+01,2.471844e+01,2.475873e+01,2.475201e+01,2.479901e+01,2.475201e+01,2.477887e+01,2.477887e+01,2.476544e+01,2.469156e+01,2.457056e+01,2.465124e+01,2.465124e+01,2.458401e+01,2.468484e+01,2.470500e+01,2.459746e+01,2.468484e+01,2.469156e+01,2.474530e+01,2.454365e+01,2.467141e+01,2.472515e+01,2.472515e+01,2.475201e+01,2.469828e+01,2.473187e+01,2.465796e+01,2.469156e+01,2.463108e+01,2.462436e+01,2.463780e+01,2.472515e+01,2.464452e+01,2.461763e+01,2.468484e+01,2.472515e+01,2.477216e+01,2.476544e+01,2.476544e+01,2.471844e+01,2.473187e+01,2.472515e+01,2.487281e+01,2.468484e+01,2.477887e+01,2.485269e+01,2.487281e+01,2.485940e+01,2.488622e+01,2.483256e+01,2.475201e+01,2.490634e+01,2.486610e+01,2.504035e+01,2.501357e+01,2.495997e+01,2.488622e+01,2.493986e+01,2.505375e+01,2.498007e+01,2.501357e+01,2.495997e+01,2.527446e+01,2.500017e+01,2.502026e+01,2.507383e+01,2.506044e+01,2.515413e+01,2.523437e+01,2.520763e+01,2.526110e+01,2.511399e+01,2.514075e+01,2.514744e+01,2.516082e+01,2.506044e+01,2.522100e+01,2.514075e+01,2.523437e+01,2.518757e+01,2.510730e+01,2.512068e+01,2.519426e+01,2.516751e+01,2.522768e+01,2.524773e+01,2.525442e+01,2.519426e+01,2.540801e+01,2.521431e+01,2.534126e+01,2.530119e+01,2.530787e+01,2.522100e+01,2.531454e+01,2.534793e+01,2.534793e+01,2.526110e+01,2.534793e+01,2.532122e+01,2.526778e+01,2.524105e+01,2.548805e+01,2.527446e+01,2.537464e+01,2.532122e+01,2.524773e+01,2.524105e+01,2.543469e+01,2.533458e+01,2.540801e+01,2.534126e+01,2.536796e+01,2.543469e+01,2.540133e+01,2.537464e+01,2.531454e+01,2.542802e+01,2.530787e+01,2.538131e+01,2.538799e+01,2.529451e+01,2.534793e+01,2.552139e+01,2.568790e+01,2.539466e+01,2.536796e+01,2.547471e+01,2.531454e+01,2.532790e+01,2.535461e+01,2.542802e+01,2.534126e+01,2.534126e+01,2.543469e+01,2.534126e+01,2.542802e+01,2.540801e+01,2.538799e+01,2.533458e+01,2.537464e+01,2.538131e+01,2.542135e+01,2.543469e+01,2.543469e+01,2.538799e+01,2.548138e+01,2.539466e+01,2.538131e+01,2.537464e+01,2.535461e+01,2.526778e+01,2.535461e+01,2.528782e+01,2.544804e+01,2.540801e+01,2.534793e+01,2.536129e+01,2.540801e+01,2.531454e+01,2.540801e+01,2.524773e+01,2.526778e+01,2.538799e+01,2.534126e+01,2.530119e+01,2.534793e+01,2.534793e+01,2.538799e+01,2.538131e+01,2.528782e+01,2.538131e+01,2.542802e+01,2.527446e+01,2.531454e+01,2.538799e+01,2.529451e+01,2.531454e+01,2.528782e+01,2.532790e+01,2.533458e+01,2.532790e+01,2.528115e+01,2.526778e+01,2.524105e+01,2.534793e+01,2.524105e+01,2.528115e+01,2.534126e+01,2.530787e+01,2.529451e+01,2.526778e+01,2.530119e+01,2.535461e+01,2.528115e+01,2.514744e+01,2.524773e+01,2.522100e+01,2.528115e+01,2.532790e+01,2.530119e+01,2.533458e+01,2.538799e+01,2.540133e+01,2.534126e+01,2.538799e+01,2.536796e+01,2.540801e+01,2.545471e+01,2.548805e+01,2.544804e+01,2.541468e+01,2.548138e+01,2.534793e+01,2.542135e+01,2.549472e+01,2.564130e+01,2.546805e+01,2.548805e+01,2.551472e+01,2.552805e+01,2.546805e+01,2.550805e+01,2.526778e+01,2.554804e+01,2.546138e+01,2.538131e+01,2.548805e+01,2.546138e+01,2.533458e+01,2.534793e+01,2.550805e+01,2.550805e+01,2.542802e+01,2.546138e+01,2.548805e+01,2.550805e+01,2.539466e+01,2.540801e+01,2.560800e+01,2.536796e+01,2.537464e+01,2.553472e+01,2.535461e+01,2.552139e+01,2.532790e+01,2.548805e+01,2.558136e+01,2.536129e+01,2.546805e+01,2.530119e+01,2.552805e+01,2.548138e+01,2.536129e+01,2.552139e+01,2.550805e+01,2.540801e+01,2.545471e+01,2.545471e+01,2.552139e+01,2.542135e+01,2.546805e+01,2.545471e+01,2.532122e+01,2.548138e+01,2.548138e+01,2.538131e+01,2.546805e+01,2.544804e+01,2.539466e+01,2.538799e+01,2.544137e+01,2.540133e+01,2.542135e+01,2.538799e+01,2.536129e+01,2.541468e+01,2.542802e+01,2.547471e+01,2.542135e+01,2.550805e+01,2.548805e+01,2.544804e+01,2.542135e+01,2.538131e+01,2.543469e+01,2.546138e+01,2.547471e+01,2.552139e+01,2.540801e+01,2.540801e+01,2.539466e+01,2.556137e+01,2.539466e+01,2.550805e+01,2.550805e+01,2.554138e+01,2.556137e+01,2.545471e+01,2.556804e+01,2.548805e+01,2.541468e+01,2.558802e+01,2.546138e+01,2.543469e+01,2.554804e+01,2.547471e+01,2.545471e+01,2.557470e+01,2.556804e+01,2.542802e+01,2.555471e+01,2.542135e+01,2.546805e+01,2.551472e+01,2.548805e+01,2.552139e+01,2.561466e+01,2.550139e+01,2.556804e+01,2.552805e+01,2.539466e+01,2.548805e+01,2.554138e+01,2.555471e+01,2.548138e+01,2.556804e+01,2.554138e+01,2.552139e+01,2.554138e+01,2.554804e+01,2.551472e+01,2.556804e+01,2.551472e+01,2.556804e+01,2.558802e+01,2.544804e+01,2.554804e+01,2.551472e+01,2.542135e+01,2.558802e+01,2.542802e+01,2.558136e+01,2.544804e+01,2.540133e+01,2.538799e+01,2.553472e+01,2.531454e+01,2.553472e+01,2.548805e+01,2.546805e+01,2.542135e+01,2.545471e+01,2.552139e+01,2.539466e+01,2.546138e+01,2.549472e+01,2.539466e+01,2.552139e+01,2.555471e+01,2.552139e+01,2.546805e+01,2.546138e+01,2.544137e+01,2.551472e+01,2.551472e+01,2.546138e+01,2.549472e+01,2.556137e+01,2.543469e+01,2.545471e+01,2.567459e+01,2.551472e+01,2.554138e+01,2.545471e+01,2.559468e+01,2.542135e+01,2.554138e+01,2.558802e+01,2.546805e+01,2.556137e+01,2.544137e+01,2.550805e+01,2.552805e+01,2.558802e+01,2.554138e+01,2.553472e+01,2.552805e+01,2.554804e+01,2.529451e+01,2.552805e+01,2.553472e+01,2.540133e+01,2.540133e+01,2.555471e+01,2.540801e+01,2.538799e+01,2.549472e+01,2.560134e+01,2.548805e+01,2.544137e+01,2.542802e+01,2.554138e+01,2.553472e+01,2.549472e+01,2.564130e+01,2.546805e+01,2.524773e+01,2.542135e+01,2.552805e+01,2.550139e+01,2.563464e+01,2.546138e+01,2.548138e+01,2.562132e+01,2.540801e+01,2.550805e+01,2.538131e+01,2.536796e+01,2.534793e+01,2.550139e+01,2.535461e+01,2.549472e+01,2.546138e+01,2.545471e+01,2.553472e+01,2.543469e+01,2.546138e+01,2.544804e+01,2.541468e+01,2.540801e+01,2.544137e+01,2.544804e+01,2.544137e+01,2.546805e+01,2.543469e+01,2.547471e+01,2.540801e+01,2.540801e+01,2.544137e+01,2.546138e+01,2.541468e+01,2.544137e+01,2.542802e+01,2.548138e+01,2.558802e+01,2.546805e+01,2.548138e+01,2.544804e+01,2.534793e+01,2.547471e+01,2.541468e+01,2.548138e+01,2.542135e+01,2.543469e+01,2.548805e+01,2.552805e+01,2.550139e+01,2.552805e+01,2.548138e+01,2.546138e+01,2.544804e+01,2.546138e+01,2.540801e+01,2.555471e+01,2.548138e+01,2.546805e+01,2.538799e+01,2.530787e+01,2.528782e+01,2.498677e+01,2.456383e+01,2.455038e+01,2.442247e+01,2.416619e+01,2.395664e+01,2.407837e+01,2.384833e+01,2.384833e+01,2.376024e+01,2.392281e+01,2.434835e+01,2.439552e+01,2.475201e+01,2.487281e+01,2.502026e+01,2.532790e+01,2.521431e+01,2.537464e+01,2.532790e+01,2.541468e+01,2.546805e+01,2.548138e+01,2.562132e+01,2.548805e+01,2.546805e+01,2.554138e+01,2.544137e+01,2.548805e+01,2.545471e+01,2.552139e+01,2.537464e+01,2.552805e+01,2.553472e+01,2.529451e+01,2.556804e+01,2.547471e+01,2.558136e+01,2.554138e+01,2.549472e+01,2.545471e+01,2.543469e+01,2.547471e+01,2.540801e+01,2.546805e+01,2.545471e+01,2.535461e+01,2.535461e+01,2.534126e+01,2.536129e+01,2.542802e+01,2.540801e+01,2.543469e+01,2.538799e+01,2.555471e+01,2.541468e+01,2.542135e+01,2.540133e+01,2.536796e+01,2.540801e+01,2.544804e+01,2.544804e+01,2.552139e+01,2.549472e+01,2.544137e+01,2.541468e+01,2.546805e+01,2.541468e+01,2.537464e+01,2.544137e+01,2.539466e+01,2.548138e+01,2.546138e+01,2.550139e+01,2.545471e+01,2.554804e+01,2.568124e+01,2.556804e+01,2.560134e+01,2.549472e+01,2.551472e+01,2.548805e+01,2.549472e+01,2.550805e+01,2.546138e+01,2.544804e+01
2.520763e+01,2.500687e+01,2.528115e+01,2.526110e+01,2.512737e+01,2.500687e+01,2.525442e+01,2.522100e+01,2.520094e+01,2.514075e+01,2.513406e+01,2.512068e+01,2.522768e+01,2.523437e+01,2.521431e+01,2.524773e+01,2.512737e+01,2.516751e+01,2.520763e+01,2.523437e+01,2.521431e+01,2.528115e+01,2.521431e+01,2.512737e+01,2.524773e+01,2.509391e+01,2.524773e+01,2.510060e+01,2.528782e+01,2.528115e+01,2.524105e+01,2.518088e+01,2.515413e+01,2.516751e+01,2.518088e+01,2.524773e+01,2.527446e+01,2.518757e+01,2.512068e+01,2.530119e+01,2.510060e+01,2.513406e+01,2.514744e+01,2.517419e+01,2.503366e+01,2.520763e+01,2.496667e+01,2.514075e+01,2.514744e+01,2.504705e+01,2.506713e+01,2.496667e+01,2.500017e+01,2.516082e+01,2.500017e+01,2.504705e+01,2.504035e+01,2.487281e+01,2.498677e+01,2.494656e+01,2.494656e+01,2.493316e+01,2.492645e+01,2.490634e+01,2.485940e+01,2.489964e+01,2.489964e+01,2.485940e+01,2.482585e+01,2.492645e+01,2.481243e+01,2.487952e+01,2.472515e+01,2.475873e+01,2.477216e+01,2.476544e+01,2.476544e+01,2.481243e+01,2.481243e+01,2.464452e+01,2.465124e+01,2.477216e+01,2.473858e+01,2.479901e+01,2.477887e+01,2.465796e+01,2.460419e+01,2.458401e+01,2.470500e+01,2.468484e+01,2.473187e+01,2.457056e+01,2.473187e+01,2.468484e+01,2.468484e+01,2.467813e+01,2.465124e+01,2.472515e+01,2.471172e+01,2.454365e+01,2.471172e+01,2.474530e+01,2.479230e+01,2.471844e+01,2.451000e+01,2.475873e+01,2.473858e+01,2.460419e+01,2.465124e+01,2.478558e+01,2.459073e+01,2.462436e+01,2.462436e+01,2.467141e+01,2.468484e+01,2.477887e+01,2.461091e+01,2.472515e+01,2.462436e+01,2.473858e+01,2.467141e+01,2.477887e+01,2.478558e+01,2.471844e+01,2.479230e+01,2.475873e+01,2.469828e+01,2.473858e+01,2.465796e+01,2.472515e+01,2.470500e+01,2.475873e+01,2.481914e+01,2.480572e+01,2.478558e+01,2.500017e+01,2.484598e+01,2.504705e+01,2.488622e+01,2.504705e+01,2.487952e+01,2.489964e+01,2.487281e+01,2.506044e+01,2.496667e+01,2.498677e+01,2.501357e+01,2.501357e+01,2.500687e+01,2.503366e+01,2.504705e+01,2.504705e+01,2.505375e+01,2.523437e+01,2.524105e+01,2.507383e+01,2.512737e+01,2.520763e+01,2.516751e+01,2.516082e+01,2.511399e+01,2.511399e+01,2.526778e+01,2.518757e+01,2.522768e+01,2.498007e+01,2.514744e+01,2.517419e+01,2.525442e+01,2.520763e+01,2.531454e+01,2.519426e+01,2.526778e+01,2.529451e+01,2.531454e+01,2.526778e+01,2.521431e+01,2.532790e+01,2.517419e+01,2.538131e+01,2.531454e+01,2.530787e+01,2.524773e+01,2.530787e+01,2.528782e+01,2.528782e+01,2.525442e+01,2.526110e+01,2.534126e+01,2.530787e+01,2.537464e+01,2.536129e+01,2.535461e+01,2.525442e+01,2.529451e+01,2.533458e+01,2.516751e+01,2.535461e+01,2.534793e+01,2.540801e+01,2.517419e+01,2.534126e+01,2.524105e+01,2.546138e+01,2.536129e+01,2.532122e+01,2.536129e+01,2.528115e+01,2.538799e+01,2.528115e+01,2.527446e+01,2.534126e+01,2.522100e+01,2.539466e+01,2.527446e+01,2.542802e+01,2.531454e+01,2.534126e+01,2.538799e+01,2.546805e+01,2.549472e+01,2.543469e+01,2.546805e+01,2.538799e+01,2.535461e+01,2.540133e+01,2.533458e+01,2.538131e+01,2.526778e+01,2.521431e+01,2.529451e+01,2.553472e+01,2.545471e+01,2.548138e+01,2.528115e+01,2.538131e+01,2.535461e+01,2.532122e+01,2.545471e+01,2.546138e+01,2.541468e+01,2.540133e+01,2.534793e+01,2.541468e+01,2.532122e+01,2.526110e+01,2.542135e+01,2.538131e+01,2.527446e+01,2.530787e+01,2.534126e+01,2.529451e+01,2.516082e+01,2.526778e+01,2.530787e+01,2.518088e+01,2.527446e+01,2.529451e+01,2.530787e+01,2.527446e+01,2.527446e+01,2.530787e+01,2.528782e+01,2.532122e+01,2.529451e+01,2.524773e+01,2.534126e+01,2.530119e+01,2.526110e+01,2.538131e+01,2.537464e+01,2.525442e+01,2.526778e+01,2.500687e+01,2.534126e+01,2.526778e+01,2.519426e+01,2.524105e+01,2.519426e+01,2.529451e+01,2.520094e+01,2.515413e+01,2.520763e+01,2.532122e+01,2.532122e+01,2.532790e+01,2.537464e+01,2.529451e+01,2.535461e+01,2.530119e+01,2.539466e+01,2.526110e+01,2.540801e+01,2.537464e+01,2.546138e+01,2.534793e+01,2.540133e+01,2.535461e+01,2.536129e+01,2.532790e+01,2.540133e+01,2.546138e+01,2.535461e+01,2.541468e+01,2.535461e+01,2.540133e+01,2.553472e+01,2.561466e+01,2.549472e+01,2.542135e+01,2.532790e+01,2.545471e+01,2.532122e+01,2.546805e+01,2.544137e+01,2.546138e+01,2.550139e+01,2.547471e+01,2.548805e+01,2.546138e+01,2.546138e+01,2.540133e+01,2.539466e+01,2.538799e+01,2.541468e+01,2.550139e+01,2.534793e+01,2.549472e+01,2.536129e+01,2.534793e+01,2.546138e+01,2.549472e+01,2.546138e+01,2.534793e+01,2.556804e+01,2.530119e+01,2.546138e+01,2.542135e+01,2.544804e+01,2.533458e+01,2.543469e+01,2.546805e+01,2.532790e+01,2.534793e+01,2.520094e+01,2.552139e+01,2.532790e+01,2.534793e+01,2.550139e+01,2.543469e+01,2.546138e+01,2.543469e+01,2.540801e+01,2.542135e+01,2.535461e+01,2.542802e+01,2.536796e+01,2.533458e+01,2.539466e+01,2.541468e+01,2.536129e+01,2.543469e+01,2.535461e+01,2.535461e+01,2.545471e+01,2.538799e+01,2.545471e+01,2.551472e+01,2.544137e+01,2.556137e+01,2.544804e+01,2.542802e+01,2.542802e+01,2.548138e+01,2.555471e+01,2.539466e+01,2.556804e+01,2.549472e+01,2.539466e+01,2.547471e+01,2.546138e+01,2.536129e+01,2.552139e+01,2.541468e+01,2.543469e+01,2.548805e+01,2.536796e+01,2.550805e+01,2.550805e+01,2.540801e+01,2.543469e+01,2.543469e+01,2.544137e+01,2.544804e+01,2.556804e+01,2.531454e+01,2.546138e+01,2.548805e+01,2.552139e+01,2.542802e+01,2.546138e+01,2.541468e+01,2.559468e+01,2.563464e+01,2.530119e+01,2.549472e+01,2.549472e+01,2.554804e+01,2.554138e+01,2.550139e+01,2.538799e+01,2.554138e+01,2.545471e+01,2.556137e+01,2.552139e+01,2.534126e+01,2.559468e+01,2.550805e+01,2.558136e+01,2.546138e+01,2.557470e+01,2.558136e+01,2.558136e+01,2.538131e+01,2.549472e+01,2.542802e+01,2.544137e+01,2.545471e+01,2.544804e+01,2.540133e+01,2.546805e+01,2.548805e+01,2.547471e+01,2.535461e+01,2.538131e+01,2.540801e+01,2.548805e+01,2.550139e+01,2.546138e+01,2.547471e+01,2.555471e+01,2.549472e+01,2.549472e+01,2.552139e+01,2.557470e+01,2.546805e+01,2.543469e+01,2.556137e+01,2.540801e+01,2.555471e+01,2.560134e+01,2.542802e+01,2.558136e+01,2.550139e+01,2.540801e+01,2.552139e+01,2.558802e+01,2.563464e+01,2.545471e+01,2.548138e+01,2.548138e+01,2.538131e+01,2.548805e+01,2.552139e+01,2.554138e+01,2.546138e+01,2.550805e+01,2.546138e+01,2.540133e+01,2.548138e+01,2.548138e+01,2.544804e+01,2.545471e+01,2.538131e+01,2.552805e+01,2.552139e+01,2.550805e+01,2.553472e+01,2.530119e+01,2.550805e+01,2.557470e+01,2.551472e+01,2.538131e+01,2.530787e+01,2.540133e+01,2.536129e+01,2.545471e+01,2.544137e+01,2.542802e+01,2.551472e+01,2.542802e+01,2.546138e+01,2.552139e+01,2.548138e+01,2.546138e+01,2.564130e+01,2.532122e+01,2.564130e+01,2.543469e+01,2.562798e+01,2.542135e+01,2.537464e+01,2.534126e+01,2.548805e+01,2.541468e+01,2.545471e+01,2.544137e+01,2.538131e+01,2.548805e+01,2.545471e+01,2.534126e+01,2.540801e+01,2.544804e+01,2.536796e+01,2.535461e+01,2.533458e+01,2.528782e+01,2.545471e+01,2.536129e+01,2.546805e+01,2.537464e+01,2.547471e+01,2.544137e+01,2.543469e+01,2.538799e+01,2.538799e+01,2.538799e+01,2.546805e+01,2.548805e+01,2.537464e+01,2.550139e+01,2.546138e+01,2.544137e+01,2.534126e+01,2.546805e+01,2.546138e+01,2.534793e+01,2.548138e+01,2.532122e+01,2.547471e+01,2.551472e+01,2.545471e+01,2.546138e+01,2.540133e+01,2.553472e+01,2.547471e+01,2.551472e+01,2.544137e+01,2.542135e+01,2.556137e+01,2.537464e+01,2.534793e+01,2.527446e+01,2.506044e+01,2.495997e+01,2.453019e+01,2.440226e+01,2.422019e+01,2.426068e+01,2.394988e+01,2.383478e+01,2.386865e+01,2.376024e+01,2.368564e+01,2.378057e+01,2.393634e+01,2.438878e+01,2.485269e+01,2.493316e+01,2.506713e+01,2.539466e+01,2.520094e+01,2.526778e+01,2.530119e+01,2.535461e+01,2.542135e+01,2.546805e+01,2.532122e+01,2.554138e+01,2.560800e+01,2.558136e+01,2.543469e+01,2.547471e+01,2.543469e+01,2.553472e+01,2.550139e+01,2.554804e+01,2.538799e+01,2.556804e+01,2.538799e+01,2.555471e+01,2.546138e+01,2.536129e+01,2.551472e+01,2.552805e+01,2.531454e+01,2.545471e+01,2.548805e+01,2.546138e+01,2.545471e+01,2.522768e+01,2.552805e+01,2.554138e+01,2.540133e+01,2.542135e+01,2.543469e+01,2.532790e+01,2.538799e+01,2.537464e+01,2.534793e+01,2.538799e+01,2.532790e+01,2.541468e+01,2.537464e+01,2.542802e+01,2.540801e+01,2.540801e+01,2.551472e+01,2.553472e+01,2.543469e+01,2.542135e+01,2.542135e+01,2.549472e+01,2.542802e+01,2.550139e+01,2.540801e+01,2.534793e+01,2.544804e+01,2.544137e+01,2.550805e+01,2.566793e+01,2.554804e+01,2.554804e+01,2.544804e+01,2.558136e+01,2.551472e+01,2.548138e+01,2.552139e+01,2.541468e+01,2.559468e+01
2.512068e+01,2.513406e+01,2.516082e+01,2.526110e+01,2.505375e+01,2.524105e+01,2.520763e+01,2.518088e+01,2.522768e+01,2.529451e+01,2.526778e+01,2.504035e+01,2.520763e+01,2.524105e+01,2.522100e+01,2.521431e+01,2.516751e+01,2.519426e+01,2.513406e+01,2.519426e+01,2.520763e+01,2.518088e+01,2.512737e+01,2.524773e+01,2.512737e+01,2.527446e+01,2.526778e+01,2.526110e+01,2.528115e+01,2.527446e+01,2.526778e+01,2.511399e+01,2.510730e+01,2.524773e+01,2.520094e+01,2.516082e+01,2.530787e+01,2.526110e+01,2.529451e+01,2.512737e+01,2.510060e+01,2.509391e+01,2.520094e+01,2.518757e+01,2.508052e+01,2.514075e+01,2.513406e+01,2.505375e+01,2.503366e+01,2.507383e+01,2.521431e+01,2.506713e+01,2.521431e+01,2.509391e+01,2.518088e+01,2.494656e+01,2.505375e+01,2.502696e+01,2.490634e+01,2.500017e+01,2.496667e+01,2.496667e+01,2.494656e+01,2.500017e+01,2.500687e+01,2.490634e+01,2.488622e+01,2.495326e+01,2.491305e+01,2.484598e+01,2.493986e+01,2.490634e+01,2.488622e+01,2.492645e+01,2.492645e+01,2.470500e+01,2.493986e+01,2.477887e+01,2.477887e+01,2.459073e+01,2.481914e+01,2.465124e+01,2.478558e+01,2.487281e+01,2.485940e+01,2.462436e+01,2.473187e+01,2.461763e+01,2.469156e+01,2.470500e+01,2.458401e+01,2.483927e+01,2.469828e+01,2.461763e+01,2.460419e+01,2.455038e+01,2.461091e+01,2.473858e+01,2.474530e+01,2.471172e+01,2.481914e+01,2.474530e+01,2.465796e+01,2.472515e+01,2.468484e+01,2.464452e+01,2.463780e+01,2.475201e+01,2.464452e+01,2.478558e+01,2.456383e+01,2.463780e+01,2.467813e+01,2.469156e+01,2.469828e+01,2.464452e+01,2.469828e+01,2.473187e+01,2.473187e+01,2.471844e+01,2.473187e+01,2.464452e+01,2.465796e+01,2.464452e+01,2.479901e+01,2.463780e+01,2.466469e+01,2.473187e+01,2.467141e+01,2.465796e+01,2.475201e+01,2.471844e+01,2.476544e+01,2.479230e+01,2.480572e+01,2.493316e+01,2.489964e+01,2.491305e+01,2.489964e+01,2.493986e+01,2.488622e+01,2.490634e+01,2.489964e+01,2.490634e+01,2.492645e+01,2.493986e+01,2.500017e+01,2.499347e+01,2.503366e+01,2.500687e+01,2.511399e+01,2.521431e+01,2.506044e+01,2.507383e+01,2.506713e+01,2.508722e+01,2.510730e+01,2.518088e+01,2.510060e+01,2.524773e+01,2.516751e+01,2.513406e+01,2.514744e+01,2.530119e+01,2.527446e+01,2.508722e+01,2.510060e+01,2.515413e+01,2.518088e+01,2.518757e+01,2.529451e+01,2.527446e+01,2.524773e+01,2.526778e+01,2.528115e+01,2.519426e+01,2.528782e+01,2.532122e+01,2.520094e+01,2.532122e+01,2.532790e+01,2.530119e+01,2.538799e+01,2.527446e+01,2.533458e+01,2.527446e+01,2.524773e+01,2.533458e+01,2.530119e+01,2.537464e+01,2.542135e+01,2.538799e+01,2.540133e+01,2.528115e+01,2.528115e+01,2.529451e+01,2.539466e+01,2.534126e+01,2.540801e+01,2.536129e+01,2.530787e+01,2.533458e+01,2.534126e+01,2.535461e+01,2.544137e+01,2.534793e+01,2.538131e+01,2.534793e+01,2.526778e+01,2.522768e+01,2.538799e+01,2.548138e+01,2.548138e+01,2.535461e+01,2.540133e+01,2.540801e+01,2.533458e+01,2.538131e+01,2.542135e+01,2.528782e+01,2.540801e+01,2.544137e+01,2.530119e+01,2.534793e+01,2.540801e+01,2.534793e+01,2.536796e+01,2.540801e+01,2.536796e+01,2.556137e+01,2.532790e+01,2.524105e+01,2.522768e+01,2.534793e+01,2.535461e+01,2.527446e+01,2.532790e+01,2.536129e+01,2.532790e+01,2.538131e+01,2.540801e+01,2.542802e+01,2.536129e+01,2.514075e+01,2.538799e+01,2.536129e+01,2.514075e+01,2.538799e+01,2.528782e+01,2.520763e+01,2.523437e+01,2.535461e+01,2.535461e+01,2.532122e+01,2.530787e+01,2.532790e+01,2.517419e+01,2.528115e+01,2.528115e+01,2.534793e+01,2.528115e+01,2.532122e+01,2.528115e+01,2.530787e+01,2.532790e+01,2.542135e+01,2.531454e+01,2.522100e+01,2.521431e+01,2.538799e+01,2.522100e+01,2.534793e+01,2.526778e+01,2.516082e+01,2.521431e+01,2.508722e+01,2.518088e+01,2.518088e+01,2.533458e+01,2.514075e+01,2.515413e+01,2.532790e+01,2.530787e+01,2.524105e+01,2.522768e+01,2.530787e+01,2.531454e+01,2.528115e+01,2.540133e+01,2.526778e+01,2.532790e+01,2.540133e+01,2.542135e+01,2.534126e+01,2.539466e+01,2.536129e+01,2.542135e+01,2.535461e+01,2.528782e+01,2.545471e+01,2.536796e+01,2.541468e+01,2.534126e+01,2.550139e+01,2.538131e+01,2.557470e+01,2.548138e+01,2.548805e+01,2.552139e+01,2.557470e+01,2.552139e+01,2.536129e+01,2.538799e+01,2.540801e+01,2.538799e+01,2.542802e+01,2.530119e+01,2.531454e+01,2.550805e+01,2.538799e+01,2.544137e+01,2.539466e+01,2.546138e+01,2.538799e+01,2.546805e+01,2.550805e+01,2.544137e+01,2.551472e+01,2.547471e+01,2.542802e+01,2.539466e+01,2.542135e+01,2.528782e+01,2.542802e+01,2.545471e+01,2.532790e+01,2.546138e+01,2.550139e+01,2.528782e+01,2.545471e+01,2.546138e+01,2.538131e+01,2.544804e+01,2.543469e+01,2.545471e+01,2.539466e+01,2.542135e+01,2.552139e+01,2.524773e+01,2.532122e+01,2.546805e+01,2.538799e+01,2.542802e+01,2.541468e+01,2.544137e+01,2.546805e+01,2.532790e+01,2.533458e+01,2.536129e+01,2.540133e+01,2.532790e+01,2.548805e+01,2.541468e+01,2.542802e+01,2.547471e+01,2.536796e+01,2.539466e+01,2.552139e+01,2.544804e+01,2.544804e+01,2.548805e+01,2.541468e+01,2.550139e+01,2.537464e+01,2.535461e+01,2.542802e+01,2.560800e+01,2.540801e+01,2.540801e+01,2.532790e+01,2.548138e+01,2.546138e+01,2.548138e+01,2.541468e+01,2.544137e+01,2.550139e+01,2.550805e+01,2.551472e+01,2.548138e+01,2.552139e+01,2.544804e+01,2.553472e+01,2.550139e+01,2.560134e+01,2.549472e+01,2.552139e+01,2.548805e+01,2.550805e+01,2.562132e+01,2.543469e+01,2.540133e+01,2.544804e+01,2.534793e+01,2.554804e+01,2.531454e+01,2.552805e+01,2.550139e+01,2.551472e+01,2.558136e+01,2.550805e+01,2.544804e+01,2.559468e+01,2.552139e+01,2.554804e+01,2.564130e+01,2.559468e+01,2.556804e+01,2.555471e+01,2.552139e+01,2.552805e+01,2.548805e+01,2.546138e+01,2.540801e+01,2.540133e+01,2.552805e+01,2.552805e+01,2.533458e+01,2.551472e+01,2.552139e+01,2.558802e+01,2.546805e+01,2.550805e+01,2.543469e+01,2.550139e+01,2.549472e+01,2.552805e+01,2.552139e+01,2.551472e+01,2.543469e+01,2.540133e+01,2.541468e+01,2.556137e+01,2.545471e+01,2.546138e+01,2.545471e+01,2.546138e+01,2.546138e+01,2.558802e+01,2.558802e+01,2.557470e+01,2.548138e+01,2.548805e+01,2.546138e+01,2.550139e+01,2.562798e+01,2.556804e+01,2.542135e+01,2.556137e+01,2.544804e+01,2.544804e+01,2.545471e+01,2.558136e+01,2.548805e+01,2.548138e+01,2.547471e+01,2.554804e+01,2.540801e+01,2.539466e+01,2.537464e+01,2.550805e+01,2.545471e+01,2.540133e+01,2.540801e+01,2.540801e+01,2.542135e+01,2.552139e+01,2.557470e+01,2.552805e+01,2.555471e+01,2.552805e+01,2.561466e+01,2.552139e+01,2.540133e+01,2.548805e+01,2.532790e+01,2.537464e+01,2.548138e+01,2.544137e+01,2.546138e+01,2.530119e+01,2.542802e+01,2.546138e+01,2.543469e+01,2.557470e+01,2.555471e+01,2.550805e+01,2.547471e+01,2.548805e+01,2.543469e+01,2.547471e+01,2.540133e+01,2.558802e+01,2.543469e+01,2.551472e+01,2.538131e+01,2.548138e+01,2.536796e+01,2.542135e+01,2.570121e+01,2.552139e+01,2.562132e+01,2.532790e+01,2.540801e+01,2.540133e+01,2.542135e+01,2.542135e+01,2.525442e+01,2.553472e+01,2.541468e+01,2.554804e+01,2.555471e+01,2.541468e+01,2.548805e+01,2.548805e+01,2.548805e+01,2.544137e+01,2.536129e+01,2.538799e+01,2.532790e+01,2.550139e+01,2.546138e+01,2.552805e+01,2.540133e+01,2.539466e+01,2.545471e+01,2.551472e+01,2.548805e+01,2.544137e+01,2.544137e+01,2.544804e+01,2.553472e+01,2.548138e+01,2.546138e+01,2.545471e+01,2.539466e+01,2.538131e+01,2.538799e+01,2.541468e+01,2.545471e+01,2.542135e+01,2.546138e+01,2.535461e+01,2.523437e+01,2.505375e+01,2.481243e+01,2.438878e+01,2.438878e+01,2.427417e+01,2.430790e+01,2.401752e+01,2.392958e+01,2.376702e+01,2.376702e+01,2.382123e+01,2.397018e+01,2.437531e+01,2.435509e+01,2.487281e+01,2.500017e+01,2.518088e+01,2.532790e+01,2.530119e+01,2.538131e+01,2.543469e+01,2.538799e+01,2.547471e+01,2.532122e+01,2.560800e+01,2.550139e+01,2.560134e+01,2.538799e+01,2.544137e+01,2.543469e+01,2.541468e+01,2.552805e+01,2.545471e+01,2.563464e+01,2.537464e+01,2.537464e+01,2.540801e+01,2.548805e+01,2.547471e+01,2.528782e+01,2.531454e+01,2.541468e+01,2.550139e+01,2.536129e+01,2.541468e+01,2.546138e+01,2.538799e+01,2.544137e+01,2.542802e+01,2.540133e+01,2.541468e+01,2.531454e+01,2.525442e+01,2.538131e+01,2.532790e+01,2.538799e+01,2.534126e+01,2.537464e+01,2.542802e+01,2.542135e+01,2.532790e+01,2.547471e+01,2.552805e+01,2.550805e+01,2.544137e+01,2.546805e+01,2.545471e+01,2.545471e+01,2.548805e+01,2.528115e+01,2.548805e+01,2.540133e+01,2.540801e+01,2.545471e+01,2.548138e+01,2.543469e+01,2.542135e+01,2.546138e+01,2.546805e+01,2.544137e+01,2.555471e+01,2.546138e+01,2.544137e+01,2.548805e+01,2.563464e+01,2.538799e+01,2.539466e+01
2.517419e+01,2.524773e+01,2.512737e+01,2.509391e+01,2.533458e+01,2.540801e+01,2.521431e+01,2.522768e+01,2.525442e+01,2.513406e+01,2.510060e+01,2.516751e+01,2.518757e+01,2.522100e+01,2.522100e+01,2.522100e+01,2.508722e+01,2.506044e+01,2.513406e+01,2.523437e+01,2.516082e+01,2.523437e+01,2.531454e+01,2.528782e+01,2.495326e+01,2.514744e+01,2.524773e+01,2.526778e+01,2.530119e+01,2.525442e+01,2.526778e+01,2.527446e+01,2.510060e+01,2.512737e+01,2.526778e+01,2.526110e+01,2.517419e+01,2.518088e+01,2.512068e+01,2.517419e+01,2.508722e+01,2.508722e+01,2.520094e+01,2.510730e+01,2.519426e+01,2.512737e+01,2.513406e+01,2.502026e+01,2.510060e+01,2.520094e+01,2.483256e+01,2.507383e+01,2.501357e+01,2.488622e+01,2.520094e+01,2.507383e+01,2.504035e+01,2.503366e+01,2.499347e+01,2.495326e+01,2.493316e+01,2.485940e+01,2.489293e+01,2.490634e+01,2.491975e+01,2.485940e+01,2.493986e+01,2.483927e+01,2.483927e+01,2.482585e+01,2.475201e+01,2.476544e+01,2.491975e+01,2.477216e+01,2.484598e+01,2.479230e+01,2.481914e+01,2.471172e+01,2.474530e+01,2.468484e+01,2.477887e+01,2.469828e+01,2.463108e+01,2.485269e+01,2.468484e+01,2.479230e+01,2.465796e+01,2.465124e+01,2.466469e+01,2.465124e+01,2.468484e+01,2.460419e+01,2.467813e+01,2.475201e+01,2.463780e+01,2.469828e+01,2.472515e+01,2.461763e+01,2.459746e+01,2.473187e+01,2.481914e+01,2.469156e+01,2.466469e+01,2.459746e+01,2.462436e+01,2.463108e+01,2.471172e+01,2.474530e+01,2.466469e+01,2.466469e+01,2.465796e+01,2.477216e+01,2.475873e+01,2.455710e+01,2.450327e+01,2.469828e+01,2.465796e+01,2.448308e+01,2.464452e+01,2.483927e+01,2.471844e+01,2.473858e+01,2.467141e+01,2.475201e+01,2.463780e+01,2.467141e+01,2.468484e+01,2.468484e+01,2.483256e+01,2.473858e+01,2.478558e+01,2.470500e+01,2.474530e+01,2.477887e+01,2.476544e+01,2.473187e+01,2.476544e+01,2.479901e+01,2.481914e+01,2.495326e+01,2.495326e+01,2.486610e+01,2.488622e+01,2.502026e+01,2.488622e+01,2.498007e+01,2.489964e+01,2.495997e+01,2.503366e+01,2.502026e+01,2.503366e+01,2.504705e+01,2.505375e+01,2.506044e+01,2.506713e+01,2.509391e+01,2.510730e+01,2.500017e+01,2.510060e+01,2.514075e+01,2.512737e+01,2.506713e+01,2.504035e+01,2.517419e+01,2.515413e+01,2.517419e+01,2.526778e+01,2.512068e+01,2.525442e+01,2.512737e+01,2.519426e+01,2.520094e+01,2.531454e+01,2.525442e+01,2.534793e+01,2.524773e+01,2.521431e+01,2.532122e+01,2.518757e+01,2.529451e+01,2.530787e+01,2.523437e+01,2.526110e+01,2.542802e+01,2.524773e+01,2.526778e+01,2.523437e+01,2.530119e+01,2.524773e+01,2.519426e+01,2.533458e+01,2.530119e+01,2.532790e+01,2.530119e+01,2.524773e+01,2.537464e+01,2.542802e+01,2.515413e+01,2.541468e+01,2.520763e+01,2.535461e+01,2.533458e+01,2.510060e+01,2.533458e+01,2.529451e+01,2.533458e+01,2.524773e+01,2.527446e+01,2.526110e+01,2.537464e+01,2.535461e+01,2.540801e+01,2.546805e+01,2.536796e+01,2.544137e+01,2.539466e+01,2.536129e+01,2.526110e+01,2.536129e+01,2.534793e+01,2.529451e+01,2.520094e+01,2.531454e+01,2.539466e+01,2.544804e+01,2.538131e+01,2.536796e+01,2.530119e+01,2.538799e+01,2.530119e+01,2.528782e+01,2.538799e+01,2.539466e+01,2.530787e+01,2.544137e+01,2.528782e+01,2.544804e+01,2.540133e+01,2.528782e+01,2.527446e+01,2.535461e+01,2.539466e+01,2.532790e+01,2.522100e+01,2.521431e+01,2.512068e+01,2.534126e+01,2.526110e+01,2.531454e+01,2.522768e+01,2.536796e+01,2.534126e+01,2.532122e+01,2.516082e+01,2.534126e+01,2.532790e+01,2.532790e+01,2.526778e+01,2.530119e+01,2.528115e+01,2.530787e+01,2.532790e+01,2.521431e+01,2.532122e+01,2.530787e+01,2.540133e+01,2.516751e+01,2.516751e+01,2.528115e+01,2.523437e+01,2.521431e+01,2.520763e+01,2.521431e+01,2.527446e+01,2.522768e+01,2.526110e+01,2.511399e+01,2.522100e+01,2.527446e+01,2.528115e+01,2.516082e+01,2.512737e+01,2.516751e+01,2.532790e+01,2.517419e+01,2.522768e+01,2.530787e+01,2.518088e+01,2.545471e+01,2.527446e+01,2.533458e+01,2.542135e+01,2.543469e+01,2.526778e+01,2.538131e+01,2.534126e+01,2.534126e+01,2.528115e+01,2.533458e+01,2.533458e+01,2.542802e+01,2.536796e+01,2.544137e+01,2.537464e+01,2.536129e+01,2.535461e+01,2.554804e+01,2.544804e+01,2.535461e+01,2.551472e+01,2.551472e+01,2.554138e+01,2.542135e+01,2.534793e+01,2.538799e+01,2.532122e+01,2.531454e+01,2.546805e+01,2.544137e+01,2.546138e+01,2.547471e+01,2.536129e+01,2.544137e+01,2.534126e+01,2.534793e+01,2.546138e+01,2.548805e+01,2.547471e+01,2.538799e+01,2.534793e+01,2.550139e+01,2.545471e+01,2.546805e+01,2.545471e+01,2.548138e+01,2.547471e+01,2.546138e+01,2.548138e+01,2.538131e+01,2.545471e+01,2.536796e+01,2.545471e+01,2.522768e+01,2.538131e+01,2.536129e+01,2.536129e+01,2.528115e+01,2.540801e+01,2.533458e+01,2.543469e+01,2.540801e+01,2.536129e+01,2.538131e+01,2.546138e+01,2.538131e+01,2.539466e+01,2.531454e+01,2.536129e+01,2.541468e+01,2.540133e+01,2.540801e+01,2.542802e+01,2.550139e+01,2.528782e+01,2.545471e+01,2.549472e+01,2.544137e+01,2.542802e+01,2.519426e+01,2.542802e+01,2.545471e+01,2.537464e+01,2.538131e+01,2.542135e+01,2.546138e+01,2.535461e+01,2.538131e+01,2.546805e+01,2.548138e+01,2.544804e+01,2.540801e+01,2.546138e+01,2.550139e+01,2.549472e+01,2.544804e+01,2.546805e+01,2.551472e+01,2.550805e+01,2.550139e+01,2.551472e+01,2.533458e+01,2.544137e+01,2.547471e+01,2.540801e+01,2.535461e+01,2.547471e+01,2.539466e+01,2.542802e+01,2.546805e+01,2.546138e+01,2.536129e+01,2.550805e+01,2.532122e+01,2.543469e+01,2.540801e+01,2.556137e+01,2.550139e+01,2.532122e+01,2.545471e+01,2.538799e+01,2.546138e+01,2.542802e+01,2.554138e+01,2.542802e+01,2.547471e+01,2.556804e+01,2.554804e+01,2.550139e+01,2.551472e+01,2.540133e+01,2.562798e+01,2.538799e+01,2.564796e+01,2.539466e+01,2.555471e+01,2.550805e+01,2.544137e+01,2.528115e+01,2.542135e+01,2.542802e+01,2.540133e+01,2.542802e+01,2.551472e+01,2.547471e+01,2.554804e+01,2.538131e+01,2.545471e+01,2.544804e+01,2.544804e+01,2.574113e+01,2.551472e+01,2.550805e+01,2.548138e+01,2.546805e+01,2.540801e+01,2.544804e+01,2.554804e+01,2.545471e+01,2.544137e+01,2.544137e+01,2.546805e+01,2.544137e+01,2.540133e+01,2.538799e+01,2.556137e+01,2.539466e+01,2.536796e+01,2.542802e+01,2.540801e+01,2.551472e+01,2.560800e+01,2.545471e+01,2.548805e+01,2.553472e+01,2.544804e+01,2.542135e+01,2.548138e+01,2.548138e+01,2.544804e+01,2.554804e+01,2.542135e+01,2.543469e+01,2.541468e+01,2.552805e+01,2.532122e+01,2.541468e+01,2.530787e+01,2.555471e+01,2.537464e+01,2.546138e+01,2.538131e+01,2.541468e+01,2.543469e+01,2.539466e+01,2.544137e+01,2.540801e+01,2.547471e+01,2.548138e+01,2.546138e+01,2.546138e+01,2.557470e+01,2.536796e+01,2.547471e+01,2.540801e+01,2.548138e+01,2.562132e+01,2.545471e+01,2.532122e+01,2.544804e+01,2.538131e+01,2.526778e+01,2.541468e+01,2.540133e+01,2.536129e+01,2.538131e+01,2.536796e+01,2.544804e+01,2.534126e+01,2.531454e+01,2.546138e+01,2.536796e+01,2.534126e+01,2.539466e+01,2.535461e+01,2.550805e+01,2.536129e+01,2.528782e+01,2.546138e+01,2.545471e+01,2.533458e+01,2.531454e+01,2.535461e+01,2.544804e+01,2.546138e+01,2.540801e+01,2.540801e+01,2.534793e+01,2.546138e+01,2.527446e+01,2.543469e+01,2.540133e+01,2.543469e+01,2.546805e+01,2.546138e+01,2.550139e+01,2.550139e+01,2.552805e+01,2.553472e+01,2.550805e+01,2.538131e+01,2.538131e+01,2.533458e+01,2.543469e+01,2.545471e+01,2.546138e+01,2.540801e+01,2.547471e+01,2.537464e+01,2.542802e+01,2.558802e+01,2.531454e+01,2.512068e+01,2.533458e+01,2.489964e+01,2.461763e+01,2.436857e+01,2.433487e+01,2.409188e+01,2.390927e+01,2.394311e+01,2.363814e+01,2.376024e+01,2.378057e+01,2.378057e+01,2.384155e+01,2.434835e+01,2.485940e+01,2.485269e+01,2.504705e+01,2.520763e+01,2.531454e+01,2.543469e+01,2.545471e+01,2.543469e+01,2.527446e+01,2.545471e+01,2.532790e+01,2.534126e+01,2.533458e+01,2.536796e+01,2.550139e+01,2.542135e+01,2.545471e+01,2.542135e+01,2.542135e+01,2.534126e+01,2.548138e+01,2.536129e+01,2.532790e+01,2.549472e+01,2.541468e+01,2.544137e+01,2.540133e+01,2.544137e+01,2.546805e+01,2.534126e+01,2.540133e+01,2.542802e+01,2.532790e+01,2.540133e+01,2.538131e+01,2.534126e+01,2.528115e+01,2.533458e+01,2.534126e+01,2.528782e+01,2.546805e+01,2.540801e+01,2.556804e+01,2.544137e+01,2.534126e+01,2.543469e+01,2.546138e+01,2.542135e+01,2.534126e+01,2.536796e+01,2.554138e+01,2.544804e+01,2.526110e+01,2.548805e+01,2.545471e+01,2.540801e+01,2.552805e+01,2.538799e+01,2.546805e+01,2.540801e+01,2.544137e+01,2.545471e+01,2.541468e+01,2.546805e+01,2.554804e+01,2.580762e+01,2.546138e+01,2.551472e+01,2.548138e+01,2.558802e+01,2.548138e+01,2.546805e+01,2.549472e+01,2.538799e+01
2.515413e+01,2.521431e+01,2.511399e+01,2.514744e+01,2.536796e+01,2.504035e+01,2.522768e+01,2.533458e+01,2.525442e+01,2.513406e+01,2.534126e+01,2.504705e+01,2.528782e+01,2.518757e+01,2.524105e+01,2.510730e+01,2.520763e+01,2.519426e+01,2.520763e+01,2.515413e+01,2.525442e+01,2.518088e+01,2.512737e+01,2.534793e+01,2.533458e+01,2.518088e+01,2.531454e+01,2.526778e+01,2.530787e+01,2.512737e+01,2.512737e+01,2.510060e+01,2.507383e+01,2.504035e+01,2.525442e+01,2.529451e+01,2.530119e+01,2.518757e+01,2.521431e+01,2.522768e+01,2.509391e+01,2.508052e+01,2.512737e+01,2.520094e+01,2.515413e+01,2.524105e+01,2.528115e+01,2.502696e+01,2.502696e+01,2.504705e+01,2.511399e+01,2.511399e+01,2.518757e+01,2.512737e+01,2.514075e+01,2.513406e+01,2.512068e+01,2.498677e+01,2.505375e+01,2.488622e+01,2.497337e+01,2.483256e+01,2.493986e+01,2.492645e+01,2.493986e+01,2.489293e+01,2.492645e+01,2.489293e+01,2.502696e+01,2.479230e+01,2.499347e+01,2.493986e+01,2.493986e+01,2.491305e+01,2.483927e+01,2.483927e+01,2.477887e+01,2.475201e+01,2.483256e+01,2.471172e+01,2.483256e+01,2.475873e+01,2.479230e+01,2.470500e+01,2.457056e+01,2.485940e+01,2.466469e+01,2.468484e+01,2.481914e+01,2.464452e+01,2.481243e+01,2.475201e+01,2.479230e+01,2.469156e+01,2.455038e+01,2.476544e+01,2.460419e+01,2.463780e+01,2.470500e+01,2.474530e+01,2.467141e+01,2.469156e+01,2.477216e+01,2.477887e+01,2.475873e+01,2.477216e+01,2.458401e+01,2.466469e+01,2.461091e+01,2.468484e+01,2.469828e+01,2.473187e+01,2.455710e+01,2.462436e+01,2.467813e+01,2.467813e+01,2.465124e+01,2.457728e+01,2.474530e+01,2.473187e+01,2.476544e+01,2.463780e+01,2.473858e+01,2.479901e+01,2.481243e+01,2.471844e+01,2.469156e+01,2.471844e+01,2.470500e+01,2.471172e+01,2.465124e+01,2.469828e+01,2.479901e+01,2.478558e+01,2.474530e+01,2.489964e+01,2.473187e+01,2.477887e+01,2.498007e+01,2.491305e+01,2.489293e+01,2.487281e+01,2.491305e+01,2.489293e+01,2.486610e+01,2.489293e+01,2.512737e+01,2.498677e+01,2.501357e+01,2.512068e+01,2.503366e+01,2.504705e+01,2.504035e+01,2.516751e+01,2.500017e+01,2.506713e+01,2.510060e+01,2.512068e+01,2.508722e+01,2.505375e+01,2.502026e+01,2.524105e+01,2.516082e+01,2.525442e+01,2.528782e+01,2.510730e+01,2.524773e+01,2.528782e+01,2.524773e+01,2.516751e+01,2.524773e+01,2.522100e+01,2.518088e+01,2.524105e+01,2.548138e+01,2.514744e+01,2.518088e+01,2.530787e+01,2.523437e+01,2.515413e+01,2.519426e+01,2.527446e+01,2.522768e+01,2.527446e+01,2.538131e+01,2.530119e+01,2.526778e+01,2.524105e+01,2.525442e+01,2.538131e+01,2.529451e+01,2.542802e+01,2.528115e+01,2.541468e+01,2.537464e+01,2.539466e+01,2.537464e+01,2.538799e+01,2.538799e+01,2.530119e+01,2.524773e+01,2.534126e+01,2.532122e+01,2.550139e+01,2.532790e+01,2.518757e+01,2.540133e+01,2.534793e+01,2.522768e+01,2.528115e+01,2.526110e+01,2.536129e+01,2.538131e+01,2.554804e+01,2.536129e+01,2.535461e+01,2.536796e+01,2.524773e+01,2.534793e+01,2.542802e+01,2.530787e+01,2.534126e+01,2.522768e+01,2.546138e+01,2.544137e+01,2.534793e+01,2.538799e+01,2.536129e+01,2.560134e+01,2.534793e+01,2.529451e+01,2.527446e+01,2.532122e+01,2.540801e+01,2.536796e+01,2.530119e+01,2.531454e+01,2.542135e+01,2.527446e+01,2.542802e+01,2.523437e+01,2.532122e+01,2.540133e+01,2.534126e+01,2.531454e+01,2.537464e+01,2.525442e+01,2.530787e+01,2.538131e+01,2.524105e+01,2.538799e+01,2.519426e+01,2.519426e+01,2.530119e+01,2.530787e+01,2.525442e+01,2.526110e+01,2.529451e+01,2.521431e+01,2.524773e+01,2.529451e+01,2.532122e+01,2.524105e+01,2.522100e+01,2.524773e+01,2.513406e+01,2.524105e+01,2.520763e+01,2.522768e+01,2.522100e+01,2.521431e+01,2.524105e+01,2.538799e+01,2.509391e+01,2.536796e+01,2.526110e+01,2.522100e+01,2.511399e+01,2.514075e+01,2.518088e+01,2.514744e+01,2.525442e+01,2.523437e+01,2.520763e+01,2.523437e+01,2.525442e+01,2.531454e+01,2.530119e+01,2.548138e+01,2.536796e+01,2.540133e+01,2.542802e+01,2.537464e+01,2.540133e+01,2.535461e+01,2.540801e+01,2.530787e+01,2.531454e+01,2.544804e+01,2.544804e+01,2.546805e+01,2.544137e+01,2.542135e+01,2.550139e+01,2.534793e+01,2.553472e+01,2.549472e+01,2.537464e+01,2.547471e+01,2.545471e+01,2.552139e+01,2.550139e+01,2.537464e+01,2.536129e+01,2.537464e+01,2.543469e+01,2.534126e+01,2.540133e+01,2.540133e+01,2.544804e+01,2.548138e+01,2.542802e+01,2.535461e+01,2.544137e+01,2.543469e+01,2.544137e+01,2.550139e+01,2.540133e+01,2.538131e+01,2.543469e+01,2.538799e+01,2.548805e+01,2.549472e+01,2.537464e+01,2.534793e+01,2.541468e+01,2.534793e+01,2.543469e+01,2.541468e+01,2.551472e+01,2.544137e+01,2.527446e+01,2.548138e+01,2.542135e+01,2.541468e+01,2.540133e+01,2.542135e+01,2.542135e+01,2.539466e+01,2.542802e+01,2.542135e+01,2.540133e+01,2.547471e+01,2.544137e+01,2.538131e+01,2.538131e+01,2.532122e+01,2.532122e+01,2.536796e+01,2.540133e+01,2.555471e+01,2.559468e+01,2.538799e+01,2.540133e+01,2.532122e+01,2.538131e+01,2.548138e+01,2.540133e+01,2.538131e+01,2.547471e+01,2.538131e+01,2.543469e+01,2.540133e+01,2.516082e+01,2.531454e+01,2.536129e+01,2.538799e+01,2.548138e+01,2.533458e+01,2.546138e+01,2.549472e+01,2.540801e+01,2.552139e+01,2.540801e+01,2.550139e+01,2.550139e+01,2.546805e+01,2.552805e+01,2.552139e+01,2.551472e+01,2.551472e+01,2.559468e+01,2.544137e+01,2.555471e+01,2.548138e+01,2.546805e+01,2.544804e+01,2.548805e+01,2.544804e+01,2.540801e+01,2.552805e+01,2.542135e+01,2.542802e+01,2.554138e+01,2.554804e+01,2.550805e+01,2.541468e+01,2.553472e+01,2.548805e+01,2.542802e+01,2.553472e+01,2.558802e+01,2.545471e+01,2.551472e+01,2.546138e+01,2.552139e+01,2.555471e+01,2.547471e+01,2.548805e+01,2.554138e+01,2.536129e+01,2.554138e+01,2.539466e+01,2.564130e+01,2.551472e+01,2.546805e+01,2.546138e+01,2.543469e+01,2.538799e+01,2.543469e+01,2.550805e+01,2.554138e+01,2.547471e+01,2.554138e+01,2.545471e+01,2.542802e+01,2.546805e+01,2.544137e+01,2.543469e+01,2.544137e+01,2.543469e+01,2.554804e+01,2.538131e+01,2.551472e+01,2.548805e+01,2.560134e+01,2.546138e+01,2.561466e+01,2.547471e+01,2.538799e+01,2.540801e+01,2.544804e+01,2.538799e+01,2.559468e+01,2.547471e+01,2.560800e+01,2.549472e+01,2.539466e+01,2.544137e+01,2.543469e+01,2.559468e+01,2.544137e+01,2.553472e+01,2.542135e+01,2.531454e+01,2.543469e+01,2.550139e+01,2.538131e+01,2.538799e+01,2.552805e+01,2.541468e+01,2.554804e+01,2.552805e+01,2.545471e+01,2.536796e+01,2.536129e+01,2.554138e+01,2.546805e+01,2.551472e+01,2.556137e+01,2.536796e+01,2.535461e+01,2.549472e+01,2.544804e+01,2.544804e+01,2.547471e+01,2.544804e+01,2.548138e+01,2.547471e+01,2.547471e+01,2.544137e+01,2.541468e+01,2.544137e+01,2.549472e+01,2.550805e+01,2.564796e+01,2.545471e+01,2.530787e+01,2.554138e+01,2.543469e+01,2.552805e+01,2.550139e+01,2.543469e+01,2.541468e+01,2.553472e+01,2.533458e+01,2.534793e+01,2.538799e+01,2.531454e+01,2.541468e+01,2.541468e+01,2.532790e+01,2.544137e+01,2.544804e+01,2.552139e+01,2.552139e+01,2.540133e+01,2.533458e+01,2.534126e+01,2.540801e+01,2.544137e+01,2.544137e+01,2.539466e+01,2.534793e+01,2.545471e+01,2.539466e+01,2.543469e+01,2.538131e+01,2.550139e+01,2.554804e+01,2.537464e+01,2.541468e+01,2.535461e+01,2.531454e+01,2.553472e+01,2.550805e+01,2.552805e+01,2.546805e+01,2.550805e+01,2.544804e+01,2.540133e+01,2.526110e+01,2.540133e+01,2.544804e+01,2.546138e+01,2.541468e+01,2.545471e+01,2.542135e+01,2.546138e+01,2.541468e+01,2.542802e+01,2.510060e+01,2.503366e+01,2.489964e+01,2.462436e+01,2.432138e+01,2.418644e+01,2.401752e+01,2.392281e+01,2.390250e+01,2.392281e+01,2.361778e+01,2.382123e+01,2.387542e+01,2.418644e+01,2.446961e+01,2.488622e+01,2.505375e+01,2.526778e+01,2.524105e+01,2.541468e+01,2.529451e+01,2.543469e+01,2.546805e+01,2.536129e+01,2.558136e+01,2.546138e+01,2.544804e+01,2.544137e+01,2.545471e+01,2.550139e+01,2.516082e+01,2.562132e+01,2.551472e+01,2.543469e+01,2.540801e+01,2.544137e+01,2.545471e+01,2.552139e+01,2.552139e+01,2.549472e+01,2.543469e+01,2.545471e+01,2.541468e+01,2.534126e+01,2.544137e+01,2.546805e+01,2.546138e+01,2.536796e+01,2.544137e+01,2.543469e+01,2.538131e+01,2.562132e+01,2.532790e+01,2.539466e+01,2.542135e+01,2.554138e+01,2.544137e+01,2.532790e+01,2.534793e+01,2.542802e+01,2.554138e+01,2.544137e+01,2.528782e+01,2.539466e+01,2.539466e+01,2.550139e+01,2.544804e+01,2.540133e+01,2.532790e+01,2.544137e+01,2.537464e+01,2.552139e+01,2.520763e+01,2.542135e+01,2.551472e+01,2.546805e+01,2.549472e+01,2.531454e+01,2.546805e+01,2.550805e+01,2.545471e+01,2.540133e+01,2.550139e+01,2.549472e+01,2.551472e+01,2.552805e+01,2.555471e+01,2.537464e+01,2.548805e+01
2.518757e+01,2.515413e+01,2.514744e+01,2.509391e+01,2.525442e+01,2.530119e+01,2.520763e+01,2.512068e+01,2.512068e+01,2.520094e+01,2.513406e+01,2.504035e+01,2.502696e+01,2.526110e+01,2.521431e+01,2.506713e+01,2.521431e+01,2.506044e+01,2.506713e+01,2.515413e+01,2.506044e+01,2.532122e+01,2.510060e+01,2.523437e+01,2.504705e+01,2.520763e+01,2.514744e+01,2.514744e+01,2.529451e+01,2.528782e+01,2.528115e+01,2.526778e+01,2.527446e+01,2.527446e+01,2.524105e+01,2.526778e+01,2.515413e+01,2.518757e+01,2.509391e+01,2.512737e+01,2.506713e+01,2.501357e+01,2.519426e+01,2.512737e+01,2.506713e+01,2.510730e+01,2.501357e+01,2.503366e+01,2.518088e+01,2.500017e+01,2.512737e+01,2.507383e+01,2.510730e+01,2.492645e+01,2.501357e+01,2.501357e+01,2.508052e+01,2.499347e+01,2.498007e+01,2.496667e+01,2.498007e+01,2.494656e+01,2.493316e+01,2.485940e+01,2.498677e+01,2.500687e+01,2.500687e+01,2.490634e+01,2.485940e+01,2.480572e+01,2.473187e+01,2.478558e+01,2.490634e+01,2.477216e+01,2.479901e+01,2.481243e+01,2.475201e+01,2.487952e+01,2.470500e+01,2.477887e+01,2.480572e+01,2.485940e+01,2.475873e+01,2.471844e+01,2.469156e+01,2.473187e+01,2.470500e+01,2.467813e+01,2.463108e+01,2.479901e+01,2.478558e+01,2.478558e+01,2.469828e+01,2.453692e+01,2.475201e+01,2.474530e+01,2.451673e+01,2.469828e+01,2.475201e+01,2.474530e+01,2.475873e+01,2.468484e+01,2.465124e+01,2.481243e+01,2.459746e+01,2.459073e+01,2.466469e+01,2.461763e+01,2.471172e+01,2.473187e+01,2.455038e+01,2.470500e+01,2.487952e+01,2.468484e+01,2.471844e+01,2.470500e+01,2.469828e+01,2.495326e+01,2.465124e+01,2.454365e+01,2.475201e+01,2.476544e+01,2.476544e+01,2.480572e+01,2.462436e+01,2.477887e+01,2.480572e+01,2.475201e+01,2.463108e+01,2.469828e+01,2.471172e+01,2.475873e+01,2.480572e+01,2.479230e+01,2.480572e+01,2.479901e+01,2.484598e+01,2.486610e+01,2.473858e+01,2.489293e+01,2.486610e+01,2.489293e+01,2.488622e+01,2.493986e+01,2.483927e+01,2.484598e+01,2.511399e+01,2.474530e+01,2.500017e+01,2.502026e+01,2.514075e+01,2.493986e+01,2.502696e+01,2.499347e+01,2.504035e+01,2.501357e+01,2.509391e+01,2.510730e+01,2.516751e+01,2.511399e+01,2.499347e+01,2.506713e+01,2.518757e+01,2.506044e+01,2.508052e+01,2.515413e+01,2.515413e+01,2.522768e+01,2.508722e+01,2.504035e+01,2.521431e+01,2.503366e+01,2.520094e+01,2.516082e+01,2.518088e+01,2.534793e+01,2.520763e+01,2.533458e+01,2.520094e+01,2.521431e+01,2.522100e+01,2.516082e+01,2.534793e+01,2.525442e+01,2.538799e+01,2.525442e+01,2.528115e+01,2.529451e+01,2.526110e+01,2.528115e+01,2.525442e+01,2.518757e+01,2.523437e+01,2.535461e+01,2.540133e+01,2.530119e+01,2.534126e+01,2.542802e+01,2.532790e+01,2.536796e+01,2.534126e+01,2.532122e+01,2.532790e+01,2.545471e+01,2.531454e+01,2.536129e+01,2.526778e+01,2.532790e+01,2.535461e+01,2.536129e+01,2.531454e+01,2.550139e+01,2.532122e+01,2.537464e+01,2.534793e+01,2.534126e+01,2.533458e+01,2.524105e+01,2.539466e+01,2.538799e+01,2.523437e+01,2.546138e+01,2.538131e+01,2.532790e+01,2.540133e+01,2.540133e+01,2.538799e+01,2.553472e+01,2.526110e+01,2.544137e+01,2.526110e+01,2.538131e+01,2.524105e+01,2.537464e+01,2.524773e+01,2.535461e+01,2.531454e+01,2.530787e+01,2.539466e+01,2.534793e+01,2.536129e+01,2.539466e+01,2.539466e+01,2.532790e+01,2.534793e+01,2.531454e+01,2.528115e+01,2.515413e+01,2.532122e+01,2.520094e+01,2.520763e+01,2.535461e+01,2.520763e+01,2.525442e+01,2.528782e+01,2.526778e+01,2.520094e+01,2.526778e+01,2.527446e+01,2.527446e+01,2.528115e+01,2.526110e+01,2.523437e+01,2.528115e+01,2.520763e+01,2.532122e+01,2.527446e+01,2.528115e+01,2.515413e+01,2.518088e+01,2.516751e+01,2.538131e+01,2.527446e+01,2.540801e+01,2.518088e+01,2.514075e+01,2.538131e+01,2.524105e+01,2.520763e+01,2.513406e+01,2.516751e+01,2.532122e+01,2.521431e+01,2.524105e+01,2.515413e+01,2.524105e+01,2.531454e+01,2.544137e+01,2.535461e+01,2.532122e+01,2.537464e+01,2.532790e+01,2.539466e+01,2.532122e+01,2.542802e+01,2.540801e+01,2.555471e+01,2.532790e+01,2.544804e+01,2.542135e+01,2.534793e+01,2.543469e+01,2.539466e+01,2.539466e+01,2.546138e+01,2.538131e+01,2.535461e+01,2.578103e+01,2.550805e+01,2.538131e+01,2.548138e+01,2.537464e+01,2.538799e+01,2.538799e+01,2.542135e+01,2.539466e+01,2.540801e+01,2.542135e+01,2.544137e+01,2.544804e+01,2.546805e+01,2.530787e+01,2.532122e+01,2.552805e+01,2.537464e+01,2.544804e+01,2.542802e+01,2.549472e+01,2.540133e+01,2.542135e+01,2.548138e+01,2.548805e+01,2.547471e+01,2.534126e+01,2.547471e+01,2.542135e+01,2.526110e+01,2.525442e+01,2.546805e+01,2.545471e+01,2.547471e+01,2.543469e+01,2.542135e+01,2.541468e+01,2.547471e+01,2.542135e+01,2.542135e+01,2.537464e+01,2.538131e+01,2.546138e+01,2.544137e+01,2.537464e+01,2.534793e+01,2.542802e+01,2.532122e+01,2.543469e+01,2.532122e+01,2.540801e+01,2.542135e+01,2.538131e+01,2.553472e+01,2.553472e+01,2.538799e+01,2.532122e+01,2.545471e+01,2.533458e+01,2.537464e+01,2.538799e+01,2.543469e+01,2.546138e+01,2.542802e+01,2.542802e+01,2.534793e+01,2.537464e+01,2.540133e+01,2.540133e+01,2.540133e+01,2.521431e+01,2.544137e+01,2.537464e+01,2.552139e+01,2.543469e+01,2.550805e+01,2.541468e+01,2.552139e+01,2.552139e+01,2.549472e+01,2.549472e+01,2.547471e+01,2.543469e+01,2.534793e+01,2.564796e+01,2.546805e+01,2.560134e+01,2.540801e+01,2.547471e+01,2.554138e+01,2.552139e+01,2.553472e+01,2.542135e+01,2.544804e+01,2.538131e+01,2.548138e+01,2.553472e+01,2.552139e+01,2.547471e+01,2.542802e+01,2.549472e+01,2.556804e+01,2.548138e+01,2.537464e+01,2.544804e+01,2.550805e+01,2.546805e+01,2.550139e+01,2.550805e+01,2.550139e+01,2.536796e+01,2.543469e+01,2.552139e+01,2.543469e+01,2.547471e+01,2.546138e+01,2.543469e+01,2.544804e+01,2.537464e+01,2.554138e+01,2.547471e+01,2.542135e+01,2.542135e+01,2.544137e+01,2.550139e+01,2.556137e+01,2.556137e+01,2.550805e+01,2.536129e+01,2.544137e+01,2.567459e+01,2.543469e+01,2.545471e+01,2.553472e+01,2.549472e+01,2.532122e+01,2.546805e+01,2.546138e+01,2.546805e+01,2.544137e+01,2.545471e+01,2.545471e+01,2.544137e+01,2.544137e+01,2.548805e+01,2.540801e+01,2.539466e+01,2.553472e+01,2.554804e+01,2.542802e+01,2.545471e+01,2.556804e+01,2.545471e+01,2.550805e+01,2.550805e+01,2.546805e+01,2.549472e+01,2.555471e+01,2.552139e+01,2.542135e+01,2.538799e+01,2.542135e+01,2.552139e+01,2.544804e+01,2.544804e+01,2.552139e+01,2.542802e+01,2.539466e+01,2.546805e+01,2.540133e+01,2.540133e+01,2.536129e+01,2.546805e+01,2.544137e+01,2.540801e+01,2.539466e+01,2.543469e+01,2.534793e+01,2.544804e+01,2.543469e+01,2.545471e+01,2.547471e+01,2.544804e+01,2.540133e+01,2.546805e+01,2.551472e+01,2.551472e+01,2.533458e+01,2.546805e+01,2.544804e+01,2.546138e+01,2.546805e+01,2.543469e+01,2.538799e+01,2.540801e+01,2.544137e+01,2.540133e+01,2.536129e+01,2.542802e+01,2.543469e+01,2.543469e+01,2.536796e+01,2.534126e+01,2.535461e+01,2.542135e+01,2.543469e+01,2.543469e+01,2.542135e+01,2.548138e+01,2.554138e+01,2.552139e+01,2.540801e+01,2.546138e+01,2.544137e+01,2.544137e+01,2.547471e+01,2.544804e+01,2.541468e+01,2.544804e+01,2.545471e+01,2.550139e+01,2.556804e+01,2.546805e+01,2.545471e+01,2.545471e+01,2.546805e+01,2.538799e+01,2.550139e+01,2.548805e+01,2.547471e+01,2.532790e+01,2.540133e+01,2.536129e+01,2.522100e+01,2.543469e+01,2.542135e+01,2.532122e+01,2.545471e+01,2.544804e+01,2.545471e+01,2.543469e+01,2.537464e+01,2.536796e+01,2.532122e+01,2.508052e+01,2.488622e+01,2.474530e+01,2.444268e+01,2.411891e+01,2.407837e+01,2.392281e+01,2.395664e+01,2.380091e+01,2.363814e+01,2.376702e+01,2.382123e+01,2.411891e+01,2.444268e+01,2.457056e+01,2.487281e+01,2.508052e+01,2.526778e+01,2.529451e+01,2.534793e+01,2.540801e+01,2.547471e+01,2.546805e+01,2.548805e+01,2.550139e+01,2.552139e+01,2.548805e+01,2.542802e+01,2.546138e+01,2.548805e+01,2.544804e+01,2.553472e+01,2.538131e+01,2.540133e+01,2.560800e+01,2.570121e+01,2.551472e+01,2.550139e+01,2.538799e+01,2.557470e+01,2.548805e+01,2.546805e+01,2.543469e+01,2.545471e+01,2.539466e+01,2.534126e+01,2.534793e+01,2.544137e+01,2.536129e+01,2.533458e+01,2.550139e+01,2.542135e+01,2.544137e+01,2.544137e+01,2.543469e+01,2.540801e+01,2.542802e+01,2.544137e+01,2.528782e+01,2.538131e+01,2.544137e+01,2.542802e+01,2.546138e+01,2.544804e+01,2.540801e+01,2.544137e+01,2.545471e+01,2.550139e+01,2.544137e+01,2.550805e+01,2.536129e+01,2.544137e+01,2.537464e+01,2.553472e+01,2.544137e+01,2.544137e+01,2.550139e+01,2.546805e+01,2.544804e+01,2.545471e+01,2.545471e+01,2.548805e+01,2.542135e+01,2.548138e+01,2.549472e+01,2.545471e+01,2.554804e+01,2.532790e+01,2.546805e+01
2.516751e+01,2.528115e+01,2.518088e+01,2.530119e+01,2.516751e+01,2.514744e+01,2.523437e+01,2.516082e+01,2.516082e+01,2.528115e+01,2.516082e+01,2.522768e+01,2.521431e+01,2.508052e+01,2.517419e+01,2.510730e+01,2.516751e+01,2.522768e+01,2.515413e+01,2.517419e+01,2.522100e+01,2.527446e+01,2.516751e+01,2.512068e+01,2.512068e+01,2.514075e+01,2.514744e+01,2.514075e+01,2.529451e+01,2.529451e+01,2.530119e+01,2.514744e+01,2.516751e+01,2.511399e+01,2.511399e+01,2.506713e+01,2.527446e+01,2.524773e+01,2.514744e+01,2.517419e+01,2.530787e+01,2.504705e+01,2.508052e+01,2.512737e+01,2.518757e+01,2.524105e+01,2.522100e+01,2.504705e+01,2.524773e+01,2.499347e+01,2.498677e+01,2.501357e+01,2.504705e+01,2.505375e+01,2.508052e+01,2.506713e+01,2.495997e+01,2.510060e+01,2.499347e+01,2.491305e+01,2.504705e+01,2.504705e+01,2.485269e+01,2.500687e+01,2.489293e+01,2.488622e+01,2.489964e+01,2.500687e+01,2.503366e+01,2.487952e+01,2.492645e+01,2.481243e+01,2.479230e+01,2.493316e+01,2.491305e+01,2.495326e+01,2.485269e+01,2.473187e+01,2.483927e+01,2.482585e+01,2.479230e+01,2.490634e+01,2.480572e+01,2.474530e+01,2.473187e+01,2.477887e+01,2.477216e+01,2.465796e+01,2.447635e+01,2.462436e+01,2.462436e+01,2.461763e+01,2.470500e+01,2.466469e+01,2.469156e+01,2.468484e+01,2.461763e+01,2.464452e+01,2.467141e+01,2.469156e+01,2.469828e+01,2.466469e+01,2.468484e+01,2.468484e+01,2.473858e+01,2.462436e+01,2.471844e+01,2.473187e+01,2.476544e+01,2.473858e+01,2.472515e+01,2.471172e+01,2.454365e+01,2.469828e+01,2.459746e+01,2.448308e+01,2.460419e+01,2.477887e+01,2.471172e+01,2.458401e+01,2.467813e+01,2.463780e+01,2.479230e+01,2.465796e+01,2.463780e+01,2.477887e+01,2.465796e+01,2.475873e+01,2.473187e+01,2.469828e+01,2.473858e+01,2.475873e+01,2.471844e+01,2.479901e+01,2.475873e+01,2.476544e+01,2.468484e+01,2.467813e+01,2.481243e+01,2.484598e+01,2.492645e+01,2.488622e+01,2.495326e+01,2.490634e+01,2.494656e+01,2.487952e+01,2.504035e+01,2.498677e+01,2.490634e+01,2.507383e+01,2.499347e+01,2.502026e+01,2.502696e+01,2.500017e+01,2.500017e+01,2.505375e+01,2.506713e+01,2.500687e+01,2.504705e+01,2.513406e+01,2.520763e+01,2.498677e+01,2.506044e+01,2.531454e+01,2.514075e+01,2.504035e+01,2.514075e+01,2.506044e+01,2.499347e+01,2.503366e+01,2.522100e+01,2.508052e+01,2.516751e+01,2.519426e+01,2.513406e+01,2.512737e+01,2.514744e+01,2.502026e+01,2.527446e+01,2.523437e+01,2.537464e+01,2.530119e+01,2.526110e+01,2.538131e+01,2.526110e+01,2.524773e+01,2.538131e+01,2.550805e+01,2.539466e+01,2.538131e+01,2.526110e+01,2.524105e+01,2.528782e+01,2.532790e+01,2.536796e+01,2.529451e+01,2.530119e+01,2.540133e+01,2.539466e+01,2.536129e+01,2.532122e+01,2.541468e+01,2.525442e+01,2.527446e+01,2.532122e+01,2.516751e+01,2.534126e+01,2.518088e+01,2.537464e+01,2.542802e+01,2.532790e+01,2.537464e+01,2.533458e+01,2.534126e+01,2.535461e+01,2.532122e+01,2.534793e+01,2.525442e+01,2.536796e+01,2.532790e+01,2.544137e+01,2.539466e+01,2.532790e+01,2.518088e+01,2.542135e+01,2.534126e+01,2.524773e+01,2.533458e+01,2.534126e+01,2.534793e+01,2.527446e+01,2.534126e+01,2.545471e+01,2.530787e+01,2.540133e+01,2.528115e+01,2.538799e+01,2.526110e+01,2.526110e+01,2.526110e+01,2.522100e+01,2.540133e+01,2.537464e+01,2.526778e+01,2.527446e+01,2.526110e+01,2.521431e+01,2.524105e+01,2.528782e+01,2.530787e+01,2.528115e+01,2.522100e+01,2.523437e+01,2.519426e+01,2.524105e+01,2.518757e+01,2.524105e+01,2.514744e+01,2.523437e+01,2.528115e+01,2.528115e+01,2.529451e+01,2.524105e+01,2.535461e+01,2.528782e+01,2.522768e+01,2.518757e+01,2.521431e+01,2.528115e+01,2.523437e+01,2.511399e+01,2.518757e+01,2.538131e+01,2.518757e+01,2.517419e+01,2.512737e+01,2.537464e+01,2.521431e+01,2.522768e+01,2.519426e+01,2.524105e+01,2.518088e+01,2.524773e+01,2.511399e+01,2.514075e+01,2.537464e+01,2.528782e+01,2.533458e+01,2.534793e+01,2.540133e+01,2.532790e+01,2.532790e+01,2.539466e+01,2.532790e+01,2.533458e+01,2.541468e+01,2.541468e+01,2.529451e+01,2.526110e+01,2.539466e+01,2.542802e+01,2.541468e+01,2.534793e+01,2.547471e+01,2.533458e+01,2.538799e+01,2.532122e+01,2.537464e+01,2.538131e+01,2.544137e+01,2.546138e+01,2.538799e+01,2.545471e+01,2.540133e+01,2.545471e+01,2.542135e+01,2.540133e+01,2.536796e+01,2.542135e+01,2.531454e+01,2.552805e+01,2.534793e+01,2.536129e+01,2.543469e+01,2.550139e+01,2.544137e+01,2.544137e+01,2.540801e+01,2.542135e+01,2.543469e+01,2.547471e+01,2.548805e+01,2.538799e+01,2.538799e+01,2.549472e+01,2.538799e+01,2.540133e+01,2.540801e+01,2.543469e+01,2.546805e+01,2.541468e+01,2.540133e+01,2.544137e+01,2.531454e+01,2.540801e+01,2.529451e+01,2.529451e+01,2.538799e+01,2.536796e+01,2.525442e+01,2.534793e+01,2.540133e+01,2.542135e+01,2.527446e+01,2.543469e+01,2.540133e+01,2.536796e+01,2.537464e+01,2.544137e+01,2.542135e+01,2.533458e+01,2.532122e+01,2.536129e+01,2.534793e+01,2.534793e+01,2.538131e+01,2.533458e+01,2.550139e+01,2.536796e+01,2.526110e+01,2.537464e+01,2.553472e+01,2.537464e+01,2.537464e+01,2.531454e+01,2.536129e+01,2.540801e+01,2.540801e+01,2.534793e+01,2.537464e+01,2.547471e+01,2.546805e+01,2.536796e+01,2.546805e+01,2.536129e+01,2.546138e+01,2.544137e+01,2.546138e+01,2.552139e+01,2.550805e+01,2.547471e+01,2.534793e+01,2.560800e+01,2.547471e+01,2.548138e+01,2.558802e+01,2.544137e+01,2.546805e+01,2.550805e+01,2.546138e+01,2.547471e+01,2.540133e+01,2.549472e+01,2.545471e+01,2.536129e+01,2.554138e+01,2.550805e+01,2.541468e+01,2.546138e+01,2.540133e+01,2.542802e+01,2.531454e+01,2.559468e+01,2.547471e+01,2.552805e+01,2.542135e+01,2.552139e+01,2.538131e+01,2.550805e+01,2.548138e+01,2.552805e+01,2.539466e+01,2.540801e+01,2.564130e+01,2.551472e+01,2.546805e+01,2.549472e+01,2.540133e+01,2.532790e+01,2.536129e+01,2.541468e+01,2.546805e+01,2.552139e+01,2.540133e+01,2.545471e+01,2.541468e+01,2.540133e+01,2.544137e+01,2.545471e+01,2.534126e+01,2.531454e+01,2.548138e+01,2.533458e+01,2.548138e+01,2.546138e+01,2.545471e+01,2.537464e+01,2.545471e+01,2.538131e+01,2.542135e+01,2.541468e+01,2.542802e+01,2.550805e+01,2.555471e+01,2.556137e+01,2.544137e+01,2.535461e+01,2.539466e+01,2.540133e+01,2.541468e+01,2.555471e+01,2.535461e+01,2.550805e+01,2.552139e+01,2.557470e+01,2.554804e+01,2.551472e+01,2.546138e+01,2.550805e+01,2.546138e+01,2.543469e+01,2.543469e+01,2.545471e+01,2.537464e+01,2.542135e+01,2.556137e+01,2.544804e+01,2.550139e+01,2.543469e+01,2.543469e+01,2.544804e+01,2.536129e+01,2.540133e+01,2.532122e+01,2.538799e+01,2.552805e+01,2.532122e+01,2.545471e+01,2.537464e+01,2.541468e+01,2.542135e+01,2.550139e+01,2.548138e+01,2.553472e+01,2.545471e+01,2.542135e+01,2.544137e+01,2.533458e+01,2.541468e+01,2.540801e+01,2.539466e+01,2.538799e+01,2.543469e+01,2.547471e+01,2.541468e+01,2.540801e+01,2.536796e+01,2.536796e+01,2.533458e+01,2.534126e+01,2.541468e+01,2.536796e+01,2.542802e+01,2.549472e+01,2.565462e+01,2.533458e+01,2.544804e+01,2.532122e+01,2.532122e+01,2.544137e+01,2.542802e+01,2.555471e+01,2.542802e+01,2.544137e+01,2.544137e+01,2.538799e+01,2.538131e+01,2.548805e+01,2.546805e+01,2.533458e+01,2.533458e+01,2.524773e+01,2.546138e+01,2.547471e+01,2.546138e+01,2.537464e+01,2.534793e+01,2.548805e+01,2.554138e+01,2.530787e+01,2.542135e+01,2.546805e+01,2.546138e+01,2.541468e+01,2.547471e+01,2.543469e+01,2.547471e+01,2.549472e+01,2.544137e+01,2.555471e+01,2.528782e+01,2.502696e+01,2.475873e+01,2.469156e+01,2.433487e+01,2.408512e+01,2.411215e+01,2.371277e+01,2.371277e+01,2.369242e+01,2.382801e+01,2.369242e+01,2.388219e+01,2.413242e+01,2.477216e+01,2.487952e+01,2.492645e+01,2.496667e+01,2.531454e+01,2.533458e+01,2.536796e+01,2.538799e+01,2.539466e+01,2.548138e+01,2.529451e+01,2.547471e+01,2.548805e+01,2.549472e+01,2.538799e+01,2.538799e+01,2.540801e+01,2.541468e+01,2.536796e+01,2.543469e+01,2.544137e+01,2.551472e+01,2.544804e+01,2.559468e+01,2.516082e+01,2.551472e+01,2.544137e+01,2.551472e+01,2.556137e+01,2.538131e+01,2.542802e+01,2.532122e+01,2.537464e+01,2.538131e+01,2.539466e+01,2.554804e+01,2.542802e+01,2.538131e+01,2.532790e+01,2.543469e+01,2.534793e+01,2.544137e+01,2.558136e+01,2.534793e+01,2.528115e+01,2.538131e+01,2.544804e+01,2.549472e+01,2.530119e+01,2.540801e+01,2.545471e+01,2.538799e+01,2.538799e+01,2.537464e+01,2.546805e+01,2.540801e+01,2.537464e+01,2.534793e+01,2.540801e+01,2.534126e+01,2.554804e+01,2.544804e+01,2.556804e+01,2.550139e+01,2.532122e+01,2.537464e+01,2.546805e+01,2.532122e+01,2.524105e+01,2.548805e+01,2.544804e+01,2.548805e+01,2.544804e+01,2.542802e+01,2.555471e+01,2.541468e+01
2.519426e+01,2.513406e+01,2.517419e+01,2.522768e+01,2.521431e+01,2.518757e+01,2.519426e+01,2.511399e+01,2.513406e+01,2.515413e+01,2.527446e+01,2.527446e+01,2.516082e+01,2.521431e+01,2.524105e+01,2.518757e+01,2.520094e+01,2.513406e+01,2.510060e+01,2.512068e+01,2.528115e+01,2.524773e+01,2.520094e+01,2.530119e+01,2.516082e+01,2.516082e+01,2.510730e+01,2.514075e+01,2.527446e+01,2.521431e+01,2.518088e+01,2.524105e+01,2.512737e+01,2.513406e+01,2.530787e+01,2.514075e+01,2.519426e+01,2.521431e+01,2.516082e+01,2.516751e+01,2.520094e+01,2.514075e+01,2.515413e+01,2.516082e+01,2.532122e+01,2.508722e+01,2.530787e+01,2.532790e+01,2.504705e+01,2.511399e+01,2.498007e+01,2.506713e+01,2.496667e+01,2.507383e+01,2.495997e+01,2.515413e+01,2.505375e+01,2.507383e+01,2.495997e+01,2.491305e+01,2.499347e+01,2.493986e+01,2.491305e+01,2.487281e+01,2.492645e+01,2.503366e+01,2.494656e+01,2.500017e+01,2.491305e+01,2.483927e+01,2.492645e+01,2.483927e+01,2.482585e+01,2.487952e+01,2.482585e+01,2.493986e+01,2.480572e+01,2.475201e+01,2.477216e+01,2.475873e+01,2.489293e+01,2.475201e+01,2.478558e+01,2.465124e+01,2.471172e+01,2.467813e+01,2.469156e+01,2.476544e+01,2.475873e+01,2.479901e+01,2.465796e+01,2.471844e+01,2.463108e+01,2.469156e+01,2.467141e+01,2.465124e+01,2.463108e+01,2.463108e+01,2.468484e+01,2.467813e+01,2.465796e+01,2.457056e+01,2.470500e+01,2.462436e+01,2.459746e+01,2.471172e+01,2.468484e+01,2.459073e+01,2.473858e+01,2.474530e+01,2.472515e+01,2.463108e+01,2.469156e+01,2.469828e+01,2.453692e+01,2.447635e+01,2.470500e+01,2.448981e+01,2.473858e+01,2.458401e+01,2.475201e+01,2.457056e+01,2.473858e+01,2.465796e+01,2.463780e+01,2.465124e+01,2.461763e+01,2.461763e+01,2.462436e+01,2.462436e+01,2.470500e+01,2.470500e+01,2.475201e+01,2.471844e+01,2.466469e+01,2.476544e+01,2.475201e+01,2.478558e+01,2.479230e+01,2.495326e+01,2.485940e+01,2.487281e+01,2.485269e+01,2.483256e+01,2.504705e+01,2.494656e+01,2.491975e+01,2.490634e+01,2.489964e+01,2.504035e+01,2.506713e+01,2.499347e+01,2.498677e+01,2.499347e+01,2.504035e+01,2.499347e+01,2.502696e+01,2.508052e+01,2.523437e+01,2.504705e+01,2.522100e+01,2.506044e+01,2.502026e+01,2.509391e+01,2.512068e+01,2.504705e+01,2.505375e+01,2.507383e+01,2.504035e+01,2.510730e+01,2.518757e+01,2.521431e+01,2.514744e+01,2.515413e+01,2.522768e+01,2.496667e+01,2.519426e+01,2.540133e+01,2.523437e+01,2.530787e+01,2.520763e+01,2.530787e+01,2.530119e+01,2.528115e+01,2.532122e+01,2.510060e+01,2.527446e+01,2.513406e+01,2.530787e+01,2.527446e+01,2.517419e+01,2.537464e+01,2.529451e+01,2.533458e+01,2.538131e+01,2.527446e+01,2.524105e+01,2.531454e+01,2.525442e+01,2.522768e+01,2.522100e+01,2.532122e+01,2.524773e+01,2.521431e+01,2.521431e+01,2.538131e+01,2.535461e+01,2.526110e+01,2.534793e+01,2.524105e+01,2.541468e+01,2.532790e+01,2.533458e+01,2.519426e+01,2.532122e+01,2.533458e+01,2.537464e+01,2.529451e+01,2.532122e+01,2.537464e+01,2.534793e+01,2.524773e+01,2.533458e+01,2.528115e+01,2.535461e+01,2.517419e+01,2.533458e+01,2.537464e+01,2.522768e+01,2.546805e+01,2.519426e+01,2.528115e+01,2.529451e+01,2.526110e+01,2.538799e+01,2.535461e+01,2.528782e+01,2.530787e+01,2.530119e+01,2.528115e+01,2.532790e+01,2.539466e+01,2.540801e+01,2.527446e+01,2.528782e+01,2.517419e+01,2.530119e+01,2.527446e+01,2.528782e+01,2.517419e+01,2.514075e+01,2.514075e+01,2.515413e+01,2.522100e+01,2.526778e+01,2.506713e+01,2.517419e+01,2.520094e+01,2.524105e+01,2.522100e+01,2.518088e+01,2.520094e+01,2.513406e+01,2.512737e+01,2.518088e+01,2.510730e+01,2.521431e+01,2.525442e+01,2.522768e+01,2.518088e+01,2.519426e+01,2.522100e+01,2.520094e+01,2.538799e+01,2.536796e+01,2.524773e+01,2.514075e+01,2.517419e+01,2.520763e+01,2.511399e+01,2.524773e+01,2.516751e+01,2.518757e+01,2.520094e+01,2.521431e+01,2.528115e+01,2.538799e+01,2.532790e+01,2.534126e+01,2.536796e+01,2.535461e+01,2.532122e+01,2.535461e+01,2.537464e+01,2.542802e+01,2.538799e+01,2.532790e+01,2.528782e+01,2.511399e+01,2.544137e+01,2.540133e+01,2.538131e+01,2.535461e+01,2.546805e+01,2.538131e+01,2.535461e+01,2.536129e+01,2.546805e+01,2.554138e+01,2.548805e+01,2.545471e+01,2.536796e+01,2.526110e+01,2.534793e+01,2.538131e+01,2.540801e+01,2.536796e+01,2.537464e+01,2.539466e+01,2.532790e+01,2.533458e+01,2.548805e+01,2.540133e+01,2.536796e+01,2.539466e+01,2.534793e+01,2.542802e+01,2.541468e+01,2.535461e+01,2.546805e+01,2.524773e+01,2.537464e+01,2.547471e+01,2.542135e+01,2.534793e+01,2.544804e+01,2.540801e+01,2.544804e+01,2.541468e+01,2.546805e+01,2.542135e+01,2.543469e+01,2.537464e+01,2.532790e+01,2.536796e+01,2.528782e+01,2.528115e+01,2.533458e+01,2.534126e+01,2.537464e+01,2.530119e+01,2.528782e+01,2.544804e+01,2.544137e+01,2.532122e+01,2.539466e+01,2.533458e+01,2.544804e+01,2.540801e+01,2.535461e+01,2.541468e+01,2.532122e+01,2.534126e+01,2.524773e+01,2.533458e+01,2.533458e+01,2.540801e+01,2.533458e+01,2.536129e+01,2.553472e+01,2.540133e+01,2.544137e+01,2.543469e+01,2.542135e+01,2.532790e+01,2.545471e+01,2.540133e+01,2.532790e+01,2.540801e+01,2.544137e+01,2.545471e+01,2.546805e+01,2.542802e+01,2.536796e+01,2.545471e+01,2.540801e+01,2.543469e+01,2.551472e+01,2.536796e+01,2.545471e+01,2.548805e+01,2.543469e+01,2.536129e+01,2.540801e+01,2.534793e+01,2.539466e+01,2.544804e+01,2.539466e+01,2.548138e+01,2.541468e+01,2.549472e+01,2.538131e+01,2.537464e+01,2.551472e+01,2.544804e+01,2.545471e+01,2.546138e+01,2.546805e+01,2.541468e+01,2.548138e+01,2.533458e+01,2.554138e+01,2.556804e+01,2.547471e+01,2.548805e+01,2.540801e+01,2.547471e+01,2.541468e+01,2.552805e+01,2.542135e+01,2.545471e+01,2.552139e+01,2.548138e+01,2.546805e+01,2.544137e+01,2.544137e+01,2.545471e+01,2.541468e+01,2.538799e+01,2.538799e+01,2.538799e+01,2.548805e+01,2.554138e+01,2.544804e+01,2.540133e+01,2.538799e+01,2.551472e+01,2.544804e+01,2.534126e+01,2.553472e+01,2.548805e+01,2.548805e+01,2.546805e+01,2.546805e+01,2.535461e+01,2.539466e+01,2.548805e+01,2.540801e+01,2.545471e+01,2.544804e+01,2.538131e+01,2.542135e+01,2.543469e+01,2.543469e+01,2.542802e+01,2.556137e+01,2.554138e+01,2.543469e+01,2.541468e+01,2.552805e+01,2.550139e+01,2.528115e+01,2.542802e+01,2.558136e+01,2.547471e+01,2.544804e+01,2.540801e+01,2.538131e+01,2.558136e+01,2.542802e+01,2.544804e+01,2.546138e+01,2.524105e+01,2.546138e+01,2.542135e+01,2.542802e+01,2.534126e+01,2.544137e+01,2.549472e+01,2.548138e+01,2.542135e+01,2.546138e+01,2.530787e+01,2.538799e+01,2.524773e+01,2.542802e+01,2.535461e+01,2.543469e+01,2.545471e+01,2.542135e+01,2.533458e+01,2.539466e+01,2.553472e+01,2.542802e+01,2.557470e+01,2.543469e+01,2.546805e+01,2.558136e+01,2.539466e+01,2.554138e+01,2.557470e+01,2.538799e+01,2.536129e+01,2.549472e+01,2.548138e+01,2.540801e+01,2.535461e+01,2.533458e+01,2.540801e+01,2.526110e+01,2.543469e+01,2.544804e+01,2.540133e+01,2.542802e+01,2.538131e+01,2.547471e+01,2.539466e+01,2.532790e+01,2.549472e+01,2.542802e+01,2.541468e+01,2.534126e+01,2.546138e+01,2.545471e+01,2.542135e+01,2.545471e+01,2.552805e+01,2.533458e+01,2.548805e+01,2.546805e+01,2.541468e+01,2.538799e+01,2.541468e+01,2.540133e+01,2.536129e+01,2.540133e+01,2.543469e+01,2.536129e+01,2.547471e+01,2.534126e+01,2.535461e+01,2.538799e+01,2.540133e+01,2.542135e+01,2.544137e+01,2.542802e+01,2.531454e+01,2.544804e+01,2.539466e+01,2.537464e+01,2.513406e+01,2.491975e+01,2.461091e+01,2.453692e+01,2.408512e+01,2.405809e+01,2.401076e+01,2.390927e+01,2.395664e+01,2.380768e+01,2.364493e+01,2.384155e+01,2.395664e+01,2.438878e+01,2.459073e+01,2.491305e+01,2.498007e+01,2.505375e+01,2.529451e+01,2.540133e+01,2.538799e+01,2.533458e+01,2.532790e+01,2.534126e+01,2.546805e+01,2.534126e+01,2.545471e+01,2.542802e+01,2.546805e+01,2.532122e+01,2.535461e+01,2.538131e+01,2.538131e+01,2.536796e+01,2.554138e+01,2.545471e+01,2.546805e+01,2.561466e+01,2.538131e+01,2.553472e+01,2.539466e+01,2.540801e+01,2.532122e+01,2.558136e+01,2.540133e+01,2.536796e+01,2.533458e+01,2.544137e+01,2.544137e+01,2.541468e+01,2.538799e+01,2.544804e+01,2.534126e+01,2.540133e+01,2.543469e+01,2.542135e+01,2.538799e+01,2.536129e+01,2.532122e+01,2.540801e+01,2.540133e+01,2.540133e+01,2.544137e+01,2.540133e+01,2.543469e+01,2.543469e+01,2.546138e+01,2.546805e+01,2.548138e+01,2.538799e+01,2.539466e+01,2.553472e+01,2.538131e+01,2.547471e+01,2.546138e+01,2.540133e+01,2.548805e+01,2.552805e+01,2.552139e+01,2.548805e+01,2.550805e+01,2.540801e+01,2.545471e+01,2.542802e+01,2.536129e+01,2.549472e+01,2.533458e+01,2.538131e+01,2.542802e+01,2.555471e+01
2.516082e+01,2.528782e+01,2.514744e+01,2.508722e+01,2.518757e+01,2.521431e+01,2.522100e+01,2.513406e+01,2.519426e+01,2.510060e+01,2.513406e+01,2.510730e+01,2.522768e+01,2.504035e+01,2.520094e+01,2.504705e+01,2.506044e+01,2.509391e+01,2.522100e+01,2.527446e+01,2.525442e+01,2.523437e+01,2.518088e+01,2.514075e+01,2.513406e+01,2.522100e+01,2.516082e+01,2.517419e+01,2.526110e+01,2.515413e+01,2.520094e+01,2.526778e+01,2.518757e+01,2.510730e+01,2.519426e+01,2.519426e+01,2.526110e+01,2.510060e+01,2.509391e+01,2.503366e+01,2.514744e+01,2.522100e+01,2.520094e+01,2.526110e+01,2.521431e+01,2.526110e+01,2.515413e+01,2.528115e+01,2.508722e+01,2.516751e+01,2.520763e+01,2.511399e+01,2.508052e+01,2.502026e+01,2.506044e+01,2.497337e+01,2.505375e+01,2.492645e+01,2.513406e+01,2.491305e+01,2.493316e+01,2.487952e+01,2.490634e+01,2.495326e+01,2.485269e+01,2.500017e+01,2.496667e+01,2.493316e+01,2.483927e+01,2.485269e+01,2.498007e+01,2.495997e+01,2.493316e+01,2.479230e+01,2.485269e+01,2.496667e+01,2.500017e+01,2.474530e+01,2.487281e+01,2.481914e+01,2.483927e+01,2.480572e+01,2.482585e+01,2.475201e+01,2.477887e+01,2.468484e+01,2.478558e+01,2.472515e+01,2.473858e+01,2.467813e+01,2.479230e+01,2.475201e+01,2.464452e+01,2.447635e+01,2.457056e+01,2.465796e+01,2.467813e+01,2.472515e+01,2.467141e+01,2.464452e+01,2.469156e+01,2.477216e+01,2.480572e+01,2.467141e+01,2.463108e+01,2.470500e+01,2.455710e+01,2.484598e+01,2.445614e+01,2.477216e+01,2.477887e+01,2.459746e+01,2.459073e+01,2.468484e+01,2.468484e+01,2.471844e+01,2.455710e+01,2.448308e+01,2.472515e+01,2.459746e+01,2.461091e+01,2.475873e+01,2.471172e+01,2.461091e+01,2.463108e+01,2.467813e+01,2.461763e+01,2.467813e+01,2.466469e+01,2.465796e+01,2.475201e+01,2.468484e+01,2.484598e+01,2.472515e+01,2.468484e+01,2.471172e+01,2.476544e+01,2.472515e+01,2.480572e+01,2.484598e+01,2.494656e+01,2.477216e+01,2.487281e+01,2.489293e+01,2.490634e+01,2.495326e+01,2.500687e+01,2.491975e+01,2.498677e+01,2.508052e+01,2.500687e+01,2.506044e+01,2.494656e+01,2.500687e+01,2.503366e+01,2.495997e+01,2.499347e+01,2.502696e+01,2.501357e+01,2.512068e+01,2.500017e+01,2.511399e+01,2.502696e+01,2.502026e+01,2.513406e+01,2.511399e+01,2.512068e+01,2.504705e+01,2.515413e+01,2.496667e+01,2.520094e+01,2.520763e+01,2.522768e+01,2.520763e+01,2.520094e+01,2.530787e+01,2.515413e+01,2.536129e+01,2.534126e+01,2.516751e+01,2.524105e+01,2.520094e+01,2.530787e+01,2.524105e+01,2.532122e+01,2.532790e+01,2.514075e+01,2.524773e+01,2.531454e+01,2.550139e+01,2.528782e+01,2.508722e+01,2.534126e+01,2.530787e+01,2.527446e+01,2.533458e+01,2.526778e+01,2.530119e+01,2.527446e+01,2.517419e+01,2.529451e+01,2.532790e+01,2.523437e+01,2.522768e+01,2.522768e+01,2.526110e+01,2.533458e+01,2.535461e+01,2.532122e+01,2.528115e+01,2.526110e+01,2.534126e+01,2.532790e+01,2.535461e+01,2.532790e+01,2.538131e+01,2.532790e+01,2.531454e+01,2.533458e+01,2.533458e+01,2.530787e+01,2.546138e+01,2.526110e+01,2.517419e+01,2.530787e+01,2.527446e+01,2.528115e+01,2.538131e+01,2.531454e+01,2.530787e+01,2.529451e+01,2.533458e+01,2.532122e+01,2.535461e+01,2.529451e+01,2.537464e+01,2.529451e+01,2.538131e+01,2.530119e+01,2.544804e+01,2.531454e+01,2.547471e+01,2.531454e+01,2.530119e+01,2.516082e+01,2.516082e+01,2.524773e+01,2.518088e+01,2.522768e+01,2.531454e+01,2.522100e+01,2.521431e+01,2.526110e+01,2.506713e+01,2.523437e+01,2.524773e+01,2.517419e+01,2.524105e+01,2.510060e+01,2.521431e+01,2.514744e+01,2.516082e+01,2.510730e+01,2.514075e+01,2.514075e+01,2.522768e+01,2.530787e+01,2.530787e+01,2.523437e+01,2.526110e+01,2.523437e+01,2.518757e+01,2.522100e+01,2.518088e+01,2.509391e+01,2.518757e+01,2.522768e+01,2.508722e+01,2.522100e+01,2.517419e+01,2.514075e+01,2.515413e+01,2.530119e+01,2.525442e+01,2.521431e+01,2.526110e+01,2.526110e+01,2.533458e+01,2.538799e+01,2.524773e+01,2.526778e+01,2.526110e+01,2.536796e+01,2.544137e+01,2.534126e+01,2.538799e+01,2.538799e+01,2.526778e+01,2.541468e+01,2.536796e+01,2.536129e+01,2.544804e+01,2.535461e+01,2.543469e+01,2.531454e+01,2.540133e+01,2.536796e+01,2.547471e+01,2.544137e+01,2.533458e+01,2.536129e+01,2.539466e+01,2.534126e+01,2.540801e+01,2.553472e+01,2.539466e+01,2.528782e+01,2.536129e+01,2.534793e+01,2.530119e+01,2.537464e+01,2.539466e+01,2.536129e+01,2.542135e+01,2.532790e+01,2.546138e+01,2.543469e+01,2.548138e+01,2.538131e+01,2.541468e+01,2.534793e+01,2.543469e+01,2.546805e+01,2.548805e+01,2.558136e+01,2.534126e+01,2.525442e+01,2.544804e+01,2.543469e+01,2.526110e+01,2.540801e+01,2.547471e+01,2.542135e+01,2.530787e+01,2.532790e+01,2.533458e+01,2.534126e+01,2.544137e+01,2.534793e+01,2.543469e+01,2.536129e+01,2.529451e+01,2.542802e+01,2.540801e+01,2.534793e+01,2.537464e+01,2.536796e+01,2.537464e+01,2.540801e+01,2.542135e+01,2.534793e+01,2.532122e+01,2.532122e+01,2.532122e+01,2.524773e+01,2.534793e+01,2.534126e+01,2.542135e+01,2.534126e+01,2.548138e+01,2.553472e+01,2.540133e+01,2.533458e+01,2.545471e+01,2.541468e+01,2.526110e+01,2.536796e+01,2.539466e+01,2.538131e+01,2.535461e+01,2.546138e+01,2.536796e+01,2.535461e+01,2.544137e+01,2.544137e+01,2.538799e+01,2.550139e+01,2.536796e+01,2.542135e+01,2.542802e+01,2.549472e+01,2.538799e+01,2.542135e+01,2.546138e+01,2.558136e+01,2.540801e+01,2.544137e+01,2.546138e+01,2.542135e+01,2.534126e+01,2.542135e+01,2.548138e+01,2.563464e+01,2.542802e+01,2.558802e+01,2.543469e+01,2.546805e+01,2.554138e+01,2.544137e+01,2.534793e+01,2.556137e+01,2.539466e+01,2.549472e+01,2.540801e+01,2.541468e+01,2.548805e+01,2.553472e+01,2.552805e+01,2.540133e+01,2.542802e+01,2.544137e+01,2.543469e+01,2.545471e+01,2.545471e+01,2.542802e+01,2.546805e+01,2.536796e+01,2.538799e+01,2.537464e+01,2.534793e+01,2.536129e+01,2.538799e+01,2.542135e+01,2.547471e+01,2.538131e+01,2.535461e+01,2.545471e+01,2.556137e+01,2.550139e+01,2.535461e+01,2.546138e+01,2.556137e+01,2.545471e+01,2.532790e+01,2.536129e+01,2.537464e+01,2.543469e+01,2.543469e+01,2.542802e+01,2.556137e+01,2.558802e+01,2.558136e+01,2.540801e+01,2.547471e+01,2.534126e+01,2.572117e+01,2.556804e+01,2.539466e+01,2.564130e+01,2.552139e+01,2.547471e+01,2.544137e+01,2.542135e+01,2.546138e+01,2.556804e+01,2.552139e+01,2.540133e+01,2.544804e+01,2.553472e+01,2.543469e+01,2.533458e+01,2.545471e+01,2.545471e+01,2.542135e+01,2.548138e+01,2.551472e+01,2.546138e+01,2.544137e+01,2.539466e+01,2.539466e+01,2.544804e+01,2.544804e+01,2.546805e+01,2.552139e+01,2.545471e+01,2.547471e+01,2.559468e+01,2.548138e+01,2.546805e+01,2.546138e+01,2.534793e+01,2.549472e+01,2.551472e+01,2.553472e+01,2.551472e+01,2.551472e+01,2.556137e+01,2.550805e+01,2.543469e+01,2.535461e+01,2.552805e+01,2.548805e+01,2.550805e+01,2.536796e+01,2.548138e+01,2.532790e+01,2.544137e+01,2.529451e+01,2.548138e+01,2.549472e+01,2.542802e+01,2.548805e+01,2.537464e+01,2.544137e+01,2.566127e+01,2.540133e+01,2.550139e+01,2.542802e+01,2.545471e+01,2.546805e+01,2.540133e+01,2.543469e+01,2.542802e+01,2.551472e+01,2.551472e+01,2.534793e+01,2.535461e+01,2.552139e+01,2.544137e+01,2.524105e+01,2.548138e+01,2.536796e+01,2.523437e+01,2.541468e+01,2.552139e+01,2.542135e+01,2.550139e+01,2.542802e+01,2.526778e+01,2.541468e+01,2.550139e+01,2.549472e+01,2.546805e+01,2.535461e+01,2.546805e+01,2.542802e+01,2.539466e+01,2.546138e+01,2.540133e+01,2.530119e+01,2.531454e+01,2.508722e+01,2.455710e+01,2.424719e+01,2.408512e+01,2.397694e+01,2.403781e+01,2.376024e+01,2.385510e+01,2.361099e+01,2.363814e+01,2.387542e+01,2.403781e+01,2.453692e+01,2.473187e+01,2.487281e+01,2.508722e+01,2.498677e+01,2.528782e+01,2.534126e+01,2.534793e+01,2.538131e+01,2.536129e+01,2.540801e+01,2.547471e+01,2.532790e+01,2.540133e+01,2.547471e+01,2.540801e+01,2.542135e+01,2.547471e+01,2.569455e+01,2.542802e+01,2.549472e+01,2.544137e+01,2.550805e+01,2.554804e+01,2.566127e+01,2.542135e+01,2.540133e+01,2.553472e+01,2.540801e+01,2.550139e+01,2.554138e+01,2.535461e+01,2.543469e+01,2.544137e+01,2.534126e+01,2.539466e+01,2.548805e+01,2.543469e+01,2.540133e+01,2.541468e+01,2.544137e+01,2.544137e+01,2.524105e+01,2.526778e+01,2.538799e+01,2.531454e+01,2.536796e+01,2.528782e+01,2.540133e+01,2.540801e+01,2.541468e+01,2.549472e+01,2.544804e+01,2.544137e+01,2.544804e+01,2.548138e+01,2.549472e+01,2.538799e+01,2.545471e+01,2.550805e+01,2.532122e+01,2.532790e+01,2.538131e+01,2.540801e+01,2.544137e+01,2.563464e+01,2.544137e+01,2.524105e+01,2.548805e+01,2.548805e+01,2.549472e+01,2.562132e+01,2.534793e+01,2.531454e+01,2.532122e+01,2.542135e+01,2.540801e+01
2.517419e+01,2.509391e+01,2.527446e+01,2.528782e+01,2.520763e+01,2.513406e+01,2.512068e+01,2.509391e+01,2.512737e+01,2.524773e+01,2.528782e+01,2.524105e+01,2.512068e+01,2.503366e+01,2.498677e+01,2.526110e+01,2.520763e+01,2.523437e+01,2.514075e+01,2.516082e+01,2.509391e+01,2.524773e+01,2.520094e+01,2.524105e+01,2.512737e+01,2.520094e+01,2.527446e+01,2.518757e+01,2.523437e+01,2.507383e+01,2.518757e+01,2.510730e+01,2.536796e+01,2.518757e+01,2.521431e+01,2.520094e+01,2.514744e+01,2.511399e+01,2.530119e+01,2.513406e+01,2.514744e+01,2.522768e+01,2.479901e+01,2.511399e+01,2.525442e+01,2.500687e+01,2.514744e+01,2.502026e+01,2.530119e+01,2.504035e+01,2.509391e+01,2.500687e+01,2.478558e+01,2.507383e+01,2.497337e+01,2.498007e+01,2.481914e+01,2.502696e+01,2.483256e+01,2.503366e+01,2.488622e+01,2.489964e+01,2.507383e+01,2.501357e+01,2.492645e+01,2.502696e+01,2.494656e+01,2.500017e+01,2.479230e+01,2.494656e+01,2.498677e+01,2.495997e+01,2.472515e+01,2.484598e+01,2.491305e+01,2.495326e+01,2.487952e+01,2.483256e+01,2.495326e+01,2.484598e+01,2.497337e+01,2.480572e+01,2.477887e+01,2.466469e+01,2.459746e+01,2.473187e+01,2.477887e+01,2.461763e+01,2.479901e+01,2.461763e+01,2.479230e+01,2.471172e+01,2.465796e+01,2.470500e+01,2.473187e+01,2.465124e+01,2.469156e+01,2.465124e+01,2.465796e+01,2.471172e+01,2.453019e+01,2.462436e+01,2.462436e+01,2.472515e+01,2.457728e+01,2.463780e+01,2.458401e+01,2.453692e+01,2.481914e+01,2.474530e+01,2.461763e+01,2.474530e+01,2.459746e+01,2.464452e+01,2.467813e+01,2.467813e+01,2.474530e+01,2.468484e+01,2.471844e+01,2.465796e+01,2.465124e+01,2.473858e+01,2.466469e+01,2.469156e+01,2.461763e+01,2.467813e+01,2.481914e+01,2.467813e+01,2.468484e+01,2.463780e+01,2.475201e+01,2.468484e+01,2.477887e+01,2.474530e+01,2.469156e+01,2.473858e+01,2.477216e+01,2.478558e+01,2.473187e+01,2.486610e+01,2.469828e+01,2.486610e+01,2.480572e+01,2.491305e+01,2.485940e+01,2.476544e+01,2.489293e+01,2.493986e+01,2.495997e+01,2.496667e+01,2.480572e+01,2.492645e+01,2.493316e+01,2.501357e+01,2.496667e+01,2.498007e+01,2.500017e+01,2.499347e+01,2.512068e+01,2.507383e+01,2.513406e+01,2.510060e+01,2.503366e+01,2.507383e+01,2.526778e+01,2.514075e+01,2.506044e+01,2.512068e+01,2.505375e+01,2.500687e+01,2.519426e+01,2.519426e+01,2.521431e+01,2.520094e+01,2.499347e+01,2.517419e+01,2.526778e+01,2.534126e+01,2.534793e+01,2.525442e+01,2.524773e+01,2.524105e+01,2.520763e+01,2.510730e+01,2.524773e+01,2.524773e+01,2.531454e+01,2.536796e+01,2.524105e+01,2.530787e+01,2.530119e+01,2.530119e+01,2.527446e+01,2.530787e+01,2.529451e+01,2.528782e+01,2.526778e+01,2.531454e+01,2.522768e+01,2.524773e+01,2.520094e+01,2.530119e+01,2.522100e+01,2.523437e+01,2.524105e+01,2.525442e+01,2.532790e+01,2.532790e+01,2.536129e+01,2.532790e+01,2.523437e+01,2.530119e+01,2.536129e+01,2.532790e+01,2.532122e+01,2.526778e+01,2.532122e+01,2.531454e+01,2.530787e+01,2.533458e+01,2.535461e+01,2.535461e+01,2.528782e+01,2.529451e+01,2.522768e+01,2.532122e+01,2.540801e+01,2.528782e+01,2.535461e+01,2.526778e+01,2.543469e+01,2.534126e+01,2.534793e+01,2.528115e+01,2.527446e+01,2.528782e+01,2.528782e+01,2.522100e+01,2.532122e+01,2.529451e+01,2.525442e+01,2.531454e+01,2.527446e+01,2.519426e+01,2.519426e+01,2.518757e+01,2.518757e+01,2.521431e+01,2.526778e+01,2.521431e+01,2.529451e+01,2.523437e+01,2.519426e+01,2.514744e+01,2.516751e+01,2.518088e+01,2.514744e+01,2.506044e+01,2.521431e+01,2.520763e+01,2.524105e+01,2.520094e+01,2.522100e+01,2.519426e+01,2.526110e+01,2.520094e+01,2.521431e+01,2.512737e+01,2.524773e+01,2.528115e+01,2.516751e+01,2.518757e+01,2.518088e+01,2.518757e+01,2.519426e+01,2.525442e+01,2.513406e+01,2.518088e+01,2.514744e+01,2.523437e+01,2.519426e+01,2.525442e+01,2.534126e+01,2.520763e+01,2.512737e+01,2.524773e+01,2.527446e+01,2.526778e+01,2.527446e+01,2.528782e+01,2.533458e+01,2.536796e+01,2.532790e+01,2.532790e+01,2.547471e+01,2.528782e+01,2.530787e+01,2.536796e+01,2.531454e+01,2.533458e+01,2.530119e+01,2.536129e+01,2.529451e+01,2.532790e+01,2.528782e+01,2.530119e+01,2.535461e+01,2.546805e+01,2.558136e+01,2.532790e+01,2.542135e+01,2.536796e+01,2.540801e+01,2.542802e+01,2.538131e+01,2.532790e+01,2.529451e+01,2.538799e+01,2.544804e+01,2.536129e+01,2.547471e+01,2.532790e+01,2.550139e+01,2.528115e+01,2.548138e+01,2.536796e+01,2.545471e+01,2.545471e+01,2.544137e+01,2.526778e+01,2.540133e+01,2.538799e+01,2.541468e+01,2.548805e+01,2.564796e+01,2.533458e+01,2.539466e+01,2.528782e+01,2.546138e+01,2.544137e+01,2.534793e+01,2.541468e+01,2.542802e+01,2.544804e+01,2.543469e+01,2.542802e+01,2.532790e+01,2.538131e+01,2.540133e+01,2.537464e+01,2.544137e+01,2.528782e+01,2.536796e+01,2.538799e+01,2.536796e+01,2.534126e+01,2.536129e+01,2.536129e+01,2.540801e+01,2.535461e+01,2.544137e+01,2.544804e+01,2.533458e+01,2.540133e+01,2.532122e+01,2.539466e+01,2.533458e+01,2.538131e+01,2.541468e+01,2.533458e+01,2.533458e+01,2.536796e+01,2.536129e+01,2.542135e+01,2.544804e+01,2.534793e+01,2.531454e+01,2.541468e+01,2.548138e+01,2.535461e+01,2.539466e+01,2.536129e+01,2.542802e+01,2.540133e+01,2.558136e+01,2.538799e+01,2.540801e+01,2.549472e+01,2.536796e+01,2.548138e+01,2.548805e+01,2.538131e+01,2.550805e+01,2.530119e+01,2.548805e+01,2.546805e+01,2.546805e+01,2.545471e+01,2.543469e+01,2.542802e+01,2.540801e+01,2.544137e+01,2.540133e+01,2.546138e+01,2.550805e+01,2.550139e+01,2.546805e+01,2.547471e+01,2.550805e+01,2.553472e+01,2.555471e+01,2.534793e+01,2.535461e+01,2.536129e+01,2.554138e+01,2.550139e+01,2.552139e+01,2.546138e+01,2.547471e+01,2.544804e+01,2.548805e+01,2.544137e+01,2.566127e+01,2.544804e+01,2.546138e+01,2.542802e+01,2.545471e+01,2.534793e+01,2.537464e+01,2.538131e+01,2.548805e+01,2.544137e+01,2.534793e+01,2.544804e+01,2.559468e+01,2.544137e+01,2.540133e+01,2.542802e+01,2.546138e+01,2.556137e+01,2.548138e+01,2.534126e+01,2.542802e+01,2.540133e+01,2.542135e+01,2.544137e+01,2.552139e+01,2.549472e+01,2.541468e+01,2.542802e+01,2.546138e+01,2.556804e+01,2.556137e+01,2.556137e+01,2.548138e+01,2.533458e+01,2.560800e+01,2.555471e+01,2.551472e+01,2.548805e+01,2.559468e+01,2.542802e+01,2.562798e+01,2.545471e+01,2.547471e+01,2.546138e+01,2.545471e+01,2.544137e+01,2.556137e+01,2.542135e+01,2.545471e+01,2.541468e+01,2.547471e+01,2.545471e+01,2.532790e+01,2.534793e+01,2.551472e+01,2.539466e+01,2.538131e+01,2.544137e+01,2.533458e+01,2.546138e+01,2.544137e+01,2.536129e+01,2.549472e+01,2.549472e+01,2.534793e+01,2.547471e+01,2.547471e+01,2.542135e+01,2.546138e+01,2.548805e+01,2.552139e+01,2.552139e+01,2.550139e+01,2.552805e+01,2.551472e+01,2.545471e+01,2.558136e+01,2.534126e+01,2.548805e+01,2.545471e+01,2.544137e+01,2.546805e+01,2.526778e+01,2.542135e+01,2.550805e+01,2.549472e+01,2.526778e+01,2.546805e+01,2.536129e+01,2.542135e+01,2.538131e+01,2.554138e+01,2.548138e+01,2.539466e+01,2.550139e+01,2.542802e+01,2.545471e+01,2.548805e+01,2.535461e+01,2.540801e+01,2.540133e+01,2.530119e+01,2.528782e+01,2.535461e+01,2.541468e+01,2.556804e+01,2.542135e+01,2.543469e+01,2.546805e+01,2.543469e+01,2.528115e+01,2.535461e+01,2.539466e+01,2.531454e+01,2.534126e+01,2.526778e+01,2.534793e+01,2.542135e+01,2.540801e+01,2.550805e+01,2.533458e+01,2.534126e+01,2.532790e+01,2.531454e+01,2.538131e+01,2.546138e+01,2.544137e+01,2.534126e+01,2.512737e+01,2.468484e+01,2.443594e+01,2.444268e+01,2.434835e+01,2.407837e+01,2.379413e+01,2.386187e+01,2.377380e+01,2.359741e+01,2.384833e+01,2.407161e+01,2.415943e+01,2.460419e+01,2.491975e+01,2.506044e+01,2.523437e+01,2.520094e+01,2.529451e+01,2.534126e+01,2.534126e+01,2.537464e+01,2.544804e+01,2.543469e+01,2.538131e+01,2.534126e+01,2.540801e+01,2.532790e+01,2.541468e+01,2.544137e+01,2.540133e+01,2.544137e+01,2.545471e+01,2.547471e+01,2.537464e+01,2.546805e+01,2.542135e+01,2.530787e+01,2.540133e+01,2.534126e+01,2.538799e+01,2.539466e+01,2.540133e+01,2.548138e+01,2.540133e+01,2.542802e+01,2.536129e+01,2.540133e+01,2.544137e+01,2.537464e+01,2.540133e+01,2.535461e+01,2.537464e+01,2.539466e+01,2.547471e+01,2.535461e+01,2.537464e+01,2.546805e+01,2.526778e+01,2.531454e+01,2.533458e+01,2.546805e+01,2.539466e+01,2.540801e+01,2.548805e+01,2.554138e+01,2.542802e+01,2.539466e+01,2.537464e+01,2.542802e+01,2.539466e+01,2.547471e+01,2.530787e+01,2.542802e+01,2.539466e+01,2.545471e+01,2.537464e+01,2.540801e+01,2.545471e+01,2.545471e+01,2.550139e+01,2.530119e+01,2.538131e+01,2.535461e+01,2.537464e+01,2.538799e+01,2.530787e+01,2.534793e+01,2.542135e+01,2.520094e+01
2.519426e+01,2.513406e+01,2.510730e+01,2.514075e+01,2.531454e+01,2.518088e+01,2.544804e+01,2.518757e+01,2.520094e+01,2.514075e+01,2.516082e+01,2.512737e+01,2.506044e+01,2.515413e+01,2.499347e+01,2.519426e+01,2.510730e+01,2.511399e+01,2.510730e+01,2.504705e+01,2.521431e+01,2.522768e+01,2.507383e+01,2.502026e+01,2.519426e+01,2.524105e+01,2.514075e+01,2.515413e+01,2.512737e+01,2.518088e+01,2.522768e+01,2.520763e+01,2.511399e+01,2.512068e+01,2.532122e+01,2.515413e+01,2.516082e+01,2.509391e+01,2.512068e+01,2.518088e+01,2.528115e+01,2.520094e+01,2.514744e+01,2.514075e+01,2.506713e+01,2.510730e+01,2.508722e+01,2.499347e+01,2.519426e+01,2.494656e+01,2.496667e+01,2.525442e+01,2.512068e+01,2.498007e+01,2.500687e+01,2.498007e+01,2.496667e+01,2.513406e+01,2.503366e+01,2.500687e+01,2.496667e+01,2.492645e+01,2.498677e+01,2.504705e+01,2.489964e+01,2.494656e+01,2.496667e+01,2.488622e+01,2.488622e+01,2.481243e+01,2.490634e+01,2.493316e+01,2.497337e+01,2.489293e+01,2.477887e+01,2.489293e+01,2.475873e+01,2.485940e+01,2.496667e+01,2.481914e+01,2.470500e+01,2.473858e+01,2.467813e+01,2.498677e+01,2.481243e+01,2.464452e+01,2.467141e+01,2.457056e+01,2.467141e+01,2.465124e+01,2.465124e+01,2.465124e+01,2.448308e+01,2.468484e+01,2.464452e+01,2.472515e+01,2.475201e+01,2.459073e+01,2.468484e+01,2.463108e+01,2.463780e+01,2.470500e+01,2.485269e+01,2.469828e+01,2.474530e+01,2.460419e+01,2.460419e+01,2.459746e+01,2.459073e+01,2.461763e+01,2.461091e+01,2.464452e+01,2.463780e+01,2.466469e+01,2.466469e+01,2.467141e+01,2.457056e+01,2.457056e+01,2.468484e+01,2.467141e+01,2.473187e+01,2.465124e+01,2.469156e+01,2.455710e+01,2.469828e+01,2.482585e+01,2.461763e+01,2.469156e+01,2.464452e+01,2.468484e+01,2.464452e+01,2.476544e+01,2.475873e+01,2.475201e+01,2.465796e+01,2.476544e+01,2.467813e+01,2.474530e+01,2.476544e+01,2.473187e+01,2.471172e+01,2.467813e+01,2.471172e+01,2.483927e+01,2.489964e+01,2.483256e+01,2.478558e+01,2.491305e+01,2.484598e+01,2.483927e+01,2.474530e+01,2.477216e+01,2.492645e+01,2.493986e+01,2.503366e+01,2.497337e+01,2.496667e+01,2.494656e+01,2.506713e+01,2.483927e+01,2.510060e+01,2.504705e+01,2.502696e+01,2.502696e+01,2.515413e+01,2.503366e+01,2.500687e+01,2.507383e+01,2.489964e+01,2.506713e+01,2.517419e+01,2.504035e+01,2.507383e+01,2.520094e+01,2.522100e+01,2.517419e+01,2.523437e+01,2.516082e+01,2.522768e+01,2.517419e+01,2.526778e+01,2.519426e+01,2.518088e+01,2.533458e+01,2.514075e+01,2.523437e+01,2.532122e+01,2.520094e+01,2.532790e+01,2.514744e+01,2.534126e+01,2.518088e+01,2.535461e+01,2.524773e+01,2.535461e+01,2.515413e+01,2.514075e+01,2.520763e+01,2.525442e+01,2.526110e+01,2.534793e+01,2.524105e+01,2.524773e+01,2.528782e+01,2.524105e+01,2.524105e+01,2.534126e+01,2.535461e+01,2.534793e+01,2.526778e+01,2.540133e+01,2.528115e+01,2.536129e+01,2.524105e+01,2.525442e+01,2.528782e+01,2.528782e+01,2.535461e+01,2.527446e+01,2.534126e+01,2.526778e+01,2.536796e+01,2.534793e+01,2.522100e+01,2.522768e+01,2.522100e+01,2.518757e+01,2.527446e+01,2.534793e+01,2.534793e+01,2.534793e+01,2.532122e+01,2.505375e+01,2.511399e+01,2.528115e+01,2.530119e+01,2.525442e+01,2.520763e+01,2.526778e+01,2.529451e+01,2.526778e+01,2.522768e+01,2.528782e+01,2.520094e+01,2.532122e+01,2.508722e+01,2.520763e+01,2.518088e+01,2.516751e+01,2.521431e+01,2.519426e+01,2.517419e+01,2.522768e+01,2.517419e+01,2.516082e+01,2.511399e+01,2.518757e+01,2.517419e+01,2.522100e+01,2.517419e+01,2.517419e+01,2.516751e+01,2.516751e+01,2.518757e+01,2.514744e+01,2.520763e+01,2.515413e+01,2.521431e+01,2.525442e+01,2.514744e+01,2.513406e+01,2.514744e+01,2.516082e+01,2.515413e+01,2.518757e+01,2.508722e+01,2.510060e+01,2.523437e+01,2.511399e+01,2.499347e+01,2.511399e+01,2.520763e+01,2.506044e+01,2.520763e+01,2.523437e+01,2.524105e+01,2.527446e+01,2.523437e+01,2.536796e+01,2.526778e+01,2.523437e+01,2.509391e+01,2.523437e+01,2.524105e+01,2.522768e+01,2.532122e+01,2.538799e+01,2.534126e+01,2.532122e+01,2.530119e+01,2.508722e+01,2.536129e+01,2.538799e+01,2.534126e+01,2.541468e+01,2.533458e+01,2.544804e+01,2.550139e+01,2.548138e+01,2.530787e+01,2.542802e+01,2.544804e+01,2.540801e+01,2.540801e+01,2.528115e+01,2.546138e+01,2.540133e+01,2.538799e+01,2.540801e+01,2.544137e+01,2.552805e+01,2.536796e+01,2.522768e+01,2.522100e+01,2.550805e+01,2.530119e+01,2.532790e+01,2.534126e+01,2.520763e+01,2.535461e+01,2.538131e+01,2.538799e+01,2.543469e+01,2.544804e+01,2.547471e+01,2.533458e+01,2.530119e+01,2.543469e+01,2.535461e+01,2.549472e+01,2.538799e+01,2.548138e+01,2.532790e+01,2.532122e+01,2.532790e+01,2.533458e+01,2.532790e+01,2.534126e+01,2.534126e+01,2.530119e+01,2.538131e+01,2.531454e+01,2.538799e+01,2.532790e+01,2.538131e+01,2.538131e+01,2.533458e+01,2.536796e+01,2.538131e+01,2.541468e+01,2.536796e+01,2.533458e+01,2.541468e+01,2.540133e+01,2.529451e+01,2.533458e+01,2.532790e+01,2.542802e+01,2.534126e+01,2.533458e+01,2.532122e+01,2.529451e+01,2.534793e+01,2.534793e+01,2.540133e+01,2.536129e+01,2.534793e+01,2.531454e+01,2.534126e+01,2.536129e+01,2.534126e+01,2.536129e+01,2.538799e+01,2.538799e+01,2.539466e+01,2.535461e+01,2.533458e+01,2.546138e+01,2.531454e+01,2.550139e+01,2.531454e+01,2.536796e+01,2.548805e+01,2.531454e+01,2.528115e+01,2.544137e+01,2.543469e+01,2.533458e+01,2.540801e+01,2.536129e+01,2.547471e+01,2.538131e+01,2.551472e+01,2.547471e+01,2.550139e+01,2.541468e+01,2.544804e+01,2.544804e+01,2.550805e+01,2.538799e+01,2.534793e+01,2.537464e+01,2.556137e+01,2.539466e+01,2.542802e+01,2.552805e+01,2.545471e+01,2.548138e+01,2.552139e+01,2.558802e+01,2.546805e+01,2.544804e+01,2.540133e+01,2.545471e+01,2.554138e+01,2.546138e+01,2.541468e+01,2.544137e+01,2.546138e+01,2.538799e+01,2.532122e+01,2.555471e+01,2.535461e+01,2.545471e+01,2.558136e+01,2.542802e+01,2.540801e+01,2.543469e+01,2.531454e+01,2.554804e+01,2.534793e+01,2.536129e+01,2.543469e+01,2.535461e+01,2.540801e+01,2.542135e+01,2.538799e+01,2.543469e+01,2.548805e+01,2.522100e+01,2.557470e+01,2.535461e+01,2.546138e+01,2.549472e+01,2.555471e+01,2.553472e+01,2.565462e+01,2.538799e+01,2.529451e+01,2.536796e+01,2.548805e+01,2.553472e+01,2.546138e+01,2.545471e+01,2.544137e+01,2.547471e+01,2.550805e+01,2.550139e+01,2.556137e+01,2.549472e+01,2.537464e+01,2.540801e+01,2.539466e+01,2.535461e+01,2.529451e+01,2.551472e+01,2.545471e+01,2.540133e+01,2.539466e+01,2.542802e+01,2.541468e+01,2.544804e+01,2.542135e+01,2.540133e+01,2.538131e+01,2.546805e+01,2.544137e+01,2.539466e+01,2.539466e+01,2.550805e+01,2.538799e+01,2.536129e+01,2.548805e+01,2.550805e+01,2.548805e+01,2.550805e+01,2.544137e+01,2.544137e+01,2.540801e+01,2.542802e+01,2.544137e+01,2.523437e+01,2.536796e+01,2.536796e+01,2.544804e+01,2.547471e+01,2.540801e+01,2.529451e+01,2.522100e+01,2.528782e+01,2.530119e+01,2.540801e+01,2.540133e+01,2.539466e+01,2.536796e+01,2.536129e+01,2.532790e+01,2.544137e+01,2.536129e+01,2.530787e+01,2.540133e+01,2.546805e+01,2.525442e+01,2.529451e+01,2.542802e+01,2.534793e+01,2.528115e+01,2.531454e+01,2.539466e+01,2.544137e+01,2.539466e+01,2.542135e+01,2.538799e+01,2.539466e+01,2.539466e+01,2.534126e+01,2.542135e+01,2.532790e+01,2.528782e+01,2.541468e+01,2.529451e+01,2.544137e+01,2.548138e+01,2.541468e+01,2.534793e+01,2.549472e+01,2.543469e+01,2.524105e+01,2.518757e+01,2.504705e+01,2.498677e+01,2.449654e+01,2.440900e+01,2.407161e+01,2.411215e+01,2.388896e+01,2.399047e+01,2.388219e+01,2.375346e+01,2.355667e+01,2.384155e+01,2.407837e+01,2.448981e+01,2.467141e+01,2.495326e+01,2.490634e+01,2.519426e+01,2.536796e+01,2.536129e+01,2.553472e+01,2.537464e+01,2.551472e+01,2.538131e+01,2.536796e+01,2.537464e+01,2.536796e+01,2.540133e+01,2.543469e+01,2.514744e+01,2.529451e+01,2.538131e+01,2.543469e+01,2.548805e+01,2.533458e+01,2.537464e+01,2.536796e+01,2.546138e+01,2.542135e+01,2.534793e+01,2.536796e+01,2.539466e+01,2.540133e+01,2.541468e+01,2.535461e+01,2.534126e+01,2.542135e+01,2.534793e+01,2.536796e+01,2.542802e+01,2.535461e+01,2.538131e+01,2.540801e+01,2.535461e+01,2.535461e+01,2.543469e+01,2.526778e+01,2.536796e+01,2.543469e+01,2.536796e+01,2.534126e+01,2.535461e+01,2.534126e+01,2.536129e+01,2.539466e+01,2.538131e+01,2.541468e+01,2.542135e+01,2.546805e+01,2.542802e+01,2.543469e+01,2.548805e+01,2.540133e+01,2.544137e+01,2.551472e+01,2.528782e+01,2.534793e+01,2.530787e+01,2.533458e+01,2.533458e+01,2.533458e+01,2.541468e+01,2.548805e+01,2.516082e+01,2.548805e+01,2.536796e+01,2.532122e+01,2.539466e+01,2.544137e+01,2.548805e+01,2.548138e+01
2.513406e+01,2.518088e+01,2.515413e+01,2.521431e+01,2.526778e+01,2.517419e+01,2.520094e+01,2.516082e+01,2.520763e+01,2.521431e+01,2.521431e+01,2.526110e+01,2.508722e+01,2.517419e+01,2.506044e+01,2.516082e+01,2.507383e+01,2.510730e+01,2.507383e+01,2.519426e+01,2.510730e+01,2.506713e+01,2.520763e+01,2.534793e+01,2.524773e+01,2.516751e+01,2.517419e+01,2.520763e+01,2.524773e+01,2.519426e+01,2.520763e+01,2.511399e+01,2.511399e+01,2.512737e+01,2.510730e+01,2.507383e+01,2.525442e+01,2.528115e+01,2.528782e+01,2.512737e+01,2.521431e+01,2.511399e+01,2.526778e+01,2.508722e+01,2.502026e+01,2.518757e+01,2.512737e+01,2.500687e+01,2.502026e+01,2.513406e+01,2.501357e+01,2.510730e+01,2.506713e+01,2.512068e+01,2.516751e+01,2.511399e+01,2.517419e+01,2.518088e+01,2.491305e+01,2.489964e+01,2.504705e+01,2.508052e+01,2.503366e+01,2.510060e+01,2.487952e+01,2.508052e+01,2.484598e+01,2.493316e+01,2.482585e+01,2.493316e+01,2.496667e+01,2.491305e+01,2.487281e+01,2.491305e+01,2.493316e+01,2.472515e+01,2.473858e+01,2.482585e+01,2.479230e+01,2.480572e+01,2.489293e+01,2.486610e+01,2.480572e+01,2.465796e+01,2.475201e+01,2.477216e+01,2.450327e+01,2.468484e+01,2.465124e+01,2.482585e+01,2.463108e+01,2.458401e+01,2.465124e+01,2.475201e+01,2.464452e+01,2.467813e+01,2.471844e+01,2.465796e+01,2.459746e+01,2.461091e+01,2.461763e+01,2.463108e+01,2.465796e+01,2.475201e+01,2.464452e+01,2.463108e+01,2.459746e+01,2.467813e+01,2.459073e+01,2.465124e+01,2.463780e+01,2.463780e+01,2.468484e+01,2.465124e+01,2.464452e+01,2.462436e+01,2.462436e+01,2.459746e+01,2.462436e+01,2.466469e+01,2.467813e+01,2.475873e+01,2.465796e+01,2.476544e+01,2.470500e+01,2.473187e+01,2.456383e+01,2.463780e+01,2.469828e+01,2.466469e+01,2.469828e+01,2.468484e+01,2.469828e+01,2.469828e+01,2.480572e+01,2.471172e+01,2.483256e+01,2.475201e+01,2.476544e+01,2.481914e+01,2.483256e+01,2.494656e+01,2.480572e+01,2.479901e+01,2.480572e+01,2.487281e+01,2.497337e+01,2.489964e+01,2.484598e+01,2.485940e+01,2.485940e+01,2.493986e+01,2.492645e+01,2.504705e+01,2.498007e+01,2.492645e+01,2.504035e+01,2.496667e+01,2.509391e+01,2.501357e+01,2.510060e+01,2.518757e+01,2.501357e+01,2.500687e+01,2.500017e+01,2.518088e+01,2.501357e+01,2.502026e+01,2.514075e+01,2.512068e+01,2.515413e+01,2.518757e+01,2.540801e+01,2.511399e+01,2.514075e+01,2.509391e+01,2.521431e+01,2.519426e+01,2.517419e+01,2.511399e+01,2.526778e+01,2.523437e+01,2.524773e+01,2.530787e+01,2.518757e+01,2.522768e+01,2.534793e+01,2.534793e+01,2.520763e+01,2.515413e+01,2.519426e+01,2.516751e+01,2.519426e+01,2.516082e+01,2.529451e+01,2.522100e+01,2.519426e+01,2.523437e+01,2.526778e+01,2.526110e+01,2.526110e+01,2.532122e+01,2.523437e+01,2.521431e+01,2.521431e+01,2.522768e+01,2.528782e+01,2.538131e+01,2.534126e+01,2.535461e+01,2.532790e+01,2.521431e+01,2.526778e+01,2.536129e+01,2.527446e+01,2.533458e+01,2.528115e+01,2.528115e+01,2.528115e+01,2.532790e+01,2.523437e+01,2.532122e+01,2.528782e+01,2.516751e+01,2.552139e+01,2.528782e+01,2.532122e+01,2.532122e+01,2.531454e+01,2.527446e+01,2.535461e+01,2.542135e+01,2.528782e+01,2.528115e+01,2.535461e+01,2.522768e+01,2.516751e+01,2.530119e+01,2.528782e+01,2.529451e+01,2.528782e+01,2.529451e+01,2.525442e+01,2.525442e+01,2.522100e+01,2.523437e+01,2.515413e+01,2.526778e+01,2.521431e+01,2.522100e+01,2.521431e+01,2.510730e+01,2.518757e+01,2.521431e+01,2.518757e+01,2.512068e+01,2.528115e+01,2.514075e+01,2.513406e+01,2.517419e+01,2.514075e+01,2.509391e+01,2.526110e+01,2.518757e+01,2.516082e+01,2.520763e+01,2.520094e+01,2.513406e+01,2.514744e+01,2.515413e+01,2.520763e+01,2.522100e+01,2.514744e+01,2.523437e+01,2.518088e+01,2.512068e+01,2.496667e+01,2.519426e+01,2.516082e+01,2.514744e+01,2.513406e+01,2.518088e+01,2.521431e+01,2.522768e+01,2.522768e+01,2.528115e+01,2.526778e+01,2.528782e+01,2.528115e+01,2.532122e+01,2.535461e+01,2.525442e+01,2.528115e+01,2.521431e+01,2.530787e+01,2.532790e+01,2.532122e+01,2.507383e+01,2.529451e+01,2.544137e+01,2.539466e+01,2.531454e+01,2.536796e+01,2.532790e+01,2.530787e+01,2.546138e+01,2.537464e+01,2.542135e+01,2.534793e+01,2.530787e+01,2.543469e+01,2.540801e+01,2.532122e+01,2.532790e+01,2.542802e+01,2.527446e+01,2.540133e+01,2.540133e+01,2.539466e+01,2.543469e+01,2.546805e+01,2.539466e+01,2.535461e+01,2.535461e+01,2.534793e+01,2.543469e+01,2.536796e+01,2.535461e+01,2.540133e+01,2.550805e+01,2.540133e+01,2.541468e+01,2.542802e+01,2.540133e+01,2.542802e+01,2.537464e+01,2.545471e+01,2.532122e+01,2.536129e+01,2.535461e+01,2.534126e+01,2.536796e+01,2.527446e+01,2.523437e+01,2.544804e+01,2.540133e+01,2.536796e+01,2.531454e+01,2.536129e+01,2.527446e+01,2.531454e+01,2.525442e+01,2.537464e+01,2.539466e+01,2.537464e+01,2.540133e+01,2.532122e+01,2.536129e+01,2.536796e+01,2.536129e+01,2.535461e+01,2.525442e+01,2.540133e+01,2.546138e+01,2.539466e+01,2.513406e+01,2.547471e+01,2.539466e+01,2.534793e+01,2.535461e+01,2.538799e+01,2.538131e+01,2.538799e+01,2.535461e+01,2.553472e+01,2.527446e+01,2.547471e+01,2.528115e+01,2.530787e+01,2.531454e+01,2.534126e+01,2.532790e+01,2.518757e+01,2.536796e+01,2.525442e+01,2.537464e+01,2.544804e+01,2.533458e+01,2.533458e+01,2.541468e+01,2.539466e+01,2.544804e+01,2.529451e+01,2.541468e+01,2.530787e+01,2.542802e+01,2.542802e+01,2.540133e+01,2.534793e+01,2.539466e+01,2.550139e+01,2.540133e+01,2.551472e+01,2.548805e+01,2.542802e+01,2.545471e+01,2.556137e+01,2.536129e+01,2.557470e+01,2.548805e+01,2.539466e+01,2.557470e+01,2.547471e+01,2.542802e+01,2.538799e+01,2.534126e+01,2.554138e+01,2.551472e+01,2.546805e+01,2.544137e+01,2.544804e+01,2.541468e+01,2.544137e+01,2.550805e+01,2.562798e+01,2.543469e+01,2.536796e+01,2.544137e+01,2.546138e+01,2.536796e+01,2.535461e+01,2.549472e+01,2.538799e+01,2.544804e+01,2.541468e+01,2.537464e+01,2.541468e+01,2.538799e+01,2.553472e+01,2.536796e+01,2.557470e+01,2.542135e+01,2.538799e+01,2.542135e+01,2.554138e+01,2.539466e+01,2.542135e+01,2.542802e+01,2.545471e+01,2.556804e+01,2.540801e+01,2.544804e+01,2.541468e+01,2.542135e+01,2.540801e+01,2.558136e+01,2.538131e+01,2.536796e+01,2.536796e+01,2.558136e+01,2.541468e+01,2.545471e+01,2.544137e+01,2.550805e+01,2.544137e+01,2.544137e+01,2.552139e+01,2.540801e+01,2.545471e+01,2.541468e+01,2.540801e+01,2.541468e+01,2.536796e+01,2.540801e+01,2.536129e+01,2.540801e+01,2.542802e+01,2.551472e+01,2.545471e+01,2.537464e+01,2.544137e+01,2.546138e+01,2.544137e+01,2.546138e+01,2.541468e+01,2.530119e+01,2.540133e+01,2.549472e+01,2.539466e+01,2.548805e+01,2.530119e+01,2.544137e+01,2.558136e+01,2.548138e+01,2.554138e+01,2.524105e+01,2.544137e+01,2.532790e+01,2.540133e+01,2.530787e+01,2.530119e+01,2.525442e+01,2.538799e+01,2.538799e+01,2.538799e+01,2.542135e+01,2.524773e+01,2.526778e+01,2.550139e+01,2.538799e+01,2.542135e+01,2.544804e+01,2.542135e+01,2.537464e+01,2.542135e+01,2.541468e+01,2.547471e+01,2.536796e+01,2.538131e+01,2.536129e+01,2.506713e+01,2.532122e+01,2.538131e+01,2.545471e+01,2.535461e+01,2.532122e+01,2.542802e+01,2.550139e+01,2.540133e+01,2.540801e+01,2.541468e+01,2.542135e+01,2.529451e+01,2.536796e+01,2.535461e+01,2.532790e+01,2.544137e+01,2.537464e+01,2.536129e+01,2.548138e+01,2.528782e+01,2.549472e+01,2.536129e+01,2.546138e+01,2.534126e+01,2.528782e+01,2.545471e+01,2.527446e+01,2.525442e+01,2.497337e+01,2.468484e+01,2.442247e+01,2.420670e+01,2.408512e+01,2.407161e+01,2.382801e+01,2.380091e+01,2.367886e+01,2.365850e+01,2.373990e+01,2.390927e+01,2.422694e+01,2.457056e+01,2.492645e+01,2.492645e+01,2.508722e+01,2.528782e+01,2.538799e+01,2.526110e+01,2.533458e+01,2.535461e+01,2.537464e+01,2.540801e+01,2.547471e+01,2.546805e+01,2.551472e+01,2.530119e+01,2.524105e+01,2.538131e+01,2.534793e+01,2.546805e+01,2.545471e+01,2.550805e+01,2.532122e+01,2.550805e+01,2.532122e+01,2.540133e+01,2.549472e+01,2.530119e+01,2.550139e+01,2.546138e+01,2.541468e+01,2.542135e+01,2.535461e+01,2.538131e+01,2.545471e+01,2.544804e+01,2.543469e+01,2.538131e+01,2.544137e+01,2.536796e+01,2.535461e+01,2.540133e+01,2.551472e+01,2.534793e+01,2.548138e+01,2.548805e+01,2.546138e+01,2.545471e+01,2.530787e+01,2.533458e+01,2.542802e+01,2.534126e+01,2.534126e+01,2.536796e+01,2.539466e+01,2.528782e+01,2.546138e+01,2.542135e+01,2.545471e+01,2.540133e+01,2.542135e+01,2.528782e+01,2.541468e+01,2.534793e+01,2.542802e+01,2.544137e+01,2.538131e+01,2.544137e+01,2.540801e+01,2.550805e+01,2.542802e+01,2.550805e+01,2.545471e+01,2.535461e+01,2.538799e+01,2.548138e+01,2.526778e+01,2.520094e+01,2.538799e+01
2.514744e+01,2.495326e+01,2.516751e+01,2.507383e+01,2.518757e+01,2.512737e+01,2.509391e+01,2.517419e+01,2.523437e+01,2.517419e+01,2.521431e+01,2.515413e+01,2.509391e+01,2.517419e+01,2.506044e+01,2.521431e+01,2.521431e+01,2.511399e+01,2.513406e+01,2.518088e+01,2.523437e+01,2.528782e+01,2.520094e+01,2.517419e+01,2.523437e+01,2.519426e+01,2.518088e+01,2.512068e+01,2.520094e+01,2.524773e+01,2.516751e+01,2.508052e+01,2.509391e+01,2.525442e+01,2.532122e+01,2.530787e+01,2.528115e+01,2.509391e+01,2.528115e+01,2.528115e+01,2.525442e+01,2.522768e+01,2.512737e+01,2.508722e+01,2.518757e+01,2.514744e+01,2.513406e+01,2.510060e+01,2.498677e+01,2.513406e+01,2.508722e+01,2.511399e+01,2.526110e+01,2.497337e+01,2.499347e+01,2.508052e+01,2.516082e+01,2.504705e+01,2.504035e+01,2.499347e+01,2.494656e+01,2.494656e+01,2.488622e+01,2.505375e+01,2.498677e+01,2.485269e+01,2.500687e+01,2.484598e+01,2.490634e+01,2.498677e+01,2.502026e+01,2.495326e+01,2.494656e+01,2.493316e+01,2.475201e+01,2.475201e+01,2.488622e+01,2.493316e+01,2.482585e+01,2.476544e+01,2.485940e+01,2.485269e+01,2.495326e+01,2.471844e+01,2.469156e+01,2.482585e+01,2.483256e+01,2.479230e+01,2.465124e+01,2.461091e+01,2.466469e+01,2.475201e+01,2.467141e+01,2.475873e+01,2.473858e+01,2.465124e+01,2.466469e+01,2.471844e+01,2.473187e+01,2.465124e+01,2.462436e+01,2.466469e+01,2.465796e+01,2.461763e+01,2.475873e+01,2.456383e+01,2.461091e+01,2.460419e+01,2.461763e+01,2.462436e+01,2.461091e+01,2.463780e+01,2.468484e+01,2.467141e+01,2.461763e+01,2.467813e+01,2.468484e+01,2.463108e+01,2.472515e+01,2.468484e+01,2.467813e+01,2.467141e+01,2.461091e+01,2.469156e+01,2.472515e+01,2.455710e+01,2.464452e+01,2.468484e+01,2.461091e+01,2.465796e+01,2.469828e+01,2.466469e+01,2.471844e+01,2.475201e+01,2.475873e+01,2.477887e+01,2.477887e+01,2.475201e+01,2.491305e+01,2.496667e+01,2.479901e+01,2.478558e+01,2.483927e+01,2.488622e+01,2.479901e+01,2.490634e+01,2.508052e+01,2.493316e+01,2.488622e+01,2.488622e+01,2.484598e+01,2.486610e+01,2.488622e+01,2.497337e+01,2.491975e+01,2.498007e+01,2.508722e+01,2.504035e+01,2.506044e+01,2.500017e+01,2.501357e+01,2.522768e+01,2.520094e+01,2.500017e+01,2.502026e+01,2.501357e+01,2.513406e+01,2.515413e+01,2.519426e+01,2.503366e+01,2.520763e+01,2.507383e+01,2.518088e+01,2.515413e+01,2.508722e+01,2.514075e+01,2.512068e+01,2.515413e+01,2.522100e+01,2.512737e+01,2.518757e+01,2.526778e+01,2.517419e+01,2.520094e+01,2.524105e+01,2.521431e+01,2.526110e+01,2.531454e+01,2.535461e+01,2.516751e+01,2.536129e+01,2.529451e+01,2.513406e+01,2.520094e+01,2.536796e+01,2.526778e+01,2.526778e+01,2.528115e+01,2.524773e+01,2.525442e+01,2.526110e+01,2.529451e+01,2.523437e+01,2.523437e+01,2.530787e+01,2.533458e+01,2.526778e+01,2.524773e+01,2.526778e+01,2.519426e+01,2.530119e+01,2.523437e+01,2.530119e+01,2.526778e+01,2.525442e+01,2.528115e+01,2.528782e+01,2.530787e+01,2.532790e+01,2.531454e+01,2.524105e+01,2.526778e+01,2.524105e+01,2.530119e+01,2.528782e+01,2.515413e+01,2.518757e+01,2.528782e+01,2.537464e+01,2.534126e+01,2.529451e+01,2.530787e+01,2.527446e+01,2.527446e+01,2.522100e+01,2.534126e+01,2.533458e+01,2.523437e+01,2.530787e+01,2.535461e+01,2.522768e+01,2.520094e+01,2.529451e+01,2.515413e+01,2.516082e+01,2.524773e+01,2.524773e+01,2.512737e+01,2.520094e+01,2.523437e+01,2.519426e+01,2.516751e+01,2.520094e+01,2.504705e+01,2.517419e+01,2.526778e+01,2.513406e+01,2.524105e+01,2.513406e+01,2.512737e+01,2.506044e+01,2.516751e+01,2.518088e+01,2.522100e+01,2.500687e+01,2.523437e+01,2.518757e+01,2.508052e+01,2.516082e+01,2.521431e+01,2.528115e+01,2.519426e+01,2.513406e+01,2.517419e+01,2.516082e+01,2.518757e+01,2.512737e+01,2.511399e+01,2.510730e+01,2.513406e+01,2.522100e+01,2.518757e+01,2.526110e+01,2.521431e+01,2.526110e+01,2.517419e+01,2.525442e+01,2.528782e+01,2.529451e+01,2.530787e+01,2.531454e+01,2.530119e+01,2.528782e+01,2.528782e+01,2.525442e+01,2.526110e+01,2.529451e+01,2.530119e+01,2.539466e+01,2.538131e+01,2.535461e+01,2.538131e+01,2.532122e+01,2.536129e+01,2.553472e+01,2.538131e+01,2.543469e+01,2.543469e+01,2.541468e+01,2.529451e+01,2.544137e+01,2.532790e+01,2.541468e+01,2.530119e+01,2.540133e+01,2.560134e+01,2.536796e+01,2.542802e+01,2.543469e+01,2.544137e+01,2.548805e+01,2.536796e+01,2.524773e+01,2.544137e+01,2.535461e+01,2.536129e+01,2.536129e+01,2.534126e+01,2.535461e+01,2.539466e+01,2.544804e+01,2.543469e+01,2.529451e+01,2.538131e+01,2.539466e+01,2.544137e+01,2.544137e+01,2.534793e+01,2.538131e+01,2.541468e+01,2.543469e+01,2.534126e+01,2.540801e+01,2.534793e+01,2.545471e+01,2.534793e+01,2.542802e+01,2.532790e+01,2.542802e+01,2.540133e+01,2.536796e+01,2.539466e+01,2.528115e+01,2.536796e+01,2.537464e+01,2.538131e+01,2.540133e+01,2.524105e+01,2.525442e+01,2.534793e+01,2.537464e+01,2.524773e+01,2.540801e+01,2.546138e+01,2.532122e+01,2.541468e+01,2.542135e+01,2.532790e+01,2.547471e+01,2.534793e+01,2.554138e+01,2.540801e+01,2.539466e+01,2.541468e+01,2.555471e+01,2.532122e+01,2.534126e+01,2.527446e+01,2.542135e+01,2.537464e+01,2.538131e+01,2.538131e+01,2.537464e+01,2.538799e+01,2.536796e+01,2.540133e+01,2.537464e+01,2.536129e+01,2.533458e+01,2.532790e+01,2.568124e+01,2.544137e+01,2.552805e+01,2.536796e+01,2.538131e+01,2.536129e+01,2.542802e+01,2.542135e+01,2.538799e+01,2.538799e+01,2.538799e+01,2.539466e+01,2.552805e+01,2.540133e+01,2.542802e+01,2.540801e+01,2.550805e+01,2.546805e+01,2.546805e+01,2.552805e+01,2.542135e+01,2.536796e+01,2.547471e+01,2.540801e+01,2.551472e+01,2.551472e+01,2.545471e+01,2.531454e+01,2.547471e+01,2.549472e+01,2.548138e+01,2.543469e+01,2.540133e+01,2.546805e+01,2.550805e+01,2.542135e+01,2.543469e+01,2.547471e+01,2.536796e+01,2.534126e+01,2.535461e+01,2.546805e+01,2.536796e+01,2.560134e+01,2.544137e+01,2.540133e+01,2.546138e+01,2.540801e+01,2.558136e+01,2.558136e+01,2.534793e+01,2.555471e+01,2.542802e+01,2.552805e+01,2.540801e+01,2.548138e+01,2.546138e+01,2.542135e+01,2.555471e+01,2.547471e+01,2.547471e+01,2.540801e+01,2.546805e+01,2.547471e+01,2.547471e+01,2.559468e+01,2.555471e+01,2.534793e+01,2.539466e+01,2.560134e+01,2.544137e+01,2.546805e+01,2.545471e+01,2.545471e+01,2.556137e+01,2.538799e+01,2.549472e+01,2.549472e+01,2.544804e+01,2.552805e+01,2.538131e+01,2.538799e+01,2.548805e+01,2.533458e+01,2.549472e+01,2.552805e+01,2.543469e+01,2.538131e+01,2.538131e+01,2.551472e+01,2.546138e+01,2.540801e+01,2.548805e+01,2.538799e+01,2.545471e+01,2.547471e+01,2.534793e+01,2.539466e+01,2.550805e+01,2.541468e+01,2.548805e+01,2.548805e+01,2.548138e+01,2.539466e+01,2.543469e+01,2.553472e+01,2.546805e+01,2.548805e+01,2.538131e+01,2.550805e+01,2.540801e+01,2.541468e+01,2.535461e+01,2.538799e+01,2.548805e+01,2.542135e+01,2.536129e+01,2.532122e+01,2.540801e+01,2.548805e+01,2.544804e+01,2.538799e+01,2.537464e+01,2.541468e+01,2.553472e+01,2.538131e+01,2.539466e+01,2.538799e+01,2.541468e+01,2.540133e+01,2.531454e+01,2.539466e+01,2.538131e+01,2.542802e+01,2.544137e+01,2.528115e+01,2.540801e+01,2.528115e+01,2.542802e+01,2.541468e+01,2.544137e+01,2.543469e+01,2.542802e+01,2.540801e+01,2.534126e+01,2.544804e+01,2.534793e+01,2.538131e+01,2.537464e+01,2.528115e+01,2.535461e+01,2.542135e+01,2.534793e+01,2.540801e+01,2.540133e+01,2.544137e+01,2.534793e+01,2.532122e+01,2.524773e+01,2.492645e+01,2.465796e+01,2.450327e+01,2.428766e+01,2.407837e+01,2.408512e+01,2.375346e+01,2.382801e+01,2.376024e+01,2.369921e+01,2.370599e+01,2.414593e+01,2.442247e+01,2.467141e+01,2.491305e+01,2.508052e+01,2.510730e+01,2.522100e+01,2.522768e+01,2.540801e+01,2.536129e+01,2.547471e+01,2.545471e+01,2.548805e+01,2.530787e+01,2.552805e+01,2.552805e+01,2.556137e+01,2.542135e+01,2.547471e+01,2.540801e+01,2.544137e+01,2.538131e+01,2.547471e+01,2.545471e+01,2.550805e+01,2.537464e+01,2.552805e+01,2.552805e+01,2.540133e+01,2.532122e+01,2.540801e+01,2.540801e+01,2.546805e+01,2.546138e+01,2.548138e+01,2.545471e+01,2.544137e+01,2.535461e+01,2.534793e+01,2.552805e+01,2.531454e+01,2.536796e+01,2.545471e+01,2.536796e+01,2.540133e+01,2.533458e+01,2.546805e+01,2.540133e+01,2.538799e+01,2.539466e+01,2.534126e+01,2.512737e+01,2.534126e+01,2.535461e+01,2.535461e+01,2.539466e+01,2.542802e+01,2.550805e+01,2.538799e+01,2.520094e+01,2.517419e+01,2.540133e+01,2.538131e+01,2.532122e+01,2.542802e+01,2.543469e+01,2.545471e+01,2.545471e+01,2.545471e+01,2.545471e+01,2.552139e+01,2.542135e+01,2.541468e+01,2.538799e+01,2.542802e+01,2.542135e+01,2.531454e+01,2.530787e+01,2.547471e+01,2.542802e+01
2.514075e+01,2.533458e+01,2.516751e+01,2.508052e+01,2.509391e+01,2.514075e+01,2.518088e+01,2.507383e+01,2.520094e+01,2.515413e+01,2.514744e+01,2.505375e+01,2.518757e+01,2.528115e+01,2.520094e+01,2.514075e+01,2.523437e+01,2.510060e+01,2.513406e+01,2.481914e+01,2.518088e+01,2.524105e+01,2.514744e+01,2.520094e+01,2.520763e+01,2.534126e+01,2.518757e+01,2.522100e+01,2.533458e+01,2.520094e+01,2.508052e+01,2.512068e+01,2.505375e+01,2.527446e+01,2.493986e+01,2.510060e+01,2.506713e+01,2.518088e+01,2.518757e+01,2.512737e+01,2.512068e+01,2.524105e+01,2.509391e+01,2.520094e+01,2.525442e+01,2.516082e+01,2.515413e+01,2.510730e+01,2.512737e+01,2.514075e+01,2.506713e+01,2.506713e+01,2.503366e+01,2.506713e+01,2.512068e+01,2.510730e+01,2.510730e+01,2.498677e+01,2.502696e+01,2.510730e+01,2.500687e+01,2.493986e+01,2.501357e+01,2.500017e+01,2.500687e+01,2.498007e+01,2.495326e+01,2.490634e+01,2.497337e+01,2.496667e+01,2.485940e+01,2.486610e+01,2.487952e+01,2.493986e+01,2.497337e+01,2.486610e+01,2.474530e+01,2.487952e+01,2.495997e+01,2.495997e+01,2.482585e+01,2.481243e+01,2.482585e+01,2.481914e+01,2.471172e+01,2.481243e+01,2.479230e+01,2.470500e+01,2.478558e+01,2.469156e+01,2.468484e+01,2.467141e+01,2.465796e+01,2.463780e+01,2.466469e+01,2.469156e+01,2.465124e+01,2.466469e+01,2.487952e+01,2.467141e+01,2.483256e+01,2.466469e+01,2.483256e+01,2.461763e+01,2.462436e+01,2.452346e+01,2.471172e+01,2.453019e+01,2.466469e+01,2.466469e+01,2.462436e+01,2.459073e+01,2.469156e+01,2.463108e+01,2.468484e+01,2.471172e+01,2.459073e+01,2.465124e+01,2.467813e+01,2.467141e+01,2.457056e+01,2.464452e+01,2.460419e+01,2.466469e+01,2.469828e+01,2.469156e+01,2.467813e+01,2.471172e+01,2.472515e+01,2.471172e+01,2.470500e+01,2.473187e+01,2.461091e+01,2.473187e+01,2.470500e+01,2.474530e+01,2.477216e+01,2.477887e+01,2.471844e+01,2.479230e+01,2.469156e+01,2.479230e+01,2.482585e+01,2.469828e+01,2.471844e+01,2.488622e+01,2.476544e+01,2.479901e+01,2.477216e+01,2.482585e+01,2.495326e+01,2.486610e+01,2.491975e+01,2.497337e+01,2.499347e+01,2.500687e+01,2.496667e+01,2.497337e+01,2.504035e+01,2.501357e+01,2.504035e+01,2.499347e+01,2.498677e+01,2.512068e+01,2.494656e+01,2.500687e+01,2.499347e+01,2.507383e+01,2.517419e+01,2.502696e+01,2.520094e+01,2.510730e+01,2.524105e+01,2.520763e+01,2.511399e+01,2.510060e+01,2.516082e+01,2.513406e+01,2.510730e+01,2.517419e+01,2.515413e+01,2.518088e+01,2.516751e+01,2.520094e+01,2.521431e+01,2.520094e+01,2.521431e+01,2.524773e+01,2.536129e+01,2.520763e+01,2.518757e+01,2.519426e+01,2.512068e+01,2.526110e+01,2.524105e+01,2.527446e+01,2.530787e+01,2.516082e+01,2.526778e+01,2.528782e+01,2.518757e+01,2.512068e+01,2.524773e+01,2.528115e+01,2.524773e+01,2.530787e+01,2.528782e+01,2.534126e+01,2.522100e+01,2.527446e+01,2.526110e+01,2.538799e+01,2.532122e+01,2.526778e+01,2.527446e+01,2.529451e+01,2.554138e+01,2.537464e+01,2.528782e+01,2.538131e+01,2.528115e+01,2.530787e+01,2.533458e+01,2.516751e+01,2.512068e+01,2.524773e+01,2.547471e+01,2.532790e+01,2.530119e+01,2.535461e+01,2.520094e+01,2.522768e+01,2.532790e+01,2.526110e+01,2.519426e+01,2.524105e+01,2.520094e+01,2.533458e+01,2.522100e+01,2.536129e+01,2.523437e+01,2.517419e+01,2.524105e+01,2.521431e+01,2.526110e+01,2.505375e+01,2.520763e+01,2.518088e+01,2.518088e+01,2.512737e+01,2.521431e+01,2.512737e+01,2.517419e+01,2.517419e+01,2.518088e+01,2.508722e+01,2.517419e+01,2.513406e+01,2.508052e+01,2.522100e+01,2.512737e+01,2.510730e+01,2.493986e+01,2.498007e+01,2.503366e+01,2.522100e+01,2.502026e+01,2.522100e+01,2.517419e+01,2.511399e+01,2.518088e+01,2.514744e+01,2.510730e+01,2.518088e+01,2.514075e+01,2.508722e+01,2.504705e+01,2.511399e+01,2.520094e+01,2.508052e+01,2.510060e+01,2.537464e+01,2.506044e+01,2.520094e+01,2.523437e+01,2.530787e+01,2.518757e+01,2.530119e+01,2.531454e+01,2.524773e+01,2.518088e+01,2.533458e+01,2.525442e+01,2.514075e+01,2.526110e+01,2.519426e+01,2.564130e+01,2.528115e+01,2.536796e+01,2.534793e+01,2.540133e+01,2.537464e+01,2.537464e+01,2.539466e+01,2.545471e+01,2.530787e+01,2.540133e+01,2.530119e+01,2.542802e+01,2.528782e+01,2.543469e+01,2.543469e+01,2.530787e+01,2.535461e+01,2.524773e+01,2.526110e+01,2.539466e+01,2.538799e+01,2.539466e+01,2.538131e+01,2.537464e+01,2.534793e+01,2.536129e+01,2.533458e+01,2.531454e+01,2.534793e+01,2.533458e+01,2.544137e+01,2.525442e+01,2.547471e+01,2.550139e+01,2.548805e+01,2.538131e+01,2.541468e+01,2.538131e+01,2.544137e+01,2.529451e+01,2.536796e+01,2.542135e+01,2.543469e+01,2.534126e+01,2.530787e+01,2.541468e+01,2.550805e+01,2.538131e+01,2.539466e+01,2.522100e+01,2.534126e+01,2.540801e+01,2.535461e+01,2.546138e+01,2.526110e+01,2.535461e+01,2.532790e+01,2.535461e+01,2.534126e+01,2.536796e+01,2.520763e+01,2.539466e+01,2.537464e+01,2.526778e+01,2.535461e+01,2.530119e+01,2.541468e+01,2.540133e+01,2.534126e+01,2.529451e+01,2.532790e+01,2.527446e+01,2.534793e+01,2.543469e+01,2.529451e+01,2.535461e+01,2.539466e+01,2.531454e+01,2.526110e+01,2.534126e+01,2.529451e+01,2.544804e+01,2.533458e+01,2.536129e+01,2.538131e+01,2.531454e+01,2.536796e+01,2.542135e+01,2.536129e+01,2.536796e+01,2.538799e+01,2.533458e+01,2.538131e+01,2.542135e+01,2.544137e+01,2.537464e+01,2.540133e+01,2.540801e+01,2.541468e+01,2.542135e+01,2.540801e+01,2.542135e+01,2.536796e+01,2.539466e+01,2.536129e+01,2.545471e+01,2.551472e+01,2.542135e+01,2.548138e+01,2.548138e+01,2.549472e+01,2.538131e+01,2.544137e+01,2.546138e+01,2.553472e+01,2.539466e+01,2.547471e+01,2.546138e+01,2.548805e+01,2.541468e+01,2.540801e+01,2.543469e+01,2.541468e+01,2.542802e+01,2.547471e+01,2.549472e+01,2.548805e+01,2.557470e+01,2.541468e+01,2.544804e+01,2.552805e+01,2.544137e+01,2.535461e+01,2.552805e+01,2.542135e+01,2.544137e+01,2.562798e+01,2.544137e+01,2.538799e+01,2.544137e+01,2.549472e+01,2.536796e+01,2.536796e+01,2.559468e+01,2.552139e+01,2.538799e+01,2.546805e+01,2.542802e+01,2.550805e+01,2.549472e+01,2.550805e+01,2.538799e+01,2.544804e+01,2.554804e+01,2.548805e+01,2.538799e+01,2.551472e+01,2.552805e+01,2.564796e+01,2.535461e+01,2.541468e+01,2.558802e+01,2.538131e+01,2.562798e+01,2.549472e+01,2.558136e+01,2.547471e+01,2.544804e+01,2.541468e+01,2.551472e+01,2.547471e+01,2.538799e+01,2.540801e+01,2.539466e+01,2.545471e+01,2.545471e+01,2.542802e+01,2.557470e+01,2.540801e+01,2.545471e+01,2.547471e+01,2.530119e+01,2.549472e+01,2.552139e+01,2.545471e+01,2.548138e+01,2.532790e+01,2.537464e+01,2.536796e+01,2.538131e+01,2.535461e+01,2.540801e+01,2.566127e+01,2.544137e+01,2.537464e+01,2.558802e+01,2.550139e+01,2.545471e+01,2.544804e+01,2.540133e+01,2.548805e+01,2.550139e+01,2.547471e+01,2.531454e+01,2.535461e+01,2.541468e+01,2.542802e+01,2.531454e+01,2.538799e+01,2.540133e+01,2.540133e+01,2.540801e+01,2.542802e+01,2.546138e+01,2.552139e+01,2.530119e+01,2.550139e+01,2.540801e+01,2.539466e+01,2.535461e+01,2.538799e+01,2.536796e+01,2.540133e+01,2.534793e+01,2.532122e+01,2.536796e+01,2.530119e+01,2.546138e+01,2.546138e+01,2.534793e+01,2.539466e+01,2.549472e+01,2.540801e+01,2.542135e+01,2.527446e+01,2.525442e+01,2.540133e+01,2.538799e+01,2.538131e+01,2.536129e+01,2.538131e+01,2.539466e+01,2.538799e+01,2.534126e+01,2.538131e+01,2.543469e+01,2.542802e+01,2.545471e+01,2.543469e+01,2.540133e+01,2.535461e+01,2.490634e+01,2.493986e+01,2.455038e+01,2.432138e+01,2.432812e+01,2.394988e+01,2.385510e+01,2.384155e+01,2.371956e+01,2.380768e+01,2.370599e+01,2.391604e+01,2.418644e+01,2.438205e+01,2.464452e+01,2.477216e+01,2.504705e+01,2.530787e+01,2.516082e+01,2.534793e+01,2.539466e+01,2.534793e+01,2.542135e+01,2.531454e+01,2.529451e+01,2.538131e+01,2.525442e+01,2.547471e+01,2.533458e+01,2.539466e+01,2.538131e+01,2.536129e+01,2.544804e+01,2.546805e+01,2.557470e+01,2.542802e+01,2.535461e+01,2.549472e+01,2.529451e+01,2.544804e+01,2.544137e+01,2.551472e+01,2.541468e+01,2.536129e+01,2.540801e+01,2.544804e+01,2.532122e+01,2.533458e+01,2.509391e+01,2.548805e+01,2.542802e+01,2.534126e+01,2.528115e+01,2.537464e+01,2.535461e+01,2.539466e+01,2.540801e+01,2.548138e+01,2.533458e+01,2.550139e+01,2.534793e+01,2.536796e+01,2.535461e+01,2.519426e+01,2.554804e+01,2.536129e+01,2.544804e+01,2.532122e+01,2.545471e+01,2.537464e+01,2.550139e+01,2.542802e+01,2.538131e+01,2.538131e+01,2.537464e+01,2.542135e+01,2.537464e+01,2.546138e+01,2.545471e+01,2.540133e+01,2.540801e+01,2.546138e+01,2.515413e+01,2.538799e+01,2.545471e+01,2.538799e+01,2.550139e+01,2.541468e+01,2.540133e+01,2.542135e+01,2.541468e+01,2.531454e+01
2.536129e+01,2.496667e+01,2.506044e+01,2.515413e+01,2.516751e+01,2.518088e+01,2.510060e+01,2.521431e+01,2.489964e+01,2.520094e+01,2.518088e+01,2.523437e+01,2.506044e+01,2.526110e+01,2.513406e+01,2.515413e+01,2.522100e+01,2.526778e+01,2.520094e+01,2.520763e+01,2.516082e+01,2.518088e+01,2.524773e+01,2.522768e+01,2.520094e+01,2.521431e+01,2.494656e+01,2.514744e+01,2.523437e+01,2.516751e+01,2.515413e+01,2.524105e+01,2.518757e+01,2.507383e+01,2.528782e+01,2.546805e+01,2.520094e+01,2.522768e+01,2.519426e+01,2.521431e+01,2.518757e+01,2.510060e+01,2.508722e+01,2.516751e+01,2.510060e+01,2.499347e+01,2.509391e+01,2.502026e+01,2.505375e+01,2.504035e+01,2.504035e+01,2.512068e+01,2.508052e+01,2.494656e+01,2.514075e+01,2.508722e+01,2.516082e+01,2.504705e+01,2.512068e+01,2.500017e+01,2.500687e+01,2.510060e+01,2.504705e+01,2.503366e+01,2.500017e+01,2.501357e+01,2.502026e+01,2.493986e+01,2.493316e+01,2.486610e+01,2.477887e+01,2.491305e+01,2.491975e+01,2.498677e+01,2.477887e+01,2.489293e+01,2.511399e+01,2.502696e+01,2.491975e+01,2.479230e+01,2.470500e+01,2.473187e+01,2.479901e+01,2.475873e+01,2.483927e+01,2.479901e+01,2.475201e+01,2.473187e+01,2.473858e+01,2.476544e+01,2.485940e+01,2.475201e+01,2.457056e+01,2.471844e+01,2.470500e+01,2.474530e+01,2.467813e+01,2.469828e+01,2.469156e+01,2.469156e+01,2.455038e+01,2.468484e+01,2.483256e+01,2.466469e+01,2.463108e+01,2.469156e+01,2.469156e+01,2.468484e+01,2.457728e+01,2.459073e+01,2.468484e+01,2.460419e+01,2.453692e+01,2.454365e+01,2.466469e+01,2.472515e+01,2.466469e+01,2.469156e+01,2.467141e+01,2.466469e+01,2.465796e+01,2.465796e+01,2.467141e+01,2.466469e+01,2.471172e+01,2.472515e+01,2.460419e+01,2.456383e+01,2.467141e+01,2.470500e+01,2.471172e+01,2.466469e+01,2.470500e+01,2.473858e+01,2.473858e+01,2.463780e+01,2.480572e+01,2.477887e+01,2.473858e+01,2.475201e+01,2.473187e+01,2.481243e+01,2.471844e+01,2.483256e+01,2.473858e+01,2.483927e+01,2.488622e+01,2.496667e+01,2.486610e+01,2.496667e+01,2.485940e+01,2.484598e+01,2.492645e+01,2.493986e+01,2.500017e+01,2.498007e+01,2.500687e+01,2.502026e+01,2.497337e+01,2.500687e+01,2.495997e+01,2.497337e+01,2.502696e+01,2.500687e+01,2.512737e+01,2.504035e+01,2.493986e+01,2.500017e+01,2.502026e+01,2.501357e+01,2.521431e+01,2.506044e+01,2.506044e+01,2.506044e+01,2.514744e+01,2.506044e+01,2.518088e+01,2.515413e+01,2.509391e+01,2.513406e+01,2.532122e+01,2.520763e+01,2.516082e+01,2.518757e+01,2.523437e+01,2.533458e+01,2.524105e+01,2.516082e+01,2.535461e+01,2.536129e+01,2.513406e+01,2.518757e+01,2.517419e+01,2.514075e+01,2.528782e+01,2.524105e+01,2.534126e+01,2.536129e+01,2.525442e+01,2.530119e+01,2.521431e+01,2.515413e+01,2.530119e+01,2.521431e+01,2.530119e+01,2.534793e+01,2.526778e+01,2.525442e+01,2.522100e+01,2.524773e+01,2.521431e+01,2.523437e+01,2.506713e+01,2.524773e+01,2.520094e+01,2.518088e+01,2.525442e+01,2.526778e+01,2.526110e+01,2.527446e+01,2.526778e+01,2.532122e+01,2.524105e+01,2.519426e+01,2.532122e+01,2.520763e+01,2.526778e+01,2.529451e+01,2.532122e+01,2.522768e+01,2.535461e+01,2.520094e+01,2.526778e+01,2.525442e+01,2.524773e+01,2.522100e+01,2.520763e+01,2.520094e+01,2.518088e+01,2.526110e+01,2.519426e+01,2.520094e+01,2.531454e+01,2.504705e+01,2.524773e+01,2.523437e+01,2.514075e+01,2.527446e+01,2.533458e+01,2.518757e+01,2.520094e+01,2.516751e+01,2.513406e+01,2.514744e+01,2.506044e+01,2.512068e+01,2.506713e+01,2.506044e+01,2.512737e+01,2.515413e+01,2.513406e+01,2.512068e+01,2.514075e+01,2.501357e+01,2.518757e+01,2.520763e+01,2.516751e+01,2.514075e+01,2.522100e+01,2.510730e+01,2.524105e+01,2.509391e+01,2.510730e+01,2.519426e+01,2.511399e+01,2.522100e+01,2.509391e+01,2.508052e+01,2.516082e+01,2.508052e+01,2.520763e+01,2.510060e+01,2.526110e+01,2.513406e+01,2.518088e+01,2.515413e+01,2.516751e+01,2.530787e+01,2.520763e+01,2.530119e+01,2.534126e+01,2.536129e+01,2.527446e+01,2.526778e+01,2.526110e+01,2.530119e+01,2.531454e+01,2.540801e+01,2.539466e+01,2.536796e+01,2.536129e+01,2.524773e+01,2.542135e+01,2.544137e+01,2.536796e+01,2.540801e+01,2.542802e+01,2.544804e+01,2.542802e+01,2.542802e+01,2.534126e+01,2.540801e+01,2.541468e+01,2.534793e+01,2.538131e+01,2.524105e+01,2.530119e+01,2.542802e+01,2.542802e+01,2.539466e+01,2.516082e+01,2.535461e+01,2.536129e+01,2.534793e+01,2.536129e+01,2.546138e+01,2.546805e+01,2.541468e+01,2.536129e+01,2.532790e+01,2.545471e+01,2.531454e+01,2.544137e+01,2.545471e+01,2.536796e+01,2.543469e+01,2.537464e+01,2.536796e+01,2.530787e+01,2.540801e+01,2.536796e+01,2.534793e+01,2.539466e+01,2.538799e+01,2.549472e+01,2.528115e+01,2.542135e+01,2.533458e+01,2.535461e+01,2.534126e+01,2.545471e+01,2.536129e+01,2.534793e+01,2.534793e+01,2.529451e+01,2.533458e+01,2.534126e+01,2.536796e+01,2.539466e+01,2.540801e+01,2.541468e+01,2.526110e+01,2.530119e+01,2.541468e+01,2.540133e+01,2.531454e+01,2.544137e+01,2.528782e+01,2.531454e+01,2.525442e+01,2.530787e+01,2.536129e+01,2.534126e+01,2.538131e+01,2.539466e+01,2.536129e+01,2.532122e+01,2.531454e+01,2.530787e+01,2.550139e+01,2.538799e+01,2.538799e+01,2.533458e+01,2.540133e+01,2.537464e+01,2.534126e+01,2.541468e+01,2.549472e+01,2.546805e+01,2.534793e+01,2.543469e+01,2.542135e+01,2.528115e+01,2.527446e+01,2.537464e+01,2.538131e+01,2.528782e+01,2.542802e+01,2.538799e+01,2.543469e+01,2.550805e+01,2.548805e+01,2.539466e+01,2.542802e+01,2.516082e+01,2.538799e+01,2.549472e+01,2.544137e+01,2.545471e+01,2.540133e+01,2.554138e+01,2.546805e+01,2.540801e+01,2.544804e+01,2.548138e+01,2.550139e+01,2.550805e+01,2.552139e+01,2.548138e+01,2.539466e+01,2.548138e+01,2.536796e+01,2.542135e+01,2.538799e+01,2.538131e+01,2.546138e+01,2.540801e+01,2.540133e+01,2.540801e+01,2.538799e+01,2.553472e+01,2.545471e+01,2.526778e+01,2.534126e+01,2.540801e+01,2.549472e+01,2.534793e+01,2.560800e+01,2.554138e+01,2.556804e+01,2.539466e+01,2.548138e+01,2.545471e+01,2.548138e+01,2.541468e+01,2.558802e+01,2.542135e+01,2.540801e+01,2.542135e+01,2.548138e+01,2.548138e+01,2.546138e+01,2.546805e+01,2.542135e+01,2.544804e+01,2.540133e+01,2.539466e+01,2.541468e+01,2.541468e+01,2.544804e+01,2.549472e+01,2.550139e+01,2.546805e+01,2.556137e+01,2.542135e+01,2.540133e+01,2.540801e+01,2.542802e+01,2.544804e+01,2.542802e+01,2.537464e+01,2.536796e+01,2.544804e+01,2.539466e+01,2.561466e+01,2.547471e+01,2.538131e+01,2.548138e+01,2.551472e+01,2.542135e+01,2.534793e+01,2.549472e+01,2.534793e+01,2.550139e+01,2.536796e+01,2.551472e+01,2.557470e+01,2.539466e+01,2.544804e+01,2.550805e+01,2.552139e+01,2.531454e+01,2.546138e+01,2.547471e+01,2.540133e+01,2.548138e+01,2.534793e+01,2.545471e+01,2.548805e+01,2.535461e+01,2.556804e+01,2.536129e+01,2.542135e+01,2.538799e+01,2.540133e+01,2.544137e+01,2.538131e+01,2.538799e+01,2.542802e+01,2.531454e+01,2.540133e+01,2.540801e+01,2.544804e+01,2.546138e+01,2.540801e+01,2.540133e+01,2.539466e+01,2.542135e+01,2.544137e+01,2.532790e+01,2.534793e+01,2.533458e+01,2.530787e+01,2.541468e+01,2.536129e+01,2.545471e+01,2.538799e+01,2.542802e+01,2.535461e+01,2.536796e+01,2.531454e+01,2.540801e+01,2.542135e+01,2.536796e+01,2.538131e+01,2.543469e+01,2.529451e+01,2.538131e+01,2.538131e+01,2.536796e+01,2.536129e+01,2.532122e+01,2.536796e+01,2.543469e+01,2.538799e+01,2.541468e+01,2.532122e+01,2.512068e+01,2.489964e+01,2.461763e+01,2.448308e+01,2.456383e+01,2.411215e+01,2.391604e+01,2.386865e+01,2.393634e+01,2.376024e+01,2.371277e+01,2.378735e+01,2.392281e+01,2.436857e+01,2.463108e+01,2.500687e+01,2.506044e+01,2.507383e+01,2.520763e+01,2.525442e+01,2.532790e+01,2.537464e+01,2.534793e+01,2.538799e+01,2.532122e+01,2.549472e+01,2.534126e+01,2.532790e+01,2.538799e+01,2.542135e+01,2.530787e+01,2.532790e+01,2.532790e+01,2.539466e+01,2.527446e+01,2.546805e+01,2.531454e+01,2.545471e+01,2.536796e+01,2.534793e+01,2.538131e+01,2.539466e+01,2.534793e+01,2.542802e+01,2.540133e+01,2.534793e+01,2.526778e+01,2.548138e+01,2.540133e+01,2.526110e+01,2.524773e+01,2.550139e+01,2.544804e+01,2.530787e+01,2.535461e+01,2.540133e+01,2.527446e+01,2.542135e+01,2.532790e+01,2.536796e+01,2.542802e+01,2.533458e+01,2.530119e+01,2.560800e+01,2.546138e+01,2.545471e+01,2.537464e+01,2.537464e+01,2.534126e+01,2.546138e+01,2.536796e+01,2.544804e+01,2.543469e+01,2.538799e+01,2.550139e+01,2.535461e+01,2.538131e+01,2.535461e+01,2.544137e+01,2.542802e+01,2.550139e+01,2.517419e+01,2.544804e+01,2.546805e+01,2.540133e+01,2.538799e+01,2.540801e+01,2.537464e+01,2.553472e+01,2.556137e+01,2.538799e+01,2.546138e+01,2.534126e+01
2.515413e+01,2.518088e+01,2.518757e+01,2.517419e+01,2.510730e+01,2.512068e+01,2.517419e+01,2.518088e+01,2.514075e+01,2.512737e+01,2.518088e+01,2.522100e+01,2.516082e+01,2.514744e+01,2.517419e+01,2.521431e+01,2.498007e+01,2.516751e+01,2.516082e+01,2.501357e+01,2.518757e+01,2.511399e+01,2.522100e+01,2.512737e+01,2.518757e+01,2.522100e+01,2.512737e+01,2.517419e+01,2.539466e+01,2.518757e+01,2.510060e+01,2.539466e+01,2.528115e+01,2.535461e+01,2.520094e+01,2.519426e+01,2.517419e+01,2.524105e+01,2.502026e+01,2.512068e+01,2.503366e+01,2.524773e+01,2.514075e+01,2.510730e+01,2.502026e+01,2.508722e+01,2.526778e+01,2.506713e+01,2.514075e+01,2.512068e+01,2.503366e+01,2.511399e+01,2.495326e+01,2.489293e+01,2.506044e+01,2.518757e+01,2.504035e+01,2.504035e+01,2.514075e+01,2.499347e+01,2.500017e+01,2.500687e+01,2.504705e+01,2.500017e+01,2.496667e+01,2.481914e+01,2.505375e+01,2.478558e+01,2.492645e+01,2.489293e+01,2.480572e+01,2.489964e+01,2.491975e+01,2.493986e+01,2.493316e+01,2.498007e+01,2.501357e+01,2.489964e+01,2.496667e+01,2.487281e+01,2.487281e+01,2.483256e+01,2.485940e+01,2.481243e+01,2.479901e+01,2.472515e+01,2.468484e+01,2.467813e+01,2.466469e+01,2.467813e+01,2.475201e+01,2.494656e+01,2.468484e+01,2.465124e+01,2.469156e+01,2.468484e+01,2.465796e+01,2.465124e+01,2.483256e+01,2.473858e+01,2.462436e+01,2.481914e+01,2.465124e+01,2.471172e+01,2.465124e+01,2.465124e+01,2.465124e+01,2.462436e+01,2.463780e+01,2.455038e+01,2.465796e+01,2.462436e+01,2.453019e+01,2.469828e+01,2.455038e+01,2.465796e+01,2.456383e+01,2.465796e+01,2.466469e+01,2.464452e+01,2.463780e+01,2.461091e+01,2.464452e+01,2.469828e+01,2.467813e+01,2.469828e+01,2.457728e+01,2.457056e+01,2.469828e+01,2.475201e+01,2.465124e+01,2.469828e+01,2.452346e+01,2.456383e+01,2.468484e+01,2.478558e+01,2.469828e+01,2.475873e+01,2.478558e+01,2.470500e+01,2.478558e+01,2.467141e+01,2.468484e+01,2.477216e+01,2.475201e+01,2.503366e+01,2.483927e+01,2.477216e+01,2.488622e+01,2.484598e+01,2.483927e+01,2.489293e+01,2.489964e+01,2.495326e+01,2.494656e+01,2.489964e+01,2.501357e+01,2.493316e+01,2.501357e+01,2.495326e+01,2.500017e+01,2.493986e+01,2.503366e+01,2.505375e+01,2.489293e+01,2.500017e+01,2.503366e+01,2.500687e+01,2.502026e+01,2.519426e+01,2.520094e+01,2.503366e+01,2.506713e+01,2.508722e+01,2.526110e+01,2.508052e+01,2.489964e+01,2.506044e+01,2.517419e+01,2.513406e+01,2.512737e+01,2.511399e+01,2.518088e+01,2.516082e+01,2.518088e+01,2.519426e+01,2.518088e+01,2.532122e+01,2.524105e+01,2.530119e+01,2.516082e+01,2.513406e+01,2.516751e+01,2.525442e+01,2.521431e+01,2.523437e+01,2.521431e+01,2.524773e+01,2.533458e+01,2.516751e+01,2.540801e+01,2.518088e+01,2.522100e+01,2.533458e+01,2.550139e+01,2.525442e+01,2.529451e+01,2.526778e+01,2.524105e+01,2.528115e+01,2.524773e+01,2.524773e+01,2.512068e+01,2.523437e+01,2.528782e+01,2.530119e+01,2.528115e+01,2.527446e+01,2.522768e+01,2.532790e+01,2.522768e+01,2.522100e+01,2.527446e+01,2.529451e+01,2.526778e+01,2.518757e+01,2.524105e+01,2.527446e+01,2.516751e+01,2.522768e+01,2.519426e+01,2.516751e+01,2.524773e+01,2.520094e+01,2.515413e+01,2.511399e+01,2.524105e+01,2.521431e+01,2.520763e+01,2.524773e+01,2.516751e+01,2.533458e+01,2.506713e+01,2.520763e+01,2.520094e+01,2.515413e+01,2.510730e+01,2.511399e+01,2.512737e+01,2.504705e+01,2.514075e+01,2.514075e+01,2.511399e+01,2.512068e+01,2.514744e+01,2.514075e+01,2.504705e+01,2.510060e+01,2.512737e+01,2.510060e+01,2.512737e+01,2.506044e+01,2.512737e+01,2.512737e+01,2.523437e+01,2.504705e+01,2.506713e+01,2.514075e+01,2.510730e+01,2.517419e+01,2.514744e+01,2.501357e+01,2.525442e+01,2.512737e+01,2.513406e+01,2.524105e+01,2.511399e+01,2.513406e+01,2.515413e+01,2.515413e+01,2.511399e+01,2.517419e+01,2.516751e+01,2.514744e+01,2.518088e+01,2.514075e+01,2.517419e+01,2.518088e+01,2.542135e+01,2.524105e+01,2.523437e+01,2.531454e+01,2.522100e+01,2.529451e+01,2.518088e+01,2.527446e+01,2.518757e+01,2.517419e+01,2.526778e+01,2.538131e+01,2.510730e+01,2.527446e+01,2.533458e+01,2.549472e+01,2.538131e+01,2.525442e+01,2.542802e+01,2.533458e+01,2.531454e+01,2.534126e+01,2.532122e+01,2.532790e+01,2.532790e+01,2.536129e+01,2.526778e+01,2.537464e+01,2.521431e+01,2.542802e+01,2.520094e+01,2.542135e+01,2.533458e+01,2.535461e+01,2.532790e+01,2.534793e+01,2.534126e+01,2.538799e+01,2.541468e+01,2.554138e+01,2.529451e+01,2.532790e+01,2.531454e+01,2.532790e+01,2.544804e+01,2.536796e+01,2.538131e+01,2.536796e+01,2.533458e+01,2.537464e+01,2.538799e+01,2.542802e+01,2.537464e+01,2.531454e+01,2.523437e+01,2.520094e+01,2.535461e+01,2.534126e+01,2.534126e+01,2.530787e+01,2.533458e+01,2.536129e+01,2.534793e+01,2.530787e+01,2.528782e+01,2.524105e+01,2.522100e+01,2.528782e+01,2.524105e+01,2.530119e+01,2.522768e+01,2.534126e+01,2.540133e+01,2.522100e+01,2.526778e+01,2.528115e+01,2.538799e+01,2.536796e+01,2.528115e+01,2.535461e+01,2.530119e+01,2.530119e+01,2.538131e+01,2.525442e+01,2.528115e+01,2.531454e+01,2.525442e+01,2.525442e+01,2.543469e+01,2.519426e+01,2.538131e+01,2.534793e+01,2.537464e+01,2.522100e+01,2.540133e+01,2.539466e+01,2.542802e+01,2.542802e+01,2.527446e+01,2.537464e+01,2.544804e+01,2.544137e+01,2.543469e+01,2.539466e+01,2.536796e+01,2.544804e+01,2.540801e+01,2.549472e+01,2.541468e+01,2.547471e+01,2.534793e+01,2.542135e+01,2.546805e+01,2.548138e+01,2.522768e+01,2.550805e+01,2.548138e+01,2.535461e+01,2.542135e+01,2.547471e+01,2.549472e+01,2.541468e+01,2.542802e+01,2.550805e+01,2.549472e+01,2.552139e+01,2.541468e+01,2.543469e+01,2.547471e+01,2.548805e+01,2.540133e+01,2.552139e+01,2.542135e+01,2.544137e+01,2.548138e+01,2.546805e+01,2.546805e+01,2.548138e+01,2.546805e+01,2.536129e+01,2.549472e+01,2.534793e+01,2.548805e+01,2.526778e+01,2.554138e+01,2.542802e+01,2.534793e+01,2.548138e+01,2.532122e+01,2.548138e+01,2.552139e+01,2.553472e+01,2.538799e+01,2.537464e+01,2.542135e+01,2.543469e+01,2.539466e+01,2.530787e+01,2.548138e+01,2.549472e+01,2.551472e+01,2.534793e+01,2.541468e+01,2.542135e+01,2.546138e+01,2.544137e+01,2.540801e+01,2.540133e+01,2.554138e+01,2.542135e+01,2.540801e+01,2.543469e+01,2.535461e+01,2.546805e+01,2.544804e+01,2.556137e+01,2.541468e+01,2.542802e+01,2.535461e+01,2.536796e+01,2.550805e+01,2.538131e+01,2.562132e+01,2.536129e+01,2.556137e+01,2.559468e+01,2.542135e+01,2.546805e+01,2.540133e+01,2.535461e+01,2.550139e+01,2.552139e+01,2.551472e+01,2.535461e+01,2.534793e+01,2.539466e+01,2.536129e+01,2.536796e+01,2.534793e+01,2.537464e+01,2.541468e+01,2.544137e+01,2.548138e+01,2.551472e+01,2.536129e+01,2.530119e+01,2.539466e+01,2.540133e+01,2.536796e+01,2.543469e+01,2.538799e+01,2.539466e+01,2.538131e+01,2.534126e+01,2.534126e+01,2.526110e+01,2.542802e+01,2.542135e+01,2.538131e+01,2.541468e+01,2.541468e+01,2.543469e+01,2.537464e+01,2.526778e+01,2.530119e+01,2.541468e+01,2.541468e+01,2.544137e+01,2.546805e+01,2.531454e+01,2.536129e+01,2.529451e+01,2.545471e+01,2.544137e+01,2.546805e+01,2.532122e+01,2.545471e+01,2.536129e+01,2.536796e+01,2.543469e+01,2.538799e+01,2.540133e+01,2.531454e+01,2.538131e+01,2.542802e+01,2.544804e+01,2.530787e+01,2.543469e+01,2.538799e+01,2.534793e+01,2.552139e+01,2.531454e+01,2.534793e+01,2.516751e+01,2.526778e+01,2.528115e+01,2.520094e+01,2.519426e+01,2.516751e+01,2.491975e+01,2.488622e+01,2.442247e+01,2.449654e+01,2.404457e+01,2.399047e+01,2.389573e+01,2.387542e+01,2.386865e+01,2.369242e+01,2.376702e+01,2.392958e+01,2.406485e+01,2.442247e+01,2.464452e+01,2.496667e+01,2.504705e+01,2.510730e+01,2.522768e+01,2.541468e+01,2.528782e+01,2.530787e+01,2.530119e+01,2.527446e+01,2.546138e+01,2.534126e+01,2.540133e+01,2.547471e+01,2.532122e+01,2.548805e+01,2.532122e+01,2.536129e+01,2.538799e+01,2.546805e+01,2.547471e+01,2.538131e+01,2.535461e+01,2.546138e+01,2.531454e+01,2.538799e+01,2.542135e+01,2.538799e+01,2.543469e+01,2.553472e+01,2.537464e+01,2.524105e+01,2.539466e+01,2.538799e+01,2.538799e+01,2.529451e+01,2.528782e+01,2.542135e+01,2.532122e+01,2.530119e+01,2.530787e+01,2.538131e+01,2.545471e+01,2.536796e+01,2.544804e+01,2.535461e+01,2.536129e+01,2.529451e+01,2.544137e+01,2.528115e+01,2.541468e+01,2.543469e+01,2.548805e+01,2.558136e+01,2.534793e+01,2.544804e+01,2.525442e+01,2.538799e+01,2.537464e+01,2.535461e+01,2.537464e+01,2.535461e+01,2.540801e+01,2.532122e+01,2.542135e+01,2.540801e+01,2.536129e+01,2.544137e+01,2.538131e+01,2.544137e+01,2.552805e+01,2.535461e+01,2.536129e+01,2.535461e+01,2.547471e+01,2.536796e+01,2.518757e+01,2.532790e+01,2.535461e+01
2.511399e+01,2.514075e+01,2.520094e+01,2.498007e+01,2.523437e+01,2.491975e+01,2.512737e+01,2.502696e+01,2.510730e+01,2.515413e+01,2.514744e+01,2.512737e+01,2.518088e+01,2.514744e+01,2.517419e+01,2.518757e+01,2.500017e+01,2.514075e+01,2.504705e+01,2.516751e+01,2.502696e+01,2.508722e+01,2.515413e+01,2.516751e+01,2.520094e+01,2.518757e+01,2.513406e+01,2.540133e+01,2.513406e+01,2.539466e+01,2.512737e+01,2.511399e+01,2.535461e+01,2.518757e+01,2.511399e+01,2.524773e+01,2.522100e+01,2.524773e+01,2.515413e+01,2.514075e+01,2.514744e+01,2.506713e+01,2.518757e+01,2.510060e+01,2.508052e+01,2.508052e+01,2.521431e+01,2.498677e+01,2.507383e+01,2.510730e+01,2.510060e+01,2.510060e+01,2.502026e+01,2.498007e+01,2.499347e+01,2.502696e+01,2.504035e+01,2.502026e+01,2.507383e+01,2.498007e+01,2.510730e+01,2.498007e+01,2.496667e+01,2.503366e+01,2.499347e+01,2.480572e+01,2.498677e+01,2.469156e+01,2.500687e+01,2.494656e+01,2.495997e+01,2.498007e+01,2.493316e+01,2.489293e+01,2.487952e+01,2.480572e+01,2.495326e+01,2.494656e+01,2.493986e+01,2.491975e+01,2.485940e+01,2.481243e+01,2.478558e+01,2.477887e+01,2.483256e+01,2.474530e+01,2.487952e+01,2.473858e+01,2.468484e+01,2.467813e+01,2.475201e+01,2.468484e+01,2.475201e+01,2.469156e+01,2.464452e+01,2.466469e+01,2.467141e+01,2.471172e+01,2.465796e+01,2.471172e+01,2.461763e+01,2.465124e+01,2.459746e+01,2.463108e+01,2.463108e+01,2.469828e+01,2.458401e+01,2.465796e+01,2.461763e+01,2.470500e+01,2.469828e+01,2.464452e+01,2.456383e+01,2.452346e+01,2.462436e+01,2.455038e+01,2.463108e+01,2.467141e+01,2.468484e+01,2.463108e+01,2.461763e+01,2.465796e+01,2.463780e+01,2.467141e+01,2.451673e+01,2.455710e+01,2.469156e+01,2.471844e+01,2.450327e+01,2.471172e+01,2.475873e+01,2.453019e+01,2.453019e+01,2.453692e+01,2.477216e+01,2.471844e+01,2.477216e+01,2.485269e+01,2.477216e+01,2.477216e+01,2.475201e+01,2.469156e+01,2.469828e+01,2.477887e+01,2.475201e+01,2.481914e+01,2.478558e+01,2.475201e+01,2.487281e+01,2.488622e+01,2.490634e+01,2.489293e+01,2.490634e+01,2.491975e+01,2.496667e+01,2.479901e+01,2.494656e+01,2.495997e+01,2.505375e+01,2.494656e+01,2.495326e+01,2.498007e+01,2.499347e+01,2.502026e+01,2.503366e+01,2.502696e+01,2.502696e+01,2.504705e+01,2.506713e+01,2.495326e+01,2.504705e+01,2.506713e+01,2.504705e+01,2.506044e+01,2.517419e+01,2.506044e+01,2.508052e+01,2.510060e+01,2.504705e+01,2.512068e+01,2.514075e+01,2.521431e+01,2.521431e+01,2.524105e+01,2.519426e+01,2.520763e+01,2.518088e+01,2.514744e+01,2.518088e+01,2.530119e+01,2.532122e+01,2.515413e+01,2.518088e+01,2.526778e+01,2.522100e+01,2.516751e+01,2.530119e+01,2.519426e+01,2.526110e+01,2.530119e+01,2.524105e+01,2.525442e+01,2.518757e+01,2.519426e+01,2.529451e+01,2.530787e+01,2.510730e+01,2.516751e+01,2.528115e+01,2.522100e+01,2.518088e+01,2.528782e+01,2.532790e+01,2.523437e+01,2.532122e+01,2.526778e+01,2.527446e+01,2.527446e+01,2.526778e+01,2.524105e+01,2.530119e+01,2.528782e+01,2.517419e+01,2.526778e+01,2.524773e+01,2.523437e+01,2.522768e+01,2.524773e+01,2.530119e+01,2.522768e+01,2.515413e+01,2.526778e+01,2.510060e+01,2.522768e+01,2.517419e+01,2.529451e+01,2.520094e+01,2.520094e+01,2.520094e+01,2.519426e+01,2.522100e+01,2.517419e+01,2.520763e+01,2.514075e+01,2.513406e+01,2.512068e+01,2.516751e+01,2.510060e+01,2.520094e+01,2.520763e+01,2.512068e+01,2.511399e+01,2.507383e+01,2.510730e+01,2.517419e+01,2.510060e+01,2.510730e+01,2.504035e+01,2.512068e+01,2.510730e+01,2.517419e+01,2.506713e+01,2.510060e+01,2.514075e+01,2.497337e+01,2.510730e+01,2.514075e+01,2.506044e+01,2.516082e+01,2.518088e+01,2.511399e+01,2.512737e+01,2.512068e+01,2.508722e+01,2.506044e+01,2.518757e+01,2.517419e+01,2.512737e+01,2.508052e+01,2.508052e+01,2.516751e+01,2.516751e+01,2.517419e+01,2.518088e+01,2.516082e+01,2.517419e+01,2.512737e+01,2.527446e+01,2.527446e+01,2.521431e+01,2.528115e+01,2.532122e+01,2.524773e+01,2.520763e+01,2.528782e+01,2.519426e+01,2.518088e+01,2.532122e+01,2.538131e+01,2.524773e+01,2.543469e+01,2.524773e+01,2.528115e+01,2.535461e+01,2.538131e+01,2.526778e+01,2.529451e+01,2.530787e+01,2.537464e+01,2.538799e+01,2.532122e+01,2.530119e+01,2.530787e+01,2.530119e+01,2.532790e+01,2.534793e+01,2.528782e+01,2.523437e+01,2.530119e+01,2.533458e+01,2.544804e+01,2.519426e+01,2.536796e+01,2.524773e+01,2.530119e+01,2.530787e+01,2.530119e+01,2.532122e+01,2.537464e+01,2.529451e+01,2.532790e+01,2.534793e+01,2.536129e+01,2.538131e+01,2.541468e+01,2.536129e+01,2.533458e+01,2.533458e+01,2.535461e+01,2.531454e+01,2.537464e+01,2.538131e+01,2.524105e+01,2.530787e+01,2.529451e+01,2.535461e+01,2.532122e+01,2.531454e+01,2.531454e+01,2.534126e+01,2.534793e+01,2.530787e+01,2.521431e+01,2.534793e+01,2.523437e+01,2.536129e+01,2.531454e+01,2.525442e+01,2.522768e+01,2.515413e+01,2.529451e+01,2.527446e+01,2.534793e+01,2.540801e+01,2.525442e+01,2.540801e+01,2.534793e+01,2.528782e+01,2.531454e+01,2.533458e+01,2.543469e+01,2.525442e+01,2.528115e+01,2.539466e+01,2.538131e+01,2.532790e+01,2.540133e+01,2.529451e+01,2.524105e+01,2.536129e+01,2.536129e+01,2.534793e+01,2.537464e+01,2.533458e+01,2.538799e+01,2.533458e+01,2.539466e+01,2.524773e+01,2.537464e+01,2.536129e+01,2.539466e+01,2.540801e+01,2.520094e+01,2.538131e+01,2.537464e+01,2.538799e+01,2.549472e+01,2.550139e+01,2.540133e+01,2.538131e+01,2.545471e+01,2.542802e+01,2.528115e+01,2.544137e+01,2.554804e+01,2.544137e+01,2.543469e+01,2.543469e+01,2.545471e+01,2.542802e+01,2.552139e+01,2.548138e+01,2.538799e+01,2.546805e+01,2.550139e+01,2.547471e+01,2.548138e+01,2.548805e+01,2.549472e+01,2.540801e+01,2.555471e+01,2.536796e+01,2.544137e+01,2.544137e+01,2.532790e+01,2.534793e+01,2.546805e+01,2.516751e+01,2.544137e+01,2.536129e+01,2.526778e+01,2.545471e+01,2.538799e+01,2.541468e+01,2.535461e+01,2.534793e+01,2.546805e+01,2.544804e+01,2.553472e+01,2.538131e+01,2.548138e+01,2.550805e+01,2.550139e+01,2.540801e+01,2.547471e+01,2.538131e+01,2.548138e+01,2.534793e+01,2.541468e+01,2.540801e+01,2.538131e+01,2.538131e+01,2.541468e+01,2.545471e+01,2.544137e+01,2.542802e+01,2.540801e+01,2.537464e+01,2.536129e+01,2.543469e+01,2.539466e+01,2.550805e+01,2.544804e+01,2.543469e+01,2.538131e+01,2.543469e+01,2.532790e+01,2.545471e+01,2.538131e+01,2.542802e+01,2.532122e+01,2.542135e+01,2.544137e+01,2.538799e+01,2.544137e+01,2.540133e+01,2.539466e+01,2.537464e+01,2.535461e+01,2.546805e+01,2.546138e+01,2.546805e+01,2.536129e+01,2.538131e+01,2.536129e+01,2.541468e+01,2.540133e+01,2.536129e+01,2.549472e+01,2.547471e+01,2.547471e+01,2.549472e+01,2.541468e+01,2.545471e+01,2.546805e+01,2.555471e+01,2.541468e+01,2.533458e+01,2.536796e+01,2.534793e+01,2.536796e+01,2.535461e+01,2.531454e+01,2.538799e+01,2.536796e+01,2.548805e+01,2.538799e+01,2.538131e+01,2.536796e+01,2.540801e+01,2.531454e+01,2.540801e+01,2.537464e+01,2.535461e+01,2.550805e+01,2.534126e+01,2.542135e+01,2.534793e+01,2.530787e+01,2.544137e+01,2.528115e+01,2.544804e+01,2.548805e+01,2.540133e+01,2.530119e+01,2.532122e+01,2.530119e+01,2.536796e+01,2.532790e+01,2.536796e+01,2.542135e+01,2.541468e+01,2.542135e+01,2.534793e+01,2.529451e+01,2.541468e+01,2.543469e+01,2.537464e+01,2.536129e+01,2.535461e+01,2.536129e+01,2.533458e+01,2.537464e+01,2.535461e+01,2.540133e+01,2.532790e+01,2.514075e+01,2.508052e+01,2.463108e+01,2.440226e+01,2.412566e+01,2.409188e+01,2.387542e+01,2.385510e+01,2.397018e+01,2.365172e+01,2.373312e+01,2.390250e+01,2.392281e+01,2.447635e+01,2.455710e+01,2.493986e+01,2.490634e+01,2.518088e+01,2.532122e+01,2.516751e+01,2.540801e+01,2.530787e+01,2.522768e+01,2.538131e+01,2.532790e+01,2.537464e+01,2.539466e+01,2.534126e+01,2.532790e+01,2.542802e+01,2.548138e+01,2.537464e+01,2.532790e+01,2.537464e+01,2.544804e+01,2.544137e+01,2.542135e+01,2.544804e+01,2.532790e+01,2.546805e+01,2.544804e+01,2.541468e+01,2.542135e+01,2.540133e+01,2.539466e+01,2.539466e+01,2.540133e+01,2.538799e+01,2.540133e+01,2.539466e+01,2.539466e+01,2.542135e+01,2.543469e+01,2.542802e+01,2.532122e+01,2.540133e+01,2.540133e+01,2.544804e+01,2.546138e+01,2.531454e+01,2.530787e+01,2.540133e+01,2.544804e+01,2.543469e+01,2.553472e+01,2.535461e+01,2.542802e+01,2.539466e+01,2.534126e+01,2.532122e+01,2.546138e+01,2.544804e+01,2.526778e+01,2.527446e+01,2.531454e+01,2.535461e+01,2.536129e+01,2.528115e+01,2.534793e+01,2.540801e+01,2.537464e+01,2.544804e+01,2.535461e+01,2.541468e+01,2.534126e+01,2.541468e+01,2.539466e+01,2.533458e+01,2.530787e+01,2.534793e+01,2.545471e+01,2.526778e+01,2.536129e+01,2.543469e+01
2.506713e+01,2.515413e+01,2.505375e+01,2.518088e+01,2.520094e+01,2.518088e+01,2.519426e+01,2.516082e+01,2.510730e+01,2.512737e+01,2.523437e+01,2.515413e+01,2.514744e+01,2.510730e+01,2.514744e+01,2.514744e+01,2.521431e+01,2.515413e+01,2.511399e+01,2.511399e+01,2.510060e+01,2.522768e+01,2.519426e+01,2.514744e+01,2.520094e+01,2.521431e+01,2.517419e+01,2.514744e+01,2.511399e+01,2.515413e+01,2.509391e+01,2.508052e+01,2.510730e+01,2.510060e+01,2.520763e+01,2.522768e+01,2.515413e+01,2.508052e+01,2.518757e+01,2.521431e+01,2.517419e+01,2.516751e+01,2.525442e+01,2.520094e+01,2.508052e+01,2.505375e+01,2.519426e+01,2.496667e+01,2.528115e+01,2.510060e+01,2.508722e+01,2.506713e+01,2.509391e+01,2.504035e+01,2.506044e+01,2.501357e+01,2.511399e+01,2.501357e+01,2.510060e+01,2.495326e+01,2.508052e+01,2.502026e+01,2.498007e+01,2.506044e+01,2.504035e+01,2.496667e+01,2.502696e+01,2.493986e+01,2.502026e+01,2.514744e+01,2.494656e+01,2.495326e+01,2.489964e+01,2.502026e+01,2.488622e+01,2.487281e+01,2.496667e+01,2.490634e+01,2.484598e+01,2.484598e+01,2.482585e+01,2.475873e+01,2.482585e+01,2.474530e+01,2.484598e+01,2.471172e+01,2.477887e+01,2.474530e+01,2.476544e+01,2.473858e+01,2.481243e+01,2.481243e+01,2.473187e+01,2.473858e+01,2.475873e+01,2.470500e+01,2.469828e+01,2.469828e+01,2.466469e+01,2.469156e+01,2.476544e+01,2.476544e+01,2.464452e+01,2.484598e+01,2.463108e+01,2.476544e+01,2.456383e+01,2.460419e+01,2.458401e+01,2.455038e+01,2.469828e+01,2.464452e+01,2.480572e+01,2.465796e+01,2.461091e+01,2.475873e+01,2.465124e+01,2.464452e+01,2.460419e+01,2.476544e+01,2.465124e+01,2.465124e+01,2.465124e+01,2.463108e+01,2.451000e+01,2.466469e+01,2.463780e+01,2.471172e+01,2.475873e+01,2.456383e+01,2.467813e+01,2.463780e+01,2.460419e+01,2.477887e+01,2.471844e+01,2.477887e+01,2.475873e+01,2.491305e+01,2.469156e+01,2.468484e+01,2.477887e+01,2.477216e+01,2.475201e+01,2.481243e+01,2.469156e+01,2.483256e+01,2.481243e+01,2.472515e+01,2.483927e+01,2.480572e+01,2.495326e+01,2.487952e+01,2.490634e+01,2.492645e+01,2.494656e+01,2.489964e+01,2.483927e+01,2.492645e+01,2.494656e+01,2.502696e+01,2.498677e+01,2.493316e+01,2.500687e+01,2.495997e+01,2.497337e+01,2.503366e+01,2.494656e+01,2.503366e+01,2.508052e+01,2.496667e+01,2.518088e+01,2.498007e+01,2.523437e+01,2.507383e+01,2.504035e+01,2.516082e+01,2.517419e+01,2.507383e+01,2.514075e+01,2.503366e+01,2.518088e+01,2.514744e+01,2.517419e+01,2.532122e+01,2.521431e+01,2.519426e+01,2.520094e+01,2.520094e+01,2.530787e+01,2.528115e+01,2.522768e+01,2.518088e+01,2.523437e+01,2.516751e+01,2.538799e+01,2.521431e+01,2.522100e+01,2.521431e+01,2.519426e+01,2.526778e+01,2.539466e+01,2.522100e+01,2.518757e+01,2.531454e+01,2.527446e+01,2.518757e+01,2.520763e+01,2.537464e+01,2.523437e+01,2.533458e+01,2.528115e+01,2.531454e+01,2.522100e+01,2.518088e+01,2.525442e+01,2.528115e+01,2.522768e+01,2.526778e+01,2.522768e+01,2.520763e+01,2.527446e+01,2.525442e+01,2.521431e+01,2.529451e+01,2.520094e+01,2.528782e+01,2.524105e+01,2.513406e+01,2.518088e+01,2.520094e+01,2.534126e+01,2.533458e+01,2.519426e+01,2.520763e+01,2.518088e+01,2.521431e+01,2.528782e+01,2.533458e+01,2.518088e+01,2.519426e+01,2.517419e+01,2.519426e+01,2.514744e+01,2.513406e+01,2.516751e+01,2.516082e+01,2.517419e+01,2.520094e+01,2.517419e+01,2.514744e+01,2.516082e+01,2.495326e+01,2.510060e+01,2.515413e+01,2.511399e+01,2.517419e+01,2.485269e+01,2.519426e+01,2.511399e+01,2.514075e+01,2.507383e+01,2.514075e+01,2.516082e+01,2.512068e+01,2.516751e+01,2.508722e+01,2.507383e+01,2.516082e+01,2.505375e+01,2.510060e+01,2.525442e+01,2.509391e+01,2.510730e+01,2.511399e+01,2.510060e+01,2.507383e+01,2.510060e+01,2.513406e+01,2.523437e+01,2.509391e+01,2.516751e+01,2.522768e+01,2.516082e+01,2.512737e+01,2.516751e+01,2.516751e+01,2.516082e+01,2.519426e+01,2.528782e+01,2.523437e+01,2.524773e+01,2.528115e+01,2.526778e+01,2.532122e+01,2.526110e+01,2.534126e+01,2.531454e+01,2.528115e+01,2.529451e+01,2.524105e+01,2.534126e+01,2.529451e+01,2.526110e+01,2.526778e+01,2.526778e+01,2.525442e+01,2.535461e+01,2.536129e+01,2.542802e+01,2.532122e+01,2.535461e+01,2.533458e+01,2.531454e+01,2.532122e+01,2.534793e+01,2.536796e+01,2.532790e+01,2.536129e+01,2.529451e+01,2.532122e+01,2.530787e+01,2.542135e+01,2.540801e+01,2.544804e+01,2.532790e+01,2.535461e+01,2.538799e+01,2.534126e+01,2.541468e+01,2.534126e+01,2.536796e+01,2.546138e+01,2.536129e+01,2.544137e+01,2.542135e+01,2.537464e+01,2.539466e+01,2.532790e+01,2.534126e+01,2.542802e+01,2.545471e+01,2.524773e+01,2.543469e+01,2.534126e+01,2.535461e+01,2.533458e+01,2.536796e+01,2.516082e+01,2.530119e+01,2.529451e+01,2.550139e+01,2.529451e+01,2.547471e+01,2.532790e+01,2.544804e+01,2.527446e+01,2.518088e+01,2.527446e+01,2.529451e+01,2.533458e+01,2.527446e+01,2.516751e+01,2.520763e+01,2.535461e+01,2.528115e+01,2.539466e+01,2.526110e+01,2.529451e+01,2.538131e+01,2.535461e+01,2.534793e+01,2.528115e+01,2.525442e+01,2.538799e+01,2.532790e+01,2.532790e+01,2.532122e+01,2.521431e+01,2.537464e+01,2.535461e+01,2.528782e+01,2.544804e+01,2.530119e+01,2.533458e+01,2.540801e+01,2.542802e+01,2.544137e+01,2.542135e+01,2.546138e+01,2.538131e+01,2.539466e+01,2.540133e+01,2.540133e+01,2.536796e+01,2.532790e+01,2.533458e+01,2.548805e+01,2.533458e+01,2.548138e+01,2.541468e+01,2.544137e+01,2.539466e+01,2.544137e+01,2.534126e+01,2.540133e+01,2.546805e+01,2.544137e+01,2.542802e+01,2.540801e+01,2.540133e+01,2.544804e+01,2.548805e+01,2.544137e+01,2.538799e+01,2.530787e+01,2.535461e+01,2.547471e+01,2.550139e+01,2.548138e+01,2.545471e+01,2.549472e+01,2.552139e+01,2.550805e+01,2.541468e+01,2.549472e+01,2.549472e+01,2.534793e+01,2.535461e+01,2.540133e+01,2.538131e+01,2.524773e+01,2.552805e+01,2.543469e+01,2.542802e+01,2.546805e+01,2.538131e+01,2.546138e+01,2.544137e+01,2.548138e+01,2.540133e+01,2.539466e+01,2.547471e+01,2.535461e+01,2.542802e+01,2.533458e+01,2.543469e+01,2.542135e+01,2.542135e+01,2.540801e+01,2.540801e+01,2.540801e+01,2.543469e+01,2.543469e+01,2.540133e+01,2.540801e+01,2.547471e+01,2.544804e+01,2.541468e+01,2.550139e+01,2.544137e+01,2.530119e+01,2.546805e+01,2.546805e+01,2.546138e+01,2.546138e+01,2.546138e+01,2.548138e+01,2.538799e+01,2.540133e+01,2.542802e+01,2.541468e+01,2.543469e+01,2.532122e+01,2.534793e+01,2.542135e+01,2.545471e+01,2.544137e+01,2.538131e+01,2.536796e+01,2.546805e+01,2.543469e+01,2.550805e+01,2.538131e+01,2.532122e+01,2.544804e+01,2.532790e+01,2.548805e+01,2.550139e+01,2.554804e+01,2.550805e+01,2.548138e+01,2.544137e+01,2.544137e+01,2.542135e+01,2.541468e+01,2.532790e+01,2.540801e+01,2.541468e+01,2.542135e+01,2.538799e+01,2.533458e+01,2.527446e+01,2.532790e+01,2.539466e+01,2.537464e+01,2.537464e+01,2.534793e+01,2.543469e+01,2.539466e+01,2.533458e+01,2.537464e+01,2.538799e+01,2.538131e+01,2.536129e+01,2.536796e+01,2.538799e+01,2.542135e+01,2.538799e+01,2.538799e+01,2.534126e+01,2.539466e+01,2.546805e+01,2.538131e+01,2.550139e+01,2.536129e+01,2.530787e+01,2.536129e+01,2.532122e+01,2.526110e+01,2.529451e+01,2.540133e+01,2.538131e+01,2.520763e+01,2.534126e+01,2.545471e+01,2.552805e+01,2.532122e+01,2.532122e+01,2.542135e+01,2.536129e+01,2.512737e+01,2.538799e+01,2.532790e+01,2.535461e+01,2.527446e+01,2.515413e+01,2.504705e+01,2.465124e+01,2.466469e+01,2.432138e+01,2.420670e+01,2.412566e+01,2.395664e+01,2.390250e+01,2.378057e+01,2.367886e+01,2.378735e+01,2.392281e+01,2.403105e+01,2.421344e+01,2.457056e+01,2.508722e+01,2.510060e+01,2.522768e+01,2.520094e+01,2.524105e+01,2.542802e+01,2.528115e+01,2.526778e+01,2.545471e+01,2.544804e+01,2.544804e+01,2.539466e+01,2.533458e+01,2.543469e+01,2.530787e+01,2.547471e+01,2.544137e+01,2.543469e+01,2.545471e+01,2.536796e+01,2.544804e+01,2.535461e+01,2.549472e+01,2.569455e+01,2.547471e+01,2.545471e+01,2.536129e+01,2.538131e+01,2.538131e+01,2.542135e+01,2.536129e+01,2.540133e+01,2.542135e+01,2.536796e+01,2.541468e+01,2.544137e+01,2.546805e+01,2.530787e+01,2.548138e+01,2.537464e+01,2.544804e+01,2.534126e+01,2.538131e+01,2.538131e+01,2.538131e+01,2.539466e+01,2.535461e+01,2.542135e+01,2.542135e+01,2.552139e+01,2.530787e+01,2.536796e+01,2.542135e+01,2.566127e+01,2.535461e+01,2.540133e+01,2.534126e+01,2.522768e+01,2.555471e+01,2.544804e+01,2.533458e+01,2.534126e+01,2.542802e+01,2.529451e+01,2.537464e+01,2.534793e+01,2.538131e+01,2.537464e+01,2.548805e+01,2.534793e+01,2.534793e+01,2.562132e+01,2.539466e+01,2.534126e+01,2.533458e+01,2.530119e+01,2.535461e+01,2.541468e+01,2.546138e+01
2.508052e+01,2.498007e+01,2.529451e+01,2.521431e+01,2.516082e+01,2.504035e+01,2.519426e+01,2.514744e+01,2.521431e+01,2.511399e+01,2.513406e+01,2.512737e+01,2.512068e+01,2.508052e+01,2.517419e+01,2.518757e+01,2.511399e+01,2.504035e+01,2.503366e+01,2.526778e+01,2.513406e+01,2.510730e+01,2.515413e+01,2.518088e+01,2.517419e+01,2.513406e+01,2.518757e+01,2.518757e+01,2.528782e+01,2.514744e+01,2.514075e+01,2.496667e+01,2.512737e+01,2.512068e+01,2.528115e+01,2.522768e+01,2.523437e+01,2.519426e+01,2.515413e+01,2.520763e+01,2.515413e+01,2.513406e+01,2.519426e+01,2.512068e+01,2.533458e+01,2.514075e+01,2.513406e+01,2.508722e+01,2.510060e+01,2.512737e+01,2.518757e+01,2.509391e+01,2.512737e+01,2.514744e+01,2.517419e+01,2.502026e+01,2.502026e+01,2.502696e+01,2.503366e+01,2.508722e+01,2.498007e+01,2.495997e+01,2.500687e+01,2.505375e+01,2.500017e+01,2.491305e+01,2.498677e+01,2.508722e+01,2.499347e+01,2.506713e+01,2.495997e+01,2.489964e+01,2.489293e+01,2.498677e+01,2.481243e+01,2.486610e+01,2.483256e+01,2.487281e+01,2.500017e+01,2.497337e+01,2.493986e+01,2.487281e+01,2.484598e+01,2.477887e+01,2.495326e+01,2.471172e+01,2.479230e+01,2.491305e+01,2.473858e+01,2.493316e+01,2.475873e+01,2.477887e+01,2.474530e+01,2.475201e+01,2.470500e+01,2.473187e+01,2.463108e+01,2.469156e+01,2.475201e+01,2.475201e+01,2.479230e+01,2.475873e+01,2.468484e+01,2.465124e+01,2.469828e+01,2.483256e+01,2.483927e+01,2.460419e+01,2.477216e+01,2.467141e+01,2.463780e+01,2.461091e+01,2.462436e+01,2.459746e+01,2.465124e+01,2.475873e+01,2.461763e+01,2.467141e+01,2.465796e+01,2.461763e+01,2.464452e+01,2.464452e+01,2.467813e+01,2.466469e+01,2.459073e+01,2.464452e+01,2.469156e+01,2.467141e+01,2.477887e+01,2.470500e+01,2.469828e+01,2.477216e+01,2.460419e+01,2.459746e+01,2.470500e+01,2.475201e+01,2.465124e+01,2.472515e+01,2.475201e+01,2.481243e+01,2.473858e+01,2.469156e+01,2.471172e+01,2.475873e+01,2.473187e+01,2.474530e+01,2.473858e+01,2.467813e+01,2.481243e+01,2.487281e+01,2.485940e+01,2.479901e+01,2.477887e+01,2.489293e+01,2.492645e+01,2.487952e+01,2.491975e+01,2.489964e+01,2.494656e+01,2.498677e+01,2.495997e+01,2.497337e+01,2.498677e+01,2.498677e+01,2.498677e+01,2.501357e+01,2.497337e+01,2.508722e+01,2.504705e+01,2.510060e+01,2.505375e+01,2.523437e+01,2.503366e+01,2.501357e+01,2.512068e+01,2.505375e+01,2.514075e+01,2.507383e+01,2.514075e+01,2.513406e+01,2.520094e+01,2.522768e+01,2.516082e+01,2.518757e+01,2.510060e+01,2.520763e+01,2.506044e+01,2.521431e+01,2.523437e+01,2.517419e+01,2.511399e+01,2.526110e+01,2.520763e+01,2.522768e+01,2.526110e+01,2.512068e+01,2.526110e+01,2.522768e+01,2.520094e+01,2.528782e+01,2.520763e+01,2.535461e+01,2.530787e+01,2.526778e+01,2.530119e+01,2.518757e+01,2.511399e+01,2.533458e+01,2.518757e+01,2.522100e+01,2.520094e+01,2.534793e+01,2.528115e+01,2.528782e+01,2.527446e+01,2.527446e+01,2.527446e+01,2.546805e+01,2.520094e+01,2.520763e+01,2.522768e+01,2.528115e+01,2.535461e+01,2.522768e+01,2.510060e+01,2.524105e+01,2.518757e+01,2.514744e+01,2.521431e+01,2.534793e+01,2.513406e+01,2.522100e+01,2.534126e+01,2.518757e+01,2.518757e+01,2.520094e+01,2.526110e+01,2.518088e+01,2.513406e+01,2.516751e+01,2.514075e+01,2.513406e+01,2.522100e+01,2.521431e+01,2.513406e+01,2.516082e+01,2.510730e+01,2.516082e+01,2.518757e+01,2.510060e+01,2.517419e+01,2.514075e+01,2.508722e+01,2.509391e+01,2.516751e+01,2.521431e+01,2.509391e+01,2.514744e+01,2.507383e+01,2.508052e+01,2.510060e+01,2.512068e+01,2.511399e+01,2.518757e+01,2.507383e+01,2.499347e+01,2.518088e+01,2.508052e+01,2.512737e+01,2.511399e+01,2.518757e+01,2.508052e+01,2.504705e+01,2.511399e+01,2.508722e+01,2.507383e+01,2.512737e+01,2.513406e+01,2.512068e+01,2.508722e+01,2.515413e+01,2.499347e+01,2.513406e+01,2.519426e+01,2.512737e+01,2.508722e+01,2.504035e+01,2.526778e+01,2.519426e+01,2.522100e+01,2.529451e+01,2.526110e+01,2.520094e+01,2.524105e+01,2.524773e+01,2.518757e+01,2.524773e+01,2.525442e+01,2.530119e+01,2.524105e+01,2.527446e+01,2.528115e+01,2.534126e+01,2.528115e+01,2.526778e+01,2.532122e+01,2.520094e+01,2.534126e+01,2.540801e+01,2.536129e+01,2.533458e+01,2.526778e+01,2.526778e+01,2.529451e+01,2.531454e+01,2.528782e+01,2.531454e+01,2.532790e+01,2.524105e+01,2.523437e+01,2.544804e+01,2.540801e+01,2.544804e+01,2.539466e+01,2.538131e+01,2.523437e+01,2.529451e+01,2.539466e+01,2.536796e+01,2.540801e+01,2.534126e+01,2.538799e+01,2.528782e+01,2.526778e+01,2.541468e+01,2.536129e+01,2.539466e+01,2.524105e+01,2.541468e+01,2.545471e+01,2.526778e+01,2.531454e+01,2.547471e+01,2.529451e+01,2.536129e+01,2.534126e+01,2.535461e+01,2.533458e+01,2.527446e+01,2.516082e+01,2.533458e+01,2.526110e+01,2.518088e+01,2.539466e+01,2.534793e+01,2.516751e+01,2.527446e+01,2.532122e+01,2.531454e+01,2.532790e+01,2.516082e+01,2.538131e+01,2.520763e+01,2.520763e+01,2.540133e+01,2.544804e+01,2.539466e+01,2.526778e+01,2.529451e+01,2.537464e+01,2.536796e+01,2.528782e+01,2.524105e+01,2.528115e+01,2.525442e+01,2.531454e+01,2.533458e+01,2.542802e+01,2.535461e+01,2.524773e+01,2.535461e+01,2.532122e+01,2.532790e+01,2.536796e+01,2.533458e+01,2.542802e+01,2.541468e+01,2.545471e+01,2.534793e+01,2.533458e+01,2.538131e+01,2.543469e+01,2.539466e+01,2.538131e+01,2.532122e+01,2.533458e+01,2.538131e+01,2.537464e+01,2.528115e+01,2.544804e+01,2.546805e+01,2.545471e+01,2.546805e+01,2.544137e+01,2.550139e+01,2.546805e+01,2.540801e+01,2.544137e+01,2.548805e+01,2.543469e+01,2.538131e+01,2.538131e+01,2.547471e+01,2.549472e+01,2.540801e+01,2.544804e+01,2.532790e+01,2.544137e+01,2.547471e+01,2.550805e+01,2.550805e+01,2.536129e+01,2.550139e+01,2.547471e+01,2.548805e+01,2.538131e+01,2.529451e+01,2.538799e+01,2.535461e+01,2.535461e+01,2.538799e+01,2.522100e+01,2.547471e+01,2.544804e+01,2.549472e+01,2.537464e+01,2.551472e+01,2.548138e+01,2.546805e+01,2.540133e+01,2.542135e+01,2.535461e+01,2.550805e+01,2.548138e+01,2.546138e+01,2.537464e+01,2.531454e+01,2.542135e+01,2.532790e+01,2.547471e+01,2.542802e+01,2.539466e+01,2.544804e+01,2.541468e+01,2.546138e+01,2.543469e+01,2.540801e+01,2.536129e+01,2.545471e+01,2.552805e+01,2.542802e+01,2.544137e+01,2.528115e+01,2.546138e+01,2.542802e+01,2.545471e+01,2.552139e+01,2.540801e+01,2.553472e+01,2.551472e+01,2.541468e+01,2.540133e+01,2.538799e+01,2.542802e+01,2.543469e+01,2.542802e+01,2.544804e+01,2.539466e+01,2.552805e+01,2.530787e+01,2.525442e+01,2.526778e+01,2.539466e+01,2.540133e+01,2.545471e+01,2.547471e+01,2.534126e+01,2.543469e+01,2.544804e+01,2.550139e+01,2.544137e+01,2.544137e+01,2.545471e+01,2.540801e+01,2.539466e+01,2.542135e+01,2.558136e+01,2.549472e+01,2.536796e+01,2.535461e+01,2.532122e+01,2.530787e+01,2.534793e+01,2.543469e+01,2.539466e+01,2.536796e+01,2.543469e+01,2.534793e+01,2.536129e+01,2.527446e+01,2.534126e+01,2.534793e+01,2.542135e+01,2.535461e+01,2.546805e+01,2.536129e+01,2.538131e+01,2.526110e+01,2.525442e+01,2.528782e+01,2.545471e+01,2.551472e+01,2.541468e+01,2.532122e+01,2.543469e+01,2.535461e+01,2.529451e+01,2.526110e+01,2.526778e+01,2.542802e+01,2.540801e+01,2.539466e+01,2.548138e+01,2.523437e+01,2.546138e+01,2.538131e+01,2.524105e+01,2.543469e+01,2.535461e+01,2.532122e+01,2.547471e+01,2.538799e+01,2.516751e+01,2.538131e+01,2.528782e+01,2.524773e+01,2.504035e+01,2.467141e+01,2.436857e+01,2.413917e+01,2.435509e+01,2.401076e+01,2.386865e+01,2.378057e+01,2.370599e+01,2.371277e+01,2.374668e+01,2.410540e+01,2.414593e+01,2.457728e+01,2.487281e+01,2.505375e+01,2.511399e+01,2.532122e+01,2.526778e+01,2.533458e+01,2.532122e+01,2.542135e+01,2.547471e+01,2.538131e+01,2.524773e+01,2.531454e+01,2.540133e+01,2.532122e+01,2.538131e+01,2.531454e+01,2.530119e+01,2.519426e+01,2.543469e+01,2.543469e+01,2.532790e+01,2.544137e+01,2.530787e+01,2.540133e+01,2.542802e+01,2.533458e+01,2.542135e+01,2.538799e+01,2.539466e+01,2.536796e+01,2.538131e+01,2.538799e+01,2.542802e+01,2.540133e+01,2.534793e+01,2.546805e+01,2.532122e+01,2.537464e+01,2.532122e+01,2.548138e+01,2.531454e+01,2.530787e+01,2.545471e+01,2.541468e+01,2.536129e+01,2.537464e+01,2.540801e+01,2.544804e+01,2.548138e+01,2.532122e+01,2.529451e+01,2.534126e+01,2.533458e+01,2.538131e+01,2.544804e+01,2.538131e+01,2.550805e+01,2.532790e+01,2.540133e+01,2.528115e+01,2.540801e+01,2.539466e+01,2.536796e+01,2.536129e+01,2.536796e+01,2.538131e+01,2.538799e+01,2.546138e+01,2.541468e+01,2.542135e+01,2.538131e+01,2.540801e+01,2.534793e+01,2.532122e+01,2.547471e+01,2.552805e+01,2.543469e+01,2.536129e+01,2.542802e+01,2.539466e+01
2.510060e+01,2.519426e+01,2.507383e+01,2.520763e+01,2.518757e+01,2.518757e+01,2.514744e+01,2.502026e+01,2.524105e+01,2.504705e+01,2.512068e+01,2.524105e+01,2.510730e+01,2.514075e+01,2.519426e+01,2.506044e+01,2.514075e+01,2.520763e+01,2.502696e+01,2.516082e+01,2.518757e+01,2.517419e+01,2.518088e+01,2.522100e+01,2.519426e+01,2.517419e+01,2.520094e+01,2.516751e+01,2.520094e+01,2.515413e+01,2.524105e+01,2.524773e+01,2.509391e+01,2.508722e+01,2.510060e+01,2.518088e+01,2.522768e+01,2.517419e+01,2.519426e+01,2.518757e+01,2.506713e+01,2.520094e+01,2.510060e+01,2.511399e+01,2.516751e+01,2.508052e+01,2.506044e+01,2.493316e+01,2.514075e+01,2.511399e+01,2.516751e+01,2.518088e+01,2.511399e+01,2.495997e+01,2.512068e+01,2.508052e+01,2.508052e+01,2.503366e+01,2.502696e+01,2.490634e+01,2.505375e+01,2.500687e+01,2.497337e+01,2.504035e+01,2.504035e+01,2.487281e+01,2.504035e+01,2.506713e+01,2.491975e+01,2.493316e+01,2.492645e+01,2.475873e+01,2.490634e+01,2.496667e+01,2.500687e+01,2.486610e+01,2.489964e+01,2.487952e+01,2.491305e+01,2.500017e+01,2.485269e+01,2.486610e+01,2.481243e+01,2.494656e+01,2.476544e+01,2.469156e+01,2.482585e+01,2.471172e+01,2.471172e+01,2.473187e+01,2.476544e+01,2.475201e+01,2.476544e+01,2.474530e+01,2.457728e+01,2.472515e+01,2.470500e+01,2.466469e+01,2.468484e+01,2.468484e+01,2.463780e+01,2.474530e+01,2.469828e+01,2.473187e+01,2.471172e+01,2.468484e+01,2.468484e+01,2.477216e+01,2.451673e+01,2.469156e+01,2.478558e+01,2.457056e+01,2.463108e+01,2.464452e+01,2.470500e+01,2.469156e+01,2.441573e+01,2.464452e+01,2.453019e+01,2.461763e+01,2.467141e+01,2.471172e+01,2.465796e+01,2.471172e+01,2.463108e+01,2.463108e+01,2.464452e+01,2.460419e+01,2.466469e+01,2.464452e+01,2.463108e+01,2.465796e+01,2.459746e+01,2.470500e+01,2.466469e+01,2.473187e+01,2.473858e+01,2.475873e+01,2.460419e+01,2.476544e+01,2.473187e+01,2.481243e+01,2.477887e+01,2.473187e+01,2.473858e+01,2.484598e+01,2.477216e+01,2.481243e+01,2.492645e+01,2.483256e+01,2.485269e+01,2.483256e+01,2.483927e+01,2.483256e+01,2.493316e+01,2.494656e+01,2.491305e+01,2.483256e+01,2.491305e+01,2.491305e+01,2.497337e+01,2.498007e+01,2.495997e+01,2.502696e+01,2.503366e+01,2.506713e+01,2.500017e+01,2.514744e+01,2.508722e+01,2.502026e+01,2.504705e+01,2.499347e+01,2.501357e+01,2.516751e+01,2.504035e+01,2.518088e+01,2.508052e+01,2.513406e+01,2.520094e+01,2.509391e+01,2.514744e+01,2.510060e+01,2.521431e+01,2.520763e+01,2.518757e+01,2.510060e+01,2.530787e+01,2.506044e+01,2.533458e+01,2.510730e+01,2.516082e+01,2.524773e+01,2.517419e+01,2.521431e+01,2.518088e+01,2.519426e+01,2.511399e+01,2.523437e+01,2.520763e+01,2.518088e+01,2.518757e+01,2.516751e+01,2.517419e+01,2.531454e+01,2.528115e+01,2.531454e+01,2.512068e+01,2.525442e+01,2.536129e+01,2.520763e+01,2.513406e+01,2.531454e+01,2.522100e+01,2.526110e+01,2.520094e+01,2.528115e+01,2.527446e+01,2.526778e+01,2.524105e+01,2.530119e+01,2.527446e+01,2.528115e+01,2.528782e+01,2.516751e+01,2.528782e+01,2.509391e+01,2.510730e+01,2.512737e+01,2.514744e+01,2.524773e+01,2.522100e+01,2.524773e+01,2.528782e+01,2.520094e+01,2.521431e+01,2.526778e+01,2.512068e+01,2.511399e+01,2.514075e+01,2.522768e+01,2.515413e+01,2.522768e+01,2.516082e+01,2.511399e+01,2.518757e+01,2.511399e+01,2.509391e+01,2.513406e+01,2.499347e+01,2.509391e+01,2.514744e+01,2.508722e+01,2.506713e+01,2.506713e+01,2.508722e+01,2.505375e+01,2.522100e+01,2.505375e+01,2.512068e+01,2.512068e+01,2.506713e+01,2.507383e+01,2.508052e+01,2.507383e+01,2.505375e+01,2.518757e+01,2.514075e+01,2.513406e+01,2.519426e+01,2.514075e+01,2.520763e+01,2.511399e+01,2.510730e+01,2.513406e+01,2.508052e+01,2.511399e+01,2.512068e+01,2.518088e+01,2.513406e+01,2.506713e+01,2.516751e+01,2.517419e+01,2.509391e+01,2.509391e+01,2.518088e+01,2.520763e+01,2.514744e+01,2.516751e+01,2.516751e+01,2.529451e+01,2.529451e+01,2.528782e+01,2.520763e+01,2.517419e+01,2.524105e+01,2.516751e+01,2.527446e+01,2.520763e+01,2.524773e+01,2.524773e+01,2.528115e+01,2.536796e+01,2.529451e+01,2.528115e+01,2.531454e+01,2.524773e+01,2.526778e+01,2.534793e+01,2.537464e+01,2.533458e+01,2.538799e+01,2.530119e+01,2.532790e+01,2.531454e+01,2.524773e+01,2.535461e+01,2.533458e+01,2.532122e+01,2.526778e+01,2.530119e+01,2.539466e+01,2.532790e+01,2.542135e+01,2.534793e+01,2.545471e+01,2.532122e+01,2.527446e+01,2.537464e+01,2.539466e+01,2.538131e+01,2.526778e+01,2.531454e+01,2.542135e+01,2.536796e+01,2.532122e+01,2.540133e+01,2.524773e+01,2.534793e+01,2.535461e+01,2.542802e+01,2.535461e+01,2.524773e+01,2.537464e+01,2.530787e+01,2.542802e+01,2.526110e+01,2.535461e+01,2.528115e+01,2.532790e+01,2.550139e+01,2.532790e+01,2.524773e+01,2.530119e+01,2.538131e+01,2.534126e+01,2.523437e+01,2.526110e+01,2.524105e+01,2.531454e+01,2.537464e+01,2.534126e+01,2.520763e+01,2.518088e+01,2.519426e+01,2.536129e+01,2.529451e+01,2.534126e+01,2.537464e+01,2.524105e+01,2.524105e+01,2.544137e+01,2.534793e+01,2.528115e+01,2.534126e+01,2.540133e+01,2.528782e+01,2.518757e+01,2.530787e+01,2.522100e+01,2.536796e+01,2.536129e+01,2.540133e+01,2.526778e+01,2.529451e+01,2.538131e+01,2.526110e+01,2.541468e+01,2.531454e+01,2.533458e+01,2.540133e+01,2.527446e+01,2.538131e+01,2.538799e+01,2.541468e+01,2.534126e+01,2.534793e+01,2.536129e+01,2.542802e+01,2.549472e+01,2.545471e+01,2.528115e+01,2.549472e+01,2.532122e+01,2.544804e+01,2.546138e+01,2.532122e+01,2.543469e+01,2.552139e+01,2.552139e+01,2.546805e+01,2.546805e+01,2.542802e+01,2.522100e+01,2.533458e+01,2.536796e+01,2.540801e+01,2.544804e+01,2.550139e+01,2.538131e+01,2.534793e+01,2.541468e+01,2.548138e+01,2.538799e+01,2.551472e+01,2.550139e+01,2.531454e+01,2.542802e+01,2.543469e+01,2.536129e+01,2.535461e+01,2.536129e+01,2.534793e+01,2.538131e+01,2.542135e+01,2.536129e+01,2.543469e+01,2.531454e+01,2.540133e+01,2.536129e+01,2.548138e+01,2.535461e+01,2.539466e+01,2.534793e+01,2.544137e+01,2.547471e+01,2.538799e+01,2.526778e+01,2.540133e+01,2.534126e+01,2.535461e+01,2.542802e+01,2.542135e+01,2.540133e+01,2.545471e+01,2.515413e+01,2.539466e+01,2.541468e+01,2.533458e+01,2.546138e+01,2.545471e+01,2.533458e+01,2.540133e+01,2.539466e+01,2.547471e+01,2.546138e+01,2.545471e+01,2.548805e+01,2.536129e+01,2.548138e+01,2.540133e+01,2.540801e+01,2.540133e+01,2.540801e+01,2.536796e+01,2.538799e+01,2.550805e+01,2.537464e+01,2.548805e+01,2.537464e+01,2.544137e+01,2.544137e+01,2.546138e+01,2.542135e+01,2.535461e+01,2.536796e+01,2.540133e+01,2.533458e+01,2.553472e+01,2.542802e+01,2.540801e+01,2.548805e+01,2.542802e+01,2.538799e+01,2.542802e+01,2.534793e+01,2.538799e+01,2.536796e+01,2.539466e+01,2.536129e+01,2.532122e+01,2.534793e+01,2.535461e+01,2.537464e+01,2.533458e+01,2.534793e+01,2.534793e+01,2.532790e+01,2.532122e+01,2.538131e+01,2.536129e+01,2.532122e+01,2.528115e+01,2.534126e+01,2.537464e+01,2.531454e+01,2.532122e+01,2.541468e+01,2.540801e+01,2.528115e+01,2.549472e+01,2.524773e+01,2.543469e+01,2.536796e+01,2.534793e+01,2.538799e+01,2.528782e+01,2.527446e+01,2.532122e+01,2.541468e+01,2.540801e+01,2.542135e+01,2.545471e+01,2.538799e+01,2.540801e+01,2.522100e+01,2.542802e+01,2.538799e+01,2.524773e+01,2.539466e+01,2.536129e+01,2.532790e+01,2.530787e+01,2.529451e+01,2.530119e+01,2.516082e+01,2.498677e+01,2.474530e+01,2.451000e+01,2.433487e+01,2.429441e+01,2.398371e+01,2.396341e+01,2.378057e+01,2.380768e+01,2.367207e+01,2.354987e+01,2.382123e+01,2.397694e+01,2.432812e+01,2.453692e+01,2.490634e+01,2.506044e+01,2.527446e+01,2.536129e+01,2.516082e+01,2.522100e+01,2.536129e+01,2.538131e+01,2.538799e+01,2.546805e+01,2.536796e+01,2.541468e+01,2.537464e+01,2.535461e+01,2.543469e+01,2.530119e+01,2.540801e+01,2.540133e+01,2.534126e+01,2.524773e+01,2.538799e+01,2.543469e+01,2.531454e+01,2.544804e+01,2.543469e+01,2.530119e+01,2.545471e+01,2.540801e+01,2.543469e+01,2.541468e+01,2.538799e+01,2.526110e+01,2.540801e+01,2.539466e+01,2.547471e+01,2.536796e+01,2.542802e+01,2.543469e+01,2.544137e+01,2.544804e+01,2.526110e+01,2.524773e+01,2.546138e+01,2.538131e+01,2.542135e+01,2.540133e+01,2.538799e+01,2.535461e+01,2.539466e+01,2.540801e+01,2.537464e+01,2.542802e+01,2.537464e+01,2.537464e+01,2.540133e+01,2.534126e+01,2.537464e+01,2.537464e+01,2.532790e+01,2.526778e+01,2.536129e+01,2.538799e+01,2.537464e+01,2.547471e+01,2.532122e+01,2.537464e+01,2.544137e+01,2.538131e+01,2.551472e+01,2.542135e+01,2.538131e+01,2.535461e+01,2.532790e+01,2.533458e+01,2.535461e+01,2.537464e+01,2.548138e+01,2.550139e+01,2.525442e+01,2.541468e+01
2.521431e+01,2.508722e+01,2.506713e+01,2.508722e+01,2.506713e+01,2.515413e+01,2.512068e+01,2.500687e+01,2.540801e+01,2.500017e+01,2.513406e+01,2.504705e+01,2.514075e+01,2.509391e+01,2.507383e+01,2.514075e+01,2.522100e+01,2.502026e+01,2.508722e+01,2.506713e+01,2.520094e+01,2.515413e+01,2.520094e+01,2.528782e+01,2.520094e+01,2.520094e+01,2.519426e+01,2.515413e+01,2.522100e+01,2.518088e+01,2.519426e+01,2.508052e+01,2.517419e+01,2.514744e+01,2.521431e+01,2.538131e+01,2.517419e+01,2.526778e+01,2.520763e+01,2.513406e+01,2.500687e+01,2.510730e+01,2.520763e+01,2.502026e+01,2.513406e+01,2.515413e+01,2.512737e+01,2.514744e+01,2.512737e+01,2.514075e+01,2.499347e+01,2.502696e+01,2.514075e+01,2.500687e+01,2.518757e+01,2.507383e+01,2.501357e+01,2.510730e+01,2.510730e+01,2.496667e+01,2.517419e+01,2.493986e+01,2.504705e+01,2.511399e+01,2.500687e+01,2.500017e+01,2.500687e+01,2.496667e+01,2.487952e+01,2.492645e+01,2.483927e+01,2.475201e+01,2.504035e+01,2.500687e+01,2.482585e+01,2.485269e+01,2.500017e+01,2.487281e+01,2.500017e+01,2.484598e+01,2.485269e+01,2.496667e+01,2.489293e+01,2.485940e+01,2.482585e+01,2.479230e+01,2.483256e+01,2.469156e+01,2.469156e+01,2.474530e+01,2.485940e+01,2.469156e+01,2.476544e+01,2.472515e+01,2.475873e+01,2.472515e+01,2.468484e+01,2.471844e+01,2.469156e+01,2.473187e+01,2.467813e+01,2.474530e+01,2.467813e+01,2.474530e+01,2.471844e+01,2.475873e+01,2.478558e+01,2.469828e+01,2.458401e+01,2.474530e+01,2.482585e+01,2.448981e+01,2.463780e+01,2.465796e+01,2.465796e+01,2.469156e+01,2.470500e+01,2.455038e+01,2.465124e+01,2.464452e+01,2.466469e+01,2.465124e+01,2.465124e+01,2.464452e+01,2.450327e+01,2.466469e+01,2.469156e+01,2.466469e+01,2.465796e+01,2.457728e+01,2.459746e+01,2.461091e+01,2.467813e+01,2.459746e+01,2.467141e+01,2.467141e+01,2.464452e+01,2.473858e+01,2.471172e+01,2.472515e+01,2.485940e+01,2.465796e+01,2.464452e+01,2.466469e+01,2.475873e+01,2.479901e+01,2.483256e+01,2.485269e+01,2.479230e+01,2.495326e+01,2.487281e+01,2.486610e+01,2.488622e+01,2.483256e+01,2.481914e+01,2.479230e+01,2.486610e+01,2.495326e+01,2.496667e+01,2.495997e+01,2.497337e+01,2.495997e+01,2.484598e+01,2.494656e+01,2.504035e+01,2.496667e+01,2.492645e+01,2.500017e+01,2.495997e+01,2.495326e+01,2.502696e+01,2.501357e+01,2.504035e+01,2.500687e+01,2.509391e+01,2.494656e+01,2.510730e+01,2.518757e+01,2.520094e+01,2.506044e+01,2.498007e+01,2.509391e+01,2.510060e+01,2.514075e+01,2.518088e+01,2.512068e+01,2.516751e+01,2.520094e+01,2.514744e+01,2.522768e+01,2.514075e+01,2.522100e+01,2.516082e+01,2.514744e+01,2.516082e+01,2.511399e+01,2.520763e+01,2.507383e+01,2.539466e+01,2.515413e+01,2.518757e+01,2.520094e+01,2.530787e+01,2.523437e+01,2.508722e+01,2.520094e+01,2.516751e+01,2.531454e+01,2.526778e+01,2.520094e+01,2.524773e+01,2.530119e+01,2.528115e+01,2.524773e+01,2.515413e+01,2.525442e+01,2.527446e+01,2.528115e+01,2.530119e+01,2.500687e+01,2.526110e+01,2.528782e+01,2.524105e+01,2.510730e+01,2.530787e+01,2.531454e+01,2.534126e+01,2.524105e+01,2.514075e+01,2.528782e+01,2.530119e+01,2.530787e+01,2.528115e+01,2.528115e+01,2.519426e+01,2.518757e+01,2.525442e+01,2.518757e+01,2.525442e+01,2.525442e+01,2.520094e+01,2.522768e+01,2.521431e+01,2.510730e+01,2.513406e+01,2.510730e+01,2.529451e+01,2.511399e+01,2.511399e+01,2.513406e+01,2.514744e+01,2.514075e+01,2.508052e+01,2.510730e+01,2.504035e+01,2.506713e+01,2.504705e+01,2.506044e+01,2.504705e+01,2.499347e+01,2.501357e+01,2.520763e+01,2.508052e+01,2.505375e+01,2.504705e+01,2.500687e+01,2.519426e+01,2.508052e+01,2.515413e+01,2.513406e+01,2.514075e+01,2.511399e+01,2.510730e+01,2.507383e+01,2.516082e+01,2.512068e+01,2.510730e+01,2.502026e+01,2.508052e+01,2.510730e+01,2.500687e+01,2.507383e+01,2.510730e+01,2.516751e+01,2.508052e+01,2.514075e+01,2.536129e+01,2.516751e+01,2.510060e+01,2.519426e+01,2.519426e+01,2.517419e+01,2.514075e+01,2.518757e+01,2.522100e+01,2.521431e+01,2.522100e+01,2.523437e+01,2.524105e+01,2.526110e+01,2.528115e+01,2.510730e+01,2.522100e+01,2.514744e+01,2.530787e+01,2.521431e+01,2.531454e+01,2.536796e+01,2.534793e+01,2.533458e+01,2.532790e+01,2.528115e+01,2.532122e+01,2.524105e+01,2.526778e+01,2.527446e+01,2.529451e+01,2.527446e+01,2.528782e+01,2.526778e+01,2.534793e+01,2.540801e+01,2.526110e+01,2.526778e+01,2.527446e+01,2.524773e+01,2.528115e+01,2.539466e+01,2.536796e+01,2.535461e+01,2.528115e+01,2.540801e+01,2.546805e+01,2.536129e+01,2.538799e+01,2.536129e+01,2.530119e+01,2.529451e+01,2.538131e+01,2.530787e+01,2.544137e+01,2.541468e+01,2.528782e+01,2.536796e+01,2.528782e+01,2.528115e+01,2.525442e+01,2.526778e+01,2.529451e+01,2.526110e+01,2.531454e+01,2.530119e+01,2.528782e+01,2.528115e+01,2.523437e+01,2.526778e+01,2.525442e+01,2.528115e+01,2.527446e+01,2.519426e+01,2.522100e+01,2.532790e+01,2.530787e+01,2.519426e+01,2.526110e+01,2.523437e+01,2.524773e+01,2.535461e+01,2.521431e+01,2.514744e+01,2.532790e+01,2.539466e+01,2.526778e+01,2.528115e+01,2.532122e+01,2.525442e+01,2.533458e+01,2.536796e+01,2.517419e+01,2.518757e+01,2.522100e+01,2.530787e+01,2.533458e+01,2.521431e+01,2.526778e+01,2.528115e+01,2.534793e+01,2.541468e+01,2.542135e+01,2.550139e+01,2.542802e+01,2.534126e+01,2.535461e+01,2.540133e+01,2.543469e+01,2.531454e+01,2.544804e+01,2.530119e+01,2.540133e+01,2.546138e+01,2.534793e+01,2.550805e+01,2.531454e+01,2.546805e+01,2.532122e+01,2.529451e+01,2.550805e+01,2.540801e+01,2.546138e+01,2.534793e+01,2.530119e+01,2.545471e+01,2.534126e+01,2.553472e+01,2.548805e+01,2.543469e+01,2.540133e+01,2.536796e+01,2.538799e+01,2.535461e+01,2.545471e+01,2.545471e+01,2.537464e+01,2.528115e+01,2.549472e+01,2.534126e+01,2.535461e+01,2.536796e+01,2.537464e+01,2.540801e+01,2.534126e+01,2.531454e+01,2.544804e+01,2.546805e+01,2.534793e+01,2.526778e+01,2.543469e+01,2.541468e+01,2.532790e+01,2.534126e+01,2.545471e+01,2.532122e+01,2.533458e+01,2.538799e+01,2.540801e+01,2.532790e+01,2.545471e+01,2.529451e+01,2.534793e+01,2.533458e+01,2.543469e+01,2.542135e+01,2.540801e+01,2.548805e+01,2.540801e+01,2.556137e+01,2.531454e+01,2.539466e+01,2.536129e+01,2.537464e+01,2.552139e+01,2.541468e+01,2.541468e+01,2.534793e+01,2.526778e+01,2.546805e+01,2.547471e+01,2.544804e+01,2.540133e+01,2.542802e+01,2.540801e+01,2.538799e+01,2.536796e+01,2.536796e+01,2.542135e+01,2.545471e+01,2.550805e+01,2.546138e+01,2.540133e+01,2.544804e+01,2.528782e+01,2.544137e+01,2.534793e+01,2.540801e+01,2.541468e+01,2.534126e+01,2.551472e+01,2.542802e+01,2.541468e+01,2.542135e+01,2.538131e+01,2.538799e+01,2.549472e+01,2.542802e+01,2.540801e+01,2.540133e+01,2.530787e+01,2.536796e+01,2.536129e+01,2.526778e+01,2.536129e+01,2.533458e+01,2.534126e+01,2.543469e+01,2.541468e+01,2.530119e+01,2.545471e+01,2.538131e+01,2.538799e+01,2.544137e+01,2.540133e+01,2.536796e+01,2.533458e+01,2.532122e+01,2.539466e+01,2.538131e+01,2.536129e+01,2.534126e+01,2.529451e+01,2.522768e+01,2.549472e+01,2.525442e+01,2.532122e+01,2.535461e+01,2.558136e+01,2.520763e+01,2.554138e+01,2.524773e+01,2.540801e+01,2.539466e+01,2.546805e+01,2.522768e+01,2.536129e+01,2.538131e+01,2.534126e+01,2.542135e+01,2.534126e+01,2.540133e+01,2.534126e+01,2.531454e+01,2.530787e+01,2.528115e+01,2.532790e+01,2.526778e+01,2.514744e+01,2.479901e+01,2.473858e+01,2.440226e+01,2.428092e+01,2.396341e+01,2.393634e+01,2.398371e+01,2.379413e+01,2.375346e+01,2.375346e+01,2.382123e+01,2.388219e+01,2.418644e+01,2.470500e+01,2.470500e+01,2.508722e+01,2.528115e+01,2.527446e+01,2.524105e+01,2.538131e+01,2.534126e+01,2.535461e+01,2.535461e+01,2.537464e+01,2.526778e+01,2.532122e+01,2.547471e+01,2.537464e+01,2.540133e+01,2.538131e+01,2.535461e+01,2.531454e+01,2.529451e+01,2.533458e+01,2.532790e+01,2.531454e+01,2.541468e+01,2.531454e+01,2.525442e+01,2.552139e+01,2.542135e+01,2.545471e+01,2.536129e+01,2.534793e+01,2.537464e+01,2.536796e+01,2.537464e+01,2.552805e+01,2.539466e+01,2.548805e+01,2.549472e+01,2.548805e+01,2.535461e+01,2.537464e+01,2.544804e+01,2.537464e+01,2.522768e+01,2.540133e+01,2.530787e+01,2.536129e+01,2.538131e+01,2.535461e+01,2.528115e+01,2.538131e+01,2.540133e+01,2.542802e+01,2.538131e+01,2.536796e+01,2.538799e+01,2.538799e+01,2.535461e+01,2.536796e+01,2.540801e+01,2.540133e+01,2.544137e+01,2.527446e+01,2.542802e+01,2.547471e+01,2.540801e+01,2.540133e+01,2.536796e+01,2.540801e+01,2.538131e+01,2.542135e+01,2.536129e+01,2.538799e+01,2.542802e+01,2.538131e+01,2.527446e+01,2.542802e+01,2.540133e+01,2.539466e+01,2.541468e+01,2.551472e+01,2.526778e+01
2.516751e+01,2.514744e+01,2.507383e+01,2.518757e+01,2.508722e+01,2.498677e+01,2.507383e+01,2.524773e+01,2.500017e+01,2.498677e+01,2.523437e+01,2.520763e+01,2.514075e+01,2.516082e+01,2.518757e+01,2.519426e+01,2.508722e+01,2.510060e+01,2.505375e+01,2.503366e+01,2.516751e+01,2.514744e+01,2.516082e+01,2.514075e+01,2.527446e+01,2.506713e+01,2.523437e+01,2.517419e+01,2.520094e+01,2.489293e+01,2.510730e+01,2.511399e+01,2.519426e+01,2.517419e+01,2.518088e+01,2.526110e+01,2.518088e+01,2.511399e+01,2.507383e+01,2.508052e+01,2.508722e+01,2.502696e+01,2.524773e+01,2.511399e+01,2.507383e+01,2.520094e+01,2.515413e+01,2.514075e+01,2.498007e+01,2.512737e+01,2.506044e+01,2.506713e+01,2.504705e+01,2.520094e+01,2.506713e+01,2.504035e+01,2.511399e+01,2.512068e+01,2.500687e+01,2.505375e+01,2.499347e+01,2.500687e+01,2.487952e+01,2.497337e+01,2.509391e+01,2.504035e+01,2.501357e+01,2.496667e+01,2.495326e+01,2.502026e+01,2.495326e+01,2.502696e+01,2.493986e+01,2.500017e+01,2.490634e+01,2.503366e+01,2.494656e+01,2.495997e+01,2.487281e+01,2.485940e+01,2.511399e+01,2.487281e+01,2.481243e+01,2.482585e+01,2.486610e+01,2.473187e+01,2.483927e+01,2.478558e+01,2.467141e+01,2.467141e+01,2.475873e+01,2.469828e+01,2.467813e+01,2.475873e+01,2.465124e+01,2.470500e+01,2.457728e+01,2.481243e+01,2.471844e+01,2.471172e+01,2.471844e+01,2.489293e+01,2.469156e+01,2.475201e+01,2.467141e+01,2.474530e+01,2.471844e+01,2.457728e+01,2.467813e+01,2.464452e+01,2.463780e+01,2.459073e+01,2.469156e+01,2.467813e+01,2.491305e+01,2.470500e+01,2.469156e+01,2.475201e+01,2.467813e+01,2.469156e+01,2.467813e+01,2.467141e+01,2.463108e+01,2.451673e+01,2.463108e+01,2.463108e+01,2.460419e+01,2.459073e+01,2.470500e+01,2.465124e+01,2.478558e+01,2.463780e+01,2.459073e+01,2.467813e+01,2.465796e+01,2.467141e+01,2.469828e+01,2.451000e+01,2.477887e+01,2.487281e+01,2.469156e+01,2.481243e+01,2.474530e+01,2.469156e+01,2.469828e+01,2.481243e+01,2.476544e+01,2.491305e+01,2.473187e+01,2.479901e+01,2.483256e+01,2.483927e+01,2.481243e+01,2.486610e+01,2.487281e+01,2.476544e+01,2.475201e+01,2.481243e+01,2.494656e+01,2.508722e+01,2.490634e+01,2.498677e+01,2.495326e+01,2.485269e+01,2.500017e+01,2.493986e+01,2.491975e+01,2.499347e+01,2.499347e+01,2.494656e+01,2.493986e+01,2.504705e+01,2.505375e+01,2.493986e+01,2.521431e+01,2.519426e+01,2.520094e+01,2.490634e+01,2.518088e+01,2.495997e+01,2.518088e+01,2.506713e+01,2.510730e+01,2.520094e+01,2.514075e+01,2.511399e+01,2.528782e+01,2.518088e+01,2.517419e+01,2.522100e+01,2.514744e+01,2.524105e+01,2.524105e+01,2.514744e+01,2.516082e+01,2.514075e+01,2.516082e+01,2.515413e+01,2.514075e+01,2.512737e+01,2.524773e+01,2.528782e+01,2.522768e+01,2.526778e+01,2.518757e+01,2.516751e+01,2.513406e+01,2.531454e+01,2.516751e+01,2.514744e+01,2.524105e+01,2.523437e+01,2.514744e+01,2.527446e+01,2.524773e+01,2.522768e+01,2.526778e+01,2.526778e+01,2.526778e+01,2.528782e+01,2.528115e+01,2.526110e+01,2.517419e+01,2.518757e+01,2.513406e+01,2.515413e+01,2.511399e+01,2.514075e+01,2.524773e+01,2.515413e+01,2.516751e+01,2.515413e+01,2.521431e+01,2.520763e+01,2.520763e+01,2.520763e+01,2.522100e+01,2.522100e+01,2.511399e+01,2.511399e+01,2.511399e+01,2.522768e+01,2.509391e+01,2.513406e+01,2.512068e+01,2.509391e+01,2.512068e+01,2.512068e+01,2.510730e+01,2.506713e+01,2.511399e+01,2.512068e+01,2.494656e+01,2.508052e+01,2.512068e+01,2.506713e+01,2.506713e+01,2.507383e+01,2.502696e+01,2.516082e+01,2.509391e+01,2.500017e+01,2.505375e+01,2.504035e+01,2.505375e+01,2.504705e+01,2.506713e+01,2.508722e+01,2.510060e+01,2.513406e+01,2.509391e+01,2.514075e+01,2.504035e+01,2.506713e+01,2.502026e+01,2.511399e+01,2.516082e+01,2.514075e+01,2.511399e+01,2.510060e+01,2.512737e+01,2.502696e+01,2.514075e+01,2.515413e+01,2.509391e+01,2.510060e+01,2.513406e+01,2.509391e+01,2.520763e+01,2.518757e+01,2.519426e+01,2.524105e+01,2.518757e+01,2.524773e+01,2.526778e+01,2.518088e+01,2.522100e+01,2.522100e+01,2.524773e+01,2.519426e+01,2.519426e+01,2.534126e+01,2.523437e+01,2.537464e+01,2.532122e+01,2.526110e+01,2.530119e+01,2.538131e+01,2.524773e+01,2.526778e+01,2.530119e+01,2.530119e+01,2.524105e+01,2.524105e+01,2.529451e+01,2.535461e+01,2.535461e+01,2.553472e+01,2.532790e+01,2.527446e+01,2.540133e+01,2.524105e+01,2.529451e+01,2.534793e+01,2.536796e+01,2.530119e+01,2.529451e+01,2.529451e+01,2.533458e+01,2.514744e+01,2.536796e+01,2.536796e+01,2.537464e+01,2.542135e+01,2.534126e+01,2.530787e+01,2.524105e+01,2.525442e+01,2.542135e+01,2.527446e+01,2.530787e+01,2.530119e+01,2.530119e+01,2.538131e+01,2.532122e+01,2.526110e+01,2.536129e+01,2.527446e+01,2.525442e+01,2.536129e+01,2.534793e+01,2.526778e+01,2.532122e+01,2.523437e+01,2.514744e+01,2.530119e+01,2.524105e+01,2.530787e+01,2.530119e+01,2.506044e+01,2.536796e+01,2.528115e+01,2.532122e+01,2.515413e+01,2.516082e+01,2.524105e+01,2.541468e+01,2.533458e+01,2.532790e+01,2.526110e+01,2.518757e+01,2.521431e+01,2.528782e+01,2.526778e+01,2.528115e+01,2.530787e+01,2.531454e+01,2.512737e+01,2.528782e+01,2.518757e+01,2.534126e+01,2.524105e+01,2.536129e+01,2.525442e+01,2.538131e+01,2.523437e+01,2.534126e+01,2.526778e+01,2.537464e+01,2.520763e+01,2.534793e+01,2.531454e+01,2.529451e+01,2.542135e+01,2.528115e+01,2.534126e+01,2.539466e+01,2.539466e+01,2.526778e+01,2.525442e+01,2.540801e+01,2.550139e+01,2.544804e+01,2.543469e+01,2.528115e+01,2.538799e+01,2.543469e+01,2.536796e+01,2.551472e+01,2.548805e+01,2.547471e+01,2.546805e+01,2.547471e+01,2.544137e+01,2.544137e+01,2.552139e+01,2.541468e+01,2.555471e+01,2.555471e+01,2.538799e+01,2.555471e+01,2.548138e+01,2.531454e+01,2.538131e+01,2.547471e+01,2.530119e+01,2.540801e+01,2.537464e+01,2.534793e+01,2.535461e+01,2.534793e+01,2.532790e+01,2.544137e+01,2.542802e+01,2.540801e+01,2.536129e+01,2.538131e+01,2.534793e+01,2.548138e+01,2.541468e+01,2.538799e+01,2.532790e+01,2.541468e+01,2.532790e+01,2.539466e+01,2.530787e+01,2.542135e+01,2.541468e+01,2.540801e+01,2.534126e+01,2.544804e+01,2.540801e+01,2.538799e+01,2.543469e+01,2.539466e+01,2.542802e+01,2.530119e+01,2.530787e+01,2.544804e+01,2.546138e+01,2.544137e+01,2.540133e+01,2.540801e+01,2.546138e+01,2.529451e+01,2.549472e+01,2.542135e+01,2.521431e+01,2.545471e+01,2.545471e+01,2.538131e+01,2.540801e+01,2.540801e+01,2.542135e+01,2.551472e+01,2.551472e+01,2.538131e+01,2.536796e+01,2.540801e+01,2.549472e+01,2.538131e+01,2.552139e+01,2.544137e+01,2.536796e+01,2.534793e+01,2.533458e+01,2.536796e+01,2.538799e+01,2.540133e+01,2.538131e+01,2.534793e+01,2.536796e+01,2.542802e+01,2.535461e+01,2.540133e+01,2.534126e+01,2.543469e+01,2.537464e+01,2.548138e+01,2.528115e+01,2.530119e+01,2.537464e+01,2.532790e+01,2.540133e+01,2.530119e+01,2.548138e+01,2.543469e+01,2.524105e+01,2.540801e+01,2.539466e+01,2.533458e+01,2.534793e+01,2.542802e+01,2.538131e+01,2.542802e+01,2.526778e+01,2.542802e+01,2.546138e+01,2.527446e+01,2.556137e+01,2.551472e+01,2.534126e+01,2.533458e+01,2.529451e+01,2.539466e+01,2.537464e+01,2.518757e+01,2.529451e+01,2.539466e+01,2.544804e+01,2.542802e+01,2.547471e+01,2.546138e+01,2.530787e+01,2.530119e+01,2.528782e+01,2.532790e+01,2.529451e+01,2.535461e+01,2.544137e+01,2.529451e+01,2.527446e+01,2.532790e+01,2.516082e+01,2.505375e+01,2.479230e+01,2.471844e+01,2.448308e+01,2.413242e+01,2.389573e+01,2.394311e+01,2.397018e+01,2.365172e+01,2.366529e+01,2.381446e+01,2.373990e+01,2.409864e+01,2.436857e+01,2.469156e+01,2.493986e+01,2.488622e+01,2.525442e+01,2.530119e+01,2.537464e+01,2.534793e+01,2.536796e+01,2.536796e+01,2.537464e+01,2.534793e+01,2.530119e+01,2.536129e+01,2.526110e+01,2.532122e+01,2.538799e+01,2.528115e+01,2.534126e+01,2.536129e+01,2.537464e+01,2.544137e+01,2.534793e+01,2.526778e+01,2.534793e+01,2.542135e+01,2.538131e+01,2.542802e+01,2.543469e+01,2.543469e+01,2.536129e+01,2.538799e+01,2.538131e+01,2.542135e+01,2.538799e+01,2.529451e+01,2.528115e+01,2.536796e+01,2.537464e+01,2.540133e+01,2.548138e+01,2.543469e+01,2.543469e+01,2.534126e+01,2.518088e+01,2.530119e+01,2.524105e+01,2.539466e+01,2.543469e+01,2.532790e+01,2.536796e+01,2.532790e+01,2.536129e+01,2.541468e+01,2.561466e+01,2.525442e+01,2.534793e+01,2.537464e+01,2.527446e+01,2.538131e+01,2.537464e+01,2.542802e+01,2.518757e+01,2.544804e+01,2.543469e+01,2.544137e+01,2.536796e+01,2.537464e+01,2.534793e+01,2.536796e+01,2.542802e+01,2.544137e+01,2.536129e+01,2.532790e+01,2.534793e+01,2.532790e+01,2.534793e+01,2.535461e+01,2.530787e+01,2.527446e+01,2.534126e+01,2.542135e+01,2.528782e+01
2.507383e+01,2.510060e+01,2.495326e+01,2.498007e+01,2.526110e+01,2.504035e+01,2.502696e+01,2.500687e+01,2.504035e+01,2.498007e+01,2.526778e+01,2.498677e+01,2.502696e+01,2.512737e+01,2.516751e+01,2.508052e+01,2.508052e+01,2.518757e+01,2.498677e+01,2.502696e+01,2.502696e+01,2.512068e+01,2.524773e+01,2.511399e+01,2.509391e+01,2.517419e+01,2.524105e+01,2.522768e+01,2.523437e+01,2.518088e+01,2.515413e+01,2.519426e+01,2.519426e+01,2.501357e+01,2.525442e+01,2.510060e+01,2.518088e+01,2.512068e+01,2.506044e+01,2.506044e+01,2.504035e+01,2.519426e+01,2.506713e+01,2.515413e+01,2.504035e+01,2.511399e+01,2.496667e+01,2.510730e+01,2.504705e+01,2.500017e+01,2.498677e+01,2.509391e+01,2.496667e+01,2.499347e+01,2.498007e+01,2.501357e+01,2.493316e+01,2.501357e+01,2.511399e+01,2.493316e+01,2.510060e+01,2.489293e+01,2.499347e+01,2.502696e+01,2.495326e+01,2.499347e+01,2.493316e+01,2.489293e+01,2.488622e+01,2.476544e+01,2.493316e+01,2.493316e+01,2.493316e+01,2.491305e+01,2.489293e+01,2.491975e+01,2.495997e+01,2.491975e+01,2.488622e+01,2.491305e+01,2.492645e+01,2.484598e+01,2.483927e+01,2.485269e+01,2.485269e+01,2.485940e+01,2.474530e+01,2.467141e+01,2.470500e+01,2.473858e+01,2.479901e+01,2.483927e+01,2.465124e+01,2.470500e+01,2.471844e+01,2.469828e+01,2.469828e+01,2.467141e+01,2.480572e+01,2.469156e+01,2.471172e+01,2.473187e+01,2.466469e+01,2.468484e+01,2.469828e+01,2.470500e+01,2.467813e+01,2.463108e+01,2.459746e+01,2.459073e+01,2.457056e+01,2.459073e+01,2.469156e+01,2.457056e+01,2.475201e+01,2.467813e+01,2.453692e+01,2.474530e+01,2.465124e+01,2.469156e+01,2.459746e+01,2.468484e+01,2.463108e+01,2.449654e+01,2.463780e+01,2.461763e+01,2.466469e+01,2.467141e+01,2.459073e+01,2.457056e+01,2.463108e+01,2.460419e+01,2.465796e+01,2.461091e+01,2.465796e+01,2.471172e+01,2.471844e+01,2.451000e+01,2.468484e+01,2.472515e+01,2.473187e+01,2.467813e+01,2.475201e+01,2.478558e+01,2.479901e+01,2.481243e+01,2.469828e+01,2.483256e+01,2.479230e+01,2.481914e+01,2.485940e+01,2.481914e+01,2.484598e+01,2.479901e+01,2.470500e+01,2.478558e+01,2.485269e+01,2.481243e+01,2.471172e+01,2.491975e+01,2.493986e+01,2.493986e+01,2.486610e+01,2.491975e+01,2.498007e+01,2.496667e+01,2.485940e+01,2.495997e+01,2.492645e+01,2.493986e+01,2.502696e+01,2.503366e+01,2.504705e+01,2.493316e+01,2.508052e+01,2.515413e+01,2.504705e+01,2.503366e+01,2.502026e+01,2.505375e+01,2.510060e+01,2.506713e+01,2.512737e+01,2.508722e+01,2.503366e+01,2.506713e+01,2.514075e+01,2.512068e+01,2.514744e+01,2.510060e+01,2.517419e+01,2.505375e+01,2.511399e+01,2.514075e+01,2.522100e+01,2.530119e+01,2.539466e+01,2.515413e+01,2.516751e+01,2.514075e+01,2.518757e+01,2.509391e+01,2.525442e+01,2.520763e+01,2.515413e+01,2.520094e+01,2.514744e+01,2.516751e+01,2.516082e+01,2.525442e+01,2.514744e+01,2.526778e+01,2.522100e+01,2.524105e+01,2.517419e+01,2.522768e+01,2.526110e+01,2.533458e+01,2.532790e+01,2.516751e+01,2.516082e+01,2.523437e+01,2.522100e+01,2.512737e+01,2.514075e+01,2.516082e+01,2.516751e+01,2.517419e+01,2.530119e+01,2.515413e+01,2.524773e+01,2.518088e+01,2.517419e+01,2.511399e+01,2.520094e+01,2.526110e+01,2.512737e+01,2.520094e+01,2.509391e+01,2.522100e+01,2.516751e+01,2.518088e+01,2.521431e+01,2.515413e+01,2.513406e+01,2.514075e+01,2.508052e+01,2.514075e+01,2.495326e+01,2.512068e+01,2.514744e+01,2.511399e+01,2.500017e+01,2.508052e+01,2.500687e+01,2.508722e+01,2.508052e+01,2.500017e+01,2.506044e+01,2.501357e+01,2.495326e+01,2.500687e+01,2.503366e+01,2.519426e+01,2.505375e+01,2.505375e+01,2.516082e+01,2.511399e+01,2.506044e+01,2.508722e+01,2.508052e+01,2.514075e+01,2.501357e+01,2.506044e+01,2.504035e+01,2.504705e+01,2.502696e+01,2.509391e+01,2.509391e+01,2.508722e+01,2.500017e+01,2.508052e+01,2.500017e+01,2.505375e+01,2.510060e+01,2.523437e+01,2.508722e+01,2.537464e+01,2.530119e+01,2.518757e+01,2.520763e+01,2.522100e+01,2.513406e+01,2.516751e+01,2.526110e+01,2.518757e+01,2.519426e+01,2.521431e+01,2.523437e+01,2.526110e+01,2.516751e+01,2.526110e+01,2.530119e+01,2.532122e+01,2.515413e+01,2.524105e+01,2.526778e+01,2.536796e+01,2.530787e+01,2.528782e+01,2.525442e+01,2.522768e+01,2.526778e+01,2.524105e+01,2.530119e+01,2.530787e+01,2.532122e+01,2.528115e+01,2.535461e+01,2.524773e+01,2.525442e+01,2.518757e+01,2.532790e+01,2.529451e+01,2.530119e+01,2.529451e+01,2.526778e+01,2.529451e+01,2.524105e+01,2.532122e+01,2.538799e+01,2.528782e+01,2.516751e+01,2.538131e+01,2.533458e+01,2.533458e+01,2.530787e+01,2.538131e+01,2.538799e+01,2.530787e+01,2.532122e+01,2.523437e+01,2.526778e+01,2.530119e+01,2.541468e+01,2.528115e+01,2.530787e+01,2.530787e+01,2.534126e+01,2.526778e+01,2.534793e+01,2.532790e+01,2.524105e+01,2.528115e+01,2.526110e+01,2.529451e+01,2.520763e+01,2.528115e+01,2.530119e+01,2.530119e+01,2.537464e+01,2.526110e+01,2.532790e+01,2.524105e+01,2.534793e+01,2.532790e+01,2.532122e+01,2.526778e+01,2.520763e+01,2.529451e+01,2.528115e+01,2.518088e+01,2.522100e+01,2.527446e+01,2.526778e+01,2.526110e+01,2.529451e+01,2.529451e+01,2.536129e+01,2.512068e+01,2.525442e+01,2.529451e+01,2.523437e+01,2.531454e+01,2.530119e+01,2.530119e+01,2.516082e+01,2.529451e+01,2.539466e+01,2.524105e+01,2.542135e+01,2.540133e+01,2.532122e+01,2.533458e+01,2.532122e+01,2.525442e+01,2.527446e+01,2.530119e+01,2.526778e+01,2.534793e+01,2.544137e+01,2.543469e+01,2.536796e+01,2.546138e+01,2.538799e+01,2.532790e+01,2.548138e+01,2.546805e+01,2.547471e+01,2.538131e+01,2.529451e+01,2.547471e+01,2.549472e+01,2.538131e+01,2.534793e+01,2.548805e+01,2.537464e+01,2.536129e+01,2.550805e+01,2.548138e+01,2.534793e+01,2.546805e+01,2.530119e+01,2.538799e+01,2.534793e+01,2.548138e+01,2.540133e+01,2.536129e+01,2.534793e+01,2.524773e+01,2.532122e+01,2.535461e+01,2.542135e+01,2.545471e+01,2.543469e+01,2.534793e+01,2.532790e+01,2.540133e+01,2.537464e+01,2.540801e+01,2.546805e+01,2.535461e+01,2.540133e+01,2.525442e+01,2.532790e+01,2.541468e+01,2.539466e+01,2.535461e+01,2.542802e+01,2.526778e+01,2.538131e+01,2.540801e+01,2.539466e+01,2.540133e+01,2.532122e+01,2.532122e+01,2.528115e+01,2.546138e+01,2.542135e+01,2.540133e+01,2.537464e+01,2.538131e+01,2.542802e+01,2.539466e+01,2.542135e+01,2.540133e+01,2.544137e+01,2.538131e+01,2.538131e+01,2.534793e+01,2.539466e+01,2.538799e+01,2.535461e+01,2.538131e+01,2.539466e+01,2.539466e+01,2.542802e+01,2.534793e+01,2.537464e+01,2.551472e+01,2.543469e+01,2.536796e+01,2.544804e+01,2.528782e+01,2.531454e+01,2.532122e+01,2.549472e+01,2.529451e+01,2.534126e+01,2.536129e+01,2.539466e+01,2.534793e+01,2.535461e+01,2.542135e+01,2.530119e+01,2.548138e+01,2.540801e+01,2.534126e+01,2.534793e+01,2.528115e+01,2.538799e+01,2.534793e+01,2.531454e+01,2.538131e+01,2.535461e+01,2.532122e+01,2.540801e+01,2.530119e+01,2.544804e+01,2.529451e+01,2.536796e+01,2.535461e+01,2.528782e+01,2.524105e+01,2.540801e+01,2.542135e+01,2.539466e+01,2.528782e+01,2.529451e+01,2.550805e+01,2.518757e+01,2.534793e+01,2.540801e+01,2.537464e+01,2.559468e+01,2.540801e+01,2.540133e+01,2.530119e+01,2.521431e+01,2.542802e+01,2.542802e+01,2.543469e+01,2.540133e+01,2.530787e+01,2.536796e+01,2.543469e+01,2.534793e+01,2.542135e+01,2.543469e+01,2.534126e+01,2.543469e+01,2.540133e+01,2.520763e+01,2.525442e+01,2.499347e+01,2.470500e+01,2.446288e+01,2.419994e+01,2.415268e+01,2.405133e+01,2.390927e+01,2.378735e+01,2.373990e+01,2.362457e+01,2.378735e+01,2.376024e+01,2.409188e+01,2.438878e+01,2.472515e+01,2.493316e+01,2.513406e+01,2.523437e+01,2.530119e+01,2.533458e+01,2.532122e+01,2.537464e+01,2.526778e+01,2.548138e+01,2.535461e+01,2.532790e+01,2.531454e+01,2.534126e+01,2.547471e+01,2.534793e+01,2.528782e+01,2.515413e+01,2.542802e+01,2.538799e+01,2.540801e+01,2.538131e+01,2.532122e+01,2.530119e+01,2.543469e+01,2.536796e+01,2.523437e+01,2.534793e+01,2.549472e+01,2.534793e+01,2.542802e+01,2.536129e+01,2.540133e+01,2.528782e+01,2.542802e+01,2.551472e+01,2.538131e+01,2.540133e+01,2.546805e+01,2.544137e+01,2.535461e+01,2.535461e+01,2.534126e+01,2.540133e+01,2.524773e+01,2.531454e+01,2.536129e+01,2.538131e+01,2.527446e+01,2.526110e+01,2.534793e+01,2.530119e+01,2.540133e+01,2.534126e+01,2.535461e+01,2.536129e+01,2.539466e+01,2.520763e+01,2.535461e+01,2.542135e+01,2.530787e+01,2.532790e+01,2.540801e+01,2.544804e+01,2.536796e+01,2.535461e+01,2.514075e+01,2.536796e+01,2.535461e+01,2.538131e+01,2.540133e+01,2.540133e+01,2.533458e+01,2.534793e+01,2.540801e+01,2.540801e+01,2.526778e+01,2.523437e+01,2.541468e+01,2.539466e+01,2.548805e+01,2.530787e+01
2.489293e+01,2.505375e+01,2.508722e+01,2.516082e+01,2.520094e+01,2.521431e+01,2.516751e+01,2.502696e+01,2.526110e+01,2.498007e+01,2.508052e+01,2.497337e+01,2.510730e+01,2.510730e+01,2.516082e+01,2.506044e+01,2.506044e+01,2.503366e+01,2.514075e+01,2.508722e+01,2.508722e+01,2.516082e+01,2.516082e+01,2.527446e+01,2.507383e+01,2.508722e+01,2.514075e+01,2.520094e+01,2.518757e+01,2.518757e+01,2.518088e+01,2.517419e+01,2.504705e+01,2.516751e+01,2.506044e+01,2.516082e+01,2.513406e+01,2.502696e+01,2.514744e+01,2.506044e+01,2.507383e+01,2.511399e+01,2.506713e+01,2.513406e+01,2.496667e+01,2.505375e+01,2.506713e+01,2.504035e+01,2.495997e+01,2.506713e+01,2.506713e+01,2.511399e+01,2.507383e+01,2.504705e+01,2.510730e+01,2.498677e+01,2.496667e+01,2.487281e+01,2.504705e+01,2.500017e+01,2.497337e+01,2.500687e+01,2.495997e+01,2.471172e+01,2.506044e+01,2.491305e+01,2.488622e+01,2.489293e+01,2.495326e+01,2.488622e+01,2.489964e+01,2.487952e+01,2.504035e+01,2.477887e+01,2.488622e+01,2.498007e+01,2.491305e+01,2.498007e+01,2.496667e+01,2.491305e+01,2.486610e+01,2.493316e+01,2.493316e+01,2.485940e+01,2.481914e+01,2.485940e+01,2.481914e+01,2.477887e+01,2.459746e+01,2.479901e+01,2.486610e+01,2.494656e+01,2.471172e+01,2.469828e+01,2.475873e+01,2.483927e+01,2.468484e+01,2.471172e+01,2.469828e+01,2.455710e+01,2.477216e+01,2.459746e+01,2.465796e+01,2.466469e+01,2.471844e+01,2.469156e+01,2.461091e+01,2.458401e+01,2.464452e+01,2.459073e+01,2.455710e+01,2.451673e+01,2.446961e+01,2.464452e+01,2.467813e+01,2.469156e+01,2.469156e+01,2.463108e+01,2.462436e+01,2.464452e+01,2.462436e+01,2.476544e+01,2.463780e+01,2.464452e+01,2.461091e+01,2.462436e+01,2.465124e+01,2.473858e+01,2.477216e+01,2.458401e+01,2.461763e+01,2.457056e+01,2.467141e+01,2.471172e+01,2.469156e+01,2.465796e+01,2.471844e+01,2.465796e+01,2.456383e+01,2.471172e+01,2.467141e+01,2.474530e+01,2.466469e+01,2.467141e+01,2.472515e+01,2.474530e+01,2.476544e+01,2.469156e+01,2.479901e+01,2.466469e+01,2.466469e+01,2.485940e+01,2.474530e+01,2.483256e+01,2.488622e+01,2.467813e+01,2.482585e+01,2.490634e+01,2.489293e+01,2.478558e+01,2.483256e+01,2.499347e+01,2.487281e+01,2.489964e+01,2.496667e+01,2.491975e+01,2.491975e+01,2.489964e+01,2.501357e+01,2.487281e+01,2.497337e+01,2.492645e+01,2.505375e+01,2.491305e+01,2.506044e+01,2.506713e+01,2.501357e+01,2.505375e+01,2.501357e+01,2.502026e+01,2.500687e+01,2.506713e+01,2.511399e+01,2.518088e+01,2.508722e+01,2.507383e+01,2.506713e+01,2.500017e+01,2.493986e+01,2.522100e+01,2.513406e+01,2.512737e+01,2.513406e+01,2.513406e+01,2.516751e+01,2.514075e+01,2.505375e+01,2.512737e+01,2.514075e+01,2.521431e+01,2.514075e+01,2.521431e+01,2.523437e+01,2.522100e+01,2.510730e+01,2.524105e+01,2.516082e+01,2.516082e+01,2.523437e+01,2.524773e+01,2.530119e+01,2.518757e+01,2.513406e+01,2.517419e+01,2.514075e+01,2.524773e+01,2.526778e+01,2.515413e+01,2.529451e+01,2.530119e+01,2.519426e+01,2.534126e+01,2.516751e+01,2.517419e+01,2.515413e+01,2.519426e+01,2.517419e+01,2.524105e+01,2.508052e+01,2.514744e+01,2.519426e+01,2.518757e+01,2.514075e+01,2.518757e+01,2.509391e+01,2.518757e+01,2.522100e+01,2.528115e+01,2.520763e+01,2.508052e+01,2.507383e+01,2.506713e+01,2.517419e+01,2.514075e+01,2.515413e+01,2.511399e+01,2.507383e+01,2.512068e+01,2.516082e+01,2.503366e+01,2.501357e+01,2.515413e+01,2.512068e+01,2.503366e+01,2.514744e+01,2.510730e+01,2.518088e+01,2.501357e+01,2.512737e+01,2.505375e+01,2.490634e+01,2.508722e+01,2.501357e+01,2.507383e+01,2.504705e+01,2.506713e+01,2.506044e+01,2.508722e+01,2.509391e+01,2.509391e+01,2.514075e+01,2.508052e+01,2.506044e+01,2.504035e+01,2.503366e+01,2.506044e+01,2.500687e+01,2.502696e+01,2.499347e+01,2.508052e+01,2.501357e+01,2.518757e+01,2.506713e+01,2.504705e+01,2.504035e+01,2.513406e+01,2.516751e+01,2.514744e+01,2.522768e+01,2.523437e+01,2.520763e+01,2.518757e+01,2.519426e+01,2.516751e+01,2.515413e+01,2.520094e+01,2.520094e+01,2.512737e+01,2.520094e+01,2.517419e+01,2.519426e+01,2.528115e+01,2.528782e+01,2.530119e+01,2.529451e+01,2.525442e+01,2.532122e+01,2.533458e+01,2.532122e+01,2.528115e+01,2.527446e+01,2.526110e+01,2.526110e+01,2.530119e+01,2.530119e+01,2.534126e+01,2.534126e+01,2.527446e+01,2.526110e+01,2.532122e+01,2.534793e+01,2.524105e+01,2.529451e+01,2.528115e+01,2.520763e+01,2.529451e+01,2.528782e+01,2.527446e+01,2.536129e+01,2.533458e+01,2.532790e+01,2.538799e+01,2.539466e+01,2.528115e+01,2.522768e+01,2.532122e+01,2.517419e+01,2.531454e+01,2.538131e+01,2.541468e+01,2.527446e+01,2.525442e+01,2.526110e+01,2.532790e+01,2.529451e+01,2.524105e+01,2.534126e+01,2.532790e+01,2.531454e+01,2.521431e+01,2.528115e+01,2.523437e+01,2.525442e+01,2.522768e+01,2.527446e+01,2.530119e+01,2.531454e+01,2.526778e+01,2.540801e+01,2.534126e+01,2.532790e+01,2.526778e+01,2.529451e+01,2.524105e+01,2.526110e+01,2.516082e+01,2.537464e+01,2.517419e+01,2.526778e+01,2.540801e+01,2.529451e+01,2.514075e+01,2.523437e+01,2.529451e+01,2.530119e+01,2.529451e+01,2.514744e+01,2.532122e+01,2.527446e+01,2.532790e+01,2.528115e+01,2.518757e+01,2.537464e+01,2.533458e+01,2.525442e+01,2.526778e+01,2.528782e+01,2.528782e+01,2.533458e+01,2.532122e+01,2.533458e+01,2.542135e+01,2.529451e+01,2.522768e+01,2.527446e+01,2.525442e+01,2.526778e+01,2.536129e+01,2.532122e+01,2.528115e+01,2.533458e+01,2.544137e+01,2.536129e+01,2.541468e+01,2.542802e+01,2.543469e+01,2.538799e+01,2.551472e+01,2.533458e+01,2.531454e+01,2.540801e+01,2.544137e+01,2.547471e+01,2.550805e+01,2.546805e+01,2.544137e+01,2.536129e+01,2.540801e+01,2.536129e+01,2.538131e+01,2.526110e+01,2.545471e+01,2.541468e+01,2.542135e+01,2.541468e+01,2.542802e+01,2.533458e+01,2.533458e+01,2.548138e+01,2.527446e+01,2.551472e+01,2.531454e+01,2.528115e+01,2.533458e+01,2.538131e+01,2.535461e+01,2.538131e+01,2.538131e+01,2.534126e+01,2.535461e+01,2.532790e+01,2.541468e+01,2.530787e+01,2.519426e+01,2.537464e+01,2.538799e+01,2.542802e+01,2.544137e+01,2.542802e+01,2.534793e+01,2.538131e+01,2.556137e+01,2.548138e+01,2.535461e+01,2.538131e+01,2.545471e+01,2.548805e+01,2.540133e+01,2.536796e+01,2.539466e+01,2.540133e+01,2.542802e+01,2.544804e+01,2.546805e+01,2.547471e+01,2.549472e+01,2.530787e+01,2.539466e+01,2.537464e+01,2.543469e+01,2.539466e+01,2.536796e+01,2.528115e+01,2.528782e+01,2.528782e+01,2.545471e+01,2.541468e+01,2.546805e+01,2.536796e+01,2.536129e+01,2.533458e+01,2.541468e+01,2.538131e+01,2.536796e+01,2.531454e+01,2.530119e+01,2.543469e+01,2.544137e+01,2.544804e+01,2.538799e+01,2.560134e+01,2.536796e+01,2.552139e+01,2.546138e+01,2.528782e+01,2.536129e+01,2.531454e+01,2.541468e+01,2.524773e+01,2.538799e+01,2.543469e+01,2.536796e+01,2.535461e+01,2.529451e+01,2.537464e+01,2.538799e+01,2.530787e+01,2.540133e+01,2.538131e+01,2.536129e+01,2.543469e+01,2.546805e+01,2.534793e+01,2.532790e+01,2.525442e+01,2.544804e+01,2.542135e+01,2.531454e+01,2.533458e+01,2.539466e+01,2.534126e+01,2.531454e+01,2.539466e+01,2.538799e+01,2.527446e+01,2.545471e+01,2.538799e+01,2.537464e+01,2.527446e+01,2.538799e+01,2.546138e+01,2.545471e+01,2.526110e+01,2.529451e+01,2.534126e+01,2.531454e+01,2.534126e+01,2.538799e+01,2.531454e+01,2.526110e+01,2.532122e+01,2.520094e+01,2.520763e+01,2.512737e+01,2.495326e+01,2.462436e+01,2.453692e+01,2.439552e+01,2.386187e+01,2.388219e+01,2.411891e+01,2.382801e+01,2.378057e+01,2.376024e+01,2.386187e+01,2.386865e+01,2.422694e+01,2.469828e+01,2.477216e+01,2.491975e+01,2.518088e+01,2.518757e+01,2.537464e+01,2.518088e+01,2.533458e+01,2.527446e+01,2.548805e+01,2.529451e+01,2.532122e+01,2.526778e+01,2.530787e+01,2.526110e+01,2.524105e+01,2.528115e+01,2.537464e+01,2.533458e+01,2.548138e+01,2.532790e+01,2.530119e+01,2.531454e+01,2.535461e+01,2.536129e+01,2.537464e+01,2.537464e+01,2.532790e+01,2.534793e+01,2.546805e+01,2.539466e+01,2.534126e+01,2.537464e+01,2.534126e+01,2.537464e+01,2.533458e+01,2.532122e+01,2.529451e+01,2.548138e+01,2.541468e+01,2.530119e+01,2.537464e+01,2.541468e+01,2.532122e+01,2.532790e+01,2.528115e+01,2.536796e+01,2.536796e+01,2.531454e+01,2.531454e+01,2.532122e+01,2.522100e+01,2.532122e+01,2.537464e+01,2.530787e+01,2.532790e+01,2.541468e+01,2.522768e+01,2.532790e+01,2.538799e+01,2.530119e+01,2.527446e+01,2.530119e+01,2.536129e+01,2.535461e+01,2.520094e+01,2.530787e+01,2.533458e+01,2.534793e+01,2.536129e+01,2.532122e+01,2.538799e+01,2.542802e+01,2.538799e+01,2.544137e+01,2.534793e+01,2.526110e+01,2.526778e+01,2.527446e+01,2.523437e+01,2.544137e+01,2.526778e+01,2.550139e+01
2.490634e+01,2.512737e+01,2.509391e+01,2.504035e+01,2.504705e+01,2.506713e+01,2.500017e+01,2.504035e+01,2.516082e+01,2.506044e+01,2.514075e+01,2.504035e+01,2.518757e+01,2.498677e+01,2.501357e+01,2.502026e+01,2.516751e+01,2.502696e+01,2.511399e+01,2.500017e+01,2.514075e+01,2.498007e+01,2.511399e+01,2.527446e+01,2.508722e+01,2.507383e+01,2.502696e+01,2.522100e+01,2.525442e+01,2.512737e+01,2.520094e+01,2.517419e+01,2.502026e+01,2.520763e+01,2.517419e+01,2.519426e+01,2.522100e+01,2.510730e+01,2.521431e+01,2.506044e+01,2.483927e+01,2.509391e+01,2.512737e+01,2.512068e+01,2.500687e+01,2.499347e+01,2.491305e+01,2.508052e+01,2.508722e+01,2.505375e+01,2.510730e+01,2.507383e+01,2.507383e+01,2.494656e+01,2.500017e+01,2.505375e+01,2.512737e+01,2.507383e+01,2.502026e+01,2.501357e+01,2.500687e+01,2.487952e+01,2.502696e+01,2.498007e+01,2.492645e+01,2.493316e+01,2.495326e+01,2.491975e+01,2.497337e+01,2.502026e+01,2.502696e+01,2.498677e+01,2.485940e+01,2.492645e+01,2.483927e+01,2.489964e+01,2.489964e+01,2.495326e+01,2.491975e+01,2.489964e+01,2.483927e+01,2.485269e+01,2.479901e+01,2.487281e+01,2.480572e+01,2.494656e+01,2.491305e+01,2.489964e+01,2.453019e+01,2.476544e+01,2.483256e+01,2.478558e+01,2.483256e+01,2.473187e+01,2.494656e+01,2.470500e+01,2.473858e+01,2.461091e+01,2.483256e+01,2.490634e+01,2.472515e+01,2.466469e+01,2.453692e+01,2.468484e+01,2.471844e+01,2.467813e+01,2.465796e+01,2.465796e+01,2.461763e+01,2.453692e+01,2.453019e+01,2.468484e+01,2.469156e+01,2.463108e+01,2.474530e+01,2.468484e+01,2.461091e+01,2.465796e+01,2.453692e+01,2.461763e+01,2.461763e+01,2.459746e+01,2.461091e+01,2.462436e+01,2.464452e+01,2.461091e+01,2.461091e+01,2.453692e+01,2.476544e+01,2.469156e+01,2.465124e+01,2.469828e+01,2.453019e+01,2.459746e+01,2.469828e+01,2.471172e+01,2.483256e+01,2.469828e+01,2.470500e+01,2.471172e+01,2.469156e+01,2.464452e+01,2.473858e+01,2.473187e+01,2.470500e+01,2.475201e+01,2.477216e+01,2.472515e+01,2.477216e+01,2.469156e+01,2.467141e+01,2.481914e+01,2.482585e+01,2.475873e+01,2.482585e+01,2.487952e+01,2.488622e+01,2.489964e+01,2.494656e+01,2.486610e+01,2.482585e+01,2.486610e+01,2.491975e+01,2.487281e+01,2.491975e+01,2.494656e+01,2.491975e+01,2.498007e+01,2.488622e+01,2.498677e+01,2.501357e+01,2.504035e+01,2.504035e+01,2.509391e+01,2.500017e+01,2.498007e+01,2.506044e+01,2.498677e+01,2.502026e+01,2.502026e+01,2.513406e+01,2.515413e+01,2.508722e+01,2.512068e+01,2.508052e+01,2.514744e+01,2.502026e+01,2.498007e+01,2.505375e+01,2.515413e+01,2.519426e+01,2.512737e+01,2.512068e+01,2.523437e+01,2.483256e+01,2.512068e+01,2.514075e+01,2.515413e+01,2.516082e+01,2.516751e+01,2.524773e+01,2.512068e+01,2.518757e+01,2.517419e+01,2.518088e+01,2.520763e+01,2.514744e+01,2.517419e+01,2.526778e+01,2.527446e+01,2.514744e+01,2.517419e+01,2.514744e+01,2.520094e+01,2.514075e+01,2.516751e+01,2.521431e+01,2.526110e+01,2.528115e+01,2.516082e+01,2.530119e+01,2.518088e+01,2.520094e+01,2.518757e+01,2.517419e+01,2.521431e+01,2.510060e+01,2.518757e+01,2.519426e+01,2.516082e+01,2.536129e+01,2.515413e+01,2.531454e+01,2.514744e+01,2.518088e+01,2.516751e+01,2.502026e+01,2.509391e+01,2.520094e+01,2.526110e+01,2.524773e+01,2.523437e+01,2.512737e+01,2.514075e+01,2.501357e+01,2.510060e+01,2.509391e+01,2.505375e+01,2.497337e+01,2.510060e+01,2.514075e+01,2.510060e+01,2.492645e+01,2.502026e+01,2.509391e+01,2.506713e+01,2.511399e+01,2.516751e+01,2.505375e+01,2.498677e+01,2.510730e+01,2.504035e+01,2.497337e+01,2.510730e+01,2.506713e+01,2.507383e+01,2.506044e+01,2.504705e+01,2.511399e+01,2.509391e+01,2.507383e+01,2.495997e+01,2.520094e+01,2.504035e+01,2.504035e+01,2.502696e+01,2.502026e+01,2.502026e+01,2.502026e+01,2.514075e+01,2.513406e+01,2.505375e+01,2.497337e+01,2.499347e+01,2.518757e+01,2.511399e+01,2.507383e+01,2.505375e+01,2.509391e+01,2.526110e+01,2.521431e+01,2.524773e+01,2.518757e+01,2.518088e+01,2.519426e+01,2.524773e+01,2.523437e+01,2.522100e+01,2.524105e+01,2.530119e+01,2.526778e+01,2.525442e+01,2.523437e+01,2.523437e+01,2.518757e+01,2.521431e+01,2.533458e+01,2.526110e+01,2.528115e+01,2.540133e+01,2.529451e+01,2.526110e+01,2.526110e+01,2.530787e+01,2.525442e+01,2.530119e+01,2.529451e+01,2.529451e+01,2.527446e+01,2.524773e+01,2.522768e+01,2.527446e+01,2.517419e+01,2.529451e+01,2.528115e+01,2.528782e+01,2.530119e+01,2.520094e+01,2.538131e+01,2.525442e+01,2.531454e+01,2.532122e+01,2.537464e+01,2.535461e+01,2.532122e+01,2.517419e+01,2.526110e+01,2.523437e+01,2.531454e+01,2.521431e+01,2.530119e+01,2.512068e+01,2.516751e+01,2.531454e+01,2.528782e+01,2.526778e+01,2.531454e+01,2.528115e+01,2.523437e+01,2.534126e+01,2.528782e+01,2.520763e+01,2.531454e+01,2.526778e+01,2.533458e+01,2.528115e+01,2.532122e+01,2.508052e+01,2.518088e+01,2.531454e+01,2.516082e+01,2.520094e+01,2.527446e+01,2.526778e+01,2.530787e+01,2.534126e+01,2.530787e+01,2.526778e+01,2.528782e+01,2.520763e+01,2.517419e+01,2.509391e+01,2.520763e+01,2.532790e+01,2.518757e+01,2.528115e+01,2.540133e+01,2.535461e+01,2.537464e+01,2.528782e+01,2.527446e+01,2.518088e+01,2.521431e+01,2.529451e+01,2.527446e+01,2.498677e+01,2.532122e+01,2.534793e+01,2.530787e+01,2.531454e+01,2.532122e+01,2.526778e+01,2.532122e+01,2.532790e+01,2.525442e+01,2.528782e+01,2.524773e+01,2.536796e+01,2.534126e+01,2.530787e+01,2.526778e+01,2.542802e+01,2.538799e+01,2.541468e+01,2.539466e+01,2.544137e+01,2.534126e+01,2.534126e+01,2.531454e+01,2.534126e+01,2.543469e+01,2.546138e+01,2.544804e+01,2.529451e+01,2.548805e+01,2.539466e+01,2.538131e+01,2.534126e+01,2.534793e+01,2.539466e+01,2.549472e+01,2.533458e+01,2.539466e+01,2.535461e+01,2.530119e+01,2.537464e+01,2.531454e+01,2.540133e+01,2.543469e+01,2.532790e+01,2.548138e+01,2.534793e+01,2.538799e+01,2.536129e+01,2.536129e+01,2.539466e+01,2.527446e+01,2.553472e+01,2.545471e+01,2.540801e+01,2.533458e+01,2.541468e+01,2.531454e+01,2.538799e+01,2.536796e+01,2.540801e+01,2.518088e+01,2.538131e+01,2.533458e+01,2.536796e+01,2.536129e+01,2.543469e+01,2.531454e+01,2.554804e+01,2.544804e+01,2.538799e+01,2.540801e+01,2.532790e+01,2.537464e+01,2.551472e+01,2.535461e+01,2.539466e+01,2.538131e+01,2.542135e+01,2.538131e+01,2.548805e+01,2.551472e+01,2.543469e+01,2.534126e+01,2.544137e+01,2.528115e+01,2.542135e+01,2.530119e+01,2.540133e+01,2.535461e+01,2.544804e+01,2.542135e+01,2.544137e+01,2.541468e+01,2.552805e+01,2.532122e+01,2.541468e+01,2.530119e+01,2.529451e+01,2.540133e+01,2.532122e+01,2.530119e+01,2.542135e+01,2.538799e+01,2.537464e+01,2.536796e+01,2.538799e+01,2.538131e+01,2.540801e+01,2.521431e+01,2.536796e+01,2.536796e+01,2.536129e+01,2.536129e+01,2.538131e+01,2.532790e+01,2.533458e+01,2.534126e+01,2.540133e+01,2.526778e+01,2.538131e+01,2.538799e+01,2.527446e+01,2.536796e+01,2.529451e+01,2.534793e+01,2.536129e+01,2.532790e+01,2.534793e+01,2.536129e+01,2.536129e+01,2.539466e+01,2.531454e+01,2.540133e+01,2.533458e+01,2.529451e+01,2.537464e+01,2.529451e+01,2.538131e+01,2.538799e+01,2.528115e+01,2.534126e+01,2.540801e+01,2.525442e+01,2.526778e+01,2.544804e+01,2.542135e+01,2.539466e+01,2.526778e+01,2.528782e+01,2.519426e+01,2.530119e+01,2.522768e+01,2.538131e+01,2.529451e+01,2.537464e+01,2.516751e+01,2.530119e+01,2.477216e+01,2.474530e+01,2.454365e+01,2.434161e+01,2.411891e+01,2.400400e+01,2.375346e+01,2.376024e+01,2.366529e+01,2.371277e+01,2.373990e+01,2.380768e+01,2.398371e+01,2.442247e+01,2.476544e+01,2.490634e+01,2.490634e+01,2.510730e+01,2.524773e+01,2.528782e+01,2.529451e+01,2.540801e+01,2.533458e+01,2.546805e+01,2.526778e+01,2.530787e+01,2.529451e+01,2.534126e+01,2.533458e+01,2.534793e+01,2.528782e+01,2.536129e+01,2.538131e+01,2.548138e+01,2.534793e+01,2.538799e+01,2.529451e+01,2.534793e+01,2.542802e+01,2.538131e+01,2.523437e+01,2.540133e+01,2.538131e+01,2.530787e+01,2.536129e+01,2.537464e+01,2.536129e+01,2.538799e+01,2.530119e+01,2.542135e+01,2.546805e+01,2.544137e+01,2.529451e+01,2.546138e+01,2.516082e+01,2.528782e+01,2.532122e+01,2.526110e+01,2.533458e+01,2.524105e+01,2.526110e+01,2.529451e+01,2.534126e+01,2.538131e+01,2.539466e+01,2.538799e+01,2.528115e+01,2.540801e+01,2.528782e+01,2.534126e+01,2.536796e+01,2.534126e+01,2.528782e+01,2.541468e+01,2.529451e+01,2.530787e+01,2.522100e+01,2.521431e+01,2.530787e+01,2.534793e+01,2.535461e+01,2.532790e+01,2.518088e+01,2.540801e+01,2.532790e+01,2.540801e+01,2.527446e+01,2.542135e+01,2.542135e+01,2.533458e+01,2.537464e+01,2.538799e+01,2.522768e+01,2.531454e+01,2.558802e+01,2.526778e+01,2.536796e+01
2.496667e+01,2.498007e+01,2.504035e+01,2.502026e+01,2.511399e+01,2.504705e+01,2.498677e+01,2.524773e+01,2.506044e+01,2.500687e+01,2.514075e+01,2.508722e+01,2.498677e+01,2.511399e+01,2.500017e+01,2.504705e+01,2.514075e+01,2.503366e+01,2.512737e+01,2.502026e+01,2.501357e+01,2.510060e+01,2.525442e+01,2.508722e+01,2.513406e+01,2.509391e+01,2.510730e+01,2.517419e+01,2.522100e+01,2.515413e+01,2.522768e+01,2.518757e+01,2.507383e+01,2.518757e+01,2.530119e+01,2.513406e+01,2.521431e+01,2.506044e+01,2.487952e+01,2.535461e+01,2.507383e+01,2.512068e+01,2.482585e+01,2.504035e+01,2.502696e+01,2.510060e+01,2.504035e+01,2.506713e+01,2.498677e+01,2.519426e+01,2.512068e+01,2.512737e+01,2.516082e+01,2.498007e+01,2.504035e+01,2.510060e+01,2.498007e+01,2.502026e+01,2.502026e+01,2.504705e+01,2.500017e+01,2.504035e+01,2.492645e+01,2.485269e+01,2.493316e+01,2.504035e+01,2.493316e+01,2.497337e+01,2.490634e+01,2.488622e+01,2.491305e+01,2.490634e+01,2.483927e+01,2.498007e+01,2.496667e+01,2.490634e+01,2.494656e+01,2.492645e+01,2.490634e+01,2.494656e+01,2.488622e+01,2.487281e+01,2.489293e+01,2.484598e+01,2.490634e+01,2.479230e+01,2.489293e+01,2.490634e+01,2.475873e+01,2.485269e+01,2.472515e+01,2.484598e+01,2.474530e+01,2.472515e+01,2.459746e+01,2.467813e+01,2.483256e+01,2.462436e+01,2.470500e+01,2.473187e+01,2.467141e+01,2.473858e+01,2.484598e+01,2.486610e+01,2.487952e+01,2.482585e+01,2.459746e+01,2.461763e+01,2.461763e+01,2.464452e+01,2.470500e+01,2.467141e+01,2.453692e+01,2.459746e+01,2.455710e+01,2.459746e+01,2.469828e+01,2.463780e+01,2.462436e+01,2.460419e+01,2.456383e+01,2.461091e+01,2.461763e+01,2.466469e+01,2.453019e+01,2.459746e+01,2.461763e+01,2.461091e+01,2.465124e+01,2.462436e+01,2.461763e+01,2.461091e+01,2.480572e+01,2.465124e+01,2.487952e+01,2.466469e+01,2.461091e+01,2.470500e+01,2.464452e+01,2.463780e+01,2.463108e+01,2.450327e+01,2.472515e+01,2.473187e+01,2.475873e+01,2.479901e+01,2.471172e+01,2.474530e+01,2.475873e+01,2.480572e+01,2.472515e+01,2.477887e+01,2.479230e+01,2.478558e+01,2.489964e+01,2.480572e+01,2.478558e+01,2.482585e+01,2.477216e+01,2.484598e+01,2.483256e+01,2.483927e+01,2.487281e+01,2.487952e+01,2.489964e+01,2.499347e+01,2.500687e+01,2.500687e+01,2.498677e+01,2.495326e+01,2.493316e+01,2.500687e+01,2.495997e+01,2.487281e+01,2.498007e+01,2.505375e+01,2.495326e+01,2.504705e+01,2.502026e+01,2.513406e+01,2.494656e+01,2.502696e+01,2.507383e+01,2.506044e+01,2.510060e+01,2.504705e+01,2.507383e+01,2.508052e+01,2.509391e+01,2.517419e+01,2.521431e+01,2.518757e+01,2.512737e+01,2.506713e+01,2.513406e+01,2.519426e+01,2.511399e+01,2.514744e+01,2.514075e+01,2.520094e+01,2.507383e+01,2.517419e+01,2.519426e+01,2.516082e+01,2.518757e+01,2.517419e+01,2.513406e+01,2.519426e+01,2.515413e+01,2.526110e+01,2.514075e+01,2.508052e+01,2.512737e+01,2.516751e+01,2.523437e+01,2.520763e+01,2.514744e+01,2.524773e+01,2.516082e+01,2.540133e+01,2.533458e+01,2.504035e+01,2.527446e+01,2.517419e+01,2.506044e+01,2.523437e+01,2.517419e+01,2.516751e+01,2.512737e+01,2.512737e+01,2.525442e+01,2.514075e+01,2.513406e+01,2.512737e+01,2.510060e+01,2.513406e+01,2.514744e+01,2.507383e+01,2.515413e+01,2.514744e+01,2.510730e+01,2.504035e+01,2.502696e+01,2.512068e+01,2.505375e+01,2.507383e+01,2.507383e+01,2.510060e+01,2.512068e+01,2.509391e+01,2.504705e+01,2.504705e+01,2.491975e+01,2.497337e+01,2.501357e+01,2.500687e+01,2.504035e+01,2.519426e+01,2.501357e+01,2.504705e+01,2.504705e+01,2.506713e+01,2.500687e+01,2.508052e+01,2.509391e+01,2.504035e+01,2.507383e+01,2.507383e+01,2.517419e+01,2.506713e+01,2.517419e+01,2.493986e+01,2.506044e+01,2.506044e+01,2.503366e+01,2.502696e+01,2.500687e+01,2.498007e+01,2.502696e+01,2.507383e+01,2.510730e+01,2.533458e+01,2.502696e+01,2.506713e+01,2.507383e+01,2.508722e+01,2.504035e+01,2.509391e+01,2.505375e+01,2.516751e+01,2.511399e+01,2.512068e+01,2.518757e+01,2.516082e+01,2.522100e+01,2.518088e+01,2.516082e+01,2.517419e+01,2.519426e+01,2.518088e+01,2.523437e+01,2.510060e+01,2.529451e+01,2.518757e+01,2.514075e+01,2.524773e+01,2.523437e+01,2.523437e+01,2.523437e+01,2.530119e+01,2.521431e+01,2.525442e+01,2.528115e+01,2.518088e+01,2.531454e+01,2.526778e+01,2.508722e+01,2.537464e+01,2.532122e+01,2.508052e+01,2.509391e+01,2.525442e+01,2.525442e+01,2.524105e+01,2.529451e+01,2.524773e+01,2.512737e+01,2.529451e+01,2.526778e+01,2.529451e+01,2.531454e+01,2.546138e+01,2.520094e+01,2.532122e+01,2.532790e+01,2.533458e+01,2.518757e+01,2.533458e+01,2.534126e+01,2.534126e+01,2.524773e+01,2.528782e+01,2.528115e+01,2.529451e+01,2.524105e+01,2.520763e+01,2.535461e+01,2.520763e+01,2.514744e+01,2.531454e+01,2.530119e+01,2.517419e+01,2.521431e+01,2.527446e+01,2.512068e+01,2.534793e+01,2.523437e+01,2.529451e+01,2.528115e+01,2.523437e+01,2.524105e+01,2.527446e+01,2.515413e+01,2.522768e+01,2.522100e+01,2.518757e+01,2.531454e+01,2.517419e+01,2.517419e+01,2.524773e+01,2.523437e+01,2.516082e+01,2.516751e+01,2.528115e+01,2.525442e+01,2.521431e+01,2.532790e+01,2.518757e+01,2.532122e+01,2.519426e+01,2.524773e+01,2.524105e+01,2.523437e+01,2.529451e+01,2.526778e+01,2.527446e+01,2.525442e+01,2.530119e+01,2.540133e+01,2.530787e+01,2.534126e+01,2.530119e+01,2.532122e+01,2.532790e+01,2.530787e+01,2.528115e+01,2.512737e+01,2.533458e+01,2.530787e+01,2.524773e+01,2.533458e+01,2.535461e+01,2.532122e+01,2.529451e+01,2.528782e+01,2.533458e+01,2.537464e+01,2.536796e+01,2.536796e+01,2.542802e+01,2.530119e+01,2.538799e+01,2.542135e+01,2.540133e+01,2.538131e+01,2.536129e+01,2.530787e+01,2.528115e+01,2.536129e+01,2.545471e+01,2.536129e+01,2.536129e+01,2.530787e+01,2.529451e+01,2.529451e+01,2.532790e+01,2.535461e+01,2.536796e+01,2.533458e+01,2.535461e+01,2.534126e+01,2.535461e+01,2.534126e+01,2.530787e+01,2.527446e+01,2.538131e+01,2.541468e+01,2.536796e+01,2.542135e+01,2.546138e+01,2.532790e+01,2.530119e+01,2.530787e+01,2.534126e+01,2.524773e+01,2.532122e+01,2.517419e+01,2.543469e+01,2.536129e+01,2.536796e+01,2.553472e+01,2.545471e+01,2.534793e+01,2.541468e+01,2.534126e+01,2.538799e+01,2.548138e+01,2.547471e+01,2.539466e+01,2.537464e+01,2.537464e+01,2.538131e+01,2.535461e+01,2.546805e+01,2.536129e+01,2.541468e+01,2.547471e+01,2.537464e+01,2.544137e+01,2.546805e+01,2.536129e+01,2.536796e+01,2.542135e+01,2.540133e+01,2.522768e+01,2.546138e+01,2.544137e+01,2.537464e+01,2.538799e+01,2.538799e+01,2.540133e+01,2.532122e+01,2.527446e+01,2.538799e+01,2.546138e+01,2.545471e+01,2.529451e+01,2.540801e+01,2.546138e+01,2.540133e+01,2.542802e+01,2.537464e+01,2.530119e+01,2.528115e+01,2.540133e+01,2.539466e+01,2.516082e+01,2.534793e+01,2.508052e+01,2.532790e+01,2.530787e+01,2.529451e+01,2.530119e+01,2.535461e+01,2.537464e+01,2.538131e+01,2.536796e+01,2.538799e+01,2.523437e+01,2.545471e+01,2.531454e+01,2.546805e+01,2.536129e+01,2.528782e+01,2.541468e+01,2.543469e+01,2.544137e+01,2.534126e+01,2.529451e+01,2.532122e+01,2.532790e+01,2.533458e+01,2.532790e+01,2.532790e+01,2.528782e+01,2.538131e+01,2.552139e+01,2.535461e+01,2.539466e+01,2.534793e+01,2.528782e+01,2.539466e+01,2.528782e+01,2.525442e+01,2.536796e+01,2.534793e+01,2.534126e+01,2.530119e+01,2.534126e+01,2.530119e+01,2.518757e+01,2.515413e+01,2.514744e+01,2.495326e+01,2.476544e+01,2.438205e+01,2.415943e+01,2.414593e+01,2.376024e+01,2.398371e+01,2.379413e+01,2.376024e+01,2.376024e+01,2.376702e+01,2.382123e+01,2.417969e+01,2.438878e+01,2.479230e+01,2.492645e+01,2.495326e+01,2.505375e+01,2.528115e+01,2.528115e+01,2.540133e+01,2.526778e+01,2.528115e+01,2.528782e+01,2.526778e+01,2.534126e+01,2.529451e+01,2.557470e+01,2.530787e+01,2.537464e+01,2.526110e+01,2.540133e+01,2.531454e+01,2.537464e+01,2.534126e+01,2.534793e+01,2.525442e+01,2.530787e+01,2.530787e+01,2.526778e+01,2.526778e+01,2.530119e+01,2.536796e+01,2.534793e+01,2.536129e+01,2.534126e+01,2.536129e+01,2.536796e+01,2.532790e+01,2.536796e+01,2.539466e+01,2.546138e+01,2.538799e+01,2.541468e+01,2.534793e+01,2.523437e+01,2.526110e+01,2.534793e+01,2.530787e+01,2.524105e+01,2.526110e+01,2.548805e+01,2.522100e+01,2.520763e+01,2.526110e+01,2.532122e+01,2.521431e+01,2.537464e+01,2.534126e+01,2.530119e+01,2.534793e+01,2.530787e+01,2.529451e+01,2.527446e+01,2.534793e+01,2.527446e+01,2.531454e+01,2.526110e+01,2.529451e+01,2.544804e+01,2.526110e+01,2.534126e+01,2.533458e+01,2.538799e+01,2.524773e+01,2.524105e+01,2.542802e+01,2.532790e+01,2.539466e+01,2.522768e+01,2.521431e+01,2.528115e+01,2.522768e+01,2.524105e+01,2.531454e+01,2.522100e+01,2.513406e+01
2.512068e+01,2.501357e+01,2.512068e+01,2.490634e+01,2.502696e+01,2.499347e+01,2.510060e+01,2.506044e+01,2.508052e+01,2.506044e+01,2.513406e+01,2.511399e+01,2.498007e+01,2.502026e+01,2.510730e+01,2.507383e+01,2.508052e+01,2.513406e+01,2.481914e+01,2.501357e+01,2.511399e+01,2.500687e+01,2.516751e+01,2.512737e+01,2.513406e+01,2.508052e+01,2.530787e+01,2.506713e+01,2.500017e+01,2.504035e+01,2.516751e+01,2.519426e+01,2.506044e+01,2.528782e+01,2.515413e+01,2.518088e+01,2.508052e+01,2.518757e+01,2.502696e+01,2.500687e+01,2.516082e+01,2.505375e+01,2.511399e+01,2.512068e+01,2.508052e+01,2.505375e+01,2.512737e+01,2.517419e+01,2.520094e+01,2.520763e+01,2.489964e+01,2.511399e+01,2.500687e+01,2.510060e+01,2.500017e+01,2.504035e+01,2.508722e+01,2.502026e+01,2.508722e+01,2.502696e+01,2.498677e+01,2.500017e+01,2.489293e+01,2.504705e+01,2.500017e+01,2.496667e+01,2.493316e+01,2.506044e+01,2.502696e+01,2.489964e+01,2.499347e+01,2.501357e+01,2.495997e+01,2.493986e+01,2.495997e+01,2.498007e+01,2.495326e+01,2.493316e+01,2.491305e+01,2.494656e+01,2.492645e+01,2.481914e+01,2.497337e+01,2.481243e+01,2.489293e+01,2.490634e+01,2.491305e+01,2.476544e+01,2.484598e+01,2.475873e+01,2.484598e+01,2.473187e+01,2.476544e+01,2.471844e+01,2.475201e+01,2.476544e+01,2.479230e+01,2.466469e+01,2.477887e+01,2.467141e+01,2.474530e+01,2.473858e+01,2.471172e+01,2.466469e+01,2.467141e+01,2.469156e+01,2.469828e+01,2.459746e+01,2.453019e+01,2.463780e+01,2.457056e+01,2.468484e+01,2.469828e+01,2.474530e+01,2.456383e+01,2.467141e+01,2.468484e+01,2.483256e+01,2.459746e+01,2.465124e+01,2.461091e+01,2.461763e+01,2.477887e+01,2.465796e+01,2.467141e+01,2.460419e+01,2.459073e+01,2.464452e+01,2.461763e+01,2.463108e+01,2.463108e+01,2.457056e+01,2.465124e+01,2.483256e+01,2.453019e+01,2.456383e+01,2.461091e+01,2.457728e+01,2.467141e+01,2.464452e+01,2.471172e+01,2.463108e+01,2.463780e+01,2.471172e+01,2.479230e+01,2.478558e+01,2.477216e+01,2.466469e+01,2.477216e+01,2.471844e+01,2.477887e+01,2.471172e+01,2.469156e+01,2.489964e+01,2.480572e+01,2.478558e+01,2.482585e+01,2.490634e+01,2.485940e+01,2.486610e+01,2.483256e+01,2.492645e+01,2.482585e+01,2.491975e+01,2.496667e+01,2.497337e+01,2.498677e+01,2.495997e+01,2.485269e+01,2.487952e+01,2.486610e+01,2.483256e+01,2.485940e+01,2.495997e+01,2.500017e+01,2.490634e+01,2.500017e+01,2.502696e+01,2.506713e+01,2.502696e+01,2.491975e+01,2.514075e+01,2.501357e+01,2.497337e+01,2.507383e+01,2.502696e+01,2.501357e+01,2.508052e+01,2.510060e+01,2.505375e+01,2.512737e+01,2.514744e+01,2.504705e+01,2.506044e+01,2.516751e+01,2.516082e+01,2.510060e+01,2.510730e+01,2.523437e+01,2.518088e+01,2.522100e+01,2.525442e+01,2.524773e+01,2.509391e+01,2.512068e+01,2.516082e+01,2.514744e+01,2.517419e+01,2.520763e+01,2.524105e+01,2.514744e+01,2.515413e+01,2.520763e+01,2.518757e+01,2.519426e+01,2.515413e+01,2.517419e+01,2.516082e+01,2.528115e+01,2.530787e+01,2.516751e+01,2.537464e+01,2.514075e+01,2.518088e+01,2.520094e+01,2.521431e+01,2.514075e+01,2.512068e+01,2.513406e+01,2.528782e+01,2.507383e+01,2.518757e+01,2.507383e+01,2.504705e+01,2.510730e+01,2.528782e+01,2.517419e+01,2.516751e+01,2.517419e+01,2.518757e+01,2.511399e+01,2.520094e+01,2.511399e+01,2.508052e+01,2.510730e+01,2.520763e+01,2.506044e+01,2.511399e+01,2.493986e+01,2.510060e+01,2.509391e+01,2.497337e+01,2.516082e+01,2.503366e+01,2.512068e+01,2.506044e+01,2.510730e+01,2.500017e+01,2.500017e+01,2.511399e+01,2.512068e+01,2.508722e+01,2.508052e+01,2.492645e+01,2.508722e+01,2.498677e+01,2.503366e+01,2.504035e+01,2.505375e+01,2.506044e+01,2.504035e+01,2.504035e+01,2.502026e+01,2.503366e+01,2.502696e+01,2.500687e+01,2.500687e+01,2.508722e+01,2.510060e+01,2.499347e+01,2.491975e+01,2.494656e+01,2.495997e+01,2.509391e+01,2.511399e+01,2.502696e+01,2.508722e+01,2.514075e+01,2.509391e+01,2.512068e+01,2.517419e+01,2.526110e+01,2.523437e+01,2.511399e+01,2.519426e+01,2.519426e+01,2.518757e+01,2.516751e+01,2.516751e+01,2.524773e+01,2.518757e+01,2.518757e+01,2.528115e+01,2.526778e+01,2.524105e+01,2.516751e+01,2.524105e+01,2.522768e+01,2.536796e+01,2.541468e+01,2.528115e+01,2.526110e+01,2.524105e+01,2.519426e+01,2.518757e+01,2.531454e+01,2.528782e+01,2.527446e+01,2.525442e+01,2.538799e+01,2.525442e+01,2.524773e+01,2.524773e+01,2.524105e+01,2.523437e+01,2.526778e+01,2.525442e+01,2.524773e+01,2.528782e+01,2.541468e+01,2.536129e+01,2.526778e+01,2.528115e+01,2.522768e+01,2.536129e+01,2.530787e+01,2.517419e+01,2.534793e+01,2.538799e+01,2.536129e+01,2.516751e+01,2.526778e+01,2.528782e+01,2.535461e+01,2.533458e+01,2.516082e+01,2.535461e+01,2.518757e+01,2.522768e+01,2.524105e+01,2.523437e+01,2.521431e+01,2.523437e+01,2.540133e+01,2.532790e+01,2.530787e+01,2.541468e+01,2.531454e+01,2.520763e+01,2.518757e+01,2.519426e+01,2.526110e+01,2.521431e+01,2.531454e+01,2.520763e+01,2.512737e+01,2.527446e+01,2.524773e+01,2.520763e+01,2.524773e+01,2.522768e+01,2.525442e+01,2.522100e+01,2.521431e+01,2.518757e+01,2.521431e+01,2.516082e+01,2.528115e+01,2.516751e+01,2.534126e+01,2.520094e+01,2.522768e+01,2.522100e+01,2.528782e+01,2.524105e+01,2.527446e+01,2.528115e+01,2.530787e+01,2.529451e+01,2.532122e+01,2.532790e+01,2.534126e+01,2.527446e+01,2.530119e+01,2.529451e+01,2.526778e+01,2.538131e+01,2.538799e+01,2.524773e+01,2.548138e+01,2.526778e+01,2.533458e+01,2.528782e+01,2.529451e+01,2.537464e+01,2.532122e+01,2.544804e+01,2.544804e+01,2.536129e+01,2.537464e+01,2.535461e+01,2.532790e+01,2.544137e+01,2.543469e+01,2.537464e+01,2.538131e+01,2.526778e+01,2.545471e+01,2.540801e+01,2.548138e+01,2.532790e+01,2.532122e+01,2.538131e+01,2.543469e+01,2.541468e+01,2.529451e+01,2.533458e+01,2.541468e+01,2.536796e+01,2.537464e+01,2.547471e+01,2.536129e+01,2.532790e+01,2.536129e+01,2.538799e+01,2.544804e+01,2.544804e+01,2.526110e+01,2.543469e+01,2.532790e+01,2.534126e+01,2.530119e+01,2.535461e+01,2.531454e+01,2.536129e+01,2.534126e+01,2.540133e+01,2.542802e+01,2.550139e+01,2.525442e+01,2.528115e+01,2.538131e+01,2.546138e+01,2.545471e+01,2.548138e+01,2.546805e+01,2.542802e+01,2.550139e+01,2.544804e+01,2.536129e+01,2.542802e+01,2.546138e+01,2.541468e+01,2.548138e+01,2.540801e+01,2.540133e+01,2.541468e+01,2.530119e+01,2.552139e+01,2.540133e+01,2.530119e+01,2.542802e+01,2.544137e+01,2.540801e+01,2.551472e+01,2.538799e+01,2.549472e+01,2.559468e+01,2.546138e+01,2.552139e+01,2.538131e+01,2.531454e+01,2.540801e+01,2.542135e+01,2.540133e+01,2.532122e+01,2.535461e+01,2.542135e+01,2.536796e+01,2.538131e+01,2.538131e+01,2.544137e+01,2.544804e+01,2.541468e+01,2.536129e+01,2.535461e+01,2.546138e+01,2.538799e+01,2.540801e+01,2.542135e+01,2.536129e+01,2.534793e+01,2.541468e+01,2.525442e+01,2.532122e+01,2.531454e+01,2.542135e+01,2.540801e+01,2.544137e+01,2.524105e+01,2.532790e+01,2.538131e+01,2.526110e+01,2.528782e+01,2.538799e+01,2.544137e+01,2.547471e+01,2.539466e+01,2.539466e+01,2.543469e+01,2.538131e+01,2.524105e+01,2.540801e+01,2.539466e+01,2.538799e+01,2.536129e+01,2.532790e+01,2.536796e+01,2.537464e+01,2.531454e+01,2.532790e+01,2.527446e+01,2.526778e+01,2.534126e+01,2.530787e+01,2.530787e+01,2.530119e+01,2.532122e+01,2.530787e+01,2.527446e+01,2.520763e+01,2.517419e+01,2.492645e+01,2.478558e+01,2.472515e+01,2.430790e+01,2.416619e+01,2.411891e+01,2.394311e+01,2.365850e+01,2.375346e+01,2.378735e+01,2.378057e+01,2.374668e+01,2.420670e+01,2.431464e+01,2.469828e+01,2.501357e+01,2.487952e+01,2.502026e+01,2.532122e+01,2.529451e+01,2.522768e+01,2.540133e+01,2.528115e+01,2.534126e+01,2.538131e+01,2.532122e+01,2.532122e+01,2.552139e+01,2.535461e+01,2.532790e+01,2.536129e+01,2.537464e+01,2.534126e+01,2.546805e+01,2.522768e+01,2.526110e+01,2.526778e+01,2.530787e+01,2.539466e+01,2.538799e+01,2.536796e+01,2.532790e+01,2.536129e+01,2.529451e+01,2.552139e+01,2.535461e+01,2.530787e+01,2.534793e+01,2.535461e+01,2.533458e+01,2.537464e+01,2.543469e+01,2.543469e+01,2.528115e+01,2.543469e+01,2.532790e+01,2.525442e+01,2.527446e+01,2.528782e+01,2.534793e+01,2.543469e+01,2.526110e+01,2.543469e+01,2.534126e+01,2.529451e+01,2.527446e+01,2.531454e+01,2.523437e+01,2.523437e+01,2.525442e+01,2.533458e+01,2.524105e+01,2.531454e+01,2.534793e+01,2.534126e+01,2.543469e+01,2.526778e+01,2.538131e+01,2.525442e+01,2.537464e+01,2.539466e+01,2.540133e+01,2.529451e+01,2.532122e+01,2.526778e+01,2.533458e+01,2.541468e+01,2.524773e+01,2.540801e+01,2.531454e+01,2.536796e+01,2.537464e+01,2.537464e+01,2.520763e+01,2.524773e+01,2.531454e+01,2.536796e+01,2.540133e+01
2.497337e+01,2.489293e+01,2.504705e+01,2.502026e+01,2.516751e+01,2.504705e+01,2.498007e+01,2.507383e+01,2.505375e+01,2.495997e+01,2.513406e+01,2.500687e+01,2.495326e+01,2.508052e+01,2.501357e+01,2.505375e+01,2.508722e+01,2.507383e+01,2.502026e+01,2.514075e+01,2.510730e+01,2.494656e+01,2.514075e+01,2.507383e+01,2.507383e+01,2.524773e+01,2.522768e+01,2.516751e+01,2.518088e+01,2.510060e+01,2.502026e+01,2.518088e+01,2.511399e+01,2.517419e+01,2.522100e+01,2.511399e+01,2.503366e+01,2.513406e+01,2.502696e+01,2.502026e+01,2.514744e+01,2.506713e+01,2.512737e+01,2.498007e+01,2.511399e+01,2.512068e+01,2.510730e+01,2.520094e+01,2.522100e+01,2.510730e+01,2.504035e+01,2.500687e+01,2.506713e+01,2.503366e+01,2.496667e+01,2.501357e+01,2.512068e+01,2.508052e+01,2.507383e+01,2.496667e+01,2.503366e+01,2.502696e+01,2.498677e+01,2.499347e+01,2.496667e+01,2.493986e+01,2.493316e+01,2.494656e+01,2.487952e+01,2.487952e+01,2.502026e+01,2.487952e+01,2.491305e+01,2.495997e+01,2.494656e+01,2.499347e+01,2.496667e+01,2.493316e+01,2.491975e+01,2.494656e+01,2.494656e+01,2.487281e+01,2.497337e+01,2.484598e+01,2.495326e+01,2.492645e+01,2.484598e+01,2.520763e+01,2.475873e+01,2.487281e+01,2.487281e+01,2.473187e+01,2.472515e+01,2.474530e+01,2.477887e+01,2.475873e+01,2.471844e+01,2.470500e+01,2.485269e+01,2.475873e+01,2.473858e+01,2.470500e+01,2.469156e+01,2.468484e+01,2.463780e+01,2.464452e+01,2.462436e+01,2.461091e+01,2.450327e+01,2.469828e+01,2.467141e+01,2.459073e+01,2.455038e+01,2.469828e+01,2.456383e+01,2.476544e+01,2.465124e+01,2.463780e+01,2.463780e+01,2.453692e+01,2.455038e+01,2.472515e+01,2.466469e+01,2.469828e+01,2.458401e+01,2.456383e+01,2.465124e+01,2.463108e+01,2.464452e+01,2.463108e+01,2.461763e+01,2.462436e+01,2.449654e+01,2.465124e+01,2.456383e+01,2.484598e+01,2.455038e+01,2.468484e+01,2.461091e+01,2.468484e+01,2.462436e+01,2.461763e+01,2.473858e+01,2.479230e+01,2.461091e+01,2.475873e+01,2.473858e+01,2.477216e+01,2.469828e+01,2.466469e+01,2.485269e+01,2.473187e+01,2.485940e+01,2.474530e+01,2.478558e+01,2.475873e+01,2.481914e+01,2.467813e+01,2.483927e+01,2.466469e+01,2.483256e+01,2.493986e+01,2.481243e+01,2.492645e+01,2.489964e+01,2.498007e+01,2.490634e+01,2.493316e+01,2.487952e+01,2.483256e+01,2.484598e+01,2.500017e+01,2.495997e+01,2.493316e+01,2.490634e+01,2.489964e+01,2.493316e+01,2.503366e+01,2.489964e+01,2.498007e+01,2.500017e+01,2.501357e+01,2.489293e+01,2.502026e+01,2.504705e+01,2.505375e+01,2.504705e+01,2.505375e+01,2.500017e+01,2.511399e+01,2.506713e+01,2.499347e+01,2.511399e+01,2.502696e+01,2.506044e+01,2.515413e+01,2.514075e+01,2.514744e+01,2.517419e+01,2.518757e+01,2.508722e+01,2.526778e+01,2.519426e+01,2.516751e+01,2.521431e+01,2.518757e+01,2.518757e+01,2.510730e+01,2.517419e+01,2.514075e+01,2.528115e+01,2.522768e+01,2.522100e+01,2.519426e+01,2.522768e+01,2.516082e+01,2.518088e+01,2.524105e+01,2.516751e+01,2.517419e+01,2.518088e+01,2.511399e+01,2.504035e+01,2.509391e+01,2.518088e+01,2.500687e+01,2.516082e+01,2.517419e+01,2.514075e+01,2.514075e+01,2.510060e+01,2.522100e+01,2.522100e+01,2.508052e+01,2.510730e+01,2.506713e+01,2.512068e+01,2.517419e+01,2.516751e+01,2.502696e+01,2.508052e+01,2.504035e+01,2.504705e+01,2.520763e+01,2.512068e+01,2.510730e+01,2.509391e+01,2.510060e+01,2.512737e+01,2.512068e+01,2.510730e+01,2.497337e+01,2.500687e+01,2.504705e+01,2.498677e+01,2.510730e+01,2.510060e+01,2.500687e+01,2.510730e+01,2.498677e+01,2.497337e+01,2.501357e+01,2.529451e+01,2.502026e+01,2.502696e+01,2.502026e+01,2.503366e+01,2.496667e+01,2.518757e+01,2.509391e+01,2.503366e+01,2.520094e+01,2.503366e+01,2.504035e+01,2.500687e+01,2.503366e+01,2.491305e+01,2.498677e+01,2.512737e+01,2.497337e+01,2.511399e+01,2.533458e+01,2.503366e+01,2.504705e+01,2.525442e+01,2.512068e+01,2.512737e+01,2.512737e+01,2.506713e+01,2.514744e+01,2.531454e+01,2.511399e+01,2.521431e+01,2.521431e+01,2.515413e+01,2.518088e+01,2.528782e+01,2.514075e+01,2.514744e+01,2.529451e+01,2.515413e+01,2.511399e+01,2.524773e+01,2.527446e+01,2.522100e+01,2.525442e+01,2.522768e+01,2.534126e+01,2.535461e+01,2.524105e+01,2.518088e+01,2.519426e+01,2.524773e+01,2.530119e+01,2.510730e+01,2.519426e+01,2.528782e+01,2.540133e+01,2.528115e+01,2.525442e+01,2.523437e+01,2.520094e+01,2.525442e+01,2.528782e+01,2.524773e+01,2.521431e+01,2.526110e+01,2.518757e+01,2.528782e+01,2.523437e+01,2.523437e+01,2.524773e+01,2.524773e+01,2.532122e+01,2.528782e+01,2.532122e+01,2.528115e+01,2.532122e+01,2.538799e+01,2.530787e+01,2.524105e+01,2.532790e+01,2.522768e+01,2.530787e+01,2.528782e+01,2.518757e+01,2.524105e+01,2.525442e+01,2.519426e+01,2.525442e+01,2.522768e+01,2.530119e+01,2.530119e+01,2.517419e+01,2.528115e+01,2.519426e+01,2.520094e+01,2.526778e+01,2.522100e+01,2.527446e+01,2.512737e+01,2.530119e+01,2.529451e+01,2.526778e+01,2.526778e+01,2.526778e+01,2.526110e+01,2.515413e+01,2.520763e+01,2.546138e+01,2.516751e+01,2.523437e+01,2.522100e+01,2.520763e+01,2.520094e+01,2.524105e+01,2.516751e+01,2.518088e+01,2.518757e+01,2.525442e+01,2.523437e+01,2.538131e+01,2.526110e+01,2.531454e+01,2.524105e+01,2.529451e+01,2.523437e+01,2.525442e+01,2.526110e+01,2.525442e+01,2.529451e+01,2.530119e+01,2.529451e+01,2.528782e+01,2.531454e+01,2.521431e+01,2.517419e+01,2.536129e+01,2.529451e+01,2.527446e+01,2.530787e+01,2.543469e+01,2.544804e+01,2.552805e+01,2.536129e+01,2.534126e+01,2.531454e+01,2.538131e+01,2.535461e+01,2.535461e+01,2.532122e+01,2.536796e+01,2.536796e+01,2.532790e+01,2.531454e+01,2.538131e+01,2.540801e+01,2.546138e+01,2.536796e+01,2.535461e+01,2.544804e+01,2.538131e+01,2.528782e+01,2.543469e+01,2.522100e+01,2.520094e+01,2.539466e+01,2.527446e+01,2.523437e+01,2.536796e+01,2.538799e+01,2.536129e+01,2.536796e+01,2.530787e+01,2.543469e+01,2.539466e+01,2.532790e+01,2.543469e+01,2.546138e+01,2.530119e+01,2.533458e+01,2.530787e+01,2.538131e+01,2.533458e+01,2.524105e+01,2.532790e+01,2.532122e+01,2.542135e+01,2.537464e+01,2.526778e+01,2.541468e+01,2.533458e+01,2.542802e+01,2.549472e+01,2.540133e+01,2.542135e+01,2.537464e+01,2.538131e+01,2.547471e+01,2.536796e+01,2.535461e+01,2.542802e+01,2.536129e+01,2.541468e+01,2.542135e+01,2.542135e+01,2.546138e+01,2.532790e+01,2.545471e+01,2.540801e+01,2.541468e+01,2.536129e+01,2.541468e+01,2.542135e+01,2.540133e+01,2.541468e+01,2.545471e+01,2.535461e+01,2.546138e+01,2.538131e+01,2.548805e+01,2.534793e+01,2.532122e+01,2.529451e+01,2.536796e+01,2.543469e+01,2.536796e+01,2.540133e+01,2.536129e+01,2.531454e+01,2.544804e+01,2.541468e+01,2.537464e+01,2.536129e+01,2.534126e+01,2.536129e+01,2.550139e+01,2.533458e+01,2.532790e+01,2.540801e+01,2.530119e+01,2.528782e+01,2.534126e+01,2.534793e+01,2.529451e+01,2.523437e+01,2.534126e+01,2.523437e+01,2.540801e+01,2.544137e+01,2.536796e+01,2.531454e+01,2.525442e+01,2.530787e+01,2.543469e+01,2.526778e+01,2.529451e+01,2.528115e+01,2.534793e+01,2.534793e+01,2.524105e+01,2.530119e+01,2.539466e+01,2.539466e+01,2.529451e+01,2.532122e+01,2.512737e+01,2.536129e+01,2.550139e+01,2.532790e+01,2.548138e+01,2.528115e+01,2.538799e+01,2.538799e+01,2.506044e+01,2.530119e+01,2.532122e+01,2.530119e+01,2.531454e+01,2.533458e+01,2.530787e+01,2.512737e+01,2.479230e+01,2.453019e+01,2.450327e+01,2.413917e+01,2.417969e+01,2.402428e+01,2.376024e+01,2.377380e+01,2.378057e+01,2.374668e+01,2.372634e+01,2.389573e+01,2.413917e+01,2.433487e+01,2.473187e+01,2.508052e+01,2.507383e+01,2.505375e+01,2.528115e+01,2.542135e+01,2.528115e+01,2.527446e+01,2.534126e+01,2.529451e+01,2.527446e+01,2.538131e+01,2.531454e+01,2.539466e+01,2.532790e+01,2.534793e+01,2.534126e+01,2.535461e+01,2.533458e+01,2.540801e+01,2.541468e+01,2.541468e+01,2.522100e+01,2.535461e+01,2.525442e+01,2.530119e+01,2.536129e+01,2.536129e+01,2.530119e+01,2.536796e+01,2.527446e+01,2.524773e+01,2.532790e+01,2.529451e+01,2.532122e+01,2.530787e+01,2.532790e+01,2.540801e+01,2.538799e+01,2.544137e+01,2.542802e+01,2.525442e+01,2.534793e+01,2.544137e+01,2.537464e+01,2.537464e+01,2.536129e+01,2.529451e+01,2.531454e+01,2.526778e+01,2.539466e+01,2.538799e+01,2.526778e+01,2.526110e+01,2.536129e+01,2.529451e+01,2.540133e+01,2.532790e+01,2.536129e+01,2.533458e+01,2.538131e+01,2.529451e+01,2.529451e+01,2.524773e+01,2.526778e+01,2.524105e+01,2.530787e+01,2.524105e+01,2.544804e+01,2.524773e+01,2.530787e+01,2.528782e+01,2.528115e+01,2.526110e+01,2.536796e+01,2.538131e+01,2.529451e+01,2.528782e+01,2.524105e+01,2.527446e+01,2.521431e+01,2.555471e+01,2.530119e+01,2.535461e+01
2.500687e+01,2.488622e+01,2.499347e+01,2.500017e+01,2.498007e+01,2.495997e+01,2.496667e+01,2.504705e+01,2.498677e+01,2.499347e+01,2.508722e+01,2.496667e+01,2.494656e+01,2.505375e+01,2.508052e+01,2.491305e+01,2.497337e+01,2.510060e+01,2.494656e+01,2.514744e+01,2.504035e+01,2.505375e+01,2.514075e+01,2.508722e+01,2.506044e+01,2.518757e+01,2.505375e+01,2.517419e+01,2.511399e+01,2.513406e+01,2.515413e+01,2.514075e+01,2.518088e+01,2.528115e+01,2.519426e+01,2.500017e+01,2.519426e+01,2.514075e+01,2.514744e+01,2.516082e+01,2.515413e+01,2.504035e+01,2.506713e+01,2.510730e+01,2.514744e+01,2.513406e+01,2.510730e+01,2.515413e+01,2.507383e+01,2.505375e+01,2.504705e+01,2.504035e+01,2.508052e+01,2.498007e+01,2.506044e+01,2.497337e+01,2.504035e+01,2.502696e+01,2.522768e+01,2.501357e+01,2.493986e+01,2.502026e+01,2.495326e+01,2.489964e+01,2.504035e+01,2.506044e+01,2.491975e+01,2.495326e+01,2.489964e+01,2.500017e+01,2.504705e+01,2.497337e+01,2.500017e+01,2.495997e+01,2.498677e+01,2.500017e+01,2.491975e+01,2.491305e+01,2.493986e+01,2.493316e+01,2.487952e+01,2.495997e+01,2.484598e+01,2.484598e+01,2.488622e+01,2.489293e+01,2.489964e+01,2.492645e+01,2.487281e+01,2.485269e+01,2.484598e+01,2.477216e+01,2.477887e+01,2.473858e+01,2.480572e+01,2.483927e+01,2.475873e+01,2.473858e+01,2.480572e+01,2.474530e+01,2.468484e+01,2.473858e+01,2.471172e+01,2.466469e+01,2.473187e+01,2.465124e+01,2.439552e+01,2.472515e+01,2.455038e+01,2.468484e+01,2.466469e+01,2.465796e+01,2.470500e+01,2.471844e+01,2.457728e+01,2.476544e+01,2.460419e+01,2.464452e+01,2.473858e+01,2.475201e+01,2.471172e+01,2.456383e+01,2.467141e+01,2.455038e+01,2.459073e+01,2.466469e+01,2.467141e+01,2.466469e+01,2.460419e+01,2.464452e+01,2.473187e+01,2.451000e+01,2.453019e+01,2.457728e+01,2.459073e+01,2.461091e+01,2.468484e+01,2.471172e+01,2.457728e+01,2.473187e+01,2.471844e+01,2.463108e+01,2.468484e+01,2.472515e+01,2.462436e+01,2.472515e+01,2.460419e+01,2.463108e+01,2.472515e+01,2.471172e+01,2.476544e+01,2.479901e+01,2.470500e+01,2.479901e+01,2.480572e+01,2.467141e+01,2.468484e+01,2.478558e+01,2.483927e+01,2.477887e+01,2.487952e+01,2.486610e+01,2.486610e+01,2.482585e+01,2.500687e+01,2.486610e+01,2.487952e+01,2.489293e+01,2.481243e+01,2.489293e+01,2.498007e+01,2.483256e+01,2.490634e+01,2.498007e+01,2.504035e+01,2.504705e+01,2.490634e+01,2.505375e+01,2.504705e+01,2.511399e+01,2.498677e+01,2.504705e+01,2.503366e+01,2.498677e+01,2.503366e+01,2.509391e+01,2.494656e+01,2.496667e+01,2.505375e+01,2.515413e+01,2.516751e+01,2.498007e+01,2.518088e+01,2.530787e+01,2.512737e+01,2.507383e+01,2.506713e+01,2.512068e+01,2.505375e+01,2.506713e+01,2.512068e+01,2.519426e+01,2.527446e+01,2.517419e+01,2.519426e+01,2.514744e+01,2.518757e+01,2.518757e+01,2.526778e+01,2.519426e+01,2.518757e+01,2.518088e+01,2.518757e+01,2.513406e+01,2.518757e+01,2.518088e+01,2.518088e+01,2.514075e+01,2.523437e+01,2.517419e+01,2.536129e+01,2.512068e+01,2.504035e+01,2.518757e+01,2.508052e+01,2.520763e+01,2.516082e+01,2.518088e+01,2.514075e+01,2.514075e+01,2.518088e+01,2.506044e+01,2.502696e+01,2.517419e+01,2.506044e+01,2.516751e+01,2.515413e+01,2.516751e+01,2.517419e+01,2.518757e+01,2.514075e+01,2.516751e+01,2.509391e+01,2.514744e+01,2.514744e+01,2.501357e+01,2.515413e+01,2.514744e+01,2.515413e+01,2.517419e+01,2.510060e+01,2.489964e+01,2.507383e+01,2.498677e+01,2.505375e+01,2.506044e+01,2.509391e+01,2.503366e+01,2.503366e+01,2.507383e+01,2.498007e+01,2.498677e+01,2.506713e+01,2.506044e+01,2.504705e+01,2.503366e+01,2.520094e+01,2.510060e+01,2.504705e+01,2.519426e+01,2.512737e+01,2.497337e+01,2.498677e+01,2.509391e+01,2.505375e+01,2.510730e+01,2.493986e+01,2.502026e+01,2.504035e+01,2.497337e+01,2.501357e+01,2.503366e+01,2.508052e+01,2.508052e+01,2.505375e+01,2.508052e+01,2.498677e+01,2.516751e+01,2.510060e+01,2.514075e+01,2.514744e+01,2.523437e+01,2.515413e+01,2.517419e+01,2.525442e+01,2.519426e+01,2.515413e+01,2.522768e+01,2.524773e+01,2.517419e+01,2.525442e+01,2.521431e+01,2.504035e+01,2.510060e+01,2.522768e+01,2.527446e+01,2.524773e+01,2.520763e+01,2.520763e+01,2.517419e+01,2.524105e+01,2.520763e+01,2.520763e+01,2.512737e+01,2.522768e+01,2.518757e+01,2.526778e+01,2.527446e+01,2.526778e+01,2.524105e+01,2.525442e+01,2.528782e+01,2.521431e+01,2.524105e+01,2.511399e+01,2.528115e+01,2.534126e+01,2.520094e+01,2.526110e+01,2.529451e+01,2.525442e+01,2.514075e+01,2.528115e+01,2.546805e+01,2.534793e+01,2.517419e+01,2.528115e+01,2.542135e+01,2.530787e+01,2.520763e+01,2.520094e+01,2.526110e+01,2.532122e+01,2.522100e+01,2.529451e+01,2.515413e+01,2.521431e+01,2.523437e+01,2.523437e+01,2.523437e+01,2.524773e+01,2.521431e+01,2.532790e+01,2.530787e+01,2.528115e+01,2.519426e+01,2.527446e+01,2.522768e+01,2.531454e+01,2.510730e+01,2.524773e+01,2.519426e+01,2.522100e+01,2.527446e+01,2.525442e+01,2.530787e+01,2.516082e+01,2.510060e+01,2.522768e+01,2.528782e+01,2.522768e+01,2.523437e+01,2.524105e+01,2.526778e+01,2.524773e+01,2.524105e+01,2.517419e+01,2.522100e+01,2.518088e+01,2.519426e+01,2.522768e+01,2.524773e+01,2.521431e+01,2.530787e+01,2.526778e+01,2.514744e+01,2.526778e+01,2.524773e+01,2.526778e+01,2.534126e+01,2.526110e+01,2.531454e+01,2.529451e+01,2.520763e+01,2.522768e+01,2.536796e+01,2.522100e+01,2.539466e+01,2.531454e+01,2.528115e+01,2.530119e+01,2.544137e+01,2.537464e+01,2.552139e+01,2.534126e+01,2.527446e+01,2.526110e+01,2.536129e+01,2.527446e+01,2.529451e+01,2.538799e+01,2.533458e+01,2.533458e+01,2.542802e+01,2.542135e+01,2.549472e+01,2.533458e+01,2.539466e+01,2.541468e+01,2.548138e+01,2.540133e+01,2.540801e+01,2.544804e+01,2.542802e+01,2.525442e+01,2.526110e+01,2.531454e+01,2.524105e+01,2.538799e+01,2.504705e+01,2.532122e+01,2.536796e+01,2.530787e+01,2.533458e+01,2.530787e+01,2.523437e+01,2.524773e+01,2.528782e+01,2.534793e+01,2.538799e+01,2.536129e+01,2.532122e+01,2.534126e+01,2.533458e+01,2.533458e+01,2.532122e+01,2.543469e+01,2.545471e+01,2.542802e+01,2.542135e+01,2.540801e+01,2.534126e+01,2.539466e+01,2.551472e+01,2.540801e+01,2.546138e+01,2.538799e+01,2.532122e+01,2.538799e+01,2.532122e+01,2.548138e+01,2.542135e+01,2.541468e+01,2.542802e+01,2.542802e+01,2.543469e+01,2.544137e+01,2.542802e+01,2.527446e+01,2.546805e+01,2.500687e+01,2.530119e+01,2.527446e+01,2.537464e+01,2.543469e+01,2.542135e+01,2.530119e+01,2.538799e+01,2.537464e+01,2.540801e+01,2.538799e+01,2.539466e+01,2.544804e+01,2.542135e+01,2.526778e+01,2.542135e+01,2.538799e+01,2.544137e+01,2.540133e+01,2.535461e+01,2.544804e+01,2.547471e+01,2.548138e+01,2.534793e+01,2.532122e+01,2.535461e+01,2.534126e+01,2.535461e+01,2.523437e+01,2.536129e+01,2.542135e+01,2.532790e+01,2.537464e+01,2.520763e+01,2.530787e+01,2.528782e+01,2.522768e+01,2.540801e+01,2.535461e+01,2.530119e+01,2.531454e+01,2.533458e+01,2.530787e+01,2.545471e+01,2.528115e+01,2.546805e+01,2.527446e+01,2.534793e+01,2.530119e+01,2.544804e+01,2.530119e+01,2.528115e+01,2.536129e+01,2.523437e+01,2.534126e+01,2.531454e+01,2.528782e+01,2.532122e+01,2.544804e+01,2.518088e+01,2.518757e+01,2.528115e+01,2.533458e+01,2.534126e+01,2.541468e+01,2.528782e+01,2.530787e+01,2.528115e+01,2.552805e+01,2.532790e+01,2.515413e+01,2.508052e+01,2.490634e+01,2.475873e+01,2.432138e+01,2.411891e+01,2.402428e+01,2.387542e+01,2.374668e+01,2.390250e+01,2.369242e+01,2.361778e+01,2.375346e+01,2.413917e+01,2.420670e+01,2.455038e+01,2.489293e+01,2.475201e+01,2.521431e+01,2.508722e+01,2.541468e+01,2.529451e+01,2.532122e+01,2.530119e+01,2.535461e+01,2.529451e+01,2.538799e+01,2.540801e+01,2.533458e+01,2.555471e+01,2.546805e+01,2.552805e+01,2.535461e+01,2.538799e+01,2.528115e+01,2.542135e+01,2.540133e+01,2.526778e+01,2.528115e+01,2.540801e+01,2.538131e+01,2.534793e+01,2.524105e+01,2.526778e+01,2.552805e+01,2.525442e+01,2.543469e+01,2.529451e+01,2.538799e+01,2.528782e+01,2.532790e+01,2.532122e+01,2.533458e+01,2.534126e+01,2.537464e+01,2.532790e+01,2.527446e+01,2.536129e+01,2.532122e+01,2.530119e+01,2.534126e+01,2.540133e+01,2.532122e+01,2.532122e+01,2.524773e+01,2.525442e+01,2.522768e+01,2.541468e+01,2.528115e+01,2.524105e+01,2.532122e+01,2.524105e+01,2.538799e+01,2.535461e+01,2.532790e+01,2.530119e+01,2.512737e+01,2.522768e+01,2.544137e+01,2.512068e+01,2.539466e+01,2.539466e+01,2.523437e+01,2.520763e+01,2.523437e+01,2.526110e+01,2.522100e+01,2.555471e+01,2.531454e+01,2.527446e+01,2.529451e+01,2.531454e+01,2.538131e+01,2.535461e+01,2.526778e+01,2.532790e+01,2.524773e+01,2.528115e+01,2.514744e+01,2.534126e+01
2.498007e+01,2.501357e+01,2.502026e+01,2.485940e+01,2.515413e+01,2.493986e+01,2.498007e+01,2.504705e+01,2.500687e+01,2.491305e+01,2.507383e+01,2.510730e+01,2.503366e+01,2.490634e+01,2.489293e+01,2.486610e+01,2.508052e+01,2.502696e+01,2.505375e+01,2.507383e+01,2.507383e+01,2.506713e+01,2.504035e+01,2.498677e+01,2.509391e+01,2.496667e+01,2.500687e+01,2.513406e+01,2.513406e+01,2.515413e+01,2.510060e+01,2.509391e+01,2.501357e+01,2.519426e+01,2.505375e+01,2.524105e+01,2.501357e+01,2.518757e+01,2.500017e+01,2.506044e+01,2.514744e+01,2.508722e+01,2.508052e+01,2.512737e+01,2.514075e+01,2.520094e+01,2.485940e+01,2.520763e+01,2.503366e+01,2.511399e+01,2.498007e+01,2.506713e+01,2.509391e+01,2.501357e+01,2.503366e+01,2.495326e+01,2.500687e+01,2.506044e+01,2.500017e+01,2.495326e+01,2.498677e+01,2.495326e+01,2.499347e+01,2.495326e+01,2.502696e+01,2.491305e+01,2.490634e+01,2.502696e+01,2.504035e+01,2.493986e+01,2.496667e+01,2.495326e+01,2.486610e+01,2.498007e+01,2.498007e+01,2.508052e+01,2.510730e+01,2.499347e+01,2.493316e+01,2.489964e+01,2.498007e+01,2.477887e+01,2.498007e+01,2.501357e+01,2.487281e+01,2.502026e+01,2.493316e+01,2.490634e+01,2.479901e+01,2.485940e+01,2.485940e+01,2.474530e+01,2.482585e+01,2.478558e+01,2.487281e+01,2.473858e+01,2.477887e+01,2.467813e+01,2.469828e+01,2.469828e+01,2.475873e+01,2.470500e+01,2.475201e+01,2.474530e+01,2.475201e+01,2.473858e+01,2.471172e+01,2.467141e+01,2.475201e+01,2.462436e+01,2.474530e+01,2.469828e+01,2.480572e+01,2.450327e+01,2.461091e+01,2.469156e+01,2.464452e+01,2.464452e+01,2.466469e+01,2.465124e+01,2.465796e+01,2.459073e+01,2.457728e+01,2.471172e+01,2.459746e+01,2.457728e+01,2.457728e+01,2.469156e+01,2.468484e+01,2.477887e+01,2.463108e+01,2.458401e+01,2.451000e+01,2.464452e+01,2.461091e+01,2.466469e+01,2.458401e+01,2.473187e+01,2.465796e+01,2.461763e+01,2.461091e+01,2.463780e+01,2.471172e+01,2.468484e+01,2.457728e+01,2.489293e+01,2.476544e+01,2.466469e+01,2.481914e+01,2.477887e+01,2.475201e+01,2.475201e+01,2.476544e+01,2.474530e+01,2.474530e+01,2.495326e+01,2.467141e+01,2.467813e+01,2.485940e+01,2.469156e+01,2.498007e+01,2.491975e+01,2.490634e+01,2.486610e+01,2.494656e+01,2.487952e+01,2.485269e+01,2.489964e+01,2.495997e+01,2.495326e+01,2.487952e+01,2.480572e+01,2.493316e+01,2.481243e+01,2.492645e+01,2.494656e+01,2.504705e+01,2.498007e+01,2.498677e+01,2.504035e+01,2.498677e+01,2.497337e+01,2.502696e+01,2.502026e+01,2.503366e+01,2.508052e+01,2.509391e+01,2.508722e+01,2.503366e+01,2.510060e+01,2.508052e+01,2.506713e+01,2.509391e+01,2.512068e+01,2.510060e+01,2.512068e+01,2.514744e+01,2.512068e+01,2.506044e+01,2.513406e+01,2.519426e+01,2.520094e+01,2.526778e+01,2.512737e+01,2.527446e+01,2.512068e+01,2.516751e+01,2.522100e+01,2.518757e+01,2.521431e+01,2.520094e+01,2.520094e+01,2.532122e+01,2.513406e+01,2.524773e+01,2.518757e+01,2.517419e+01,2.530787e+01,2.530119e+01,2.515413e+01,2.522768e+01,2.520094e+01,2.521431e+01,2.518088e+01,2.509391e+01,2.518757e+01,2.518757e+01,2.518757e+01,2.515413e+01,2.515413e+01,2.522100e+01,2.517419e+01,2.516751e+01,2.511399e+01,2.514744e+01,2.506044e+01,2.518088e+01,2.517419e+01,2.506044e+01,2.516751e+01,2.516082e+01,2.513406e+01,2.522100e+01,2.520094e+01,2.512068e+01,2.508722e+01,2.508052e+01,2.508722e+01,2.510730e+01,2.505375e+01,2.516751e+01,2.495997e+01,2.500687e+01,2.507383e+01,2.505375e+01,2.500687e+01,2.504705e+01,2.514744e+01,2.508052e+01,2.504705e+01,2.512068e+01,2.504705e+01,2.512737e+01,2.501357e+01,2.505375e+01,2.505375e+01,2.500017e+01,2.504705e+01,2.506044e+01,2.505375e+01,2.514744e+01,2.496667e+01,2.497337e+01,2.506044e+01,2.502696e+01,2.500687e+01,2.504705e+01,2.507383e+01,2.495326e+01,2.487952e+01,2.498007e+01,2.492645e+01,2.508052e+01,2.514075e+01,2.502026e+01,2.507383e+01,2.518088e+01,2.509391e+01,2.517419e+01,2.510060e+01,2.516751e+01,2.512737e+01,2.510060e+01,2.505375e+01,2.518088e+01,2.510060e+01,2.516082e+01,2.518757e+01,2.504035e+01,2.526778e+01,2.528115e+01,2.531454e+01,2.513406e+01,2.524773e+01,2.522100e+01,2.526110e+01,2.522768e+01,2.522768e+01,2.532790e+01,2.530787e+01,2.530787e+01,2.519426e+01,2.511399e+01,2.521431e+01,2.520094e+01,2.527446e+01,2.526778e+01,2.524105e+01,2.534126e+01,2.530119e+01,2.524773e+01,2.519426e+01,2.524773e+01,2.526110e+01,2.521431e+01,2.534126e+01,2.521431e+01,2.521431e+01,2.535461e+01,2.524773e+01,2.536129e+01,2.528782e+01,2.529451e+01,2.529451e+01,2.531454e+01,2.530787e+01,2.518088e+01,2.532122e+01,2.532790e+01,2.526778e+01,2.524773e+01,2.525442e+01,2.514075e+01,2.526110e+01,2.530119e+01,2.516082e+01,2.524105e+01,2.524105e+01,2.546138e+01,2.512737e+01,2.527446e+01,2.510730e+01,2.527446e+01,2.520763e+01,2.528115e+01,2.520094e+01,2.522100e+01,2.532122e+01,2.522100e+01,2.530119e+01,2.522768e+01,2.524105e+01,2.528115e+01,2.526110e+01,2.522100e+01,2.527446e+01,2.525442e+01,2.542135e+01,2.522768e+01,2.518088e+01,2.525442e+01,2.519426e+01,2.518757e+01,2.520763e+01,2.528115e+01,2.527446e+01,2.528115e+01,2.520094e+01,2.546138e+01,2.522768e+01,2.520763e+01,2.515413e+01,2.511399e+01,2.520094e+01,2.526778e+01,2.526778e+01,2.534126e+01,2.524105e+01,2.534793e+01,2.534126e+01,2.533458e+01,2.525442e+01,2.532122e+01,2.520763e+01,2.527446e+01,2.530787e+01,2.517419e+01,2.523437e+01,2.524773e+01,2.524105e+01,2.557470e+01,2.526778e+01,2.522768e+01,2.528115e+01,2.536129e+01,2.535461e+01,2.535461e+01,2.534126e+01,2.536796e+01,2.548805e+01,2.533458e+01,2.538799e+01,2.538131e+01,2.540801e+01,2.542135e+01,2.541468e+01,2.534126e+01,2.533458e+01,2.530787e+01,2.536129e+01,2.542802e+01,2.518088e+01,2.545471e+01,2.548805e+01,2.548805e+01,2.550805e+01,2.532122e+01,2.540133e+01,2.531454e+01,2.524105e+01,2.526778e+01,2.538131e+01,2.531454e+01,2.534126e+01,2.530787e+01,2.538131e+01,2.550805e+01,2.531454e+01,2.538799e+01,2.536129e+01,2.534793e+01,2.532122e+01,2.539466e+01,2.540801e+01,2.536796e+01,2.535461e+01,2.525442e+01,2.537464e+01,2.542135e+01,2.536796e+01,2.542802e+01,2.535461e+01,2.545471e+01,2.542135e+01,2.538799e+01,2.532122e+01,2.543469e+01,2.541468e+01,2.541468e+01,2.544137e+01,2.536796e+01,2.536796e+01,2.536796e+01,2.540801e+01,2.542135e+01,2.541468e+01,2.538799e+01,2.538131e+01,2.551472e+01,2.536796e+01,2.527446e+01,2.539466e+01,2.540133e+01,2.544137e+01,2.542802e+01,2.542802e+01,2.534126e+01,2.529451e+01,2.545471e+01,2.535461e+01,2.533458e+01,2.544137e+01,2.541468e+01,2.538799e+01,2.543469e+01,2.534793e+01,2.540133e+01,2.534126e+01,2.537464e+01,2.534126e+01,2.532790e+01,2.535461e+01,2.533458e+01,2.548805e+01,2.540133e+01,2.530119e+01,2.534126e+01,2.532790e+01,2.533458e+01,2.533458e+01,2.530787e+01,2.538131e+01,2.536129e+01,2.529451e+01,2.518757e+01,2.534793e+01,2.528782e+01,2.543469e+01,2.522100e+01,2.534126e+01,2.524773e+01,2.532790e+01,2.534793e+01,2.529451e+01,2.541468e+01,2.534793e+01,2.536129e+01,2.530119e+01,2.533458e+01,2.542135e+01,2.526110e+01,2.538131e+01,2.538799e+01,2.527446e+01,2.534126e+01,2.522768e+01,2.532122e+01,2.530119e+01,2.535461e+01,2.538799e+01,2.532790e+01,2.535461e+01,2.516751e+01,2.510060e+01,2.537464e+01,2.537464e+01,2.534126e+01,2.528782e+01,2.532790e+01,2.512068e+01,2.502026e+01,2.513406e+01,2.474530e+01,2.451673e+01,2.432138e+01,2.423369e+01,2.390927e+01,2.400400e+01,2.361778e+01,2.375346e+01,2.366529e+01,2.372634e+01,2.386865e+01,2.419994e+01,2.453019e+01,2.475201e+01,2.494656e+01,2.507383e+01,2.508052e+01,2.526778e+01,2.540801e+01,2.520094e+01,2.524773e+01,2.520094e+01,2.524105e+01,2.528115e+01,2.534793e+01,2.537464e+01,2.524773e+01,2.528782e+01,2.539466e+01,2.524105e+01,2.530119e+01,2.529451e+01,2.526778e+01,2.541468e+01,2.529451e+01,2.544137e+01,2.544804e+01,2.540133e+01,2.530787e+01,2.538131e+01,2.542135e+01,2.539466e+01,2.526778e+01,2.534126e+01,2.534126e+01,2.530119e+01,2.536129e+01,2.542135e+01,2.532790e+01,2.534126e+01,2.536796e+01,2.533458e+01,2.538131e+01,2.541468e+01,2.530787e+01,2.542135e+01,2.531454e+01,2.532122e+01,2.534793e+01,2.538131e+01,2.541468e+01,2.524773e+01,2.525442e+01,2.526778e+01,2.517419e+01,2.516082e+01,2.528782e+01,2.516751e+01,2.525442e+01,2.526110e+01,2.540801e+01,2.528782e+01,2.532122e+01,2.520763e+01,2.532122e+01,2.520763e+01,2.522768e+01,2.526110e+01,2.535461e+01,2.536796e+01,2.514744e+01,2.528782e+01,2.521431e+01,2.545471e+01,2.543469e+01,2.533458e+01,2.505375e+01,2.529451e+01,2.538131e+01,2.532122e+01,2.539466e+01,2.540133e+01,2.540801e+01,2.537464e+01,2.533458e+01,2.531454e+01,2.520763e+01,2.538131e+01
2.495326e+01,2.498007e+01,2.489964e+01,2.506713e+01,2.491975e+01,2.500687e+01,2.500687e+01,2.500017e+01,2.501357e+01,2.508052e+01,2.489964e+01,2.500687e+01,2.495326e+01,2.512737e+01,2.493316e+01,2.495326e+01,2.501357e+01,2.502026e+01,2.500017e+01,2.499347e+01,2.507383e+01,2.501357e+01,2.497337e+01,2.502026e+01,2.503366e+01,2.508052e+01,2.512068e+01,2.499347e+01,2.499347e+01,2.526110e+01,2.507383e+01,2.498677e+01,2.512737e+01,2.511399e+01,2.505375e+01,2.506044e+01,2.506713e+01,2.502026e+01,2.500687e+01,2.497337e+01,2.501357e+01,2.517419e+01,2.510060e+01,2.513406e+01,2.522100e+01,2.493986e+01,2.498677e+01,2.501357e+01,2.510060e+01,2.512068e+01,2.501357e+01,2.508722e+01,2.512737e+01,2.501357e+01,2.503366e+01,2.498007e+01,2.497337e+01,2.502696e+01,2.500687e+01,2.505375e+01,2.499347e+01,2.504035e+01,2.494656e+01,2.502026e+01,2.503366e+01,2.494656e+01,2.495997e+01,2.508052e+01,2.493986e+01,2.488622e+01,2.490634e+01,2.499347e+01,2.488622e+01,2.496667e+01,2.489293e+01,2.493986e+01,2.510730e+01,2.489293e+01,2.500017e+01,2.488622e+01,2.499347e+01,2.481243e+01,2.482585e+01,2.488622e+01,2.484598e+01,2.472515e+01,2.473187e+01,2.486610e+01,2.486610e+01,2.483256e+01,2.491305e+01,2.479230e+01,2.477887e+01,2.475873e+01,2.484598e+01,2.478558e+01,2.473187e+01,2.475201e+01,2.485940e+01,2.474530e+01,2.471172e+01,2.490634e+01,2.467141e+01,2.487952e+01,2.474530e+01,2.465796e+01,2.473858e+01,2.464452e+01,2.475201e+01,2.478558e+01,2.466469e+01,2.457728e+01,2.453692e+01,2.456383e+01,2.467813e+01,2.465124e+01,2.463108e+01,2.467141e+01,2.469828e+01,2.465124e+01,2.456383e+01,2.464452e+01,2.453019e+01,2.454365e+01,2.461763e+01,2.447635e+01,2.456383e+01,2.457056e+01,2.465124e+01,2.457056e+01,2.439552e+01,2.457056e+01,2.455710e+01,2.460419e+01,2.462436e+01,2.456383e+01,2.459073e+01,2.456383e+01,2.459073e+01,2.458401e+01,2.461091e+01,2.476544e+01,2.471844e+01,2.459073e+01,2.455038e+01,2.471844e+01,2.477887e+01,2.457056e+01,2.469828e+01,2.473858e+01,2.483927e+01,2.467813e+01,2.467141e+01,2.469156e+01,2.477216e+01,2.470500e+01,2.482585e+01,2.485940e+01,2.488622e+01,2.476544e+01,2.489964e+01,2.481914e+01,2.493316e+01,2.497337e+01,2.483927e+01,2.491305e+01,2.491975e+01,2.485269e+01,2.483927e+01,2.498677e+01,2.481914e+01,2.482585e+01,2.495997e+01,2.479230e+01,2.498677e+01,2.502696e+01,2.504705e+01,2.506713e+01,2.500687e+01,2.491975e+01,2.493316e+01,2.495997e+01,2.501357e+01,2.501357e+01,2.507383e+01,2.506713e+01,2.500687e+01,2.502696e+01,2.510060e+01,2.504035e+01,2.514744e+01,2.508722e+01,2.512068e+01,2.510730e+01,2.508722e+01,2.514744e+01,2.514075e+01,2.520094e+01,2.516082e+01,2.503366e+01,2.505375e+01,2.518757e+01,2.511399e+01,2.527446e+01,2.516751e+01,2.512068e+01,2.516082e+01,2.515413e+01,2.518757e+01,2.519426e+01,2.526778e+01,2.520763e+01,2.522100e+01,2.517419e+01,2.518757e+01,2.528115e+01,2.517419e+01,2.527446e+01,2.520094e+01,2.516082e+01,2.527446e+01,2.516751e+01,2.517419e+01,2.524773e+01,2.519426e+01,2.512737e+01,2.518757e+01,2.516082e+01,2.526110e+01,2.510060e+01,2.516751e+01,2.516751e+01,2.505375e+01,2.512737e+01,2.512737e+01,2.518088e+01,2.520094e+01,2.526110e+01,2.517419e+01,2.506044e+01,2.512068e+01,2.519426e+01,2.520094e+01,2.521431e+01,2.511399e+01,2.514744e+01,2.511399e+01,2.514075e+01,2.518757e+01,2.499347e+01,2.502026e+01,2.492645e+01,2.508052e+01,2.499347e+01,2.505375e+01,2.502026e+01,2.510730e+01,2.506713e+01,2.504035e+01,2.500687e+01,2.500017e+01,2.498677e+01,2.502696e+01,2.497337e+01,2.504035e+01,2.503366e+01,2.508722e+01,2.506044e+01,2.504035e+01,2.504035e+01,2.507383e+01,2.498677e+01,2.502026e+01,2.493986e+01,2.510060e+01,2.499347e+01,2.499347e+01,2.504035e+01,2.506713e+01,2.505375e+01,2.494656e+01,2.495326e+01,2.512737e+01,2.508052e+01,2.498677e+01,2.512737e+01,2.509391e+01,2.504705e+01,2.512068e+01,2.515413e+01,2.514075e+01,2.512068e+01,2.516751e+01,2.514744e+01,2.519426e+01,2.515413e+01,2.521431e+01,2.511399e+01,2.517419e+01,2.523437e+01,2.516751e+01,2.512068e+01,2.518088e+01,2.516082e+01,2.525442e+01,2.514744e+01,2.521431e+01,2.528782e+01,2.526110e+01,2.520763e+01,2.523437e+01,2.519426e+01,2.518088e+01,2.518757e+01,2.514744e+01,2.516751e+01,2.531454e+01,2.515413e+01,2.531454e+01,2.526110e+01,2.511399e+01,2.523437e+01,2.516751e+01,2.525442e+01,2.520094e+01,2.525442e+01,2.514075e+01,2.520763e+01,2.525442e+01,2.522768e+01,2.530787e+01,2.536796e+01,2.520094e+01,2.521431e+01,2.528782e+01,2.520094e+01,2.522100e+01,2.530119e+01,2.521431e+01,2.526778e+01,2.532122e+01,2.522768e+01,2.524773e+01,2.522768e+01,2.525442e+01,2.528115e+01,2.522100e+01,2.523437e+01,2.520094e+01,2.533458e+01,2.522100e+01,2.520763e+01,2.530787e+01,2.524773e+01,2.516082e+01,2.528782e+01,2.523437e+01,2.531454e+01,2.516751e+01,2.524773e+01,2.520094e+01,2.526778e+01,2.524773e+01,2.514075e+01,2.502026e+01,2.510060e+01,2.519426e+01,2.516082e+01,2.518757e+01,2.521431e+01,2.522768e+01,2.520763e+01,2.517419e+01,2.525442e+01,2.514744e+01,2.524773e+01,2.523437e+01,2.518088e+01,2.520094e+01,2.524105e+01,2.521431e+01,2.512068e+01,2.518088e+01,2.516751e+01,2.528782e+01,2.537464e+01,2.522100e+01,2.533458e+01,2.528782e+01,2.527446e+01,2.514744e+01,2.522100e+01,2.528782e+01,2.533458e+01,2.525442e+01,2.524105e+01,2.516082e+01,2.538799e+01,2.527446e+01,2.532790e+01,2.541468e+01,2.537464e+01,2.522100e+01,2.531454e+01,2.530119e+01,2.540133e+01,2.546138e+01,2.536796e+01,2.519426e+01,2.530119e+01,2.518088e+01,2.536796e+01,2.540133e+01,2.537464e+01,2.541468e+01,2.531454e+01,2.532790e+01,2.532122e+01,2.535461e+01,2.544137e+01,2.541468e+01,2.533458e+01,2.538799e+01,2.531454e+01,2.531454e+01,2.529451e+01,2.524105e+01,2.531454e+01,2.530119e+01,2.526110e+01,2.530119e+01,2.522768e+01,2.526778e+01,2.534793e+01,2.528115e+01,2.526110e+01,2.547471e+01,2.540133e+01,2.549472e+01,2.518088e+01,2.538131e+01,2.540801e+01,2.524105e+01,2.528782e+01,2.534793e+01,2.533458e+01,2.530119e+01,2.536129e+01,2.540133e+01,2.536129e+01,2.536796e+01,2.532122e+01,2.534126e+01,2.548805e+01,2.542802e+01,2.536796e+01,2.546805e+01,2.536796e+01,2.524773e+01,2.540133e+01,2.542135e+01,2.554804e+01,2.537464e+01,2.542135e+01,2.546805e+01,2.526110e+01,2.539466e+01,2.526778e+01,2.539466e+01,2.534793e+01,2.525442e+01,2.542135e+01,2.541468e+01,2.542802e+01,2.544137e+01,2.536796e+01,2.538799e+01,2.538131e+01,2.529451e+01,2.536129e+01,2.542802e+01,2.542802e+01,2.544137e+01,2.535461e+01,2.540133e+01,2.532790e+01,2.536129e+01,2.538799e+01,2.548138e+01,2.546805e+01,2.539466e+01,2.532790e+01,2.532790e+01,2.531454e+01,2.536129e+01,2.536796e+01,2.525442e+01,2.541468e+01,2.536796e+01,2.538799e+01,2.530787e+01,2.535461e+01,2.534793e+01,2.524105e+01,2.517419e+01,2.540133e+01,2.532122e+01,2.542802e+01,2.526110e+01,2.524773e+01,2.546138e+01,2.542135e+01,2.543469e+01,2.529451e+01,2.532122e+01,2.531454e+01,2.538799e+01,2.526778e+01,2.540133e+01,2.531454e+01,2.536129e+01,2.534793e+01,2.531454e+01,2.522768e+01,2.526110e+01,2.516751e+01,2.522100e+01,2.521431e+01,2.531454e+01,2.534126e+01,2.534126e+01,2.544137e+01,2.522768e+01,2.533458e+01,2.524773e+01,2.532790e+01,2.528782e+01,2.524773e+01,2.520763e+01,2.515413e+01,2.500687e+01,2.481914e+01,2.477216e+01,2.444268e+01,2.433487e+01,2.394988e+01,2.388896e+01,2.361778e+01,2.361778e+01,2.377380e+01,2.361099e+01,2.365850e+01,2.391604e+01,2.430115e+01,2.444941e+01,2.485269e+01,2.498007e+01,2.504705e+01,2.530119e+01,2.534793e+01,2.524773e+01,2.542802e+01,2.544137e+01,2.524105e+01,2.532790e+01,2.524105e+01,2.523437e+01,2.532790e+01,2.528115e+01,2.529451e+01,2.534793e+01,2.534793e+01,2.526778e+01,2.536796e+01,2.526778e+01,2.535461e+01,2.526110e+01,2.542135e+01,2.536796e+01,2.540133e+01,2.543469e+01,2.507383e+01,2.528115e+01,2.542802e+01,2.540801e+01,2.534126e+01,2.519426e+01,2.529451e+01,2.522768e+01,2.529451e+01,2.522768e+01,2.531454e+01,2.524105e+01,2.543469e+01,2.526110e+01,2.543469e+01,2.526778e+01,2.514075e+01,2.533458e+01,2.531454e+01,2.525442e+01,2.538799e+01,2.532790e+01,2.524773e+01,2.525442e+01,2.525442e+01,2.538131e+01,2.524773e+01,2.512737e+01,2.518088e+01,2.523437e+01,2.528115e+01,2.521431e+01,2.531454e+01,2.533458e+01,2.522100e+01,2.536129e+01,2.520763e+01,2.528115e+01,2.513406e+01,2.535461e+01,2.514744e+01,2.531454e+01,2.517419e+01,2.543469e+01,2.537464e+01,2.535461e+01,2.536129e+01,2.530119e+01,2.527446e+01,2.531454e+01,2.535461e+01,2.522768e+01,2.536796e+01,2.529451e+01,2.540801e+01,2.534126e+01,2.529451e+01,2.527446e+01,2.523437e+01
2.471844e+01,2.477887e+01,2.485940e+01,2.493316e+01,2.498677e+01,2.500687e+01,2.496667e+01,2.503366e+01,2.489293e+01,2.504035e+01,2.506713e+01,2.518757e+01,2.487281e+01,2.504035e+01,2.491305e+01,2.503366e+01,2.500017e+01,2.499347e+01,2.510060e+01,2.504035e+01,2.495326e+01,2.510730e+01,2.508722e+01,2.505375e+01,2.504035e+01,2.510730e+01,2.505375e+01,2.502696e+01,2.510060e+01,2.511399e+01,2.506044e+01,2.514075e+01,2.503366e+01,2.504705e+01,2.519426e+01,2.506044e+01,2.506713e+01,2.502026e+01,2.508052e+01,2.502696e+01,2.508722e+01,2.498007e+01,2.508722e+01,2.494656e+01,2.515413e+01,2.513406e+01,2.513406e+01,2.483927e+01,2.498007e+01,2.508722e+01,2.510730e+01,2.510730e+01,2.514075e+01,2.504035e+01,2.500687e+01,2.503366e+01,2.502696e+01,2.500687e+01,2.498007e+01,2.496667e+01,2.495997e+01,2.493316e+01,2.493316e+01,2.507383e+01,2.491975e+01,2.495997e+01,2.512737e+01,2.490634e+01,2.497337e+01,2.496667e+01,2.500687e+01,2.496667e+01,2.495997e+01,2.504035e+01,2.490634e+01,2.488622e+01,2.504705e+01,2.493316e+01,2.483927e+01,2.489293e+01,2.498677e+01,2.504035e+01,2.493316e+01,2.489293e+01,2.485940e+01,2.482585e+01,2.486610e+01,2.484598e+01,2.487281e+01,2.489964e+01,2.496667e+01,2.479901e+01,2.488622e+01,2.482585e+01,2.474530e+01,2.478558e+01,2.473858e+01,2.471172e+01,2.467141e+01,2.469828e+01,2.471172e+01,2.481243e+01,2.473187e+01,2.481243e+01,2.472515e+01,2.469156e+01,2.479901e+01,2.467141e+01,2.463780e+01,2.475201e+01,2.461091e+01,2.470500e+01,2.467813e+01,2.468484e+01,2.469156e+01,2.463780e+01,2.473858e+01,2.465796e+01,2.464452e+01,2.471844e+01,2.454365e+01,2.469156e+01,2.466469e+01,2.464452e+01,2.462436e+01,2.461091e+01,2.456383e+01,2.467141e+01,2.461091e+01,2.461091e+01,2.463780e+01,2.456383e+01,2.457056e+01,2.442921e+01,2.463108e+01,2.463108e+01,2.461763e+01,2.461091e+01,2.471844e+01,2.471172e+01,2.461763e+01,2.463108e+01,2.463780e+01,2.473187e+01,2.467813e+01,2.459746e+01,2.462436e+01,2.459073e+01,2.466469e+01,2.482585e+01,2.477887e+01,2.471844e+01,2.470500e+01,2.475873e+01,2.471172e+01,2.483256e+01,2.462436e+01,2.483927e+01,2.493986e+01,2.477216e+01,2.485269e+01,2.478558e+01,2.476544e+01,2.490634e+01,2.479901e+01,2.491975e+01,2.492645e+01,2.479230e+01,2.485940e+01,2.485269e+01,2.478558e+01,2.475873e+01,2.481243e+01,2.490634e+01,2.498677e+01,2.495997e+01,2.468484e+01,2.504035e+01,2.497337e+01,2.489293e+01,2.502696e+01,2.498007e+01,2.501357e+01,2.498677e+01,2.510060e+01,2.508052e+01,2.506713e+01,2.511399e+01,2.498677e+01,2.512737e+01,2.498677e+01,2.508722e+01,2.520094e+01,2.508052e+01,2.508052e+01,2.516082e+01,2.510060e+01,2.514075e+01,2.518757e+01,2.518757e+01,2.517419e+01,2.518088e+01,2.509391e+01,2.526110e+01,2.512737e+01,2.515413e+01,2.520094e+01,2.517419e+01,2.518088e+01,2.519426e+01,2.529451e+01,2.513406e+01,2.528115e+01,2.520094e+01,2.524773e+01,2.522100e+01,2.530787e+01,2.528782e+01,2.512737e+01,2.514744e+01,2.528782e+01,2.516751e+01,2.523437e+01,2.536796e+01,2.521431e+01,2.516082e+01,2.514075e+01,2.524105e+01,2.518088e+01,2.524773e+01,2.516751e+01,2.517419e+01,2.519426e+01,2.518088e+01,2.514075e+01,2.518757e+01,2.526778e+01,2.518088e+01,2.520094e+01,2.520763e+01,2.508052e+01,2.508052e+01,2.516751e+01,2.512068e+01,2.503366e+01,2.508722e+01,2.523437e+01,2.508052e+01,2.512737e+01,2.506044e+01,2.506044e+01,2.502026e+01,2.512068e+01,2.501357e+01,2.503366e+01,2.504705e+01,2.502696e+01,2.507383e+01,2.509391e+01,2.511399e+01,2.509391e+01,2.509391e+01,2.502026e+01,2.498677e+01,2.516082e+01,2.506044e+01,2.506713e+01,2.510060e+01,2.515413e+01,2.504035e+01,2.506044e+01,2.505375e+01,2.496667e+01,2.513406e+01,2.509391e+01,2.510730e+01,2.504705e+01,2.494656e+01,2.502026e+01,2.502696e+01,2.504705e+01,2.505375e+01,2.505375e+01,2.507383e+01,2.498007e+01,2.516751e+01,2.506713e+01,2.509391e+01,2.504035e+01,2.505375e+01,2.516082e+01,2.506713e+01,2.504035e+01,2.501357e+01,2.520763e+01,2.511399e+01,2.520763e+01,2.507383e+01,2.519426e+01,2.535461e+01,2.508722e+01,2.514744e+01,2.527446e+01,2.528782e+01,2.519426e+01,2.530119e+01,2.518088e+01,2.523437e+01,2.516082e+01,2.509391e+01,2.516082e+01,2.512737e+01,2.514744e+01,2.514744e+01,2.528782e+01,2.515413e+01,2.516082e+01,2.532122e+01,2.528115e+01,2.514075e+01,2.526110e+01,2.520094e+01,2.523437e+01,2.522768e+01,2.524105e+01,2.520094e+01,2.525442e+01,2.514744e+01,2.522100e+01,2.518757e+01,2.533458e+01,2.536796e+01,2.520094e+01,2.540801e+01,2.531454e+01,2.523437e+01,2.520094e+01,2.525442e+01,2.524773e+01,2.527446e+01,2.518088e+01,2.529451e+01,2.523437e+01,2.523437e+01,2.524105e+01,2.504705e+01,2.520094e+01,2.525442e+01,2.522100e+01,2.521431e+01,2.526778e+01,2.515413e+01,2.530787e+01,2.523437e+01,2.524773e+01,2.523437e+01,2.524105e+01,2.527446e+01,2.520763e+01,2.524773e+01,2.534793e+01,2.514744e+01,2.518088e+01,2.520763e+01,2.522100e+01,2.519426e+01,2.520763e+01,2.514075e+01,2.522100e+01,2.524105e+01,2.517419e+01,2.521431e+01,2.516082e+01,2.530119e+01,2.511399e+01,2.522100e+01,2.522768e+01,2.518088e+01,2.513406e+01,2.521431e+01,2.513406e+01,2.517419e+01,2.536796e+01,2.524773e+01,2.518088e+01,2.528782e+01,2.525442e+01,2.524105e+01,2.524105e+01,2.508722e+01,2.519426e+01,2.530787e+01,2.512737e+01,2.514744e+01,2.528115e+01,2.509391e+01,2.516751e+01,2.524105e+01,2.524773e+01,2.524773e+01,2.538131e+01,2.522100e+01,2.532122e+01,2.516082e+01,2.518088e+01,2.534126e+01,2.536796e+01,2.533458e+01,2.530119e+01,2.531454e+01,2.526110e+01,2.534126e+01,2.538131e+01,2.538131e+01,2.538131e+01,2.540133e+01,2.533458e+01,2.544804e+01,2.535461e+01,2.537464e+01,2.536796e+01,2.541468e+01,2.528782e+01,2.528782e+01,2.541468e+01,2.534126e+01,2.529451e+01,2.526778e+01,2.530787e+01,2.534126e+01,2.532790e+01,2.537464e+01,2.530787e+01,2.538799e+01,2.533458e+01,2.526110e+01,2.542802e+01,2.525442e+01,2.546138e+01,2.536129e+01,2.538131e+01,2.537464e+01,2.543469e+01,2.530119e+01,2.538131e+01,2.535461e+01,2.532122e+01,2.556804e+01,2.542135e+01,2.534793e+01,2.526778e+01,2.537464e+01,2.540801e+01,2.537464e+01,2.536796e+01,2.533458e+01,2.527446e+01,2.528782e+01,2.544804e+01,2.529451e+01,2.538799e+01,2.540133e+01,2.542135e+01,2.538799e+01,2.547471e+01,2.553472e+01,2.524105e+01,2.543469e+01,2.539466e+01,2.538131e+01,2.537464e+01,2.537464e+01,2.548138e+01,2.545471e+01,2.543469e+01,2.538799e+01,2.539466e+01,2.540133e+01,2.530119e+01,2.532122e+01,2.536129e+01,2.540133e+01,2.530119e+01,2.542135e+01,2.535461e+01,2.541468e+01,2.538799e+01,2.538799e+01,2.534126e+01,2.538131e+01,2.537464e+01,2.535461e+01,2.532122e+01,2.530787e+01,2.538131e+01,2.540133e+01,2.534793e+01,2.534793e+01,2.530787e+01,2.532122e+01,2.528782e+01,2.522768e+01,2.535461e+01,2.534793e+01,2.540133e+01,2.534793e+01,2.540133e+01,2.530119e+01,2.539466e+01,2.530787e+01,2.527446e+01,2.511399e+01,2.529451e+01,2.528115e+01,2.515413e+01,2.536796e+01,2.524773e+01,2.518757e+01,2.532790e+01,2.531454e+01,2.524105e+01,2.537464e+01,2.535461e+01,2.512737e+01,2.518088e+01,2.541468e+01,2.540801e+01,2.539466e+01,2.532122e+01,2.526778e+01,2.525442e+01,2.535461e+01,2.538131e+01,2.534793e+01,2.528782e+01,2.531454e+01,2.541468e+01,2.540133e+01,2.532122e+01,2.504705e+01,2.499347e+01,2.479230e+01,2.458401e+01,2.428766e+01,2.415268e+01,2.394988e+01,2.408512e+01,2.387542e+01,2.371277e+01,2.360420e+01,2.359741e+01,2.392958e+01,2.402428e+01,2.438878e+01,2.475201e+01,2.497337e+01,2.500017e+01,2.511399e+01,2.526110e+01,2.522768e+01,2.528115e+01,2.526110e+01,2.537464e+01,2.527446e+01,2.526110e+01,2.540133e+01,2.528782e+01,2.535461e+01,2.522100e+01,2.526110e+01,2.534126e+01,2.528115e+01,2.539466e+01,2.518757e+01,2.537464e+01,2.530119e+01,2.524773e+01,2.527446e+01,2.536129e+01,2.538799e+01,2.539466e+01,2.517419e+01,2.506713e+01,2.532790e+01,2.542802e+01,2.531454e+01,2.540133e+01,2.531454e+01,2.532790e+01,2.529451e+01,2.529451e+01,2.522768e+01,2.528115e+01,2.528115e+01,2.538799e+01,2.524773e+01,2.547471e+01,2.544137e+01,2.520094e+01,2.539466e+01,2.514075e+01,2.529451e+01,2.526110e+01,2.541468e+01,2.538131e+01,2.522100e+01,2.531454e+01,2.520094e+01,2.536129e+01,2.522768e+01,2.526110e+01,2.523437e+01,2.536129e+01,2.532790e+01,2.527446e+01,2.522100e+01,2.524105e+01,2.527446e+01,2.524105e+01,2.525442e+01,2.529451e+01,2.527446e+01,2.519426e+01,2.538799e+01,2.523437e+01,2.524773e+01,2.517419e+01,2.533458e+01,2.544137e+01,2.532122e+01,2.523437e+01,2.520763e+01,2.531454e+01,2.540801e+01,2.526110e+01,2.534126e+01,2.535461e+01,2.529451e+01,2.524773e+01,2.523437e+01
2.501357e+01,2.494656e+01,2.493316e+01,2.494656e+01,2.493986e+01,2.510060e+01,2.490634e+01,2.488622e+01,2.502026e+01,2.500687e+01,2.492645e+01,2.502696e+01,2.489293e+01,2.507383e+01,2.504705e+01,2.500687e+01,2.503366e+01,2.500687e+01,2.516751e+01,2.497337e+01,2.510730e+01,2.510060e+01,2.500017e+01,2.501357e+01,2.500017e+01,2.502026e+01,2.495326e+01,2.504705e+01,2.496667e+01,2.511399e+01,2.509391e+01,2.508052e+01,2.512737e+01,2.504705e+01,2.501357e+01,2.517419e+01,2.505375e+01,2.497337e+01,2.510730e+01,2.507383e+01,2.493986e+01,2.516751e+01,2.510060e+01,2.504705e+01,2.512737e+01,2.509391e+01,2.504035e+01,2.494656e+01,2.507383e+01,2.498007e+01,2.510730e+01,2.495997e+01,2.502026e+01,2.502026e+01,2.512737e+01,2.511399e+01,2.499347e+01,2.500017e+01,2.502696e+01,2.502696e+01,2.495997e+01,2.509391e+01,2.495997e+01,2.490634e+01,2.493986e+01,2.492645e+01,2.498007e+01,2.493986e+01,2.502696e+01,2.498677e+01,2.487952e+01,2.489964e+01,2.490634e+01,2.487952e+01,2.492645e+01,2.491975e+01,2.490634e+01,2.504705e+01,2.485269e+01,2.488622e+01,2.503366e+01,2.485940e+01,2.483256e+01,2.489964e+01,2.487281e+01,2.486610e+01,2.498007e+01,2.483927e+01,2.474530e+01,2.479901e+01,2.486610e+01,2.473187e+01,2.489964e+01,2.483927e+01,2.481243e+01,2.478558e+01,2.485940e+01,2.475873e+01,2.479230e+01,2.481243e+01,2.467141e+01,2.469828e+01,2.467141e+01,2.480572e+01,2.465124e+01,2.475201e+01,2.463108e+01,2.473187e+01,2.461763e+01,2.479901e+01,2.478558e+01,2.460419e+01,2.461763e+01,2.470500e+01,2.466469e+01,2.454365e+01,2.466469e+01,2.489293e+01,2.467813e+01,2.479230e+01,2.461091e+01,2.467141e+01,2.462436e+01,2.463108e+01,2.464452e+01,2.460419e+01,2.458401e+01,2.459746e+01,2.457728e+01,2.459746e+01,2.463108e+01,2.461763e+01,2.467813e+01,2.459746e+01,2.463780e+01,2.458401e+01,2.467141e+01,2.463780e+01,2.457728e+01,2.462436e+01,2.465124e+01,2.462436e+01,2.472515e+01,2.467813e+01,2.456383e+01,2.467141e+01,2.466469e+01,2.476544e+01,2.467813e+01,2.471172e+01,2.461091e+01,2.487952e+01,2.469828e+01,2.469828e+01,2.475873e+01,2.477216e+01,2.471172e+01,2.471172e+01,2.486610e+01,2.483927e+01,2.489964e+01,2.482585e+01,2.485940e+01,2.481243e+01,2.471172e+01,2.490634e+01,2.489293e+01,2.482585e+01,2.481914e+01,2.482585e+01,2.477887e+01,2.483927e+01,2.486610e+01,2.492645e+01,2.489964e+01,2.490634e+01,2.496667e+01,2.488622e+01,2.495326e+01,2.483256e+01,2.495326e+01,2.500017e+01,2.501357e+01,2.491975e+01,2.502696e+01,2.491975e+01,2.500687e+01,2.504035e+01,2.505375e+01,2.493316e+01,2.505375e+01,2.504705e+01,2.518088e+01,2.523437e+01,2.508722e+01,2.504705e+01,2.508052e+01,2.514075e+01,2.503366e+01,2.514744e+01,2.514075e+01,2.520094e+01,2.525442e+01,2.529451e+01,2.519426e+01,2.524773e+01,2.535461e+01,2.523437e+01,2.530787e+01,2.531454e+01,2.520094e+01,2.524773e+01,2.521431e+01,2.526110e+01,2.521431e+01,2.518088e+01,2.547471e+01,2.531454e+01,2.531454e+01,2.516751e+01,2.537464e+01,2.522100e+01,2.525442e+01,2.526110e+01,2.535461e+01,2.526110e+01,2.526778e+01,2.524105e+01,2.530787e+01,2.523437e+01,2.529451e+01,2.520094e+01,2.516751e+01,2.515413e+01,2.519426e+01,2.518088e+01,2.518757e+01,2.524773e+01,2.518757e+01,2.512737e+01,2.532790e+01,2.507383e+01,2.524105e+01,2.522768e+01,2.503366e+01,2.520763e+01,2.495326e+01,2.507383e+01,2.506044e+01,2.506713e+01,2.514075e+01,2.507383e+01,2.509391e+01,2.506044e+01,2.505375e+01,2.504035e+01,2.502026e+01,2.504035e+01,2.504035e+01,2.512737e+01,2.513406e+01,2.515413e+01,2.511399e+01,2.516751e+01,2.508722e+01,2.509391e+01,2.507383e+01,2.508052e+01,2.517419e+01,2.512737e+01,2.518088e+01,2.518757e+01,2.499347e+01,2.496667e+01,2.487952e+01,2.490634e+01,2.493986e+01,2.509391e+01,2.506044e+01,2.500687e+01,2.493986e+01,2.506713e+01,2.485269e+01,2.498677e+01,2.506713e+01,2.503366e+01,2.515413e+01,2.508722e+01,2.510730e+01,2.502696e+01,2.518757e+01,2.512068e+01,2.504705e+01,2.517419e+01,2.534126e+01,2.506713e+01,2.510730e+01,2.502026e+01,2.512737e+01,2.517419e+01,2.516751e+01,2.518088e+01,2.518757e+01,2.513406e+01,2.524773e+01,2.528115e+01,2.520094e+01,2.521431e+01,2.530119e+01,2.502696e+01,2.512737e+01,2.516082e+01,2.517419e+01,2.520763e+01,2.511399e+01,2.515413e+01,2.514075e+01,2.523437e+01,2.514075e+01,2.517419e+01,2.512068e+01,2.520094e+01,2.516751e+01,2.520763e+01,2.510060e+01,2.522768e+01,2.518757e+01,2.522100e+01,2.528115e+01,2.520094e+01,2.518088e+01,2.524773e+01,2.536129e+01,2.523437e+01,2.530119e+01,2.526110e+01,2.527446e+01,2.528115e+01,2.530787e+01,2.523437e+01,2.524105e+01,2.528115e+01,2.526778e+01,2.524105e+01,2.528115e+01,2.527446e+01,2.524105e+01,2.522100e+01,2.518088e+01,2.540801e+01,2.523437e+01,2.540801e+01,2.524773e+01,2.527446e+01,2.528782e+01,2.526778e+01,2.527446e+01,2.522100e+01,2.518088e+01,2.512068e+01,2.522768e+01,2.516082e+01,2.522100e+01,2.523437e+01,2.515413e+01,2.518757e+01,2.518088e+01,2.516751e+01,2.523437e+01,2.517419e+01,2.515413e+01,2.515413e+01,2.521431e+01,2.524105e+01,2.502696e+01,2.519426e+01,2.516751e+01,2.517419e+01,2.516082e+01,2.528115e+01,2.524773e+01,2.521431e+01,2.518757e+01,2.520094e+01,2.519426e+01,2.518088e+01,2.522100e+01,2.534126e+01,2.523437e+01,2.518088e+01,2.536796e+01,2.534793e+01,2.519426e+01,2.519426e+01,2.526778e+01,2.533458e+01,2.528115e+01,2.524773e+01,2.525442e+01,2.522768e+01,2.530119e+01,2.519426e+01,2.538799e+01,2.534793e+01,2.523437e+01,2.534126e+01,2.530119e+01,2.535461e+01,2.530787e+01,2.532790e+01,2.532122e+01,2.536796e+01,2.542802e+01,2.542135e+01,2.538131e+01,2.536796e+01,2.532122e+01,2.542135e+01,2.535461e+01,2.534793e+01,2.536796e+01,2.538131e+01,2.534793e+01,2.535461e+01,2.527446e+01,2.538131e+01,2.531454e+01,2.524773e+01,2.524105e+01,2.530787e+01,2.520763e+01,2.520763e+01,2.542135e+01,2.528115e+01,2.532790e+01,2.545471e+01,2.540133e+01,2.532790e+01,2.530787e+01,2.531454e+01,2.535461e+01,2.529451e+01,2.545471e+01,2.536129e+01,2.537464e+01,2.533458e+01,2.534126e+01,2.540801e+01,2.536796e+01,2.532122e+01,2.531454e+01,2.545471e+01,2.540801e+01,2.534126e+01,2.542802e+01,2.537464e+01,2.546805e+01,2.533458e+01,2.546805e+01,2.534126e+01,2.531454e+01,2.543469e+01,2.536796e+01,2.540133e+01,2.542802e+01,2.526110e+01,2.554804e+01,2.530119e+01,2.530787e+01,2.559468e+01,2.536129e+01,2.537464e+01,2.535461e+01,2.538131e+01,2.537464e+01,2.528782e+01,2.540801e+01,2.536796e+01,2.537464e+01,2.529451e+01,2.530119e+01,2.535461e+01,2.540801e+01,2.538799e+01,2.532790e+01,2.533458e+01,2.536796e+01,2.536796e+01,2.532122e+01,2.537464e+01,2.534793e+01,2.535461e+01,2.534793e+01,2.536796e+01,2.534126e+01,2.541468e+01,2.535461e+01,2.542802e+01,2.526778e+01,2.534793e+01,2.534793e+01,2.530787e+01,2.531454e+01,2.533458e+01,2.537464e+01,2.534793e+01,2.533458e+01,2.538131e+01,2.536796e+01,2.524773e+01,2.534126e+01,2.516751e+01,2.526110e+01,2.536796e+01,2.536796e+01,2.522768e+01,2.538131e+01,2.542135e+01,2.539466e+01,2.528782e+01,2.530787e+01,2.517419e+01,2.546805e+01,2.535461e+01,2.532122e+01,2.526778e+01,2.531454e+01,2.530119e+01,2.526110e+01,2.522768e+01,2.536129e+01,2.543469e+01,2.530787e+01,2.522100e+01,2.530119e+01,2.517419e+01,2.536129e+01,2.531454e+01,2.531454e+01,2.508052e+01,2.481243e+01,2.474530e+01,2.440900e+01,2.416619e+01,2.426743e+01,2.390927e+01,2.387542e+01,2.367886e+01,2.374668e+01,2.365850e+01,2.377380e+01,2.379413e+01,2.420670e+01,2.465796e+01,2.474530e+01,2.495997e+01,2.490634e+01,2.508722e+01,2.513406e+01,2.518757e+01,2.525442e+01,2.546805e+01,2.544804e+01,2.538131e+01,2.541468e+01,2.525442e+01,2.540801e+01,2.535461e+01,2.526778e+01,2.538799e+01,2.547471e+01,2.536129e+01,2.524105e+01,2.543469e+01,2.528115e+01,2.527446e+01,2.535461e+01,2.531454e+01,2.532122e+01,2.532122e+01,2.531454e+01,2.528782e+01,2.542135e+01,2.533458e+01,2.526778e+01,2.530119e+01,2.528782e+01,2.535461e+01,2.528115e+01,2.533458e+01,2.526778e+01,2.527446e+01,2.529451e+01,2.524773e+01,2.528115e+01,2.548138e+01,2.536129e+01,2.537464e+01,2.548138e+01,2.528782e+01,2.521431e+01,2.532122e+01,2.530787e+01,2.532790e+01,2.528115e+01,2.523437e+01,2.536129e+01,2.524105e+01,2.530119e+01,2.538131e+01,2.520763e+01,2.532122e+01,2.518088e+01,2.525442e+01,2.529451e+01,2.532122e+01,2.524105e+01,2.525442e+01,2.521431e+01,2.517419e+01,2.524773e+01,2.523437e+01,2.524105e+01,2.526110e+01,2.540801e+01,2.532790e+01,2.521431e+01,2.534793e+01,2.526778e+01,2.530119e+01,2.523437e+01,2.526110e+01,2.521431e+01,2.538131e+01,2.533458e+01,2.530119e+01,2.521431e+01,2.533458e+01,2.524773e+01,2.523437e+01
2.482585e+01,2.499347e+01,2.479901e+01,2.477887e+01,2.494656e+01,2.496667e+01,2.491975e+01,2.499347e+01,2.501357e+01,2.507383e+01,2.495997e+01,2.499347e+01,2.504035e+01,2.496667e+01,2.502696e+01,2.495997e+01,2.498677e+01,2.498007e+01,2.502026e+01,2.498007e+01,2.496667e+01,2.508722e+01,2.499347e+01,2.520763e+01,2.521431e+01,2.509391e+01,2.507383e+01,2.502026e+01,2.496667e+01,2.512068e+01,2.510060e+01,2.497337e+01,2.506713e+01,2.507383e+01,2.509391e+01,2.504035e+01,2.510730e+01,2.516082e+01,2.504705e+01,2.518088e+01,2.512068e+01,2.512068e+01,2.511399e+01,2.512068e+01,2.511399e+01,2.517419e+01,2.519426e+01,2.511399e+01,2.521431e+01,2.511399e+01,2.492645e+01,2.501357e+01,2.502026e+01,2.504035e+01,2.495997e+01,2.512068e+01,2.504705e+01,2.496667e+01,2.502696e+01,2.479230e+01,2.495997e+01,2.500017e+01,2.496667e+01,2.498007e+01,2.493986e+01,2.499347e+01,2.498007e+01,2.489293e+01,2.501357e+01,2.490634e+01,2.487952e+01,2.486610e+01,2.485940e+01,2.487281e+01,2.490634e+01,2.491305e+01,2.495326e+01,2.493986e+01,2.503366e+01,2.504035e+01,2.487952e+01,2.490634e+01,2.501357e+01,2.483927e+01,2.473187e+01,2.483927e+01,2.483927e+01,2.483927e+01,2.499347e+01,2.495326e+01,2.475201e+01,2.479901e+01,2.473187e+01,2.481243e+01,2.467813e+01,2.473858e+01,2.475873e+01,2.488622e+01,2.473187e+01,2.475873e+01,2.469828e+01,2.473858e+01,2.489964e+01,2.479230e+01,2.470500e+01,2.467141e+01,2.464452e+01,2.460419e+01,2.479230e+01,2.464452e+01,2.461763e+01,2.475201e+01,2.463780e+01,2.466469e+01,2.464452e+01,2.469828e+01,2.468484e+01,2.463780e+01,2.471172e+01,2.467141e+01,2.466469e+01,2.462436e+01,2.465796e+01,2.461091e+01,2.459746e+01,2.459073e+01,2.459073e+01,2.462436e+01,2.455710e+01,2.461091e+01,2.449654e+01,2.476544e+01,2.457056e+01,2.460419e+01,2.465796e+01,2.458401e+01,2.457056e+01,2.465124e+01,2.469156e+01,2.465124e+01,2.461091e+01,2.457056e+01,2.467141e+01,2.468484e+01,2.463780e+01,2.457728e+01,2.463780e+01,2.458401e+01,2.465796e+01,2.467813e+01,2.467141e+01,2.463780e+01,2.470500e+01,2.465124e+01,2.467813e+01,2.465124e+01,2.462436e+01,2.471172e+01,2.471172e+01,2.476544e+01,2.476544e+01,2.475201e+01,2.477887e+01,2.479901e+01,2.480572e+01,2.490634e+01,2.488622e+01,2.477887e+01,2.487952e+01,2.481243e+01,2.473858e+01,2.488622e+01,2.501357e+01,2.489293e+01,2.486610e+01,2.497337e+01,2.489964e+01,2.491305e+01,2.499347e+01,2.504035e+01,2.489964e+01,2.490634e+01,2.490634e+01,2.495326e+01,2.493316e+01,2.501357e+01,2.494656e+01,2.489964e+01,2.502696e+01,2.500687e+01,2.504035e+01,2.505375e+01,2.508722e+01,2.506713e+01,2.512068e+01,2.509391e+01,2.514744e+01,2.507383e+01,2.504035e+01,2.512068e+01,2.518757e+01,2.514744e+01,2.522100e+01,2.529451e+01,2.532122e+01,2.530119e+01,2.533458e+01,2.532790e+01,2.528115e+01,2.523437e+01,2.523437e+01,2.536129e+01,2.537464e+01,2.530119e+01,2.524773e+01,2.548138e+01,2.549472e+01,2.548805e+01,2.533458e+01,2.532122e+01,2.538799e+01,2.551472e+01,2.538131e+01,2.524773e+01,2.537464e+01,2.525442e+01,2.539466e+01,2.544804e+01,2.522768e+01,2.522768e+01,2.529451e+01,2.530787e+01,2.534126e+01,2.529451e+01,2.518088e+01,2.515413e+01,2.528115e+01,2.526110e+01,2.526110e+01,2.528115e+01,2.532790e+01,2.520094e+01,2.526778e+01,2.506713e+01,2.530119e+01,2.495997e+01,2.518088e+01,2.510060e+01,2.506044e+01,2.498677e+01,2.510060e+01,2.512068e+01,2.508722e+01,2.506713e+01,2.500687e+01,2.504035e+01,2.504705e+01,2.505375e+01,2.507383e+01,2.518088e+01,2.507383e+01,2.518088e+01,2.520094e+01,2.513406e+01,2.504035e+01,2.517419e+01,2.514744e+01,2.514075e+01,2.510060e+01,2.527446e+01,2.519426e+01,2.517419e+01,2.506713e+01,2.506713e+01,2.510060e+01,2.500017e+01,2.487952e+01,2.495326e+01,2.493316e+01,2.498007e+01,2.499347e+01,2.500687e+01,2.496667e+01,2.503366e+01,2.502696e+01,2.507383e+01,2.504035e+01,2.505375e+01,2.514075e+01,2.509391e+01,2.519426e+01,2.503366e+01,2.506713e+01,2.486610e+01,2.525442e+01,2.514744e+01,2.495997e+01,2.509391e+01,2.515413e+01,2.503366e+01,2.521431e+01,2.512737e+01,2.518757e+01,2.517419e+01,2.517419e+01,2.518088e+01,2.517419e+01,2.536129e+01,2.518757e+01,2.523437e+01,2.519426e+01,2.523437e+01,2.517419e+01,2.512737e+01,2.513406e+01,2.512737e+01,2.515413e+01,2.515413e+01,2.520763e+01,2.516082e+01,2.525442e+01,2.526778e+01,2.521431e+01,2.520094e+01,2.520094e+01,2.522100e+01,2.522100e+01,2.530119e+01,2.514744e+01,2.519426e+01,2.518757e+01,2.528115e+01,2.527446e+01,2.523437e+01,2.531454e+01,2.527446e+01,2.521431e+01,2.528115e+01,2.519426e+01,2.534793e+01,2.540801e+01,2.525442e+01,2.526778e+01,2.508052e+01,2.524773e+01,2.508052e+01,2.522100e+01,2.519426e+01,2.524105e+01,2.522100e+01,2.523437e+01,2.521431e+01,2.515413e+01,2.532122e+01,2.522768e+01,2.530119e+01,2.526110e+01,2.522100e+01,2.510730e+01,2.518757e+01,2.520763e+01,2.516751e+01,2.516751e+01,2.515413e+01,2.516082e+01,2.518088e+01,2.520763e+01,2.513406e+01,2.522768e+01,2.523437e+01,2.516082e+01,2.525442e+01,2.521431e+01,2.519426e+01,2.515413e+01,2.516082e+01,2.528115e+01,2.527446e+01,2.516082e+01,2.517419e+01,2.516082e+01,2.518757e+01,2.519426e+01,2.520094e+01,2.519426e+01,2.522100e+01,2.517419e+01,2.525442e+01,2.532790e+01,2.520763e+01,2.518757e+01,2.518088e+01,2.520094e+01,2.520763e+01,2.512737e+01,2.509391e+01,2.524105e+01,2.520763e+01,2.520763e+01,2.529451e+01,2.516751e+01,2.532122e+01,2.534126e+01,2.532122e+01,2.534126e+01,2.529451e+01,2.531454e+01,2.527446e+01,2.530787e+01,2.531454e+01,2.530787e+01,2.531454e+01,2.530119e+01,2.538131e+01,2.536129e+01,2.532790e+01,2.534793e+01,2.544137e+01,2.535461e+01,2.530787e+01,2.532122e+01,2.538131e+01,2.549472e+01,2.534126e+01,2.525442e+01,2.532790e+01,2.535461e+01,2.542802e+01,2.534793e+01,2.523437e+01,2.538799e+01,2.532122e+01,2.522768e+01,2.539466e+01,2.534793e+01,2.542135e+01,2.538131e+01,2.544804e+01,2.541468e+01,2.548805e+01,2.527446e+01,2.535461e+01,2.529451e+01,2.534793e+01,2.538799e+01,2.534793e+01,2.532790e+01,2.543469e+01,2.530787e+01,2.547471e+01,2.537464e+01,2.539466e+01,2.537464e+01,2.529451e+01,2.532790e+01,2.544137e+01,2.546138e+01,2.535461e+01,2.546805e+01,2.536796e+01,2.540801e+01,2.538131e+01,2.540133e+01,2.538131e+01,2.538131e+01,2.537464e+01,2.536796e+01,2.534793e+01,2.534126e+01,2.538799e+01,2.540801e+01,2.536129e+01,2.548138e+01,2.546138e+01,2.532790e+01,2.548138e+01,2.539466e+01,2.546805e+01,2.540133e+01,2.534793e+01,2.532122e+01,2.548805e+01,2.539466e+01,2.546138e+01,2.534126e+01,2.536129e+01,2.530119e+01,2.544137e+01,2.532122e+01,2.534126e+01,2.529451e+01,2.535461e+01,2.548805e+01,2.526110e+01,2.526778e+01,2.535461e+01,2.535461e+01,2.531454e+01,2.534793e+01,2.532122e+01,2.530119e+01,2.534126e+01,2.523437e+01,2.531454e+01,2.525442e+01,2.530119e+01,2.526110e+01,2.534126e+01,2.541468e+01,2.524105e+01,2.524105e+01,2.529451e+01,2.529451e+01,2.520763e+01,2.538131e+01,2.527446e+01,2.518757e+01,2.532790e+01,2.525442e+01,2.552139e+01,2.524773e+01,2.534126e+01,2.516751e+01,2.526778e+01,2.527446e+01,2.525442e+01,2.538799e+01,2.542802e+01,2.526778e+01,2.546805e+01,2.520763e+01,2.521431e+01,2.530119e+01,2.541468e+01,2.533458e+01,2.530119e+01,2.526778e+01,2.522100e+01,2.522100e+01,2.504705e+01,2.493986e+01,2.461763e+01,2.424719e+01,2.417294e+01,2.415268e+01,2.375346e+01,2.390250e+01,2.369242e+01,2.363814e+01,2.369242e+01,2.380091e+01,2.387542e+01,2.427417e+01,2.451000e+01,2.469156e+01,2.504035e+01,2.510060e+01,2.511399e+01,2.527446e+01,2.514744e+01,2.525442e+01,2.524105e+01,2.537464e+01,2.535461e+01,2.530787e+01,2.537464e+01,2.538799e+01,2.533458e+01,2.530787e+01,2.526110e+01,2.523437e+01,2.534126e+01,2.536796e+01,2.531454e+01,2.542135e+01,2.532122e+01,2.538799e+01,2.531454e+01,2.530787e+01,2.539466e+01,2.530119e+01,2.534793e+01,2.534793e+01,2.537464e+01,2.536796e+01,2.544804e+01,2.532122e+01,2.544137e+01,2.524773e+01,2.521431e+01,2.555471e+01,2.517419e+01,2.521431e+01,2.528115e+01,2.528782e+01,2.528115e+01,2.532790e+01,2.534126e+01,2.544804e+01,2.543469e+01,2.527446e+01,2.534793e+01,2.522768e+01,2.530787e+01,2.530119e+01,2.530119e+01,2.528115e+01,2.528782e+01,2.526110e+01,2.535461e+01,2.522100e+01,2.532790e+01,2.520763e+01,2.523437e+01,2.522100e+01,2.518088e+01,2.529451e+01,2.527446e+01,2.525442e+01,2.530787e+01,2.524773e+01,2.528782e+01,2.529451e+01,2.532790e+01,2.521431e+01,2.528115e+01,2.534126e+01,2.530787e+01,2.522100e+01,2.530787e+01,2.510730e+01,2.517419e+01,2.532790e+01,2.530119e+01,2.519426e+01,2.533458e+01,2.526778e+01,2.518757e+01,2.527446e+01,2.527446e+01
2.492645e+01,2.485269e+01,2.479901e+01,2.496667e+01,2.498007e+01,2.485269e+01,2.493316e+01,2.491975e+01,2.510730e+01,2.491975e+01,2.490634e+01,2.489964e+01,2.502026e+01,2.492645e+01,2.502026e+01,2.497337e+01,2.493986e+01,2.508052e+01,2.510730e+01,2.508052e+01,2.510060e+01,2.513406e+01,2.500017e+01,2.520763e+01,2.504035e+01,2.501357e+01,2.506044e+01,2.499347e+01,2.508722e+01,2.507383e+01,2.493316e+01,2.506713e+01,2.505375e+01,2.508722e+01,2.504035e+01,2.507383e+01,2.520763e+01,2.512737e+01,2.510060e+01,2.516751e+01,2.511399e+01,2.512068e+01,2.501357e+01,2.509391e+01,2.513406e+01,2.494656e+01,2.494656e+01,2.506713e+01,2.502696e+01,2.513406e+01,2.512068e+01,2.498677e+01,2.510060e+01,2.509391e+01,2.514075e+01,2.495997e+01,2.507383e+01,2.498677e+01,2.500687e+01,2.510730e+01,2.508052e+01,2.510060e+01,2.493986e+01,2.494656e+01,2.511399e+01,2.503366e+01,2.495326e+01,2.488622e+01,2.502026e+01,2.483256e+01,2.489964e+01,2.489964e+01,2.486610e+01,2.487281e+01,2.497337e+01,2.496667e+01,2.494656e+01,2.491975e+01,2.498007e+01,2.500687e+01,2.490634e+01,2.495326e+01,2.501357e+01,2.489293e+01,2.504035e+01,2.479230e+01,2.484598e+01,2.477216e+01,2.475201e+01,2.472515e+01,2.488622e+01,2.475873e+01,2.484598e+01,2.478558e+01,2.484598e+01,2.471172e+01,2.473858e+01,2.483256e+01,2.488622e+01,2.481243e+01,2.483927e+01,2.469828e+01,2.488622e+01,2.483927e+01,2.465124e+01,2.465124e+01,2.481243e+01,2.484598e+01,2.460419e+01,2.461763e+01,2.477216e+01,2.477887e+01,2.463780e+01,2.465124e+01,2.467813e+01,2.454365e+01,2.463780e+01,2.457056e+01,2.468484e+01,2.464452e+01,2.465796e+01,2.469156e+01,2.467141e+01,2.462436e+01,2.459746e+01,2.468484e+01,2.457056e+01,2.457056e+01,2.455710e+01,2.460419e+01,2.474530e+01,2.451000e+01,2.465796e+01,2.459746e+01,2.461763e+01,2.451000e+01,2.467813e+01,2.462436e+01,2.467813e+01,2.463108e+01,2.467813e+01,2.468484e+01,2.464452e+01,2.455038e+01,2.453692e+01,2.463108e+01,2.461091e+01,2.468484e+01,2.457056e+01,2.461091e+01,2.468484e+01,2.470500e+01,2.465796e+01,2.469828e+01,2.466469e+01,2.463108e+01,2.481243e+01,2.464452e+01,2.474530e+01,2.469828e+01,2.482585e+01,2.479901e+01,2.474530e+01,2.478558e+01,2.487952e+01,2.491975e+01,2.479230e+01,2.475873e+01,2.485269e+01,2.484598e+01,2.483927e+01,2.478558e+01,2.475873e+01,2.487952e+01,2.490634e+01,2.489964e+01,2.487281e+01,2.489293e+01,2.500687e+01,2.504035e+01,2.489293e+01,2.489293e+01,2.495326e+01,2.488622e+01,2.496667e+01,2.493986e+01,2.510730e+01,2.499347e+01,2.506713e+01,2.495997e+01,2.504035e+01,2.498677e+01,2.512737e+01,2.514744e+01,2.509391e+01,2.522768e+01,2.501357e+01,2.520094e+01,2.519426e+01,2.540133e+01,2.530119e+01,2.540801e+01,2.508722e+01,2.531454e+01,2.537464e+01,2.534126e+01,2.536129e+01,2.538131e+01,2.536796e+01,2.536129e+01,2.549472e+01,2.538799e+01,2.541468e+01,2.555471e+01,2.546805e+01,2.571451e+01,2.583421e+01,2.560134e+01,2.547471e+01,2.551472e+01,2.532790e+01,2.550805e+01,2.539466e+01,2.540133e+01,2.534793e+01,2.531454e+01,2.548138e+01,2.541468e+01,2.540801e+01,2.530119e+01,2.531454e+01,2.532122e+01,2.530787e+01,2.534793e+01,2.537464e+01,2.546805e+01,2.538799e+01,2.546138e+01,2.518088e+01,2.519426e+01,2.524773e+01,2.538799e+01,2.526778e+01,2.530787e+01,2.511399e+01,2.510730e+01,2.512068e+01,2.524773e+01,2.510730e+01,2.508052e+01,2.513406e+01,2.508052e+01,2.506713e+01,2.493986e+01,2.511399e+01,2.500017e+01,2.515413e+01,2.516082e+01,2.514075e+01,2.516751e+01,2.518757e+01,2.501357e+01,2.524105e+01,2.509391e+01,2.512737e+01,2.515413e+01,2.514744e+01,2.512068e+01,2.522100e+01,2.519426e+01,2.530119e+01,2.515413e+01,2.514075e+01,2.499347e+01,2.516082e+01,2.503366e+01,2.499347e+01,2.508722e+01,2.497337e+01,2.498677e+01,2.500017e+01,2.491975e+01,2.500017e+01,2.489293e+01,2.510060e+01,2.501357e+01,2.510730e+01,2.514744e+01,2.506713e+01,2.497337e+01,2.506044e+01,2.504035e+01,2.513406e+01,2.510730e+01,2.514075e+01,2.515413e+01,2.507383e+01,2.508052e+01,2.516751e+01,2.520094e+01,2.516751e+01,2.520094e+01,2.520763e+01,2.522768e+01,2.523437e+01,2.524773e+01,2.517419e+01,2.519426e+01,2.516751e+01,2.503366e+01,2.520094e+01,2.526778e+01,2.518757e+01,2.511399e+01,2.514075e+01,2.509391e+01,2.510060e+01,2.512068e+01,2.518757e+01,2.525442e+01,2.512068e+01,2.522100e+01,2.520094e+01,2.510730e+01,2.512737e+01,2.520094e+01,2.519426e+01,2.518757e+01,2.520763e+01,2.530119e+01,2.524105e+01,2.515413e+01,2.525442e+01,2.533458e+01,2.512737e+01,2.509391e+01,2.511399e+01,2.520094e+01,2.524773e+01,2.520763e+01,2.523437e+01,2.524773e+01,2.520763e+01,2.517419e+01,2.527446e+01,2.524105e+01,2.511399e+01,2.517419e+01,2.513406e+01,2.528115e+01,2.527446e+01,2.530787e+01,2.526778e+01,2.520763e+01,2.510730e+01,2.525442e+01,2.526778e+01,2.519426e+01,2.524773e+01,2.513406e+01,2.516082e+01,2.514744e+01,2.518088e+01,2.514744e+01,2.515413e+01,2.521431e+01,2.520094e+01,2.523437e+01,2.513406e+01,2.518757e+01,2.522768e+01,2.530119e+01,2.522768e+01,2.508722e+01,2.511399e+01,2.522100e+01,2.518757e+01,2.528115e+01,2.517419e+01,2.520763e+01,2.530119e+01,2.517419e+01,2.524773e+01,2.520094e+01,2.516751e+01,2.520763e+01,2.526778e+01,2.523437e+01,2.520763e+01,2.526110e+01,2.534126e+01,2.518088e+01,2.516082e+01,2.521431e+01,2.512737e+01,2.512068e+01,2.523437e+01,2.524105e+01,2.514075e+01,2.516751e+01,2.528782e+01,2.532122e+01,2.509391e+01,2.513406e+01,2.534793e+01,2.524105e+01,2.526110e+01,2.524105e+01,2.525442e+01,2.534126e+01,2.528782e+01,2.536129e+01,2.526778e+01,2.528782e+01,2.536129e+01,2.527446e+01,2.534126e+01,2.530787e+01,2.540801e+01,2.527446e+01,2.545471e+01,2.532122e+01,2.524105e+01,2.532122e+01,2.524105e+01,2.524773e+01,2.530787e+01,2.531454e+01,2.516751e+01,2.524773e+01,2.528115e+01,2.526110e+01,2.533458e+01,2.520094e+01,2.536129e+01,2.544804e+01,2.544804e+01,2.535461e+01,2.541468e+01,2.524773e+01,2.544804e+01,2.538131e+01,2.542135e+01,2.530119e+01,2.528782e+01,2.521431e+01,2.544804e+01,2.548805e+01,2.538131e+01,2.532122e+01,2.538799e+01,2.530119e+01,2.543469e+01,2.524773e+01,2.536796e+01,2.540133e+01,2.536129e+01,2.533458e+01,2.544137e+01,2.538131e+01,2.540801e+01,2.541468e+01,2.538799e+01,2.537464e+01,2.540133e+01,2.537464e+01,2.535461e+01,2.535461e+01,2.536796e+01,2.535461e+01,2.554138e+01,2.540133e+01,2.558136e+01,2.544804e+01,2.549472e+01,2.531454e+01,2.538131e+01,2.563464e+01,2.532122e+01,2.542802e+01,2.536129e+01,2.538131e+01,2.524105e+01,2.533458e+01,2.526110e+01,2.538799e+01,2.535461e+01,2.534126e+01,2.533458e+01,2.534793e+01,2.535461e+01,2.536129e+01,2.531454e+01,2.536796e+01,2.534793e+01,2.531454e+01,2.534126e+01,2.536796e+01,2.536796e+01,2.535461e+01,2.524105e+01,2.530787e+01,2.527446e+01,2.540801e+01,2.527446e+01,2.531454e+01,2.531454e+01,2.533458e+01,2.540133e+01,2.518757e+01,2.528782e+01,2.524773e+01,2.520763e+01,2.516082e+01,2.518088e+01,2.532122e+01,2.546805e+01,2.547471e+01,2.530787e+01,2.532790e+01,2.516082e+01,2.524105e+01,2.533458e+01,2.530119e+01,2.516082e+01,2.537464e+01,2.519426e+01,2.538799e+01,2.540133e+01,2.542802e+01,2.530787e+01,2.514744e+01,2.519426e+01,2.530787e+01,2.511399e+01,2.536129e+01,2.517419e+01,2.518757e+01,2.504035e+01,2.494656e+01,2.469156e+01,2.456383e+01,2.422694e+01,2.400400e+01,2.390927e+01,2.386187e+01,2.376702e+01,2.363814e+01,2.360420e+01,2.369921e+01,2.405133e+01,2.417969e+01,2.451000e+01,2.463108e+01,2.488622e+01,2.508052e+01,2.513406e+01,2.511399e+01,2.526110e+01,2.519426e+01,2.524773e+01,2.534126e+01,2.526110e+01,2.529451e+01,2.538799e+01,2.531454e+01,2.531454e+01,2.532790e+01,2.536796e+01,2.523437e+01,2.526778e+01,2.521431e+01,2.549472e+01,2.534126e+01,2.543469e+01,2.528115e+01,2.527446e+01,2.530119e+01,2.529451e+01,2.525442e+01,2.517419e+01,2.525442e+01,2.538799e+01,2.530787e+01,2.542135e+01,2.526778e+01,2.526110e+01,2.550139e+01,2.524773e+01,2.538131e+01,2.524105e+01,2.530119e+01,2.528782e+01,2.530119e+01,2.534793e+01,2.524773e+01,2.528115e+01,2.530119e+01,2.527446e+01,2.516751e+01,2.520763e+01,2.524773e+01,2.531454e+01,2.522768e+01,2.531454e+01,2.528782e+01,2.530787e+01,2.533458e+01,2.522768e+01,2.528782e+01,2.536796e+01,2.528782e+01,2.522768e+01,2.521431e+01,2.513406e+01,2.528115e+01,2.516082e+01,2.518757e+01,2.524105e+01,2.521431e+01,2.524105e+01,2.530787e+01,2.522100e+01,2.529451e+01,2.520763e+01,2.514075e+01,2.534126e+01,2.544804e+01,2.532122e+01,2.520763e+01,2.523437e+01,2.517419e+01,2.526110e+01,2.518757e+01,2.501357e+01,2.530787e+01,2.522768e+01,2.524773e+01,2.529451e+01,2.525442e+01
2.471844e+01,2.483256e+01,2.497337e+01,2.480572e+01,2.491975e+01,2.491305e+01,2.502026e+01,2.491975e+01,2.497337e+01,2.500687e+01,2.495997e+01,2.496667e+01,2.498677e+01,2.492645e+01,2.500687e+01,2.492645e+01,2.495997e+01,2.496667e+01,2.504035e+01,2.493986e+01,2.495326e+01,2.491305e+01,2.501357e+01,2.496667e+01,2.501357e+01,2.500687e+01,2.504035e+01,2.498677e+01,2.511399e+01,2.514075e+01,2.510060e+01,2.508722e+01,2.501357e+01,2.506713e+01,2.505375e+01,2.520763e+01,2.503366e+01,2.520094e+01,2.513406e+01,2.502696e+01,2.511399e+01,2.495997e+01,2.512068e+01,2.502026e+01,2.510730e+01,2.502026e+01,2.508052e+01,2.517419e+01,2.502026e+01,2.508722e+01,2.505375e+01,2.506713e+01,2.514744e+01,2.498677e+01,2.497337e+01,2.500687e+01,2.506713e+01,2.503366e+01,2.500017e+01,2.508052e+01,2.491305e+01,2.508052e+01,2.496667e+01,2.498007e+01,2.495326e+01,2.491975e+01,2.477887e+01,2.495326e+01,2.493986e+01,2.497337e+01,2.485940e+01,2.493316e+01,2.492645e+01,2.496667e+01,2.501357e+01,2.502026e+01,2.495997e+01,2.495326e+01,2.493986e+01,2.483927e+01,2.497337e+01,2.498007e+01,2.500017e+01,2.502026e+01,2.495326e+01,2.491975e+01,2.487952e+01,2.476544e+01,2.481914e+01,2.493316e+01,2.478558e+01,2.485269e+01,2.483927e+01,2.479230e+01,2.481914e+01,2.469156e+01,2.471844e+01,2.482585e+01,2.470500e+01,2.487952e+01,2.461091e+01,2.471844e+01,2.481914e+01,2.483927e+01,2.468484e+01,2.483927e+01,2.462436e+01,2.463780e+01,2.461763e+01,2.458401e+01,2.460419e+01,2.467141e+01,2.465124e+01,2.470500e+01,2.463108e+01,2.461091e+01,2.468484e+01,2.467813e+01,2.471844e+01,2.469828e+01,2.475873e+01,2.466469e+01,2.465124e+01,2.463108e+01,2.459073e+01,2.463780e+01,2.471844e+01,2.456383e+01,2.456383e+01,2.473187e+01,2.455710e+01,2.453019e+01,2.451673e+01,2.460419e+01,2.459746e+01,2.467141e+01,2.468484e+01,2.453019e+01,2.457728e+01,2.473858e+01,2.470500e+01,2.466469e+01,2.454365e+01,2.466469e+01,2.455710e+01,2.463108e+01,2.467141e+01,2.469156e+01,2.468484e+01,2.466469e+01,2.465124e+01,2.465124e+01,2.477887e+01,2.469156e+01,2.467141e+01,2.461763e+01,2.467813e+01,2.467813e+01,2.483256e+01,2.489293e+01,2.480572e+01,2.474530e+01,2.473187e+01,2.475873e+01,2.479230e+01,2.465796e+01,2.497337e+01,2.486610e+01,2.471844e+01,2.474530e+01,2.483256e+01,2.484598e+01,2.487281e+01,2.493316e+01,2.491305e+01,2.489293e+01,2.484598e+01,2.489293e+01,2.485269e+01,2.487281e+01,2.493986e+01,2.487952e+01,2.498007e+01,2.493316e+01,2.495326e+01,2.502696e+01,2.498677e+01,2.500017e+01,2.498677e+01,2.498007e+01,2.510060e+01,2.508722e+01,2.499347e+01,2.512737e+01,2.524105e+01,2.526778e+01,2.519426e+01,2.517419e+01,2.528115e+01,2.524105e+01,2.534126e+01,2.530787e+01,2.531454e+01,2.541468e+01,2.533458e+01,2.534793e+01,2.538799e+01,2.556137e+01,2.529451e+01,2.554138e+01,2.572117e+01,2.566127e+01,2.556137e+01,2.571451e+01,2.582756e+01,2.572117e+01,2.553472e+01,2.558802e+01,2.562132e+01,2.554804e+01,2.560134e+01,2.555471e+01,2.567459e+01,2.552139e+01,2.554138e+01,2.567459e+01,2.570786e+01,2.557470e+01,2.552805e+01,2.539466e+01,2.566793e+01,2.540801e+01,2.534793e+01,2.535461e+01,2.549472e+01,2.537464e+01,2.559468e+01,2.547471e+01,2.541468e+01,2.550805e+01,2.542802e+01,2.541468e+01,2.508722e+01,2.524773e+01,2.530119e+01,2.512737e+01,2.532790e+01,2.515413e+01,2.524105e+01,2.514075e+01,2.519426e+01,2.524105e+01,2.518757e+01,2.508722e+01,2.526110e+01,2.510730e+01,2.508722e+01,2.510730e+01,2.509391e+01,2.518757e+01,2.513406e+01,2.521431e+01,2.515413e+01,2.516082e+01,2.528115e+01,2.518088e+01,2.522768e+01,2.528782e+01,2.545471e+01,2.528782e+01,2.538131e+01,2.529451e+01,2.506044e+01,2.514075e+01,2.539466e+01,2.516082e+01,2.501357e+01,2.502026e+01,2.501357e+01,2.498677e+01,2.498677e+01,2.497337e+01,2.504035e+01,2.502696e+01,2.498677e+01,2.498007e+01,2.504705e+01,2.507383e+01,2.504035e+01,2.508722e+01,2.511399e+01,2.516082e+01,2.512068e+01,2.504705e+01,2.508052e+01,2.515413e+01,2.507383e+01,2.508722e+01,2.501357e+01,2.514075e+01,2.504035e+01,2.505375e+01,2.502696e+01,2.518757e+01,2.518088e+01,2.520763e+01,2.506044e+01,2.514744e+01,2.519426e+01,2.519426e+01,2.516082e+01,2.515413e+01,2.509391e+01,2.513406e+01,2.508722e+01,2.512068e+01,2.507383e+01,2.524773e+01,2.526778e+01,2.520763e+01,2.523437e+01,2.521431e+01,2.518088e+01,2.520763e+01,2.507383e+01,2.514075e+01,2.518757e+01,2.521431e+01,2.521431e+01,2.517419e+01,2.520094e+01,2.518088e+01,2.518088e+01,2.523437e+01,2.522768e+01,2.521431e+01,2.528115e+01,2.524773e+01,2.528115e+01,2.514075e+01,2.520094e+01,2.517419e+01,2.518757e+01,2.522100e+01,2.536796e+01,2.519426e+01,2.516751e+01,2.515413e+01,2.517419e+01,2.523437e+01,2.528115e+01,2.510730e+01,2.529451e+01,2.530119e+01,2.519426e+01,2.524773e+01,2.524105e+01,2.489964e+01,2.514075e+01,2.510730e+01,2.516751e+01,2.511399e+01,2.514075e+01,2.516082e+01,2.518757e+01,2.520763e+01,2.518757e+01,2.518757e+01,2.526110e+01,2.513406e+01,2.522768e+01,2.521431e+01,2.514075e+01,2.518088e+01,2.523437e+01,2.510730e+01,2.520094e+01,2.514075e+01,2.520094e+01,2.525442e+01,2.519426e+01,2.522100e+01,2.522100e+01,2.523437e+01,2.513406e+01,2.515413e+01,2.521431e+01,2.521431e+01,2.516082e+01,2.516082e+01,2.525442e+01,2.506044e+01,2.521431e+01,2.521431e+01,2.524773e+01,2.512068e+01,2.526110e+01,2.514075e+01,2.518757e+01,2.529451e+01,2.518757e+01,2.520094e+01,2.518757e+01,2.506044e+01,2.531454e+01,2.523437e+01,2.526778e+01,2.532122e+01,2.524773e+01,2.529451e+01,2.526110e+01,2.526110e+01,2.524105e+01,2.527446e+01,2.531454e+01,2.534126e+01,2.535461e+01,2.532790e+01,2.522768e+01,2.524773e+01,2.533458e+01,2.548805e+01,2.532122e+01,2.532122e+01,2.530787e+01,2.530119e+01,2.527446e+01,2.530119e+01,2.528115e+01,2.527446e+01,2.534793e+01,2.525442e+01,2.530119e+01,2.541468e+01,2.527446e+01,2.526778e+01,2.528115e+01,2.544804e+01,2.530119e+01,2.524773e+01,2.544137e+01,2.534793e+01,2.538131e+01,2.530119e+01,2.532122e+01,2.535461e+01,2.533458e+01,2.544804e+01,2.538799e+01,2.548138e+01,2.530787e+01,2.530119e+01,2.542802e+01,2.536129e+01,2.532790e+01,2.530119e+01,2.533458e+01,2.530119e+01,2.534126e+01,2.535461e+01,2.538799e+01,2.544137e+01,2.539466e+01,2.537464e+01,2.538131e+01,2.542135e+01,2.536796e+01,2.527446e+01,2.534793e+01,2.535461e+01,2.530787e+01,2.529451e+01,2.537464e+01,2.534126e+01,2.530119e+01,2.531454e+01,2.534126e+01,2.536129e+01,2.532122e+01,2.551472e+01,2.533458e+01,2.535461e+01,2.534126e+01,2.530119e+01,2.530787e+01,2.531454e+01,2.538131e+01,2.529451e+01,2.528115e+01,2.528782e+01,2.526110e+01,2.530119e+01,2.538799e+01,2.528782e+01,2.536129e+01,2.532122e+01,2.534793e+01,2.536129e+01,2.533458e+01,2.534126e+01,2.532790e+01,2.522100e+01,2.527446e+01,2.521431e+01,2.530119e+01,2.530787e+01,2.518088e+01,2.528782e+01,2.518757e+01,2.535461e+01,2.528782e+01,2.540801e+01,2.527446e+01,2.524773e+01,2.540801e+01,2.538131e+01,2.534126e+01,2.529451e+01,2.541468e+01,2.527446e+01,2.523437e+01,2.523437e+01,2.533458e+01,2.525442e+01,2.526110e+01,2.520763e+01,2.537464e+01,2.511399e+01,2.525442e+01,2.538131e+01,2.525442e+01,2.535461e+01,2.526778e+01,2.538131e+01,2.516082e+01,2.539466e+01,2.540133e+01,2.504035e+01,2.493316e+01,2.492645e+01,2.450327e+01,2.424719e+01,2.419994e+01,2.400400e+01,2.370599e+01,2.369921e+01,2.377380e+01,2.367207e+01,2.365172e+01,2.386865e+01,2.396341e+01,2.434835e+01,2.467813e+01,2.471844e+01,2.483927e+01,2.489293e+01,2.514075e+01,2.518088e+01,2.523437e+01,2.528115e+01,2.524773e+01,2.537464e+01,2.524105e+01,2.532122e+01,2.522768e+01,2.526110e+01,2.532790e+01,2.532790e+01,2.519426e+01,2.528115e+01,2.530119e+01,2.533458e+01,2.532790e+01,2.523437e+01,2.522100e+01,2.515413e+01,2.520763e+01,2.528115e+01,2.530787e+01,2.522768e+01,2.531454e+01,2.532122e+01,2.522100e+01,2.525442e+01,2.530119e+01,2.533458e+01,2.532790e+01,2.527446e+01,2.522768e+01,2.526110e+01,2.540133e+01,2.526110e+01,2.519426e+01,2.526778e+01,2.522768e+01,2.525442e+01,2.539466e+01,2.520763e+01,2.524773e+01,2.517419e+01,2.518757e+01,2.532122e+01,2.533458e+01,2.524773e+01,2.534126e+01,2.524773e+01,2.518088e+01,2.516751e+01,2.517419e+01,2.520763e+01,2.521431e+01,2.525442e+01,2.507383e+01,2.530787e+01,2.530787e+01,2.524105e+01,2.522100e+01,2.522768e+01,2.520094e+01,2.531454e+01,2.530119e+01,2.521431e+01,2.518088e+01,2.520763e+01,2.516751e+01,2.518088e+01,2.520094e+01,2.544137e+01,2.519426e+01,2.519426e+01,2.536796e+01,2.522100e+01,2.527446e+01,2.535461e+01,2.521431e+01,2.521431e+01,2.519426e+01,2.525442e+01,2.524105e+01,2.526778e+01
2.475873e+01,2.493316e+01,2.501357e+01,2.486610e+01,2.485940e+01,2.493986e+01,2.483256e+01,2.487281e+01,2.493316e+01,2.497337e+01,2.485940e+01,2.486610e+01,2.491975e+01,2.485269e+01,2.495326e+01,2.497337e+01,2.491975e+01,2.494656e+01,2.490634e+01,2.512068e+01,2.496667e+01,2.491305e+01,2.495326e+01,2.500017e+01,2.501357e+01,2.498007e+01,2.504035e+01,2.512068e+01,2.506044e+01,2.506713e+01,2.506713e+01,2.506713e+01,2.506713e+01,2.516082e+01,2.504035e+01,2.504705e+01,2.504035e+01,2.500687e+01,2.493986e+01,2.510060e+01,2.506044e+01,2.508722e+01,2.502696e+01,2.507383e+01,2.502026e+01,2.494656e+01,2.512737e+01,2.497337e+01,2.489964e+01,2.514744e+01,2.504035e+01,2.508722e+01,2.514075e+01,2.502026e+01,2.515413e+01,2.503366e+01,2.512068e+01,2.496667e+01,2.505375e+01,2.502026e+01,2.491975e+01,2.504035e+01,2.502026e+01,2.491975e+01,2.493986e+01,2.501357e+01,2.501357e+01,2.504035e+01,2.496667e+01,2.490634e+01,2.506713e+01,2.489293e+01,2.495997e+01,2.512068e+01,2.492645e+01,2.502026e+01,2.491305e+01,2.492645e+01,2.491305e+01,2.496667e+01,2.491975e+01,2.498677e+01,2.494656e+01,2.489964e+01,2.487281e+01,2.482585e+01,2.486610e+01,2.477216e+01,2.475873e+01,2.483256e+01,2.492645e+01,2.483256e+01,2.487281e+01,2.487952e+01,2.477216e+01,2.467141e+01,2.472515e+01,2.472515e+01,2.477216e+01,2.485940e+01,2.477887e+01,2.480572e+01,2.471844e+01,2.473187e+01,2.484598e+01,2.479230e+01,2.462436e+01,2.461763e+01,2.461091e+01,2.460419e+01,2.461091e+01,2.475873e+01,2.469156e+01,2.455710e+01,2.469828e+01,2.468484e+01,2.467813e+01,2.459073e+01,2.457056e+01,2.463108e+01,2.465124e+01,2.464452e+01,2.465124e+01,2.463780e+01,2.463108e+01,2.461763e+01,2.457056e+01,2.482585e+01,2.465796e+01,2.462436e+01,2.465796e+01,2.451673e+01,2.451673e+01,2.453692e+01,2.454365e+01,2.459746e+01,2.467141e+01,2.461763e+01,2.457728e+01,2.465796e+01,2.465124e+01,2.463780e+01,2.464452e+01,2.468484e+01,2.464452e+01,2.467141e+01,2.461091e+01,2.467813e+01,2.467813e+01,2.465124e+01,2.464452e+01,2.467813e+01,2.463108e+01,2.463780e+01,2.463108e+01,2.473187e+01,2.464452e+01,2.471172e+01,2.475873e+01,2.472515e+01,2.473187e+01,2.470500e+01,2.476544e+01,2.478558e+01,2.477887e+01,2.496667e+01,2.481243e+01,2.469156e+01,2.475201e+01,2.480572e+01,2.477887e+01,2.477887e+01,2.493316e+01,2.489964e+01,2.489293e+01,2.489293e+01,2.481914e+01,2.482585e+01,2.493986e+01,2.487281e+01,2.489964e+01,2.485269e+01,2.485940e+01,2.485269e+01,2.499347e+01,2.501357e+01,2.509391e+01,2.504035e+01,2.509391e+01,2.508722e+01,2.510060e+01,2.510060e+01,2.512068e+01,2.514744e+01,2.518757e+01,2.518088e+01,2.518088e+01,2.518088e+01,2.528115e+01,2.536129e+01,2.536796e+01,2.565462e+01,2.537464e+01,2.537464e+01,2.532790e+01,2.536796e+01,2.565462e+01,2.566793e+01,2.576773e+01,2.570121e+01,2.570786e+01,2.567459e+01,2.572782e+01,2.582756e+01,2.572782e+01,2.572117e+01,2.585415e+01,2.596041e+01,2.597368e+01,2.588736e+01,2.586743e+01,2.587408e+01,2.588072e+01,2.570786e+01,2.586743e+01,2.585415e+01,2.584750e+01,2.582092e+01,2.580097e+01,2.556804e+01,2.568790e+01,2.574113e+01,2.576773e+01,2.558136e+01,2.556137e+01,2.556804e+01,2.557470e+01,2.554138e+01,2.548805e+01,2.547471e+01,2.561466e+01,2.552805e+01,2.542802e+01,2.547471e+01,2.540133e+01,2.536129e+01,2.541468e+01,2.521431e+01,2.518757e+01,2.519426e+01,2.529451e+01,2.520094e+01,2.541468e+01,2.516751e+01,2.511399e+01,2.516082e+01,2.512068e+01,2.508052e+01,2.522768e+01,2.516751e+01,2.514075e+01,2.520094e+01,2.525442e+01,2.552805e+01,2.549472e+01,2.554138e+01,2.551472e+01,2.532122e+01,2.557470e+01,2.542135e+01,2.528782e+01,2.540801e+01,2.516751e+01,2.525442e+01,2.519426e+01,2.520763e+01,2.500017e+01,2.503366e+01,2.496667e+01,2.505375e+01,2.500687e+01,2.494656e+01,2.489964e+01,2.496667e+01,2.488622e+01,2.502026e+01,2.498007e+01,2.505375e+01,2.502026e+01,2.516751e+01,2.506713e+01,2.513406e+01,2.512068e+01,2.506713e+01,2.525442e+01,2.514075e+01,2.518757e+01,2.513406e+01,2.512737e+01,2.512068e+01,2.514075e+01,2.508052e+01,2.514075e+01,2.502696e+01,2.518088e+01,2.515413e+01,2.513406e+01,2.504035e+01,2.531454e+01,2.516082e+01,2.509391e+01,2.515413e+01,2.509391e+01,2.516082e+01,2.511399e+01,2.516751e+01,2.518088e+01,2.519426e+01,2.518757e+01,2.520763e+01,2.515413e+01,2.516751e+01,2.504035e+01,2.515413e+01,2.508052e+01,2.515413e+01,2.522768e+01,2.512068e+01,2.512737e+01,2.513406e+01,2.515413e+01,2.523437e+01,2.522768e+01,2.513406e+01,2.530119e+01,2.518757e+01,2.515413e+01,2.524105e+01,2.520094e+01,2.513406e+01,2.512068e+01,2.517419e+01,2.516751e+01,2.514744e+01,2.516082e+01,2.524773e+01,2.519426e+01,2.517419e+01,2.527446e+01,2.526778e+01,2.530119e+01,2.514744e+01,2.532122e+01,2.509391e+01,2.521431e+01,2.520094e+01,2.520763e+01,2.525442e+01,2.522768e+01,2.520094e+01,2.518088e+01,2.515413e+01,2.514744e+01,2.516082e+01,2.523437e+01,2.518757e+01,2.523437e+01,2.524105e+01,2.522100e+01,2.520094e+01,2.521431e+01,2.518088e+01,2.521431e+01,2.519426e+01,2.514744e+01,2.528115e+01,2.517419e+01,2.512737e+01,2.526778e+01,2.514075e+01,2.516082e+01,2.515413e+01,2.520094e+01,2.524773e+01,2.513406e+01,2.516082e+01,2.520763e+01,2.522768e+01,2.528782e+01,2.523437e+01,2.525442e+01,2.524773e+01,2.516082e+01,2.514744e+01,2.522768e+01,2.517419e+01,2.513406e+01,2.524773e+01,2.517419e+01,2.519426e+01,2.522100e+01,2.517419e+01,2.524105e+01,2.525442e+01,2.526110e+01,2.534126e+01,2.523437e+01,2.524105e+01,2.523437e+01,2.532790e+01,2.525442e+01,2.534793e+01,2.530119e+01,2.534793e+01,2.526778e+01,2.542802e+01,2.528115e+01,2.524105e+01,2.524773e+01,2.526110e+01,2.523437e+01,2.528782e+01,2.538131e+01,2.530119e+01,2.533458e+01,2.526778e+01,2.529451e+01,2.525442e+01,2.533458e+01,2.532790e+01,2.538799e+01,2.542802e+01,2.541468e+01,2.542802e+01,2.527446e+01,2.535461e+01,2.536796e+01,2.531454e+01,2.535461e+01,2.530787e+01,2.529451e+01,2.533458e+01,2.524773e+01,2.542802e+01,2.539466e+01,2.532790e+01,2.536129e+01,2.527446e+01,2.542802e+01,2.515413e+01,2.531454e+01,2.532122e+01,2.532122e+01,2.534793e+01,2.543469e+01,2.536129e+01,2.529451e+01,2.530787e+01,2.540133e+01,2.532122e+01,2.539466e+01,2.538131e+01,2.538799e+01,2.536129e+01,2.538799e+01,2.542135e+01,2.538131e+01,2.534793e+01,2.536129e+01,2.534126e+01,2.535461e+01,2.536129e+01,2.548805e+01,2.530119e+01,2.542802e+01,2.537464e+01,2.532122e+01,2.540801e+01,2.529451e+01,2.531454e+01,2.534793e+01,2.535461e+01,2.526778e+01,2.532122e+01,2.532790e+01,2.532122e+01,2.538131e+01,2.532122e+01,2.516082e+01,2.525442e+01,2.539466e+01,2.528115e+01,2.530119e+01,2.526778e+01,2.530119e+01,2.540133e+01,2.536129e+01,2.524773e+01,2.524773e+01,2.524773e+01,2.522768e+01,2.528782e+01,2.526110e+01,2.528115e+01,2.532122e+01,2.522100e+01,2.534126e+01,2.536796e+01,2.526778e+01,2.523437e+01,2.526110e+01,2.527446e+01,2.535461e+01,2.524773e+01,2.535461e+01,2.522768e+01,2.518757e+01,2.534126e+01,2.520763e+01,2.531454e+01,2.529451e+01,2.530787e+01,2.522768e+01,2.544137e+01,2.522100e+01,2.524773e+01,2.510730e+01,2.536129e+01,2.516082e+01,2.510060e+01,2.528115e+01,2.519426e+01,2.520763e+01,2.524105e+01,2.524773e+01,2.537464e+01,2.521431e+01,2.520763e+01,2.497337e+01,2.459746e+01,2.438205e+01,2.417969e+01,2.415943e+01,2.400400e+01,2.374668e+01,2.373312e+01,2.372634e+01,2.345473e+01,2.368564e+01,2.365172e+01,2.393634e+01,2.451673e+01,2.453019e+01,2.508052e+01,2.504035e+01,2.503366e+01,2.519426e+01,2.514744e+01,2.525442e+01,2.520094e+01,2.525442e+01,2.530787e+01,2.533458e+01,2.524773e+01,2.533458e+01,2.533458e+01,2.532122e+01,2.538799e+01,2.526110e+01,2.522100e+01,2.518088e+01,2.514744e+01,2.532790e+01,2.520094e+01,2.532790e+01,2.533458e+01,2.522768e+01,2.524105e+01,2.531454e+01,2.524773e+01,2.524773e+01,2.520763e+01,2.523437e+01,2.524773e+01,2.526778e+01,2.525442e+01,2.528115e+01,2.526110e+01,2.522100e+01,2.520763e+01,2.524105e+01,2.519426e+01,2.512737e+01,2.529451e+01,2.524773e+01,2.518757e+01,2.512068e+01,2.520094e+01,2.536129e+01,2.533458e+01,2.535461e+01,2.519426e+01,2.528782e+01,2.520763e+01,2.522100e+01,2.517419e+01,2.518757e+01,2.511399e+01,2.514744e+01,2.519426e+01,2.518088e+01,2.521431e+01,2.520763e+01,2.521431e+01,2.526778e+01,2.524105e+01,2.521431e+01,2.511399e+01,2.531454e+01,2.530119e+01,2.520094e+01,2.526778e+01,2.524773e+01,2.532790e+01,2.528782e+01,2.517419e+01,2.538799e+01,2.516082e+01,2.517419e+01,2.512068e+01,2.528782e+01,2.521431e+01,2.524773e+01,2.505375e+01,2.534793e+01,2.518757e+01,2.510730e+01,2.525442e+01,2.527446e+01,2.520763e+01
2.485269e+01,2.485269e+01,2.498007e+01,2.491305e+01,2.496667e+01,2.490634e+01,2.479901e+01,2.493316e+01,2.495997e+01,2.487952e+01,2.485940e+01,2.489964e+01,2.492645e+01,2.494656e+01,2.493986e+01,2.493316e+01,2.494656e+01,2.499347e+01,2.489964e+01,2.506713e+01,2.487952e+01,2.496667e+01,2.497337e+01,2.501357e+01,2.498007e+01,2.496667e+01,2.500017e+01,2.508052e+01,2.506713e+01,2.503366e+01,2.496667e+01,2.505375e+01,2.508052e+01,2.514744e+01,2.504035e+01,2.514075e+01,2.502026e+01,2.510730e+01,2.500687e+01,2.494656e+01,2.498007e+01,2.511399e+01,2.499347e+01,2.503366e+01,2.514744e+01,2.490634e+01,2.501357e+01,2.511399e+01,2.508052e+01,2.504705e+01,2.506713e+01,2.503366e+01,2.501357e+01,2.510730e+01,2.495997e+01,2.505375e+01,2.495326e+01,2.495326e+01,2.496667e+01,2.508722e+01,2.502026e+01,2.505375e+01,2.489964e+01,2.493986e+01,2.493316e+01,2.499347e+01,2.487952e+01,2.489293e+01,2.495997e+01,2.489293e+01,2.489964e+01,2.487281e+01,2.493986e+01,2.509391e+01,2.504035e+01,2.493316e+01,2.492645e+01,2.487952e+01,2.499347e+01,2.497337e+01,2.493986e+01,2.492645e+01,2.490634e+01,2.475201e+01,2.485940e+01,2.477887e+01,2.488622e+01,2.489293e+01,2.482585e+01,2.481914e+01,2.491305e+01,2.498007e+01,2.483927e+01,2.479230e+01,2.483927e+01,2.487281e+01,2.474530e+01,2.485940e+01,2.483256e+01,2.473858e+01,2.478558e+01,2.483927e+01,2.485269e+01,2.465124e+01,2.465124e+01,2.461091e+01,2.469156e+01,2.463108e+01,2.465796e+01,2.463108e+01,2.468484e+01,2.465124e+01,2.465124e+01,2.469156e+01,2.459746e+01,2.450327e+01,2.461763e+01,2.446961e+01,2.450327e+01,2.464452e+01,2.465796e+01,2.466469e+01,2.458401e+01,2.466469e+01,2.461763e+01,2.461091e+01,2.465124e+01,2.463108e+01,2.462436e+01,2.453692e+01,2.451673e+01,2.450327e+01,2.463780e+01,2.457728e+01,2.461091e+01,2.460419e+01,2.463780e+01,2.456383e+01,2.457728e+01,2.454365e+01,2.463780e+01,2.462436e+01,2.460419e+01,2.461091e+01,2.457728e+01,2.460419e+01,2.472515e+01,2.485940e+01,2.469156e+01,2.463108e+01,2.467813e+01,2.469828e+01,2.463780e+01,2.464452e+01,2.485269e+01,2.481914e+01,2.465796e+01,2.473858e+01,2.483927e+01,2.467813e+01,2.475201e+01,2.467813e+01,2.467813e+01,2.475873e+01,2.476544e+01,2.475201e+01,2.477216e+01,2.476544e+01,2.477216e+01,2.496667e+01,2.476544e+01,2.481243e+01,2.481914e+01,2.491305e+01,2.493316e+01,2.488622e+01,2.488622e+01,2.491975e+01,2.495326e+01,2.483927e+01,2.487281e+01,2.487952e+01,2.489293e+01,2.491975e+01,2.500687e+01,2.491975e+01,2.504035e+01,2.506044e+01,2.502696e+01,2.508052e+01,2.513406e+01,2.511399e+01,2.512068e+01,2.514075e+01,2.524773e+01,2.523437e+01,2.530119e+01,2.529451e+01,2.530787e+01,2.549472e+01,2.538799e+01,2.532122e+01,2.558802e+01,2.565462e+01,2.566793e+01,2.562798e+01,2.564796e+01,2.584085e+01,2.564796e+01,2.586079e+01,2.601350e+01,2.588072e+01,2.576108e+01,2.600023e+01,2.590729e+01,2.617261e+01,2.602677e+01,2.628517e+01,2.603340e+01,2.617924e+01,2.617261e+01,2.618586e+01,2.617924e+01,2.609971e+01,2.609309e+01,2.615274e+01,2.586743e+01,2.610634e+01,2.606656e+01,2.605330e+01,2.578768e+01,2.572117e+01,2.595377e+01,2.576773e+01,2.593385e+01,2.562798e+01,2.570786e+01,2.570121e+01,2.556804e+01,2.566793e+01,2.550139e+01,2.562798e+01,2.555471e+01,2.580097e+01,2.546138e+01,2.537464e+01,2.542135e+01,2.551472e+01,2.524773e+01,2.537464e+01,2.553472e+01,2.516082e+01,2.522768e+01,2.534126e+01,2.529451e+01,2.528782e+01,2.522768e+01,2.528115e+01,2.523437e+01,2.538131e+01,2.526778e+01,2.554804e+01,2.544804e+01,2.555471e+01,2.571451e+01,2.571451e+01,2.557470e+01,2.554804e+01,2.572782e+01,2.562798e+01,2.552139e+01,2.539466e+01,2.542135e+01,2.531454e+01,2.536129e+01,2.519426e+01,2.519426e+01,2.496667e+01,2.497337e+01,2.499347e+01,2.497337e+01,2.502696e+01,2.502696e+01,2.476544e+01,2.495326e+01,2.504705e+01,2.495997e+01,2.500017e+01,2.497337e+01,2.494656e+01,2.509391e+01,2.508722e+01,2.495326e+01,2.504705e+01,2.518088e+01,2.508722e+01,2.509391e+01,2.512737e+01,2.515413e+01,2.493986e+01,2.510730e+01,2.512068e+01,2.501357e+01,2.511399e+01,2.510060e+01,2.508052e+01,2.514744e+01,2.517419e+01,2.512068e+01,2.514744e+01,2.516082e+01,2.513406e+01,2.510730e+01,2.510060e+01,2.515413e+01,2.508722e+01,2.519426e+01,2.520094e+01,2.518757e+01,2.520094e+01,2.520763e+01,2.520763e+01,2.520763e+01,2.522100e+01,2.501357e+01,2.509391e+01,2.516082e+01,2.515413e+01,2.514744e+01,2.516082e+01,2.513406e+01,2.518757e+01,2.528115e+01,2.524773e+01,2.511399e+01,2.516082e+01,2.526778e+01,2.544137e+01,2.514744e+01,2.517419e+01,2.518088e+01,2.530787e+01,2.510730e+01,2.515413e+01,2.522100e+01,2.515413e+01,2.516082e+01,2.520094e+01,2.525442e+01,2.511399e+01,2.523437e+01,2.520094e+01,2.509391e+01,2.513406e+01,2.526778e+01,2.516751e+01,2.521431e+01,2.516082e+01,2.527446e+01,2.512068e+01,2.511399e+01,2.515413e+01,2.503366e+01,2.511399e+01,2.518088e+01,2.520094e+01,2.515413e+01,2.524105e+01,2.507383e+01,2.522768e+01,2.512068e+01,2.518757e+01,2.513406e+01,2.516082e+01,2.513406e+01,2.524105e+01,2.518088e+01,2.526778e+01,2.512068e+01,2.514075e+01,2.512068e+01,2.504705e+01,2.514075e+01,2.509391e+01,2.510060e+01,2.513406e+01,2.529451e+01,2.515413e+01,2.524773e+01,2.522100e+01,2.517419e+01,2.523437e+01,2.520763e+01,2.518088e+01,2.518088e+01,2.522768e+01,2.522768e+01,2.518757e+01,2.516082e+01,2.526110e+01,2.518757e+01,2.520094e+01,2.518757e+01,2.531454e+01,2.528115e+01,2.530787e+01,2.524773e+01,2.521431e+01,2.521431e+01,2.522768e+01,2.526110e+01,2.542802e+01,2.524105e+01,2.542802e+01,2.535461e+01,2.526778e+01,2.529451e+01,2.524105e+01,2.530119e+01,2.527446e+01,2.525442e+01,2.530119e+01,2.524773e+01,2.536129e+01,2.523437e+01,2.524773e+01,2.530119e+01,2.526778e+01,2.514744e+01,2.532122e+01,2.536129e+01,2.526110e+01,2.525442e+01,2.535461e+01,2.542135e+01,2.536796e+01,2.530787e+01,2.536129e+01,2.532790e+01,2.534126e+01,2.524773e+01,2.540801e+01,2.538131e+01,2.532122e+01,2.532122e+01,2.542802e+01,2.523437e+01,2.540801e+01,2.531454e+01,2.540801e+01,2.540133e+01,2.529451e+01,2.529451e+01,2.538131e+01,2.548138e+01,2.534126e+01,2.546138e+01,2.532122e+01,2.536796e+01,2.536796e+01,2.534793e+01,2.536796e+01,2.532122e+01,2.530787e+01,2.540801e+01,2.541468e+01,2.536129e+01,2.536796e+01,2.530119e+01,2.534793e+01,2.534793e+01,2.538131e+01,2.537464e+01,2.535461e+01,2.540133e+01,2.534126e+01,2.530119e+01,2.538131e+01,2.533458e+01,2.533458e+01,2.534126e+01,2.534126e+01,2.511399e+01,2.533458e+01,2.529451e+01,2.530787e+01,2.542135e+01,2.530787e+01,2.528782e+01,2.529451e+01,2.542802e+01,2.548138e+01,2.536129e+01,2.540133e+01,2.530119e+01,2.534126e+01,2.533458e+01,2.526110e+01,2.506713e+01,2.523437e+01,2.524105e+01,2.524105e+01,2.528782e+01,2.518757e+01,2.530119e+01,2.538131e+01,2.538131e+01,2.522100e+01,2.528782e+01,2.522100e+01,2.527446e+01,2.527446e+01,2.530787e+01,2.518088e+01,2.521431e+01,2.523437e+01,2.535461e+01,2.530119e+01,2.525442e+01,2.523437e+01,2.523437e+01,2.527446e+01,2.524773e+01,2.528782e+01,2.527446e+01,2.520763e+01,2.526778e+01,2.524773e+01,2.535461e+01,2.519426e+01,2.531454e+01,2.514075e+01,2.532122e+01,2.525442e+01,2.524105e+01,2.537464e+01,2.509391e+01,2.519426e+01,2.487281e+01,2.461763e+01,2.435509e+01,2.411215e+01,2.408512e+01,2.396341e+01,2.354987e+01,2.365172e+01,2.367886e+01,2.369921e+01,2.384155e+01,2.394311e+01,2.399723e+01,2.438205e+01,2.458401e+01,2.482585e+01,2.487281e+01,2.504035e+01,2.513406e+01,2.508722e+01,2.523437e+01,2.518757e+01,2.534793e+01,2.530787e+01,2.532790e+01,2.517419e+01,2.520094e+01,2.522768e+01,2.527446e+01,2.538131e+01,2.516082e+01,2.516082e+01,2.538799e+01,2.527446e+01,2.515413e+01,2.518757e+01,2.525442e+01,2.533458e+01,2.521431e+01,2.528782e+01,2.528115e+01,2.530787e+01,2.528782e+01,2.535461e+01,2.528115e+01,2.522768e+01,2.520763e+01,2.522100e+01,2.524105e+01,2.530119e+01,2.519426e+01,2.524773e+01,2.521431e+01,2.516082e+01,2.519426e+01,2.523437e+01,2.526110e+01,2.526110e+01,2.524773e+01,2.518088e+01,2.509391e+01,2.526110e+01,2.491975e+01,2.520094e+01,2.531454e+01,2.524105e+01,2.530119e+01,2.523437e+01,2.520763e+01,2.524105e+01,2.522100e+01,2.517419e+01,2.518757e+01,2.531454e+01,2.515413e+01,2.520094e+01,2.523437e+01,2.528115e+01,2.529451e+01,2.524773e+01,2.508722e+01,2.518088e+01,2.529451e+01,2.518757e+01,2.520094e+01,2.520094e+01,2.516751e+01,2.514744e+01,2.539466e+01,2.515413e+01,2.524105e+01,2.525442e+01,2.518757e+01,2.529451e+01,2.499347e+01,2.514075e+01,2.514744e+01,2.517419e+01,2.524773e+01,2.507383e+01,2.518088e+01,2.524773e+01
2.485269e+01,2.488622e+01,2.493986e+01,2.485940e+01,2.483256e+01,2.498677e+01,2.478558e+01,2.485269e+01,2.488622e+01,2.500017e+01,2.502696e+01,2.493316e+01,2.491975e+01,2.494656e+01,2.495997e+01,2.493986e+01,2.489964e+01,2.488622e+01,2.491305e+01,2.487952e+01,2.502026e+01,2.506044e+01,2.498007e+01,2.498007e+01,2.502696e+01,2.500017e+01,2.492645e+01,2.500017e+01,2.510730e+01,2.508052e+01,2.511399e+01,2.504705e+01,2.506044e+01,2.512737e+01,2.504705e+01,2.512737e+01,2.504035e+01,2.507383e+01,2.509391e+01,2.501357e+01,2.497337e+01,2.503366e+01,2.512737e+01,2.519426e+01,2.490634e+01,2.510730e+01,2.492645e+01,2.508722e+01,2.496667e+01,2.505375e+01,2.508722e+01,2.510060e+01,2.497337e+01,2.495997e+01,2.496667e+01,2.500017e+01,2.504035e+01,2.502696e+01,2.501357e+01,2.508722e+01,2.495326e+01,2.501357e+01,2.494656e+01,2.508052e+01,2.499347e+01,2.499347e+01,2.499347e+01,2.506044e+01,2.502026e+01,2.502696e+01,2.507383e+01,2.501357e+01,2.494656e+01,2.501357e+01,2.512737e+01,2.498677e+01,2.493986e+01,2.502026e+01,2.491975e+01,2.495997e+01,2.496667e+01,2.491305e+01,2.489964e+01,2.498677e+01,2.492645e+01,2.477216e+01,2.496667e+01,2.495326e+01,2.493986e+01,2.491305e+01,2.489293e+01,2.485940e+01,2.474530e+01,2.485940e+01,2.487952e+01,2.475873e+01,2.479230e+01,2.468484e+01,2.477887e+01,2.486610e+01,2.483256e+01,2.481914e+01,2.487281e+01,2.481914e+01,2.481243e+01,2.481914e+01,2.478558e+01,2.477887e+01,2.464452e+01,2.465124e+01,2.464452e+01,2.464452e+01,2.463108e+01,2.467813e+01,2.459073e+01,2.464452e+01,2.471844e+01,2.455038e+01,2.466469e+01,2.467813e+01,2.469156e+01,2.467813e+01,2.463108e+01,2.463780e+01,2.463780e+01,2.464452e+01,2.464452e+01,2.463108e+01,2.469156e+01,2.465796e+01,2.452346e+01,2.451673e+01,2.453692e+01,2.454365e+01,2.459073e+01,2.491305e+01,2.462436e+01,2.465124e+01,2.460419e+01,2.461763e+01,2.458401e+01,2.459746e+01,2.467813e+01,2.461091e+01,2.455038e+01,2.466469e+01,2.448981e+01,2.460419e+01,2.465796e+01,2.469156e+01,2.482585e+01,2.461091e+01,2.466469e+01,2.461091e+01,2.463780e+01,2.472515e+01,2.473187e+01,2.482585e+01,2.470500e+01,2.479901e+01,2.485940e+01,2.473858e+01,2.471172e+01,2.472515e+01,2.491975e+01,2.475873e+01,2.454365e+01,2.479230e+01,2.477216e+01,2.477216e+01,2.477216e+01,2.476544e+01,2.478558e+01,2.489964e+01,2.489293e+01,2.483256e+01,2.478558e+01,2.486610e+01,2.481914e+01,2.483256e+01,2.505375e+01,2.500687e+01,2.490634e+01,2.489293e+01,2.507383e+01,2.497337e+01,2.498677e+01,2.502696e+01,2.512068e+01,2.495997e+01,2.514744e+01,2.511399e+01,2.513406e+01,2.512737e+01,2.529451e+01,2.519426e+01,2.522100e+01,2.542802e+01,2.538131e+01,2.537464e+01,2.565462e+01,2.565462e+01,2.567459e+01,2.566127e+01,2.576773e+01,2.588736e+01,2.588736e+01,2.590065e+01,2.601350e+01,2.619911e+01,2.621898e+01,2.628517e+01,2.627855e+01,2.646370e+01,2.646370e+01,2.643727e+01,2.640422e+01,2.668149e+01,2.664852e+01,2.660235e+01,2.652975e+01,2.654295e+01,2.666171e+01,2.657595e+01,2.654295e+01,2.660235e+01,2.651654e+01,2.633810e+01,2.646370e+01,2.633149e+01,2.645709e+01,2.637117e+01,2.630502e+01,2.629179e+01,2.595377e+01,2.593385e+01,2.600686e+01,2.599359e+01,2.603340e+01,2.587408e+01,2.589401e+01,2.568790e+01,2.587408e+01,2.588736e+01,2.577438e+01,2.551472e+01,2.552805e+01,2.554138e+01,2.552805e+01,2.549472e+01,2.553472e+01,2.555471e+01,2.527446e+01,2.528115e+01,2.528782e+01,2.538131e+01,2.532790e+01,2.556804e+01,2.563464e+01,2.553472e+01,2.574778e+01,2.572782e+01,2.586079e+01,2.568124e+01,2.590729e+01,2.603340e+01,2.584085e+01,2.576773e+01,2.605330e+01,2.579433e+01,2.586743e+01,2.578103e+01,2.570121e+01,2.542802e+01,2.544804e+01,2.534793e+01,2.494656e+01,2.513406e+01,2.490634e+01,2.488622e+01,2.473187e+01,2.504705e+01,2.502026e+01,2.493986e+01,2.487281e+01,2.493986e+01,2.496667e+01,2.493316e+01,2.495326e+01,2.500687e+01,2.508052e+01,2.505375e+01,2.503366e+01,2.504705e+01,2.505375e+01,2.508722e+01,2.505375e+01,2.511399e+01,2.518757e+01,2.504705e+01,2.516751e+01,2.504035e+01,2.508722e+01,2.516082e+01,2.510730e+01,2.509391e+01,2.512737e+01,2.514075e+01,2.515413e+01,2.516082e+01,2.516751e+01,2.511399e+01,2.511399e+01,2.510730e+01,2.510060e+01,2.516082e+01,2.516751e+01,2.516082e+01,2.516082e+01,2.516751e+01,2.512737e+01,2.518088e+01,2.520763e+01,2.518757e+01,2.511399e+01,2.517419e+01,2.503366e+01,2.514075e+01,2.520763e+01,2.517419e+01,2.518757e+01,2.521431e+01,2.524773e+01,2.515413e+01,2.526778e+01,2.539466e+01,2.513406e+01,2.527446e+01,2.505375e+01,2.516082e+01,2.530119e+01,2.509391e+01,2.516082e+01,2.524105e+01,2.515413e+01,2.513406e+01,2.514075e+01,2.515413e+01,2.524773e+01,2.520094e+01,2.520763e+01,2.513406e+01,2.528782e+01,2.513406e+01,2.522100e+01,2.525442e+01,2.524773e+01,2.516082e+01,2.516082e+01,2.516082e+01,2.515413e+01,2.519426e+01,2.511399e+01,2.516751e+01,2.517419e+01,2.517419e+01,2.509391e+01,2.511399e+01,2.514075e+01,2.512737e+01,2.516082e+01,2.517419e+01,2.522100e+01,2.518088e+01,2.514075e+01,2.524773e+01,2.521431e+01,2.510730e+01,2.516082e+01,2.505375e+01,2.505375e+01,2.513406e+01,2.517419e+01,2.526778e+01,2.504705e+01,2.512068e+01,2.520763e+01,2.518088e+01,2.520094e+01,2.520763e+01,2.520763e+01,2.522768e+01,2.522100e+01,2.516082e+01,2.514744e+01,2.516082e+01,2.514075e+01,2.521431e+01,2.529451e+01,2.520094e+01,2.528115e+01,2.520763e+01,2.522100e+01,2.522100e+01,2.520763e+01,2.523437e+01,2.524105e+01,2.524773e+01,2.522768e+01,2.528782e+01,2.537464e+01,2.534793e+01,2.540133e+01,2.525442e+01,2.528782e+01,2.530119e+01,2.524773e+01,2.537464e+01,2.528782e+01,2.531454e+01,2.532122e+01,2.526110e+01,2.542802e+01,2.528115e+01,2.521431e+01,2.522768e+01,2.524105e+01,2.522100e+01,2.528782e+01,2.533458e+01,2.530787e+01,2.532790e+01,2.539466e+01,2.532790e+01,2.534126e+01,2.534793e+01,2.527446e+01,2.528115e+01,2.540133e+01,2.525442e+01,2.533458e+01,2.529451e+01,2.531454e+01,2.531454e+01,2.534126e+01,2.537464e+01,2.526778e+01,2.536129e+01,2.540801e+01,2.541468e+01,2.545471e+01,2.544804e+01,2.532122e+01,2.544137e+01,2.531454e+01,2.534126e+01,2.536129e+01,2.542802e+01,2.530787e+01,2.542135e+01,2.531454e+01,2.542135e+01,2.534793e+01,2.532790e+01,2.532790e+01,2.541468e+01,2.542802e+01,2.537464e+01,2.534793e+01,2.535461e+01,2.530787e+01,2.530787e+01,2.534126e+01,2.536796e+01,2.532790e+01,2.539466e+01,2.532122e+01,2.535461e+01,2.530787e+01,2.533458e+01,2.531454e+01,2.531454e+01,2.531454e+01,2.532790e+01,2.527446e+01,2.525442e+01,2.532122e+01,2.536129e+01,2.539466e+01,2.526778e+01,2.531454e+01,2.533458e+01,2.528782e+01,2.532790e+01,2.534126e+01,2.539466e+01,2.531454e+01,2.542802e+01,2.522768e+01,2.526110e+01,2.527446e+01,2.518088e+01,2.542802e+01,2.532122e+01,2.520094e+01,2.521431e+01,2.525442e+01,2.530119e+01,2.527446e+01,2.530787e+01,2.525442e+01,2.528782e+01,2.534793e+01,2.527446e+01,2.534126e+01,2.528782e+01,2.527446e+01,2.522100e+01,2.532790e+01,2.532122e+01,2.529451e+01,2.526778e+01,2.533458e+01,2.534126e+01,2.522768e+01,2.523437e+01,2.532122e+01,2.526778e+01,2.525442e+01,2.522100e+01,2.532122e+01,2.523437e+01,2.531454e+01,2.524773e+01,2.519426e+01,2.516751e+01,2.520763e+01,2.491305e+01,2.487281e+01,2.452346e+01,2.426068e+01,2.413917e+01,2.412566e+01,2.378735e+01,2.359741e+01,2.371277e+01,2.375346e+01,2.375346e+01,2.380091e+01,2.399047e+01,2.430115e+01,2.467141e+01,2.494656e+01,2.487952e+01,2.506044e+01,2.517419e+01,2.525442e+01,2.518088e+01,2.526110e+01,2.515413e+01,2.527446e+01,2.532790e+01,2.535461e+01,2.520763e+01,2.517419e+01,2.530119e+01,2.532790e+01,2.525442e+01,2.544137e+01,2.523437e+01,2.531454e+01,2.518757e+01,2.528115e+01,2.518757e+01,2.522768e+01,2.530119e+01,2.519426e+01,2.522768e+01,2.522100e+01,2.522768e+01,2.526110e+01,2.538131e+01,2.522100e+01,2.524773e+01,2.532790e+01,2.523437e+01,2.524773e+01,2.518757e+01,2.521431e+01,2.517419e+01,2.525442e+01,2.526778e+01,2.534793e+01,2.510060e+01,2.529451e+01,2.524773e+01,2.530119e+01,2.525442e+01,2.518757e+01,2.526110e+01,2.521431e+01,2.522100e+01,2.524105e+01,2.503366e+01,2.532790e+01,2.525442e+01,2.527446e+01,2.530119e+01,2.508052e+01,2.520763e+01,2.511399e+01,2.542802e+01,2.527446e+01,2.512068e+01,2.524105e+01,2.510730e+01,2.527446e+01,2.532122e+01,2.524105e+01,2.530119e+01,2.526110e+01,2.514744e+01,2.528782e+01,2.522768e+01,2.536796e+01,2.528115e+01,2.506713e+01,2.516751e+01,2.536129e+01,2.514744e+01,2.506044e+01,2.527446e+01,2.540801e+01,2.522100e+01,2.535461e+01,2.516751e+01,2.515413e+01,2.503366e+01,2.528782e+01,2.531454e+01
2.474530e+01,2.494656e+01,2.484598e+01,2.473187e+01,2.483256e+01,2.485269e+01,2.479230e+01,2.496667e+01,2.490634e+01,2.488622e+01,2.491975e+01,2.493986e+01,2.495326e+01,2.487952e+01,2.495326e+01,2.495997e+01,2.495997e+01,2.489293e+01,2.485269e+01,2.489293e+01,2.510730e+01,2.498007e+01,2.489964e+01,2.482585e+01,2.481243e+01,2.496667e+01,2.498677e+01,2.498677e+01,2.502696e+01,2.500017e+01,2.491975e+01,2.500687e+01,2.506713e+01,2.491975e+01,2.505375e+01,2.506713e+01,2.504705e+01,2.503366e+01,2.491305e+01,2.494656e+01,2.497337e+01,2.502696e+01,2.500017e+01,2.494656e+01,2.487281e+01,2.504035e+01,2.508722e+01,2.489293e+01,2.498677e+01,2.504035e+01,2.500687e+01,2.489293e+01,2.513406e+01,2.494656e+01,2.498677e+01,2.498007e+01,2.502696e+01,2.500687e+01,2.508722e+01,2.504705e+01,2.503366e+01,2.491305e+01,2.490634e+01,2.499347e+01,2.495326e+01,2.506044e+01,2.502026e+01,2.487281e+01,2.502696e+01,2.510730e+01,2.485269e+01,2.489293e+01,2.504035e+01,2.485269e+01,2.483256e+01,2.488622e+01,2.502026e+01,2.493986e+01,2.500017e+01,2.498007e+01,2.489293e+01,2.490634e+01,2.496667e+01,2.491975e+01,2.495326e+01,2.497337e+01,2.490634e+01,2.488622e+01,2.490634e+01,2.491975e+01,2.491305e+01,2.495997e+01,2.489293e+01,2.484598e+01,2.474530e+01,2.478558e+01,2.482585e+01,2.493986e+01,2.466469e+01,2.481914e+01,2.484598e+01,2.478558e+01,2.465796e+01,2.482585e+01,2.478558e+01,2.473858e+01,2.475201e+01,2.466469e+01,2.476544e+01,2.481914e+01,2.465796e+01,2.471844e+01,2.471844e+01,2.465796e+01,2.454365e+01,2.457728e+01,2.465796e+01,2.461763e+01,2.471844e+01,2.453692e+01,2.465124e+01,2.465796e+01,2.469156e+01,2.463108e+01,2.456383e+01,2.463108e+01,2.465796e+01,2.467141e+01,2.464452e+01,2.463780e+01,2.453692e+01,2.446288e+01,2.451000e+01,2.459746e+01,2.453019e+01,2.462436e+01,2.460419e+01,2.460419e+01,2.459746e+01,2.467141e+01,2.459073e+01,2.459746e+01,2.457056e+01,2.455038e+01,2.456383e+01,2.472515e+01,2.457728e+01,2.463780e+01,2.456383e+01,2.463108e+01,2.468484e+01,2.461763e+01,2.465796e+01,2.464452e+01,2.471172e+01,2.487281e+01,2.469156e+01,2.472515e+01,2.465796e+01,2.469156e+01,2.471844e+01,2.463780e+01,2.471172e+01,2.469156e+01,2.477216e+01,2.476544e+01,2.478558e+01,2.481914e+01,2.476544e+01,2.478558e+01,2.465124e+01,2.477216e+01,2.493316e+01,2.493316e+01,2.489293e+01,2.489293e+01,2.485940e+01,2.490634e+01,2.489293e+01,2.490634e+01,2.488622e+01,2.502026e+01,2.489964e+01,2.486610e+01,2.486610e+01,2.508722e+01,2.516751e+01,2.507383e+01,2.510060e+01,2.505375e+01,2.513406e+01,2.513406e+01,2.525442e+01,2.526110e+01,2.532122e+01,2.540801e+01,2.541468e+01,2.555471e+01,2.556804e+01,2.568124e+01,2.578103e+01,2.582092e+01,2.582092e+01,2.596041e+01,2.617924e+01,2.612623e+01,2.633149e+01,2.638439e+01,2.654955e+01,2.651654e+01,2.676717e+01,2.678034e+01,2.695804e+01,2.694489e+01,2.681327e+01,2.684619e+01,2.711575e+01,2.711575e+01,2.711575e+01,2.712231e+01,2.708291e+01,2.700406e+01,2.699749e+01,2.708291e+01,2.698434e+01,2.697777e+01,2.697119e+01,2.704349e+01,2.698434e+01,2.681986e+01,2.678034e+01,2.664852e+01,2.664852e+01,2.648352e+01,2.644388e+01,2.640422e+01,2.621235e+01,2.642405e+01,2.637778e+01,2.615274e+01,2.615274e+01,2.609971e+01,2.612623e+01,2.608646e+01,2.589401e+01,2.588736e+01,2.589401e+01,2.588072e+01,2.573447e+01,2.556804e+01,2.550805e+01,2.557470e+01,2.530787e+01,2.554138e+01,2.556804e+01,2.531454e+01,2.550805e+01,2.548138e+01,2.542135e+01,2.566793e+01,2.561466e+01,2.583421e+01,2.590065e+01,2.593385e+01,2.611960e+01,2.609971e+01,2.631826e+01,2.629179e+01,2.615274e+01,2.605993e+01,2.605993e+01,2.594049e+01,2.577438e+01,2.574113e+01,2.546805e+01,2.544804e+01,2.512737e+01,2.491975e+01,2.493986e+01,2.481243e+01,2.484598e+01,2.482585e+01,2.506713e+01,2.508052e+01,2.505375e+01,2.492645e+01,2.505375e+01,2.509391e+01,2.510060e+01,2.500017e+01,2.501357e+01,2.507383e+01,2.500687e+01,2.505375e+01,2.513406e+01,2.517419e+01,2.510730e+01,2.505375e+01,2.501357e+01,2.509391e+01,2.519426e+01,2.512737e+01,2.506044e+01,2.508052e+01,2.515413e+01,2.510730e+01,2.510060e+01,2.508052e+01,2.514744e+01,2.511399e+01,2.510730e+01,2.512737e+01,2.510730e+01,2.512737e+01,2.507383e+01,2.506044e+01,2.522100e+01,2.504705e+01,2.512068e+01,2.518757e+01,2.510060e+01,2.505375e+01,2.521431e+01,2.514744e+01,2.518088e+01,2.516082e+01,2.516082e+01,2.513406e+01,2.512737e+01,2.510730e+01,2.511399e+01,2.520094e+01,2.518757e+01,2.515413e+01,2.521431e+01,2.512068e+01,2.513406e+01,2.506044e+01,2.508052e+01,2.515413e+01,2.517419e+01,2.521431e+01,2.507383e+01,2.522768e+01,2.516082e+01,2.514075e+01,2.512737e+01,2.516082e+01,2.506713e+01,2.507383e+01,2.508722e+01,2.509391e+01,2.520094e+01,2.510730e+01,2.516082e+01,2.514744e+01,2.526110e+01,2.512068e+01,2.528782e+01,2.520094e+01,2.520763e+01,2.511399e+01,2.512068e+01,2.516082e+01,2.508052e+01,2.520763e+01,2.512737e+01,2.512737e+01,2.514075e+01,2.511399e+01,2.520094e+01,2.516751e+01,2.516751e+01,2.517419e+01,2.514075e+01,2.511399e+01,2.514075e+01,2.518757e+01,2.522768e+01,2.522100e+01,2.521431e+01,2.522100e+01,2.521431e+01,2.510730e+01,2.514075e+01,2.516751e+01,2.514075e+01,2.510730e+01,2.526110e+01,2.517419e+01,2.504035e+01,2.510730e+01,2.509391e+01,2.518088e+01,2.519426e+01,2.516751e+01,2.524105e+01,2.531454e+01,2.516082e+01,2.518088e+01,2.520763e+01,2.508052e+01,2.520763e+01,2.510730e+01,2.523437e+01,2.520763e+01,2.522100e+01,2.529451e+01,2.524105e+01,2.526110e+01,2.532122e+01,2.526778e+01,2.524105e+01,2.525442e+01,2.532790e+01,2.524105e+01,2.534793e+01,2.531454e+01,2.528115e+01,2.526778e+01,2.528782e+01,2.530787e+01,2.523437e+01,2.524105e+01,2.522100e+01,2.522100e+01,2.523437e+01,2.523437e+01,2.525442e+01,2.502696e+01,2.532122e+01,2.533458e+01,2.526778e+01,2.526110e+01,2.526110e+01,2.528115e+01,2.532790e+01,2.530787e+01,2.518757e+01,2.523437e+01,2.530119e+01,2.525442e+01,2.526778e+01,2.533458e+01,2.529451e+01,2.532790e+01,2.530119e+01,2.529451e+01,2.533458e+01,2.534793e+01,2.535461e+01,2.532122e+01,2.524105e+01,2.526778e+01,2.530787e+01,2.534793e+01,2.532122e+01,2.532790e+01,2.537464e+01,2.548805e+01,2.530787e+01,2.536796e+01,2.532790e+01,2.534126e+01,2.538799e+01,2.540133e+01,2.536129e+01,2.534793e+01,2.536129e+01,2.534793e+01,2.536796e+01,2.532790e+01,2.532122e+01,2.533458e+01,2.534793e+01,2.541468e+01,2.542135e+01,2.527446e+01,2.530119e+01,2.533458e+01,2.532122e+01,2.530787e+01,2.533458e+01,2.535461e+01,2.537464e+01,2.536796e+01,2.526778e+01,2.526110e+01,2.520094e+01,2.522768e+01,2.522100e+01,2.529451e+01,2.526778e+01,2.536796e+01,2.537464e+01,2.519426e+01,2.532122e+01,2.542135e+01,2.522100e+01,2.524105e+01,2.546138e+01,2.528782e+01,2.520094e+01,2.529451e+01,2.523437e+01,2.528115e+01,2.538131e+01,2.536129e+01,2.524105e+01,2.532122e+01,2.530119e+01,2.526110e+01,2.536129e+01,2.532790e+01,2.532122e+01,2.529451e+01,2.527446e+01,2.532790e+01,2.515413e+01,2.522768e+01,2.529451e+01,2.521431e+01,2.537464e+01,2.532122e+01,2.522100e+01,2.522100e+01,2.528782e+01,2.522100e+01,2.521431e+01,2.520763e+01,2.523437e+01,2.520763e+01,2.518757e+01,2.518088e+01,2.518757e+01,2.511399e+01,2.502026e+01,2.484598e+01,2.467141e+01,2.437531e+01,2.412566e+01,2.403105e+01,2.394311e+01,2.382123e+01,2.380091e+01,2.352270e+01,2.366529e+01,2.378735e+01,2.393634e+01,2.430790e+01,2.438878e+01,2.469828e+01,2.471172e+01,2.506044e+01,2.504705e+01,2.504035e+01,2.513406e+01,2.529451e+01,2.530119e+01,2.526110e+01,2.520763e+01,2.526778e+01,2.534793e+01,2.522768e+01,2.527446e+01,2.513406e+01,2.530787e+01,2.538131e+01,2.517419e+01,2.523437e+01,2.524105e+01,2.521431e+01,2.523437e+01,2.524773e+01,2.530119e+01,2.520094e+01,2.520763e+01,2.520763e+01,2.524773e+01,2.519426e+01,2.519426e+01,2.527446e+01,2.530119e+01,2.522100e+01,2.518088e+01,2.524105e+01,2.519426e+01,2.511399e+01,2.516751e+01,2.525442e+01,2.520094e+01,2.522768e+01,2.533458e+01,2.532790e+01,2.510730e+01,2.529451e+01,2.524773e+01,2.510060e+01,2.510060e+01,2.523437e+01,2.521431e+01,2.520094e+01,2.521431e+01,2.534126e+01,2.525442e+01,2.525442e+01,2.524105e+01,2.516082e+01,2.531454e+01,2.507383e+01,2.518757e+01,2.520094e+01,2.524773e+01,2.519426e+01,2.526110e+01,2.531454e+01,2.526110e+01,2.533458e+01,2.514075e+01,2.516751e+01,2.508052e+01,2.530119e+01,2.522768e+01,2.516751e+01,2.524773e+01,2.512068e+01,2.522768e+01,2.516082e+01,2.524105e+01,2.515413e+01,2.516751e+01,2.526778e+01,2.524773e+01,2.526778e+01,2.518088e+01,2.518088e+01,2.519426e+01,2.520094e+01,2.518088e+01,2.518757e+01
2.491305e+01,2.483927e+01,2.483256e+01,2.483256e+01,2.488622e+01,2.478558e+01,2.477887e+01,2.493986e+01,2.481243e+01,2.499347e+01,2.492645e+01,2.491975e+01,2.493316e+01,2.483927e+01,2.486610e+01,2.486610e+01,2.498677e+01,2.486610e+01,2.488622e+01,2.500687e+01,2.489293e+01,2.485940e+01,2.489964e+01,2.509391e+01,2.495326e+01,2.507383e+01,2.497337e+01,2.504705e+01,2.497337e+01,2.503366e+01,2.484598e+01,2.494656e+01,2.502026e+01,2.503366e+01,2.504035e+01,2.504035e+01,2.506044e+01,2.504035e+01,2.503366e+01,2.504705e+01,2.506044e+01,2.504705e+01,2.491305e+01,2.512068e+01,2.508722e+01,2.496667e+01,2.502696e+01,2.502026e+01,2.505375e+01,2.487952e+01,2.498677e+01,2.502696e+01,2.491975e+01,2.498007e+01,2.508052e+01,2.500017e+01,2.497337e+01,2.494656e+01,2.495997e+01,2.508722e+01,2.507383e+01,2.497337e+01,2.500017e+01,2.497337e+01,2.501357e+01,2.499347e+01,2.495997e+01,2.498677e+01,2.500687e+01,2.486610e+01,2.490634e+01,2.484598e+01,2.481243e+01,2.485269e+01,2.493986e+01,2.504035e+01,2.500017e+01,2.503366e+01,2.489964e+01,2.489964e+01,2.506713e+01,2.462436e+01,2.487281e+01,2.491305e+01,2.493316e+01,2.487952e+01,2.495326e+01,2.485269e+01,2.487952e+01,2.491305e+01,2.491975e+01,2.475873e+01,2.484598e+01,2.477887e+01,2.485269e+01,2.484598e+01,2.481914e+01,2.478558e+01,2.485940e+01,2.478558e+01,2.491975e+01,2.478558e+01,2.463780e+01,2.477887e+01,2.475201e+01,2.475201e+01,2.478558e+01,2.475201e+01,2.467813e+01,2.469828e+01,2.471844e+01,2.478558e+01,2.469156e+01,2.474530e+01,2.468484e+01,2.465796e+01,2.472515e+01,2.466469e+01,2.471172e+01,2.471844e+01,2.468484e+01,2.461763e+01,2.465124e+01,2.463780e+01,2.471844e+01,2.463108e+01,2.462436e+01,2.471844e+01,2.458401e+01,2.460419e+01,2.465124e+01,2.444941e+01,2.461763e+01,2.459746e+01,2.459073e+01,2.463780e+01,2.453692e+01,2.463108e+01,2.446961e+01,2.458401e+01,2.460419e+01,2.458401e+01,2.463108e+01,2.446961e+01,2.455710e+01,2.459746e+01,2.453692e+01,2.468484e+01,2.466469e+01,2.453019e+01,2.459073e+01,2.459073e+01,2.461091e+01,2.476544e+01,2.459746e+01,2.465796e+01,2.463108e+01,2.479230e+01,2.471844e+01,2.473858e+01,2.473858e+01,2.479230e+01,2.477887e+01,2.476544e+01,2.477216e+01,2.471172e+01,2.480572e+01,2.470500e+01,2.483927e+01,2.483256e+01,2.477887e+01,2.459746e+01,2.479901e+01,2.471844e+01,2.486610e+01,2.482585e+01,2.490634e+01,2.486610e+01,2.485269e+01,2.486610e+01,2.489293e+01,2.486610e+01,2.495997e+01,2.502696e+01,2.504705e+01,2.504035e+01,2.513406e+01,2.526110e+01,2.495997e+01,2.524773e+01,2.516751e+01,2.524773e+01,2.526778e+01,2.534793e+01,2.547471e+01,2.554138e+01,2.556137e+01,2.558136e+01,2.577438e+01,2.576773e+01,2.593385e+01,2.607982e+01,2.631826e+01,2.632487e+01,2.635794e+01,2.668149e+01,2.671445e+01,2.668149e+01,2.691858e+01,2.716826e+01,2.717483e+01,2.725355e+01,2.725355e+01,2.737807e+01,2.733876e+01,2.737807e+01,2.739117e+01,2.754170e+01,2.754824e+01,2.755478e+01,2.755478e+01,2.755478e+01,2.751554e+01,2.762015e+01,2.751554e+01,2.754170e+01,2.739117e+01,2.740427e+01,2.716826e+01,2.739117e+01,2.708291e+01,2.713544e+01,2.716170e+01,2.703035e+01,2.687910e+01,2.684619e+01,2.683961e+01,2.678693e+01,2.669468e+01,2.666831e+01,2.666171e+01,2.654295e+01,2.639100e+01,2.652975e+01,2.641084e+01,2.628517e+01,2.619911e+01,2.598032e+01,2.589401e+01,2.589401e+01,2.566127e+01,2.568790e+01,2.562132e+01,2.585415e+01,2.553472e+01,2.555471e+01,2.545471e+01,2.562798e+01,2.580762e+01,2.578768e+01,2.594049e+01,2.594049e+01,2.612623e+01,2.615274e+01,2.624546e+01,2.633810e+01,2.649012e+01,2.650333e+01,2.630502e+01,2.634472e+01,2.627855e+01,2.602013e+01,2.584085e+01,2.572782e+01,2.554138e+01,2.531454e+01,2.512737e+01,2.512737e+01,2.495997e+01,2.482585e+01,2.501357e+01,2.499347e+01,2.487952e+01,2.494656e+01,2.491975e+01,2.500687e+01,2.489964e+01,2.479230e+01,2.499347e+01,2.499347e+01,2.504035e+01,2.505375e+01,2.504705e+01,2.514075e+01,2.504035e+01,2.508052e+01,2.510730e+01,2.511399e+01,2.510730e+01,2.504705e+01,2.510060e+01,2.506044e+01,2.501357e+01,2.509391e+01,2.514744e+01,2.510730e+01,2.508052e+01,2.505375e+01,2.514744e+01,2.504705e+01,2.512068e+01,2.514075e+01,2.511399e+01,2.514075e+01,2.513406e+01,2.512068e+01,2.512068e+01,2.522100e+01,2.505375e+01,2.515413e+01,2.518757e+01,2.510730e+01,2.504035e+01,2.514075e+01,2.516082e+01,2.519426e+01,2.517419e+01,2.514744e+01,2.512068e+01,2.512068e+01,2.511399e+01,2.518757e+01,2.518088e+01,2.518088e+01,2.517419e+01,2.516751e+01,2.524773e+01,2.514744e+01,2.524773e+01,2.519426e+01,2.523437e+01,2.508722e+01,2.512737e+01,2.517419e+01,2.523437e+01,2.519426e+01,2.522768e+01,2.512737e+01,2.509391e+01,2.522100e+01,2.520094e+01,2.522768e+01,2.515413e+01,2.514075e+01,2.513406e+01,2.524773e+01,2.526778e+01,2.526778e+01,2.519426e+01,2.512737e+01,2.510730e+01,2.512737e+01,2.510730e+01,2.516751e+01,2.520763e+01,2.512068e+01,2.520094e+01,2.517419e+01,2.523437e+01,2.506713e+01,2.509391e+01,2.502026e+01,2.500017e+01,2.515413e+01,2.514075e+01,2.508052e+01,2.528115e+01,2.512737e+01,2.512737e+01,2.512737e+01,2.512068e+01,2.512737e+01,2.519426e+01,2.515413e+01,2.518757e+01,2.531454e+01,2.520763e+01,2.515413e+01,2.519426e+01,2.516082e+01,2.520763e+01,2.524773e+01,2.520094e+01,2.515413e+01,2.524105e+01,2.522100e+01,2.511399e+01,2.516082e+01,2.518757e+01,2.518757e+01,2.525442e+01,2.510730e+01,2.520763e+01,2.512737e+01,2.520763e+01,2.522100e+01,2.526778e+01,2.522768e+01,2.527446e+01,2.538131e+01,2.522768e+01,2.538131e+01,2.528115e+01,2.528115e+01,2.532790e+01,2.529451e+01,2.522768e+01,2.530787e+01,2.528115e+01,2.524773e+01,2.525442e+01,2.538131e+01,2.532122e+01,2.544137e+01,2.522768e+01,2.522768e+01,2.522100e+01,2.522100e+01,2.530787e+01,2.523437e+01,2.526110e+01,2.526778e+01,2.526778e+01,2.532122e+01,2.527446e+01,2.538131e+01,2.534793e+01,2.534126e+01,2.520094e+01,2.524105e+01,2.530787e+01,2.532790e+01,2.524773e+01,2.529451e+01,2.532122e+01,2.522768e+01,2.529451e+01,2.534126e+01,2.530787e+01,2.534126e+01,2.522100e+01,2.526778e+01,2.528115e+01,2.535461e+01,2.530119e+01,2.534793e+01,2.532790e+01,2.526778e+01,2.524773e+01,2.532790e+01,2.529451e+01,2.535461e+01,2.539466e+01,2.540801e+01,2.540801e+01,2.524773e+01,2.538799e+01,2.542802e+01,2.533458e+01,2.530787e+01,2.534126e+01,2.534126e+01,2.532122e+01,2.522100e+01,2.532122e+01,2.540133e+01,2.532790e+01,2.532790e+01,2.530787e+01,2.532122e+01,2.534793e+01,2.539466e+01,2.528115e+01,2.534793e+01,2.524773e+01,2.531454e+01,2.527446e+01,2.527446e+01,2.538799e+01,2.524105e+01,2.528115e+01,2.526110e+01,2.532790e+01,2.537464e+01,2.528782e+01,2.536796e+01,2.532122e+01,2.533458e+01,2.539466e+01,2.529451e+01,2.530119e+01,2.534793e+01,2.531454e+01,2.515413e+01,2.524105e+01,2.516751e+01,2.522100e+01,2.519426e+01,2.528115e+01,2.526110e+01,2.532790e+01,2.526110e+01,2.524773e+01,2.526110e+01,2.542135e+01,2.527446e+01,2.526110e+01,2.520094e+01,2.523437e+01,2.519426e+01,2.524773e+01,2.515413e+01,2.525442e+01,2.511399e+01,2.532122e+01,2.532790e+01,2.520094e+01,2.540801e+01,2.527446e+01,2.525442e+01,2.534126e+01,2.530787e+01,2.534126e+01,2.517419e+01,2.523437e+01,2.522100e+01,2.502026e+01,2.483927e+01,2.446288e+01,2.415268e+01,2.410540e+01,2.388896e+01,2.376024e+01,2.366529e+01,2.373312e+01,2.370599e+01,2.373312e+01,2.390927e+01,2.396341e+01,2.432812e+01,2.441573e+01,2.475873e+01,2.505375e+01,2.504705e+01,2.504705e+01,2.507383e+01,2.522100e+01,2.510730e+01,2.527446e+01,2.522100e+01,2.530119e+01,2.536129e+01,2.520763e+01,2.523437e+01,2.526778e+01,2.527446e+01,2.527446e+01,2.518088e+01,2.516751e+01,2.518088e+01,2.542135e+01,2.525442e+01,2.532790e+01,2.519426e+01,2.521431e+01,2.522768e+01,2.522768e+01,2.524105e+01,2.524773e+01,2.523437e+01,2.524773e+01,2.521431e+01,2.522100e+01,2.517419e+01,2.510060e+01,2.528782e+01,2.527446e+01,2.516751e+01,2.526778e+01,2.534126e+01,2.514744e+01,2.510730e+01,2.530787e+01,2.508722e+01,2.526778e+01,2.530119e+01,2.510060e+01,2.522768e+01,2.489964e+01,2.519426e+01,2.520094e+01,2.522768e+01,2.521431e+01,2.511399e+01,2.522100e+01,2.516751e+01,2.523437e+01,2.513406e+01,2.512068e+01,2.519426e+01,2.521431e+01,2.510060e+01,2.538799e+01,2.511399e+01,2.526110e+01,2.531454e+01,2.526778e+01,2.518088e+01,2.506713e+01,2.533458e+01,2.516751e+01,2.520763e+01,2.518088e+01,2.524105e+01,2.514075e+01,2.508052e+01,2.520763e+01,2.514744e+01,2.528115e+01,2.516082e+01,2.520094e+01,2.528115e+01,2.522768e+01,2.528115e+01,2.522100e+01,2.521431e+01,2.508722e+01,2.518757e+01,2.513406e+01,2.517419e+01
2.482585e+01,2.472515e+01,2.484598e+01,2.479230e+01,2.478558e+01,2.495326e+01,2.481914e+01,2.489293e+01,2.484598e+01,2.483927e+01,2.491975e+01,2.491975e+01,2.491305e+01,2.482585e+01,2.489964e+01,2.485269e+01,2.486610e+01,2.494656e+01,2.493986e+01,2.499347e+01,2.484598e+01,2.497337e+01,2.488622e+01,2.484598e+01,2.498677e+01,2.500017e+01,2.495997e+01,2.495326e+01,2.504705e+01,2.502026e+01,2.493316e+01,2.489964e+01,2.499347e+01,2.493316e+01,2.495326e+01,2.492645e+01,2.494656e+01,2.507383e+01,2.504705e+01,2.498677e+01,2.508052e+01,2.498677e+01,2.506044e+01,2.514075e+01,2.505375e+01,2.502026e+01,2.491305e+01,2.495326e+01,2.500687e+01,2.502696e+01,2.505375e+01,2.508722e+01,2.502696e+01,2.505375e+01,2.506044e+01,2.502696e+01,2.506713e+01,2.503366e+01,2.493316e+01,2.492645e+01,2.507383e+01,2.503366e+01,2.498677e+01,2.494656e+01,2.502696e+01,2.498677e+01,2.499347e+01,2.496667e+01,2.495997e+01,2.495997e+01,2.481243e+01,2.498677e+01,2.488622e+01,2.485269e+01,2.483927e+01,2.498677e+01,2.498007e+01,2.487952e+01,2.489964e+01,2.497337e+01,2.488622e+01,2.486610e+01,2.497337e+01,2.494656e+01,2.491305e+01,2.486610e+01,2.485940e+01,2.483256e+01,2.485940e+01,2.500017e+01,2.479230e+01,2.495997e+01,2.481914e+01,2.490634e+01,2.475873e+01,2.489293e+01,2.477887e+01,2.487952e+01,2.482585e+01,2.478558e+01,2.465796e+01,2.477887e+01,2.477216e+01,2.469156e+01,2.495326e+01,2.479230e+01,2.476544e+01,2.480572e+01,2.475201e+01,2.481914e+01,2.467141e+01,2.468484e+01,2.470500e+01,2.469156e+01,2.461091e+01,2.468484e+01,2.463780e+01,2.472515e+01,2.464452e+01,2.464452e+01,2.456383e+01,2.463108e+01,2.461763e+01,2.463108e+01,2.461091e+01,2.444941e+01,2.473858e+01,2.470500e+01,2.465796e+01,2.450327e+01,2.460419e+01,2.456383e+01,2.459746e+01,2.459073e+01,2.466469e+01,2.448308e+01,2.458401e+01,2.453019e+01,2.454365e+01,2.458401e+01,2.460419e+01,2.456383e+01,2.464452e+01,2.453692e+01,2.456383e+01,2.456383e+01,2.461763e+01,2.461091e+01,2.463780e+01,2.463108e+01,2.469156e+01,2.462436e+01,2.456383e+01,2.461091e+01,2.465796e+01,2.460419e+01,2.465796e+01,2.467141e+01,2.467813e+01,2.472515e+01,2.468484e+01,2.479230e+01,2.471844e+01,2.471844e+01,2.479901e+01,2.471172e+01,2.471172e+01,2.476544e+01,2.476544e+01,2.453692e+01,2.495997e+01,2.478558e+01,2.494656e+01,2.472515e+01,2.485940e+01,2.490634e+01,2.487281e+01,2.490634e+01,2.489293e+01,2.492645e+01,2.496667e+01,2.498677e+01,2.499347e+01,2.506044e+01,2.498007e+01,2.516751e+01,2.517419e+01,2.528115e+01,2.512737e+01,2.516082e+01,2.527446e+01,2.532122e+01,2.531454e+01,2.544137e+01,2.546805e+01,2.557470e+01,2.581427e+01,2.584085e+01,2.597368e+01,2.615274e+01,2.618586e+01,2.637778e+01,2.643727e+01,2.670127e+01,2.681986e+01,2.694489e+01,2.688568e+01,2.716170e+01,2.716826e+01,2.741082e+01,2.739772e+01,2.747628e+01,2.775078e+01,2.769855e+01,2.770508e+01,2.801807e+01,2.807014e+01,2.803109e+01,2.792036e+01,2.792036e+01,2.790732e+01,2.790080e+01,2.793339e+01,2.788125e+01,2.784212e+01,2.764629e+01,2.789429e+01,2.767242e+01,2.757440e+01,2.765936e+01,2.743701e+01,2.747628e+01,2.745010e+01,2.721420e+01,2.724699e+01,2.712231e+01,2.712231e+01,2.713544e+01,2.685277e+01,2.700406e+01,2.687910e+01,2.683961e+01,2.673422e+01,2.670127e+01,2.667490e+01,2.667490e+01,2.639100e+01,2.617924e+01,2.635794e+01,2.619911e+01,2.607319e+01,2.592721e+01,2.590065e+01,2.590729e+01,2.587408e+01,2.590729e+01,2.581427e+01,2.593385e+01,2.580762e+01,2.574778e+01,2.605330e+01,2.596704e+01,2.651654e+01,2.645049e+01,2.651654e+01,2.651654e+01,2.665512e+01,2.660895e+01,2.660895e+01,2.663533e+01,2.633149e+01,2.604667e+01,2.598032e+01,2.568790e+01,2.555471e+01,2.547471e+01,2.515413e+01,2.507383e+01,2.490634e+01,2.488622e+01,2.500687e+01,2.491975e+01,2.494656e+01,2.508722e+01,2.487952e+01,2.503366e+01,2.498677e+01,2.498677e+01,2.501357e+01,2.495326e+01,2.500017e+01,2.492645e+01,2.498007e+01,2.501357e+01,2.498677e+01,2.498677e+01,2.504705e+01,2.500687e+01,2.508052e+01,2.508052e+01,2.522768e+01,2.502026e+01,2.510060e+01,2.512737e+01,2.510060e+01,2.510060e+01,2.522100e+01,2.523437e+01,2.519426e+01,2.514744e+01,2.495997e+01,2.508722e+01,2.502696e+01,2.510060e+01,2.507383e+01,2.506044e+01,2.503366e+01,2.500687e+01,2.515413e+01,2.514075e+01,2.504035e+01,2.504705e+01,2.511399e+01,2.517419e+01,2.515413e+01,2.514075e+01,2.514744e+01,2.506044e+01,2.510060e+01,2.511399e+01,2.499347e+01,2.514744e+01,2.519426e+01,2.519426e+01,2.516082e+01,2.512737e+01,2.513406e+01,2.524773e+01,2.506713e+01,2.513406e+01,2.508722e+01,2.520094e+01,2.508722e+01,2.518088e+01,2.511399e+01,2.508052e+01,2.502696e+01,2.519426e+01,2.510730e+01,2.508052e+01,2.519426e+01,2.506713e+01,2.507383e+01,2.508722e+01,2.508052e+01,2.493986e+01,2.524105e+01,2.516751e+01,2.516751e+01,2.516082e+01,2.517419e+01,2.509391e+01,2.522100e+01,2.516082e+01,2.510060e+01,2.505375e+01,2.510730e+01,2.507383e+01,2.511399e+01,2.512068e+01,2.508722e+01,2.500017e+01,2.516082e+01,2.508722e+01,2.509391e+01,2.510730e+01,2.514075e+01,2.516082e+01,2.514744e+01,2.521431e+01,2.515413e+01,2.516751e+01,2.508052e+01,2.512068e+01,2.504705e+01,2.516082e+01,2.517419e+01,2.520094e+01,2.516082e+01,2.511399e+01,2.513406e+01,2.518757e+01,2.516751e+01,2.518088e+01,2.513406e+01,2.517419e+01,2.516751e+01,2.521431e+01,2.516751e+01,2.520763e+01,2.513406e+01,2.520094e+01,2.516751e+01,2.518757e+01,2.530787e+01,2.523437e+01,2.533458e+01,2.522768e+01,2.519426e+01,2.519426e+01,2.521431e+01,2.524105e+01,2.502696e+01,2.523437e+01,2.536796e+01,2.525442e+01,2.532790e+01,2.526110e+01,2.524773e+01,2.528115e+01,2.527446e+01,2.528115e+01,2.522100e+01,2.525442e+01,2.522768e+01,2.522100e+01,2.525442e+01,2.526778e+01,2.527446e+01,2.532122e+01,2.526110e+01,2.534793e+01,2.526778e+01,2.531454e+01,2.546138e+01,2.524773e+01,2.521431e+01,2.535461e+01,2.534126e+01,2.535461e+01,2.528115e+01,2.528782e+01,2.521431e+01,2.535461e+01,2.526778e+01,2.530787e+01,2.527446e+01,2.534126e+01,2.536796e+01,2.526110e+01,2.528782e+01,2.524773e+01,2.546138e+01,2.538799e+01,2.530787e+01,2.525442e+01,2.534793e+01,2.534126e+01,2.522768e+01,2.531454e+01,2.533458e+01,2.547471e+01,2.530119e+01,2.524105e+01,2.528115e+01,2.532122e+01,2.534126e+01,2.527446e+01,2.530787e+01,2.526778e+01,2.531454e+01,2.529451e+01,2.536129e+01,2.516751e+01,2.524105e+01,2.520094e+01,2.531454e+01,2.534793e+01,2.529451e+01,2.530119e+01,2.527446e+01,2.542802e+01,2.524105e+01,2.545471e+01,2.546138e+01,2.531454e+01,2.516082e+01,2.532790e+01,2.520763e+01,2.528782e+01,2.522100e+01,2.531454e+01,2.531454e+01,2.526110e+01,2.518088e+01,2.543469e+01,2.534793e+01,2.535461e+01,2.531454e+01,2.526778e+01,2.528115e+01,2.528115e+01,2.525442e+01,2.514075e+01,2.518088e+01,2.522100e+01,2.506044e+01,2.505375e+01,2.526778e+01,2.524773e+01,2.532122e+01,2.525442e+01,2.520094e+01,2.525442e+01,2.540133e+01,2.524105e+01,2.513406e+01,2.524773e+01,2.516751e+01,2.520094e+01,2.526778e+01,2.517419e+01,2.536796e+01,2.515413e+01,2.518088e+01,2.516751e+01,2.522100e+01,2.512068e+01,2.525442e+01,2.525442e+01,2.520094e+01,2.524105e+01,2.524773e+01,2.522100e+01,2.512737e+01,2.514744e+01,2.486610e+01,2.477216e+01,2.432138e+01,2.410540e+01,2.408512e+01,2.378735e+01,2.379413e+01,2.371277e+01,2.345473e+01,2.359741e+01,2.348192e+01,2.394311e+01,2.397018e+01,2.435509e+01,2.463780e+01,2.483256e+01,2.478558e+01,2.510730e+01,2.497337e+01,2.512737e+01,2.520763e+01,2.524105e+01,2.526778e+01,2.525442e+01,2.530119e+01,2.515413e+01,2.520094e+01,2.526110e+01,2.524105e+01,2.523437e+01,2.519426e+01,2.520094e+01,2.523437e+01,2.521431e+01,2.522100e+01,2.543469e+01,2.536129e+01,2.522768e+01,2.548805e+01,2.522100e+01,2.517419e+01,2.525442e+01,2.524773e+01,2.528782e+01,2.522768e+01,2.526110e+01,2.526778e+01,2.515413e+01,2.525442e+01,2.518088e+01,2.526110e+01,2.514075e+01,2.515413e+01,2.522768e+01,2.525442e+01,2.524773e+01,2.506713e+01,2.516082e+01,2.526778e+01,2.522768e+01,2.519426e+01,2.518088e+01,2.516751e+01,2.518757e+01,2.521431e+01,2.522100e+01,2.525442e+01,2.520094e+01,2.522768e+01,2.522100e+01,2.522768e+01,2.515413e+01,2.515413e+01,2.536129e+01,2.514075e+01,2.510730e+01,2.518757e+01,2.511399e+01,2.514075e+01,2.522768e+01,2.512737e+01,2.514075e+01,2.528115e+01,2.521431e+01,2.512737e+01,2.520763e+01,2.532790e+01,2.527446e+01,2.518088e+01,2.508722e+01,2.526110e+01,2.526110e+01,2.516082e+01,2.500017e+01,2.513406e+01,2.500017e+01,2.518088e+01,2.532790e+01,2.511399e+01,2.514075e+01,2.500687e+01,2.520094e+01,2.498007e+01,2.517419e+01
2.469156e+01,2.473858e+01,2.466469e+01,2.481243e+01,2.476544e+01,2.481914e+01,2.475873e+01,2.475201e+01,2.475873e+01,2.491305e+01,2.479230e+01,2.481914e+01,2.487281e+01,2.484598e+01,2.495326e+01,2.498007e+01,2.495326e+01,2.498677e+01,2.484598e+01,2.491975e+01,2.510060e+01,2.485269e+01,2.489293e+01,2.490634e+01,2.491305e+01,2.500687e+01,2.491975e+01,2.503366e+01,2.503366e+01,2.503366e+01,2.483256e+01,2.500017e+01,2.498677e+01,2.496667e+01,2.504705e+01,2.506713e+01,2.500017e+01,2.505375e+01,2.507383e+01,2.498007e+01,2.504035e+01,2.479901e+01,2.512068e+01,2.516082e+01,2.518088e+01,2.489964e+01,2.488622e+01,2.500687e+01,2.509391e+01,2.501357e+01,2.491975e+01,2.487952e+01,2.498007e+01,2.498007e+01,2.502026e+01,2.502026e+01,2.502696e+01,2.496667e+01,2.506713e+01,2.495997e+01,2.510730e+01,2.502026e+01,2.508722e+01,2.503366e+01,2.500017e+01,2.502696e+01,2.507383e+01,2.500017e+01,2.494656e+01,2.491305e+01,2.493316e+01,2.491975e+01,2.481243e+01,2.499347e+01,2.500687e+01,2.495997e+01,2.500017e+01,2.493986e+01,2.493986e+01,2.489293e+01,2.486610e+01,2.495326e+01,2.493316e+01,2.493316e+01,2.492645e+01,2.482585e+01,2.482585e+01,2.487281e+01,2.485940e+01,2.501357e+01,2.490634e+01,2.482585e+01,2.498007e+01,2.481914e+01,2.485269e+01,2.481914e+01,2.500017e+01,2.486610e+01,2.481914e+01,2.478558e+01,2.493316e+01,2.479901e+01,2.496667e+01,2.472515e+01,2.467141e+01,2.466469e+01,2.464452e+01,2.473858e+01,2.470500e+01,2.463780e+01,2.469828e+01,2.466469e+01,2.470500e+01,2.459073e+01,2.463780e+01,2.462436e+01,2.471844e+01,2.467813e+01,2.463780e+01,2.461763e+01,2.463108e+01,2.458401e+01,2.477216e+01,2.474530e+01,2.475201e+01,2.462436e+01,2.468484e+01,2.453019e+01,2.455710e+01,2.445614e+01,2.455710e+01,2.463780e+01,2.457728e+01,2.461763e+01,2.463108e+01,2.448981e+01,2.456383e+01,2.468484e+01,2.451673e+01,2.461763e+01,2.458401e+01,2.453019e+01,2.453019e+01,2.454365e+01,2.469828e+01,2.459746e+01,2.459073e+01,2.455710e+01,2.459746e+01,2.457728e+01,2.461091e+01,2.457728e+01,2.461763e+01,2.466469e+01,2.462436e+01,2.472515e+01,2.460419e+01,2.462436e+01,2.467141e+01,2.463780e+01,2.475201e+01,2.469156e+01,2.469156e+01,2.470500e+01,2.469828e+01,2.472515e+01,2.470500e+01,2.481914e+01,2.479901e+01,2.471172e+01,2.487281e+01,2.485940e+01,2.479901e+01,2.474530e+01,2.480572e+01,2.488622e+01,2.483927e+01,2.492645e+01,2.490634e+01,2.485940e+01,2.493986e+01,2.504035e+01,2.508052e+01,2.502026e+01,2.493986e+01,2.506713e+01,2.513406e+01,2.532790e+01,2.541468e+01,2.528115e+01,2.552805e+01,2.553472e+01,2.543469e+01,2.558802e+01,2.553472e+01,2.589401e+01,2.594713e+01,2.626532e+01,2.629841e+01,2.650994e+01,2.647031e+01,2.695147e+01,2.680010e+01,2.704349e+01,2.712231e+01,2.708948e+01,2.733876e+01,2.736497e+01,2.750245e+01,2.767896e+01,2.780299e+01,2.787473e+01,2.782908e+01,2.803760e+01,2.812870e+01,2.797248e+01,2.797248e+01,2.820023e+01,2.794642e+01,2.818072e+01,2.803109e+01,2.810268e+01,2.810919e+01,2.808967e+01,2.796597e+01,2.793339e+01,2.795294e+01,2.787473e+01,2.776383e+01,2.767896e+01,2.779646e+01,2.769202e+01,2.780299e+01,2.765282e+01,2.749591e+01,2.767896e+01,2.755478e+01,2.755478e+01,2.736497e+01,2.722731e+01,2.733876e+01,2.722731e+01,2.721420e+01,2.707634e+01,2.705663e+01,2.674740e+01,2.676717e+01,2.672763e+01,2.635794e+01,2.631164e+01,2.655615e+01,2.626532e+01,2.638439e+01,2.624546e+01,2.623222e+01,2.619911e+01,2.619911e+01,2.631164e+01,2.631164e+01,2.643727e+01,2.627855e+01,2.646370e+01,2.666831e+01,2.650333e+01,2.673422e+01,2.676717e+01,2.680010e+01,2.686594e+01,2.667490e+01,2.637778e+01,2.656275e+01,2.627194e+01,2.603340e+01,2.581427e+01,2.529451e+01,2.546138e+01,2.512737e+01,2.514744e+01,2.506044e+01,2.488622e+01,2.488622e+01,2.487952e+01,2.488622e+01,2.489293e+01,2.476544e+01,2.499347e+01,2.502696e+01,2.501357e+01,2.500687e+01,2.488622e+01,2.499347e+01,2.502026e+01,2.490634e+01,2.491305e+01,2.499347e+01,2.508722e+01,2.501357e+01,2.507383e+01,2.513406e+01,2.510730e+01,2.519426e+01,2.501357e+01,2.505375e+01,2.512737e+01,2.512068e+01,2.510060e+01,2.504705e+01,2.512068e+01,2.509391e+01,2.517419e+01,2.522768e+01,2.512068e+01,2.495997e+01,2.511399e+01,2.505375e+01,2.501357e+01,2.512068e+01,2.509391e+01,2.503366e+01,2.504035e+01,2.505375e+01,2.520763e+01,2.519426e+01,2.510730e+01,2.512068e+01,2.514744e+01,2.515413e+01,2.504035e+01,2.510060e+01,2.514744e+01,2.514744e+01,2.512737e+01,2.493986e+01,2.516751e+01,2.514744e+01,2.516082e+01,2.510060e+01,2.523437e+01,2.506713e+01,2.521431e+01,2.518757e+01,2.515413e+01,2.510060e+01,2.517419e+01,2.514075e+01,2.522100e+01,2.505375e+01,2.511399e+01,2.511399e+01,2.512068e+01,2.509391e+01,2.508722e+01,2.510730e+01,2.510060e+01,2.507383e+01,2.506713e+01,2.508722e+01,2.512737e+01,2.522100e+01,2.506713e+01,2.514744e+01,2.520763e+01,2.513406e+01,2.512737e+01,2.512737e+01,2.524105e+01,2.507383e+01,2.506044e+01,2.510730e+01,2.509391e+01,2.514744e+01,2.515413e+01,2.498677e+01,2.512068e+01,2.504705e+01,2.516082e+01,2.508722e+01,2.518757e+01,2.513406e+01,2.523437e+01,2.513406e+01,2.515413e+01,2.514744e+01,2.514744e+01,2.518088e+01,2.528782e+01,2.516751e+01,2.514075e+01,2.518757e+01,2.517419e+01,2.510060e+01,2.516082e+01,2.516082e+01,2.516082e+01,2.514075e+01,2.508722e+01,2.522100e+01,2.515413e+01,2.512737e+01,2.515413e+01,2.520094e+01,2.506044e+01,2.522100e+01,2.519426e+01,2.508722e+01,2.519426e+01,2.530787e+01,2.524105e+01,2.520094e+01,2.519426e+01,2.523437e+01,2.528782e+01,2.530119e+01,2.534793e+01,2.532122e+01,2.535461e+01,2.521431e+01,2.526110e+01,2.529451e+01,2.525442e+01,2.524773e+01,2.527446e+01,2.534793e+01,2.522768e+01,2.522100e+01,2.525442e+01,2.523437e+01,2.524105e+01,2.532122e+01,2.528782e+01,2.522768e+01,2.524773e+01,2.536796e+01,2.536796e+01,2.532122e+01,2.538799e+01,2.526778e+01,2.532122e+01,2.518757e+01,2.538131e+01,2.520763e+01,2.542135e+01,2.520094e+01,2.527446e+01,2.526110e+01,2.524773e+01,2.527446e+01,2.524773e+01,2.524773e+01,2.520763e+01,2.528782e+01,2.548805e+01,2.522100e+01,2.532122e+01,2.532790e+01,2.526778e+01,2.531454e+01,2.530787e+01,2.524773e+01,2.536796e+01,2.530787e+01,2.538799e+01,2.534126e+01,2.530119e+01,2.527446e+01,2.524105e+01,2.534793e+01,2.539466e+01,2.533458e+01,2.532790e+01,2.529451e+01,2.521431e+01,2.532122e+01,2.530119e+01,2.537464e+01,2.537464e+01,2.527446e+01,2.531454e+01,2.526778e+01,2.524105e+01,2.533458e+01,2.528782e+01,2.520094e+01,2.537464e+01,2.546138e+01,2.524105e+01,2.518088e+01,2.516751e+01,2.522768e+01,2.531454e+01,2.520094e+01,2.536129e+01,2.529451e+01,2.530787e+01,2.524773e+01,2.535461e+01,2.524105e+01,2.532122e+01,2.510730e+01,2.530119e+01,2.528115e+01,2.519426e+01,2.512737e+01,2.534126e+01,2.524105e+01,2.519426e+01,2.525442e+01,2.523437e+01,2.524773e+01,2.524105e+01,2.520763e+01,2.525442e+01,2.540133e+01,2.513406e+01,2.537464e+01,2.519426e+01,2.516082e+01,2.514744e+01,2.516751e+01,2.520763e+01,2.524105e+01,2.513406e+01,2.522100e+01,2.508052e+01,2.521431e+01,2.528782e+01,2.530787e+01,2.517419e+01,2.518088e+01,2.524773e+01,2.520094e+01,2.520094e+01,2.520763e+01,2.518757e+01,2.507383e+01,2.500017e+01,2.484598e+01,2.442921e+01,2.436857e+01,2.412566e+01,2.388219e+01,2.378735e+01,2.370599e+01,2.369242e+01,2.373990e+01,2.367207e+01,2.369242e+01,2.395664e+01,2.424044e+01,2.438205e+01,2.465124e+01,2.500017e+01,2.506044e+01,2.516751e+01,2.517419e+01,2.529451e+01,2.518757e+01,2.518757e+01,2.525442e+01,2.515413e+01,2.523437e+01,2.524773e+01,2.523437e+01,2.511399e+01,2.522768e+01,2.527446e+01,2.522100e+01,2.519426e+01,2.522100e+01,2.520094e+01,2.520094e+01,2.518088e+01,2.517419e+01,2.522100e+01,2.527446e+01,2.530787e+01,2.532790e+01,2.526778e+01,2.528782e+01,2.515413e+01,2.520094e+01,2.524773e+01,2.516751e+01,2.518757e+01,2.521431e+01,2.525442e+01,2.516082e+01,2.527446e+01,2.530787e+01,2.529451e+01,2.520763e+01,2.518757e+01,2.511399e+01,2.521431e+01,2.518757e+01,2.523437e+01,2.528115e+01,2.516751e+01,2.517419e+01,2.516751e+01,2.518757e+01,2.528782e+01,2.529451e+01,2.504035e+01,2.518757e+01,2.518757e+01,2.513406e+01,2.515413e+01,2.518757e+01,2.522100e+01,2.520763e+01,2.540801e+01,2.520763e+01,2.512068e+01,2.517419e+01,2.516082e+01,2.513406e+01,2.518088e+01,2.520094e+01,2.506713e+01,2.532122e+01,2.517419e+01,2.532122e+01,2.532122e+01,2.507383e+01,2.514744e+01,2.528115e+01,2.510730e+01,2.524105e+01,2.520094e+01,2.507383e+01,2.522100e+01,2.518088e+01,2.528115e+01,2.504705e+01,2.520763e+01,2.524105e+01,2.516082e+01,2.519426e+01,2.500017e+01
2.466469e+01,2.482585e+01,2.480572e+01,2.472515e+01,2.475873e+01,2.485940e+01,2.490634e+01,2.486610e+01,2.494656e+01,2.481914e+01,2.486610e+01,2.489964e+01,2.495326e+01,2.479901e+01,2.485269e+01,2.487281e+01,2.493316e+01,2.492645e+01,2.498007e+01,2.487952e+01,2.492645e+01,2.502696e+01,2.502026e+01,2.488622e+01,2.499347e+01,2.500017e+01,2.509391e+01,2.499347e+01,2.503366e+01,2.493986e+01,2.477216e+01,2.493986e+01,2.493986e+01,2.499347e+01,2.481914e+01,2.496667e+01,2.496667e+01,2.502026e+01,2.492645e+01,2.504705e+01,2.508052e+01,2.496667e+01,2.495997e+01,2.514744e+01,2.507383e+01,2.496667e+01,2.505375e+01,2.504035e+01,2.501357e+01,2.492645e+01,2.490634e+01,2.501357e+01,2.506713e+01,2.505375e+01,2.498677e+01,2.499347e+01,2.492645e+01,2.497337e+01,2.504705e+01,2.485940e+01,2.499347e+01,2.518757e+01,2.485940e+01,2.498677e+01,2.505375e+01,2.498007e+01,2.495326e+01,2.494656e+01,2.494656e+01,2.502696e+01,2.490634e+01,2.483927e+01,2.498007e+01,2.493316e+01,2.490634e+01,2.498007e+01,2.484598e+01,2.491305e+01,2.489293e+01,2.495326e+01,2.483927e+01,2.487952e+01,2.502696e+01,2.491305e+01,2.491305e+01,2.483256e+01,2.481243e+01,2.480572e+01,2.481914e+01,2.502026e+01,2.489964e+01,2.500017e+01,2.501357e+01,2.481914e+01,2.483256e+01,2.479230e+01,2.487281e+01,2.487281e+01,2.481914e+01,2.480572e+01,2.478558e+01,2.483927e+01,2.471844e+01,2.471172e+01,2.474530e+01,2.485269e+01,2.480572e+01,2.472515e+01,2.478558e+01,2.481914e+01,2.485940e+01,2.463108e+01,2.476544e+01,2.468484e+01,2.470500e+01,2.470500e+01,2.465124e+01,2.469156e+01,2.472515e+01,2.461091e+01,2.475873e+01,2.470500e+01,2.459746e+01,2.471844e+01,2.474530e+01,2.480572e+01,2.466469e+01,2.456383e+01,2.455710e+01,2.451000e+01,2.458401e+01,2.459073e+01,2.463780e+01,2.449654e+01,2.459073e+01,2.452346e+01,2.465796e+01,2.443594e+01,2.453692e+01,2.455038e+01,2.465124e+01,2.458401e+01,2.451000e+01,2.442247e+01,2.457728e+01,2.461763e+01,2.451000e+01,2.459073e+01,2.459746e+01,2.455710e+01,2.456383e+01,2.459746e+01,2.463780e+01,2.458401e+01,2.467141e+01,2.466469e+01,2.459073e+01,2.465124e+01,2.467813e+01,2.465796e+01,2.466469e+01,2.469156e+01,2.465796e+01,2.469828e+01,2.479901e+01,2.469828e+01,2.474530e+01,2.475201e+01,2.469156e+01,2.480572e+01,2.471844e+01,2.474530e+01,2.481243e+01,2.481243e+01,2.479901e+01,2.487952e+01,2.485940e+01,2.483927e+01,2.483927e+01,2.513406e+01,2.514744e+01,2.502696e+01,2.518088e+01,2.518757e+01,2.505375e+01,2.506044e+01,2.532790e+01,2.544804e+01,2.545471e+01,2.532790e+01,2.546138e+01,2.554138e+01,2.570786e+01,2.578103e+01,2.593385e+01,2.626532e+01,2.638439e+01,2.631164e+01,2.657595e+01,2.660895e+01,2.671445e+01,2.699092e+01,2.699749e+01,2.710918e+01,2.713544e+01,2.722075e+01,2.735187e+01,2.748937e+01,2.742391e+01,2.775731e+01,2.771814e+01,2.797899e+01,2.809617e+01,2.813520e+01,2.808316e+01,2.820673e+01,2.818072e+01,2.821323e+01,2.827820e+01,2.823922e+01,2.817422e+01,2.837559e+01,2.817422e+01,2.821323e+01,2.822622e+01,2.837559e+01,2.812220e+01,2.809617e+01,2.790732e+01,2.807665e+01,2.807665e+01,2.791384e+01,2.794642e+01,2.785517e+01,2.775078e+01,2.778341e+01,2.771814e+01,2.758093e+01,2.748282e+01,2.752862e+01,2.741737e+01,2.748282e+01,2.739772e+01,2.716826e+01,2.718795e+01,2.708948e+01,2.706977e+01,2.705663e+01,2.683961e+01,2.681986e+01,2.700406e+01,2.674740e+01,2.674081e+01,2.673422e+01,2.666171e+01,2.673422e+01,2.666171e+01,2.674081e+01,2.666831e+01,2.680010e+01,2.665512e+01,2.698434e+01,2.693173e+01,2.691200e+01,2.691858e+01,2.686594e+01,2.689884e+01,2.674740e+01,2.684619e+01,2.628517e+01,2.643727e+01,2.603340e+01,2.591393e+01,2.586743e+01,2.545471e+01,2.544137e+01,2.516082e+01,2.520094e+01,2.494656e+01,2.487281e+01,2.489293e+01,2.482585e+01,2.490634e+01,2.487952e+01,2.498007e+01,2.498677e+01,2.496667e+01,2.503366e+01,2.495326e+01,2.491305e+01,2.503366e+01,2.506044e+01,2.506044e+01,2.505375e+01,2.506044e+01,2.491975e+01,2.508052e+01,2.509391e+01,2.512737e+01,2.495326e+01,2.513406e+01,2.500017e+01,2.511399e+01,2.508722e+01,2.513406e+01,2.510060e+01,2.509391e+01,2.520094e+01,2.516751e+01,2.513406e+01,2.512068e+01,2.501357e+01,2.514744e+01,2.499347e+01,2.504035e+01,2.508052e+01,2.502026e+01,2.513406e+01,2.510060e+01,2.507383e+01,2.510060e+01,2.522100e+01,2.519426e+01,2.516751e+01,2.514075e+01,2.507383e+01,2.506713e+01,2.509391e+01,2.513406e+01,2.513406e+01,2.512737e+01,2.514075e+01,2.512737e+01,2.514744e+01,2.518757e+01,2.510730e+01,2.518757e+01,2.522100e+01,2.512737e+01,2.522768e+01,2.510060e+01,2.510730e+01,2.517419e+01,2.515413e+01,2.518088e+01,2.518088e+01,2.514075e+01,2.513406e+01,2.513406e+01,2.514744e+01,2.506044e+01,2.520094e+01,2.508722e+01,2.515413e+01,2.512737e+01,2.520763e+01,2.508722e+01,2.509391e+01,2.514744e+01,2.504705e+01,2.510730e+01,2.512068e+01,2.509391e+01,2.517419e+01,2.512068e+01,2.516082e+01,2.512737e+01,2.519426e+01,2.514744e+01,2.503366e+01,2.512737e+01,2.511399e+01,2.512737e+01,2.518757e+01,2.512737e+01,2.515413e+01,2.518088e+01,2.514744e+01,2.518757e+01,2.513406e+01,2.522768e+01,2.515413e+01,2.517419e+01,2.518088e+01,2.512068e+01,2.518757e+01,2.512068e+01,2.518088e+01,2.512068e+01,2.520094e+01,2.517419e+01,2.510730e+01,2.508052e+01,2.514744e+01,2.512068e+01,2.520094e+01,2.512068e+01,2.513406e+01,2.512068e+01,2.509391e+01,2.516082e+01,2.518757e+01,2.508052e+01,2.520094e+01,2.527446e+01,2.513406e+01,2.520094e+01,2.504705e+01,2.522768e+01,2.524773e+01,2.520094e+01,2.521431e+01,2.526110e+01,2.528115e+01,2.526778e+01,2.502696e+01,2.524105e+01,2.531454e+01,2.530787e+01,2.526110e+01,2.523437e+01,2.534126e+01,2.530787e+01,2.524105e+01,2.528782e+01,2.530787e+01,2.524773e+01,2.524773e+01,2.524773e+01,2.529451e+01,2.530119e+01,2.528115e+01,2.524105e+01,2.529451e+01,2.525442e+01,2.532122e+01,2.523437e+01,2.523437e+01,2.533458e+01,2.520763e+01,2.528782e+01,2.523437e+01,2.524105e+01,2.519426e+01,2.528782e+01,2.530119e+01,2.524773e+01,2.524773e+01,2.526778e+01,2.524773e+01,2.535461e+01,2.538131e+01,2.520763e+01,2.546805e+01,2.544137e+01,2.527446e+01,2.526110e+01,2.531454e+01,2.545471e+01,2.516751e+01,2.542802e+01,2.524105e+01,2.536796e+01,2.538131e+01,2.537464e+01,2.527446e+01,2.530787e+01,2.524105e+01,2.534126e+01,2.524105e+01,2.543469e+01,2.530119e+01,2.534126e+01,2.524105e+01,2.536129e+01,2.533458e+01,2.524773e+01,2.522768e+01,2.528782e+01,2.530787e+01,2.516751e+01,2.532122e+01,2.531454e+01,2.518757e+01,2.537464e+01,2.536796e+01,2.528115e+01,2.528782e+01,2.528782e+01,2.536129e+01,2.522768e+01,2.535461e+01,2.530787e+01,2.530787e+01,2.522768e+01,2.532122e+01,2.536796e+01,2.536129e+01,2.530787e+01,2.526778e+01,2.530119e+01,2.530787e+01,2.534126e+01,2.522100e+01,2.510060e+01,2.518088e+01,2.528115e+01,2.521431e+01,2.523437e+01,2.525442e+01,2.521431e+01,2.516082e+01,2.523437e+01,2.525442e+01,2.532122e+01,2.521431e+01,2.518757e+01,2.520094e+01,2.516751e+01,2.519426e+01,2.530787e+01,2.530119e+01,2.538131e+01,2.512737e+01,2.520094e+01,2.506713e+01,2.521431e+01,2.520763e+01,2.526110e+01,2.524105e+01,2.522768e+01,2.533458e+01,2.508052e+01,2.519426e+01,2.511399e+01,2.493316e+01,2.486610e+01,2.454365e+01,2.427417e+01,2.405809e+01,2.405133e+01,2.376024e+01,2.367207e+01,2.369921e+01,2.345473e+01,2.360420e+01,2.378057e+01,2.417969e+01,2.432812e+01,2.458401e+01,2.466469e+01,2.498677e+01,2.491975e+01,2.519426e+01,2.518088e+01,2.520094e+01,2.512068e+01,2.522100e+01,2.527446e+01,2.516082e+01,2.528782e+01,2.522100e+01,2.532122e+01,2.535461e+01,2.522768e+01,2.534793e+01,2.519426e+01,2.526110e+01,2.517419e+01,2.525442e+01,2.527446e+01,2.522100e+01,2.530119e+01,2.523437e+01,2.516751e+01,2.524773e+01,2.524773e+01,2.520094e+01,2.528782e+01,2.523437e+01,2.522100e+01,2.521431e+01,2.514744e+01,2.520763e+01,2.524105e+01,2.517419e+01,2.521431e+01,2.521431e+01,2.530787e+01,2.526110e+01,2.531454e+01,2.519426e+01,2.510060e+01,2.515413e+01,2.529451e+01,2.524105e+01,2.516082e+01,2.518757e+01,2.520094e+01,2.507383e+01,2.518088e+01,2.520763e+01,2.518757e+01,2.506044e+01,2.513406e+01,2.516082e+01,2.520094e+01,2.515413e+01,2.512068e+01,2.513406e+01,2.519426e+01,2.517419e+01,2.514744e+01,2.504705e+01,2.530119e+01,2.512737e+01,2.516751e+01,2.516751e+01,2.531454e+01,2.527446e+01,2.512737e+01,2.515413e+01,2.522768e+01,2.516751e+01,2.514744e+01,2.518757e+01,2.518088e+01,2.517419e+01,2.504705e+01,2.522768e+01,2.512737e+01,2.505375e+01,2.514744e+01,2.511399e+01,2.517419e+01,2.514744e+01,2.518088e+01,2.520094e+01,2.518757e+01,2.501357e+01
2.457056e+01,2.467813e+01,2.481243e+01,2.473858e+01,2.479230e+01,2.493316e+01,2.481914e+01,2.493986e+01,2.493986e+01,2.485269e+01,2.485269e+01,2.488622e+01,2.485269e+01,2.478558e+01,2.481243e+01,2.489293e+01,2.487281e+01,2.496667e+01,2.496667e+01,2.487952e+01,2.495326e+01,2.483927e+01,2.485269e+01,2.502696e+01,2.500687e+01,2.498007e+01,2.499347e+01,2.499347e+01,2.502026e+01,2.504035e+01,2.500687e+01,2.506713e+01,2.511399e+01,2.500687e+01,2.490634e+01,2.504705e+01,2.495997e+01,2.492645e+01,2.492645e+01,2.507383e+01,2.506044e+01,2.507383e+01,2.506044e+01,2.494656e+01,2.500687e+01,2.512737e+01,2.505375e+01,2.499347e+01,2.496667e+01,2.504705e+01,2.506044e+01,2.507383e+01,2.503366e+01,2.507383e+01,2.491305e+01,2.492645e+01,2.506713e+01,2.490634e+01,2.506044e+01,2.504705e+01,2.506713e+01,2.501357e+01,2.497337e+01,2.514075e+01,2.494656e+01,2.501357e+01,2.507383e+01,2.502026e+01,2.495326e+01,2.491975e+01,2.487952e+01,2.494656e+01,2.484598e+01,2.495997e+01,2.497337e+01,2.491975e+01,2.495997e+01,2.481914e+01,2.481243e+01,2.494656e+01,2.493986e+01,2.493316e+01,2.493986e+01,2.509391e+01,2.489293e+01,2.500687e+01,2.480572e+01,2.483927e+01,2.481243e+01,2.489293e+01,2.505375e+01,2.506044e+01,2.487281e+01,2.486610e+01,2.479230e+01,2.491305e+01,2.489964e+01,2.485269e+01,2.475201e+01,2.478558e+01,2.475201e+01,2.487952e+01,2.476544e+01,2.471844e+01,2.471844e+01,2.472515e+01,2.478558e+01,2.465124e+01,2.480572e+01,2.477216e+01,2.467813e+01,2.471172e+01,2.471844e+01,2.471844e+01,2.467141e+01,2.469828e+01,2.466469e+01,2.468484e+01,2.463780e+01,2.469828e+01,2.474530e+01,2.463108e+01,2.464452e+01,2.461091e+01,2.486610e+01,2.453692e+01,2.468484e+01,2.469156e+01,2.460419e+01,2.465796e+01,2.468484e+01,2.467141e+01,2.465124e+01,2.463780e+01,2.463780e+01,2.449654e+01,2.453019e+01,2.467813e+01,2.457728e+01,2.465796e+01,2.457728e+01,2.452346e+01,2.467813e+01,2.468484e+01,2.457056e+01,2.457728e+01,2.460419e+01,2.456383e+01,2.459746e+01,2.448308e+01,2.453019e+01,2.455710e+01,2.457056e+01,2.457728e+01,2.457728e+01,2.461763e+01,2.465124e+01,2.458401e+01,2.469156e+01,2.466469e+01,2.469828e+01,2.468484e+01,2.471172e+01,2.469828e+01,2.473187e+01,2.473858e+01,2.469828e+01,2.465124e+01,2.472515e+01,2.471172e+01,2.479230e+01,2.471172e+01,2.481243e+01,2.474530e+01,2.485940e+01,2.493986e+01,2.492645e+01,2.493316e+01,2.493316e+01,2.502696e+01,2.509391e+01,2.504035e+01,2.518088e+01,2.523437e+01,2.520094e+01,2.545471e+01,2.542802e+01,2.544137e+01,2.545471e+01,2.553472e+01,2.560134e+01,2.577438e+01,2.604667e+01,2.604667e+01,2.632487e+01,2.641084e+01,2.667490e+01,2.663533e+01,2.665512e+01,2.699749e+01,2.716170e+01,2.714201e+01,2.708291e+01,2.746974e+01,2.729289e+01,2.735187e+01,2.746319e+01,2.748282e+01,2.767896e+01,2.782256e+01,2.796597e+01,2.795945e+01,2.800504e+01,2.815471e+01,2.816772e+01,2.828469e+01,2.827820e+01,2.826521e+01,2.846640e+01,2.846640e+01,2.818072e+01,2.832366e+01,2.847937e+01,2.839505e+01,2.824572e+01,2.842100e+01,2.831717e+01,2.827820e+01,2.832366e+01,2.827820e+01,2.815471e+01,2.825221e+01,2.807014e+01,2.808967e+01,2.784865e+01,2.780299e+01,2.788777e+01,2.781603e+01,2.760055e+01,2.759401e+01,2.740427e+01,2.761362e+01,2.748937e+01,2.750245e+01,2.746974e+01,2.744355e+01,2.739772e+01,2.729944e+01,2.726666e+01,2.721420e+01,2.708291e+01,2.716826e+01,2.707634e+01,2.707634e+01,2.706977e+01,2.696462e+01,2.704349e+01,2.706320e+01,2.708948e+01,2.706320e+01,2.718139e+01,2.718795e+01,2.699092e+01,2.720107e+01,2.720763e+01,2.707634e+01,2.706977e+01,2.686594e+01,2.683302e+01,2.658915e+01,2.629179e+01,2.596041e+01,2.598696e+01,2.578103e+01,2.546805e+01,2.517419e+01,2.513406e+01,2.491305e+01,2.489964e+01,2.489293e+01,2.492645e+01,2.490634e+01,2.491305e+01,2.495326e+01,2.491975e+01,2.496667e+01,2.503366e+01,2.491305e+01,2.498007e+01,2.513406e+01,2.492645e+01,2.505375e+01,2.507383e+01,2.506713e+01,2.509391e+01,2.501357e+01,2.508052e+01,2.510060e+01,2.510060e+01,2.504035e+01,2.514075e+01,2.523437e+01,2.516082e+01,2.515413e+01,2.518088e+01,2.515413e+01,2.518088e+01,2.510060e+01,2.512737e+01,2.514744e+01,2.504035e+01,2.504705e+01,2.516082e+01,2.513406e+01,2.512068e+01,2.509391e+01,2.499347e+01,2.511399e+01,2.514744e+01,2.502026e+01,2.505375e+01,2.522100e+01,2.499347e+01,2.516082e+01,2.514075e+01,2.514075e+01,2.504705e+01,2.511399e+01,2.513406e+01,2.513406e+01,2.514075e+01,2.500687e+01,2.496667e+01,2.510060e+01,2.510060e+01,2.515413e+01,2.518088e+01,2.511399e+01,2.506713e+01,2.510060e+01,2.509391e+01,2.515413e+01,2.516751e+01,2.503366e+01,2.504705e+01,2.520763e+01,2.502026e+01,2.514075e+01,2.515413e+01,2.504705e+01,2.508722e+01,2.517419e+01,2.521431e+01,2.512737e+01,2.524773e+01,2.531454e+01,2.514744e+01,2.532790e+01,2.508722e+01,2.512737e+01,2.504705e+01,2.506044e+01,2.516751e+01,2.526110e+01,2.514075e+01,2.515413e+01,2.513406e+01,2.522100e+01,2.505375e+01,2.514075e+01,2.512737e+01,2.513406e+01,2.500017e+01,2.513406e+01,2.518757e+01,2.505375e+01,2.520763e+01,2.513406e+01,2.516082e+01,2.514075e+01,2.515413e+01,2.512737e+01,2.517419e+01,2.518757e+01,2.514744e+01,2.528782e+01,2.507383e+01,2.515413e+01,2.514075e+01,2.514744e+01,2.503366e+01,2.509391e+01,2.506044e+01,2.519426e+01,2.516751e+01,2.515413e+01,2.512068e+01,2.518757e+01,2.516751e+01,2.516082e+01,2.518757e+01,2.514075e+01,2.522768e+01,2.512737e+01,2.518088e+01,2.519426e+01,2.531454e+01,2.520094e+01,2.518757e+01,2.527446e+01,2.523437e+01,2.528115e+01,2.527446e+01,2.532122e+01,2.527446e+01,2.526110e+01,2.528782e+01,2.530787e+01,2.521431e+01,2.532790e+01,2.534126e+01,2.533458e+01,2.530787e+01,2.533458e+01,2.526110e+01,2.526110e+01,2.526778e+01,2.524773e+01,2.516082e+01,2.533458e+01,2.524773e+01,2.534126e+01,2.530119e+01,2.524773e+01,2.536129e+01,2.532122e+01,2.519426e+01,2.536796e+01,2.532122e+01,2.529451e+01,2.536796e+01,2.524773e+01,2.528115e+01,2.528115e+01,2.530787e+01,2.530787e+01,2.524105e+01,2.525442e+01,2.534793e+01,2.513406e+01,2.533458e+01,2.530787e+01,2.535461e+01,2.516082e+01,2.529451e+01,2.528115e+01,2.535461e+01,2.548138e+01,2.548138e+01,2.528115e+01,2.512737e+01,2.540801e+01,2.536796e+01,2.529451e+01,2.537464e+01,2.528782e+01,2.538131e+01,2.530119e+01,2.532122e+01,2.534126e+01,2.527446e+01,2.526778e+01,2.525442e+01,2.536796e+01,2.527446e+01,2.530787e+01,2.537464e+01,2.526110e+01,2.535461e+01,2.528115e+01,2.526110e+01,2.516082e+01,2.541468e+01,2.540801e+01,2.519426e+01,2.537464e+01,2.526110e+01,2.530119e+01,2.534793e+01,2.527446e+01,2.536796e+01,2.537464e+01,2.526110e+01,2.518757e+01,2.534793e+01,2.544137e+01,2.538799e+01,2.534793e+01,2.532122e+01,2.522100e+01,2.522768e+01,2.516082e+01,2.522100e+01,2.526110e+01,2.525442e+01,2.522768e+01,2.528115e+01,2.528115e+01,2.520763e+01,2.517419e+01,2.522768e+01,2.538131e+01,2.512737e+01,2.519426e+01,2.529451e+01,2.528782e+01,2.519426e+01,2.527446e+01,2.514744e+01,2.522100e+01,2.516082e+01,2.521431e+01,2.526110e+01,2.516082e+01,2.524773e+01,2.508052e+01,2.522100e+01,2.532790e+01,2.519426e+01,2.524773e+01,2.524773e+01,2.519426e+01,2.514744e+01,2.524105e+01,2.512068e+01,2.489964e+01,2.452346e+01,2.448308e+01,2.417969e+01,2.405133e+01,2.383478e+01,2.378735e+01,2.382123e+01,2.349552e+01,2.345473e+01,2.366529e+01,2.377380e+01,2.418644e+01,2.442247e+01,2.470500e+01,2.475873e+01,2.502026e+01,2.500687e+01,2.517419e+01,2.508722e+01,2.510730e+01,2.526778e+01,2.520763e+01,2.526778e+01,2.526110e+01,2.506713e+01,2.534126e+01,2.528115e+01,2.521431e+01,2.534126e+01,2.520763e+01,2.526778e+01,2.517419e+01,2.534793e+01,2.515413e+01,2.523437e+01,2.524773e+01,2.519426e+01,2.524105e+01,2.517419e+01,2.516082e+01,2.522768e+01,2.524105e+01,2.522768e+01,2.524773e+01,2.522768e+01,2.512737e+01,2.516751e+01,2.533458e+01,2.520763e+01,2.523437e+01,2.526110e+01,2.526110e+01,2.518088e+01,2.508722e+01,2.514744e+01,2.518757e+01,2.515413e+01,2.518088e+01,2.510060e+01,2.521431e+01,2.521431e+01,2.519426e+01,2.507383e+01,2.515413e+01,2.522768e+01,2.521431e+01,2.532122e+01,2.521431e+01,2.520763e+01,2.510730e+01,2.510060e+01,2.522768e+01,2.523437e+01,2.520094e+01,2.525442e+01,2.538131e+01,2.510060e+01,2.508722e+01,2.510060e+01,2.514075e+01,2.518088e+01,2.513406e+01,2.510730e+01,2.516751e+01,2.528115e+01,2.529451e+01,2.508052e+01,2.510730e+01,2.514075e+01,2.510730e+01,2.517419e+01,2.530119e+01,2.511399e+01,2.524105e+01,2.485269e+01,2.518088e+01,2.510730e+01,2.503366e+01,2.517419e+01,2.503366e+01,2.514744e+01,2.521431e+01,2.512737e+01,2.516082e+01
2.473858e+01,2.465796e+01,2.477887e+01,2.474530e+01,2.477216e+01,2.491975e+01,2.490634e+01,2.481914e+01,2.479901e+01,2.493986e+01,2.482585e+01,2.483256e+01,2.476544e+01,2.490634e+01,2.486610e+01,2.495997e+01,2.485940e+01,2.486610e+01,2.486610e+01,2.481914e+01,2.485269e+01,2.487952e+01,2.504035e+01,2.500017e+01,2.486610e+01,2.496667e+01,2.481243e+01,2.491975e+01,2.501357e+01,2.506044e+01,2.494656e+01,2.494656e+01,2.504705e+01,2.508052e+01,2.498007e+01,2.506044e+01,2.491975e+01,2.499347e+01,2.492645e+01,2.505375e+01,2.495997e+01,2.497337e+01,2.491975e+01,2.494656e+01,2.512068e+01,2.500687e+01,2.487281e+01,2.498007e+01,2.502026e+01,2.509391e+01,2.504035e+01,2.506713e+01,2.502696e+01,2.492645e+01,2.502026e+01,2.508722e+01,2.502026e+01,2.503366e+01,2.501357e+01,2.508722e+01,2.504035e+01,2.496667e+01,2.504705e+01,2.498677e+01,2.506713e+01,2.495326e+01,2.491305e+01,2.495326e+01,2.498677e+01,2.491975e+01,2.496667e+01,2.485940e+01,2.496667e+01,2.493986e+01,2.500017e+01,2.490634e+01,2.496667e+01,2.493316e+01,2.498677e+01,2.501357e+01,2.511399e+01,2.494656e+01,2.486610e+01,2.489964e+01,2.490634e+01,2.489964e+01,2.500017e+01,2.483927e+01,2.483256e+01,2.487952e+01,2.495997e+01,2.494656e+01,2.485940e+01,2.475873e+01,2.492645e+01,2.493316e+01,2.489964e+01,2.491305e+01,2.483927e+01,2.482585e+01,2.465796e+01,2.477887e+01,2.477216e+01,2.474530e+01,2.493316e+01,2.484598e+01,2.486610e+01,2.471172e+01,2.482585e+01,2.471172e+01,2.479901e+01,2.480572e+01,2.455710e+01,2.472515e+01,2.468484e+01,2.470500e+01,2.482585e+01,2.478558e+01,2.475201e+01,2.468484e+01,2.459746e+01,2.473187e+01,2.462436e+01,2.469156e+01,2.461763e+01,2.465796e+01,2.455710e+01,2.465796e+01,2.475201e+01,2.471172e+01,2.459073e+01,2.469828e+01,2.451000e+01,2.457056e+01,2.450327e+01,2.461091e+01,2.462436e+01,2.455710e+01,2.467141e+01,2.471172e+01,2.467813e+01,2.451673e+01,2.455038e+01,2.453019e+01,2.461091e+01,2.448981e+01,2.463780e+01,2.475201e+01,2.466469e+01,2.463780e+01,2.450327e+01,2.454365e+01,2.452346e+01,2.455038e+01,2.451000e+01,2.481243e+01,2.453019e+01,2.460419e+01,2.469828e+01,2.465796e+01,2.468484e+01,2.449654e+01,2.473858e+01,2.478558e+01,2.465796e+01,2.463780e+01,2.476544e+01,2.465124e+01,2.477887e+01,2.476544e+01,2.473858e+01,2.467141e+01,2.479230e+01,2.471844e+01,2.493316e+01,2.485269e+01,2.493986e+01,2.487952e+01,2.504705e+01,2.518088e+01,2.520763e+01,2.522768e+01,2.505375e+01,2.536796e+01,2.543469e+01,2.547471e+01,2.558802e+01,2.571451e+01,2.590729e+01,2.608646e+01,2.626532e+01,2.614611e+01,2.633149e+01,2.645049e+01,2.646370e+01,2.681327e+01,2.680669e+01,2.702378e+01,2.701064e+01,2.727322e+01,2.731255e+01,2.731255e+01,2.731911e+01,2.729289e+01,2.744355e+01,2.726666e+01,2.748937e+01,2.765282e+01,2.767242e+01,2.784865e+01,2.792036e+01,2.804411e+01,2.803760e+01,2.797248e+01,2.802458e+01,2.823922e+01,2.807014e+01,2.834962e+01,2.828469e+01,2.840154e+01,2.840803e+01,2.840154e+01,2.842749e+01,2.838857e+01,2.838857e+01,2.837559e+01,2.837559e+01,2.825871e+01,2.839505e+01,2.830418e+01,2.839505e+01,2.838208e+01,2.819373e+01,2.821972e+01,2.805713e+01,2.814171e+01,2.792036e+01,2.797248e+01,2.784212e+01,2.771161e+01,2.771161e+01,2.775078e+01,2.765936e+01,2.758093e+01,2.760708e+01,2.766589e+01,2.749591e+01,2.756132e+01,2.746319e+01,2.747628e+01,2.729289e+01,2.752862e+01,2.752862e+01,2.746974e+01,2.745010e+01,2.743046e+01,2.741082e+01,2.743701e+01,2.726011e+01,2.725355e+01,2.738462e+01,2.737807e+01,2.731911e+01,2.739772e+01,2.716826e+01,2.718139e+01,2.714201e+01,2.684619e+01,2.672763e+01,2.656935e+01,2.622560e+01,2.575443e+01,2.580762e+01,2.555471e+01,2.527446e+01,2.534793e+01,2.496667e+01,2.507383e+01,2.479230e+01,2.489293e+01,2.489293e+01,2.487281e+01,2.488622e+01,2.489293e+01,2.485940e+01,2.498677e+01,2.498007e+01,2.498677e+01,2.489293e+01,2.488622e+01,2.495326e+01,2.509391e+01,2.509391e+01,2.500017e+01,2.507383e+01,2.504035e+01,2.510060e+01,2.508722e+01,2.510730e+01,2.510060e+01,2.512737e+01,2.516082e+01,2.513406e+01,2.510060e+01,2.505375e+01,2.499347e+01,2.508052e+01,2.510730e+01,2.513406e+01,2.516082e+01,2.514075e+01,2.507383e+01,2.486610e+01,2.512068e+01,2.505375e+01,2.511399e+01,2.510730e+01,2.514744e+01,2.501357e+01,2.517419e+01,2.505375e+01,2.513406e+01,2.504705e+01,2.524105e+01,2.521431e+01,2.513406e+01,2.509391e+01,2.508052e+01,2.510730e+01,2.512068e+01,2.510730e+01,2.507383e+01,2.509391e+01,2.493986e+01,2.510730e+01,2.503366e+01,2.507383e+01,2.501357e+01,2.506044e+01,2.514075e+01,2.516082e+01,2.508052e+01,2.516751e+01,2.522768e+01,2.512737e+01,2.512737e+01,2.514075e+01,2.504705e+01,2.514075e+01,2.511399e+01,2.530119e+01,2.511399e+01,2.511399e+01,2.506713e+01,2.512737e+01,2.514744e+01,2.516751e+01,2.520763e+01,2.512737e+01,2.506044e+01,2.512737e+01,2.512068e+01,2.513406e+01,2.514075e+01,2.511399e+01,2.513406e+01,2.512068e+01,2.510060e+01,2.510060e+01,2.512068e+01,2.509391e+01,2.510730e+01,2.512737e+01,2.530119e+01,2.523437e+01,2.512737e+01,2.515413e+01,2.514744e+01,2.516751e+01,2.531454e+01,2.516082e+01,2.511399e+01,2.515413e+01,2.512737e+01,2.516082e+01,2.515413e+01,2.522768e+01,2.516751e+01,2.508722e+01,2.514075e+01,2.505375e+01,2.505375e+01,2.507383e+01,2.515413e+01,2.514075e+01,2.516082e+01,2.514075e+01,2.514075e+01,2.508722e+01,2.528782e+01,2.511399e+01,2.507383e+01,2.514075e+01,2.518088e+01,2.507383e+01,2.517419e+01,2.522100e+01,2.506044e+01,2.520763e+01,2.520094e+01,2.517419e+01,2.518088e+01,2.512737e+01,2.528115e+01,2.525442e+01,2.531454e+01,2.530119e+01,2.526110e+01,2.519426e+01,2.528115e+01,2.523437e+01,2.529451e+01,2.531454e+01,2.524773e+01,2.523437e+01,2.530787e+01,2.524773e+01,2.518088e+01,2.531454e+01,2.524773e+01,2.522100e+01,2.528115e+01,2.535461e+01,2.530119e+01,2.532122e+01,2.526778e+01,2.530787e+01,2.510060e+01,2.526778e+01,2.527446e+01,2.524105e+01,2.525442e+01,2.535461e+01,2.538131e+01,2.530119e+01,2.525442e+01,2.523437e+01,2.535461e+01,2.530119e+01,2.533458e+01,2.538131e+01,2.536129e+01,2.537464e+01,2.534793e+01,2.524105e+01,2.529451e+01,2.532122e+01,2.545471e+01,2.519426e+01,2.544137e+01,2.534126e+01,2.537464e+01,2.526110e+01,2.530787e+01,2.528782e+01,2.540801e+01,2.530787e+01,2.532790e+01,2.530119e+01,2.548805e+01,2.528782e+01,2.525442e+01,2.536129e+01,2.525442e+01,2.528782e+01,2.521431e+01,2.530119e+01,2.531454e+01,2.523437e+01,2.527446e+01,2.528782e+01,2.537464e+01,2.518757e+01,2.524773e+01,2.524773e+01,2.529451e+01,2.546138e+01,2.530119e+01,2.528782e+01,2.532122e+01,2.529451e+01,2.536129e+01,2.526778e+01,2.524773e+01,2.526778e+01,2.522768e+01,2.527446e+01,2.528115e+01,2.523437e+01,2.530119e+01,2.527446e+01,2.529451e+01,2.514075e+01,2.524773e+01,2.522768e+01,2.515413e+01,2.522768e+01,2.532790e+01,2.543469e+01,2.524773e+01,2.532790e+01,2.516751e+01,2.522100e+01,2.514075e+01,2.513406e+01,2.529451e+01,2.517419e+01,2.518757e+01,2.508052e+01,2.526778e+01,2.535461e+01,2.528782e+01,2.530119e+01,2.528782e+01,2.518088e+01,2.521431e+01,2.516082e+01,2.518088e+01,2.512737e+01,2.515413e+01,2.533458e+01,2.528115e+01,2.516751e+01,2.516751e+01,2.510060e+01,2.489293e+01,2.448308e+01,2.443594e+01,2.405133e+01,2.383478e+01,2.384155e+01,2.379413e+01,2.364493e+01,2.366529e+01,2.365172e+01,2.373312e+01,2.402428e+01,2.417969e+01,2.461091e+01,2.459073e+01,2.500017e+01,2.491975e+01,2.504035e+01,2.516082e+01,2.519426e+01,2.520094e+01,2.518088e+01,2.534126e+01,2.532790e+01,2.520763e+01,2.526110e+01,2.523437e+01,2.521431e+01,2.528782e+01,2.522768e+01,2.519426e+01,2.522100e+01,2.520094e+01,2.511399e+01,2.519426e+01,2.522768e+01,2.531454e+01,2.520763e+01,2.522100e+01,2.530119e+01,2.529451e+01,2.523437e+01,2.522100e+01,2.523437e+01,2.524105e+01,2.514744e+01,2.514075e+01,2.511399e+01,2.521431e+01,2.514075e+01,2.519426e+01,2.516751e+01,2.516751e+01,2.510730e+01,2.512737e+01,2.516751e+01,2.517419e+01,2.531454e+01,2.514744e+01,2.509391e+01,2.518757e+01,2.524773e+01,2.516082e+01,2.512737e+01,2.516751e+01,2.516082e+01,2.528782e+01,2.518757e+01,2.519426e+01,2.520763e+01,2.511399e+01,2.509391e+01,2.524773e+01,2.522100e+01,2.518757e+01,2.517419e+01,2.507383e+01,2.510730e+01,2.510730e+01,2.516082e+01,2.508052e+01,2.525442e+01,2.516082e+01,2.516751e+01,2.510060e+01,2.498007e+01,2.517419e+01,2.526778e+01,2.517419e+01,2.504035e+01,2.521431e+01,2.508722e+01,2.509391e+01,2.520763e+01,2.520094e+01,2.504035e+01,2.518757e+01,2.509391e+01,2.504705e+01,2.508722e+01,2.530787e+01,2.505375e+01,2.531454e+01,2.517419e+01,2.516082e+01
2.477887e+01,2.469828e+01,2.473858e+01,2.469156e+01,2.463108e+01,2.464452e+01,2.482585e+01,2.478558e+01,2.477216e+01,2.491305e+01,2.485269e+01,2.486610e+01,2.479230e+01,2.459073e+01,2.477216e+01,2.479230e+01,2.470500e+01,2.474530e+01,2.481243e+01,2.488622e+01,2.499347e+01,2.486610e+01,2.501357e+01,2.503366e+01,2.483256e+01,2.495326e+01,2.493316e+01,2.503366e+01,2.504035e+01,2.509391e+01,2.498677e+01,2.492645e+01,2.500017e+01,2.506044e+01,2.489293e+01,2.500017e+01,2.491975e+01,2.493986e+01,2.491305e+01,2.500017e+01,2.493986e+01,2.490634e+01,2.488622e+01,2.500017e+01,2.506713e+01,2.493316e+01,2.498677e+01,2.495326e+01,2.507383e+01,2.493986e+01,2.498007e+01,2.500687e+01,2.505375e+01,2.496667e+01,2.498007e+01,2.500687e+01,2.504705e+01,2.493316e+01,2.495326e+01,2.489964e+01,2.494656e+01,2.504705e+01,2.498677e+01,2.498007e+01,2.494656e+01,2.498677e+01,2.495997e+01,2.489293e+01,2.500687e+01,2.488622e+01,2.488622e+01,2.489964e+01,2.478558e+01,2.486610e+01,2.487952e+01,2.497337e+01,2.494656e+01,2.491975e+01,2.492645e+01,2.475873e+01,2.489293e+01,2.490634e+01,2.495326e+01,2.489293e+01,2.490634e+01,2.482585e+01,2.500687e+01,2.471844e+01,2.479230e+01,2.483256e+01,2.488622e+01,2.487281e+01,2.496667e+01,2.493316e+01,2.483927e+01,2.483927e+01,2.465796e+01,2.479901e+01,2.485940e+01,2.492645e+01,2.483927e+01,2.477216e+01,2.479230e+01,2.483927e+01,2.481243e+01,2.477887e+01,2.472515e+01,2.482585e+01,2.475873e+01,2.477216e+01,2.471172e+01,2.453019e+01,2.472515e+01,2.454365e+01,2.470500e+01,2.464452e+01,2.469828e+01,2.451000e+01,2.471844e+01,2.479230e+01,2.474530e+01,2.465124e+01,2.455710e+01,2.458401e+01,2.489293e+01,2.461763e+01,2.453019e+01,2.477887e+01,2.453019e+01,2.459746e+01,2.457056e+01,2.461091e+01,2.452346e+01,2.463108e+01,2.461091e+01,2.459746e+01,2.457056e+01,2.473858e+01,2.470500e+01,2.454365e+01,2.451000e+01,2.455710e+01,2.462436e+01,2.457728e+01,2.457728e+01,2.444268e+01,2.459073e+01,2.460419e+01,2.457056e+01,2.450327e+01,2.473858e+01,2.444268e+01,2.446288e+01,2.461091e+01,2.448981e+01,2.454365e+01,2.457728e+01,2.457056e+01,2.463108e+01,2.463780e+01,2.467141e+01,2.472515e+01,2.469156e+01,2.481243e+01,2.472515e+01,2.463108e+01,2.474530e+01,2.477887e+01,2.468484e+01,2.469828e+01,2.477216e+01,2.466469e+01,2.473858e+01,2.472515e+01,2.488622e+01,2.494656e+01,2.490634e+01,2.500687e+01,2.505375e+01,2.508052e+01,2.512737e+01,2.540133e+01,2.534126e+01,2.549472e+01,2.557470e+01,2.577438e+01,2.606656e+01,2.607319e+01,2.627855e+01,2.648352e+01,2.648352e+01,2.647691e+01,2.678693e+01,2.677376e+01,2.696462e+01,2.696462e+01,2.714201e+01,2.713544e+01,2.712888e+01,2.729944e+01,2.731911e+01,2.750245e+01,2.748937e+01,2.746974e+01,2.723387e+01,2.726666e+01,2.758093e+01,2.759401e+01,2.766589e+01,2.767242e+01,2.784212e+01,2.789429e+01,2.786169e+01,2.815471e+01,2.794642e+01,2.819373e+01,2.821323e+01,2.832366e+01,2.833015e+01,2.838857e+01,2.847289e+01,2.843398e+01,2.840803e+01,2.840803e+01,2.841452e+01,2.844695e+01,2.844695e+01,2.855714e+01,2.840154e+01,2.845992e+01,2.840803e+01,2.836910e+01,2.831717e+01,2.810919e+01,2.825871e+01,2.818723e+01,2.803109e+01,2.793991e+01,2.787473e+01,2.780951e+01,2.780951e+01,2.780951e+01,2.773120e+01,2.768549e+01,2.763322e+01,2.783560e+01,2.771814e+01,2.767242e+01,2.752208e+01,2.771814e+01,2.760055e+01,2.756786e+01,2.747628e+01,2.754170e+01,2.766589e+01,2.759401e+01,2.754170e+01,2.757440e+01,2.758747e+01,2.756132e+01,2.754824e+01,2.756786e+01,2.751554e+01,2.739772e+01,2.725355e+01,2.721420e+01,2.703692e+01,2.683961e+01,2.656935e+01,2.643727e+01,2.602677e+01,2.586079e+01,2.562132e+01,2.545471e+01,2.532122e+01,2.513406e+01,2.511399e+01,2.493316e+01,2.485940e+01,2.490634e+01,2.491975e+01,2.486610e+01,2.483256e+01,2.489293e+01,2.487281e+01,2.495326e+01,2.494656e+01,2.498007e+01,2.496667e+01,2.492645e+01,2.491305e+01,2.509391e+01,2.503366e+01,2.508052e+01,2.508052e+01,2.501357e+01,2.497337e+01,2.502026e+01,2.494656e+01,2.493986e+01,2.471172e+01,2.511399e+01,2.525442e+01,2.509391e+01,2.511399e+01,2.513406e+01,2.512737e+01,2.511399e+01,2.511399e+01,2.507383e+01,2.516082e+01,2.504035e+01,2.512737e+01,2.512737e+01,2.500017e+01,2.508722e+01,2.509391e+01,2.510730e+01,2.504705e+01,2.502696e+01,2.510060e+01,2.506044e+01,2.502026e+01,2.520763e+01,2.499347e+01,2.514075e+01,2.507383e+01,2.512068e+01,2.513406e+01,2.516082e+01,2.504705e+01,2.515413e+01,2.512068e+01,2.502696e+01,2.502026e+01,2.512737e+01,2.506044e+01,2.507383e+01,2.504705e+01,2.508052e+01,2.508052e+01,2.514075e+01,2.505375e+01,2.509391e+01,2.506713e+01,2.504705e+01,2.516751e+01,2.506044e+01,2.512737e+01,2.512068e+01,2.511399e+01,2.513406e+01,2.521431e+01,2.502026e+01,2.508722e+01,2.505375e+01,2.509391e+01,2.528115e+01,2.526110e+01,2.515413e+01,2.520094e+01,2.516082e+01,2.511399e+01,2.510730e+01,2.511399e+01,2.514075e+01,2.512068e+01,2.520094e+01,2.513406e+01,2.512737e+01,2.514075e+01,2.510730e+01,2.506044e+01,2.507383e+01,2.514075e+01,2.515413e+01,2.516082e+01,2.514075e+01,2.509391e+01,2.513406e+01,2.511399e+01,2.514744e+01,2.508052e+01,2.519426e+01,2.516082e+01,2.516082e+01,2.508722e+01,2.516082e+01,2.505375e+01,2.510730e+01,2.522768e+01,2.509391e+01,2.508052e+01,2.501357e+01,2.512068e+01,2.516751e+01,2.517419e+01,2.517419e+01,2.511399e+01,2.510730e+01,2.508052e+01,2.510060e+01,2.512737e+01,2.522768e+01,2.508052e+01,2.511399e+01,2.519426e+01,2.534126e+01,2.519426e+01,2.518088e+01,2.522768e+01,2.526110e+01,2.514075e+01,2.525442e+01,2.528115e+01,2.526778e+01,2.521431e+01,2.519426e+01,2.519426e+01,2.520763e+01,2.524773e+01,2.529451e+01,2.518088e+01,2.518757e+01,2.522100e+01,2.526110e+01,2.526778e+01,2.516751e+01,2.522768e+01,2.524773e+01,2.522100e+01,2.520763e+01,2.528115e+01,2.527446e+01,2.532122e+01,2.516751e+01,2.526110e+01,2.534126e+01,2.531454e+01,2.532790e+01,2.524773e+01,2.524105e+01,2.523437e+01,2.534793e+01,2.520094e+01,2.522768e+01,2.521431e+01,2.528782e+01,2.512068e+01,2.526110e+01,2.533458e+01,2.532122e+01,2.545471e+01,2.535461e+01,2.531454e+01,2.524105e+01,2.524773e+01,2.520763e+01,2.522768e+01,2.526110e+01,2.524105e+01,2.535461e+01,2.536129e+01,2.523437e+01,2.525442e+01,2.525442e+01,2.529451e+01,2.517419e+01,2.528782e+01,2.531454e+01,2.532790e+01,2.520763e+01,2.521431e+01,2.527446e+01,2.529451e+01,2.527446e+01,2.523437e+01,2.524105e+01,2.524105e+01,2.531454e+01,2.524773e+01,2.528115e+01,2.533458e+01,2.541468e+01,2.528782e+01,2.527446e+01,2.522768e+01,2.537464e+01,2.521431e+01,2.538131e+01,2.532122e+01,2.524105e+01,2.541468e+01,2.526778e+01,2.520094e+01,2.522768e+01,2.526110e+01,2.532790e+01,2.527446e+01,2.518088e+01,2.517419e+01,2.526778e+01,2.504705e+01,2.523437e+01,2.523437e+01,2.512737e+01,2.522768e+01,2.528782e+01,2.528782e+01,2.515413e+01,2.512737e+01,2.516751e+01,2.515413e+01,2.523437e+01,2.530787e+01,2.530787e+01,2.520763e+01,2.526778e+01,2.518088e+01,2.516082e+01,2.510060e+01,2.520094e+01,2.538131e+01,2.519426e+01,2.518757e+01,2.518757e+01,2.520094e+01,2.521431e+01,2.517419e+01,2.511399e+01,2.526778e+01,2.520763e+01,2.520094e+01,2.504705e+01,2.487952e+01,2.485940e+01,2.448981e+01,2.418644e+01,2.403105e+01,2.388896e+01,2.382123e+01,2.377380e+01,2.358383e+01,2.364493e+01,2.344793e+01,2.375346e+01,2.415268e+01,2.432812e+01,2.465124e+01,2.481243e+01,2.483256e+01,2.510060e+01,2.506713e+01,2.519426e+01,2.519426e+01,2.518088e+01,2.514075e+01,2.524105e+01,2.521431e+01,2.523437e+01,2.535461e+01,2.522768e+01,2.531454e+01,2.518088e+01,2.521431e+01,2.529451e+01,2.524105e+01,2.518757e+01,2.518088e+01,2.510060e+01,2.524773e+01,2.526110e+01,2.518757e+01,2.524773e+01,2.507383e+01,2.514075e+01,2.523437e+01,2.520094e+01,2.518088e+01,2.522100e+01,2.522100e+01,2.522768e+01,2.520094e+01,2.522100e+01,2.520094e+01,2.520763e+01,2.519426e+01,2.523437e+01,2.517419e+01,2.506044e+01,2.518088e+01,2.514075e+01,2.511399e+01,2.508722e+01,2.513406e+01,2.518757e+01,2.514744e+01,2.516082e+01,2.516082e+01,2.514744e+01,2.522768e+01,2.503366e+01,2.510060e+01,2.508722e+01,2.512737e+01,2.512737e+01,2.520763e+01,2.495326e+01,2.508722e+01,2.516751e+01,2.514744e+01,2.500017e+01,2.509391e+01,2.510730e+01,2.529451e+01,2.511399e+01,2.512737e+01,2.516082e+01,2.506044e+01,2.519426e+01,2.520094e+01,2.508722e+01,2.522100e+01,2.511399e+01,2.516751e+01,2.522100e+01,2.510730e+01,2.512068e+01,2.518757e+01,2.516082e+01,2.513406e+01,2.510730e+01,2.503366e+01,2.510730e+01,2.508052e+01,2.500687e+01,2.502026e+01,2.510060e+01,2.512068e+01,2.515413e+01
2.455038e+01,2.476544e+01,2.453019e+01,2.474530e+01,2.467813e+01,2.469828e+01,2.476544e+01,2.463780e+01,2.473858e+01,2.485269e+01,2.466469e+01,2.483256e+01,2.482585e+01,2.502026e+01,2.489293e+01,2.458401e+01,2.475201e+01,2.481243e+01,2.480572e+01,2.481914e+01,2.489964e+01,2.486610e+01,2.485940e+01,2.496667e+01,2.489293e+01,2.491305e+01,2.495997e+01,2.500687e+01,2.492645e+01,2.495326e+01,2.496667e+01,2.477887e+01,2.497337e+01,2.494656e+01,2.502026e+01,2.485940e+01,2.491975e+01,2.490634e+01,2.491975e+01,2.510060e+01,2.492645e+01,2.480572e+01,2.491975e+01,2.489293e+01,2.491975e+01,2.498677e+01,2.487952e+01,2.505375e+01,2.495997e+01,2.497337e+01,2.494656e+01,2.504035e+01,2.506044e+01,2.498007e+01,2.495326e+01,2.506044e+01,2.493986e+01,2.503366e+01,2.502026e+01,2.492645e+01,2.506713e+01,2.496667e+01,2.492645e+01,2.491975e+01,2.495997e+01,2.505375e+01,2.491305e+01,2.504705e+01,2.492645e+01,2.492645e+01,2.484598e+01,2.499347e+01,2.489293e+01,2.498677e+01,2.480572e+01,2.490634e+01,2.484598e+01,2.489293e+01,2.490634e+01,2.489293e+01,2.491975e+01,2.491305e+01,2.485940e+01,2.501357e+01,2.487952e+01,2.491975e+01,2.493316e+01,2.477887e+01,2.493986e+01,2.491975e+01,2.485940e+01,2.475201e+01,2.487952e+01,2.480572e+01,2.461763e+01,2.486610e+01,2.486610e+01,2.493986e+01,2.463780e+01,2.489964e+01,2.484598e+01,2.483256e+01,2.484598e+01,2.475873e+01,2.487281e+01,2.477887e+01,2.482585e+01,2.479230e+01,2.477887e+01,2.477216e+01,2.473187e+01,2.469156e+01,2.473187e+01,2.467141e+01,2.469156e+01,2.463108e+01,2.460419e+01,2.471844e+01,2.475201e+01,2.481243e+01,2.461763e+01,2.475873e+01,2.463108e+01,2.462436e+01,2.466469e+01,2.467813e+01,2.456383e+01,2.467141e+01,2.467813e+01,2.459073e+01,2.453692e+01,2.455038e+01,2.467141e+01,2.459746e+01,2.465796e+01,2.460419e+01,2.453019e+01,2.449654e+01,2.451000e+01,2.461763e+01,2.456383e+01,2.451673e+01,2.451673e+01,2.452346e+01,2.440226e+01,2.451000e+01,2.448308e+01,2.457056e+01,2.452346e+01,2.446961e+01,2.448308e+01,2.459073e+01,2.465796e+01,2.453692e+01,2.444941e+01,2.467813e+01,2.463108e+01,2.455710e+01,2.461763e+01,2.463780e+01,2.471172e+01,2.460419e+01,2.461091e+01,2.469156e+01,2.479901e+01,2.468484e+01,2.470500e+01,2.479230e+01,2.465124e+01,2.470500e+01,2.476544e+01,2.471172e+01,2.476544e+01,2.492645e+01,2.495997e+01,2.495997e+01,2.496667e+01,2.508722e+01,2.506044e+01,2.518088e+01,2.517419e+01,2.547471e+01,2.548138e+01,2.586743e+01,2.613286e+01,2.615936e+01,2.621235e+01,2.640422e+01,2.650333e+01,2.662214e+01,2.670786e+01,2.701721e+01,2.703035e+01,2.699749e+01,2.693173e+01,2.705006e+01,2.741737e+01,2.727322e+01,2.728633e+01,2.739117e+01,2.734532e+01,2.746974e+01,2.734532e+01,2.726011e+01,2.720763e+01,2.722075e+01,2.746974e+01,2.742391e+01,2.747628e+01,2.766589e+01,2.765936e+01,2.765936e+01,2.780299e+01,2.782256e+01,2.798551e+01,2.790732e+01,2.799202e+01,2.801156e+01,2.818723e+01,2.820023e+01,2.818072e+01,2.818723e+01,2.818072e+01,2.834962e+01,2.836910e+01,2.844046e+01,2.853770e+01,2.845343e+01,2.833015e+01,2.844695e+01,2.839505e+01,2.834962e+01,2.825221e+01,2.820023e+01,2.819373e+01,2.820673e+01,2.814171e+01,2.792687e+01,2.795945e+01,2.778994e+01,2.784212e+01,2.773120e+01,2.766589e+01,2.777036e+01,2.768549e+01,2.775078e+01,2.775731e+01,2.775078e+01,2.769855e+01,2.774425e+01,2.775731e+01,2.772467e+01,2.771814e+01,2.773772e+01,2.758093e+01,2.767896e+01,2.778341e+01,2.787473e+01,2.765282e+01,2.785517e+01,2.775731e+01,2.765936e+01,2.764629e+01,2.765936e+01,2.731911e+01,2.729289e+01,2.714857e+01,2.691200e+01,2.684619e+01,2.647691e+01,2.617261e+01,2.591393e+01,2.564130e+01,2.545471e+01,2.532122e+01,2.519426e+01,2.503366e+01,2.492645e+01,2.491975e+01,2.490634e+01,2.489964e+01,2.485269e+01,2.473187e+01,2.486610e+01,2.487952e+01,2.482585e+01,2.493316e+01,2.500017e+01,2.493316e+01,2.484598e+01,2.492645e+01,2.510060e+01,2.512068e+01,2.493316e+01,2.490634e+01,2.502696e+01,2.507383e+01,2.493986e+01,2.494656e+01,2.510060e+01,2.508052e+01,2.495997e+01,2.499347e+01,2.510060e+01,2.504035e+01,2.508052e+01,2.502026e+01,2.499347e+01,2.501357e+01,2.508722e+01,2.509391e+01,2.514075e+01,2.503366e+01,2.506044e+01,2.498007e+01,2.499347e+01,2.500017e+01,2.504705e+01,2.504035e+01,2.502026e+01,2.502696e+01,2.502026e+01,2.513406e+01,2.508722e+01,2.505375e+01,2.508052e+01,2.515413e+01,2.511399e+01,2.496667e+01,2.510060e+01,2.507383e+01,2.507383e+01,2.510060e+01,2.510730e+01,2.511399e+01,2.510730e+01,2.508722e+01,2.511399e+01,2.509391e+01,2.512737e+01,2.504705e+01,2.512068e+01,2.508052e+01,2.511399e+01,2.505375e+01,2.511399e+01,2.508052e+01,2.497337e+01,2.497337e+01,2.515413e+01,2.516082e+01,2.512068e+01,2.510730e+01,2.504705e+01,2.508052e+01,2.515413e+01,2.504035e+01,2.505375e+01,2.504705e+01,2.507383e+01,2.518757e+01,2.509391e+01,2.509391e+01,2.510730e+01,2.507383e+01,2.514075e+01,2.506713e+01,2.513406e+01,2.510730e+01,2.512737e+01,2.505375e+01,2.531454e+01,2.516082e+01,2.510060e+01,2.514075e+01,2.524105e+01,2.514075e+01,2.511399e+01,2.518088e+01,2.496667e+01,2.516751e+01,2.510730e+01,2.512737e+01,2.508722e+01,2.505375e+01,2.519426e+01,2.520094e+01,2.516082e+01,2.522768e+01,2.517419e+01,2.505375e+01,2.507383e+01,2.508722e+01,2.502696e+01,2.517419e+01,2.508052e+01,2.514744e+01,2.515413e+01,2.508722e+01,2.507383e+01,2.510060e+01,2.504035e+01,2.513406e+01,2.515413e+01,2.514075e+01,2.508052e+01,2.524773e+01,2.519426e+01,2.518088e+01,2.516082e+01,2.517419e+01,2.511399e+01,2.514075e+01,2.525442e+01,2.525442e+01,2.524773e+01,2.520094e+01,2.526778e+01,2.514075e+01,2.517419e+01,2.515413e+01,2.518757e+01,2.526778e+01,2.516751e+01,2.526110e+01,2.516751e+01,2.526110e+01,2.524105e+01,2.528115e+01,2.518088e+01,2.522768e+01,2.520094e+01,2.533458e+01,2.527446e+01,2.535461e+01,2.530787e+01,2.514744e+01,2.528115e+01,2.527446e+01,2.531454e+01,2.532790e+01,2.519426e+01,2.524105e+01,2.520763e+01,2.537464e+01,2.510060e+01,2.530787e+01,2.517419e+01,2.517419e+01,2.527446e+01,2.513406e+01,2.530119e+01,2.536129e+01,2.530119e+01,2.524105e+01,2.528115e+01,2.528115e+01,2.518757e+01,2.518757e+01,2.531454e+01,2.519426e+01,2.531454e+01,2.530787e+01,2.540133e+01,2.521431e+01,2.527446e+01,2.520763e+01,2.524773e+01,2.522100e+01,2.522100e+01,2.526778e+01,2.545471e+01,2.519426e+01,2.528115e+01,2.527446e+01,2.531454e+01,2.535461e+01,2.526778e+01,2.520763e+01,2.534126e+01,2.530119e+01,2.517419e+01,2.516082e+01,2.518757e+01,2.526110e+01,2.534126e+01,2.522768e+01,2.529451e+01,2.523437e+01,2.522100e+01,2.528115e+01,2.540133e+01,2.532122e+01,2.540801e+01,2.527446e+01,2.538799e+01,2.532122e+01,2.523437e+01,2.527446e+01,2.516082e+01,2.514744e+01,2.525442e+01,2.512737e+01,2.525442e+01,2.498007e+01,2.527446e+01,2.524773e+01,2.520763e+01,2.528115e+01,2.516751e+01,2.521431e+01,2.514744e+01,2.511399e+01,2.520763e+01,2.524773e+01,2.513406e+01,2.511399e+01,2.530119e+01,2.524105e+01,2.527446e+01,2.508722e+01,2.529451e+01,2.534793e+01,2.507383e+01,2.522100e+01,2.522100e+01,2.516751e+01,2.515413e+01,2.523437e+01,2.512737e+01,2.498007e+01,2.526778e+01,2.509391e+01,2.508722e+01,2.489293e+01,2.448308e+01,2.448308e+01,2.418644e+01,2.390250e+01,2.374668e+01,2.357025e+01,2.361778e+01,2.355667e+01,2.352949e+01,2.367886e+01,2.377380e+01,2.416619e+01,2.448308e+01,2.465124e+01,2.477216e+01,2.487952e+01,2.506713e+01,2.518088e+01,2.508722e+01,2.518757e+01,2.513406e+01,2.515413e+01,2.527446e+01,2.524773e+01,2.524773e+01,2.519426e+01,2.524105e+01,2.522100e+01,2.524105e+01,2.516751e+01,2.518088e+01,2.522100e+01,2.523437e+01,2.512737e+01,2.515413e+01,2.520094e+01,2.522100e+01,2.508052e+01,2.524773e+01,2.524773e+01,2.519426e+01,2.517419e+01,2.489293e+01,2.507383e+01,2.522100e+01,2.530787e+01,2.519426e+01,2.517419e+01,2.514744e+01,2.517419e+01,2.524105e+01,2.514744e+01,2.515413e+01,2.516082e+01,2.506713e+01,2.520094e+01,2.512737e+01,2.514744e+01,2.513406e+01,2.514075e+01,2.510060e+01,2.511399e+01,2.524105e+01,2.512068e+01,2.514744e+01,2.520094e+01,2.510060e+01,2.511399e+01,2.521431e+01,2.516082e+01,2.512068e+01,2.506713e+01,2.500017e+01,2.518088e+01,2.512737e+01,2.495326e+01,2.509391e+01,2.508052e+01,2.515413e+01,2.507383e+01,2.506044e+01,2.522100e+01,2.516751e+01,2.505375e+01,2.520763e+01,2.498007e+01,2.505375e+01,2.521431e+01,2.507383e+01,2.512068e+01,2.509391e+01,2.506044e+01,2.507383e+01,2.514075e+01,2.506713e+01,2.516751e+01,2.500687e+01,2.513406e+01,2.501357e+01,2.508052e+01,2.506713e+01,2.506713e+01,2.509391e+01,2.513406e+01,2.496667e+01
2.462436e+01,2.490634e+01,2.468484e+01,2.465796e+01,2.468484e+01,2.463780e+01,2.470500e+01,2.471172e+01,2.466469e+01,2.481243e+01,2.496667e+01,2.483927e+01,2.476544e+01,2.486610e+01,2.476544e+01,2.473858e+01,2.473187e+01,2.484598e+01,2.493316e+01,2.483927e+01,2.483927e+01,2.474530e+01,2.488622e+01,2.489293e+01,2.478558e+01,2.488622e+01,2.498677e+01,2.471172e+01,2.498677e+01,2.499347e+01,2.497337e+01,2.491975e+01,2.493316e+01,2.502026e+01,2.493986e+01,2.495997e+01,2.492645e+01,2.489964e+01,2.495997e+01,2.495997e+01,2.502026e+01,2.501357e+01,2.487952e+01,2.496667e+01,2.488622e+01,2.486610e+01,2.497337e+01,2.496667e+01,2.493316e+01,2.500017e+01,2.506713e+01,2.498677e+01,2.493316e+01,2.499347e+01,2.499347e+01,2.490634e+01,2.508052e+01,2.502026e+01,2.492645e+01,2.491975e+01,2.495997e+01,2.503366e+01,2.492645e+01,2.505375e+01,2.500687e+01,2.498677e+01,2.505375e+01,2.503366e+01,2.496667e+01,2.495997e+01,2.500017e+01,2.492645e+01,2.490634e+01,2.479230e+01,2.485269e+01,2.492645e+01,2.493986e+01,2.491975e+01,2.487952e+01,2.489964e+01,2.483927e+01,2.492645e+01,2.488622e+01,2.495997e+01,2.498677e+01,2.492645e+01,2.489964e+01,2.483256e+01,2.480572e+01,2.477216e+01,2.473187e+01,2.486610e+01,2.485940e+01,2.491975e+01,2.496667e+01,2.488622e+01,2.481243e+01,2.489293e+01,2.493316e+01,2.493316e+01,2.485269e+01,2.477216e+01,2.479901e+01,2.463108e+01,2.478558e+01,2.473858e+01,2.470500e+01,2.477216e+01,2.475873e+01,2.476544e+01,2.469156e+01,2.475873e+01,2.473858e+01,2.458401e+01,2.467141e+01,2.477216e+01,2.481243e+01,2.471844e+01,2.453692e+01,2.472515e+01,2.473187e+01,2.463108e+01,2.456383e+01,2.467141e+01,2.455710e+01,2.459746e+01,2.452346e+01,2.448308e+01,2.465796e+01,2.451000e+01,2.465124e+01,2.455038e+01,2.454365e+01,2.444941e+01,2.459746e+01,2.452346e+01,2.458401e+01,2.471172e+01,2.453692e+01,2.452346e+01,2.451000e+01,2.454365e+01,2.454365e+01,2.453692e+01,2.448308e+01,2.453692e+01,2.450327e+01,2.456383e+01,2.443594e+01,2.448981e+01,2.453692e+01,2.448308e+01,2.442921e+01,2.452346e+01,2.454365e+01,2.471844e+01,2.467813e+01,2.458401e+01,2.461091e+01,2.461091e+01,2.465124e+01,2.461091e+01,2.462436e+01,2.468484e+01,2.466469e+01,2.465124e+01,2.456383e+01,2.463108e+01,2.455038e+01,2.467141e+01,2.477216e+01,2.467141e+01,2.466469e+01,2.475201e+01,2.495997e+01,2.497337e+01,2.489293e+01,2.496667e+01,2.517419e+01,2.551472e+01,2.537464e+01,2.584750e+01,2.607982e+01,2.610634e+01,2.634472e+01,2.651654e+01,2.671445e+01,2.677376e+01,2.686594e+01,2.689226e+01,2.710918e+01,2.727978e+01,2.710261e+01,2.726011e+01,2.739117e+01,2.722731e+01,2.740427e+01,2.751554e+01,2.760708e+01,2.737807e+01,2.723387e+01,2.738462e+01,2.731255e+01,2.730600e+01,2.708291e+01,2.720107e+01,2.724043e+01,2.726011e+01,2.748937e+01,2.748282e+01,2.758093e+01,2.744355e+01,2.765282e+01,2.779646e+01,2.769855e+01,2.786821e+01,2.791384e+01,2.809617e+01,2.798551e+01,2.807665e+01,2.808967e+01,2.816772e+01,2.815471e+01,2.818723e+01,2.818723e+01,2.818072e+01,2.840154e+01,2.836910e+01,2.838857e+01,2.838208e+01,2.849234e+01,2.838208e+01,2.844695e+01,2.834313e+01,2.833015e+01,2.821323e+01,2.825221e+01,2.817422e+01,2.803109e+01,2.810919e+01,2.801156e+01,2.799853e+01,2.795945e+01,2.793339e+01,2.803109e+01,2.803109e+01,2.792687e+01,2.803760e+01,2.782256e+01,2.779646e+01,2.781603e+01,2.792036e+01,2.794642e+01,2.794642e+01,2.793991e+01,2.786169e+01,2.773120e+01,2.789429e+01,2.790732e+01,2.784212e+01,2.788777e+01,2.777036e+01,2.784212e+01,2.762669e+01,2.743701e+01,2.743046e+01,2.722731e+01,2.687910e+01,2.685936e+01,2.671445e+01,2.641744e+01,2.608646e+01,2.598032e+01,2.566127e+01,2.530787e+01,2.518757e+01,2.498007e+01,2.493316e+01,2.494656e+01,2.478558e+01,2.473858e+01,2.484598e+01,2.483256e+01,2.480572e+01,2.469828e+01,2.496667e+01,2.500017e+01,2.478558e+01,2.489293e+01,2.491975e+01,2.490634e+01,2.493316e+01,2.493316e+01,2.501357e+01,2.496667e+01,2.497337e+01,2.511399e+01,2.498007e+01,2.506713e+01,2.489964e+01,2.510060e+01,2.497337e+01,2.512068e+01,2.510730e+01,2.508722e+01,2.510060e+01,2.515413e+01,2.501357e+01,2.508722e+01,2.506044e+01,2.506713e+01,2.513406e+01,2.502696e+01,2.533458e+01,2.507383e+01,2.495997e+01,2.502696e+01,2.506713e+01,2.508722e+01,2.502696e+01,2.506044e+01,2.498007e+01,2.504035e+01,2.508052e+01,2.503366e+01,2.500687e+01,2.498677e+01,2.497337e+01,2.509391e+01,2.505375e+01,2.513406e+01,2.508722e+01,2.501357e+01,2.516082e+01,2.510730e+01,2.499347e+01,2.512068e+01,2.498677e+01,2.507383e+01,2.507383e+01,2.510060e+01,2.506044e+01,2.508052e+01,2.504705e+01,2.505375e+01,2.503366e+01,2.508722e+01,2.506713e+01,2.514075e+01,2.496667e+01,2.499347e+01,2.510730e+01,2.513406e+01,2.511399e+01,2.519426e+01,2.513406e+01,2.510060e+01,2.512068e+01,2.518088e+01,2.508722e+01,2.511399e+01,2.511399e+01,2.512068e+01,2.507383e+01,2.513406e+01,2.518757e+01,2.512737e+01,2.501357e+01,2.510730e+01,2.512737e+01,2.504035e+01,2.512068e+01,2.510730e+01,2.502696e+01,2.516082e+01,2.495997e+01,2.518088e+01,2.518757e+01,2.510060e+01,2.506713e+01,2.510730e+01,2.514744e+01,2.514075e+01,2.515413e+01,2.514744e+01,2.515413e+01,2.510060e+01,2.508722e+01,2.511399e+01,2.508722e+01,2.514744e+01,2.508052e+01,2.507383e+01,2.508722e+01,2.510060e+01,2.510730e+01,2.508052e+01,2.516082e+01,2.502026e+01,2.521431e+01,2.522100e+01,2.518088e+01,2.519426e+01,2.512737e+01,2.518088e+01,2.517419e+01,2.517419e+01,2.507383e+01,2.512068e+01,2.522768e+01,2.520763e+01,2.512737e+01,2.510060e+01,2.525442e+01,2.526110e+01,2.520094e+01,2.525442e+01,2.531454e+01,2.520094e+01,2.517419e+01,2.518088e+01,2.529451e+01,2.520094e+01,2.522768e+01,2.527446e+01,2.526778e+01,2.526110e+01,2.510730e+01,2.521431e+01,2.522100e+01,2.521431e+01,2.518088e+01,2.525442e+01,2.520094e+01,2.512737e+01,2.529451e+01,2.524773e+01,2.530787e+01,2.519426e+01,2.528115e+01,2.527446e+01,2.522100e+01,2.524105e+01,2.523437e+01,2.527446e+01,2.518088e+01,2.516751e+01,2.515413e+01,2.520094e+01,2.524773e+01,2.527446e+01,2.510730e+01,2.528782e+01,2.521431e+01,2.527446e+01,2.518757e+01,2.539466e+01,2.522768e+01,2.518757e+01,2.518757e+01,2.527446e+01,2.540133e+01,2.538131e+01,2.523437e+01,2.525442e+01,2.528782e+01,2.530119e+01,2.518757e+01,2.527446e+01,2.522768e+01,2.530119e+01,2.530787e+01,2.528115e+01,2.533458e+01,2.519426e+01,2.534126e+01,2.532122e+01,2.530787e+01,2.533458e+01,2.517419e+01,2.523437e+01,2.516082e+01,2.520763e+01,2.522768e+01,2.527446e+01,2.524105e+01,2.542802e+01,2.536129e+01,2.529451e+01,2.530787e+01,2.532122e+01,2.531454e+01,2.517419e+01,2.530119e+01,2.520763e+01,2.520094e+01,2.534126e+01,2.522768e+01,2.528782e+01,2.521431e+01,2.518088e+01,2.526110e+01,2.518757e+01,2.529451e+01,2.527446e+01,2.516751e+01,2.516751e+01,2.514075e+01,2.525442e+01,2.509391e+01,2.525442e+01,2.521431e+01,2.526778e+01,2.518088e+01,2.523437e+01,2.512737e+01,2.510060e+01,2.517419e+01,2.529451e+01,2.522100e+01,2.516751e+01,2.520763e+01,2.534126e+01,2.503366e+01,2.514075e+01,2.518757e+01,2.523437e+01,2.520763e+01,2.522100e+01,2.520094e+01,2.523437e+01,2.513406e+01,2.504705e+01,2.492645e+01,2.485269e+01,2.467141e+01,2.420670e+01,2.412566e+01,2.376024e+01,2.372634e+01,2.353629e+01,2.364493e+01,2.352949e+01,2.369242e+01,2.367886e+01,2.388219e+01,2.419319e+01,2.455038e+01,2.467813e+01,2.489964e+01,2.489293e+01,2.517419e+01,2.520094e+01,2.515413e+01,2.517419e+01,2.520763e+01,2.514744e+01,2.517419e+01,2.522768e+01,2.513406e+01,2.518757e+01,2.523437e+01,2.521431e+01,2.526778e+01,2.522100e+01,2.522768e+01,2.514744e+01,2.516751e+01,2.511399e+01,2.508722e+01,2.520763e+01,2.528782e+01,2.521431e+01,2.513406e+01,2.516751e+01,2.512737e+01,2.518757e+01,2.519426e+01,2.518757e+01,2.520763e+01,2.524773e+01,2.503366e+01,2.518088e+01,2.511399e+01,2.524773e+01,2.520094e+01,2.512068e+01,2.516751e+01,2.515413e+01,2.516082e+01,2.513406e+01,2.516082e+01,2.514744e+01,2.513406e+01,2.517419e+01,2.512068e+01,2.518088e+01,2.526110e+01,2.529451e+01,2.512068e+01,2.510060e+01,2.503366e+01,2.520094e+01,2.520094e+01,2.520763e+01,2.516751e+01,2.510060e+01,2.513406e+01,2.518757e+01,2.520094e+01,2.510060e+01,2.506713e+01,2.510730e+01,2.509391e+01,2.510730e+01,2.506713e+01,2.525442e+01,2.514075e+01,2.514075e+01,2.518088e+01,2.521431e+01,2.499347e+01,2.510730e+01,2.528115e+01,2.528782e+01,2.506713e+01,2.516751e+01,2.526110e+01,2.515413e+01,2.500687e+01,2.500687e+01,2.502696e+01,2.522100e+01,2.504035e+01,2.495326e+01,2.508722e+01,2.505375e+01,2.499347e+01,2.506713e+01,2.513406e+01
2.465124e+01,2.473858e+01,2.464452e+01,2.465796e+01,2.471172e+01,2.466469e+01,2.468484e+01,2.498007e+01,2.464452e+01,2.466469e+01,2.485940e+01,2.473858e+01,2.475873e+01,2.476544e+01,2.459746e+01,2.475201e+01,2.467813e+01,2.487952e+01,2.475873e+01,2.481914e+01,2.480572e+01,2.490634e+01,2.493316e+01,2.467813e+01,2.481914e+01,2.503366e+01,2.500687e+01,2.484598e+01,2.484598e+01,2.501357e+01,2.496667e+01,2.485940e+01,2.495997e+01,2.493986e+01,2.492645e+01,2.501357e+01,2.491975e+01,2.492645e+01,2.515413e+01,2.500017e+01,2.496667e+01,2.510730e+01,2.498007e+01,2.500687e+01,2.493986e+01,2.488622e+01,2.497337e+01,2.500687e+01,2.500017e+01,2.496667e+01,2.502026e+01,2.505375e+01,2.508052e+01,2.486610e+01,2.493316e+01,2.511399e+01,2.507383e+01,2.484598e+01,2.483927e+01,2.498007e+01,2.494656e+01,2.494656e+01,2.496667e+01,2.491305e+01,2.492645e+01,2.500687e+01,2.504035e+01,2.498007e+01,2.498007e+01,2.494656e+01,2.486610e+01,2.494656e+01,2.491305e+01,2.494656e+01,2.492645e+01,2.504705e+01,2.487952e+01,2.489964e+01,2.510060e+01,2.490634e+01,2.491305e+01,2.485269e+01,2.500017e+01,2.483927e+01,2.489964e+01,2.489964e+01,2.495326e+01,2.492645e+01,2.488622e+01,2.480572e+01,2.477216e+01,2.486610e+01,2.491305e+01,2.498007e+01,2.485269e+01,2.491305e+01,2.487281e+01,2.483927e+01,2.489964e+01,2.493316e+01,2.489964e+01,2.484598e+01,2.477887e+01,2.476544e+01,2.495997e+01,2.475201e+01,2.483927e+01,2.479230e+01,2.490634e+01,2.474530e+01,2.460419e+01,2.477887e+01,2.475201e+01,2.473858e+01,2.469156e+01,2.480572e+01,2.480572e+01,2.467141e+01,2.480572e+01,2.475873e+01,2.479901e+01,2.465124e+01,2.463780e+01,2.465124e+01,2.465796e+01,2.463108e+01,2.467141e+01,2.469828e+01,2.461763e+01,2.466469e+01,2.457728e+01,2.455038e+01,2.455038e+01,2.467813e+01,2.459746e+01,2.467141e+01,2.458401e+01,2.461091e+01,2.451000e+01,2.467813e+01,2.452346e+01,2.453692e+01,2.453019e+01,2.479901e+01,2.461091e+01,2.459073e+01,2.467141e+01,2.462436e+01,2.467141e+01,2.447635e+01,2.446961e+01,2.443594e+01,2.457728e+01,2.455038e+01,2.459746e+01,2.461763e+01,2.461763e+01,2.461763e+01,2.465124e+01,2.457728e+01,2.473187e+01,2.485940e+01,2.467813e+01,2.463108e+01,2.463780e+01,2.459073e+01,2.467141e+01,2.467813e+01,2.472515e+01,2.473858e+01,2.475201e+01,2.473187e+01,2.475873e+01,2.478558e+01,2.498677e+01,2.499347e+01,2.498007e+01,2.503366e+01,2.514075e+01,2.552805e+01,2.570786e+01,2.611297e+01,2.614611e+01,2.663533e+01,2.664193e+01,2.674740e+01,2.686594e+01,2.707634e+01,2.712888e+01,2.713544e+01,2.721420e+01,2.742391e+01,2.747628e+01,2.753516e+01,2.739117e+01,2.746974e+01,2.743046e+01,2.763322e+01,2.760055e+01,2.762669e+01,2.759401e+01,2.738462e+01,2.737807e+01,2.729289e+01,2.724699e+01,2.722731e+01,2.718795e+01,2.720763e+01,2.721420e+01,2.718139e+01,2.727322e+01,2.751554e+01,2.731911e+01,2.741737e+01,2.748937e+01,2.748937e+01,2.760055e+01,2.779646e+01,2.801156e+01,2.780299e+01,2.792036e+01,2.805062e+01,2.818723e+01,2.818723e+01,2.817422e+01,2.836261e+01,2.832366e+01,2.840154e+01,2.836910e+01,2.847289e+01,2.840154e+01,2.844046e+01,2.844695e+01,2.825871e+01,2.830418e+01,2.823272e+01,2.823272e+01,2.810268e+01,2.814821e+01,2.821972e+01,2.808967e+01,2.811569e+01,2.803760e+01,2.793991e+01,2.805713e+01,2.808316e+01,2.806364e+01,2.811569e+01,2.803109e+01,2.787473e+01,2.793339e+01,2.806364e+01,2.806364e+01,2.802458e+01,2.813520e+01,2.812220e+01,2.813520e+01,2.801807e+01,2.786169e+01,2.790080e+01,2.792036e+01,2.797899e+01,2.786169e+01,2.786169e+01,2.776383e+01,2.764629e+01,2.751554e+01,2.724699e+01,2.686594e+01,2.687910e+01,2.678693e+01,2.637778e+01,2.605993e+01,2.575443e+01,2.558136e+01,2.529451e+01,2.504035e+01,2.472515e+01,2.492645e+01,2.467813e+01,2.485269e+01,2.483256e+01,2.496667e+01,2.478558e+01,2.487952e+01,2.479901e+01,2.493316e+01,2.492645e+01,2.491305e+01,2.487281e+01,2.493316e+01,2.499347e+01,2.493986e+01,2.492645e+01,2.495326e+01,2.493316e+01,2.499347e+01,2.496667e+01,2.509391e+01,2.494656e+01,2.493316e+01,2.509391e+01,2.506044e+01,2.502026e+01,2.508722e+01,2.504705e+01,2.495997e+01,2.508722e+01,2.514075e+01,2.508722e+01,2.502696e+01,2.504705e+01,2.506044e+01,2.504035e+01,2.491975e+01,2.500687e+01,2.504705e+01,2.495326e+01,2.503366e+01,2.500687e+01,2.501357e+01,2.502696e+01,2.511399e+01,2.501357e+01,2.508722e+01,2.506044e+01,2.504035e+01,2.515413e+01,2.505375e+01,2.504705e+01,2.505375e+01,2.510730e+01,2.513406e+01,2.508722e+01,2.501357e+01,2.516082e+01,2.510060e+01,2.504705e+01,2.508052e+01,2.503366e+01,2.506713e+01,2.498677e+01,2.510060e+01,2.503366e+01,2.510060e+01,2.508722e+01,2.506044e+01,2.508052e+01,2.511399e+01,2.517419e+01,2.513406e+01,2.506713e+01,2.509391e+01,2.510060e+01,2.509391e+01,2.508052e+01,2.516751e+01,2.512068e+01,2.511399e+01,2.504035e+01,2.508052e+01,2.506044e+01,2.509391e+01,2.512737e+01,2.508722e+01,2.515413e+01,2.513406e+01,2.511399e+01,2.506713e+01,2.496667e+01,2.512068e+01,2.512737e+01,2.516082e+01,2.506044e+01,2.513406e+01,2.521431e+01,2.520094e+01,2.511399e+01,2.511399e+01,2.515413e+01,2.509391e+01,2.514075e+01,2.515413e+01,2.518088e+01,2.508722e+01,2.514744e+01,2.512737e+01,2.510060e+01,2.516082e+01,2.511399e+01,2.513406e+01,2.527446e+01,2.510060e+01,2.510730e+01,2.490634e+01,2.501357e+01,2.506713e+01,2.515413e+01,2.520094e+01,2.520763e+01,2.514744e+01,2.519426e+01,2.508722e+01,2.523437e+01,2.522100e+01,2.522768e+01,2.514744e+01,2.518757e+01,2.518088e+01,2.526778e+01,2.528782e+01,2.521431e+01,2.513406e+01,2.508052e+01,2.524773e+01,2.518757e+01,2.522100e+01,2.522768e+01,2.519426e+01,2.518757e+01,2.550805e+01,2.518088e+01,2.514744e+01,2.522100e+01,2.528115e+01,2.512068e+01,2.522768e+01,2.516082e+01,2.511399e+01,2.515413e+01,2.515413e+01,2.548138e+01,2.522768e+01,2.535461e+01,2.519426e+01,2.538799e+01,2.530119e+01,2.528782e+01,2.529451e+01,2.538799e+01,2.523437e+01,2.524105e+01,2.522768e+01,2.525442e+01,2.518088e+01,2.522100e+01,2.526778e+01,2.532122e+01,2.520094e+01,2.526110e+01,2.512068e+01,2.512068e+01,2.525442e+01,2.526110e+01,2.523437e+01,2.525442e+01,2.520094e+01,2.519426e+01,2.519426e+01,2.537464e+01,2.520763e+01,2.519426e+01,2.532122e+01,2.532790e+01,2.515413e+01,2.532122e+01,2.530119e+01,2.521431e+01,2.526110e+01,2.521431e+01,2.520763e+01,2.527446e+01,2.527446e+01,2.535461e+01,2.536796e+01,2.530119e+01,2.529451e+01,2.536796e+01,2.528782e+01,2.529451e+01,2.526110e+01,2.529451e+01,2.520094e+01,2.526110e+01,2.534126e+01,2.531454e+01,2.526778e+01,2.511399e+01,2.529451e+01,2.532122e+01,2.534793e+01,2.535461e+01,2.524773e+01,2.526778e+01,2.527446e+01,2.532122e+01,2.526110e+01,2.530119e+01,2.525442e+01,2.515413e+01,2.504035e+01,2.518088e+01,2.521431e+01,2.528782e+01,2.518088e+01,2.518088e+01,2.516751e+01,2.522100e+01,2.524105e+01,2.523437e+01,2.508722e+01,2.536129e+01,2.525442e+01,2.518088e+01,2.534126e+01,2.534126e+01,2.518757e+01,2.519426e+01,2.515413e+01,2.514075e+01,2.523437e+01,2.530119e+01,2.522768e+01,2.516082e+01,2.514075e+01,2.530119e+01,2.522100e+01,2.524105e+01,2.520763e+01,2.514075e+01,2.511399e+01,2.507383e+01,2.493316e+01,2.488622e+01,2.473187e+01,2.447635e+01,2.412566e+01,2.399047e+01,2.396341e+01,2.376702e+01,2.360420e+01,2.367207e+01,2.367207e+01,2.367207e+01,2.386187e+01,2.422019e+01,2.444268e+01,2.475201e+01,2.477887e+01,2.485940e+01,2.491975e+01,2.521431e+01,2.522768e+01,2.519426e+01,2.525442e+01,2.524773e+01,2.525442e+01,2.509391e+01,2.526778e+01,2.526110e+01,2.526778e+01,2.514075e+01,2.514744e+01,2.513406e+01,2.510730e+01,2.523437e+01,2.528115e+01,2.509391e+01,2.524773e+01,2.509391e+01,2.526778e+01,2.518757e+01,2.526110e+01,2.503366e+01,2.508722e+01,2.510060e+01,2.524105e+01,2.512737e+01,2.521431e+01,2.531454e+01,2.519426e+01,2.526110e+01,2.502026e+01,2.504705e+01,2.520763e+01,2.512068e+01,2.516082e+01,2.520763e+01,2.512737e+01,2.508052e+01,2.513406e+01,2.506044e+01,2.523437e+01,2.526778e+01,2.512737e+01,2.518088e+01,2.515413e+01,2.503366e+01,2.509391e+01,2.511399e+01,2.528782e+01,2.518088e+01,2.510060e+01,2.520763e+01,2.510060e+01,2.510730e+01,2.518757e+01,2.510730e+01,2.511399e+01,2.513406e+01,2.510060e+01,2.512068e+01,2.508722e+01,2.495326e+01,2.518088e+01,2.511399e+01,2.526778e+01,2.510060e+01,2.502026e+01,2.506713e+01,2.504035e+01,2.525442e+01,2.525442e+01,2.497337e+01,2.510730e+01,2.514075e+01,2.517419e+01,2.506713e+01,2.510060e+01,2.497337e+01,2.502026e+01,2.516082e+01,2.500687e+01,2.502696e+01,2.497337e+01,2.504705e+01,2.504705e+01,2.504705e+01,2.513406e+01,2.509391e+01
2.464452e+01,2.460419e+01,2.460419e+01,2.464452e+01,2.468484e+01,2.469156e+01,2.477887e+01,2.471844e+01,2.465124e+01,2.475873e+01,2.481243e+01,2.477887e+01,2.462436e+01,2.474530e+01,2.475201e+01,2.477887e+01,2.474530e+01,2.477887e+01,2.473858e+01,2.471844e+01,2.487281e+01,2.489293e+01,2.486610e+01,2.470500e+01,2.481914e+01,2.484598e+01,2.486610e+01,2.485940e+01,2.500687e+01,2.498007e+01,2.497337e+01,2.495997e+01,2.473187e+01,2.498007e+01,2.483927e+01,2.491975e+01,2.491305e+01,2.493316e+01,2.489964e+01,2.494656e+01,2.500017e+01,2.497337e+01,2.495326e+01,2.496667e+01,2.499347e+01,2.499347e+01,2.498007e+01,2.498677e+01,2.487952e+01,2.493986e+01,2.493986e+01,2.498677e+01,2.506044e+01,2.492645e+01,2.497337e+01,2.494656e+01,2.488622e+01,2.496667e+01,2.485940e+01,2.489964e+01,2.493316e+01,2.492645e+01,2.496667e+01,2.494656e+01,2.500017e+01,2.492645e+01,2.489964e+01,2.475873e+01,2.489293e+01,2.495326e+01,2.495326e+01,2.491975e+01,2.495997e+01,2.489964e+01,2.478558e+01,2.495326e+01,2.490634e+01,2.488622e+01,2.488622e+01,2.489964e+01,2.487952e+01,2.488622e+01,2.483256e+01,2.489964e+01,2.490634e+01,2.491975e+01,2.487952e+01,2.483256e+01,2.476544e+01,2.486610e+01,2.483256e+01,2.481243e+01,2.485940e+01,2.459746e+01,2.484598e+01,2.484598e+01,2.479901e+01,2.483256e+01,2.489293e+01,2.483256e+01,2.495997e+01,2.491975e+01,2.480572e+01,2.466469e+01,2.472515e+01,2.473858e+01,2.480572e+01,2.473858e+01,2.473858e+01,2.474530e+01,2.475873e+01,2.477216e+01,2.471844e+01,2.470500e+01,2.465796e+01,2.470500e+01,2.457728e+01,2.459746e+01,2.459073e+01,2.456383e+01,2.460419e+01,2.467141e+01,2.463108e+01,2.464452e+01,2.467141e+01,2.465124e+01,2.466469e+01,2.468484e+01,2.452346e+01,2.467813e+01,2.455038e+01,2.453019e+01,2.463108e+01,2.455038e+01,2.460419e+01,2.459746e+01,2.442921e+01,2.464452e+01,2.465124e+01,2.455038e+01,2.455038e+01,2.456383e+01,2.457056e+01,2.449654e+01,2.455710e+01,2.447635e+01,2.463780e+01,2.448308e+01,2.457728e+01,2.458401e+01,2.455710e+01,2.453692e+01,2.452346e+01,2.465124e+01,2.457056e+01,2.462436e+01,2.459746e+01,2.461091e+01,2.462436e+01,2.465124e+01,2.458401e+01,2.473187e+01,2.457056e+01,2.461763e+01,2.463108e+01,2.454365e+01,2.469828e+01,2.459073e+01,2.472515e+01,2.465796e+01,2.474530e+01,2.468484e+01,2.477887e+01,2.480572e+01,2.495326e+01,2.498677e+01,2.498677e+01,2.504705e+01,2.518757e+01,2.561466e+01,2.571451e+01,2.629179e+01,2.649673e+01,2.664193e+01,2.689226e+01,2.681986e+01,2.710261e+01,2.718139e+01,2.735842e+01,2.721420e+01,2.736497e+01,2.735842e+01,2.748282e+01,2.767896e+01,2.765936e+01,2.765282e+01,2.775731e+01,2.782908e+01,2.781603e+01,2.765936e+01,2.761362e+01,2.760055e+01,2.752208e+01,2.733876e+01,2.727978e+01,2.722075e+01,2.720763e+01,2.722731e+01,2.697119e+01,2.697119e+01,2.668149e+01,2.691200e+01,2.693831e+01,2.701064e+01,2.697777e+01,2.710261e+01,2.719451e+01,2.731911e+01,2.726011e+01,2.762015e+01,2.761362e+01,2.762015e+01,2.784865e+01,2.785517e+01,2.782908e+01,2.814171e+01,2.814171e+01,2.812870e+01,2.812220e+01,2.814171e+01,2.836910e+01,2.844695e+01,2.821972e+01,2.826521e+01,2.844695e+01,2.826521e+01,2.822622e+01,2.821323e+01,2.808316e+01,2.816772e+01,2.816772e+01,2.794642e+01,2.813520e+01,2.813520e+01,2.806364e+01,2.805713e+01,2.806364e+01,2.805062e+01,2.804411e+01,2.819373e+01,2.803760e+01,2.816772e+01,2.818072e+01,2.812870e+01,2.810268e+01,2.813520e+01,2.812220e+01,2.812870e+01,2.810268e+01,2.810919e+01,2.821323e+01,2.799202e+01,2.805062e+01,2.785517e+01,2.785517e+01,2.768549e+01,2.760055e+01,2.754170e+01,2.727322e+01,2.722075e+01,2.685936e+01,2.650333e+01,2.608646e+01,2.581427e+01,2.558802e+01,2.523437e+01,2.492645e+01,2.468484e+01,2.488622e+01,2.469156e+01,2.481914e+01,2.485269e+01,2.474530e+01,2.464452e+01,2.465796e+01,2.483256e+01,2.493986e+01,2.495997e+01,2.482585e+01,2.482585e+01,2.487952e+01,2.492645e+01,2.494656e+01,2.494656e+01,2.495997e+01,2.495997e+01,2.500687e+01,2.507383e+01,2.502696e+01,2.491305e+01,2.495326e+01,2.495997e+01,2.495997e+01,2.510730e+01,2.500017e+01,2.489964e+01,2.498007e+01,2.500687e+01,2.504035e+01,2.516751e+01,2.502696e+01,2.502026e+01,2.505375e+01,2.505375e+01,2.487281e+01,2.498677e+01,2.498677e+01,2.497337e+01,2.501357e+01,2.510730e+01,2.501357e+01,2.499347e+01,2.512737e+01,2.500017e+01,2.504035e+01,2.495326e+01,2.508052e+01,2.506713e+01,2.506044e+01,2.512068e+01,2.506044e+01,2.504705e+01,2.505375e+01,2.510060e+01,2.517419e+01,2.508722e+01,2.510730e+01,2.507383e+01,2.496667e+01,2.506713e+01,2.501357e+01,2.493986e+01,2.506044e+01,2.506044e+01,2.508052e+01,2.493986e+01,2.493316e+01,2.508722e+01,2.502696e+01,2.504035e+01,2.514075e+01,2.508052e+01,2.513406e+01,2.512737e+01,2.513406e+01,2.509391e+01,2.509391e+01,2.502696e+01,2.510060e+01,2.494656e+01,2.511399e+01,2.509391e+01,2.510060e+01,2.510060e+01,2.509391e+01,2.508052e+01,2.505375e+01,2.506713e+01,2.516751e+01,2.518757e+01,2.498677e+01,2.498677e+01,2.509391e+01,2.511399e+01,2.506044e+01,2.511399e+01,2.505375e+01,2.511399e+01,2.498007e+01,2.503366e+01,2.503366e+01,2.508052e+01,2.515413e+01,2.502026e+01,2.510730e+01,2.510730e+01,2.509391e+01,2.504035e+01,2.511399e+01,2.511399e+01,2.513406e+01,2.508052e+01,2.511399e+01,2.521431e+01,2.504035e+01,2.504035e+01,2.506044e+01,2.504705e+01,2.508052e+01,2.512737e+01,2.508722e+01,2.516751e+01,2.514075e+01,2.500687e+01,2.516751e+01,2.516082e+01,2.523437e+01,2.506044e+01,2.515413e+01,2.512737e+01,2.513406e+01,2.509391e+01,2.498007e+01,2.516751e+01,2.518088e+01,2.523437e+01,2.526778e+01,2.522100e+01,2.526110e+01,2.508052e+01,2.528115e+01,2.508722e+01,2.516082e+01,2.522100e+01,2.524105e+01,2.521431e+01,2.521431e+01,2.517419e+01,2.507383e+01,2.508052e+01,2.513406e+01,2.517419e+01,2.512737e+01,2.512068e+01,2.514075e+01,2.530119e+01,2.536796e+01,2.533458e+01,2.520763e+01,2.522768e+01,2.519426e+01,2.526110e+01,2.510060e+01,2.525442e+01,2.522100e+01,2.518088e+01,2.515413e+01,2.524773e+01,2.528115e+01,2.513406e+01,2.512068e+01,2.521431e+01,2.516082e+01,2.525442e+01,2.524105e+01,2.524105e+01,2.526778e+01,2.518757e+01,2.517419e+01,2.526778e+01,2.528782e+01,2.536129e+01,2.537464e+01,2.526778e+01,2.534126e+01,2.530119e+01,2.526110e+01,2.526778e+01,2.522768e+01,2.530119e+01,2.530787e+01,2.526778e+01,2.526778e+01,2.532122e+01,2.528782e+01,2.534126e+01,2.532790e+01,2.532122e+01,2.528782e+01,2.525442e+01,2.523437e+01,2.518757e+01,2.515413e+01,2.522100e+01,2.522768e+01,2.531454e+01,2.531454e+01,2.521431e+01,2.534126e+01,2.530787e+01,2.534126e+01,2.528782e+01,2.532122e+01,2.510060e+01,2.524105e+01,2.522100e+01,2.530787e+01,2.524773e+01,2.514744e+01,2.524773e+01,2.522768e+01,2.515413e+01,2.520094e+01,2.514744e+01,2.515413e+01,2.528115e+01,2.516082e+01,2.508052e+01,2.519426e+01,2.520763e+01,2.504705e+01,2.527446e+01,2.520094e+01,2.521431e+01,2.511399e+01,2.507383e+01,2.512737e+01,2.514075e+01,2.514744e+01,2.520094e+01,2.524773e+01,2.520763e+01,2.524773e+01,2.530787e+01,2.529451e+01,2.516751e+01,2.519426e+01,2.518088e+01,2.518088e+01,2.518088e+01,2.519426e+01,2.502696e+01,2.503366e+01,2.472515e+01,2.446961e+01,2.434161e+01,2.397018e+01,2.396341e+01,2.371277e+01,2.367207e+01,2.354987e+01,2.340032e+01,2.342753e+01,2.377380e+01,2.394988e+01,2.417969e+01,2.450327e+01,2.448308e+01,2.492645e+01,2.484598e+01,2.494656e+01,2.500017e+01,2.519426e+01,2.500017e+01,2.521431e+01,2.515413e+01,2.518757e+01,2.512068e+01,2.521431e+01,2.518088e+01,2.517419e+01,2.523437e+01,2.520763e+01,2.518757e+01,2.515413e+01,2.517419e+01,2.518757e+01,2.524105e+01,2.507383e+01,2.510730e+01,2.512737e+01,2.516751e+01,2.514744e+01,2.519426e+01,2.512068e+01,2.511399e+01,2.514744e+01,2.521431e+01,2.514744e+01,2.520763e+01,2.523437e+01,2.504705e+01,2.519426e+01,2.508722e+01,2.518088e+01,2.502026e+01,2.514075e+01,2.513406e+01,2.510730e+01,2.505375e+01,2.508722e+01,2.508722e+01,2.512737e+01,2.510060e+01,2.512068e+01,2.508052e+01,2.518088e+01,2.512737e+01,2.504035e+01,2.504705e+01,2.525442e+01,2.506713e+01,2.514075e+01,2.514744e+01,2.506713e+01,2.510730e+01,2.504705e+01,2.512737e+01,2.506713e+01,2.508722e+01,2.516751e+01,2.503366e+01,2.511399e+01,2.511399e+01,2.513406e+01,2.511399e+01,2.500687e+01,2.505375e+01,2.506044e+01,2.502696e+01,2.499347e+01,2.498007e+01,2.500017e+01,2.500687e+01,2.511399e+01,2.502696e+01,2.504035e+01,2.498677e+01,2.506713e+01,2.504705e+01,2.505375e+01,2.498007e+01,2.495997e+01,2.510730e+01,2.504035e+01,2.505375e+01,2.503366e+01,2.509391e+01,2.494656e+01,2.503366e+01
2.467813e+01,2.464452e+01,2.468484e+01,2.461763e+01,2.467141e+01,2.471172e+01,2.472515e+01,2.474530e+01,2.473858e+01,2.463780e+01,2.469828e+01,2.474530e+01,2.463108e+01,2.472515e+01,2.487952e+01,2.476544e+01,2.478558e+01,2.506044e+01,2.479230e+01,2.471844e+01,2.481243e+01,2.485269e+01,2.485940e+01,2.485940e+01,2.487952e+01,2.485269e+01,2.481914e+01,2.480572e+01,2.495997e+01,2.481914e+01,2.498677e+01,2.482585e+01,2.498007e+01,2.492645e+01,2.499347e+01,2.492645e+01,2.496667e+01,2.497337e+01,2.514744e+01,2.490634e+01,2.497337e+01,2.505375e+01,2.496667e+01,2.493316e+01,2.495997e+01,2.487952e+01,2.477887e+01,2.495326e+01,2.495997e+01,2.499347e+01,2.495997e+01,2.491305e+01,2.498007e+01,2.496667e+01,2.497337e+01,2.493316e+01,2.495326e+01,2.498677e+01,2.500017e+01,2.479901e+01,2.496667e+01,2.493986e+01,2.495326e+01,2.494656e+01,2.492645e+01,2.502696e+01,2.498677e+01,2.491305e+01,2.490634e+01,2.491975e+01,2.494656e+01,2.493986e+01,2.484598e+01,2.477887e+01,2.505375e+01,2.496667e+01,2.493316e+01,2.497337e+01,2.489293e+01,2.501357e+01,2.489964e+01,2.489964e+01,2.493986e+01,2.492645e+01,2.481914e+01,2.485940e+01,2.483256e+01,2.496667e+01,2.487281e+01,2.492645e+01,2.478558e+01,2.483256e+01,2.483927e+01,2.465796e+01,2.483256e+01,2.487281e+01,2.482585e+01,2.482585e+01,2.493316e+01,2.489964e+01,2.479230e+01,2.481914e+01,2.495997e+01,2.483927e+01,2.481243e+01,2.492645e+01,2.480572e+01,2.481914e+01,2.479230e+01,2.457056e+01,2.475873e+01,2.473187e+01,2.471172e+01,2.473187e+01,2.473187e+01,2.472515e+01,2.476544e+01,2.473858e+01,2.471844e+01,2.462436e+01,2.470500e+01,2.465796e+01,2.466469e+01,2.464452e+01,2.468484e+01,2.465796e+01,2.463108e+01,2.463780e+01,2.464452e+01,2.471844e+01,2.462436e+01,2.453019e+01,2.455038e+01,2.454365e+01,2.460419e+01,2.460419e+01,2.443594e+01,2.460419e+01,2.459073e+01,2.459746e+01,2.448308e+01,2.452346e+01,2.453019e+01,2.452346e+01,2.451673e+01,2.446961e+01,2.463108e+01,2.447635e+01,2.453692e+01,2.461763e+01,2.455710e+01,2.440226e+01,2.449654e+01,2.462436e+01,2.461763e+01,2.448981e+01,2.424719e+01,2.447635e+01,2.467813e+01,2.451673e+01,2.465796e+01,2.472515e+01,2.461763e+01,2.453692e+01,2.459073e+01,2.454365e+01,2.468484e+01,2.465796e+01,2.469828e+01,2.465124e+01,2.469828e+01,2.475201e+01,2.467141e+01,2.479901e+01,2.500687e+01,2.498677e+01,2.497337e+01,2.524773e+01,2.536129e+01,2.587408e+01,2.596041e+01,2.650994e+01,2.664852e+01,2.676058e+01,2.700406e+01,2.705006e+01,2.724699e+01,2.731255e+01,2.741082e+01,2.765936e+01,2.739117e+01,2.772467e+01,2.769202e+01,2.784865e+01,2.784212e+01,2.780299e+01,2.784212e+01,2.782908e+01,2.805062e+01,2.801807e+01,2.799202e+01,2.760708e+01,2.762669e+01,2.756132e+01,2.731911e+01,2.728633e+01,2.695147e+01,2.691200e+01,2.681986e+01,2.672104e+01,2.662214e+01,2.668809e+01,2.669468e+01,2.674081e+01,2.668149e+01,2.676058e+01,2.683961e+01,2.697119e+01,2.704349e+01,2.738462e+01,2.739772e+01,2.739772e+01,2.748937e+01,2.767242e+01,2.765282e+01,2.781603e+01,2.802458e+01,2.810919e+01,2.810919e+01,2.815471e+01,2.836261e+01,2.851826e+01,2.837559e+01,2.839505e+01,2.846640e+01,2.836910e+01,2.820023e+01,2.823922e+01,2.810268e+01,2.824572e+01,2.816772e+01,2.816122e+01,2.817422e+01,2.824572e+01,2.831067e+01,2.823272e+01,2.807665e+01,2.834313e+01,2.821972e+01,2.827820e+01,2.836910e+01,2.816772e+01,2.825871e+01,2.833664e+01,2.842749e+01,2.816772e+01,2.834962e+01,2.821972e+01,2.810268e+01,2.814171e+01,2.813520e+01,2.820673e+01,2.814171e+01,2.791384e+01,2.794642e+01,2.785517e+01,2.778994e+01,2.761362e+01,2.733876e+01,2.720763e+01,2.710261e+01,2.680010e+01,2.643727e+01,2.613286e+01,2.563464e+01,2.549472e+01,2.510730e+01,2.490634e+01,2.473187e+01,2.467813e+01,2.474530e+01,2.468484e+01,2.477216e+01,2.480572e+01,2.489964e+01,2.498677e+01,2.489293e+01,2.484598e+01,2.488622e+01,2.495997e+01,2.495326e+01,2.485269e+01,2.484598e+01,2.504035e+01,2.491305e+01,2.502696e+01,2.499347e+01,2.493986e+01,2.494656e+01,2.491975e+01,2.496667e+01,2.506713e+01,2.501357e+01,2.502026e+01,2.505375e+01,2.504705e+01,2.500017e+01,2.515413e+01,2.520763e+01,2.504705e+01,2.504705e+01,2.504035e+01,2.503366e+01,2.488622e+01,2.496667e+01,2.497337e+01,2.494656e+01,2.508722e+01,2.504705e+01,2.508722e+01,2.511399e+01,2.508722e+01,2.498677e+01,2.505375e+01,2.495326e+01,2.508722e+01,2.502026e+01,2.504705e+01,2.504035e+01,2.505375e+01,2.506713e+01,2.510060e+01,2.506713e+01,2.510730e+01,2.506044e+01,2.514075e+01,2.501357e+01,2.509391e+01,2.506713e+01,2.508052e+01,2.506713e+01,2.508052e+01,2.509391e+01,2.493316e+01,2.508722e+01,2.506713e+01,2.496667e+01,2.506044e+01,2.504705e+01,2.507383e+01,2.502026e+01,2.514744e+01,2.512068e+01,2.515413e+01,2.505375e+01,2.510060e+01,2.506713e+01,2.508722e+01,2.511399e+01,2.525442e+01,2.510060e+01,2.501357e+01,2.514075e+01,2.502696e+01,2.506044e+01,2.510060e+01,2.508052e+01,2.507383e+01,2.495326e+01,2.509391e+01,2.503366e+01,2.509391e+01,2.500687e+01,2.512068e+01,2.517419e+01,2.511399e+01,2.520763e+01,2.505375e+01,2.504705e+01,2.507383e+01,2.512737e+01,2.507383e+01,2.512068e+01,2.517419e+01,2.506044e+01,2.514075e+01,2.509391e+01,2.509391e+01,2.504035e+01,2.508722e+01,2.508052e+01,2.510060e+01,2.512737e+01,2.522100e+01,2.507383e+01,2.506713e+01,2.502696e+01,2.518757e+01,2.518088e+01,2.519426e+01,2.492645e+01,2.508722e+01,2.516082e+01,2.513406e+01,2.522100e+01,2.505375e+01,2.508722e+01,2.515413e+01,2.518088e+01,2.500687e+01,2.517419e+01,2.508052e+01,2.517419e+01,2.520763e+01,2.524773e+01,2.518088e+01,2.518757e+01,2.529451e+01,2.520763e+01,2.516751e+01,2.528782e+01,2.513406e+01,2.526778e+01,2.524773e+01,2.520094e+01,2.523437e+01,2.522100e+01,2.518757e+01,2.525442e+01,2.516751e+01,2.511399e+01,2.525442e+01,2.511399e+01,2.519426e+01,2.538131e+01,2.524105e+01,2.530119e+01,2.520094e+01,2.523437e+01,2.527446e+01,2.518088e+01,2.510730e+01,2.516751e+01,2.521431e+01,2.522768e+01,2.523437e+01,2.514744e+01,2.526110e+01,2.528782e+01,2.512068e+01,2.528782e+01,2.522100e+01,2.536796e+01,2.526110e+01,2.530119e+01,2.520094e+01,2.504035e+01,2.519426e+01,2.530787e+01,2.530119e+01,2.522768e+01,2.530787e+01,2.527446e+01,2.535461e+01,2.525442e+01,2.530119e+01,2.526778e+01,2.518088e+01,2.518757e+01,2.526110e+01,2.516751e+01,2.522768e+01,2.526778e+01,2.531454e+01,2.528782e+01,2.530787e+01,2.532790e+01,2.532790e+01,2.536129e+01,2.522100e+01,2.516082e+01,2.524105e+01,2.526778e+01,2.532790e+01,2.523437e+01,2.525442e+01,2.526110e+01,2.524105e+01,2.518088e+01,2.532790e+01,2.527446e+01,2.541468e+01,2.523437e+01,2.517419e+01,2.527446e+01,2.530787e+01,2.530787e+01,2.527446e+01,2.516082e+01,2.526110e+01,2.525442e+01,2.519426e+01,2.521431e+01,2.522100e+01,2.518088e+01,2.526110e+01,2.516082e+01,2.515413e+01,2.519426e+01,2.520094e+01,2.530119e+01,2.531454e+01,2.506713e+01,2.521431e+01,2.530787e+01,2.519426e+01,2.531454e+01,2.511399e+01,2.529451e+01,2.516751e+01,2.519426e+01,2.516082e+01,2.516082e+01,2.507383e+01,2.515413e+01,2.527446e+01,2.516751e+01,2.514744e+01,2.516082e+01,2.507383e+01,2.517419e+01,2.502026e+01,2.485940e+01,2.482585e+01,2.446961e+01,2.446288e+01,2.393634e+01,2.394988e+01,2.396341e+01,2.365850e+01,2.355667e+01,2.360420e+01,2.371277e+01,2.352949e+01,2.414593e+01,2.438205e+01,2.448308e+01,2.487952e+01,2.482585e+01,2.485269e+01,2.502026e+01,2.499347e+01,2.510730e+01,2.505375e+01,2.508052e+01,2.518088e+01,2.508052e+01,2.512068e+01,2.514744e+01,2.513406e+01,2.510060e+01,2.516082e+01,2.520763e+01,2.510730e+01,2.516082e+01,2.522100e+01,2.524105e+01,2.508052e+01,2.509391e+01,2.510060e+01,2.515413e+01,2.513406e+01,2.523437e+01,2.513406e+01,2.520094e+01,2.516751e+01,2.516751e+01,2.517419e+01,2.525442e+01,2.516751e+01,2.500687e+01,2.522768e+01,2.513406e+01,2.511399e+01,2.522768e+01,2.519426e+01,2.508722e+01,2.504705e+01,2.514744e+01,2.514744e+01,2.516751e+01,2.506713e+01,2.509391e+01,2.511399e+01,2.503366e+01,2.522100e+01,2.513406e+01,2.514075e+01,2.513406e+01,2.507383e+01,2.508052e+01,2.503366e+01,2.512737e+01,2.519426e+01,2.515413e+01,2.514075e+01,2.514744e+01,2.508722e+01,2.516751e+01,2.516751e+01,2.518757e+01,2.507383e+01,2.518757e+01,2.492645e+01,2.510060e+01,2.514075e+01,2.507383e+01,2.518757e+01,2.514075e+01,2.510060e+01,2.505375e+01,2.498677e+01,2.497337e+01,2.506713e+01,2.511399e+01,2.510730e+01,2.512737e+01,2.504035e+01,2.512068e+01,2.504705e+01,2.494656e+01,2.512068e+01,2.504035e+01,2.500017e+01,2.504035e+01,2.504705e+01,2.497337e+01,2.509391e+01,2.510060e+01,2.493986e+01
2.451000e+01,2.469156e+01,2.466469e+01,2.466469e+01,2.463780e+01,2.472515e+01,2.470500e+01,2.470500e+01,2.468484e+01,2.469156e+01,2.472515e+01,2.473858e+01,2.477887e+01,2.461091e+01,2.456383e+01,2.475201e+01,2.487281e+01,2.473187e+01,2.481243e+01,2.473858e+01,2.479901e+01,2.473187e+01,2.483256e+01,2.489964e+01,2.486610e+01,2.516082e+01,2.482585e+01,2.481914e+01,2.481243e+01,2.479901e+01,2.500017e+01,2.479901e+01,2.470500e+01,2.494656e+01,2.497337e+01,2.495997e+01,2.495326e+01,2.498007e+01,2.498677e+01,2.501357e+01,2.500687e+01,2.478558e+01,2.493986e+01,2.493986e+01,2.493986e+01,2.495326e+01,2.495326e+01,2.495997e+01,2.493316e+01,2.497337e+01,2.491975e+01,2.483927e+01,2.499347e+01,2.490634e+01,2.498007e+01,2.500687e+01,2.485269e+01,2.499347e+01,2.485269e+01,2.500017e+01,2.493986e+01,2.495326e+01,2.498677e+01,2.495326e+01,2.500687e+01,2.493316e+01,2.492645e+01,2.502026e+01,2.496667e+01,2.491305e+01,2.493986e+01,2.486610e+01,2.503366e+01,2.498677e+01,2.492645e+01,2.490634e+01,2.490634e+01,2.486610e+01,2.495997e+01,2.495326e+01,2.495997e+01,2.490634e+01,2.487281e+01,2.495997e+01,2.485269e+01,2.481914e+01,2.485269e+01,2.497337e+01,2.494656e+01,2.491305e+01,2.495997e+01,2.481914e+01,2.485940e+01,2.479901e+01,2.490634e+01,2.482585e+01,2.488622e+01,2.487952e+01,2.479901e+01,2.490634e+01,2.482585e+01,2.482585e+01,2.479901e+01,2.482585e+01,2.476544e+01,2.479901e+01,2.479230e+01,2.481243e+01,2.475201e+01,2.470500e+01,2.476544e+01,2.477216e+01,2.474530e+01,2.473858e+01,2.471172e+01,2.463780e+01,2.480572e+01,2.467141e+01,2.481243e+01,2.463780e+01,2.483256e+01,2.466469e+01,2.485940e+01,2.468484e+01,2.467141e+01,2.463108e+01,2.461091e+01,2.460419e+01,2.457728e+01,2.462436e+01,2.457728e+01,2.456383e+01,2.459746e+01,2.455710e+01,2.453692e+01,2.462436e+01,2.461763e+01,2.457728e+01,2.450327e+01,2.461763e+01,2.461763e+01,2.455710e+01,2.456383e+01,2.455038e+01,2.461763e+01,2.471844e+01,2.467141e+01,2.457728e+01,2.445614e+01,2.462436e+01,2.453692e+01,2.440900e+01,2.442247e+01,2.440226e+01,2.448981e+01,2.444268e+01,2.452346e+01,2.459746e+01,2.473858e+01,2.463108e+01,2.467813e+01,2.461763e+01,2.470500e+01,2.468484e+01,2.459073e+01,2.463780e+01,2.459746e+01,2.459746e+01,2.465796e+01,2.467141e+01,2.471172e+01,2.473858e+01,2.478558e+01,2.472515e+01,2.500687e+01,2.491305e+01,2.495326e+01,2.524105e+01,2.562798e+01,2.590729e+01,2.641084e+01,2.650333e+01,2.686594e+01,2.687252e+01,2.694489e+01,2.711575e+01,2.735187e+01,2.752862e+01,2.770508e+01,2.762015e+01,2.768549e+01,2.779646e+01,2.786821e+01,2.786169e+01,2.809617e+01,2.808316e+01,2.818723e+01,2.815471e+01,2.815471e+01,2.812220e+01,2.781603e+01,2.790732e+01,2.762015e+01,2.759401e+01,2.752862e+01,2.727978e+01,2.729289e+01,2.697777e+01,2.664193e+01,2.687910e+01,2.681986e+01,2.667490e+01,2.670786e+01,2.674081e+01,2.657595e+01,2.678693e+01,2.697119e+01,2.706977e+01,2.707634e+01,2.705006e+01,2.717483e+01,2.729289e+01,2.739772e+01,2.758093e+01,2.769855e+01,2.765282e+01,2.781603e+01,2.809617e+01,2.813520e+01,2.836261e+01,2.832366e+01,2.836261e+01,2.833015e+01,2.849234e+01,2.842749e+01,2.849234e+01,2.841452e+01,2.837559e+01,2.843398e+01,2.829119e+01,2.838208e+01,2.827820e+01,2.820673e+01,2.818723e+01,2.825221e+01,2.835612e+01,2.833664e+01,2.847937e+01,2.840803e+01,2.840154e+01,2.836261e+01,2.835612e+01,2.838857e+01,2.838857e+01,2.836910e+01,2.837559e+01,2.838857e+01,2.836910e+01,2.826521e+01,2.842100e+01,2.828469e+01,2.825221e+01,2.816772e+01,2.809617e+01,2.792036e+01,2.788125e+01,2.787473e+01,2.780299e+01,2.759401e+01,2.731255e+01,2.708948e+01,2.689226e+01,2.646370e+01,2.611960e+01,2.590729e+01,2.549472e+01,2.512737e+01,2.486610e+01,2.477216e+01,2.469828e+01,2.478558e+01,2.475873e+01,2.477216e+01,2.504705e+01,2.498677e+01,2.465124e+01,2.492645e+01,2.487281e+01,2.483927e+01,2.486610e+01,2.495997e+01,2.488622e+01,2.495997e+01,2.493316e+01,2.488622e+01,2.493986e+01,2.494656e+01,2.497337e+01,2.487281e+01,2.501357e+01,2.498677e+01,2.503366e+01,2.508722e+01,2.499347e+01,2.510730e+01,2.495997e+01,2.500687e+01,2.485940e+01,2.508052e+01,2.489293e+01,2.502696e+01,2.502696e+01,2.500687e+01,2.506713e+01,2.500687e+01,2.490634e+01,2.506713e+01,2.508722e+01,2.497337e+01,2.505375e+01,2.510060e+01,2.500687e+01,2.501357e+01,2.502026e+01,2.504705e+01,2.505375e+01,2.489964e+01,2.500687e+01,2.512068e+01,2.516751e+01,2.502696e+01,2.503366e+01,2.506713e+01,2.512737e+01,2.503366e+01,2.516082e+01,2.504705e+01,2.504035e+01,2.506713e+01,2.517419e+01,2.512068e+01,2.501357e+01,2.505375e+01,2.507383e+01,2.506713e+01,2.506713e+01,2.506713e+01,2.500017e+01,2.498677e+01,2.505375e+01,2.500687e+01,2.507383e+01,2.496667e+01,2.515413e+01,2.514744e+01,2.505375e+01,2.508052e+01,2.497337e+01,2.505375e+01,2.495997e+01,2.514744e+01,2.495326e+01,2.498007e+01,2.504705e+01,2.507383e+01,2.506713e+01,2.509391e+01,2.508722e+01,2.512737e+01,2.500687e+01,2.502696e+01,2.502026e+01,2.506044e+01,2.505375e+01,2.519426e+01,2.507383e+01,2.499347e+01,2.510730e+01,2.508722e+01,2.508052e+01,2.508722e+01,2.512737e+01,2.504705e+01,2.516751e+01,2.511399e+01,2.513406e+01,2.510730e+01,2.508722e+01,2.495997e+01,2.504035e+01,2.502696e+01,2.515413e+01,2.505375e+01,2.509391e+01,2.508722e+01,2.507383e+01,2.505375e+01,2.504035e+01,2.520763e+01,2.514075e+01,2.513406e+01,2.511399e+01,2.498677e+01,2.508722e+01,2.514075e+01,2.509391e+01,2.514075e+01,2.518757e+01,2.514744e+01,2.514075e+01,2.518088e+01,2.520763e+01,2.515413e+01,2.514744e+01,2.516751e+01,2.519426e+01,2.516082e+01,2.524105e+01,2.511399e+01,2.519426e+01,2.518757e+01,2.525442e+01,2.512068e+01,2.516751e+01,2.518757e+01,2.532790e+01,2.524105e+01,2.517419e+01,2.519426e+01,2.513406e+01,2.518088e+01,2.520094e+01,2.520094e+01,2.534126e+01,2.528782e+01,2.519426e+01,2.519426e+01,2.516751e+01,2.518088e+01,2.527446e+01,2.526778e+01,2.530787e+01,2.520763e+01,2.491305e+01,2.532790e+01,2.522100e+01,2.523437e+01,2.524773e+01,2.525442e+01,2.525442e+01,2.524773e+01,2.521431e+01,2.524105e+01,2.522768e+01,2.516082e+01,2.528782e+01,2.521431e+01,2.522100e+01,2.508722e+01,2.527446e+01,2.530119e+01,2.528115e+01,2.523437e+01,2.526110e+01,2.526110e+01,2.524773e+01,2.524105e+01,2.530787e+01,2.528115e+01,2.525442e+01,2.514744e+01,2.528115e+01,2.527446e+01,2.528782e+01,2.529451e+01,2.551472e+01,2.532122e+01,2.531454e+01,2.515413e+01,2.515413e+01,2.524105e+01,2.528115e+01,2.524773e+01,2.529451e+01,2.527446e+01,2.530119e+01,2.533458e+01,2.522768e+01,2.523437e+01,2.524105e+01,2.530119e+01,2.522100e+01,2.535461e+01,2.522768e+01,2.508052e+01,2.534126e+01,2.530119e+01,2.530119e+01,2.532790e+01,2.513406e+01,2.529451e+01,2.522768e+01,2.518088e+01,2.512068e+01,2.524773e+01,2.508052e+01,2.518757e+01,2.506713e+01,2.519426e+01,2.516082e+01,2.516751e+01,2.518757e+01,2.508722e+01,2.508052e+01,2.507383e+01,2.514744e+01,2.530787e+01,2.525442e+01,2.518757e+01,2.527446e+01,2.518757e+01,2.531454e+01,2.520763e+01,2.511399e+01,2.524105e+01,2.514744e+01,2.529451e+01,2.516751e+01,2.519426e+01,2.513406e+01,2.509391e+01,2.489964e+01,2.500687e+01,2.464452e+01,2.430115e+01,2.430115e+01,2.397694e+01,2.380091e+01,2.384833e+01,2.344793e+01,2.365850e+01,2.357704e+01,2.370599e+01,2.389573e+01,2.415268e+01,2.439552e+01,2.463780e+01,2.478558e+01,2.482585e+01,2.493316e+01,2.491975e+01,2.502696e+01,2.514075e+01,2.508052e+01,2.506713e+01,2.522100e+01,2.516082e+01,2.527446e+01,2.514075e+01,2.519426e+01,2.528782e+01,2.510060e+01,2.512068e+01,2.513406e+01,2.528115e+01,2.513406e+01,2.514075e+01,2.524773e+01,2.522100e+01,2.519426e+01,2.514075e+01,2.515413e+01,2.514744e+01,2.510730e+01,2.509391e+01,2.510730e+01,2.524773e+01,2.523437e+01,2.520763e+01,2.526778e+01,2.514075e+01,2.507383e+01,2.513406e+01,2.500687e+01,2.516082e+01,2.502696e+01,2.515413e+01,2.506713e+01,2.511399e+01,2.499347e+01,2.505375e+01,2.502696e+01,2.508722e+01,2.513406e+01,2.503366e+01,2.503366e+01,2.499347e+01,2.500687e+01,2.520763e+01,2.509391e+01,2.506044e+01,2.496667e+01,2.508722e+01,2.502696e+01,2.510060e+01,2.512068e+01,2.512737e+01,2.494656e+01,2.504035e+01,2.516082e+01,2.518088e+01,2.511399e+01,2.499347e+01,2.510730e+01,2.516082e+01,2.501357e+01,2.516082e+01,2.520763e+01,2.517419e+01,2.507383e+01,2.514075e+01,2.500017e+01,2.497337e+01,2.513406e+01,2.510730e+01,2.518757e+01,2.507383e+01,2.511399e+01,2.513406e+01,2.500017e+01,2.500017e+01,2.508052e+01,2.506044e+01,2.486610e+01,2.498677e+01,2.503366e+01,2.495326e+01,2.496667e+01,2.513406e+01,2.493986e+01
2.462436e+01,2.479230e+01,2.471172e+01,2.464452e+01,2.469828e+01,2.461091e+01,2.471844e+01,2.473858e+01,2.473858e+01,2.473858e+01,2.481243e+01,2.487952e+01,2.483927e+01,2.476544e+01,2.483927e+01,2.482585e+01,2.487281e+01,2.485269e+01,2.479230e+01,2.477216e+01,2.481243e+01,2.482585e+01,2.483927e+01,2.484598e+01,2.488622e+01,2.483256e+01,2.489293e+01,2.483927e+01,2.495326e+01,2.514075e+01,2.489293e+01,2.471844e+01,2.491975e+01,2.500017e+01,2.502696e+01,2.502026e+01,2.489293e+01,2.497337e+01,2.488622e+01,2.493316e+01,2.493316e+01,2.491975e+01,2.492645e+01,2.491305e+01,2.493316e+01,2.497337e+01,2.496667e+01,2.492645e+01,2.502026e+01,2.502696e+01,2.502696e+01,2.501357e+01,2.497337e+01,2.496667e+01,2.498677e+01,2.500017e+01,2.502696e+01,2.495997e+01,2.493316e+01,2.498677e+01,2.502696e+01,2.489293e+01,2.501357e+01,2.497337e+01,2.501357e+01,2.496667e+01,2.499347e+01,2.497337e+01,2.503366e+01,2.500687e+01,2.495997e+01,2.479901e+01,2.493316e+01,2.481243e+01,2.499347e+01,2.500017e+01,2.500017e+01,2.491305e+01,2.490634e+01,2.502026e+01,2.497337e+01,2.490634e+01,2.498007e+01,2.498007e+01,2.493986e+01,2.483927e+01,2.492645e+01,2.492645e+01,2.491305e+01,2.475201e+01,2.488622e+01,2.491305e+01,2.514744e+01,2.489293e+01,2.486610e+01,2.485940e+01,2.487281e+01,2.487952e+01,2.494656e+01,2.478558e+01,2.485269e+01,2.492645e+01,2.479901e+01,2.488622e+01,2.477887e+01,2.479901e+01,2.485269e+01,2.474530e+01,2.469156e+01,2.479230e+01,2.473858e+01,2.478558e+01,2.474530e+01,2.475873e+01,2.471844e+01,2.477216e+01,2.471172e+01,2.479901e+01,2.459746e+01,2.479901e+01,2.481914e+01,2.473858e+01,2.469156e+01,2.467813e+01,2.475201e+01,2.461763e+01,2.456383e+01,2.458401e+01,2.466469e+01,2.459073e+01,2.458401e+01,2.453019e+01,2.457728e+01,2.463108e+01,2.457056e+01,2.440900e+01,2.449654e+01,2.454365e+01,2.461763e+01,2.459073e+01,2.453019e+01,2.457728e+01,2.453019e+01,2.457056e+01,2.454365e+01,2.460419e+01,2.454365e+01,2.457728e+01,2.457728e+01,2.462436e+01,2.453692e+01,2.471844e+01,2.444941e+01,2.451000e+01,2.455710e+01,2.448308e+01,2.461763e+01,2.445614e+01,2.457728e+01,2.459746e+01,2.462436e+01,2.461091e+01,2.454365e+01,2.469156e+01,2.463780e+01,2.466469e+01,2.457056e+01,2.459746e+01,2.463780e+01,2.467141e+01,2.469828e+01,2.470500e+01,2.475201e+01,2.475201e+01,2.490634e+01,2.498677e+01,2.497337e+01,2.525442e+01,2.565462e+01,2.595377e+01,2.635133e+01,2.666831e+01,2.687910e+01,2.695804e+01,2.723387e+01,2.724043e+01,2.755478e+01,2.765936e+01,2.775078e+01,2.775731e+01,2.785517e+01,2.803760e+01,2.804411e+01,2.812220e+01,2.817422e+01,2.814821e+01,2.814821e+01,2.834962e+01,2.825221e+01,2.827170e+01,2.816122e+01,2.801807e+01,2.792036e+01,2.784212e+01,2.762669e+01,2.752208e+01,2.727978e+01,2.711575e+01,2.726011e+01,2.702378e+01,2.695147e+01,2.693831e+01,2.672763e+01,2.677376e+01,2.697777e+01,2.702378e+01,2.702378e+01,2.710918e+01,2.718795e+01,2.741082e+01,2.731255e+01,2.736497e+01,2.750900e+01,2.771814e+01,2.780951e+01,2.782908e+01,2.807014e+01,2.812870e+01,2.816122e+01,2.834962e+01,2.846640e+01,2.845992e+01,2.858305e+01,2.856362e+01,2.851826e+01,2.850530e+01,2.857010e+01,2.830418e+01,2.854418e+01,2.832366e+01,2.834962e+01,2.841452e+01,2.834962e+01,2.833015e+01,2.838857e+01,2.842100e+01,2.833015e+01,2.833664e+01,2.845343e+01,2.842100e+01,2.840803e+01,2.840154e+01,2.843398e+01,2.827820e+01,2.838208e+01,2.842100e+01,2.825221e+01,2.839505e+01,2.834962e+01,2.836261e+01,2.823272e+01,2.833664e+01,2.815471e+01,2.822622e+01,2.818072e+01,2.793991e+01,2.786821e+01,2.784865e+01,2.758747e+01,2.746319e+01,2.734532e+01,2.689884e+01,2.652314e+01,2.638439e+01,2.591393e+01,2.550139e+01,2.513406e+01,2.498677e+01,2.473187e+01,2.468484e+01,2.476544e+01,2.476544e+01,2.466469e+01,2.484598e+01,2.481914e+01,2.482585e+01,2.485940e+01,2.489293e+01,2.483256e+01,2.484598e+01,2.495997e+01,2.490634e+01,2.495997e+01,2.495997e+01,2.503366e+01,2.496667e+01,2.498677e+01,2.496667e+01,2.502696e+01,2.506044e+01,2.496667e+01,2.502696e+01,2.508052e+01,2.497337e+01,2.498677e+01,2.502026e+01,2.500687e+01,2.506713e+01,2.506713e+01,2.504705e+01,2.504035e+01,2.500687e+01,2.503366e+01,2.504035e+01,2.509391e+01,2.493986e+01,2.491975e+01,2.493316e+01,2.506713e+01,2.506044e+01,2.491975e+01,2.504705e+01,2.500687e+01,2.502026e+01,2.504035e+01,2.502696e+01,2.502696e+01,2.507383e+01,2.519426e+01,2.501357e+01,2.497337e+01,2.504035e+01,2.512068e+01,2.511399e+01,2.493986e+01,2.489964e+01,2.504035e+01,2.502026e+01,2.506044e+01,2.505375e+01,2.502026e+01,2.506713e+01,2.495997e+01,2.504035e+01,2.506713e+01,2.512068e+01,2.509391e+01,2.506713e+01,2.505375e+01,2.505375e+01,2.505375e+01,2.507383e+01,2.506044e+01,2.506044e+01,2.506713e+01,2.508052e+01,2.508722e+01,2.507383e+01,2.524105e+01,2.508722e+01,2.515413e+01,2.507383e+01,2.511399e+01,2.507383e+01,2.507383e+01,2.512068e+01,2.509391e+01,2.511399e+01,2.505375e+01,2.505375e+01,2.523437e+01,2.505375e+01,2.501357e+01,2.507383e+01,2.506713e+01,2.508052e+01,2.518757e+01,2.513406e+01,2.522100e+01,2.517419e+01,2.513406e+01,2.509391e+01,2.508722e+01,2.504705e+01,2.516751e+01,2.511399e+01,2.505375e+01,2.510730e+01,2.511399e+01,2.505375e+01,2.508052e+01,2.508722e+01,2.518088e+01,2.507383e+01,2.508052e+01,2.505375e+01,2.516082e+01,2.501357e+01,2.512068e+01,2.510730e+01,2.515413e+01,2.515413e+01,2.506713e+01,2.508052e+01,2.519426e+01,2.502696e+01,2.502696e+01,2.506713e+01,2.513406e+01,2.511399e+01,2.506044e+01,2.508052e+01,2.516082e+01,2.519426e+01,2.530119e+01,2.516082e+01,2.514075e+01,2.524105e+01,2.516082e+01,2.514075e+01,2.514744e+01,2.527446e+01,2.519426e+01,2.508722e+01,2.528115e+01,2.517419e+01,2.510060e+01,2.518757e+01,2.510730e+01,2.517419e+01,2.516082e+01,2.518757e+01,2.519426e+01,2.537464e+01,2.521431e+01,2.529451e+01,2.518088e+01,2.536129e+01,2.517419e+01,2.526778e+01,2.516082e+01,2.528115e+01,2.520763e+01,2.520763e+01,2.522768e+01,2.524105e+01,2.522768e+01,2.528115e+01,2.518757e+01,2.524773e+01,2.522768e+01,2.525442e+01,2.518757e+01,2.504705e+01,2.532790e+01,2.517419e+01,2.522768e+01,2.523437e+01,2.526110e+01,2.517419e+01,2.528782e+01,2.525442e+01,2.522768e+01,2.531454e+01,2.531454e+01,2.531454e+01,2.524105e+01,2.527446e+01,2.527446e+01,2.524773e+01,2.528115e+01,2.531454e+01,2.530119e+01,2.531454e+01,2.527446e+01,2.524105e+01,2.520094e+01,2.530119e+01,2.529451e+01,2.530787e+01,2.528115e+01,2.518088e+01,2.532790e+01,2.516751e+01,2.528115e+01,2.521431e+01,2.531454e+01,2.524105e+01,2.526110e+01,2.523437e+01,2.524773e+01,2.524773e+01,2.534793e+01,2.531454e+01,2.523437e+01,2.527446e+01,2.528115e+01,2.524773e+01,2.526778e+01,2.512737e+01,2.530787e+01,2.526110e+01,2.519426e+01,2.520094e+01,2.518757e+01,2.520763e+01,2.512737e+01,2.518757e+01,2.529451e+01,2.520094e+01,2.520094e+01,2.525442e+01,2.507383e+01,2.518757e+01,2.508722e+01,2.529451e+01,2.528115e+01,2.512737e+01,2.518088e+01,2.516082e+01,2.514744e+01,2.512068e+01,2.522100e+01,2.514075e+01,2.520094e+01,2.517419e+01,2.521431e+01,2.515413e+01,2.522100e+01,2.508722e+01,2.500017e+01,2.497337e+01,2.471844e+01,2.446961e+01,2.420670e+01,2.410540e+01,2.382801e+01,2.370599e+01,2.364493e+01,2.354987e+01,2.365172e+01,2.339352e+01,2.368564e+01,2.394988e+01,2.438878e+01,2.440226e+01,2.482585e+01,2.487952e+01,2.498677e+01,2.491305e+01,2.500017e+01,2.502026e+01,2.507383e+01,2.524105e+01,2.506713e+01,2.516751e+01,2.506713e+01,2.512737e+01,2.507383e+01,2.508052e+01,2.512737e+01,2.515413e+01,2.518088e+01,2.516082e+01,2.524773e+01,2.511399e+01,2.517419e+01,2.510730e+01,2.512068e+01,2.512737e+01,2.514744e+01,2.516751e+01,2.517419e+01,2.512068e+01,2.518757e+01,2.526110e+01,2.514075e+01,2.520094e+01,2.508722e+01,2.519426e+01,2.512737e+01,2.508722e+01,2.509391e+01,2.501357e+01,2.509391e+01,2.507383e+01,2.526110e+01,2.513406e+01,2.514075e+01,2.502696e+01,2.512068e+01,2.506044e+01,2.507383e+01,2.508052e+01,2.509391e+01,2.512737e+01,2.511399e+01,2.513406e+01,2.509391e+01,2.509391e+01,2.509391e+01,2.508722e+01,2.504035e+01,2.520094e+01,2.512068e+01,2.514075e+01,2.514744e+01,2.492645e+01,2.509391e+01,2.515413e+01,2.518088e+01,2.509391e+01,2.508722e+01,2.512737e+01,2.506044e+01,2.507383e+01,2.516082e+01,2.492645e+01,2.506713e+01,2.516082e+01,2.510730e+01,2.498007e+01,2.498007e+01,2.512068e+01,2.504035e+01,2.496667e+01,2.514744e+01,2.506713e+01,2.508722e+01,2.503366e+01,2.501357e+01,2.504705e+01,2.500687e+01,2.493986e+01,2.486610e+01,2.500017e+01,2.495997e+01,2.493986e+01,2.493986e+01,2.513406e+01
2.462436e+01,2.463780e+01,2.463780e+01,2.480572e+01,2.479901e+01,2.463780e+01,2.461091e+01,2.473858e+01,2.465124e+01,2.470500e+01,2.474530e+01,2.467813e+01,2.479901e+01,2.473858e+01,2.477216e+01,2.493316e+01,2.480572e+01,2.483256e+01,2.484598e+01,2.475201e+01,2.477887e+01,2.483927e+01,2.483256e+01,2.488622e+01,2.489964e+01,2.483256e+01,2.483927e+01,2.493986e+01,2.493316e+01,2.477216e+01,2.487281e+01,2.477887e+01,2.483927e+01,2.497337e+01,2.474530e+01,2.495997e+01,2.495326e+01,2.488622e+01,2.487952e+01,2.489293e+01,2.494656e+01,2.493316e+01,2.500017e+01,2.498007e+01,2.490634e+01,2.498007e+01,2.489964e+01,2.493986e+01,2.502026e+01,2.484598e+01,2.502026e+01,2.496667e+01,2.500017e+01,2.495997e+01,2.501357e+01,2.500017e+01,2.500687e+01,2.498677e+01,2.490634e+01,2.483927e+01,2.493986e+01,2.504705e+01,2.494656e+01,2.497337e+01,2.506044e+01,2.500017e+01,2.498677e+01,2.498007e+01,2.511399e+01,2.502026e+01,2.493986e+01,2.497337e+01,2.493316e+01,2.506044e+01,2.498007e+01,2.489964e+01,2.489964e+01,2.499347e+01,2.490634e+01,2.501357e+01,2.506713e+01,2.498007e+01,2.498677e+01,2.489293e+01,2.498677e+01,2.499347e+01,2.492645e+01,2.468484e+01,2.488622e+01,2.478558e+01,2.485269e+01,2.493986e+01,2.498677e+01,2.487281e+01,2.490634e+01,2.484598e+01,2.488622e+01,2.489964e+01,2.485940e+01,2.490634e+01,2.487281e+01,2.489964e+01,2.479230e+01,2.479901e+01,2.480572e+01,2.481914e+01,2.480572e+01,2.483256e+01,2.479901e+01,2.477216e+01,2.477887e+01,2.479230e+01,2.478558e+01,2.482585e+01,2.478558e+01,2.476544e+01,2.477887e+01,2.478558e+01,2.471844e+01,2.463780e+01,2.478558e+01,2.484598e+01,2.469828e+01,2.471172e+01,2.467813e+01,2.453692e+01,2.452346e+01,2.462436e+01,2.460419e+01,2.461091e+01,2.460419e+01,2.449654e+01,2.458401e+01,2.459073e+01,2.461091e+01,2.465796e+01,2.455710e+01,2.453692e+01,2.461763e+01,2.463780e+01,2.455038e+01,2.454365e+01,2.453019e+01,2.451673e+01,2.456383e+01,2.454365e+01,2.459073e+01,2.453019e+01,2.451000e+01,2.459746e+01,2.454365e+01,2.443594e+01,2.450327e+01,2.447635e+01,2.451000e+01,2.455710e+01,2.459073e+01,2.462436e+01,2.456383e+01,2.460419e+01,2.457728e+01,2.463108e+01,2.461091e+01,2.457728e+01,2.453692e+01,2.457056e+01,2.457728e+01,2.457728e+01,2.463780e+01,2.463780e+01,2.476544e+01,2.469828e+01,2.473187e+01,2.471844e+01,2.469828e+01,2.509391e+01,2.506044e+01,2.528115e+01,2.553472e+01,2.592721e+01,2.633149e+01,2.666831e+01,2.678034e+01,2.726011e+01,2.725355e+01,2.733876e+01,2.743046e+01,2.778994e+01,2.784865e+01,2.792036e+01,2.802458e+01,2.814821e+01,2.812870e+01,2.828469e+01,2.832366e+01,2.844046e+01,2.831067e+01,2.834962e+01,2.842749e+01,2.834313e+01,2.834313e+01,2.820023e+01,2.805713e+01,2.797248e+01,2.776383e+01,2.760708e+01,2.769855e+01,2.739772e+01,2.732566e+01,2.731911e+01,2.727322e+01,2.720107e+01,2.724043e+01,2.700406e+01,2.720763e+01,2.717483e+01,2.718795e+01,2.754824e+01,2.742391e+01,2.747628e+01,2.773120e+01,2.781603e+01,2.782256e+01,2.808316e+01,2.820673e+01,2.818072e+01,2.833015e+01,2.839505e+01,2.855066e+01,2.853770e+01,2.872546e+01,2.862191e+01,2.868017e+01,2.864780e+01,2.860248e+01,2.876426e+01,2.861543e+01,2.855714e+01,2.842100e+01,2.841452e+01,2.850530e+01,2.835612e+01,2.838857e+01,2.835612e+01,2.832366e+01,2.831067e+01,2.836261e+01,2.832366e+01,2.837559e+01,2.844695e+01,2.828469e+01,2.838208e+01,2.844695e+01,2.843398e+01,2.844046e+01,2.842749e+01,2.840803e+01,2.842749e+01,2.843398e+01,2.833664e+01,2.842100e+01,2.818072e+01,2.823272e+01,2.823272e+01,2.821323e+01,2.803109e+01,2.793339e+01,2.788125e+01,2.758093e+01,2.756132e+01,2.710261e+01,2.691858e+01,2.652975e+01,2.619248e+01,2.614611e+01,2.551472e+01,2.504705e+01,2.489293e+01,2.482585e+01,2.481243e+01,2.474530e+01,2.476544e+01,2.477887e+01,2.461091e+01,2.487952e+01,2.475873e+01,2.496667e+01,2.483256e+01,2.486610e+01,2.475873e+01,2.483927e+01,2.483256e+01,2.495326e+01,2.488622e+01,2.492645e+01,2.495997e+01,2.494656e+01,2.504035e+01,2.500017e+01,2.501357e+01,2.495997e+01,2.505375e+01,2.484598e+01,2.502026e+01,2.498677e+01,2.502696e+01,2.506044e+01,2.503366e+01,2.499347e+01,2.499347e+01,2.505375e+01,2.504035e+01,2.504035e+01,2.500017e+01,2.495997e+01,2.507383e+01,2.508052e+01,2.504035e+01,2.505375e+01,2.503366e+01,2.494656e+01,2.495997e+01,2.489964e+01,2.526110e+01,2.502026e+01,2.508722e+01,2.500687e+01,2.493986e+01,2.516082e+01,2.493986e+01,2.496667e+01,2.499347e+01,2.508052e+01,2.506044e+01,2.495326e+01,2.514075e+01,2.505375e+01,2.506044e+01,2.510730e+01,2.501357e+01,2.502026e+01,2.502026e+01,2.493986e+01,2.509391e+01,2.506713e+01,2.508052e+01,2.502026e+01,2.499347e+01,2.504035e+01,2.517419e+01,2.498677e+01,2.502026e+01,2.504705e+01,2.502696e+01,2.487952e+01,2.508722e+01,2.510730e+01,2.510730e+01,2.508052e+01,2.499347e+01,2.504035e+01,2.501357e+01,2.500687e+01,2.498007e+01,2.510730e+01,2.507383e+01,2.507383e+01,2.506713e+01,2.507383e+01,2.506713e+01,2.510060e+01,2.512737e+01,2.503366e+01,2.496667e+01,2.510060e+01,2.509391e+01,2.523437e+01,2.520763e+01,2.512737e+01,2.516751e+01,2.510060e+01,2.509391e+01,2.510060e+01,2.508722e+01,2.513406e+01,2.515413e+01,2.510730e+01,2.506044e+01,2.502696e+01,2.505375e+01,2.498007e+01,2.513406e+01,2.514744e+01,2.508052e+01,2.497337e+01,2.511399e+01,2.502026e+01,2.499347e+01,2.521431e+01,2.508052e+01,2.512068e+01,2.508052e+01,2.499347e+01,2.512068e+01,2.512068e+01,2.506044e+01,2.515413e+01,2.517419e+01,2.514744e+01,2.515413e+01,2.510060e+01,2.513406e+01,2.505375e+01,2.518757e+01,2.500017e+01,2.512068e+01,2.516751e+01,2.518757e+01,2.514744e+01,2.525442e+01,2.515413e+01,2.534126e+01,2.514075e+01,2.528782e+01,2.509391e+01,2.518757e+01,2.516082e+01,2.519426e+01,2.512737e+01,2.517419e+01,2.515413e+01,2.524773e+01,2.522768e+01,2.522768e+01,2.528115e+01,2.525442e+01,2.517419e+01,2.516751e+01,2.524105e+01,2.526778e+01,2.524105e+01,2.515413e+01,2.524105e+01,2.524773e+01,2.510060e+01,2.512068e+01,2.524105e+01,2.521431e+01,2.524773e+01,2.512068e+01,2.522768e+01,2.524773e+01,2.534793e+01,2.518757e+01,2.510730e+01,2.518088e+01,2.522100e+01,2.512737e+01,2.520763e+01,2.514744e+01,2.523437e+01,2.530119e+01,2.527446e+01,2.525442e+01,2.526778e+01,2.520763e+01,2.532790e+01,2.530119e+01,2.526778e+01,2.521431e+01,2.522768e+01,2.524105e+01,2.524773e+01,2.521431e+01,2.534793e+01,2.525442e+01,2.520763e+01,2.532122e+01,2.522768e+01,2.516082e+01,2.524773e+01,2.520094e+01,2.532790e+01,2.522100e+01,2.530119e+01,2.537464e+01,2.526110e+01,2.523437e+01,2.522100e+01,2.524105e+01,2.532790e+01,2.527446e+01,2.525442e+01,2.530787e+01,2.534793e+01,2.515413e+01,2.525442e+01,2.510730e+01,2.514744e+01,2.516082e+01,2.509391e+01,2.526778e+01,2.520094e+01,2.520763e+01,2.514075e+01,2.528782e+01,2.534126e+01,2.512737e+01,2.504705e+01,2.510060e+01,2.525442e+01,2.516082e+01,2.527446e+01,2.508722e+01,2.508052e+01,2.527446e+01,2.522100e+01,2.510060e+01,2.518088e+01,2.528782e+01,2.516751e+01,2.514744e+01,2.516751e+01,2.529451e+01,2.518088e+01,2.515413e+01,2.516751e+01,2.521431e+01,2.518757e+01,2.506044e+01,2.502026e+01,2.473187e+01,2.469156e+01,2.446961e+01,2.415268e+01,2.410540e+01,2.380091e+01,2.364493e+01,2.360420e+01,2.352949e+01,2.358383e+01,2.363136e+01,2.371956e+01,2.399723e+01,2.417294e+01,2.438878e+01,2.471844e+01,2.486610e+01,2.492645e+01,2.499347e+01,2.510060e+01,2.520763e+01,2.506044e+01,2.514075e+01,2.512068e+01,2.514744e+01,2.520763e+01,2.514075e+01,2.518757e+01,2.514744e+01,2.532122e+01,2.518088e+01,2.523437e+01,2.516751e+01,2.499347e+01,2.510060e+01,2.513406e+01,2.518088e+01,2.533458e+01,2.517419e+01,2.517419e+01,2.508052e+01,2.510730e+01,2.518088e+01,2.512737e+01,2.518757e+01,2.519426e+01,2.515413e+01,2.509391e+01,2.513406e+01,2.518757e+01,2.509391e+01,2.510060e+01,2.506044e+01,2.504035e+01,2.512737e+01,2.524773e+01,2.506044e+01,2.505375e+01,2.510060e+01,2.510060e+01,2.513406e+01,2.501357e+01,2.504705e+01,2.497337e+01,2.497337e+01,2.512068e+01,2.495997e+01,2.508052e+01,2.513406e+01,2.506044e+01,2.506044e+01,2.502026e+01,2.504705e+01,2.509391e+01,2.520094e+01,2.514075e+01,2.518757e+01,2.511399e+01,2.497337e+01,2.500687e+01,2.506044e+01,2.508722e+01,2.506044e+01,2.513406e+01,2.514075e+01,2.517419e+01,2.494656e+01,2.505375e+01,2.514744e+01,2.495326e+01,2.515413e+01,2.502696e+01,2.499347e+01,2.502696e+01,2.501357e+01,2.504705e+01,2.511399e+01,2.504035e+01,2.494656e+01,2.497337e+01,2.504035e+01,2.502696e+01,2.496667e+01,2.506044e+01,2.501357e+01,2.497337e+01,2.495997e+01,2.515413e+01,2.483927e+01
2.457056e+01,2.453019e+01,2.480572e+01,2.465124e+01,2.478558e+01,2.471844e+01,2.465796e+01,2.476544e+01,2.472515e+01,2.473187e+01,2.473187e+01,2.477216e+01,2.468484e+01,2.455710e+01,2.474530e+01,2.487281e+01,2.487281e+01,2.478558e+01,2.479230e+01,2.465124e+01,2.481243e+01,2.481243e+01,2.465796e+01,2.476544e+01,2.485940e+01,2.469156e+01,2.485269e+01,2.478558e+01,2.484598e+01,2.487952e+01,2.479901e+01,2.488622e+01,2.495326e+01,2.495326e+01,2.480572e+01,2.498677e+01,2.493316e+01,2.493986e+01,2.487952e+01,2.487281e+01,2.505375e+01,2.500017e+01,2.490634e+01,2.495326e+01,2.492645e+01,2.491975e+01,2.490634e+01,2.488622e+01,2.502696e+01,2.480572e+01,2.489293e+01,2.499347e+01,2.504705e+01,2.495326e+01,2.518088e+01,2.499347e+01,2.495326e+01,2.508052e+01,2.500687e+01,2.490634e+01,2.480572e+01,2.497337e+01,2.495997e+01,2.491975e+01,2.503366e+01,2.511399e+01,2.495326e+01,2.511399e+01,2.494656e+01,2.514744e+01,2.493986e+01,2.498007e+01,2.481914e+01,2.489964e+01,2.490634e+01,2.490634e+01,2.489293e+01,2.489964e+01,2.504035e+01,2.487281e+01,2.501357e+01,2.487281e+01,2.492645e+01,2.479901e+01,2.489964e+01,2.484598e+01,2.495997e+01,2.485269e+01,2.494656e+01,2.479901e+01,2.489964e+01,2.488622e+01,2.489293e+01,2.487281e+01,2.490634e+01,2.490634e+01,2.481243e+01,2.489964e+01,2.495326e+01,2.488622e+01,2.479901e+01,2.481914e+01,2.490634e+01,2.477887e+01,2.483256e+01,2.487952e+01,2.474530e+01,2.489293e+01,2.476544e+01,2.465796e+01,2.477216e+01,2.477216e+01,2.477216e+01,2.477216e+01,2.470500e+01,2.483256e+01,2.479230e+01,2.477216e+01,2.461763e+01,2.475873e+01,2.473858e+01,2.470500e+01,2.451000e+01,2.465124e+01,2.474530e+01,2.476544e+01,2.455038e+01,2.458401e+01,2.460419e+01,2.457728e+01,2.462436e+01,2.451673e+01,2.464452e+01,2.456383e+01,2.455710e+01,2.468484e+01,2.457728e+01,2.456383e+01,2.452346e+01,2.457728e+01,2.453019e+01,2.451673e+01,2.450327e+01,2.451673e+01,2.455038e+01,2.464452e+01,2.451673e+01,2.457056e+01,2.451673e+01,2.464452e+01,2.453692e+01,2.453019e+01,2.450327e+01,2.444941e+01,2.455038e+01,2.448308e+01,2.452346e+01,2.454365e+01,2.461091e+01,2.461763e+01,2.466469e+01,2.453692e+01,2.467141e+01,2.467813e+01,2.457056e+01,2.459746e+01,2.465796e+01,2.446961e+01,2.460419e+01,2.466469e+01,2.457056e+01,2.473858e+01,2.471844e+01,2.493316e+01,2.489293e+01,2.499347e+01,2.500687e+01,2.512737e+01,2.564796e+01,2.594049e+01,2.640422e+01,2.668149e+01,2.697777e+01,2.719451e+01,2.743046e+01,2.751554e+01,2.769855e+01,2.797899e+01,2.797248e+01,2.800504e+01,2.818072e+01,2.830418e+01,2.833664e+01,2.849234e+01,2.835612e+01,2.846640e+01,2.844046e+01,2.842749e+01,2.847289e+01,2.838857e+01,2.841452e+01,2.833015e+01,2.829119e+01,2.807665e+01,2.778994e+01,2.782908e+01,2.760708e+01,2.772467e+01,2.767242e+01,2.773772e+01,2.740427e+01,2.735187e+01,2.724043e+01,2.738462e+01,2.758747e+01,2.758747e+01,2.768549e+01,2.797899e+01,2.783560e+01,2.792036e+01,2.814171e+01,2.814171e+01,2.819373e+01,2.831717e+01,2.852474e+01,2.842100e+01,2.859601e+01,2.871899e+01,2.880951e+01,2.886767e+01,2.875133e+01,2.875133e+01,2.868664e+01,2.875133e+01,2.873192e+01,2.864780e+01,2.871899e+01,2.858953e+01,2.868017e+01,2.873192e+01,2.838208e+01,2.847937e+01,2.838208e+01,2.833015e+01,2.834962e+01,2.842100e+01,2.857658e+01,2.846640e+01,2.849882e+01,2.847289e+01,2.854418e+01,2.844046e+01,2.849882e+01,2.842100e+01,2.847937e+01,2.842749e+01,2.843398e+01,2.844046e+01,2.842749e+01,2.834313e+01,2.836910e+01,2.835612e+01,2.825221e+01,2.820023e+01,2.820673e+01,2.818072e+01,2.803760e+01,2.785517e+01,2.761362e+01,2.754170e+01,2.733876e+01,2.722731e+01,2.648352e+01,2.642405e+01,2.600686e+01,2.560134e+01,2.518757e+01,2.487952e+01,2.475873e+01,2.488622e+01,2.471844e+01,2.475873e+01,2.475873e+01,2.479901e+01,2.481243e+01,2.483256e+01,2.487281e+01,2.487952e+01,2.491305e+01,2.473858e+01,2.490634e+01,2.486610e+01,2.481914e+01,2.489964e+01,2.492645e+01,2.495326e+01,2.497337e+01,2.498007e+01,2.500687e+01,2.498007e+01,2.488622e+01,2.501357e+01,2.491975e+01,2.498007e+01,2.498677e+01,2.502026e+01,2.504035e+01,2.502696e+01,2.501357e+01,2.507383e+01,2.500687e+01,2.505375e+01,2.494656e+01,2.493986e+01,2.498007e+01,2.495326e+01,2.502696e+01,2.500017e+01,2.500017e+01,2.500687e+01,2.515413e+01,2.500017e+01,2.493986e+01,2.494656e+01,2.494656e+01,2.506713e+01,2.502026e+01,2.502026e+01,2.507383e+01,2.498007e+01,2.499347e+01,2.512737e+01,2.502026e+01,2.507383e+01,2.498007e+01,2.504705e+01,2.499347e+01,2.508722e+01,2.517419e+01,2.508052e+01,2.500017e+01,2.500017e+01,2.508052e+01,2.507383e+01,2.518757e+01,2.503366e+01,2.505375e+01,2.506044e+01,2.504705e+01,2.502696e+01,2.516082e+01,2.514075e+01,2.504705e+01,2.506044e+01,2.512737e+01,2.508052e+01,2.510060e+01,2.508722e+01,2.516082e+01,2.519426e+01,2.512737e+01,2.499347e+01,2.508052e+01,2.507383e+01,2.512737e+01,2.513406e+01,2.504705e+01,2.494656e+01,2.508722e+01,2.498007e+01,2.502026e+01,2.504705e+01,2.511399e+01,2.503366e+01,2.508052e+01,2.509391e+01,2.494656e+01,2.508052e+01,2.503366e+01,2.510060e+01,2.502696e+01,2.502696e+01,2.515413e+01,2.508722e+01,2.516082e+01,2.516082e+01,2.508722e+01,2.508722e+01,2.509391e+01,2.511399e+01,2.500017e+01,2.510730e+01,2.501357e+01,2.505375e+01,2.515413e+01,2.503366e+01,2.508722e+01,2.512068e+01,2.508722e+01,2.512068e+01,2.507383e+01,2.508052e+01,2.506044e+01,2.514744e+01,2.517419e+01,2.514075e+01,2.520094e+01,2.516082e+01,2.514075e+01,2.514744e+01,2.509391e+01,2.519426e+01,2.519426e+01,2.500017e+01,2.515413e+01,2.517419e+01,2.509391e+01,2.507383e+01,2.512068e+01,2.526110e+01,2.527446e+01,2.514744e+01,2.516082e+01,2.513406e+01,2.530119e+01,2.518757e+01,2.512068e+01,2.514744e+01,2.521431e+01,2.520094e+01,2.518088e+01,2.520763e+01,2.524773e+01,2.528115e+01,2.533458e+01,2.524773e+01,2.514744e+01,2.522100e+01,2.516751e+01,2.518757e+01,2.520094e+01,2.511399e+01,2.508722e+01,2.520763e+01,2.522100e+01,2.516751e+01,2.513406e+01,2.529451e+01,2.527446e+01,2.516082e+01,2.524105e+01,2.514744e+01,2.524105e+01,2.514744e+01,2.515413e+01,2.522768e+01,2.518757e+01,2.515413e+01,2.525442e+01,2.512068e+01,2.517419e+01,2.531454e+01,2.533458e+01,2.516082e+01,2.526110e+01,2.529451e+01,2.521431e+01,2.520094e+01,2.522100e+01,2.521431e+01,2.521431e+01,2.521431e+01,2.532122e+01,2.530119e+01,2.524105e+01,2.525442e+01,2.523437e+01,2.516751e+01,2.531454e+01,2.535461e+01,2.525442e+01,2.524773e+01,2.518757e+01,2.520763e+01,2.525442e+01,2.524105e+01,2.522768e+01,2.519426e+01,2.521431e+01,2.526778e+01,2.524773e+01,2.529451e+01,2.539466e+01,2.527446e+01,2.522100e+01,2.527446e+01,2.524105e+01,2.516751e+01,2.526778e+01,2.524773e+01,2.521431e+01,2.525442e+01,2.524773e+01,2.522768e+01,2.524105e+01,2.530119e+01,2.518757e+01,2.520763e+01,2.523437e+01,2.514744e+01,2.522768e+01,2.514744e+01,2.533458e+01,2.530787e+01,2.529451e+01,2.526778e+01,2.511399e+01,2.513406e+01,2.512068e+01,2.528782e+01,2.514075e+01,2.519426e+01,2.532122e+01,2.522768e+01,2.521431e+01,2.517419e+01,2.516751e+01,2.513406e+01,2.513406e+01,2.502026e+01,2.498007e+01,2.495997e+01,2.472515e+01,2.422694e+01,2.413242e+01,2.411891e+01,2.382123e+01,2.363136e+01,2.366529e+01,2.350231e+01,2.359741e+01,2.367886e+01,2.373990e+01,2.411891e+01,2.442921e+01,2.465124e+01,2.473858e+01,2.492645e+01,2.504035e+01,2.503366e+01,2.506044e+01,2.516082e+01,2.519426e+01,2.518088e+01,2.516082e+01,2.514744e+01,2.512068e+01,2.508722e+01,2.510730e+01,2.522100e+01,2.524105e+01,2.520094e+01,2.530787e+01,2.512737e+01,2.512068e+01,2.511399e+01,2.515413e+01,2.521431e+01,2.511399e+01,2.518088e+01,2.512068e+01,2.514075e+01,2.509391e+01,2.514744e+01,2.511399e+01,2.511399e+01,2.511399e+01,2.509391e+01,2.509391e+01,2.504705e+01,2.510060e+01,2.517419e+01,2.489964e+01,2.506713e+01,2.491305e+01,2.512737e+01,2.510730e+01,2.511399e+01,2.512068e+01,2.512068e+01,2.512068e+01,2.510730e+01,2.508052e+01,2.513406e+01,2.500687e+01,2.508722e+01,2.501357e+01,2.507383e+01,2.526778e+01,2.510730e+01,2.506044e+01,2.500687e+01,2.496667e+01,2.499347e+01,2.514075e+01,2.510730e+01,2.505375e+01,2.505375e+01,2.516082e+01,2.503366e+01,2.526778e+01,2.526110e+01,2.496667e+01,2.506044e+01,2.503366e+01,2.516751e+01,2.521431e+01,2.495326e+01,2.504035e+01,2.507383e+01,2.511399e+01,2.516082e+01,2.512068e+01,2.491305e+01,2.498677e+01,2.511399e+01,2.515413e+01,2.504035e+01,2.496667e+01,2.511399e+01,2.492645e+01,2.503366e+01,2.489964e+01,2.480572e+01,2.493986e+01,2.500687e+01,2.495326e+01,2.506044e+01,2.487281e+01,2.486610e+01
2.459073e+01,2.452346e+01,2.465796e+01,2.463780e+01,2.461763e+01,2.465796e+01,2.461091e+01,2.471844e+01,2.466469e+01,2.475201e+01,2.462436e+01,2.457728e+01,2.471844e+01,2.467813e+01,2.472515e+01,2.475201e+01,2.479230e+01,2.481914e+01,2.481914e+01,2.475873e+01,2.468484e+01,2.475873e+01,2.481914e+01,2.482585e+01,2.483256e+01,2.480572e+01,2.489964e+01,2.487281e+01,2.490634e+01,2.481914e+01,2.493316e+01,2.480572e+01,2.483256e+01,2.498677e+01,2.495326e+01,2.496667e+01,2.479230e+01,2.488622e+01,2.490634e+01,2.498677e+01,2.491305e+01,2.491975e+01,2.489293e+01,2.498007e+01,2.501357e+01,2.494656e+01,2.502026e+01,2.486610e+01,2.493316e+01,2.501357e+01,2.498007e+01,2.496667e+01,2.487281e+01,2.496667e+01,2.488622e+01,2.498677e+01,2.498007e+01,2.493986e+01,2.485940e+01,2.495326e+01,2.496667e+01,2.491305e+01,2.491975e+01,2.491975e+01,2.493316e+01,2.514075e+01,2.491305e+01,2.489293e+01,2.491975e+01,2.485269e+01,2.479230e+01,2.497337e+01,2.489964e+01,2.490634e+01,2.488622e+01,2.476544e+01,2.491975e+01,2.489293e+01,2.493316e+01,2.490634e+01,2.505375e+01,2.481914e+01,2.487281e+01,2.492645e+01,2.510730e+01,2.485269e+01,2.493986e+01,2.478558e+01,2.504035e+01,2.480572e+01,2.494656e+01,2.479901e+01,2.495997e+01,2.478558e+01,2.479901e+01,2.477216e+01,2.485940e+01,2.481914e+01,2.479901e+01,2.479230e+01,2.481914e+01,2.485269e+01,2.489293e+01,2.487281e+01,2.489964e+01,2.486610e+01,2.479901e+01,2.480572e+01,2.490634e+01,2.480572e+01,2.475201e+01,2.473858e+01,2.479230e+01,2.483256e+01,2.473187e+01,2.483256e+01,2.483256e+01,2.473858e+01,2.471844e+01,2.474530e+01,2.470500e+01,2.471844e+01,2.472515e+01,2.472515e+01,2.474530e+01,2.475873e+01,2.458401e+01,2.451000e+01,2.455038e+01,2.460419e+01,2.459073e+01,2.446961e+01,2.461091e+01,2.477887e+01,2.460419e+01,2.456383e+01,2.455038e+01,2.455710e+01,2.457056e+01,2.451000e+01,2.451673e+01,2.449654e+01,2.449654e+01,2.460419e+01,2.454365e+01,2.451673e+01,2.458401e+01,2.459073e+01,2.448981e+01,2.448981e+01,2.448981e+01,2.449654e+01,2.463108e+01,2.442921e+01,2.448308e+01,2.450327e+01,2.457728e+01,2.447635e+01,2.457056e+01,2.454365e+01,2.463108e+01,2.463108e+01,2.448308e+01,2.467141e+01,2.449654e+01,2.459746e+01,2.463108e+01,2.461763e+01,2.460419e+01,2.444268e+01,2.458401e+01,2.462436e+01,2.474530e+01,2.478558e+01,2.477887e+01,2.505375e+01,2.495997e+01,2.512737e+01,2.563464e+01,2.595377e+01,2.639761e+01,2.676717e+01,2.698434e+01,2.699092e+01,2.751554e+01,2.764629e+01,2.769855e+01,2.792036e+01,2.796597e+01,2.819373e+01,2.830418e+01,2.831067e+01,2.833015e+01,2.845992e+01,2.839505e+01,2.857010e+01,2.847937e+01,2.850530e+01,2.851826e+01,2.841452e+01,2.856362e+01,2.844695e+01,2.836910e+01,2.826521e+01,2.820673e+01,2.807665e+01,2.794642e+01,2.800504e+01,2.793991e+01,2.780299e+01,2.771814e+01,2.780299e+01,2.773772e+01,2.784865e+01,2.789429e+01,2.806364e+01,2.798551e+01,2.824572e+01,2.821323e+01,2.822622e+01,2.853770e+01,2.831067e+01,2.870605e+01,2.879659e+01,2.877719e+01,2.865428e+01,2.884829e+01,2.886121e+01,2.884183e+01,2.886767e+01,2.890642e+01,2.888059e+01,2.875779e+01,2.877073e+01,2.875133e+01,2.878366e+01,2.869958e+01,2.860248e+01,2.857010e+01,2.851826e+01,2.839505e+01,2.845992e+01,2.849234e+01,2.838857e+01,2.845343e+01,2.840803e+01,2.847289e+01,2.850530e+01,2.855066e+01,2.846640e+01,2.847937e+01,2.843398e+01,2.851178e+01,2.844695e+01,2.844695e+01,2.844046e+01,2.839505e+01,2.848585e+01,2.845343e+01,2.841452e+01,2.834313e+01,2.840803e+01,2.827170e+01,2.821323e+01,2.795945e+01,2.810268e+01,2.801807e+01,2.790080e+01,2.767242e+01,2.754824e+01,2.734532e+01,2.710918e+01,2.677376e+01,2.642405e+01,2.597368e+01,2.560800e+01,2.516082e+01,2.492645e+01,2.464452e+01,2.466469e+01,2.473187e+01,2.478558e+01,2.472515e+01,2.475873e+01,2.475201e+01,2.479230e+01,2.492645e+01,2.489293e+01,2.488622e+01,2.476544e+01,2.473858e+01,2.492645e+01,2.489964e+01,2.483256e+01,2.485269e+01,2.485269e+01,2.495997e+01,2.502696e+01,2.487281e+01,2.501357e+01,2.485269e+01,2.501357e+01,2.498007e+01,2.488622e+01,2.503366e+01,2.494656e+01,2.498007e+01,2.499347e+01,2.500017e+01,2.506044e+01,2.498007e+01,2.495326e+01,2.495997e+01,2.505375e+01,2.504705e+01,2.506044e+01,2.501357e+01,2.503366e+01,2.504705e+01,2.500687e+01,2.498007e+01,2.495326e+01,2.500687e+01,2.511399e+01,2.504035e+01,2.502026e+01,2.500017e+01,2.493986e+01,2.495997e+01,2.498677e+01,2.501357e+01,2.497337e+01,2.510060e+01,2.501357e+01,2.500017e+01,2.503366e+01,2.505375e+01,2.510060e+01,2.504035e+01,2.502026e+01,2.502026e+01,2.499347e+01,2.509391e+01,2.500687e+01,2.506044e+01,2.503366e+01,2.502696e+01,2.504035e+01,2.513406e+01,2.503366e+01,2.504035e+01,2.501357e+01,2.500017e+01,2.503366e+01,2.511399e+01,2.506713e+01,2.509391e+01,2.512737e+01,2.502026e+01,2.510060e+01,2.497337e+01,2.508052e+01,2.505375e+01,2.508052e+01,2.512068e+01,2.500687e+01,2.509391e+01,2.509391e+01,2.504035e+01,2.510730e+01,2.506044e+01,2.504035e+01,2.512737e+01,2.503366e+01,2.506044e+01,2.511399e+01,2.515413e+01,2.528782e+01,2.498677e+01,2.488622e+01,2.514075e+01,2.508722e+01,2.523437e+01,2.515413e+01,2.506713e+01,2.509391e+01,2.500687e+01,2.500687e+01,2.506044e+01,2.506713e+01,2.507383e+01,2.503366e+01,2.506713e+01,2.506713e+01,2.502026e+01,2.500017e+01,2.516082e+01,2.512737e+01,2.497337e+01,2.504705e+01,2.514744e+01,2.507383e+01,2.508722e+01,2.503366e+01,2.505375e+01,2.515413e+01,2.513406e+01,2.514075e+01,2.514744e+01,2.514075e+01,2.498677e+01,2.512068e+01,2.518757e+01,2.516751e+01,2.516751e+01,2.512737e+01,2.509391e+01,2.518088e+01,2.516082e+01,2.518088e+01,2.515413e+01,2.516082e+01,2.526110e+01,2.516751e+01,2.513406e+01,2.508052e+01,2.516082e+01,2.512737e+01,2.514744e+01,2.508722e+01,2.522768e+01,2.517419e+01,2.525442e+01,2.517419e+01,2.528115e+01,2.516751e+01,2.517419e+01,2.517419e+01,2.524105e+01,2.517419e+01,2.520094e+01,2.531454e+01,2.514744e+01,2.512737e+01,2.508722e+01,2.508722e+01,2.518088e+01,2.516082e+01,2.503366e+01,2.515413e+01,2.528782e+01,2.523437e+01,2.529451e+01,2.530787e+01,2.511399e+01,2.513406e+01,2.525442e+01,2.524105e+01,2.513406e+01,2.526110e+01,2.522768e+01,2.510730e+01,2.513406e+01,2.523437e+01,2.526778e+01,2.529451e+01,2.526778e+01,2.523437e+01,2.532790e+01,2.529451e+01,2.511399e+01,2.522100e+01,2.522100e+01,2.524773e+01,2.525442e+01,2.529451e+01,2.526778e+01,2.531454e+01,2.525442e+01,2.527446e+01,2.526778e+01,2.529451e+01,2.520094e+01,2.522768e+01,2.523437e+01,2.524105e+01,2.521431e+01,2.520094e+01,2.505375e+01,2.525442e+01,2.528782e+01,2.531454e+01,2.526778e+01,2.516751e+01,2.533458e+01,2.516751e+01,2.526778e+01,2.509391e+01,2.516751e+01,2.518757e+01,2.520763e+01,2.521431e+01,2.511399e+01,2.518088e+01,2.511399e+01,2.517419e+01,2.520094e+01,2.512737e+01,2.513406e+01,2.512737e+01,2.514744e+01,2.517419e+01,2.508722e+01,2.508052e+01,2.524773e+01,2.510730e+01,2.508052e+01,2.518757e+01,2.509391e+01,2.518757e+01,2.521431e+01,2.514075e+01,2.525442e+01,2.518088e+01,2.519426e+01,2.508722e+01,2.519426e+01,2.504035e+01,2.504705e+01,2.497337e+01,2.505375e+01,2.462436e+01,2.453019e+01,2.428092e+01,2.426743e+01,2.399723e+01,2.363814e+01,2.362457e+01,2.365172e+01,2.362457e+01,2.352949e+01,2.371277e+01,2.389573e+01,2.420670e+01,2.445614e+01,2.473858e+01,2.482585e+01,2.501357e+01,2.492645e+01,2.518088e+01,2.514744e+01,2.502696e+01,2.493986e+01,2.508722e+01,2.511399e+01,2.509391e+01,2.507383e+01,2.517419e+01,2.512068e+01,2.500687e+01,2.522100e+01,2.516751e+01,2.506713e+01,2.512737e+01,2.512737e+01,2.511399e+01,2.514744e+01,2.516082e+01,2.518757e+01,2.518088e+01,2.516082e+01,2.517419e+01,2.508722e+01,2.514075e+01,2.513406e+01,2.512737e+01,2.509391e+01,2.527446e+01,2.510060e+01,2.506713e+01,2.515413e+01,2.504035e+01,2.512068e+01,2.511399e+01,2.491975e+01,2.502026e+01,2.510060e+01,2.514744e+01,2.508722e+01,2.514744e+01,2.502026e+01,2.512068e+01,2.508052e+01,2.498677e+01,2.517419e+01,2.507383e+01,2.498007e+01,2.512737e+01,2.508722e+01,2.498677e+01,2.493986e+01,2.505375e+01,2.523437e+01,2.502696e+01,2.504705e+01,2.507383e+01,2.493986e+01,2.512068e+01,2.507383e+01,2.521431e+01,2.508052e+01,2.516751e+01,2.503366e+01,2.508722e+01,2.506044e+01,2.504035e+01,2.500017e+01,2.495326e+01,2.504035e+01,2.506713e+01,2.507383e+01,2.494656e+01,2.503366e+01,2.497337e+01,2.506044e+01,2.495326e+01,2.491975e+01,2.498007e+01,2.489964e+01,2.486610e+01,2.508052e+01,2.500017e+01,2.502696e+01,2.489293e+01,2.493316e+01,2.495326e+01,2.501357e+01,2.502026e+01,2.500017e+01,2.492645e+01
2.455038e+01,2.452346e+01,2.446961e+01,2.458401e+01,2.475201e+01,2.466469e+01,2.462436e+01,2.457056e+01,2.463780e+01,2.473858e+01,2.477887e+01,2.463108e+01,2.467141e+01,2.470500e+01,2.463780e+01,2.471172e+01,2.470500e+01,2.473187e+01,2.479901e+01,2.475873e+01,2.469156e+01,2.479230e+01,2.474530e+01,2.467141e+01,2.479230e+01,2.479230e+01,2.485940e+01,2.475873e+01,2.485269e+01,2.494656e+01,2.495997e+01,2.473858e+01,2.485940e+01,2.482585e+01,2.479901e+01,2.492645e+01,2.488622e+01,2.497337e+01,2.495326e+01,2.492645e+01,2.489964e+01,2.492645e+01,2.492645e+01,2.491975e+01,2.491305e+01,2.489293e+01,2.493316e+01,2.490634e+01,2.493316e+01,2.498007e+01,2.495997e+01,2.495326e+01,2.483256e+01,2.495997e+01,2.496667e+01,2.496667e+01,2.499347e+01,2.498007e+01,2.487952e+01,2.495326e+01,2.495326e+01,2.495326e+01,2.493316e+01,2.497337e+01,2.488622e+01,2.491975e+01,2.500017e+01,2.493986e+01,2.493316e+01,2.491975e+01,2.492645e+01,2.490634e+01,2.490634e+01,2.489293e+01,2.489964e+01,2.491975e+01,2.489293e+01,2.500017e+01,2.490634e+01,2.482585e+01,2.480572e+01,2.481914e+01,2.492645e+01,2.496667e+01,2.495997e+01,2.481243e+01,2.480572e+01,2.483927e+01,2.495326e+01,2.490634e+01,2.502026e+01,2.489964e+01,2.485269e+01,2.475201e+01,2.487952e+01,2.489964e+01,2.479901e+01,2.486610e+01,2.479901e+01,2.487952e+01,2.485940e+01,2.477887e+01,2.484598e+01,2.485940e+01,2.479230e+01,2.477216e+01,2.482585e+01,2.480572e+01,2.470500e+01,2.479901e+01,2.464452e+01,2.467141e+01,2.481243e+01,2.469156e+01,2.477216e+01,2.482585e+01,2.458401e+01,2.476544e+01,2.471844e+01,2.473187e+01,2.473858e+01,2.483927e+01,2.473187e+01,2.469828e+01,2.473187e+01,2.473858e+01,2.466469e+01,2.479230e+01,2.458401e+01,2.459073e+01,2.459073e+01,2.457728e+01,2.448308e+01,2.454365e+01,2.455710e+01,2.456383e+01,2.455038e+01,2.465124e+01,2.457728e+01,2.453019e+01,2.451000e+01,2.463108e+01,2.454365e+01,2.457728e+01,2.454365e+01,2.459073e+01,2.460419e+01,2.459073e+01,2.450327e+01,2.457056e+01,2.448308e+01,2.444268e+01,2.446961e+01,2.449654e+01,2.452346e+01,2.447635e+01,2.453692e+01,2.454365e+01,2.457056e+01,2.455710e+01,2.457728e+01,2.446288e+01,2.451000e+01,2.455710e+01,2.449654e+01,2.455038e+01,2.457728e+01,2.447635e+01,2.456383e+01,2.444941e+01,2.457056e+01,2.467141e+01,2.477216e+01,2.480572e+01,2.481243e+01,2.481243e+01,2.497337e+01,2.529451e+01,2.566127e+01,2.619911e+01,2.636456e+01,2.676058e+01,2.711575e+01,2.721420e+01,2.741737e+01,2.762015e+01,2.762669e+01,2.792036e+01,2.808316e+01,2.818723e+01,2.829119e+01,2.825871e+01,2.843398e+01,2.860248e+01,2.858953e+01,2.857658e+01,2.855066e+01,2.855714e+01,2.857658e+01,2.844046e+01,2.847937e+01,2.843398e+01,2.844695e+01,2.841452e+01,2.816772e+01,2.829119e+01,2.813520e+01,2.807665e+01,2.805062e+01,2.798551e+01,2.792036e+01,2.788777e+01,2.786169e+01,2.790080e+01,2.799202e+01,2.825871e+01,2.839505e+01,2.845992e+01,2.854418e+01,2.856362e+01,2.869958e+01,2.871899e+01,2.880305e+01,2.884829e+01,2.889997e+01,2.885475e+01,2.887413e+01,2.886767e+01,2.881598e+01,2.891288e+01,2.890642e+01,2.876426e+01,2.881598e+01,2.875133e+01,2.872546e+01,2.873839e+01,2.872546e+01,2.872546e+01,2.856362e+01,2.849882e+01,2.850530e+01,2.842100e+01,2.845992e+01,2.834313e+01,2.834962e+01,2.829768e+01,2.835612e+01,2.834962e+01,2.846640e+01,2.837559e+01,2.847937e+01,2.855066e+01,2.847289e+01,2.851178e+01,2.851826e+01,2.843398e+01,2.846640e+01,2.844695e+01,2.840154e+01,2.842100e+01,2.841452e+01,2.840803e+01,2.840154e+01,2.810268e+01,2.815471e+01,2.800504e+01,2.802458e+01,2.788777e+01,2.761362e+01,2.758093e+01,2.733221e+01,2.696462e+01,2.691200e+01,2.645709e+01,2.598696e+01,2.548805e+01,2.514075e+01,2.512737e+01,2.465796e+01,2.472515e+01,2.459073e+01,2.475201e+01,2.475873e+01,2.471172e+01,2.482585e+01,2.483927e+01,2.483927e+01,2.483256e+01,2.487281e+01,2.489964e+01,2.481243e+01,2.488622e+01,2.492645e+01,2.485269e+01,2.493316e+01,2.495326e+01,2.498007e+01,2.501357e+01,2.496667e+01,2.479901e+01,2.489964e+01,2.486610e+01,2.485940e+01,2.492645e+01,2.500017e+01,2.485269e+01,2.502696e+01,2.497337e+01,2.488622e+01,2.500687e+01,2.491975e+01,2.503366e+01,2.497337e+01,2.495997e+01,2.498007e+01,2.498677e+01,2.493316e+01,2.504035e+01,2.496667e+01,2.493986e+01,2.508722e+01,2.495326e+01,2.496667e+01,2.493986e+01,2.495326e+01,2.502696e+01,2.501357e+01,2.504035e+01,2.505375e+01,2.494656e+01,2.501357e+01,2.502696e+01,2.500687e+01,2.499347e+01,2.502026e+01,2.505375e+01,2.504035e+01,2.502026e+01,2.494656e+01,2.504035e+01,2.503366e+01,2.515413e+01,2.507383e+01,2.500687e+01,2.503366e+01,2.498677e+01,2.506044e+01,2.502696e+01,2.513406e+01,2.482585e+01,2.513406e+01,2.500687e+01,2.504705e+01,2.501357e+01,2.502696e+01,2.500017e+01,2.494656e+01,2.510730e+01,2.496667e+01,2.510730e+01,2.512068e+01,2.504035e+01,2.513406e+01,2.502696e+01,2.512068e+01,2.504705e+01,2.507383e+01,2.505375e+01,2.506713e+01,2.497337e+01,2.503366e+01,2.502696e+01,2.504705e+01,2.506044e+01,2.495997e+01,2.504705e+01,2.509391e+01,2.512068e+01,2.509391e+01,2.496667e+01,2.493316e+01,2.510730e+01,2.505375e+01,2.498677e+01,2.508052e+01,2.500687e+01,2.500687e+01,2.502026e+01,2.509391e+01,2.508722e+01,2.510730e+01,2.508052e+01,2.508722e+01,2.504705e+01,2.508722e+01,2.502696e+01,2.513406e+01,2.495997e+01,2.512068e+01,2.513406e+01,2.506713e+01,2.504035e+01,2.502696e+01,2.510060e+01,2.501357e+01,2.518088e+01,2.512737e+01,2.513406e+01,2.510730e+01,2.514075e+01,2.506044e+01,2.515413e+01,2.511399e+01,2.513406e+01,2.520763e+01,2.511399e+01,2.514075e+01,2.521431e+01,2.526778e+01,2.512068e+01,2.521431e+01,2.510060e+01,2.512737e+01,2.518088e+01,2.506044e+01,2.517419e+01,2.513406e+01,2.516082e+01,2.515413e+01,2.514075e+01,2.523437e+01,2.518088e+01,2.520763e+01,2.522100e+01,2.526110e+01,2.518088e+01,2.516751e+01,2.512737e+01,2.520094e+01,2.524105e+01,2.520763e+01,2.520094e+01,2.509391e+01,2.528782e+01,2.517419e+01,2.526778e+01,2.506044e+01,2.526778e+01,2.507383e+01,2.520763e+01,2.525442e+01,2.519426e+01,2.519426e+01,2.520094e+01,2.521431e+01,2.515413e+01,2.523437e+01,2.516751e+01,2.514744e+01,2.520094e+01,2.513406e+01,2.526778e+01,2.514744e+01,2.524773e+01,2.522100e+01,2.524773e+01,2.517419e+01,2.522100e+01,2.512068e+01,2.521431e+01,2.527446e+01,2.532790e+01,2.524105e+01,2.528115e+01,2.527446e+01,2.528782e+01,2.528115e+01,2.530119e+01,2.525442e+01,2.524773e+01,2.522100e+01,2.532790e+01,2.518757e+01,2.520763e+01,2.516751e+01,2.516751e+01,2.518088e+01,2.516082e+01,2.526778e+01,2.531454e+01,2.509391e+01,2.528782e+01,2.514075e+01,2.536796e+01,2.517419e+01,2.517419e+01,2.521431e+01,2.512737e+01,2.510060e+01,2.524773e+01,2.518088e+01,2.519426e+01,2.512068e+01,2.508722e+01,2.516082e+01,2.512068e+01,2.512737e+01,2.508722e+01,2.519426e+01,2.514744e+01,2.508722e+01,2.513406e+01,2.514744e+01,2.506044e+01,2.504705e+01,2.517419e+01,2.510060e+01,2.506713e+01,2.518757e+01,2.509391e+01,2.514744e+01,2.523437e+01,2.530787e+01,2.503366e+01,2.526778e+01,2.512737e+01,2.506713e+01,2.510730e+01,2.498007e+01,2.487952e+01,2.491305e+01,2.468484e+01,2.429441e+01,2.426068e+01,2.385510e+01,2.386187e+01,2.371277e+01,2.363814e+01,2.364493e+01,2.371277e+01,2.348872e+01,2.384833e+01,2.397694e+01,2.430790e+01,2.469828e+01,2.477887e+01,2.481914e+01,2.498677e+01,2.501357e+01,2.515413e+01,2.506713e+01,2.508722e+01,2.512737e+01,2.504705e+01,2.502026e+01,2.512068e+01,2.503366e+01,2.504705e+01,2.535461e+01,2.519426e+01,2.503366e+01,2.518757e+01,2.505375e+01,2.516751e+01,2.512737e+01,2.519426e+01,2.511399e+01,2.515413e+01,2.508052e+01,2.510060e+01,2.508052e+01,2.516082e+01,2.512068e+01,2.513406e+01,2.513406e+01,2.510730e+01,2.512068e+01,2.516082e+01,2.505375e+01,2.517419e+01,2.506044e+01,2.516751e+01,2.505375e+01,2.493316e+01,2.498677e+01,2.508052e+01,2.510730e+01,2.497337e+01,2.497337e+01,2.503366e+01,2.508722e+01,2.511399e+01,2.499347e+01,2.511399e+01,2.506044e+01,2.504705e+01,2.508722e+01,2.493316e+01,2.502696e+01,2.500017e+01,2.494656e+01,2.500017e+01,2.499347e+01,2.502026e+01,2.497337e+01,2.498677e+01,2.497337e+01,2.502026e+01,2.493316e+01,2.504035e+01,2.491305e+01,2.500017e+01,2.498007e+01,2.508052e+01,2.498007e+01,2.500017e+01,2.492645e+01,2.506713e+01,2.500687e+01,2.504705e+01,2.487952e+01,2.493316e+01,2.507383e+01,2.502026e+01,2.489964e+01,2.508722e+01,2.497337e+01,2.501357e+01,2.504705e+01,2.489964e+01,2.479901e+01,2.488622e+01,2.498007e+01,2.506713e+01,2.498007e+01,2.500687e+01,2.489964e+01,2.502026e+01,2.489293e+01,2.481243e+01
2.457728e+01,2.460419e+01,2.461763e+01,2.460419e+01,2.462436e+01,2.473858e+01,2.467813e+01,2.470500e+01,2.469156e+01,2.471172e+01,2.464452e+01,2.467141e+01,2.463780e+01,2.467813e+01,2.468484e+01,2.465796e+01,2.471844e+01,2.471172e+01,2.473187e+01,2.478558e+01,2.480572e+01,2.471844e+01,2.465796e+01,2.468484e+01,2.481243e+01,2.481243e+01,2.461763e+01,2.484598e+01,2.481914e+01,2.485940e+01,2.479901e+01,2.495326e+01,2.479901e+01,2.487281e+01,2.505375e+01,2.491305e+01,2.481914e+01,2.500017e+01,2.493986e+01,2.493986e+01,2.490634e+01,2.491305e+01,2.489293e+01,2.481914e+01,2.490634e+01,2.491975e+01,2.477216e+01,2.487281e+01,2.495326e+01,2.495326e+01,2.495326e+01,2.507383e+01,2.491305e+01,2.495997e+01,2.496667e+01,2.493316e+01,2.487952e+01,2.498677e+01,2.485940e+01,2.493316e+01,2.494656e+01,2.499347e+01,2.500017e+01,2.487281e+01,2.512068e+01,2.488622e+01,2.489293e+01,2.491305e+01,2.491975e+01,2.489964e+01,2.474530e+01,2.488622e+01,2.495997e+01,2.489293e+01,2.487952e+01,2.480572e+01,2.484598e+01,2.489964e+01,2.489293e+01,2.489964e+01,2.488622e+01,2.484598e+01,2.499347e+01,2.494656e+01,2.487281e+01,2.485940e+01,2.499347e+01,2.477216e+01,2.484598e+01,2.477216e+01,2.474530e+01,2.474530e+01,2.491305e+01,2.498677e+01,2.489293e+01,2.485269e+01,2.488622e+01,2.476544e+01,2.477887e+01,2.496667e+01,2.487281e+01,2.480572e+01,2.482585e+01,2.486610e+01,2.483927e+01,2.486610e+01,2.487281e+01,2.480572e+01,2.473858e+01,2.476544e+01,2.480572e+01,2.473858e+01,2.469828e+01,2.469156e+01,2.465124e+01,2.480572e+01,2.478558e+01,2.476544e+01,2.472515e+01,2.466469e+01,2.482585e+01,2.471844e+01,2.463108e+01,2.470500e+01,2.464452e+01,2.458401e+01,2.462436e+01,2.462436e+01,2.455038e+01,2.463108e+01,2.461763e+01,2.477887e+01,2.459746e+01,2.452346e+01,2.451673e+01,2.456383e+01,2.479230e+01,2.457728e+01,2.461091e+01,2.460419e+01,2.448981e+01,2.445614e+01,2.462436e+01,2.450327e+01,2.458401e+01,2.448981e+01,2.442921e+01,2.459746e+01,2.459746e+01,2.451000e+01,2.450327e+01,2.449654e+01,2.446288e+01,2.453019e+01,2.443594e+01,2.453019e+01,2.452346e+01,2.436857e+01,2.451000e+01,2.458401e+01,2.448308e+01,2.459073e+01,2.453019e+01,2.438878e+01,2.461091e+01,2.458401e+01,2.463108e+01,2.461091e+01,2.457056e+01,2.459746e+01,2.462436e+01,2.465796e+01,2.460419e+01,2.461763e+01,2.467141e+01,2.482585e+01,2.493316e+01,2.512737e+01,2.557470e+01,2.598696e+01,2.628517e+01,2.677376e+01,2.717483e+01,2.727322e+01,2.741737e+01,2.775078e+01,2.792036e+01,2.799202e+01,2.823272e+01,2.829119e+01,2.828469e+01,2.842100e+01,2.854418e+01,2.856362e+01,2.850530e+01,2.860248e+01,2.863486e+01,2.862838e+01,2.861543e+01,2.844695e+01,2.860248e+01,2.843398e+01,2.842749e+01,2.838857e+01,2.861543e+01,2.838857e+01,2.818072e+01,2.816772e+01,2.812220e+01,2.807014e+01,2.801807e+01,2.790080e+01,2.810268e+01,2.825221e+01,2.840803e+01,2.858305e+01,2.859601e+01,2.877073e+01,2.874486e+01,2.874486e+01,2.893871e+01,2.889351e+01,2.887413e+01,2.890642e+01,2.888705e+01,2.884829e+01,2.888059e+01,2.887413e+01,2.886121e+01,2.890642e+01,2.889351e+01,2.881598e+01,2.889351e+01,2.883537e+01,2.874486e+01,2.867369e+01,2.873839e+01,2.852474e+01,2.844046e+01,2.844695e+01,2.840803e+01,2.848585e+01,2.832366e+01,2.840803e+01,2.836261e+01,2.836261e+01,2.848585e+01,2.856362e+01,2.842749e+01,2.849234e+01,2.850530e+01,2.845343e+01,2.849234e+01,2.843398e+01,2.853770e+01,2.828469e+01,2.836910e+01,2.835612e+01,2.834962e+01,2.835612e+01,2.838208e+01,2.821972e+01,2.820023e+01,2.811569e+01,2.810919e+01,2.805062e+01,2.805713e+01,2.783560e+01,2.763976e+01,2.746319e+01,2.733876e+01,2.712231e+01,2.680010e+01,2.645709e+01,2.588072e+01,2.567459e+01,2.512068e+01,2.493986e+01,2.465124e+01,2.469828e+01,2.471172e+01,2.470500e+01,2.475201e+01,2.479901e+01,2.478558e+01,2.491305e+01,2.479901e+01,2.481243e+01,2.483256e+01,2.483256e+01,2.486610e+01,2.487281e+01,2.487281e+01,2.491305e+01,2.498007e+01,2.487281e+01,2.469828e+01,2.489293e+01,2.488622e+01,2.502026e+01,2.489964e+01,2.493316e+01,2.498677e+01,2.491975e+01,2.486610e+01,2.500687e+01,2.499347e+01,2.502696e+01,2.506713e+01,2.497337e+01,2.497337e+01,2.493986e+01,2.496667e+01,2.499347e+01,2.496667e+01,2.496667e+01,2.488622e+01,2.498007e+01,2.500687e+01,2.498677e+01,2.500017e+01,2.512737e+01,2.495997e+01,2.500017e+01,2.491975e+01,2.502696e+01,2.502696e+01,2.500017e+01,2.499347e+01,2.496667e+01,2.499347e+01,2.500017e+01,2.510730e+01,2.509391e+01,2.494656e+01,2.500017e+01,2.496667e+01,2.503366e+01,2.497337e+01,2.499347e+01,2.503366e+01,2.504035e+01,2.491975e+01,2.489293e+01,2.506713e+01,2.500017e+01,2.499347e+01,2.503366e+01,2.502696e+01,2.508052e+01,2.505375e+01,2.511399e+01,2.503366e+01,2.506044e+01,2.499347e+01,2.502026e+01,2.502026e+01,2.502696e+01,2.507383e+01,2.495326e+01,2.508052e+01,2.500687e+01,2.525442e+01,2.499347e+01,2.510060e+01,2.499347e+01,2.498007e+01,2.505375e+01,2.496667e+01,2.500017e+01,2.501357e+01,2.497337e+01,2.507383e+01,2.506044e+01,2.501357e+01,2.501357e+01,2.513406e+01,2.514744e+01,2.502026e+01,2.502696e+01,2.509391e+01,2.508722e+01,2.498007e+01,2.505375e+01,2.508052e+01,2.515413e+01,2.504035e+01,2.511399e+01,2.499347e+01,2.513406e+01,2.500687e+01,2.510060e+01,2.504705e+01,2.504705e+01,2.508052e+01,2.502696e+01,2.502026e+01,2.510730e+01,2.500687e+01,2.501357e+01,2.509391e+01,2.507383e+01,2.506713e+01,2.506044e+01,2.504035e+01,2.504705e+01,2.502696e+01,2.513406e+01,2.495997e+01,2.508052e+01,2.512737e+01,2.511399e+01,2.519426e+01,2.513406e+01,2.514075e+01,2.507383e+01,2.512068e+01,2.520763e+01,2.510730e+01,2.518757e+01,2.511399e+01,2.524773e+01,2.509391e+01,2.519426e+01,2.514744e+01,2.510730e+01,2.514075e+01,2.516082e+01,2.504705e+01,2.506044e+01,2.518088e+01,2.521431e+01,2.507383e+01,2.522100e+01,2.513406e+01,2.514744e+01,2.518757e+01,2.518088e+01,2.527446e+01,2.520763e+01,2.520094e+01,2.519426e+01,2.516751e+01,2.518088e+01,2.512068e+01,2.524773e+01,2.517419e+01,2.512068e+01,2.510060e+01,2.515413e+01,2.515413e+01,2.526110e+01,2.524773e+01,2.529451e+01,2.503366e+01,2.522100e+01,2.519426e+01,2.515413e+01,2.522768e+01,2.528782e+01,2.527446e+01,2.524105e+01,2.524105e+01,2.518757e+01,2.510730e+01,2.523437e+01,2.529451e+01,2.520763e+01,2.511399e+01,2.510730e+01,2.514075e+01,2.512068e+01,2.529451e+01,2.522768e+01,2.508722e+01,2.526110e+01,2.528115e+01,2.527446e+01,2.528782e+01,2.523437e+01,2.524105e+01,2.517419e+01,2.525442e+01,2.516751e+01,2.517419e+01,2.518757e+01,2.520094e+01,2.524105e+01,2.533458e+01,2.522768e+01,2.531454e+01,2.518088e+01,2.521431e+01,2.528115e+01,2.524773e+01,2.519426e+01,2.509391e+01,2.512068e+01,2.510060e+01,2.499347e+01,2.513406e+01,2.509391e+01,2.512068e+01,2.510060e+01,2.521431e+01,2.524105e+01,2.509391e+01,2.511399e+01,2.514744e+01,2.504035e+01,2.517419e+01,2.513406e+01,2.514744e+01,2.499347e+01,2.508052e+01,2.507383e+01,2.516082e+01,2.515413e+01,2.510730e+01,2.510730e+01,2.508722e+01,2.501357e+01,2.518757e+01,2.502026e+01,2.500687e+01,2.511399e+01,2.516082e+01,2.517419e+01,2.508722e+01,2.487281e+01,2.474530e+01,2.444268e+01,2.430115e+01,2.402428e+01,2.387542e+01,2.387542e+01,2.354308e+01,2.355667e+01,2.359741e+01,2.348192e+01,2.363814e+01,2.384155e+01,2.409188e+01,2.432138e+01,2.470500e+01,2.471844e+01,2.498007e+01,2.498007e+01,2.502696e+01,2.508722e+01,2.508722e+01,2.514075e+01,2.506713e+01,2.507383e+01,2.515413e+01,2.512737e+01,2.518757e+01,2.518757e+01,2.520094e+01,2.526778e+01,2.529451e+01,2.507383e+01,2.504035e+01,2.518757e+01,2.507383e+01,2.521431e+01,2.502696e+01,2.503366e+01,2.503366e+01,2.506044e+01,2.504035e+01,2.514075e+01,2.508052e+01,2.504705e+01,2.503366e+01,2.510730e+01,2.524105e+01,2.505375e+01,2.504705e+01,2.504705e+01,2.505375e+01,2.514075e+01,2.509391e+01,2.510060e+01,2.508052e+01,2.511399e+01,2.495326e+01,2.503366e+01,2.495326e+01,2.512068e+01,2.503366e+01,2.508722e+01,2.495997e+01,2.513406e+01,2.504035e+01,2.498677e+01,2.487281e+01,2.496667e+01,2.508052e+01,2.497337e+01,2.502026e+01,2.507383e+01,2.492645e+01,2.508052e+01,2.493986e+01,2.503366e+01,2.489964e+01,2.495326e+01,2.504035e+01,2.489964e+01,2.495997e+01,2.494656e+01,2.497337e+01,2.500017e+01,2.495997e+01,2.493316e+01,2.508722e+01,2.495326e+01,2.490634e+01,2.489964e+01,2.497337e+01,2.506713e+01,2.489964e+01,2.491305e+01,2.513406e+01,2.495997e+01,2.496667e+01,2.504035e+01,2.496667e+01,2.500017e+01,2.504035e+01,2.483256e+01,2.501357e+01,2.480572e+01,2.477887e+01,2.487952e+01,2.491305e+01,2.483927e+01,2.488622e+01,2.487281e+01
2.466469e+01,2.461091e+01,2.458401e+01,2.459073e+01,2.459746e+01,2.457056e+01,2.461091e+01,2.469828e+01,2.470500e+01,2.464452e+01,2.465796e+01,2.458401e+01,2.463780e+01,2.464452e+01,2.459073e+01,2.458401e+01,2.463780e+01,2.484598e+01,2.481243e+01,2.473187e+01,2.482585e+01,2.485940e+01,2.483256e+01,2.477887e+01,2.485269e+01,2.484598e+01,2.474530e+01,2.479901e+01,2.473187e+01,2.479230e+01,2.487281e+01,2.484598e+01,2.493316e+01,2.485269e+01,2.485269e+01,2.480572e+01,2.487952e+01,2.504035e+01,2.489293e+01,2.502026e+01,2.486610e+01,2.491305e+01,2.491305e+01,2.495326e+01,2.479901e+01,2.477887e+01,2.495326e+01,2.488622e+01,2.495326e+01,2.488622e+01,2.496667e+01,2.491975e+01,2.491975e+01,2.500687e+01,2.498007e+01,2.491975e+01,2.498007e+01,2.493986e+01,2.501357e+01,2.497337e+01,2.490634e+01,2.500017e+01,2.485940e+01,2.492645e+01,2.487952e+01,2.499347e+01,2.491975e+01,2.493986e+01,2.490634e+01,2.489964e+01,2.486610e+01,2.477216e+01,2.489293e+01,2.487952e+01,2.477216e+01,2.489964e+01,2.483927e+01,2.479901e+01,2.493316e+01,2.496667e+01,2.481243e+01,2.500687e+01,2.497337e+01,2.482585e+01,2.481914e+01,2.487952e+01,2.485269e+01,2.483256e+01,2.483256e+01,2.491975e+01,2.496667e+01,2.481243e+01,2.481243e+01,2.500687e+01,2.482585e+01,2.481914e+01,2.479230e+01,2.490634e+01,2.491305e+01,2.486610e+01,2.481914e+01,2.483256e+01,2.487952e+01,2.492645e+01,2.487952e+01,2.479230e+01,2.475873e+01,2.483256e+01,2.475873e+01,2.482585e+01,2.474530e+01,2.483927e+01,2.478558e+01,2.481243e+01,2.481243e+01,2.473858e+01,2.474530e+01,2.475201e+01,2.481243e+01,2.474530e+01,2.475201e+01,2.467141e+01,2.475201e+01,2.471172e+01,2.467813e+01,2.474530e+01,2.458401e+01,2.469156e+01,2.483927e+01,2.485940e+01,2.459746e+01,2.460419e+01,2.455710e+01,2.455710e+01,2.459073e+01,2.458401e+01,2.460419e+01,2.469156e+01,2.451673e+01,2.454365e+01,2.462436e+01,2.446288e+01,2.455038e+01,2.468484e+01,2.455710e+01,2.456383e+01,2.457728e+01,2.449654e+01,2.461091e+01,2.459073e+01,2.457056e+01,2.452346e+01,2.461091e+01,2.445614e+01,2.441573e+01,2.454365e+01,2.453692e+01,2.452346e+01,2.457728e+01,2.448981e+01,2.456383e+01,2.456383e+01,2.459746e+01,2.459073e+01,2.461763e+01,2.461091e+01,2.463108e+01,2.461091e+01,2.458401e+01,2.459073e+01,2.448981e+01,2.467141e+01,2.461763e+01,2.480572e+01,2.481914e+01,2.496667e+01,2.486610e+01,2.502696e+01,2.568790e+01,2.598696e+01,2.654295e+01,2.690542e+01,2.696462e+01,2.739772e+01,2.762015e+01,2.769202e+01,2.795294e+01,2.799853e+01,2.812220e+01,2.827820e+01,2.842100e+01,2.845992e+01,2.856362e+01,2.860248e+01,2.855066e+01,2.857658e+01,2.868664e+01,2.861543e+01,2.862838e+01,2.851178e+01,2.862191e+01,2.857010e+01,2.844695e+01,2.862838e+01,2.842100e+01,2.845343e+01,2.834313e+01,2.821972e+01,2.821972e+01,2.812870e+01,2.805062e+01,2.806364e+01,2.810268e+01,2.837559e+01,2.857010e+01,2.849882e+01,2.880951e+01,2.879659e+01,2.883537e+01,2.890642e+01,2.899680e+01,2.915799e+01,2.897098e+01,2.894516e+01,2.894516e+01,2.902260e+01,2.889997e+01,2.889351e+01,2.884183e+01,2.888705e+01,2.888059e+01,2.882244e+01,2.875779e+01,2.876426e+01,2.875133e+01,2.877719e+01,2.871252e+01,2.869958e+01,2.862191e+01,2.843398e+01,2.854418e+01,2.837559e+01,2.845343e+01,2.827820e+01,2.834962e+01,2.833015e+01,2.836910e+01,2.845343e+01,2.837559e+01,2.842100e+01,2.855066e+01,2.868664e+01,2.847937e+01,2.848585e+01,2.844695e+01,2.850530e+01,2.836910e+01,2.840803e+01,2.834313e+01,2.840803e+01,2.842749e+01,2.829768e+01,2.821323e+01,2.818072e+01,2.818072e+01,2.804411e+01,2.803109e+01,2.785517e+01,2.769202e+01,2.769855e+01,2.746319e+01,2.714201e+01,2.672104e+01,2.647031e+01,2.601350e+01,2.568790e+01,2.513406e+01,2.510060e+01,2.469156e+01,2.469828e+01,2.464452e+01,2.471844e+01,2.487952e+01,2.486610e+01,2.481243e+01,2.491305e+01,2.479230e+01,2.479901e+01,2.485269e+01,2.468484e+01,2.488622e+01,2.485940e+01,2.486610e+01,2.483927e+01,2.495326e+01,2.489964e+01,2.489964e+01,2.493316e+01,2.495997e+01,2.485940e+01,2.496667e+01,2.495326e+01,2.491305e+01,2.495997e+01,2.490634e+01,2.493986e+01,2.495326e+01,2.496667e+01,2.482585e+01,2.493986e+01,2.489964e+01,2.502696e+01,2.477216e+01,2.499347e+01,2.496667e+01,2.491305e+01,2.499347e+01,2.499347e+01,2.500017e+01,2.500687e+01,2.492645e+01,2.499347e+01,2.491975e+01,2.499347e+01,2.498677e+01,2.495326e+01,2.498677e+01,2.500687e+01,2.504035e+01,2.495326e+01,2.491975e+01,2.491975e+01,2.501357e+01,2.500687e+01,2.498007e+01,2.495997e+01,2.501357e+01,2.503366e+01,2.501357e+01,2.494656e+01,2.489293e+01,2.498677e+01,2.498007e+01,2.490634e+01,2.502026e+01,2.502026e+01,2.503366e+01,2.502696e+01,2.500687e+01,2.493986e+01,2.501357e+01,2.502026e+01,2.504705e+01,2.498677e+01,2.509391e+01,2.493316e+01,2.494656e+01,2.498007e+01,2.508722e+01,2.504705e+01,2.518088e+01,2.510060e+01,2.499347e+01,2.506044e+01,2.496667e+01,2.500687e+01,2.501357e+01,2.507383e+01,2.500017e+01,2.505375e+01,2.509391e+01,2.500017e+01,2.503366e+01,2.502696e+01,2.496667e+01,2.512737e+01,2.502696e+01,2.510730e+01,2.509391e+01,2.508722e+01,2.514744e+01,2.498007e+01,2.508052e+01,2.506713e+01,2.502026e+01,2.507383e+01,2.516082e+01,2.510730e+01,2.509391e+01,2.501357e+01,2.502026e+01,2.504035e+01,2.502026e+01,2.518757e+01,2.510060e+01,2.505375e+01,2.506044e+01,2.507383e+01,2.502696e+01,2.505375e+01,2.513406e+01,2.502696e+01,2.502026e+01,2.506044e+01,2.502696e+01,2.504035e+01,2.502026e+01,2.501357e+01,2.497337e+01,2.512068e+01,2.511399e+01,2.512068e+01,2.499347e+01,2.504705e+01,2.508722e+01,2.517419e+01,2.507383e+01,2.512068e+01,2.510060e+01,2.507383e+01,2.534126e+01,2.515413e+01,2.513406e+01,2.513406e+01,2.517419e+01,2.516751e+01,2.509391e+01,2.516751e+01,2.519426e+01,2.519426e+01,2.500017e+01,2.517419e+01,2.510730e+01,2.512068e+01,2.518757e+01,2.519426e+01,2.516751e+01,2.528115e+01,2.522100e+01,2.519426e+01,2.522768e+01,2.516751e+01,2.528115e+01,2.515413e+01,2.526778e+01,2.514744e+01,2.504705e+01,2.526110e+01,2.520763e+01,2.522100e+01,2.513406e+01,2.524105e+01,2.518088e+01,2.512068e+01,2.509391e+01,2.520094e+01,2.526778e+01,2.518757e+01,2.532790e+01,2.509391e+01,2.514075e+01,2.518757e+01,2.523437e+01,2.513406e+01,2.517419e+01,2.512068e+01,2.522100e+01,2.530787e+01,2.519426e+01,2.517419e+01,2.519426e+01,2.523437e+01,2.524773e+01,2.520094e+01,2.520094e+01,2.526778e+01,2.529451e+01,2.516082e+01,2.514744e+01,2.531454e+01,2.531454e+01,2.524773e+01,2.526110e+01,2.520094e+01,2.522768e+01,2.528782e+01,2.534126e+01,2.517419e+01,2.532122e+01,2.516082e+01,2.535461e+01,2.534126e+01,2.529451e+01,2.516751e+01,2.517419e+01,2.516751e+01,2.523437e+01,2.522768e+01,2.501357e+01,2.515413e+01,2.509391e+01,2.495997e+01,2.519426e+01,2.517419e+01,2.512068e+01,2.520094e+01,2.508722e+01,2.512068e+01,2.525442e+01,2.523437e+01,2.517419e+01,2.512068e+01,2.514744e+01,2.508722e+01,2.516082e+01,2.515413e+01,2.504705e+01,2.510060e+01,2.522100e+01,2.507383e+01,2.519426e+01,2.500017e+01,2.507383e+01,2.506044e+01,2.500017e+01,2.521431e+01,2.512068e+01,2.512068e+01,2.501357e+01,2.506713e+01,2.471172e+01,2.444268e+01,2.434835e+01,2.407161e+01,2.384155e+01,2.382801e+01,2.366529e+01,2.368564e+01,2.354987e+01,2.357704e+01,2.363136e+01,2.403781e+01,2.419319e+01,2.444268e+01,2.469156e+01,2.469828e+01,2.490634e+01,2.496667e+01,2.503366e+01,2.502026e+01,2.506713e+01,2.510060e+01,2.506044e+01,2.510730e+01,2.512068e+01,2.508052e+01,2.507383e+01,2.508722e+01,2.512068e+01,2.518757e+01,2.506713e+01,2.505375e+01,2.523437e+01,2.502696e+01,2.521431e+01,2.516751e+01,2.517419e+01,2.508722e+01,2.522100e+01,2.502026e+01,2.518088e+01,2.509391e+01,2.508052e+01,2.514744e+01,2.512737e+01,2.510060e+01,2.506713e+01,2.508722e+01,2.505375e+01,2.506713e+01,2.506044e+01,2.515413e+01,2.513406e+01,2.509391e+01,2.504035e+01,2.504035e+01,2.507383e+01,2.508052e+01,2.498007e+01,2.503366e+01,2.506713e+01,2.495326e+01,2.499347e+01,2.501357e+01,2.495326e+01,2.499347e+01,2.503366e+01,2.495326e+01,2.493316e+01,2.499347e+01,2.506044e+01,2.501357e+01,2.504705e+01,2.502696e+01,2.502696e+01,2.496667e+01,2.500017e+01,2.502026e+01,2.512068e+01,2.493316e+01,2.496667e+01,2.493316e+01,2.488622e+01,2.497337e+01,2.494656e+01,2.500687e+01,2.494656e+01,2.497337e+01,2.502026e+01,2.498007e+01,2.506044e+01,2.491975e+01,2.499347e+01,2.519426e+01,2.486610e+01,2.506713e+01,2.507383e+01,2.495326e+01,2.491975e+01,2.483256e+01,2.488622e+01,2.493316e+01,2.504035e+01,2.483256e+01,2.489964e+01,2.487952e+01,2.487952e+01,2.485940e+01,2.479901e+01,2.484598e+01
2.453692e+01,2.465796e+01,2.462436e+01,2.444268e+01,2.463108e+01,2.455038e+01,2.465124e+01,2.458401e+01,2.465124e+01,2.455710e+01,2.467141e+01,2.464452e+01,2.463108e+01,2.466469e+01,2.474530e+01,2.469156e+01,2.457728e+01,2.467141e+01,2.467813e+01,2.477216e+01,2.480572e+01,2.474530e+01,2.464452e+01,2.477216e+01,2.476544e+01,2.467813e+01,2.483256e+01,2.482585e+01,2.474530e+01,2.486610e+01,2.471172e+01,2.497337e+01,2.496667e+01,2.493986e+01,2.498007e+01,2.493986e+01,2.493316e+01,2.492645e+01,2.487952e+01,2.498007e+01,2.488622e+01,2.487952e+01,2.488622e+01,2.489964e+01,2.491305e+01,2.473858e+01,2.494656e+01,2.487281e+01,2.492645e+01,2.493316e+01,2.502696e+01,2.491305e+01,2.491305e+01,2.497337e+01,2.494656e+01,2.493316e+01,2.493986e+01,2.497337e+01,2.505375e+01,2.491305e+01,2.510060e+01,2.503366e+01,2.495997e+01,2.490634e+01,2.494656e+01,2.494656e+01,2.489964e+01,2.489293e+01,2.478558e+01,2.492645e+01,2.493986e+01,2.485269e+01,2.483256e+01,2.498007e+01,2.492645e+01,2.474530e+01,2.492645e+01,2.494656e+01,2.492645e+01,2.477216e+01,2.483256e+01,2.495326e+01,2.495326e+01,2.496667e+01,2.495997e+01,2.495326e+01,2.486610e+01,2.477216e+01,2.489964e+01,2.478558e+01,2.475873e+01,2.480572e+01,2.491305e+01,2.483927e+01,2.484598e+01,2.491975e+01,2.481243e+01,2.474530e+01,2.489293e+01,2.491975e+01,2.491305e+01,2.485940e+01,2.495997e+01,2.491975e+01,2.487952e+01,2.477216e+01,2.477887e+01,2.481914e+01,2.481914e+01,2.481914e+01,2.475873e+01,2.483256e+01,2.471844e+01,2.479901e+01,2.479901e+01,2.477887e+01,2.467141e+01,2.465796e+01,2.477216e+01,2.472515e+01,2.474530e+01,2.462436e+01,2.467141e+01,2.465124e+01,2.472515e+01,2.461763e+01,2.481243e+01,2.468484e+01,2.467141e+01,2.463780e+01,2.461091e+01,2.457728e+01,2.454365e+01,2.454365e+01,2.463108e+01,2.462436e+01,2.462436e+01,2.458401e+01,2.456383e+01,2.457728e+01,2.460419e+01,2.448308e+01,2.452346e+01,2.453692e+01,2.463780e+01,2.468484e+01,2.449654e+01,2.450327e+01,2.453019e+01,2.451000e+01,2.455038e+01,2.449654e+01,2.451000e+01,2.455038e+01,2.444268e+01,2.446961e+01,2.450327e+01,2.453692e+01,2.451673e+01,2.451000e+01,2.458401e+01,2.448981e+01,2.460419e+01,2.454365e+01,2.458401e+01,2.460419e+01,2.463780e+01,2.462436e+01,2.464452e+01,2.452346e+01,2.466469e+01,2.458401e+01,2.470500e+01,2.489964e+01,2.481243e+01,2.492645e+01,2.489293e+01,2.521431e+01,2.558136e+01,2.605993e+01,2.642405e+01,2.676058e+01,2.714201e+01,2.738462e+01,2.750900e+01,2.788125e+01,2.791384e+01,2.817422e+01,2.822622e+01,2.830418e+01,2.850530e+01,2.842749e+01,2.836910e+01,2.857010e+01,2.854418e+01,2.862838e+01,2.858305e+01,2.872546e+01,2.864133e+01,2.860248e+01,2.871899e+01,2.860896e+01,2.859601e+01,2.854418e+01,2.849234e+01,2.840803e+01,2.831717e+01,2.821972e+01,2.808316e+01,2.789429e+01,2.797899e+01,2.810268e+01,2.808967e+01,2.861543e+01,2.842749e+01,2.882890e+01,2.882890e+01,2.880305e+01,2.884183e+01,2.890642e+01,2.894516e+01,2.902905e+01,2.886121e+01,2.900970e+01,2.893871e+01,2.902905e+01,2.889351e+01,2.888705e+01,2.877719e+01,2.887413e+01,2.883537e+01,2.886767e+01,2.882890e+01,2.891288e+01,2.886121e+01,2.875779e+01,2.871252e+01,2.870605e+01,2.860896e+01,2.853122e+01,2.851826e+01,2.851826e+01,2.831067e+01,2.834313e+01,2.830418e+01,2.834313e+01,2.844695e+01,2.849882e+01,2.852474e+01,2.856362e+01,2.857010e+01,2.841452e+01,2.855066e+01,2.851826e+01,2.853122e+01,2.842749e+01,2.842749e+01,2.841452e+01,2.842749e+01,2.836261e+01,2.841452e+01,2.841452e+01,2.821323e+01,2.824572e+01,2.807014e+01,2.813520e+01,2.806364e+01,2.785517e+01,2.778341e+01,2.763322e+01,2.747628e+01,2.716826e+01,2.692516e+01,2.645709e+01,2.604004e+01,2.568124e+01,2.533458e+01,2.510730e+01,2.468484e+01,2.475201e+01,2.479230e+01,2.472515e+01,2.479230e+01,2.477887e+01,2.481914e+01,2.487952e+01,2.485269e+01,2.479230e+01,2.483927e+01,2.481243e+01,2.490634e+01,2.485269e+01,2.488622e+01,2.487952e+01,2.485940e+01,2.489964e+01,2.484598e+01,2.488622e+01,2.487952e+01,2.488622e+01,2.485269e+01,2.484598e+01,2.488622e+01,2.491975e+01,2.493316e+01,2.497337e+01,2.498677e+01,2.495326e+01,2.499347e+01,2.487952e+01,2.491305e+01,2.495326e+01,2.502696e+01,2.485269e+01,2.489964e+01,2.495997e+01,2.491305e+01,2.499347e+01,2.499347e+01,2.500017e+01,2.503366e+01,2.496667e+01,2.487952e+01,2.495326e+01,2.496667e+01,2.494656e+01,2.496667e+01,2.489964e+01,2.491975e+01,2.506713e+01,2.492645e+01,2.495326e+01,2.500017e+01,2.492645e+01,2.500687e+01,2.500687e+01,2.513406e+01,2.487952e+01,2.495326e+01,2.508722e+01,2.498677e+01,2.500017e+01,2.506713e+01,2.507383e+01,2.496667e+01,2.502696e+01,2.501357e+01,2.501357e+01,2.499347e+01,2.504705e+01,2.506044e+01,2.503366e+01,2.505375e+01,2.508722e+01,2.500687e+01,2.498677e+01,2.494656e+01,2.494656e+01,2.493986e+01,2.511399e+01,2.514075e+01,2.510060e+01,2.511399e+01,2.514744e+01,2.496667e+01,2.509391e+01,2.503366e+01,2.512737e+01,2.504035e+01,2.498677e+01,2.504035e+01,2.499347e+01,2.504035e+01,2.502696e+01,2.507383e+01,2.510730e+01,2.501357e+01,2.509391e+01,2.503366e+01,2.508052e+01,2.517419e+01,2.507383e+01,2.509391e+01,2.511399e+01,2.511399e+01,2.511399e+01,2.509391e+01,2.510730e+01,2.510060e+01,2.517419e+01,2.499347e+01,2.508722e+01,2.508722e+01,2.503366e+01,2.504035e+01,2.508052e+01,2.508722e+01,2.504705e+01,2.505375e+01,2.504705e+01,2.504035e+01,2.500017e+01,2.503366e+01,2.502026e+01,2.510730e+01,2.507383e+01,2.511399e+01,2.506044e+01,2.506713e+01,2.510730e+01,2.498677e+01,2.502696e+01,2.511399e+01,2.513406e+01,2.516082e+01,2.509391e+01,2.508722e+01,2.508052e+01,2.506713e+01,2.510730e+01,2.516751e+01,2.518757e+01,2.517419e+01,2.506713e+01,2.516751e+01,2.515413e+01,2.516751e+01,2.518757e+01,2.519426e+01,2.515413e+01,2.520094e+01,2.518757e+01,2.521431e+01,2.524773e+01,2.513406e+01,2.524105e+01,2.507383e+01,2.518757e+01,2.524773e+01,2.522768e+01,2.526110e+01,2.516082e+01,2.525442e+01,2.514075e+01,2.516082e+01,2.511399e+01,2.512068e+01,2.512068e+01,2.513406e+01,2.521431e+01,2.512068e+01,2.522100e+01,2.508052e+01,2.522768e+01,2.518757e+01,2.507383e+01,2.509391e+01,2.511399e+01,2.525442e+01,2.529451e+01,2.515413e+01,2.520763e+01,2.512737e+01,2.521431e+01,2.515413e+01,2.523437e+01,2.522768e+01,2.522768e+01,2.510060e+01,2.521431e+01,2.538131e+01,2.512068e+01,2.514075e+01,2.527446e+01,2.527446e+01,2.524105e+01,2.508052e+01,2.518088e+01,2.514744e+01,2.523437e+01,2.520094e+01,2.521431e+01,2.528115e+01,2.524105e+01,2.524105e+01,2.524105e+01,2.532790e+01,2.531454e+01,2.522100e+01,2.517419e+01,2.531454e+01,2.507383e+01,2.524105e+01,2.513406e+01,2.521431e+01,2.521431e+01,2.514744e+01,2.517419e+01,2.502026e+01,2.516751e+01,2.498007e+01,2.518757e+01,2.513406e+01,2.514744e+01,2.515413e+01,2.504035e+01,2.522768e+01,2.507383e+01,2.504705e+01,2.517419e+01,2.518088e+01,2.508722e+01,2.507383e+01,2.516751e+01,2.511399e+01,2.514744e+01,2.508722e+01,2.506713e+01,2.513406e+01,2.508052e+01,2.512068e+01,2.500687e+01,2.512068e+01,2.510730e+01,2.491975e+01,2.511399e+01,2.495326e+01,2.495997e+01,2.498677e+01,2.480572e+01,2.475201e+01,2.444268e+01,2.405809e+01,2.391604e+01,2.386865e+01,2.387542e+01,2.351590e+01,2.356346e+01,2.346153e+01,2.357704e+01,2.370599e+01,2.409188e+01,2.442921e+01,2.466469e+01,2.467813e+01,2.485940e+01,2.484598e+01,2.487952e+01,2.495997e+01,2.504035e+01,2.502696e+01,2.512068e+01,2.513406e+01,2.514744e+01,2.504035e+01,2.506713e+01,2.504035e+01,2.520094e+01,2.509391e+01,2.517419e+01,2.514075e+01,2.514744e+01,2.506044e+01,2.522768e+01,2.500687e+01,2.524105e+01,2.512068e+01,2.506044e+01,2.515413e+01,2.513406e+01,2.508052e+01,2.518757e+01,2.514075e+01,2.510060e+01,2.500687e+01,2.512737e+01,2.506713e+01,2.509391e+01,2.510730e+01,2.508052e+01,2.508722e+01,2.518088e+01,2.484598e+01,2.499347e+01,2.510060e+01,2.488622e+01,2.504705e+01,2.512737e+01,2.500017e+01,2.494656e+01,2.504035e+01,2.510060e+01,2.504705e+01,2.500687e+01,2.494656e+01,2.502026e+01,2.498677e+01,2.499347e+01,2.494656e+01,2.504035e+01,2.507383e+01,2.504035e+01,2.499347e+01,2.500017e+01,2.505375e+01,2.500017e+01,2.508722e+01,2.490634e+01,2.509391e+01,2.497337e+01,2.505375e+01,2.498677e+01,2.497337e+01,2.498677e+01,2.495997e+01,2.500017e+01,2.514075e+01,2.487281e+01,2.499347e+01,2.511399e+01,2.508722e+01,2.493316e+01,2.493316e+01,2.491975e+01,2.491975e+01,2.496667e+01,2.489964e+01,2.503366e+01,2.491305e+01,2.497337e+01,2.486610e+01,2.495326e+01,2.479901e+01,2.484598e+01,2.480572e+01,2.504705e+01,2.483256e+01,2.492645e+01,2.493316e+01,2.482585e+01
2.461091e+01,2.465124e+01,2.458401e+01,2.453692e+01,2.452346e+01,2.451673e+01,2.457728e+01,2.469156e+01,2.467141e+01,2.465796e+01,2.464452e+01,2.462436e+01,2.477887e+01,2.466469e+01,2.453019e+01,2.459073e+01,2.463108e+01,2.476544e+01,2.480572e+01,2.483256e+01,2.483256e+01,2.481243e+01,2.472515e+01,2.472515e+01,2.461763e+01,2.473187e+01,2.476544e+01,2.476544e+01,2.493316e+01,2.484598e+01,2.470500e+01,2.498007e+01,2.477887e+01,2.479901e+01,2.479230e+01,2.483927e+01,2.481243e+01,2.483256e+01,2.490634e+01,2.484598e+01,2.495997e+01,2.495997e+01,2.493316e+01,2.490634e+01,2.488622e+01,2.487281e+01,2.488622e+01,2.493986e+01,2.487281e+01,2.507383e+01,2.491975e+01,2.496667e+01,2.490634e+01,2.491975e+01,2.491975e+01,2.500017e+01,2.494656e+01,2.485940e+01,2.505375e+01,2.487952e+01,2.489964e+01,2.495997e+01,2.500017e+01,2.490634e+01,2.481914e+01,2.488622e+01,2.489964e+01,2.487281e+01,2.489964e+01,2.479901e+01,2.493316e+01,2.489293e+01,2.483927e+01,2.487281e+01,2.486610e+01,2.489293e+01,2.478558e+01,2.473858e+01,2.488622e+01,2.497337e+01,2.497337e+01,2.493316e+01,2.494656e+01,2.478558e+01,2.478558e+01,2.494656e+01,2.485269e+01,2.485940e+01,2.489293e+01,2.475873e+01,2.486610e+01,2.493316e+01,2.486610e+01,2.485269e+01,2.481914e+01,2.483256e+01,2.489964e+01,2.481243e+01,2.493986e+01,2.477887e+01,2.492645e+01,2.490634e+01,2.476544e+01,2.483927e+01,2.482585e+01,2.489964e+01,2.487281e+01,2.480572e+01,2.477887e+01,2.487952e+01,2.487952e+01,2.481914e+01,2.477216e+01,2.472515e+01,2.478558e+01,2.477216e+01,2.475201e+01,2.473187e+01,2.471844e+01,2.477887e+01,2.477887e+01,2.477216e+01,2.484598e+01,2.477216e+01,2.475201e+01,2.470500e+01,2.464452e+01,2.465124e+01,2.474530e+01,2.457728e+01,2.457728e+01,2.453019e+01,2.462436e+01,2.455710e+01,2.477216e+01,2.457728e+01,2.461763e+01,2.452346e+01,2.456383e+01,2.474530e+01,2.451673e+01,2.474530e+01,2.452346e+01,2.448981e+01,2.445614e+01,2.459746e+01,2.449654e+01,2.459746e+01,2.451000e+01,2.449654e+01,2.459746e+01,2.459073e+01,2.442921e+01,2.441573e+01,2.446288e+01,2.449654e+01,2.450327e+01,2.438205e+01,2.458401e+01,2.453692e+01,2.450327e+01,2.448981e+01,2.467813e+01,2.459073e+01,2.457056e+01,2.465796e+01,2.449654e+01,2.459746e+01,2.458401e+01,2.455710e+01,2.459073e+01,2.460419e+01,2.466469e+01,2.471172e+01,2.471172e+01,2.489964e+01,2.493316e+01,2.516082e+01,2.556137e+01,2.616599e+01,2.631826e+01,2.679352e+01,2.712888e+01,2.735842e+01,2.750245e+01,2.795294e+01,2.798551e+01,2.812220e+01,2.823922e+01,2.830418e+01,2.834313e+01,2.853770e+01,2.867369e+01,2.855714e+01,2.860896e+01,2.856362e+01,2.857010e+01,2.873192e+01,2.870605e+01,2.863486e+01,2.859601e+01,2.860248e+01,2.858305e+01,2.858305e+01,2.840803e+01,2.839505e+01,2.847289e+01,2.832366e+01,2.816772e+01,2.789429e+01,2.809617e+01,2.808316e+01,2.827820e+01,2.830418e+01,2.856362e+01,2.863486e+01,2.883537e+01,2.884829e+01,2.898389e+01,2.901615e+01,2.901615e+01,2.895807e+01,2.889997e+01,2.897744e+01,2.893225e+01,2.890642e+01,2.892580e+01,2.897098e+01,2.890642e+01,2.889997e+01,2.883537e+01,2.877719e+01,2.887413e+01,2.878366e+01,2.869311e+01,2.879659e+01,2.865428e+01,2.864780e+01,2.850530e+01,2.842749e+01,2.838208e+01,2.829119e+01,2.820673e+01,2.810919e+01,2.831067e+01,2.831717e+01,2.833664e+01,2.836261e+01,2.851178e+01,2.841452e+01,2.855066e+01,2.843398e+01,2.860248e+01,2.846640e+01,2.849234e+01,2.838857e+01,2.844046e+01,2.838857e+01,2.846640e+01,2.844695e+01,2.844695e+01,2.834313e+01,2.827170e+01,2.825871e+01,2.823272e+01,2.801156e+01,2.789429e+01,2.786821e+01,2.797248e+01,2.756786e+01,2.744355e+01,2.693831e+01,2.682644e+01,2.644388e+01,2.598696e+01,2.553472e+01,2.540801e+01,2.483927e+01,2.475873e+01,2.467141e+01,2.477216e+01,2.467813e+01,2.471172e+01,2.471844e+01,2.473187e+01,2.475873e+01,2.480572e+01,2.481243e+01,2.483927e+01,2.484598e+01,2.482585e+01,2.485940e+01,2.487281e+01,2.482585e+01,2.481243e+01,2.481914e+01,2.495997e+01,2.489293e+01,2.491305e+01,2.483256e+01,2.495326e+01,2.488622e+01,2.485269e+01,2.491975e+01,2.489964e+01,2.488622e+01,2.494656e+01,2.493316e+01,2.494656e+01,2.499347e+01,2.493986e+01,2.491305e+01,2.500687e+01,2.498677e+01,2.485940e+01,2.496667e+01,2.490634e+01,2.498677e+01,2.500017e+01,2.496667e+01,2.492645e+01,2.497337e+01,2.487952e+01,2.489964e+01,2.494656e+01,2.504705e+01,2.501357e+01,2.499347e+01,2.483927e+01,2.495326e+01,2.492645e+01,2.493986e+01,2.498007e+01,2.498677e+01,2.498677e+01,2.492645e+01,2.498007e+01,2.498007e+01,2.495997e+01,2.492645e+01,2.512737e+01,2.492645e+01,2.503366e+01,2.489293e+01,2.506044e+01,2.497337e+01,2.509391e+01,2.505375e+01,2.498007e+01,2.504035e+01,2.498677e+01,2.498677e+01,2.501357e+01,2.503366e+01,2.498677e+01,2.501357e+01,2.493316e+01,2.510060e+01,2.498007e+01,2.494656e+01,2.512068e+01,2.508052e+01,2.521431e+01,2.496667e+01,2.506713e+01,2.500017e+01,2.503366e+01,2.506713e+01,2.506044e+01,2.504705e+01,2.489964e+01,2.500687e+01,2.508052e+01,2.510730e+01,2.506044e+01,2.508722e+01,2.511399e+01,2.503366e+01,2.508722e+01,2.504035e+01,2.503366e+01,2.504035e+01,2.507383e+01,2.508722e+01,2.504035e+01,2.503366e+01,2.497337e+01,2.504705e+01,2.500687e+01,2.506044e+01,2.503366e+01,2.503366e+01,2.500687e+01,2.502026e+01,2.502696e+01,2.491305e+01,2.498007e+01,2.509391e+01,2.512068e+01,2.502696e+01,2.501357e+01,2.504705e+01,2.502026e+01,2.514744e+01,2.502026e+01,2.528115e+01,2.504035e+01,2.504035e+01,2.503366e+01,2.509391e+01,2.510730e+01,2.510730e+01,2.510060e+01,2.498677e+01,2.502696e+01,2.510730e+01,2.504705e+01,2.526110e+01,2.507383e+01,2.521431e+01,2.518757e+01,2.519426e+01,2.517419e+01,2.526778e+01,2.521431e+01,2.516082e+01,2.511399e+01,2.516751e+01,2.510060e+01,2.507383e+01,2.503366e+01,2.498677e+01,2.528115e+01,2.514744e+01,2.516082e+01,2.520763e+01,2.513406e+01,2.516751e+01,2.520094e+01,2.516751e+01,2.516082e+01,2.524105e+01,2.517419e+01,2.511399e+01,2.527446e+01,2.512737e+01,2.506044e+01,2.511399e+01,2.514075e+01,2.512737e+01,2.516751e+01,2.515413e+01,2.516082e+01,2.519426e+01,2.512737e+01,2.513406e+01,2.510730e+01,2.517419e+01,2.522768e+01,2.504705e+01,2.521431e+01,2.530119e+01,2.524773e+01,2.511399e+01,2.518088e+01,2.523437e+01,2.522100e+01,2.522768e+01,2.520763e+01,2.522100e+01,2.515413e+01,2.518088e+01,2.522768e+01,2.513406e+01,2.516751e+01,2.526110e+01,2.529451e+01,2.525442e+01,2.522100e+01,2.514744e+01,2.522100e+01,2.524105e+01,2.520763e+01,2.516082e+01,2.518757e+01,2.523437e+01,2.518088e+01,2.515413e+01,2.522100e+01,2.520094e+01,2.534126e+01,2.535461e+01,2.518757e+01,2.514744e+01,2.530787e+01,2.513406e+01,2.517419e+01,2.518088e+01,2.518757e+01,2.523437e+01,2.500687e+01,2.510730e+01,2.518088e+01,2.499347e+01,2.514075e+01,2.503366e+01,2.506713e+01,2.512068e+01,2.508722e+01,2.510730e+01,2.518757e+01,2.518088e+01,2.517419e+01,2.511399e+01,2.512737e+01,2.512068e+01,2.516751e+01,2.503366e+01,2.490634e+01,2.504035e+01,2.512737e+01,2.495997e+01,2.509391e+01,2.506713e+01,2.507383e+01,2.500687e+01,2.509391e+01,2.511399e+01,2.493316e+01,2.458401e+01,2.444941e+01,2.426068e+01,2.417969e+01,2.388896e+01,2.384155e+01,2.382801e+01,2.364493e+01,2.356346e+01,2.357704e+01,2.361778e+01,2.388219e+01,2.409188e+01,2.443594e+01,2.459073e+01,2.465796e+01,2.498007e+01,2.504705e+01,2.498007e+01,2.508722e+01,2.500687e+01,2.503366e+01,2.511399e+01,2.507383e+01,2.500017e+01,2.504705e+01,2.503366e+01,2.511399e+01,2.518088e+01,2.504705e+01,2.514075e+01,2.510730e+01,2.500017e+01,2.510060e+01,2.528115e+01,2.502696e+01,2.505375e+01,2.507383e+01,2.514075e+01,2.518088e+01,2.512737e+01,2.504705e+01,2.516751e+01,2.511399e+01,2.514075e+01,2.513406e+01,2.511399e+01,2.504705e+01,2.506713e+01,2.506044e+01,2.513406e+01,2.498677e+01,2.498677e+01,2.501357e+01,2.505375e+01,2.503366e+01,2.516751e+01,2.505375e+01,2.500017e+01,2.498007e+01,2.499347e+01,2.493986e+01,2.515413e+01,2.493986e+01,2.498007e+01,2.500687e+01,2.491305e+01,2.497337e+01,2.492645e+01,2.509391e+01,2.502026e+01,2.506713e+01,2.500017e+01,2.504705e+01,2.503366e+01,2.503366e+01,2.508722e+01,2.500017e+01,2.494656e+01,2.496667e+01,2.502696e+01,2.512737e+01,2.495326e+01,2.504705e+01,2.498677e+01,2.502696e+01,2.501357e+01,2.493986e+01,2.512737e+01,2.492645e+01,2.502026e+01,2.500017e+01,2.493986e+01,2.490634e+01,2.487281e+01,2.489293e+01,2.486610e+01,2.497337e+01,2.491975e+01,2.488622e+01,2.487952e+01,2.487281e+01,2.491305e+01,2.477887e+01,2.483256e+01,2.500687e+01,2.483256e+01,2.476544e+01,2.484598e+01,2.482585e+01,2.481914e+01
2.463108e+01,2.462436e+01,2.453692e+01,2.453692e+01,2.457056e+01,2.451673e+01,2.459746e+01,2.450327e+01,2.461763e+01,2.466469e+01,2.465124e+01,2.453692e+01,2.469828e+01,2.469828e+01,2.466469e+01,2.453692e+01,2.476544e+01,2.466469e+01,2.482585e+01,2.464452e+01,2.474530e+01,2.484598e+01,2.479901e+01,2.471172e+01,2.473187e+01,2.465124e+01,2.477887e+01,2.478558e+01,2.476544e+01,2.469156e+01,2.478558e+01,2.478558e+01,2.490634e+01,2.485269e+01,2.480572e+01,2.477887e+01,2.470500e+01,2.496667e+01,2.498677e+01,2.483927e+01,2.485940e+01,2.495997e+01,2.493986e+01,2.490634e+01,2.490634e+01,2.479901e+01,2.490634e+01,2.475201e+01,2.481243e+01,2.481914e+01,2.500017e+01,2.476544e+01,2.491975e+01,2.494656e+01,2.492645e+01,2.489293e+01,2.491305e+01,2.481914e+01,2.489293e+01,2.470500e+01,2.498677e+01,2.500017e+01,2.498007e+01,2.485940e+01,2.490634e+01,2.491975e+01,2.491975e+01,2.492645e+01,2.490634e+01,2.490634e+01,2.489293e+01,2.480572e+01,2.488622e+01,2.489964e+01,2.488622e+01,2.481243e+01,2.493316e+01,2.485269e+01,2.498007e+01,2.499347e+01,2.488622e+01,2.485269e+01,2.497337e+01,2.487281e+01,2.492645e+01,2.479901e+01,2.485269e+01,2.483927e+01,2.491305e+01,2.490634e+01,2.492645e+01,2.485269e+01,2.483927e+01,2.499347e+01,2.483256e+01,2.483256e+01,2.483927e+01,2.468484e+01,2.490634e+01,2.479230e+01,2.489293e+01,2.482585e+01,2.484598e+01,2.477887e+01,2.477216e+01,2.478558e+01,2.479901e+01,2.492645e+01,2.479230e+01,2.461091e+01,2.485940e+01,2.475201e+01,2.487281e+01,2.473858e+01,2.480572e+01,2.475873e+01,2.473858e+01,2.477887e+01,2.476544e+01,2.466469e+01,2.477216e+01,2.472515e+01,2.474530e+01,2.473187e+01,2.464452e+01,2.478558e+01,2.468484e+01,2.463108e+01,2.463780e+01,2.449654e+01,2.461091e+01,2.453692e+01,2.457056e+01,2.448981e+01,2.459746e+01,2.453692e+01,2.463780e+01,2.462436e+01,2.463780e+01,2.460419e+01,2.451673e+01,2.459746e+01,2.459073e+01,2.455038e+01,2.455710e+01,2.455038e+01,2.453019e+01,2.453692e+01,2.449654e+01,2.455710e+01,2.448981e+01,2.450327e+01,2.443594e+01,2.444268e+01,2.458401e+01,2.456383e+01,2.457056e+01,2.455038e+01,2.459746e+01,2.454365e+01,2.453692e+01,2.446288e+01,2.444268e+01,2.443594e+01,2.448981e+01,2.453019e+01,2.461091e+01,2.467141e+01,2.452346e+01,2.444941e+01,2.460419e+01,2.456383e+01,2.463780e+01,2.463108e+01,2.468484e+01,2.483927e+01,2.489964e+01,2.516751e+01,2.555471e+01,2.592057e+01,2.636456e+01,2.669468e+01,2.712231e+01,2.745665e+01,2.752208e+01,2.787473e+01,2.785517e+01,2.804411e+01,2.825871e+01,2.833015e+01,2.845992e+01,2.849234e+01,2.855714e+01,2.860248e+01,2.862838e+01,2.868017e+01,2.868664e+01,2.863486e+01,2.859601e+01,2.864133e+01,2.858953e+01,2.847937e+01,2.857010e+01,2.860896e+01,2.845992e+01,2.823272e+01,2.830418e+01,2.824572e+01,2.817422e+01,2.802458e+01,2.804411e+01,2.803760e+01,2.822622e+01,2.828469e+01,2.850530e+01,2.881598e+01,2.878366e+01,2.883537e+01,2.895162e+01,2.897744e+01,2.880951e+01,2.895807e+01,2.892580e+01,2.893225e+01,2.886121e+01,2.889997e+01,2.894516e+01,2.888705e+01,2.889351e+01,2.884829e+01,2.895162e+01,2.893225e+01,2.881598e+01,2.886767e+01,2.877719e+01,2.879012e+01,2.872546e+01,2.865428e+01,2.842749e+01,2.847937e+01,2.833015e+01,2.829768e+01,2.833015e+01,2.818723e+01,2.823922e+01,2.833015e+01,2.831067e+01,2.847289e+01,2.848585e+01,2.846640e+01,2.845992e+01,2.853770e+01,2.859601e+01,2.847937e+01,2.851826e+01,2.841452e+01,2.843398e+01,2.847289e+01,2.845992e+01,2.847289e+01,2.830418e+01,2.843398e+01,2.819373e+01,2.816772e+01,2.813520e+01,2.807665e+01,2.792036e+01,2.799853e+01,2.778994e+01,2.766589e+01,2.745665e+01,2.724699e+01,2.685277e+01,2.644388e+01,2.608646e+01,2.578103e+01,2.514075e+01,2.496667e+01,2.477887e+01,2.469828e+01,2.467813e+01,2.465124e+01,2.470500e+01,2.474530e+01,2.475201e+01,2.479901e+01,2.484598e+01,2.487952e+01,2.485940e+01,2.488622e+01,2.486610e+01,2.483256e+01,2.470500e+01,2.482585e+01,2.480572e+01,2.482585e+01,2.485269e+01,2.481914e+01,2.488622e+01,2.479230e+01,2.486610e+01,2.490634e+01,2.484598e+01,2.482585e+01,2.493316e+01,2.492645e+01,2.493316e+01,2.508052e+01,2.491975e+01,2.488622e+01,2.490634e+01,2.498677e+01,2.497337e+01,2.495997e+01,2.496667e+01,2.480572e+01,2.502696e+01,2.498677e+01,2.490634e+01,2.502696e+01,2.491305e+01,2.489293e+01,2.483927e+01,2.496667e+01,2.486610e+01,2.494656e+01,2.482585e+01,2.491975e+01,2.496667e+01,2.491975e+01,2.489964e+01,2.494656e+01,2.493316e+01,2.497337e+01,2.502026e+01,2.497337e+01,2.487952e+01,2.491305e+01,2.489964e+01,2.504035e+01,2.504705e+01,2.495326e+01,2.488622e+01,2.506713e+01,2.506044e+01,2.500687e+01,2.491975e+01,2.499347e+01,2.500687e+01,2.501357e+01,2.504705e+01,2.496667e+01,2.508052e+01,2.496667e+01,2.505375e+01,2.495997e+01,2.495326e+01,2.491975e+01,2.504035e+01,2.496667e+01,2.504705e+01,2.498677e+01,2.504705e+01,2.497337e+01,2.499347e+01,2.507383e+01,2.506044e+01,2.510730e+01,2.510060e+01,2.503366e+01,2.501357e+01,2.504705e+01,2.503366e+01,2.510730e+01,2.497337e+01,2.512068e+01,2.498677e+01,2.500687e+01,2.504705e+01,2.508052e+01,2.499347e+01,2.504705e+01,2.506713e+01,2.508722e+01,2.485940e+01,2.512068e+01,2.504035e+01,2.506713e+01,2.500017e+01,2.506044e+01,2.501357e+01,2.497337e+01,2.507383e+01,2.510060e+01,2.500017e+01,2.510730e+01,2.502696e+01,2.508052e+01,2.506044e+01,2.506044e+01,2.506044e+01,2.502026e+01,2.508052e+01,2.506044e+01,2.491305e+01,2.502696e+01,2.500687e+01,2.503366e+01,2.512737e+01,2.503366e+01,2.511399e+01,2.508722e+01,2.509391e+01,2.509391e+01,2.508722e+01,2.513406e+01,2.512068e+01,2.515413e+01,2.507383e+01,2.512737e+01,2.506713e+01,2.516751e+01,2.506713e+01,2.507383e+01,2.508052e+01,2.502696e+01,2.517419e+01,2.512737e+01,2.514744e+01,2.514075e+01,2.513406e+01,2.514744e+01,2.512737e+01,2.512068e+01,2.507383e+01,2.510060e+01,2.520763e+01,2.522100e+01,2.520763e+01,2.510730e+01,2.523437e+01,2.518757e+01,2.510060e+01,2.510060e+01,2.514075e+01,2.514075e+01,2.511399e+01,2.514744e+01,2.502696e+01,2.514744e+01,2.514744e+01,2.517419e+01,2.520763e+01,2.516082e+01,2.512737e+01,2.514075e+01,2.516751e+01,2.509391e+01,2.509391e+01,2.502696e+01,2.520763e+01,2.522100e+01,2.518088e+01,2.524105e+01,2.524105e+01,2.520094e+01,2.508722e+01,2.516082e+01,2.520094e+01,2.520763e+01,2.514744e+01,2.515413e+01,2.518088e+01,2.504705e+01,2.527446e+01,2.513406e+01,2.526778e+01,2.515413e+01,2.514744e+01,2.525442e+01,2.514744e+01,2.526778e+01,2.504035e+01,2.510730e+01,2.519426e+01,2.518757e+01,2.515413e+01,2.517419e+01,2.532122e+01,2.521431e+01,2.518757e+01,2.519426e+01,2.512068e+01,2.518757e+01,2.512737e+01,2.518088e+01,2.528782e+01,2.534126e+01,2.518757e+01,2.512068e+01,2.515413e+01,2.511399e+01,2.495326e+01,2.504705e+01,2.515413e+01,2.500687e+01,2.506713e+01,2.504705e+01,2.526110e+01,2.500017e+01,2.502696e+01,2.510060e+01,2.511399e+01,2.513406e+01,2.512068e+01,2.502696e+01,2.508722e+01,2.497337e+01,2.500687e+01,2.504705e+01,2.512737e+01,2.506713e+01,2.496667e+01,2.504705e+01,2.519426e+01,2.502696e+01,2.512737e+01,2.510730e+01,2.491305e+01,2.477216e+01,2.446288e+01,2.417969e+01,2.397018e+01,2.384155e+01,2.365172e+01,2.354987e+01,2.359741e+01,2.357704e+01,2.356346e+01,2.384155e+01,2.404457e+01,2.430790e+01,2.431464e+01,2.470500e+01,2.465124e+01,2.466469e+01,2.487281e+01,2.490634e+01,2.500017e+01,2.505375e+01,2.512068e+01,2.510730e+01,2.501357e+01,2.508722e+01,2.508052e+01,2.504705e+01,2.506044e+01,2.504705e+01,2.514744e+01,2.496667e+01,2.507383e+01,2.506713e+01,2.518088e+01,2.504035e+01,2.502696e+01,2.500687e+01,2.514075e+01,2.504035e+01,2.509391e+01,2.502026e+01,2.506713e+01,2.506713e+01,2.505375e+01,2.504035e+01,2.506713e+01,2.508722e+01,2.504705e+01,2.505375e+01,2.500687e+01,2.493316e+01,2.492645e+01,2.511399e+01,2.523437e+01,2.504705e+01,2.508052e+01,2.500687e+01,2.491975e+01,2.504705e+01,2.493316e+01,2.495326e+01,2.491975e+01,2.512068e+01,2.497337e+01,2.499347e+01,2.502026e+01,2.485940e+01,2.504035e+01,2.490634e+01,2.493316e+01,2.492645e+01,2.487281e+01,2.502696e+01,2.489964e+01,2.491975e+01,2.491975e+01,2.488622e+01,2.500017e+01,2.523437e+01,2.494656e+01,2.497337e+01,2.498007e+01,2.499347e+01,2.495997e+01,2.499347e+01,2.502026e+01,2.497337e+01,2.502026e+01,2.506044e+01,2.500017e+01,2.503366e+01,2.494656e+01,2.495997e+01,2.494656e+01,2.483927e+01,2.481243e+01,2.503366e+01,2.486610e+01,2.498677e+01,2.487952e+01,2.481914e+01,2.490634e+01,2.479901e+01,2.489964e+01,2.487952e+01,2.483927e+01,2.483256e+01,2.486610e+01,2.487281e+01,2.481243e+01,2.481914e+01
2.465124e+01,2.463780e+01,2.459746e+01,2.450327e+01,2.453019e+01,2.464452e+01,2.464452e+01,2.459746e+01,2.471172e+01,2.468484e+01,2.465796e+01,2.469828e+01,2.467141e+01,2.455038e+01,2.456383e+01,2.471844e+01,2.475201e+01,2.478558e+01,2.458401e+01,2.461091e+01,2.466469e+01,2.465796e+01,2.462436e+01,2.482585e+01,2.481243e+01,2.473858e+01,2.475873e+01,2.483256e+01,2.473858e+01,2.471172e+01,2.478558e+01,2.497337e+01,2.481243e+01,2.470500e+01,2.494656e+01,2.487281e+01,2.477216e+01,2.482585e+01,2.495326e+01,2.482585e+01,2.493986e+01,2.485940e+01,2.482585e+01,2.482585e+01,2.485269e+01,2.486610e+01,2.487281e+01,2.487952e+01,2.483256e+01,2.496667e+01,2.487952e+01,2.487952e+01,2.491305e+01,2.516082e+01,2.497337e+01,2.496667e+01,2.491975e+01,2.487952e+01,2.483927e+01,2.488622e+01,2.486610e+01,2.479230e+01,2.487952e+01,2.485269e+01,2.493986e+01,2.489293e+01,2.492645e+01,2.488622e+01,2.493316e+01,2.498677e+01,2.487281e+01,2.486610e+01,2.489293e+01,2.491975e+01,2.500017e+01,2.487952e+01,2.504705e+01,2.485269e+01,2.487952e+01,2.490634e+01,2.493986e+01,2.485269e+01,2.493316e+01,2.483256e+01,2.482585e+01,2.482585e+01,2.477216e+01,2.491975e+01,2.479901e+01,2.479901e+01,2.487281e+01,2.485269e+01,2.498007e+01,2.495326e+01,2.482585e+01,2.485269e+01,2.485269e+01,2.479901e+01,2.479901e+01,2.491305e+01,2.489293e+01,2.474530e+01,2.480572e+01,2.479230e+01,2.477887e+01,2.481914e+01,2.479901e+01,2.472515e+01,2.471172e+01,2.472515e+01,2.480572e+01,2.481914e+01,2.481243e+01,2.475201e+01,2.473858e+01,2.473858e+01,2.486610e+01,2.476544e+01,2.467141e+01,2.478558e+01,2.479901e+01,2.477887e+01,2.468484e+01,2.477887e+01,2.461091e+01,2.472515e+01,2.465124e+01,2.461763e+01,2.462436e+01,2.462436e+01,2.459073e+01,2.464452e+01,2.457728e+01,2.459746e+01,2.459073e+01,2.446288e+01,2.448308e+01,2.463780e+01,2.454365e+01,2.459073e+01,2.462436e+01,2.448308e+01,2.455038e+01,2.457728e+01,2.444941e+01,2.456383e+01,2.463108e+01,2.448308e+01,2.456383e+01,2.457728e+01,2.443594e+01,2.449654e+01,2.444268e+01,2.456383e+01,2.446961e+01,2.459746e+01,2.451673e+01,2.461091e+01,2.453019e+01,2.453692e+01,2.455038e+01,2.452346e+01,2.451673e+01,2.451673e+01,2.455710e+01,2.442921e+01,2.444941e+01,2.455038e+01,2.463108e+01,2.462436e+01,2.451673e+01,2.455710e+01,2.455710e+01,2.465796e+01,2.471844e+01,2.478558e+01,2.499347e+01,2.515413e+01,2.525442e+01,2.584085e+01,2.625870e+01,2.670127e+01,2.707634e+01,2.739772e+01,2.754824e+01,2.777036e+01,2.804411e+01,2.818723e+01,2.820023e+01,2.841452e+01,2.851178e+01,2.846640e+01,2.854418e+01,2.857010e+01,2.857658e+01,2.867369e+01,2.857010e+01,2.872546e+01,2.866075e+01,2.857658e+01,2.857658e+01,2.859601e+01,2.853770e+01,2.866075e+01,2.847289e+01,2.835612e+01,2.845343e+01,2.814821e+01,2.814821e+01,2.808316e+01,2.809617e+01,2.811569e+01,2.814171e+01,2.831717e+01,2.849882e+01,2.864133e+01,2.875779e+01,2.882890e+01,2.897744e+01,2.879659e+01,2.890642e+01,2.880951e+01,2.897744e+01,2.890642e+01,2.892580e+01,2.888705e+01,2.896453e+01,2.889351e+01,2.900970e+01,2.886767e+01,2.891288e+01,2.890642e+01,2.879012e+01,2.897098e+01,2.870605e+01,2.897744e+01,2.873839e+01,2.868664e+01,2.860896e+01,2.842749e+01,2.840803e+01,2.824572e+01,2.817422e+01,2.820023e+01,2.817422e+01,2.829768e+01,2.833015e+01,2.835612e+01,2.848585e+01,2.852474e+01,2.849882e+01,2.851826e+01,2.853122e+01,2.852474e+01,2.842749e+01,2.833015e+01,2.845992e+01,2.847937e+01,2.845343e+01,2.842100e+01,2.843398e+01,2.844046e+01,2.816772e+01,2.818072e+01,2.813520e+01,2.808316e+01,2.785517e+01,2.791384e+01,2.786169e+01,2.764629e+01,2.741737e+01,2.692516e+01,2.683302e+01,2.662874e+01,2.611297e+01,2.584085e+01,2.539466e+01,2.501357e+01,2.465796e+01,2.462436e+01,2.473187e+01,2.469828e+01,2.475873e+01,2.469828e+01,2.477887e+01,2.469828e+01,2.477216e+01,2.482585e+01,2.481914e+01,2.483256e+01,2.487281e+01,2.480572e+01,2.475873e+01,2.480572e+01,2.478558e+01,2.482585e+01,2.481914e+01,2.479901e+01,2.482585e+01,2.495326e+01,2.493986e+01,2.481243e+01,2.489293e+01,2.491975e+01,2.490634e+01,2.498007e+01,2.493316e+01,2.489293e+01,2.492645e+01,2.495326e+01,2.491975e+01,2.501357e+01,2.481914e+01,2.479901e+01,2.485940e+01,2.499347e+01,2.489964e+01,2.491305e+01,2.503366e+01,2.493316e+01,2.495326e+01,2.494656e+01,2.495326e+01,2.493986e+01,2.491975e+01,2.491305e+01,2.493986e+01,2.500687e+01,2.493316e+01,2.487281e+01,2.495997e+01,2.493316e+01,2.499347e+01,2.492645e+01,2.495326e+01,2.492645e+01,2.495997e+01,2.500687e+01,2.495326e+01,2.506713e+01,2.500017e+01,2.495997e+01,2.506713e+01,2.501357e+01,2.493986e+01,2.508052e+01,2.500687e+01,2.506044e+01,2.507383e+01,2.508722e+01,2.494656e+01,2.497337e+01,2.500687e+01,2.516082e+01,2.503366e+01,2.489293e+01,2.510060e+01,2.502696e+01,2.511399e+01,2.501357e+01,2.509391e+01,2.506713e+01,2.495997e+01,2.498007e+01,2.499347e+01,2.494656e+01,2.510060e+01,2.504705e+01,2.502696e+01,2.504035e+01,2.500687e+01,2.507383e+01,2.505375e+01,2.510730e+01,2.496667e+01,2.496667e+01,2.514744e+01,2.512068e+01,2.498677e+01,2.501357e+01,2.502696e+01,2.508052e+01,2.510730e+01,2.504705e+01,2.510730e+01,2.516751e+01,2.487952e+01,2.505375e+01,2.506713e+01,2.502696e+01,2.508722e+01,2.495997e+01,2.501357e+01,2.498007e+01,2.500017e+01,2.498007e+01,2.502696e+01,2.510730e+01,2.508052e+01,2.504705e+01,2.492645e+01,2.497337e+01,2.512737e+01,2.508722e+01,2.506713e+01,2.513406e+01,2.504705e+01,2.502696e+01,2.511399e+01,2.509391e+01,2.506044e+01,2.497337e+01,2.510730e+01,2.509391e+01,2.518757e+01,2.512068e+01,2.514744e+01,2.520094e+01,2.490634e+01,2.514075e+01,2.517419e+01,2.518757e+01,2.503366e+01,2.518757e+01,2.512737e+01,2.521431e+01,2.504035e+01,2.510060e+01,2.520094e+01,2.502696e+01,2.510060e+01,2.503366e+01,2.498677e+01,2.519426e+01,2.514075e+01,2.519426e+01,2.519426e+01,2.521431e+01,2.521431e+01,2.517419e+01,2.520094e+01,2.508722e+01,2.510730e+01,2.534126e+01,2.512068e+01,2.507383e+01,2.513406e+01,2.513406e+01,2.504705e+01,2.522100e+01,2.514075e+01,2.515413e+01,2.515413e+01,2.524773e+01,2.520763e+01,2.518757e+01,2.517419e+01,2.516082e+01,2.506713e+01,2.517419e+01,2.518088e+01,2.514075e+01,2.522768e+01,2.517419e+01,2.510730e+01,2.510730e+01,2.528115e+01,2.531454e+01,2.521431e+01,2.516082e+01,2.516082e+01,2.514075e+01,2.518757e+01,2.514075e+01,2.512737e+01,2.522768e+01,2.524773e+01,2.512737e+01,2.526778e+01,2.514744e+01,2.526778e+01,2.524105e+01,2.525442e+01,2.518088e+01,2.520094e+01,2.517419e+01,2.508722e+01,2.512737e+01,2.519426e+01,2.523437e+01,2.520763e+01,2.523437e+01,2.516751e+01,2.516751e+01,2.510060e+01,2.516082e+01,2.510060e+01,2.508722e+01,2.510730e+01,2.514075e+01,2.512737e+01,2.495326e+01,2.505375e+01,2.522768e+01,2.509391e+01,2.512068e+01,2.498007e+01,2.504705e+01,2.510730e+01,2.502696e+01,2.514075e+01,2.506044e+01,2.510730e+01,2.510730e+01,2.500687e+01,2.513406e+01,2.500017e+01,2.502026e+01,2.505375e+01,2.506044e+01,2.504705e+01,2.504035e+01,2.500017e+01,2.483256e+01,2.506713e+01,2.516751e+01,2.492645e+01,2.486610e+01,2.481914e+01,2.479230e+01,2.430790e+01,2.409864e+01,2.415943e+01,2.375346e+01,2.387542e+01,2.367886e+01,2.354987e+01,2.347513e+01,2.354987e+01,2.382123e+01,2.403781e+01,2.417969e+01,2.454365e+01,2.463780e+01,2.466469e+01,2.493986e+01,2.492645e+01,2.503366e+01,2.506044e+01,2.507383e+01,2.498007e+01,2.498677e+01,2.505375e+01,2.508052e+01,2.508722e+01,2.512068e+01,2.509391e+01,2.506044e+01,2.511399e+01,2.510730e+01,2.508722e+01,2.509391e+01,2.514744e+01,2.507383e+01,2.502026e+01,2.506713e+01,2.503366e+01,2.504705e+01,2.512068e+01,2.512737e+01,2.502026e+01,2.515413e+01,2.498007e+01,2.508052e+01,2.500687e+01,2.500017e+01,2.502696e+01,2.520094e+01,2.506713e+01,2.496667e+01,2.494656e+01,2.496667e+01,2.493986e+01,2.514744e+01,2.495997e+01,2.512737e+01,2.493316e+01,2.494656e+01,2.500017e+01,2.499347e+01,2.493316e+01,2.511399e+01,2.496667e+01,2.501357e+01,2.489293e+01,2.499347e+01,2.498677e+01,2.506044e+01,2.505375e+01,2.500017e+01,2.498677e+01,2.504035e+01,2.492645e+01,2.493986e+01,2.506044e+01,2.504035e+01,2.485940e+01,2.499347e+01,2.473858e+01,2.497337e+01,2.492645e+01,2.494656e+01,2.494656e+01,2.500017e+01,2.501357e+01,2.503366e+01,2.500687e+01,2.489964e+01,2.503366e+01,2.481914e+01,2.491975e+01,2.493986e+01,2.494656e+01,2.489964e+01,2.485269e+01,2.486610e+01,2.486610e+01,2.491975e+01,2.485269e+01,2.481914e+01,2.478558e+01,2.491975e+01,2.481243e+01,2.487952e+01,2.476544e+01,2.471172e+01,2.473187e+01,2.479230e+01,2.475873e+01,2.479901e+01
2.457056e+01,2.465124e+01,2.457728e+01,2.452346e+01,2.455038e+01,2.450327e+01,2.445614e+01,2.451000e+01,2.470500e+01,2.469156e+01,2.462436e+01,2.465796e+01,2.459073e+01,2.462436e+01,2.457728e+01,2.469156e+01,2.457728e+01,2.472515e+01,2.465796e+01,2.476544e+01,2.473858e+01,2.479230e+01,2.463780e+01,2.459746e+01,2.475873e+01,2.471844e+01,2.478558e+01,2.478558e+01,2.473187e+01,2.476544e+01,2.477216e+01,2.475201e+01,2.482585e+01,2.479901e+01,2.486610e+01,2.486610e+01,2.486610e+01,2.498007e+01,2.480572e+01,2.508052e+01,2.504705e+01,2.489293e+01,2.489293e+01,2.486610e+01,2.488622e+01,2.487952e+01,2.502696e+01,2.484598e+01,2.485269e+01,2.474530e+01,2.485269e+01,2.497337e+01,2.494656e+01,2.491305e+01,2.493986e+01,2.487952e+01,2.479230e+01,2.493316e+01,2.491305e+01,2.502696e+01,2.484598e+01,2.485940e+01,2.493316e+01,2.486610e+01,2.485940e+01,2.478558e+01,2.489964e+01,2.488622e+01,2.494656e+01,2.500017e+01,2.484598e+01,2.474530e+01,2.485940e+01,2.479230e+01,2.494656e+01,2.485269e+01,2.482585e+01,2.505375e+01,2.486610e+01,2.481243e+01,2.498677e+01,2.491975e+01,2.493986e+01,2.485940e+01,2.487952e+01,2.487952e+01,2.486610e+01,2.487281e+01,2.478558e+01,2.478558e+01,2.487281e+01,2.483256e+01,2.487281e+01,2.483927e+01,2.494656e+01,2.482585e+01,2.489964e+01,2.475873e+01,2.487952e+01,2.479901e+01,2.485940e+01,2.493316e+01,2.473187e+01,2.475201e+01,2.493986e+01,2.487281e+01,2.481243e+01,2.479901e+01,2.483256e+01,2.485940e+01,2.471844e+01,2.483256e+01,2.475201e+01,2.478558e+01,2.477216e+01,2.479230e+01,2.477887e+01,2.478558e+01,2.477216e+01,2.472515e+01,2.463780e+01,2.473187e+01,2.467813e+01,2.469156e+01,2.474530e+01,2.467141e+01,2.465124e+01,2.473858e+01,2.459073e+01,2.464452e+01,2.445614e+01,2.466469e+01,2.460419e+01,2.461763e+01,2.452346e+01,2.457056e+01,2.477887e+01,2.464452e+01,2.446961e+01,2.462436e+01,2.471844e+01,2.450327e+01,2.453692e+01,2.450327e+01,2.455710e+01,2.456383e+01,2.459073e+01,2.455038e+01,2.455710e+01,2.443594e+01,2.448308e+01,2.451673e+01,2.461091e+01,2.444941e+01,2.444268e+01,2.449654e+01,2.444941e+01,2.450327e+01,2.452346e+01,2.453692e+01,2.445614e+01,2.453019e+01,2.453692e+01,2.455038e+01,2.451673e+01,2.446288e+01,2.458401e+01,2.460419e+01,2.457056e+01,2.446288e+01,2.456383e+01,2.457056e+01,2.452346e+01,2.468484e+01,2.468484e+01,2.496667e+01,2.504035e+01,2.512068e+01,2.544137e+01,2.584085e+01,2.630502e+01,2.668149e+01,2.703692e+01,2.728633e+01,2.756786e+01,2.775078e+01,2.809617e+01,2.824572e+01,2.834313e+01,2.844046e+01,2.860248e+01,2.845992e+01,2.858305e+01,2.864133e+01,2.865428e+01,2.868664e+01,2.869311e+01,2.857658e+01,2.864780e+01,2.863486e+01,2.863486e+01,2.860248e+01,2.864133e+01,2.862191e+01,2.850530e+01,2.836910e+01,2.844695e+01,2.810919e+01,2.806364e+01,2.805713e+01,2.801807e+01,2.814171e+01,2.832366e+01,2.814821e+01,2.853122e+01,2.868017e+01,2.875779e+01,2.866075e+01,2.879012e+01,2.882244e+01,2.903550e+01,2.880951e+01,2.884183e+01,2.893225e+01,2.891288e+01,2.885475e+01,2.882244e+01,2.884829e+01,2.889351e+01,2.895807e+01,2.883537e+01,2.882244e+01,2.893871e+01,2.897744e+01,2.879012e+01,2.877073e+01,2.869958e+01,2.845992e+01,2.844046e+01,2.842749e+01,2.826521e+01,2.818723e+01,2.819373e+01,2.817422e+01,2.817422e+01,2.830418e+01,2.841452e+01,2.842100e+01,2.851178e+01,2.853122e+01,2.851826e+01,2.842749e+01,2.856362e+01,2.854418e+01,2.851826e+01,2.844695e+01,2.847289e+01,2.843398e+01,2.846640e+01,2.844046e+01,2.838208e+01,2.840803e+01,2.815471e+01,2.820673e+01,2.820023e+01,2.805713e+01,2.803760e+01,2.801807e+01,2.758093e+01,2.758093e+01,2.746319e+01,2.697777e+01,2.683302e+01,2.663533e+01,2.615936e+01,2.584085e+01,2.539466e+01,2.516751e+01,2.461763e+01,2.463108e+01,2.461763e+01,2.467813e+01,2.465124e+01,2.479230e+01,2.473858e+01,2.475201e+01,2.479230e+01,2.459073e+01,2.481914e+01,2.481243e+01,2.485269e+01,2.479230e+01,2.477887e+01,2.483256e+01,2.477216e+01,2.482585e+01,2.477216e+01,2.478558e+01,2.484598e+01,2.484598e+01,2.485940e+01,2.479230e+01,2.478558e+01,2.493316e+01,2.479230e+01,2.493986e+01,2.484598e+01,2.493986e+01,2.485940e+01,2.495326e+01,2.492645e+01,2.489293e+01,2.486610e+01,2.490634e+01,2.485940e+01,2.499347e+01,2.495326e+01,2.489964e+01,2.494656e+01,2.488622e+01,2.489293e+01,2.491975e+01,2.482585e+01,2.485940e+01,2.487281e+01,2.491975e+01,2.494656e+01,2.487281e+01,2.483927e+01,2.482585e+01,2.482585e+01,2.495326e+01,2.487952e+01,2.486610e+01,2.486610e+01,2.492645e+01,2.487952e+01,2.500687e+01,2.498007e+01,2.498677e+01,2.507383e+01,2.499347e+01,2.494656e+01,2.496667e+01,2.497337e+01,2.500017e+01,2.493986e+01,2.490634e+01,2.495997e+01,2.504705e+01,2.503366e+01,2.493986e+01,2.493986e+01,2.489293e+01,2.496667e+01,2.500017e+01,2.498007e+01,2.502026e+01,2.497337e+01,2.510060e+01,2.492645e+01,2.501357e+01,2.498007e+01,2.502696e+01,2.500017e+01,2.501357e+01,2.508722e+01,2.499347e+01,2.498007e+01,2.511399e+01,2.498677e+01,2.504035e+01,2.497337e+01,2.495997e+01,2.495326e+01,2.491975e+01,2.512068e+01,2.496667e+01,2.517419e+01,2.506044e+01,2.502696e+01,2.502696e+01,2.511399e+01,2.516751e+01,2.518088e+01,2.495326e+01,2.514744e+01,2.498677e+01,2.494656e+01,2.509391e+01,2.498007e+01,2.497337e+01,2.495997e+01,2.510060e+01,2.494656e+01,2.495326e+01,2.495326e+01,2.495326e+01,2.500017e+01,2.500017e+01,2.507383e+01,2.502026e+01,2.500687e+01,2.498007e+01,2.493316e+01,2.504035e+01,2.507383e+01,2.498007e+01,2.514075e+01,2.501357e+01,2.510060e+01,2.508052e+01,2.507383e+01,2.510060e+01,2.516082e+01,2.510730e+01,2.512068e+01,2.510060e+01,2.531454e+01,2.511399e+01,2.508722e+01,2.520763e+01,2.516082e+01,2.504705e+01,2.508052e+01,2.535461e+01,2.504035e+01,2.512737e+01,2.508052e+01,2.509391e+01,2.510730e+01,2.518088e+01,2.513406e+01,2.511399e+01,2.516751e+01,2.516082e+01,2.523437e+01,2.518757e+01,2.525442e+01,2.518757e+01,2.504035e+01,2.506044e+01,2.502026e+01,2.500687e+01,2.514075e+01,2.513406e+01,2.498007e+01,2.524105e+01,2.502026e+01,2.518088e+01,2.514075e+01,2.514075e+01,2.514075e+01,2.517419e+01,2.516082e+01,2.515413e+01,2.515413e+01,2.514744e+01,2.516082e+01,2.510730e+01,2.518757e+01,2.512737e+01,2.508722e+01,2.520763e+01,2.521431e+01,2.506713e+01,2.507383e+01,2.509391e+01,2.524773e+01,2.506044e+01,2.515413e+01,2.518088e+01,2.512737e+01,2.511399e+01,2.522768e+01,2.514744e+01,2.517419e+01,2.524773e+01,2.501357e+01,2.516082e+01,2.512737e+01,2.522768e+01,2.513406e+01,2.506713e+01,2.519426e+01,2.519426e+01,2.517419e+01,2.518088e+01,2.519426e+01,2.509391e+01,2.502696e+01,2.516751e+01,2.514075e+01,2.512737e+01,2.512068e+01,2.511399e+01,2.510060e+01,2.504705e+01,2.505375e+01,2.503366e+01,2.512068e+01,2.505375e+01,2.515413e+01,2.513406e+01,2.508722e+01,2.503366e+01,2.502026e+01,2.498007e+01,2.502696e+01,2.504035e+01,2.502696e+01,2.507383e+01,2.503366e+01,2.498677e+01,2.502026e+01,2.509391e+01,2.503366e+01,2.500017e+01,2.504705e+01,2.492645e+01,2.502696e+01,2.502026e+01,2.501357e+01,2.491975e+01,2.477887e+01,2.496667e+01,2.489293e+01,2.485940e+01,2.450327e+01,2.430115e+01,2.423369e+01,2.404457e+01,2.403781e+01,2.392281e+01,2.367207e+01,2.368564e+01,2.346833e+01,2.357704e+01,2.371277e+01,2.382801e+01,2.409188e+01,2.452346e+01,2.464452e+01,2.469828e+01,2.470500e+01,2.491305e+01,2.489964e+01,2.498007e+01,2.489964e+01,2.492645e+01,2.506044e+01,2.503366e+01,2.504035e+01,2.510060e+01,2.507383e+01,2.509391e+01,2.508052e+01,2.512737e+01,2.507383e+01,2.512737e+01,2.514744e+01,2.510060e+01,2.504705e+01,2.515413e+01,2.514075e+01,2.510730e+01,2.506713e+01,2.499347e+01,2.505375e+01,2.504035e+01,2.501357e+01,2.514075e+01,2.500687e+01,2.502696e+01,2.505375e+01,2.512737e+01,2.486610e+01,2.513406e+01,2.502026e+01,2.495997e+01,2.498007e+01,2.497337e+01,2.500017e+01,2.494656e+01,2.492645e+01,2.491975e+01,2.500017e+01,2.509391e+01,2.496667e+01,2.491975e+01,2.499347e+01,2.491975e+01,2.497337e+01,2.486610e+01,2.498677e+01,2.493986e+01,2.500687e+01,2.490634e+01,2.495326e+01,2.490634e+01,2.492645e+01,2.489964e+01,2.491305e+01,2.486610e+01,2.490634e+01,2.498007e+01,2.498007e+01,2.504705e+01,2.493986e+01,2.506044e+01,2.477216e+01,2.488622e+01,2.500017e+01,2.479230e+01,2.481914e+01,2.498677e+01,2.498677e+01,2.502696e+01,2.477887e+01,2.491305e+01,2.504035e+01,2.485940e+01,2.491305e+01,2.493316e+01,2.485269e+01,2.485269e+01,2.487281e+01,2.485269e+01,2.483927e+01,2.493986e+01,2.483927e+01,2.481914e+01,2.485269e+01,2.476544e+01,2.488622e+01,2.488622e+01,2.473858e+01,2.475201e+01,2.477216e+01,2.477887e+01
2.459746e+01,2.453019e+01,2.451673e+01,2.455710e+01,2.448308e+01,2.457056e+01,2.457728e+01,2.465124e+01,2.461091e+01,2.444268e+01,2.457056e+01,2.458401e+01,2.465796e+01,2.462436e+01,2.469828e+01,2.458401e+01,2.470500e+01,2.471172e+01,2.472515e+01,2.469828e+01,2.469156e+01,2.462436e+01,2.471172e+01,2.470500e+01,2.481914e+01,2.481914e+01,2.460419e+01,2.478558e+01,2.474530e+01,2.478558e+01,2.481914e+01,2.463108e+01,2.462436e+01,2.469828e+01,2.489964e+01,2.468484e+01,2.471172e+01,2.488622e+01,2.476544e+01,2.484598e+01,2.481914e+01,2.491975e+01,2.477887e+01,2.479901e+01,2.490634e+01,2.496667e+01,2.477216e+01,2.485940e+01,2.489964e+01,2.488622e+01,2.498677e+01,2.495326e+01,2.477887e+01,2.473858e+01,2.504035e+01,2.498007e+01,2.488622e+01,2.483256e+01,2.500017e+01,2.483927e+01,2.483927e+01,2.500687e+01,2.488622e+01,2.489964e+01,2.491305e+01,2.497337e+01,2.487281e+01,2.480572e+01,2.481243e+01,2.487281e+01,2.478558e+01,2.481914e+01,2.481243e+01,2.485269e+01,2.487281e+01,2.487281e+01,2.483256e+01,2.485269e+01,2.493316e+01,2.480572e+01,2.487952e+01,2.492645e+01,2.493316e+01,2.491305e+01,2.489964e+01,2.491305e+01,2.485940e+01,2.488622e+01,2.502026e+01,2.484598e+01,2.487281e+01,2.481914e+01,2.480572e+01,2.483927e+01,2.478558e+01,2.477887e+01,2.481243e+01,2.479901e+01,2.483256e+01,2.483927e+01,2.482585e+01,2.480572e+01,2.479230e+01,2.474530e+01,2.479230e+01,2.485940e+01,2.485940e+01,2.474530e+01,2.479901e+01,2.482585e+01,2.483927e+01,2.479901e+01,2.481243e+01,2.482585e+01,2.475873e+01,2.483927e+01,2.485940e+01,2.481243e+01,2.471844e+01,2.481914e+01,2.472515e+01,2.472515e+01,2.471172e+01,2.467813e+01,2.468484e+01,2.466469e+01,2.462436e+01,2.465796e+01,2.468484e+01,2.463780e+01,2.473858e+01,2.465124e+01,2.462436e+01,2.474530e+01,2.461763e+01,2.458401e+01,2.457728e+01,2.453019e+01,2.456383e+01,2.462436e+01,2.455710e+01,2.457056e+01,2.451673e+01,2.463108e+01,2.464452e+01,2.461091e+01,2.450327e+01,2.460419e+01,2.451000e+01,2.448981e+01,2.455038e+01,2.444941e+01,2.449654e+01,2.444268e+01,2.447635e+01,2.446288e+01,2.450327e+01,2.444941e+01,2.453692e+01,2.442247e+01,2.451000e+01,2.443594e+01,2.452346e+01,2.444268e+01,2.450327e+01,2.448308e+01,2.465124e+01,2.453692e+01,2.464452e+01,2.457728e+01,2.467141e+01,2.461091e+01,2.467141e+01,2.466469e+01,2.493986e+01,2.483927e+01,2.497337e+01,2.520094e+01,2.548138e+01,2.584085e+01,2.631164e+01,2.657595e+01,2.701064e+01,2.742391e+01,2.753516e+01,2.782908e+01,2.809617e+01,2.826521e+01,2.829119e+01,2.843398e+01,2.851826e+01,2.853122e+01,2.858305e+01,2.855066e+01,2.862191e+01,2.864133e+01,2.866722e+01,2.862191e+01,2.871252e+01,2.863486e+01,2.866075e+01,2.865428e+01,2.861543e+01,2.853770e+01,2.851826e+01,2.849234e+01,2.844046e+01,2.842100e+01,2.809617e+01,2.808316e+01,2.796597e+01,2.812220e+01,2.821972e+01,2.834313e+01,2.846640e+01,2.860896e+01,2.869958e+01,2.877719e+01,2.879659e+01,2.886121e+01,2.892580e+01,2.891934e+01,2.895162e+01,2.888059e+01,2.892580e+01,2.885475e+01,2.895162e+01,2.900325e+01,2.899680e+01,2.902260e+01,2.900325e+01,2.889997e+01,2.886767e+01,2.882244e+01,2.887413e+01,2.874486e+01,2.869958e+01,2.866722e+01,2.844695e+01,2.844046e+01,2.842749e+01,2.815471e+01,2.784212e+01,2.801807e+01,2.812870e+01,2.820673e+01,2.829768e+01,2.834313e+01,2.853122e+01,2.833015e+01,2.845992e+01,2.846640e+01,2.850530e+01,2.855714e+01,2.840803e+01,2.851178e+01,2.847937e+01,2.845343e+01,2.842749e+01,2.834962e+01,2.831067e+01,2.829768e+01,2.820023e+01,2.816122e+01,2.814821e+01,2.816772e+01,2.812220e+01,2.786169e+01,2.786169e+01,2.760708e+01,2.745665e+01,2.718795e+01,2.696462e+01,2.664193e+01,2.617261e+01,2.583421e+01,2.539466e+01,2.500017e+01,2.462436e+01,2.464452e+01,2.462436e+01,2.466469e+01,2.473858e+01,2.467813e+01,2.475873e+01,2.474530e+01,2.479901e+01,2.478558e+01,2.465124e+01,2.483927e+01,2.477216e+01,2.482585e+01,2.482585e+01,2.480572e+01,2.475201e+01,2.478558e+01,2.483256e+01,2.486610e+01,2.491305e+01,2.485940e+01,2.493986e+01,2.480572e+01,2.470500e+01,2.491305e+01,2.495326e+01,2.493986e+01,2.480572e+01,2.495326e+01,2.487952e+01,2.495326e+01,2.485940e+01,2.488622e+01,2.479901e+01,2.483256e+01,2.479901e+01,2.498007e+01,2.488622e+01,2.495997e+01,2.486610e+01,2.491975e+01,2.486610e+01,2.486610e+01,2.485940e+01,2.484598e+01,2.498007e+01,2.483927e+01,2.502026e+01,2.493986e+01,2.503366e+01,2.503366e+01,2.485940e+01,2.489964e+01,2.487281e+01,2.490634e+01,2.495326e+01,2.489964e+01,2.492645e+01,2.489293e+01,2.495326e+01,2.491305e+01,2.502026e+01,2.507383e+01,2.500017e+01,2.504705e+01,2.494656e+01,2.506713e+01,2.498007e+01,2.491305e+01,2.508052e+01,2.505375e+01,2.510060e+01,2.488622e+01,2.495326e+01,2.499347e+01,2.505375e+01,2.495997e+01,2.493316e+01,2.505375e+01,2.506044e+01,2.508052e+01,2.508722e+01,2.500687e+01,2.500017e+01,2.500017e+01,2.498007e+01,2.502026e+01,2.509391e+01,2.506044e+01,2.496667e+01,2.495997e+01,2.500687e+01,2.500687e+01,2.510730e+01,2.504705e+01,2.489293e+01,2.510730e+01,2.489293e+01,2.498007e+01,2.501357e+01,2.500017e+01,2.507383e+01,2.506713e+01,2.501357e+01,2.514075e+01,2.514075e+01,2.512068e+01,2.510730e+01,2.506713e+01,2.511399e+01,2.511399e+01,2.500017e+01,2.499347e+01,2.496667e+01,2.495997e+01,2.496667e+01,2.502696e+01,2.498677e+01,2.502696e+01,2.502696e+01,2.512068e+01,2.500687e+01,2.504705e+01,2.491305e+01,2.502026e+01,2.505375e+01,2.506713e+01,2.511399e+01,2.509391e+01,2.498007e+01,2.500017e+01,2.508052e+01,2.514744e+01,2.520763e+01,2.504705e+01,2.499347e+01,2.507383e+01,2.510730e+01,2.535461e+01,2.521431e+01,2.511399e+01,2.513406e+01,2.510730e+01,2.515413e+01,2.512737e+01,2.510730e+01,2.514744e+01,2.518757e+01,2.512737e+01,2.520094e+01,2.499347e+01,2.518088e+01,2.510060e+01,2.514075e+01,2.521431e+01,2.512737e+01,2.521431e+01,2.515413e+01,2.519426e+01,2.520763e+01,2.512068e+01,2.516082e+01,2.507383e+01,2.508052e+01,2.522100e+01,2.508722e+01,2.515413e+01,2.506044e+01,2.520763e+01,2.519426e+01,2.514075e+01,2.516751e+01,2.516751e+01,2.513406e+01,2.516751e+01,2.516082e+01,2.516082e+01,2.527446e+01,2.510060e+01,2.514744e+01,2.513406e+01,2.507383e+01,2.512068e+01,2.511399e+01,2.528782e+01,2.507383e+01,2.516082e+01,2.516082e+01,2.506713e+01,2.505375e+01,2.504035e+01,2.517419e+01,2.516082e+01,2.510730e+01,2.507383e+01,2.515413e+01,2.520094e+01,2.523437e+01,2.511399e+01,2.518757e+01,2.518757e+01,2.520094e+01,2.517419e+01,2.517419e+01,2.505375e+01,2.522768e+01,2.518757e+01,2.518088e+01,2.514744e+01,2.516082e+01,2.519426e+01,2.518757e+01,2.514744e+01,2.518088e+01,2.517419e+01,2.510060e+01,2.512068e+01,2.506044e+01,2.502696e+01,2.497337e+01,2.498677e+01,2.498677e+01,2.516751e+01,2.485940e+01,2.498007e+01,2.500687e+01,2.491975e+01,2.495997e+01,2.499347e+01,2.493986e+01,2.496667e+01,2.495997e+01,2.508052e+01,2.499347e+01,2.504035e+01,2.503366e+01,2.499347e+01,2.506713e+01,2.506044e+01,2.506713e+01,2.486610e+01,2.485269e+01,2.491975e+01,2.488622e+01,2.500687e+01,2.489293e+01,2.497337e+01,2.487952e+01,2.474530e+01,2.465124e+01,2.450327e+01,2.401752e+01,2.396341e+01,2.397018e+01,2.371956e+01,2.356346e+01,2.367886e+01,2.354987e+01,2.361099e+01,2.357025e+01,2.394311e+01,2.417969e+01,2.435509e+01,2.465124e+01,2.461091e+01,2.489964e+01,2.470500e+01,2.495997e+01,2.491975e+01,2.501357e+01,2.506044e+01,2.511399e+01,2.511399e+01,2.476544e+01,2.501357e+01,2.506713e+01,2.512737e+01,2.520763e+01,2.514744e+01,2.514744e+01,2.504705e+01,2.520094e+01,2.500687e+01,2.491975e+01,2.504705e+01,2.504035e+01,2.507383e+01,2.508052e+01,2.508052e+01,2.514744e+01,2.502026e+01,2.500017e+01,2.497337e+01,2.497337e+01,2.519426e+01,2.507383e+01,2.511399e+01,2.501357e+01,2.510730e+01,2.505375e+01,2.499347e+01,2.502026e+01,2.526778e+01,2.498677e+01,2.498677e+01,2.506044e+01,2.497337e+01,2.496667e+01,2.494656e+01,2.510060e+01,2.497337e+01,2.491975e+01,2.476544e+01,2.499347e+01,2.487281e+01,2.491975e+01,2.497337e+01,2.503366e+01,2.493316e+01,2.502696e+01,2.490634e+01,2.506713e+01,2.486610e+01,2.500017e+01,2.489964e+01,2.504705e+01,2.491975e+01,2.494656e+01,2.492645e+01,2.492645e+01,2.487952e+01,2.478558e+01,2.490634e+01,2.492645e+01,2.499347e+01,2.495326e+01,2.481914e+01,2.498677e+01,2.502696e+01,2.491975e+01,2.493986e+01,2.495997e+01,2.490634e+01,2.491975e+01,2.491305e+01,2.483927e+01,2.485269e+01,2.481914e+01,2.481243e+01,2.480572e+01,2.479901e+01,2.483256e+01,2.475201e+01,2.481914e+01,2.475201e+01,2.496667e+01,2.482585e+01,2.469828e+01,2.481914e+01,2.479230e+01,2.475873e+01
2.453019e+01,2.455038e+01,2.459746e+01,2.455710e+01,2.456383e+01,2.448308e+01,2.454365e+01,2.446288e+01,2.456383e+01,2.459746e+01,2.458401e+01,2.455710e+01,2.463108e+01,2.465796e+01,2.463108e+01,2.454365e+01,2.455710e+01,2.475201e+01,2.472515e+01,2.463108e+01,2.474530e+01,2.464452e+01,2.470500e+01,2.471172e+01,2.483256e+01,2.467141e+01,2.468484e+01,2.475873e+01,2.470500e+01,2.474530e+01,2.461091e+01,2.467813e+01,2.469828e+01,2.469828e+01,2.472515e+01,2.473858e+01,2.469156e+01,2.479901e+01,2.483256e+01,2.480572e+01,2.482585e+01,2.477887e+01,2.481914e+01,2.504705e+01,2.481243e+01,2.484598e+01,2.481914e+01,2.496667e+01,2.485940e+01,2.481243e+01,2.472515e+01,2.489964e+01,2.483256e+01,2.489964e+01,2.498677e+01,2.485269e+01,2.479230e+01,2.489293e+01,2.500687e+01,2.481243e+01,2.500687e+01,2.493316e+01,2.497337e+01,2.498007e+01,2.491975e+01,2.489964e+01,2.489293e+01,2.488622e+01,2.483256e+01,2.481243e+01,2.486610e+01,2.479901e+01,2.482585e+01,2.493986e+01,2.480572e+01,2.494656e+01,2.485940e+01,2.485269e+01,2.495997e+01,2.501357e+01,2.489293e+01,2.497337e+01,2.489964e+01,2.484598e+01,2.491305e+01,2.472515e+01,2.492645e+01,2.490634e+01,2.488622e+01,2.481243e+01,2.505375e+01,2.483256e+01,2.473187e+01,2.471844e+01,2.484598e+01,2.480572e+01,2.483256e+01,2.482585e+01,2.491305e+01,2.480572e+01,2.493316e+01,2.481243e+01,2.490634e+01,2.487281e+01,2.475201e+01,2.477216e+01,2.476544e+01,2.473858e+01,2.478558e+01,2.485940e+01,2.480572e+01,2.479230e+01,2.477216e+01,2.478558e+01,2.481243e+01,2.481243e+01,2.481243e+01,2.482585e+01,2.476544e+01,2.477216e+01,2.478558e+01,2.473187e+01,2.462436e+01,2.473187e+01,2.466469e+01,2.474530e+01,2.461763e+01,2.464452e+01,2.465796e+01,2.460419e+01,2.465796e+01,2.460419e+01,2.469828e+01,2.467813e+01,2.470500e+01,2.459073e+01,2.463780e+01,2.457728e+01,2.456383e+01,2.465124e+01,2.461091e+01,2.461091e+01,2.455710e+01,2.451000e+01,2.463108e+01,2.457728e+01,2.461763e+01,2.453692e+01,2.456383e+01,2.455038e+01,2.453019e+01,2.451673e+01,2.453692e+01,2.451673e+01,2.453692e+01,2.459073e+01,2.446961e+01,2.448981e+01,2.439552e+01,2.448981e+01,2.450327e+01,2.438205e+01,2.440900e+01,2.462436e+01,2.447635e+01,2.443594e+01,2.455710e+01,2.451673e+01,2.448308e+01,2.461763e+01,2.467813e+01,2.453692e+01,2.471172e+01,2.459073e+01,2.488622e+01,2.492645e+01,2.504705e+01,2.534126e+01,2.551472e+01,2.580097e+01,2.614611e+01,2.655615e+01,2.696462e+01,2.717483e+01,2.769855e+01,2.792687e+01,2.810268e+01,2.825221e+01,2.831717e+01,2.843398e+01,2.839505e+01,2.857010e+01,2.858305e+01,2.854418e+01,2.869958e+01,2.859601e+01,2.865428e+01,2.868017e+01,2.863486e+01,2.871899e+01,2.864780e+01,2.866075e+01,2.867369e+01,2.869311e+01,2.849234e+01,2.831717e+01,2.840803e+01,2.843398e+01,2.812220e+01,2.812870e+01,2.803109e+01,2.805713e+01,2.810919e+01,2.833015e+01,2.845992e+01,2.862838e+01,2.868017e+01,2.874486e+01,2.878366e+01,2.896453e+01,2.895162e+01,2.891288e+01,2.888059e+01,2.883537e+01,2.908064e+01,2.884829e+01,2.889351e+01,2.889997e+01,2.893871e+01,2.888059e+01,2.886767e+01,2.893225e+01,2.899034e+01,2.894516e+01,2.883537e+01,2.879012e+01,2.870605e+01,2.862191e+01,2.840803e+01,2.831067e+01,2.823272e+01,2.818723e+01,2.805062e+01,2.806364e+01,2.796597e+01,2.806364e+01,2.820673e+01,2.827820e+01,2.830418e+01,2.853770e+01,2.842100e+01,2.847937e+01,2.845343e+01,2.842749e+01,2.849882e+01,2.845343e+01,2.844695e+01,2.844046e+01,2.846640e+01,2.848585e+01,2.840154e+01,2.833664e+01,2.838857e+01,2.818723e+01,2.827170e+01,2.808316e+01,2.801156e+01,2.796597e+01,2.789429e+01,2.769855e+01,2.763976e+01,2.718139e+01,2.699749e+01,2.660895e+01,2.636456e+01,2.584750e+01,2.539466e+01,2.515413e+01,2.478558e+01,2.463108e+01,2.463780e+01,2.461091e+01,2.460419e+01,2.468484e+01,2.470500e+01,2.471172e+01,2.458401e+01,2.463780e+01,2.467813e+01,2.483927e+01,2.479901e+01,2.480572e+01,2.474530e+01,2.475201e+01,2.473858e+01,2.474530e+01,2.494656e+01,2.478558e+01,2.483927e+01,2.478558e+01,2.474530e+01,2.483256e+01,2.486610e+01,2.487281e+01,2.487952e+01,2.487281e+01,2.485940e+01,2.493316e+01,2.483927e+01,2.491305e+01,2.487281e+01,2.492645e+01,2.477887e+01,2.483256e+01,2.486610e+01,2.493986e+01,2.495997e+01,2.493986e+01,2.490634e+01,2.488622e+01,2.491305e+01,2.483256e+01,2.485940e+01,2.493986e+01,2.484598e+01,2.493316e+01,2.489964e+01,2.493316e+01,2.491975e+01,2.484598e+01,2.482585e+01,2.502026e+01,2.489293e+01,2.490634e+01,2.487952e+01,2.486610e+01,2.489293e+01,2.486610e+01,2.493316e+01,2.495997e+01,2.493986e+01,2.501357e+01,2.506713e+01,2.506044e+01,2.491305e+01,2.497337e+01,2.493316e+01,2.493316e+01,2.491975e+01,2.497337e+01,2.498677e+01,2.503366e+01,2.491305e+01,2.487952e+01,2.499347e+01,2.502696e+01,2.499347e+01,2.495997e+01,2.504035e+01,2.500017e+01,2.497337e+01,2.500017e+01,2.500017e+01,2.495997e+01,2.495997e+01,2.498007e+01,2.499347e+01,2.496667e+01,2.495997e+01,2.485940e+01,2.512737e+01,2.496667e+01,2.510730e+01,2.491305e+01,2.492645e+01,2.495326e+01,2.502026e+01,2.500017e+01,2.508722e+01,2.501357e+01,2.503366e+01,2.500017e+01,2.503366e+01,2.502696e+01,2.500017e+01,2.509391e+01,2.512737e+01,2.494656e+01,2.502696e+01,2.493316e+01,2.494656e+01,2.497337e+01,2.502696e+01,2.503366e+01,2.503366e+01,2.498007e+01,2.498677e+01,2.501357e+01,2.504705e+01,2.500017e+01,2.504035e+01,2.510060e+01,2.496667e+01,2.504705e+01,2.504705e+01,2.504035e+01,2.508722e+01,2.510730e+01,2.502696e+01,2.496667e+01,2.489964e+01,2.503366e+01,2.508722e+01,2.508722e+01,2.497337e+01,2.507383e+01,2.510060e+01,2.510730e+01,2.519426e+01,2.513406e+01,2.516082e+01,2.512737e+01,2.516082e+01,2.517419e+01,2.519426e+01,2.500687e+01,2.507383e+01,2.517419e+01,2.517419e+01,2.491305e+01,2.526778e+01,2.496667e+01,2.530119e+01,2.530787e+01,2.520763e+01,2.517419e+01,2.512737e+01,2.513406e+01,2.520094e+01,2.518088e+01,2.525442e+01,2.514744e+01,2.514744e+01,2.509391e+01,2.510730e+01,2.500017e+01,2.514075e+01,2.525442e+01,2.502696e+01,2.512068e+01,2.514744e+01,2.518757e+01,2.514744e+01,2.514075e+01,2.508722e+01,2.510060e+01,2.515413e+01,2.508722e+01,2.518088e+01,2.516751e+01,2.509391e+01,2.515413e+01,2.520094e+01,2.519426e+01,2.517419e+01,2.508052e+01,2.511399e+01,2.510060e+01,2.518757e+01,2.510730e+01,2.510060e+01,2.500017e+01,2.514075e+01,2.517419e+01,2.512737e+01,2.512737e+01,2.516082e+01,2.508722e+01,2.526778e+01,2.522100e+01,2.513406e+01,2.509391e+01,2.514744e+01,2.507383e+01,2.518757e+01,2.515413e+01,2.518757e+01,2.522100e+01,2.508722e+01,2.518757e+01,2.518757e+01,2.518088e+01,2.518088e+01,2.517419e+01,2.511399e+01,2.504035e+01,2.510060e+01,2.508052e+01,2.493316e+01,2.492645e+01,2.490634e+01,2.494656e+01,2.504035e+01,2.498677e+01,2.502026e+01,2.483927e+01,2.486610e+01,2.498677e+01,2.499347e+01,2.499347e+01,2.500687e+01,2.493986e+01,2.492645e+01,2.485940e+01,2.489964e+01,2.484598e+01,2.485940e+01,2.484598e+01,2.475873e+01,2.477216e+01,2.467813e+01,2.471172e+01,2.491305e+01,2.489293e+01,2.493986e+01,2.488622e+01,2.487952e+01,2.467813e+01,2.429441e+01,2.426068e+01,2.425393e+01,2.397694e+01,2.372634e+01,2.363814e+01,2.369242e+01,2.339352e+01,2.345473e+01,2.365172e+01,2.377380e+01,2.387542e+01,2.438205e+01,2.463108e+01,2.463108e+01,2.480572e+01,2.489964e+01,2.489964e+01,2.501357e+01,2.514075e+01,2.493986e+01,2.516082e+01,2.504705e+01,2.498677e+01,2.495997e+01,2.506713e+01,2.518757e+01,2.510060e+01,2.524105e+01,2.516082e+01,2.505375e+01,2.504705e+01,2.519426e+01,2.512737e+01,2.512068e+01,2.503366e+01,2.507383e+01,2.508052e+01,2.514075e+01,2.486610e+01,2.503366e+01,2.504705e+01,2.507383e+01,2.498677e+01,2.490634e+01,2.500017e+01,2.501357e+01,2.504705e+01,2.509391e+01,2.499347e+01,2.502696e+01,2.500017e+01,2.500687e+01,2.494656e+01,2.510060e+01,2.489293e+01,2.495326e+01,2.495997e+01,2.495326e+01,2.490634e+01,2.508052e+01,2.493986e+01,2.495997e+01,2.497337e+01,2.492645e+01,2.487952e+01,2.492645e+01,2.495997e+01,2.497337e+01,2.498007e+01,2.490634e+01,2.492645e+01,2.485269e+01,2.485940e+01,2.486610e+01,2.501357e+01,2.488622e+01,2.494656e+01,2.488622e+01,2.496667e+01,2.482585e+01,2.498677e+01,2.494656e+01,2.476544e+01,2.491305e+01,2.493986e+01,2.489293e+01,2.481243e+01,2.503366e+01,2.499347e+01,2.479230e+01,2.477216e+01,2.492645e+01,2.491975e+01,2.488622e+01,2.491305e+01,2.466469e+01,2.489964e+01,2.468484e+01,2.510060e+01,2.479901e+01,2.476544e+01,2.489293e+01,2.483256e+01,2.484598e+01,2.477887e+01,2.471844e+01,2.491305e+01,2.483927e+01,2.477887e+01,2.472515e+01,2.489293e+01
2.451000e+01,2.450327e+01,2.469156e+01,2.457056e+01,2.455710e+01,2.455038e+01,2.457728e+01,2.465796e+01,2.439552e+01,2.462436e+01,2.466469e+01,2.457728e+01,2.460419e+01,2.451000e+01,2.464452e+01,2.449654e+01,2.459746e+01,2.464452e+01,2.465796e+01,2.462436e+01,2.465796e+01,2.465796e+01,2.475873e+01,2.469156e+01,2.462436e+01,2.483256e+01,2.475873e+01,2.465124e+01,2.475201e+01,2.474530e+01,2.474530e+01,2.473187e+01,2.474530e+01,2.482585e+01,2.470500e+01,2.472515e+01,2.481914e+01,2.489293e+01,2.482585e+01,2.481914e+01,2.485940e+01,2.476544e+01,2.477887e+01,2.476544e+01,2.478558e+01,2.484598e+01,2.479901e+01,2.484598e+01,2.487281e+01,2.481243e+01,2.493986e+01,2.491305e+01,2.493316e+01,2.476544e+01,2.491305e+01,2.491975e+01,2.495326e+01,2.485269e+01,2.477887e+01,2.489964e+01,2.479230e+01,2.502026e+01,2.499347e+01,2.491975e+01,2.504035e+01,2.509391e+01,2.486610e+01,2.489293e+01,2.489293e+01,2.483256e+01,2.479901e+01,2.488622e+01,2.487281e+01,2.482585e+01,2.497337e+01,2.494656e+01,2.493316e+01,2.479901e+01,2.503366e+01,2.501357e+01,2.491305e+01,2.498677e+01,2.494656e+01,2.495997e+01,2.480572e+01,2.495997e+01,2.481243e+01,2.486610e+01,2.489964e+01,2.483256e+01,2.501357e+01,2.478558e+01,2.482585e+01,2.484598e+01,2.487952e+01,2.481243e+01,2.469156e+01,2.473187e+01,2.483256e+01,2.483927e+01,2.479230e+01,2.485269e+01,2.491975e+01,2.489964e+01,2.479901e+01,2.485940e+01,2.483256e+01,2.485940e+01,2.477887e+01,2.471172e+01,2.472515e+01,2.473187e+01,2.476544e+01,2.476544e+01,2.479230e+01,2.475201e+01,2.469828e+01,2.478558e+01,2.480572e+01,2.476544e+01,2.471844e+01,2.467813e+01,2.476544e+01,2.466469e+01,2.468484e+01,2.474530e+01,2.467813e+01,2.461763e+01,2.459746e+01,2.473187e+01,2.468484e+01,2.471172e+01,2.463780e+01,2.463108e+01,2.466469e+01,2.458401e+01,2.463108e+01,2.462436e+01,2.459073e+01,2.459746e+01,2.451000e+01,2.486610e+01,2.453692e+01,2.457056e+01,2.459746e+01,2.466469e+01,2.454365e+01,2.457056e+01,2.459073e+01,2.448981e+01,2.452346e+01,2.458401e+01,2.454365e+01,2.452346e+01,2.447635e+01,2.451000e+01,2.442247e+01,2.445614e+01,2.450327e+01,2.444941e+01,2.444268e+01,2.446961e+01,2.452346e+01,2.454365e+01,2.459746e+01,2.448981e+01,2.448981e+01,2.465796e+01,2.457728e+01,2.448981e+01,2.461763e+01,2.458401e+01,2.465796e+01,2.473187e+01,2.485940e+01,2.494656e+01,2.502026e+01,2.531454e+01,2.536796e+01,2.573447e+01,2.613286e+01,2.661554e+01,2.697777e+01,2.746319e+01,2.784865e+01,2.810919e+01,2.806364e+01,2.826521e+01,2.833015e+01,2.841452e+01,2.860896e+01,2.858953e+01,2.865428e+01,2.868017e+01,2.860248e+01,2.873839e+01,2.866722e+01,2.871252e+01,2.871252e+01,2.864133e+01,2.869311e+01,2.865428e+01,2.870605e+01,2.862838e+01,2.858305e+01,2.844695e+01,2.838857e+01,2.827820e+01,2.831067e+01,2.801807e+01,2.816122e+01,2.816772e+01,2.814821e+01,2.845992e+01,2.835612e+01,2.869311e+01,2.869958e+01,2.873839e+01,2.879659e+01,2.891934e+01,2.877073e+01,2.891288e+01,2.899034e+01,2.906775e+01,2.892580e+01,2.894516e+01,2.900970e+01,2.894516e+01,2.893225e+01,2.895807e+01,2.900970e+01,2.889351e+01,2.892580e+01,2.888705e+01,2.879659e+01,2.884183e+01,2.870605e+01,2.852474e+01,2.849882e+01,2.845343e+01,2.817422e+01,2.816772e+01,2.793339e+01,2.795945e+01,2.794642e+01,2.801807e+01,2.821323e+01,2.827170e+01,2.842100e+01,2.851178e+01,2.849234e+01,2.847937e+01,2.843398e+01,2.857010e+01,2.851178e+01,2.845992e+01,2.845992e+01,2.846640e+01,2.844695e+01,2.848585e+01,2.840154e+01,2.844046e+01,2.833664e+01,2.827820e+01,2.813520e+01,2.814171e+01,2.813520e+01,2.790080e+01,2.786169e+01,2.764629e+01,2.745665e+01,2.734532e+01,2.698434e+01,2.666171e+01,2.628517e+01,2.586079e+01,2.540133e+01,2.504035e+01,2.481243e+01,2.465796e+01,2.464452e+01,2.466469e+01,2.475201e+01,2.471172e+01,2.467813e+01,2.467141e+01,2.481243e+01,2.471844e+01,2.473187e+01,2.480572e+01,2.482585e+01,2.485269e+01,2.475201e+01,2.475201e+01,2.477887e+01,2.475201e+01,2.487281e+01,2.481243e+01,2.479230e+01,2.482585e+01,2.484598e+01,2.487281e+01,2.484598e+01,2.490634e+01,2.491975e+01,2.489293e+01,2.487952e+01,2.495997e+01,2.492645e+01,2.481914e+01,2.494656e+01,2.494656e+01,2.494656e+01,2.486610e+01,2.477887e+01,2.495326e+01,2.500017e+01,2.493986e+01,2.491305e+01,2.489293e+01,2.480572e+01,2.492645e+01,2.493986e+01,2.487281e+01,2.483927e+01,2.499347e+01,2.493986e+01,2.495997e+01,2.487952e+01,2.494656e+01,2.483256e+01,2.487952e+01,2.488622e+01,2.485940e+01,2.495997e+01,2.489964e+01,2.477887e+01,2.488622e+01,2.489293e+01,2.486610e+01,2.494656e+01,2.495326e+01,2.496667e+01,2.500017e+01,2.500017e+01,2.491975e+01,2.495997e+01,2.495326e+01,2.502026e+01,2.491975e+01,2.503366e+01,2.492645e+01,2.491975e+01,2.489293e+01,2.504705e+01,2.504035e+01,2.500687e+01,2.495326e+01,2.497337e+01,2.485940e+01,2.501357e+01,2.502026e+01,2.498007e+01,2.496667e+01,2.497337e+01,2.499347e+01,2.505375e+01,2.497337e+01,2.499347e+01,2.498007e+01,2.498677e+01,2.498007e+01,2.499347e+01,2.487952e+01,2.498677e+01,2.504705e+01,2.500687e+01,2.504035e+01,2.502026e+01,2.508722e+01,2.516082e+01,2.506044e+01,2.504035e+01,2.502026e+01,2.512068e+01,2.512068e+01,2.504705e+01,2.497337e+01,2.506713e+01,2.504035e+01,2.499347e+01,2.493986e+01,2.504035e+01,2.495997e+01,2.500017e+01,2.513406e+01,2.504035e+01,2.514075e+01,2.494656e+01,2.495997e+01,2.495997e+01,2.502026e+01,2.495997e+01,2.506044e+01,2.510060e+01,2.504705e+01,2.503366e+01,2.505375e+01,2.512737e+01,2.498677e+01,2.491305e+01,2.514744e+01,2.506713e+01,2.507383e+01,2.504705e+01,2.516751e+01,2.502026e+01,2.522100e+01,2.501357e+01,2.511399e+01,2.504705e+01,2.512068e+01,2.511399e+01,2.510730e+01,2.508722e+01,2.502696e+01,2.519426e+01,2.520763e+01,2.518757e+01,2.517419e+01,2.513406e+01,2.518757e+01,2.504035e+01,2.512068e+01,2.509391e+01,2.515413e+01,2.514744e+01,2.516751e+01,2.514075e+01,2.522100e+01,2.518088e+01,2.509391e+01,2.515413e+01,2.517419e+01,2.517419e+01,2.515413e+01,2.504035e+01,2.508722e+01,2.516751e+01,2.515413e+01,2.499347e+01,2.512068e+01,2.513406e+01,2.514744e+01,2.514075e+01,2.511399e+01,2.516751e+01,2.518088e+01,2.514075e+01,2.517419e+01,2.507383e+01,2.511399e+01,2.517419e+01,2.507383e+01,2.518088e+01,2.510730e+01,2.513406e+01,2.506713e+01,2.507383e+01,2.508052e+01,2.511399e+01,2.504035e+01,2.514075e+01,2.516082e+01,2.520094e+01,2.526778e+01,2.514075e+01,2.509391e+01,2.509391e+01,2.513406e+01,2.516751e+01,2.512737e+01,2.517419e+01,2.510730e+01,2.520094e+01,2.506044e+01,2.507383e+01,2.506713e+01,2.520094e+01,2.508722e+01,2.520763e+01,2.506044e+01,2.495326e+01,2.502026e+01,2.510060e+01,2.491975e+01,2.491975e+01,2.491975e+01,2.491975e+01,2.495997e+01,2.488622e+01,2.500017e+01,2.505375e+01,2.490634e+01,2.496667e+01,2.495326e+01,2.501357e+01,2.502696e+01,2.488622e+01,2.499347e+01,2.493316e+01,2.492645e+01,2.487281e+01,2.491305e+01,2.486610e+01,2.489964e+01,2.489293e+01,2.485269e+01,2.485940e+01,2.496667e+01,2.482585e+01,2.477216e+01,2.482585e+01,2.481243e+01,2.482585e+01,2.460419e+01,2.470500e+01,2.452346e+01,2.428766e+01,2.404457e+01,2.403781e+01,2.379413e+01,2.373990e+01,2.365850e+01,2.353629e+01,2.350911e+01,2.347513e+01,2.365850e+01,2.385510e+01,2.419994e+01,2.433487e+01,2.465796e+01,2.467813e+01,2.469828e+01,2.491975e+01,2.491305e+01,2.506713e+01,2.491305e+01,2.512737e+01,2.507383e+01,2.506713e+01,2.506713e+01,2.504705e+01,2.504705e+01,2.516082e+01,2.515413e+01,2.511399e+01,2.504705e+01,2.504035e+01,2.514075e+01,2.501357e+01,2.496667e+01,2.524105e+01,2.506044e+01,2.518088e+01,2.510730e+01,2.517419e+01,2.501357e+01,2.508052e+01,2.500687e+01,2.520094e+01,2.497337e+01,2.485269e+01,2.510730e+01,2.506044e+01,2.489293e+01,2.509391e+01,2.505375e+01,2.495326e+01,2.510730e+01,2.497337e+01,2.492645e+01,2.506713e+01,2.483256e+01,2.497337e+01,2.495997e+01,2.500687e+01,2.500687e+01,2.487952e+01,2.488622e+01,2.508722e+01,2.495326e+01,2.487281e+01,2.483927e+01,2.490634e+01,2.489964e+01,2.487952e+01,2.498677e+01,2.496667e+01,2.481243e+01,2.490634e+01,2.493316e+01,2.489293e+01,2.490634e+01,2.493316e+01,2.504705e+01,2.492645e+01,2.494656e+01,2.495326e+01,2.486610e+01,2.485269e+01,2.491305e+01,2.491305e+01,2.491305e+01,2.493986e+01,2.486610e+01,2.496667e+01,2.494656e+01,2.475201e+01,2.492645e+01,2.483927e+01,2.493986e+01,2.491975e+01,2.490634e+01,2.487281e+01,2.481914e+01,2.477887e+01,2.483256e+01,2.484598e+01,2.484598e+01,2.488622e+01,2.483927e+01,2.491305e+01,2.490634e+01,2.487952e+01,2.491305e+01,2.489293e+01,2.473187e+01,2.477216e+01,2.479901e+01
2.452346e+01,2.452346e+01,2.451000e+01,2.456383e+01,2.448308e+01,2.448308e+01,2.457728e+01,2.455710e+01,2.457728e+01,2.457728e+01,2.458401e+01,2.457728e+01,2.461763e+01,2.457728e+01,2.456383e+01,2.461763e+01,2.463108e+01,2.457728e+01,2.462436e+01,2.461763e+01,2.462436e+01,2.469156e+01,2.471172e+01,2.473187e+01,2.468484e+01,2.469828e+01,2.473187e+01,2.467141e+01,2.473858e+01,2.481914e+01,2.475873e+01,2.471172e+01,2.470500e+01,2.473858e+01,2.478558e+01,2.481914e+01,2.487952e+01,2.487281e+01,2.482585e+01,2.489964e+01,2.483256e+01,2.478558e+01,2.477887e+01,2.486610e+01,2.453692e+01,2.467813e+01,2.481243e+01,2.482585e+01,2.493986e+01,2.475201e+01,2.493316e+01,2.479230e+01,2.503366e+01,2.475873e+01,2.500017e+01,2.491305e+01,2.487952e+01,2.485269e+01,2.491305e+01,2.490634e+01,2.486610e+01,2.489293e+01,2.479230e+01,2.491305e+01,2.493316e+01,2.495326e+01,2.491975e+01,2.488622e+01,2.485269e+01,2.478558e+01,2.487281e+01,2.476544e+01,2.484598e+01,2.489964e+01,2.480572e+01,2.495997e+01,2.485940e+01,2.486610e+01,2.481243e+01,2.476544e+01,2.494656e+01,2.488622e+01,2.495326e+01,2.490634e+01,2.474530e+01,2.479230e+01,2.477887e+01,2.475201e+01,2.485269e+01,2.473858e+01,2.479901e+01,2.480572e+01,2.482585e+01,2.470500e+01,2.481914e+01,2.467813e+01,2.489964e+01,2.479230e+01,2.482585e+01,2.487281e+01,2.485940e+01,2.484598e+01,2.477887e+01,2.489293e+01,2.493316e+01,2.481243e+01,2.476544e+01,2.479230e+01,2.473187e+01,2.473858e+01,2.471172e+01,2.467813e+01,2.467813e+01,2.467813e+01,2.469156e+01,2.469156e+01,2.479230e+01,2.483256e+01,2.469828e+01,2.473187e+01,2.463780e+01,2.473858e+01,2.479901e+01,2.467813e+01,2.479230e+01,2.471172e+01,2.477887e+01,2.463780e+01,2.467813e+01,2.465796e+01,2.466469e+01,2.460419e+01,2.465796e+01,2.459073e+01,2.467141e+01,2.454365e+01,2.459746e+01,2.457728e+01,2.465124e+01,2.459746e+01,2.447635e+01,2.461091e+01,2.467813e+01,2.461763e+01,2.451000e+01,2.465124e+01,2.468484e+01,2.443594e+01,2.447635e+01,2.455710e+01,2.453692e+01,2.451673e+01,2.455038e+01,2.453692e+01,2.453019e+01,2.452346e+01,2.443594e+01,2.449654e+01,2.446288e+01,2.453692e+01,2.445614e+01,2.456383e+01,2.452346e+01,2.438878e+01,2.451673e+01,2.437531e+01,2.440226e+01,2.449654e+01,2.440900e+01,2.451000e+01,2.451673e+01,2.445614e+01,2.459746e+01,2.465796e+01,2.487952e+01,2.497337e+01,2.517419e+01,2.532790e+01,2.538131e+01,2.572117e+01,2.611297e+01,2.654955e+01,2.695147e+01,2.748282e+01,2.772467e+01,2.809617e+01,2.815471e+01,2.822622e+01,2.847937e+01,2.838208e+01,2.832366e+01,2.857658e+01,2.858305e+01,2.859601e+01,2.867369e+01,2.866075e+01,2.873192e+01,2.868017e+01,2.868017e+01,2.873839e+01,2.869311e+01,2.860248e+01,2.869958e+01,2.856362e+01,2.866075e+01,2.837559e+01,2.868017e+01,2.828469e+01,2.816122e+01,2.816772e+01,2.814821e+01,2.815471e+01,2.826521e+01,2.829768e+01,2.832366e+01,2.853770e+01,2.873192e+01,2.875779e+01,2.873839e+01,2.890642e+01,2.885475e+01,2.896453e+01,2.891934e+01,2.905485e+01,2.902905e+01,2.902260e+01,2.911288e+01,2.895162e+01,2.895807e+01,2.907420e+01,2.898389e+01,2.904840e+01,2.904840e+01,2.899034e+01,2.877073e+01,2.879012e+01,2.851826e+01,2.845992e+01,2.847289e+01,2.825221e+01,2.822622e+01,2.795945e+01,2.792687e+01,2.790080e+01,2.790732e+01,2.807665e+01,2.804411e+01,2.840803e+01,2.833664e+01,2.838857e+01,2.851178e+01,2.849882e+01,2.848585e+01,2.853122e+01,2.848585e+01,2.846640e+01,2.845992e+01,2.846640e+01,2.837559e+01,2.838208e+01,2.839505e+01,2.839505e+01,2.829768e+01,2.837559e+01,2.827170e+01,2.820673e+01,2.807014e+01,2.801156e+01,2.786821e+01,2.762015e+01,2.762669e+01,2.718139e+01,2.705663e+01,2.671445e+01,2.636456e+01,2.590729e+01,2.549472e+01,2.513406e+01,2.485269e+01,2.465124e+01,2.461091e+01,2.465796e+01,2.467813e+01,2.475873e+01,2.467141e+01,2.477216e+01,2.475873e+01,2.475201e+01,2.469156e+01,2.468484e+01,2.471844e+01,2.480572e+01,2.477216e+01,2.473187e+01,2.482585e+01,2.475201e+01,2.477216e+01,2.481914e+01,2.483256e+01,2.477887e+01,2.477887e+01,2.478558e+01,2.476544e+01,2.486610e+01,2.482585e+01,2.483256e+01,2.489293e+01,2.488622e+01,2.491305e+01,2.489964e+01,2.489293e+01,2.491975e+01,2.475201e+01,2.471844e+01,2.487281e+01,2.489964e+01,2.491975e+01,2.492645e+01,2.477216e+01,2.481243e+01,2.494656e+01,2.480572e+01,2.484598e+01,2.492645e+01,2.495997e+01,2.493986e+01,2.479901e+01,2.497337e+01,2.494656e+01,2.484598e+01,2.492645e+01,2.484598e+01,2.489964e+01,2.487281e+01,2.495326e+01,2.489964e+01,2.487952e+01,2.494656e+01,2.492645e+01,2.492645e+01,2.490634e+01,2.487281e+01,2.491305e+01,2.487281e+01,2.503366e+01,2.493316e+01,2.495326e+01,2.489964e+01,2.487952e+01,2.493986e+01,2.492645e+01,2.489964e+01,2.485269e+01,2.491975e+01,2.502696e+01,2.515413e+01,2.498007e+01,2.497337e+01,2.499347e+01,2.498007e+01,2.498677e+01,2.503366e+01,2.502026e+01,2.508052e+01,2.500687e+01,2.498007e+01,2.502026e+01,2.503366e+01,2.505375e+01,2.499347e+01,2.495997e+01,2.491975e+01,2.503366e+01,2.497337e+01,2.499347e+01,2.498007e+01,2.498007e+01,2.502696e+01,2.499347e+01,2.493986e+01,2.504035e+01,2.503366e+01,2.504705e+01,2.505375e+01,2.504035e+01,2.504035e+01,2.503366e+01,2.508722e+01,2.499347e+01,2.500017e+01,2.495997e+01,2.501357e+01,2.504035e+01,2.493986e+01,2.503366e+01,2.497337e+01,2.497337e+01,2.498677e+01,2.502026e+01,2.500017e+01,2.505375e+01,2.503366e+01,2.498677e+01,2.502026e+01,2.508722e+01,2.501357e+01,2.496667e+01,2.506044e+01,2.504705e+01,2.502696e+01,2.513406e+01,2.511399e+01,2.502696e+01,2.504035e+01,2.500687e+01,2.498007e+01,2.507383e+01,2.510730e+01,2.513406e+01,2.514744e+01,2.514075e+01,2.515413e+01,2.513406e+01,2.508052e+01,2.496667e+01,2.499347e+01,2.501357e+01,2.514075e+01,2.512737e+01,2.518088e+01,2.515413e+01,2.501357e+01,2.516751e+01,2.515413e+01,2.506044e+01,2.489964e+01,2.521431e+01,2.512737e+01,2.518088e+01,2.516082e+01,2.515413e+01,2.510730e+01,2.513406e+01,2.516751e+01,2.514744e+01,2.510730e+01,2.515413e+01,2.504035e+01,2.502026e+01,2.504705e+01,2.510060e+01,2.509391e+01,2.513406e+01,2.517419e+01,2.515413e+01,2.513406e+01,2.512737e+01,2.516082e+01,2.507383e+01,2.526778e+01,2.522100e+01,2.510730e+01,2.514744e+01,2.510730e+01,2.507383e+01,2.515413e+01,2.508052e+01,2.508052e+01,2.513406e+01,2.510060e+01,2.513406e+01,2.512068e+01,2.514075e+01,2.514075e+01,2.526778e+01,2.518757e+01,2.516751e+01,2.511399e+01,2.514075e+01,2.510730e+01,2.512737e+01,2.516082e+01,2.512737e+01,2.514075e+01,2.518088e+01,2.513406e+01,2.506713e+01,2.503366e+01,2.499347e+01,2.500687e+01,2.509391e+01,2.507383e+01,2.490634e+01,2.493986e+01,2.490634e+01,2.485940e+01,2.483927e+01,2.495326e+01,2.491975e+01,2.485940e+01,2.485269e+01,2.486610e+01,2.490634e+01,2.484598e+01,2.493986e+01,2.482585e+01,2.484598e+01,2.487952e+01,2.492645e+01,2.499347e+01,2.487281e+01,2.494656e+01,2.490634e+01,2.482585e+01,2.473858e+01,2.480572e+01,2.483927e+01,2.469156e+01,2.458401e+01,2.455710e+01,2.477216e+01,2.455710e+01,2.477887e+01,2.457728e+01,2.475873e+01,2.459073e+01,2.448981e+01,2.461763e+01,2.436183e+01,2.401076e+01,2.388219e+01,2.393634e+01,2.363814e+01,2.365172e+01,2.350911e+01,2.350911e+01,2.361778e+01,2.385510e+01,2.407161e+01,2.421344e+01,2.450327e+01,2.467813e+01,2.467813e+01,2.470500e+01,2.487952e+01,2.499347e+01,2.505375e+01,2.506713e+01,2.502026e+01,2.506044e+01,2.506044e+01,2.506713e+01,2.489964e+01,2.502026e+01,2.505375e+01,2.502696e+01,2.510730e+01,2.504705e+01,2.502026e+01,2.497337e+01,2.498677e+01,2.495997e+01,2.520763e+01,2.500687e+01,2.522100e+01,2.506713e+01,2.504705e+01,2.502026e+01,2.498677e+01,2.509391e+01,2.498007e+01,2.483256e+01,2.515413e+01,2.496667e+01,2.500687e+01,2.500017e+01,2.506044e+01,2.504705e+01,2.494656e+01,2.504705e+01,2.503366e+01,2.479901e+01,2.496667e+01,2.500687e+01,2.494656e+01,2.500687e+01,2.502026e+01,2.499347e+01,2.506713e+01,2.487281e+01,2.489293e+01,2.504035e+01,2.493316e+01,2.508052e+01,2.499347e+01,2.489293e+01,2.491975e+01,2.497337e+01,2.495997e+01,2.478558e+01,2.493986e+01,2.489964e+01,2.487952e+01,2.487952e+01,2.486610e+01,2.486610e+01,2.482585e+01,2.493316e+01,2.482585e+01,2.495326e+01,2.492645e+01,2.474530e+01,2.481243e+01,2.500687e+01,2.492645e+01,2.485269e+01,2.491305e+01,2.494656e+01,2.477887e+01,2.490634e+01,2.479230e+01,2.479901e+01,2.475873e+01,2.479901e+01,2.478558e+01,2.491305e+01,2.469828e+01,2.479901e+01,2.480572e+01,2.467141e+01,2.480572e+01,2.475873e+01,2.471172e+01,2.476544e+01,2.488622e+01,2.468484e+01,2.469156e+01,2.487952e+01,2.488622e+01,2.470500e+01
2.468484e+01,2.443594e+01,2.445614e+01,2.455038e+01,2.458401e+01,2.444941e+01,2.452346e+01,2.459073e+01,2.460419e+01,2.461763e+01,2.461763e+01,2.453692e+01,2.451000e+01,2.461091e+01,2.461763e+01,2.447635e+01,2.460419e+01,2.465796e+01,2.469828e+01,2.463780e+01,2.461763e+01,2.468484e+01,2.470500e+01,2.467813e+01,2.470500e+01,2.468484e+01,2.472515e+01,2.469156e+01,2.484598e+01,2.471844e+01,2.485940e+01,2.486610e+01,2.472515e+01,2.478558e+01,2.467813e+01,2.473187e+01,2.478558e+01,2.479230e+01,2.479901e+01,2.482585e+01,2.479230e+01,2.481914e+01,2.483927e+01,2.487952e+01,2.484598e+01,2.476544e+01,2.496667e+01,2.481914e+01,2.486610e+01,2.490634e+01,2.490634e+01,2.491975e+01,2.504035e+01,2.503366e+01,2.483927e+01,2.489293e+01,2.486610e+01,2.487281e+01,2.488622e+01,2.496667e+01,2.493986e+01,2.478558e+01,2.493316e+01,2.493986e+01,2.491975e+01,2.493316e+01,2.489964e+01,2.491975e+01,2.493986e+01,2.485269e+01,2.474530e+01,2.475201e+01,2.492645e+01,2.492645e+01,2.487952e+01,2.489293e+01,2.485940e+01,2.483927e+01,2.487952e+01,2.494656e+01,2.488622e+01,2.484598e+01,2.494656e+01,2.491975e+01,2.477216e+01,2.481243e+01,2.484598e+01,2.475873e+01,2.483256e+01,2.480572e+01,2.473858e+01,2.487952e+01,2.481914e+01,2.473187e+01,2.474530e+01,2.477887e+01,2.477216e+01,2.479230e+01,2.487281e+01,2.488622e+01,2.485940e+01,2.485940e+01,2.486610e+01,2.488622e+01,2.482585e+01,2.482585e+01,2.476544e+01,2.479230e+01,2.468484e+01,2.468484e+01,2.477887e+01,2.467813e+01,2.475201e+01,2.476544e+01,2.475201e+01,2.475201e+01,2.470500e+01,2.482585e+01,2.472515e+01,2.470500e+01,2.471844e+01,2.481914e+01,2.472515e+01,2.477216e+01,2.472515e+01,2.469156e+01,2.467813e+01,2.469828e+01,2.465124e+01,2.465124e+01,2.461763e+01,2.470500e+01,2.471844e+01,2.468484e+01,2.454365e+01,2.463108e+01,2.463780e+01,2.460419e+01,2.448981e+01,2.467141e+01,2.464452e+01,2.461091e+01,2.463108e+01,2.457728e+01,2.450327e+01,2.462436e+01,2.451000e+01,2.455038e+01,2.445614e+01,2.448981e+01,2.445614e+01,2.448308e+01,2.456383e+01,2.457056e+01,2.458401e+01,2.451673e+01,2.456383e+01,2.455710e+01,2.450327e+01,2.441573e+01,2.465796e+01,2.442247e+01,2.440226e+01,2.461763e+01,2.459073e+01,2.444941e+01,2.451673e+01,2.453692e+01,2.445614e+01,2.451673e+01,2.457056e+01,2.459073e+01,2.467141e+01,2.489293e+01,2.460419e+01,2.489964e+01,2.506713e+01,2.533458e+01,2.556804e+01,2.570786e+01,2.599359e+01,2.649012e+01,2.695147e+01,2.750245e+01,2.788125e+01,2.792687e+01,2.816122e+01,2.829119e+01,2.833015e+01,2.836261e+01,2.857010e+01,2.862838e+01,2.859601e+01,2.872546e+01,2.864780e+01,2.873192e+01,2.879659e+01,2.871899e+01,2.875133e+01,2.872546e+01,2.869311e+01,2.868017e+01,2.869311e+01,2.866075e+01,2.868017e+01,2.836261e+01,2.857658e+01,2.825221e+01,2.834313e+01,2.818072e+01,2.807014e+01,2.817422e+01,2.820023e+01,2.829119e+01,2.836910e+01,2.868664e+01,2.870605e+01,2.869958e+01,2.885475e+01,2.895162e+01,2.893225e+01,2.889997e+01,2.881598e+01,2.892580e+01,2.899680e+01,2.896453e+01,2.897098e+01,2.897744e+01,2.909999e+01,2.889351e+01,2.899034e+01,2.886767e+01,2.906130e+01,2.889997e+01,2.879659e+01,2.884183e+01,2.874486e+01,2.853770e+01,2.853122e+01,2.834962e+01,2.801156e+01,2.795294e+01,2.792036e+01,2.793339e+01,2.803760e+01,2.802458e+01,2.819373e+01,2.842749e+01,2.842100e+01,2.828469e+01,2.847289e+01,2.851826e+01,2.849234e+01,2.867369e+01,2.850530e+01,2.840803e+01,2.845992e+01,2.844046e+01,2.845992e+01,2.840803e+01,2.828469e+01,2.844046e+01,2.831067e+01,2.811569e+01,2.831717e+01,2.821972e+01,2.810268e+01,2.808316e+01,2.797248e+01,2.784865e+01,2.761362e+01,2.720763e+01,2.716826e+01,2.670786e+01,2.617261e+01,2.593385e+01,2.558802e+01,2.508052e+01,2.483927e+01,2.465124e+01,2.463780e+01,2.464452e+01,2.462436e+01,2.469156e+01,2.465796e+01,2.473187e+01,2.471172e+01,2.481243e+01,2.471844e+01,2.467141e+01,2.471172e+01,2.476544e+01,2.469828e+01,2.474530e+01,2.461091e+01,2.471172e+01,2.482585e+01,2.484598e+01,2.482585e+01,2.488622e+01,2.482585e+01,2.480572e+01,2.481914e+01,2.490634e+01,2.482585e+01,2.487281e+01,2.489293e+01,2.481243e+01,2.481243e+01,2.494656e+01,2.476544e+01,2.479901e+01,2.485269e+01,2.479230e+01,2.481243e+01,2.489964e+01,2.483927e+01,2.490634e+01,2.479230e+01,2.490634e+01,2.489964e+01,2.490634e+01,2.482585e+01,2.487281e+01,2.487952e+01,2.489964e+01,2.487952e+01,2.483256e+01,2.489964e+01,2.491975e+01,2.488622e+01,2.500017e+01,2.489293e+01,2.483927e+01,2.485940e+01,2.494656e+01,2.489293e+01,2.495997e+01,2.487952e+01,2.483256e+01,2.493986e+01,2.500017e+01,2.487281e+01,2.498677e+01,2.500017e+01,2.494656e+01,2.491305e+01,2.496667e+01,2.495997e+01,2.501357e+01,2.493986e+01,2.491305e+01,2.487952e+01,2.491305e+01,2.498677e+01,2.500017e+01,2.501357e+01,2.502696e+01,2.498007e+01,2.489293e+01,2.493316e+01,2.497337e+01,2.497337e+01,2.502026e+01,2.502026e+01,2.498677e+01,2.493986e+01,2.497337e+01,2.492645e+01,2.493986e+01,2.497337e+01,2.498007e+01,2.512737e+01,2.499347e+01,2.497337e+01,2.501357e+01,2.500017e+01,2.502026e+01,2.503366e+01,2.485269e+01,2.501357e+01,2.492645e+01,2.493986e+01,2.502696e+01,2.501357e+01,2.501357e+01,2.499347e+01,2.499347e+01,2.500017e+01,2.497337e+01,2.495326e+01,2.491305e+01,2.498007e+01,2.494656e+01,2.493316e+01,2.499347e+01,2.493986e+01,2.499347e+01,2.498007e+01,2.499347e+01,2.501357e+01,2.501357e+01,2.504705e+01,2.502696e+01,2.506044e+01,2.508722e+01,2.505375e+01,2.498677e+01,2.493316e+01,2.510730e+01,2.495997e+01,2.497337e+01,2.499347e+01,2.506713e+01,2.506044e+01,2.508722e+01,2.512068e+01,2.504705e+01,2.513406e+01,2.514075e+01,2.512068e+01,2.515413e+01,2.503366e+01,2.512068e+01,2.515413e+01,2.506044e+01,2.510060e+01,2.510730e+01,2.515413e+01,2.512737e+01,2.505375e+01,2.519426e+01,2.509391e+01,2.517419e+01,2.516082e+01,2.510730e+01,2.496667e+01,2.516082e+01,2.522768e+01,2.514744e+01,2.518088e+01,2.512737e+01,2.508722e+01,2.510060e+01,2.515413e+01,2.504035e+01,2.506713e+01,2.516751e+01,2.518088e+01,2.512068e+01,2.512068e+01,2.516751e+01,2.505375e+01,2.508722e+01,2.514075e+01,2.511399e+01,2.514744e+01,2.511399e+01,2.512737e+01,2.512737e+01,2.514744e+01,2.508052e+01,2.517419e+01,2.508722e+01,2.503366e+01,2.510060e+01,2.517419e+01,2.509391e+01,2.512068e+01,2.512068e+01,2.511399e+01,2.506044e+01,2.517419e+01,2.519426e+01,2.514075e+01,2.509391e+01,2.511399e+01,2.508052e+01,2.510060e+01,2.504705e+01,2.513406e+01,2.509391e+01,2.506713e+01,2.514075e+01,2.512068e+01,2.506044e+01,2.504705e+01,2.491305e+01,2.504035e+01,2.496667e+01,2.492645e+01,2.488622e+01,2.479901e+01,2.470500e+01,2.483256e+01,2.477887e+01,2.481914e+01,2.481243e+01,2.479230e+01,2.479901e+01,2.491305e+01,2.476544e+01,2.485940e+01,2.487281e+01,2.491975e+01,2.465796e+01,2.480572e+01,2.473187e+01,2.472515e+01,2.483927e+01,2.477887e+01,2.475201e+01,2.472515e+01,2.473187e+01,2.476544e+01,2.462436e+01,2.484598e+01,2.478558e+01,2.460419e+01,2.454365e+01,2.454365e+01,2.463780e+01,2.417969e+01,2.436183e+01,2.459746e+01,2.456383e+01,2.437531e+01,2.434161e+01,2.405809e+01,2.394311e+01,2.396341e+01,2.378735e+01,2.361099e+01,2.348192e+01,2.363814e+01,2.350911e+01,2.351590e+01,2.384833e+01,2.402428e+01,2.423369e+01,2.457728e+01,2.465796e+01,2.466469e+01,2.469156e+01,2.482585e+01,2.481914e+01,2.493986e+01,2.515413e+01,2.511399e+01,2.504035e+01,2.503366e+01,2.516751e+01,2.500017e+01,2.511399e+01,2.502696e+01,2.490634e+01,2.506713e+01,2.510060e+01,2.508722e+01,2.496667e+01,2.508722e+01,2.496667e+01,2.499347e+01,2.493316e+01,2.512068e+01,2.495997e+01,2.504705e+01,2.493986e+01,2.504035e+01,2.498007e+01,2.515413e+01,2.497337e+01,2.492645e+01,2.497337e+01,2.500017e+01,2.500017e+01,2.509391e+01,2.510060e+01,2.489293e+01,2.492645e+01,2.504035e+01,2.491975e+01,2.505375e+01,2.489293e+01,2.489964e+01,2.491305e+01,2.491305e+01,2.481914e+01,2.489964e+01,2.483927e+01,2.481243e+01,2.486610e+01,2.487281e+01,2.485269e+01,2.495326e+01,2.491305e+01,2.492645e+01,2.479230e+01,2.479901e+01,2.492645e+01,2.489964e+01,2.493316e+01,2.483927e+01,2.503366e+01,2.476544e+01,2.485269e+01,2.491305e+01,2.498007e+01,2.485940e+01,2.479230e+01,2.481243e+01,2.485269e+01,2.493986e+01,2.491975e+01,2.493316e+01,2.485940e+01,2.502696e+01,2.485940e+01,2.481243e+01,2.477216e+01,2.508722e+01,2.479901e+01,2.467813e+01,2.473187e+01,2.481914e+01,2.466469e+01,2.467813e+01,2.480572e+01,2.482585e+01,2.473187e+01,2.477216e+01,2.480572e+01,2.475873e+01,2.489293e+01,2.473187e+01,2.469156e+01,2.483256e+01,2.489293e+01,2.449654e+01,2.467141e+01
2.452346e+01,2.460419e+01,2.453019e+01,2.451673e+01,2.443594e+01,2.449654e+01,2.457728e+01,2.459073e+01,2.443594e+01,2.450327e+01,2.461091e+01,2.458401e+01,2.461091e+01,2.455038e+01,2.457056e+01,2.459073e+01,2.461763e+01,2.472515e+01,2.462436e+01,2.463780e+01,2.472515e+01,2.469156e+01,2.457056e+01,2.457728e+01,2.472515e+01,2.469828e+01,2.468484e+01,2.477887e+01,2.471172e+01,2.455038e+01,2.469828e+01,2.484598e+01,2.468484e+01,2.479230e+01,2.499347e+01,2.479901e+01,2.481914e+01,2.482585e+01,2.487952e+01,2.474530e+01,2.473858e+01,2.472515e+01,2.483927e+01,2.485940e+01,2.477887e+01,2.483927e+01,2.491975e+01,2.476544e+01,2.487281e+01,2.488622e+01,2.488622e+01,2.487952e+01,2.506713e+01,2.477216e+01,2.502026e+01,2.492645e+01,2.495326e+01,2.489964e+01,2.480572e+01,2.489293e+01,2.483256e+01,2.482585e+01,2.492645e+01,2.491975e+01,2.496667e+01,2.481914e+01,2.504035e+01,2.493986e+01,2.498007e+01,2.495326e+01,2.463780e+01,2.485940e+01,2.494656e+01,2.493316e+01,2.493316e+01,2.485269e+01,2.481914e+01,2.483256e+01,2.484598e+01,2.485940e+01,2.483256e+01,2.498677e+01,2.489964e+01,2.483256e+01,2.493316e+01,2.480572e+01,2.483927e+01,2.474530e+01,2.499347e+01,2.485269e+01,2.498007e+01,2.482585e+01,2.489293e+01,2.482585e+01,2.485940e+01,2.489293e+01,2.480572e+01,2.489964e+01,2.479901e+01,2.488622e+01,2.500687e+01,2.487952e+01,2.488622e+01,2.483927e+01,2.481243e+01,2.481243e+01,2.481243e+01,2.481914e+01,2.491305e+01,2.470500e+01,2.473187e+01,2.474530e+01,2.477216e+01,2.478558e+01,2.485940e+01,2.472515e+01,2.478558e+01,2.481914e+01,2.481914e+01,2.469828e+01,2.474530e+01,2.489293e+01,2.472515e+01,2.469828e+01,2.467813e+01,2.465796e+01,2.471844e+01,2.473187e+01,2.469156e+01,2.473858e+01,2.465124e+01,2.481914e+01,2.461763e+01,2.469828e+01,2.459746e+01,2.458401e+01,2.472515e+01,2.460419e+01,2.465124e+01,2.467813e+01,2.485940e+01,2.463780e+01,2.466469e+01,2.458401e+01,2.460419e+01,2.466469e+01,2.453692e+01,2.465124e+01,2.445614e+01,2.448981e+01,2.459073e+01,2.454365e+01,2.454365e+01,2.446288e+01,2.444268e+01,2.458401e+01,2.447635e+01,2.454365e+01,2.451000e+01,2.445614e+01,2.444268e+01,2.446288e+01,2.451673e+01,2.449654e+01,2.444941e+01,2.438878e+01,2.460419e+01,2.457056e+01,2.459073e+01,2.450327e+01,2.468484e+01,2.458401e+01,2.479230e+01,2.482585e+01,2.485940e+01,2.489964e+01,2.521431e+01,2.526110e+01,2.569455e+01,2.562132e+01,2.603340e+01,2.649673e+01,2.697119e+01,2.741737e+01,2.771161e+01,2.797248e+01,2.824572e+01,2.846640e+01,2.833015e+01,2.844695e+01,2.851826e+01,2.862191e+01,2.867369e+01,2.864133e+01,2.873192e+01,2.872546e+01,2.879659e+01,2.876426e+01,2.873192e+01,2.871899e+01,2.866075e+01,2.880305e+01,2.878366e+01,2.866722e+01,2.869311e+01,2.853770e+01,2.855066e+01,2.826521e+01,2.827170e+01,2.819373e+01,2.814821e+01,2.817422e+01,2.825871e+01,2.829119e+01,2.852474e+01,2.868664e+01,2.878366e+01,2.880305e+01,2.889997e+01,2.893225e+01,2.896453e+01,2.893871e+01,2.894516e+01,2.906130e+01,2.902260e+01,2.909354e+01,2.893225e+01,2.909999e+01,2.906130e+01,2.902260e+01,2.906130e+01,2.902905e+01,2.899680e+01,2.901615e+01,2.886121e+01,2.888705e+01,2.875779e+01,2.865428e+01,2.852474e+01,2.826521e+01,2.824572e+01,2.806364e+01,2.784865e+01,2.790732e+01,2.799853e+01,2.807014e+01,2.805062e+01,2.840154e+01,2.818072e+01,2.853770e+01,2.849234e+01,2.850530e+01,2.842749e+01,2.856362e+01,2.856362e+01,2.845343e+01,2.845343e+01,2.857010e+01,2.842749e+01,2.844695e+01,2.846640e+01,2.833664e+01,2.836261e+01,2.847937e+01,2.831067e+01,2.823272e+01,2.822622e+01,2.800504e+01,2.798551e+01,2.773772e+01,2.779646e+01,2.733221e+01,2.715514e+01,2.660235e+01,2.635133e+01,2.604004e+01,2.553472e+01,2.522768e+01,2.483927e+01,2.483927e+01,2.461091e+01,2.477887e+01,2.475201e+01,2.475201e+01,2.477887e+01,2.465796e+01,2.467141e+01,2.473858e+01,2.470500e+01,2.475201e+01,2.480572e+01,2.476544e+01,2.468484e+01,2.485940e+01,2.471844e+01,2.473187e+01,2.478558e+01,2.483927e+01,2.470500e+01,2.481914e+01,2.489964e+01,2.479901e+01,2.493316e+01,2.489293e+01,2.483927e+01,2.487952e+01,2.487281e+01,2.493316e+01,2.491975e+01,2.495326e+01,2.495326e+01,2.484598e+01,2.495997e+01,2.479901e+01,2.481914e+01,2.491305e+01,2.484598e+01,2.487281e+01,2.491975e+01,2.491305e+01,2.489293e+01,2.483927e+01,2.483256e+01,2.504705e+01,2.487952e+01,2.494656e+01,2.479901e+01,2.495326e+01,2.487952e+01,2.490634e+01,2.492645e+01,2.488622e+01,2.492645e+01,2.495326e+01,2.491305e+01,2.493316e+01,2.491975e+01,2.493986e+01,2.490634e+01,2.497337e+01,2.496667e+01,2.490634e+01,2.487952e+01,2.490634e+01,2.485269e+01,2.504705e+01,2.493316e+01,2.494656e+01,2.495326e+01,2.486610e+01,2.504035e+01,2.488622e+01,2.505375e+01,2.502696e+01,2.503366e+01,2.494656e+01,2.500687e+01,2.495997e+01,2.498007e+01,2.494656e+01,2.500687e+01,2.502696e+01,2.500687e+01,2.500687e+01,2.504035e+01,2.508052e+01,2.498007e+01,2.500687e+01,2.495326e+01,2.489964e+01,2.502026e+01,2.492645e+01,2.496667e+01,2.495326e+01,2.497337e+01,2.497337e+01,2.500017e+01,2.498677e+01,2.499347e+01,2.502026e+01,2.501357e+01,2.501357e+01,2.496667e+01,2.495326e+01,2.504035e+01,2.502696e+01,2.505375e+01,2.512068e+01,2.504035e+01,2.500017e+01,2.495326e+01,2.511399e+01,2.496667e+01,2.514075e+01,2.506044e+01,2.497337e+01,2.495326e+01,2.504705e+01,2.501357e+01,2.504035e+01,2.500017e+01,2.500017e+01,2.503366e+01,2.512737e+01,2.506713e+01,2.509391e+01,2.503366e+01,2.505375e+01,2.501357e+01,2.490634e+01,2.491975e+01,2.504035e+01,2.494656e+01,2.509391e+01,2.506044e+01,2.506044e+01,2.509391e+01,2.505375e+01,2.509391e+01,2.514075e+01,2.507383e+01,2.516082e+01,2.511399e+01,2.511399e+01,2.518088e+01,2.510060e+01,2.515413e+01,2.513406e+01,2.511399e+01,2.502696e+01,2.504035e+01,2.505375e+01,2.511399e+01,2.518757e+01,2.513406e+01,2.514744e+01,2.515413e+01,2.535461e+01,2.511399e+01,2.522100e+01,2.516082e+01,2.509391e+01,2.513406e+01,2.507383e+01,2.513406e+01,2.513406e+01,2.519426e+01,2.515413e+01,2.518088e+01,2.516751e+01,2.510730e+01,2.522100e+01,2.510730e+01,2.518757e+01,2.515413e+01,2.512068e+01,2.511399e+01,2.515413e+01,2.514744e+01,2.514744e+01,2.508052e+01,2.510060e+01,2.510060e+01,2.508722e+01,2.516082e+01,2.512737e+01,2.517419e+01,2.514744e+01,2.510730e+01,2.511399e+01,2.509391e+01,2.511399e+01,2.516082e+01,2.508052e+01,2.504705e+01,2.516082e+01,2.517419e+01,2.512737e+01,2.512068e+01,2.510730e+01,2.512068e+01,2.516082e+01,2.512068e+01,2.511399e+01,2.512068e+01,2.511399e+01,2.506713e+01,2.485940e+01,2.491305e+01,2.492645e+01,2.489293e+01,2.488622e+01,2.495326e+01,2.471844e+01,2.485940e+01,2.483256e+01,2.476544e+01,2.477887e+01,2.479901e+01,2.479901e+01,2.465796e+01,2.479901e+01,2.479230e+01,2.465796e+01,2.482585e+01,2.463780e+01,2.465796e+01,2.467813e+01,2.487281e+01,2.468484e+01,2.473187e+01,2.487952e+01,2.473858e+01,2.475201e+01,2.461763e+01,2.465796e+01,2.465796e+01,2.457056e+01,2.458401e+01,2.461091e+01,2.462436e+01,2.435509e+01,2.438878e+01,2.438878e+01,2.439552e+01,2.439552e+01,2.437531e+01,2.424719e+01,2.403105e+01,2.396341e+01,2.387542e+01,2.380091e+01,2.366529e+01,2.359062e+01,2.357704e+01,2.362457e+01,2.359741e+01,2.392281e+01,2.422694e+01,2.424719e+01,2.461763e+01,2.467141e+01,2.479230e+01,2.475201e+01,2.504035e+01,2.512068e+01,2.501357e+01,2.506044e+01,2.502026e+01,2.507383e+01,2.500687e+01,2.502696e+01,2.506713e+01,2.504705e+01,2.491975e+01,2.516082e+01,2.499347e+01,2.495997e+01,2.506713e+01,2.498677e+01,2.512737e+01,2.513406e+01,2.512068e+01,2.510060e+01,2.516751e+01,2.511399e+01,2.497337e+01,2.501357e+01,2.502026e+01,2.502026e+01,2.500687e+01,2.514075e+01,2.498677e+01,2.507383e+01,2.498007e+01,2.520094e+01,2.493986e+01,2.500687e+01,2.493986e+01,2.503366e+01,2.518088e+01,2.498677e+01,2.489293e+01,2.498007e+01,2.491305e+01,2.491975e+01,2.494656e+01,2.499347e+01,2.502696e+01,2.477887e+01,2.485269e+01,2.494656e+01,2.484598e+01,2.482585e+01,2.486610e+01,2.498677e+01,2.500687e+01,2.487952e+01,2.479230e+01,2.479901e+01,2.485940e+01,2.485940e+01,2.483927e+01,2.503366e+01,2.493316e+01,2.486610e+01,2.489964e+01,2.492645e+01,2.487952e+01,2.491305e+01,2.489964e+01,2.479901e+01,2.487281e+01,2.478558e+01,2.483256e+01,2.489293e+01,2.477887e+01,2.484598e+01,2.480572e+01,2.481914e+01,2.505375e+01,2.481243e+01,2.483256e+01,2.476544e+01,2.468484e+01,2.487952e+01,2.484598e+01,2.471172e+01,2.481914e+01,2.483256e+01,2.483927e+01,2.479230e+01,2.468484e+01,2.485940e+01,2.479230e+01,2.463780e+01,2.480572e+01,2.486610e+01,2.470500e+01,2.469828e+01
2.452346e+01,2.440226e+01,2.451673e+01,2.451000e+01,2.451673e+01,2.449654e+01,2.453692e+01,2.444941e+01,2.457056e+01,2.448308e+01,2.449654e+01,2.459073e+01,2.460419e+01,2.461763e+01,2.449654e+01,2.454365e+01,2.457056e+01,2.468484e+01,2.465796e+01,2.461091e+01,2.470500e+01,2.457728e+01,2.459746e+01,2.471172e+01,2.462436e+01,2.471172e+01,2.473187e+01,2.471844e+01,2.463780e+01,2.472515e+01,2.468484e+01,2.462436e+01,2.471172e+01,2.472515e+01,2.478558e+01,2.477887e+01,2.481243e+01,2.481914e+01,2.484598e+01,2.475873e+01,2.477887e+01,2.475873e+01,2.473858e+01,2.485940e+01,2.475873e+01,2.477887e+01,2.483927e+01,2.486610e+01,2.484598e+01,2.475873e+01,2.485940e+01,2.487281e+01,2.487281e+01,2.489964e+01,2.489293e+01,2.485940e+01,2.482585e+01,2.497337e+01,2.488622e+01,2.477887e+01,2.488622e+01,2.501357e+01,2.491305e+01,2.499347e+01,2.493316e+01,2.489964e+01,2.508722e+01,2.487952e+01,2.493986e+01,2.490634e+01,2.485269e+01,2.491975e+01,2.495997e+01,2.485940e+01,2.485940e+01,2.479901e+01,2.483256e+01,2.477887e+01,2.494656e+01,2.496667e+01,2.483256e+01,2.481243e+01,2.490634e+01,2.489964e+01,2.490634e+01,2.487281e+01,2.485269e+01,2.473187e+01,2.485940e+01,2.479901e+01,2.496667e+01,2.483256e+01,2.485269e+01,2.483927e+01,2.482585e+01,2.489964e+01,2.483927e+01,2.483927e+01,2.483256e+01,2.474530e+01,2.502026e+01,2.487281e+01,2.487952e+01,2.487952e+01,2.485269e+01,2.488622e+01,2.482585e+01,2.479230e+01,2.476544e+01,2.476544e+01,2.480572e+01,2.470500e+01,2.478558e+01,2.478558e+01,2.481243e+01,2.473858e+01,2.472515e+01,2.469828e+01,2.471172e+01,2.483927e+01,2.478558e+01,2.470500e+01,2.459746e+01,2.463108e+01,2.468484e+01,2.464452e+01,2.469156e+01,2.465124e+01,2.469828e+01,2.467141e+01,2.468484e+01,2.460419e+01,2.467141e+01,2.471172e+01,2.463108e+01,2.463780e+01,2.469156e+01,2.462436e+01,2.456383e+01,2.465796e+01,2.449654e+01,2.452346e+01,2.448981e+01,2.469828e+01,2.451000e+01,2.457728e+01,2.457728e+01,2.446961e+01,2.459073e+01,2.447635e+01,2.465796e+01,2.458401e+01,2.461091e+01,2.443594e+01,2.464452e+01,2.446961e+01,2.446288e+01,2.457728e+01,2.451000e+01,2.451673e+01,2.458401e+01,2.455038e+01,2.438205e+01,2.448981e+01,2.450327e+01,2.449654e+01,2.440226e+01,2.455038e+01,2.458401e+01,2.448308e+01,2.459073e+01,2.478558e+01,2.475201e+01,2.472515e+01,2.478558e+01,2.487281e+01,2.512737e+01,2.536129e+01,2.538131e+01,2.571451e+01,2.589401e+01,2.649012e+01,2.697777e+01,2.754170e+01,2.771161e+01,2.788777e+01,2.814821e+01,2.838208e+01,2.847937e+01,2.839505e+01,2.868664e+01,2.858953e+01,2.868664e+01,2.866075e+01,2.873839e+01,2.866722e+01,2.875779e+01,2.866075e+01,2.875133e+01,2.877719e+01,2.877719e+01,2.882244e+01,2.871252e+01,2.864133e+01,2.871252e+01,2.858953e+01,2.856362e+01,2.852474e+01,2.849882e+01,2.837559e+01,2.820673e+01,2.825221e+01,2.839505e+01,2.833015e+01,2.855714e+01,2.858305e+01,2.871252e+01,2.877073e+01,2.873192e+01,2.890642e+01,2.893871e+01,2.891288e+01,2.886767e+01,2.886767e+01,2.911932e+01,2.899680e+01,2.908064e+01,2.907420e+01,2.906775e+01,2.897098e+01,2.908064e+01,2.901615e+01,2.906775e+01,2.901615e+01,2.894516e+01,2.873839e+01,2.880951e+01,2.860896e+01,2.834962e+01,2.829768e+01,2.827820e+01,2.816772e+01,2.795945e+01,2.794642e+01,2.792036e+01,2.797899e+01,2.823922e+01,2.841452e+01,2.847289e+01,2.838857e+01,2.840803e+01,2.837559e+01,2.853770e+01,2.853770e+01,2.849234e+01,2.847937e+01,2.853122e+01,2.866722e+01,2.851826e+01,2.842100e+01,2.845343e+01,2.844046e+01,2.845992e+01,2.835612e+01,2.831717e+01,2.833664e+01,2.825221e+01,2.814171e+01,2.804411e+01,2.781603e+01,2.784212e+01,2.729289e+01,2.719451e+01,2.685277e+01,2.650994e+01,2.604667e+01,2.552805e+01,2.512737e+01,2.484598e+01,2.473187e+01,2.469828e+01,2.467141e+01,2.464452e+01,2.471844e+01,2.465796e+01,2.465796e+01,2.465796e+01,2.469828e+01,2.471844e+01,2.469156e+01,2.473858e+01,2.478558e+01,2.474530e+01,2.466469e+01,2.475873e+01,2.470500e+01,2.470500e+01,2.469828e+01,2.483927e+01,2.479901e+01,2.477887e+01,2.489964e+01,2.481914e+01,2.486610e+01,2.484598e+01,2.481243e+01,2.482585e+01,2.489964e+01,2.485269e+01,2.478558e+01,2.497337e+01,2.479230e+01,2.478558e+01,2.481243e+01,2.482585e+01,2.492645e+01,2.487952e+01,2.489964e+01,2.490634e+01,2.491305e+01,2.475201e+01,2.486610e+01,2.489964e+01,2.487952e+01,2.477887e+01,2.487952e+01,2.487952e+01,2.491305e+01,2.492645e+01,2.487281e+01,2.483256e+01,2.493986e+01,2.492645e+01,2.500017e+01,2.485940e+01,2.491305e+01,2.491975e+01,2.495326e+01,2.491975e+01,2.498007e+01,2.498007e+01,2.495326e+01,2.485940e+01,2.487952e+01,2.507383e+01,2.502026e+01,2.487952e+01,2.490634e+01,2.495326e+01,2.495326e+01,2.492645e+01,2.495326e+01,2.496667e+01,2.489964e+01,2.504705e+01,2.498677e+01,2.489964e+01,2.493316e+01,2.495997e+01,2.498007e+01,2.498677e+01,2.498007e+01,2.498677e+01,2.502026e+01,2.486610e+01,2.498007e+01,2.498677e+01,2.496667e+01,2.498007e+01,2.501357e+01,2.510730e+01,2.509391e+01,2.493316e+01,2.510730e+01,2.493986e+01,2.501357e+01,2.494656e+01,2.498677e+01,2.493986e+01,2.498677e+01,2.516751e+01,2.500687e+01,2.504705e+01,2.494656e+01,2.495997e+01,2.505375e+01,2.496667e+01,2.512068e+01,2.500687e+01,2.511399e+01,2.495997e+01,2.491305e+01,2.498677e+01,2.500017e+01,2.496667e+01,2.498677e+01,2.498677e+01,2.499347e+01,2.496667e+01,2.503366e+01,2.500687e+01,2.502026e+01,2.510060e+01,2.498007e+01,2.504705e+01,2.502026e+01,2.499347e+01,2.504035e+01,2.512737e+01,2.497337e+01,2.495997e+01,2.510060e+01,2.515413e+01,2.509391e+01,2.503366e+01,2.513406e+01,2.509391e+01,2.504035e+01,2.504705e+01,2.503366e+01,2.508052e+01,2.512737e+01,2.514075e+01,2.500687e+01,2.514744e+01,2.515413e+01,2.505375e+01,2.504705e+01,2.503366e+01,2.504035e+01,2.501357e+01,2.513406e+01,2.513406e+01,2.524105e+01,2.512068e+01,2.511399e+01,2.515413e+01,2.515413e+01,2.516082e+01,2.514744e+01,2.504035e+01,2.510060e+01,2.512068e+01,2.512737e+01,2.505375e+01,2.501357e+01,2.513406e+01,2.507383e+01,2.514075e+01,2.519426e+01,2.520763e+01,2.518757e+01,2.507383e+01,2.515413e+01,2.509391e+01,2.515413e+01,2.510060e+01,2.512068e+01,2.503366e+01,2.508052e+01,2.512068e+01,2.511399e+01,2.514744e+01,2.509391e+01,2.518757e+01,2.510060e+01,2.515413e+01,2.510730e+01,2.511399e+01,2.516751e+01,2.512068e+01,2.509391e+01,2.510730e+01,2.506044e+01,2.518088e+01,2.518088e+01,2.506044e+01,2.513406e+01,2.516082e+01,2.513406e+01,2.512068e+01,2.513406e+01,2.500687e+01,2.503366e+01,2.502696e+01,2.501357e+01,2.493316e+01,2.469156e+01,2.487952e+01,2.489293e+01,2.482585e+01,2.468484e+01,2.463108e+01,2.468484e+01,2.453019e+01,2.460419e+01,2.459746e+01,2.460419e+01,2.463780e+01,2.467813e+01,2.465124e+01,2.464452e+01,2.468484e+01,2.463108e+01,2.463108e+01,2.469828e+01,2.463780e+01,2.467141e+01,2.487281e+01,2.462436e+01,2.471844e+01,2.473187e+01,2.466469e+01,2.464452e+01,2.463780e+01,2.455710e+01,2.464452e+01,2.467813e+01,2.458401e+01,2.457056e+01,2.450327e+01,2.434835e+01,2.440226e+01,2.433487e+01,2.437531e+01,2.429441e+01,2.411891e+01,2.404457e+01,2.397694e+01,2.382123e+01,2.380768e+01,2.380768e+01,2.346833e+01,2.355667e+01,2.352270e+01,2.363814e+01,2.357704e+01,2.394988e+01,2.423369e+01,2.430790e+01,2.461763e+01,2.463108e+01,2.470500e+01,2.479230e+01,2.482585e+01,2.500687e+01,2.502696e+01,2.505375e+01,2.500017e+01,2.504035e+01,2.498007e+01,2.498007e+01,2.500687e+01,2.500687e+01,2.493986e+01,2.510730e+01,2.494656e+01,2.493986e+01,2.496667e+01,2.508722e+01,2.513406e+01,2.499347e+01,2.510730e+01,2.509391e+01,2.500017e+01,2.512068e+01,2.508052e+01,2.508052e+01,2.498007e+01,2.485269e+01,2.491975e+01,2.504035e+01,2.483256e+01,2.500687e+01,2.501357e+01,2.500017e+01,2.510730e+01,2.492645e+01,2.493986e+01,2.497337e+01,2.491305e+01,2.497337e+01,2.488622e+01,2.495326e+01,2.484598e+01,2.490634e+01,2.481243e+01,2.499347e+01,2.489293e+01,2.477216e+01,2.497337e+01,2.482585e+01,2.496667e+01,2.497337e+01,2.481914e+01,2.485269e+01,2.487952e+01,2.491975e+01,2.485269e+01,2.482585e+01,2.488622e+01,2.487281e+01,2.488622e+01,2.491305e+01,2.478558e+01,2.489964e+01,2.477887e+01,2.492645e+01,2.487281e+01,2.468484e+01,2.483927e+01,2.486610e+01,2.482585e+01,2.482585e+01,2.481243e+01,2.493316e+01,2.483927e+01,2.481243e+01,2.474530e+01,2.479901e+01,2.481243e+01,2.481914e+01,2.477887e+01,2.479230e+01,2.478558e+01,2.483927e+01,2.468484e+01,2.483927e+01,2.508722e+01,2.479230e+01,2.471172e+01,2.472515e+01,2.477216e+01,2.481243e+01,2.462436e+01,2.467141e+01,2.481914e+01,2.471172e+01,2.452346e+01,2.471172e+01
2.466469e+01,2.459073e+01,2.455710e+01,2.448981e+01,2.454365e+01,2.451673e+01,2.439552e+01,2.454365e+01,2.447635e+01,2.455038e+01,2.465796e+01,2.456383e+01,2.459746e+01,2.458401e+01,2.461763e+01,2.468484e+01,2.455038e+01,2.471172e+01,2.470500e+01,2.471172e+01,2.457056e+01,2.470500e+01,2.470500e+01,2.465796e+01,2.463780e+01,2.467813e+01,2.467813e+01,2.487281e+01,2.457056e+01,2.470500e+01,2.458401e+01,2.473187e+01,2.458401e+01,2.483256e+01,2.475873e+01,2.474530e+01,2.468484e+01,2.483927e+01,2.477216e+01,2.471172e+01,2.481914e+01,2.475201e+01,2.473858e+01,2.484598e+01,2.477887e+01,2.487952e+01,2.486610e+01,2.487952e+01,2.480572e+01,2.491975e+01,2.487281e+01,2.483927e+01,2.487952e+01,2.489293e+01,2.491975e+01,2.491305e+01,2.493986e+01,2.486610e+01,2.488622e+01,2.485940e+01,2.479230e+01,2.479230e+01,2.493316e+01,2.485269e+01,2.491305e+01,2.489293e+01,2.485269e+01,2.494656e+01,2.495326e+01,2.489293e+01,2.490634e+01,2.487952e+01,2.489964e+01,2.490634e+01,2.496667e+01,2.492645e+01,2.495997e+01,2.489293e+01,2.484598e+01,2.491305e+01,2.493316e+01,2.493316e+01,2.490634e+01,2.492645e+01,2.481914e+01,2.480572e+01,2.491305e+01,2.485269e+01,2.486610e+01,2.495326e+01,2.487281e+01,2.491305e+01,2.491305e+01,2.493986e+01,2.490634e+01,2.482585e+01,2.495326e+01,2.489964e+01,2.484598e+01,2.487281e+01,2.479230e+01,2.489964e+01,2.483927e+01,2.484598e+01,2.485940e+01,2.481914e+01,2.479901e+01,2.477216e+01,2.482585e+01,2.474530e+01,2.472515e+01,2.475873e+01,2.473187e+01,2.479901e+01,2.477887e+01,2.482585e+01,2.470500e+01,2.484598e+01,2.475201e+01,2.481914e+01,2.455038e+01,2.481243e+01,2.481243e+01,2.477216e+01,2.479230e+01,2.477887e+01,2.467813e+01,2.467813e+01,2.457056e+01,2.467813e+01,2.471844e+01,2.469156e+01,2.471844e+01,2.469828e+01,2.470500e+01,2.467813e+01,2.463108e+01,2.463780e+01,2.451000e+01,2.463780e+01,2.464452e+01,2.459746e+01,2.463780e+01,2.459746e+01,2.458401e+01,2.468484e+01,2.451000e+01,2.453019e+01,2.456383e+01,2.461091e+01,2.461091e+01,2.454365e+01,2.461091e+01,2.459746e+01,2.451673e+01,2.447635e+01,2.441573e+01,2.452346e+01,2.460419e+01,2.453019e+01,2.445614e+01,2.449654e+01,2.448308e+01,2.455038e+01,2.451000e+01,2.454365e+01,2.443594e+01,2.455710e+01,2.447635e+01,2.465124e+01,2.451000e+01,2.465796e+01,2.473187e+01,2.475201e+01,2.473858e+01,2.506044e+01,2.528782e+01,2.535461e+01,2.553472e+01,2.554804e+01,2.582092e+01,2.653635e+01,2.695804e+01,2.760055e+01,2.786169e+01,2.790732e+01,2.834962e+01,2.838857e+01,2.847289e+01,2.861543e+01,2.862838e+01,2.853122e+01,2.869958e+01,2.858953e+01,2.873839e+01,2.869958e+01,2.876426e+01,2.878366e+01,2.877073e+01,2.878366e+01,2.875133e+01,2.878366e+01,2.884183e+01,2.884183e+01,2.873839e+01,2.862838e+01,2.852474e+01,2.850530e+01,2.838208e+01,2.838857e+01,2.819373e+01,2.820673e+01,2.827170e+01,2.848585e+01,2.850530e+01,2.866722e+01,2.869958e+01,2.887413e+01,2.894516e+01,2.893871e+01,2.900970e+01,2.895162e+01,2.889351e+01,2.888705e+01,2.908064e+01,2.897744e+01,2.909354e+01,2.899680e+01,2.906775e+01,2.910643e+01,2.904195e+01,2.902260e+01,2.899034e+01,2.900970e+01,2.888705e+01,2.884183e+01,2.866075e+01,2.862838e+01,2.833664e+01,2.842749e+01,2.829768e+01,2.811569e+01,2.795294e+01,2.787473e+01,2.790732e+01,2.792036e+01,2.815471e+01,2.839505e+01,2.853770e+01,2.850530e+01,2.852474e+01,2.855066e+01,2.855066e+01,2.859601e+01,2.858953e+01,2.843398e+01,2.847937e+01,2.858305e+01,2.851826e+01,2.845343e+01,2.846640e+01,2.845992e+01,2.838208e+01,2.829768e+01,2.836261e+01,2.827820e+01,2.823272e+01,2.797248e+01,2.804411e+01,2.780951e+01,2.771161e+01,2.752862e+01,2.726666e+01,2.680010e+01,2.653635e+01,2.609971e+01,2.563464e+01,2.541468e+01,2.485269e+01,2.485269e+01,2.474530e+01,2.471172e+01,2.467141e+01,2.477887e+01,2.457728e+01,2.473858e+01,2.465796e+01,2.471844e+01,2.469828e+01,2.472515e+01,2.475201e+01,2.473187e+01,2.472515e+01,2.469156e+01,2.472515e+01,2.471844e+01,2.471844e+01,2.476544e+01,2.469156e+01,2.483927e+01,2.473858e+01,2.478558e+01,2.483927e+01,2.490634e+01,2.494656e+01,2.496667e+01,2.477887e+01,2.484598e+01,2.489964e+01,2.485940e+01,2.490634e+01,2.487281e+01,2.488622e+01,2.485269e+01,2.489964e+01,2.487281e+01,2.486610e+01,2.494656e+01,2.489964e+01,2.480572e+01,2.489293e+01,2.491305e+01,2.485269e+01,2.489293e+01,2.489964e+01,2.488622e+01,2.487952e+01,2.489293e+01,2.490634e+01,2.486610e+01,2.493986e+01,2.490634e+01,2.488622e+01,2.491975e+01,2.486610e+01,2.495997e+01,2.493316e+01,2.491305e+01,2.489964e+01,2.494656e+01,2.495326e+01,2.487281e+01,2.491305e+01,2.500687e+01,2.495997e+01,2.485269e+01,2.475873e+01,2.484598e+01,2.495997e+01,2.493986e+01,2.491305e+01,2.489293e+01,2.498677e+01,2.497337e+01,2.507383e+01,2.493316e+01,2.490634e+01,2.495326e+01,2.493986e+01,2.498007e+01,2.504705e+01,2.495326e+01,2.495326e+01,2.498677e+01,2.497337e+01,2.498677e+01,2.498007e+01,2.497337e+01,2.504035e+01,2.497337e+01,2.504035e+01,2.503366e+01,2.493986e+01,2.502026e+01,2.495997e+01,2.499347e+01,2.500017e+01,2.498677e+01,2.498007e+01,2.502696e+01,2.499347e+01,2.498677e+01,2.498677e+01,2.498007e+01,2.492645e+01,2.505375e+01,2.507383e+01,2.504035e+01,2.502026e+01,2.497337e+01,2.503366e+01,2.495326e+01,2.498007e+01,2.499347e+01,2.497337e+01,2.501357e+01,2.495326e+01,2.507383e+01,2.504035e+01,2.498677e+01,2.515413e+01,2.498677e+01,2.518757e+01,2.497337e+01,2.506044e+01,2.508052e+01,2.502026e+01,2.497337e+01,2.508722e+01,2.504035e+01,2.512737e+01,2.510060e+01,2.514744e+01,2.510060e+01,2.506713e+01,2.504705e+01,2.505375e+01,2.502026e+01,2.505375e+01,2.512068e+01,2.506044e+01,2.513406e+01,2.511399e+01,2.518088e+01,2.509391e+01,2.515413e+01,2.506044e+01,2.504035e+01,2.510730e+01,2.506044e+01,2.501357e+01,2.511399e+01,2.518088e+01,2.510730e+01,2.511399e+01,2.504705e+01,2.518088e+01,2.517419e+01,2.525442e+01,2.520763e+01,2.520763e+01,2.511399e+01,2.512737e+01,2.510730e+01,2.515413e+01,2.512068e+01,2.510730e+01,2.514744e+01,2.511399e+01,2.506713e+01,2.498677e+01,2.495997e+01,2.502026e+01,2.515413e+01,2.514075e+01,2.501357e+01,2.511399e+01,2.506713e+01,2.507383e+01,2.502696e+01,2.506713e+01,2.500687e+01,2.504035e+01,2.504035e+01,2.509391e+01,2.510060e+01,2.511399e+01,2.506713e+01,2.510060e+01,2.513406e+01,2.511399e+01,2.510730e+01,2.512068e+01,2.518757e+01,2.506044e+01,2.503366e+01,2.507383e+01,2.502026e+01,2.519426e+01,2.511399e+01,2.493986e+01,2.504705e+01,2.507383e+01,2.504705e+01,2.483927e+01,2.496667e+01,2.481914e+01,2.484598e+01,2.465796e+01,2.465796e+01,2.457728e+01,2.455038e+01,2.462436e+01,2.457056e+01,2.448981e+01,2.471172e+01,2.461763e+01,2.461763e+01,2.478558e+01,2.463780e+01,2.464452e+01,2.466469e+01,2.469156e+01,2.466469e+01,2.459073e+01,2.464452e+01,2.465124e+01,2.463780e+01,2.467141e+01,2.477887e+01,2.447635e+01,2.471844e+01,2.460419e+01,2.466469e+01,2.463108e+01,2.467813e+01,2.480572e+01,2.471172e+01,2.475201e+01,2.454365e+01,2.458401e+01,2.441573e+01,2.462436e+01,2.438878e+01,2.440900e+01,2.431464e+01,2.405133e+01,2.397018e+01,2.382123e+01,2.384833e+01,2.376702e+01,2.363814e+01,2.357704e+01,2.357025e+01,2.345473e+01,2.357025e+01,2.391604e+01,2.395664e+01,2.418644e+01,2.444941e+01,2.471844e+01,2.463780e+01,2.469828e+01,2.489293e+01,2.508052e+01,2.481243e+01,2.510730e+01,2.500687e+01,2.496667e+01,2.501357e+01,2.497337e+01,2.496667e+01,2.502696e+01,2.498677e+01,2.515413e+01,2.494656e+01,2.509391e+01,2.516082e+01,2.494656e+01,2.498007e+01,2.512068e+01,2.510060e+01,2.508052e+01,2.503366e+01,2.508722e+01,2.490634e+01,2.504705e+01,2.502696e+01,2.512737e+01,2.481243e+01,2.482585e+01,2.494656e+01,2.508722e+01,2.489293e+01,2.487281e+01,2.508722e+01,2.496667e+01,2.513406e+01,2.493316e+01,2.493316e+01,2.489293e+01,2.501357e+01,2.493986e+01,2.496667e+01,2.502696e+01,2.494656e+01,2.496667e+01,2.487281e+01,2.485940e+01,2.493986e+01,2.483927e+01,2.485269e+01,2.480572e+01,2.477887e+01,2.487281e+01,2.482585e+01,2.490634e+01,2.490634e+01,2.493986e+01,2.494656e+01,2.486610e+01,2.489293e+01,2.482585e+01,2.491975e+01,2.484598e+01,2.487952e+01,2.475873e+01,2.483927e+01,2.491305e+01,2.497337e+01,2.485940e+01,2.477216e+01,2.483256e+01,2.482585e+01,2.479901e+01,2.487281e+01,2.477887e+01,2.480572e+01,2.484598e+01,2.481914e+01,2.479901e+01,2.491305e+01,2.480572e+01,2.486610e+01,2.481914e+01,2.480572e+01,2.476544e+01,2.476544e+01,2.483256e+01,2.483256e+01,2.479901e+01,2.470500e+01,2.476544e+01,2.480572e+01,2.479901e+01,2.476544e+01,2.455710e+01,2.477887e+01,2.487281e+01,2.472515e+01
2.450327e+01,2.453692e+01,2.461091e+01,2.457728e+01,2.466469e+01,2.446961e+01,2.452346e+01,2.442921e+01,2.457728e+01,2.461091e+01,2.459746e+01,2.457056e+01,2.461091e+01,2.455710e+01,2.455710e+01,2.459073e+01,2.452346e+01,2.468484e+01,2.470500e+01,2.462436e+01,2.473858e+01,2.463108e+01,2.467141e+01,2.459746e+01,2.465124e+01,2.467813e+01,2.461763e+01,2.452346e+01,2.462436e+01,2.466469e+01,2.467141e+01,2.475201e+01,2.473187e+01,2.481914e+01,2.479901e+01,2.474530e+01,2.478558e+01,2.469828e+01,2.471172e+01,2.487281e+01,2.487952e+01,2.487281e+01,2.479901e+01,2.481243e+01,2.479230e+01,2.485269e+01,2.496667e+01,2.486610e+01,2.483256e+01,2.497337e+01,2.479901e+01,2.481914e+01,2.484598e+01,2.488622e+01,2.493316e+01,2.485940e+01,2.483927e+01,2.490634e+01,2.485940e+01,2.480572e+01,2.481243e+01,2.486610e+01,2.490634e+01,2.489293e+01,2.500017e+01,2.487952e+01,2.502696e+01,2.487281e+01,2.491975e+01,2.498007e+01,2.491305e+01,2.487281e+01,2.491305e+01,2.474530e+01,2.496667e+01,2.483927e+01,2.483256e+01,2.485269e+01,2.486610e+01,2.492645e+01,2.500687e+01,2.479230e+01,2.478558e+01,2.485269e+01,2.486610e+01,2.471844e+01,2.469828e+01,2.482585e+01,2.490634e+01,2.487952e+01,2.489964e+01,2.486610e+01,2.488622e+01,2.491305e+01,2.485269e+01,2.485940e+01,2.485269e+01,2.483256e+01,2.475873e+01,2.474530e+01,2.483927e+01,2.486610e+01,2.485940e+01,2.492645e+01,2.497337e+01,2.484598e+01,2.477216e+01,2.492645e+01,2.491975e+01,2.481914e+01,2.475201e+01,2.479230e+01,2.479230e+01,2.475201e+01,2.474530e+01,2.484598e+01,2.481243e+01,2.473187e+01,2.472515e+01,2.484598e+01,2.472515e+01,2.474530e+01,2.470500e+01,2.473187e+01,2.471844e+01,2.463108e+01,2.478558e+01,2.469156e+01,2.457056e+01,2.472515e+01,2.461763e+01,2.469828e+01,2.469828e+01,2.462436e+01,2.463780e+01,2.471172e+01,2.463780e+01,2.462436e+01,2.466469e+01,2.478558e+01,2.465796e+01,2.461763e+01,2.461091e+01,2.457056e+01,2.461091e+01,2.458401e+01,2.459073e+01,2.457728e+01,2.458401e+01,2.453019e+01,2.446288e+01,2.461763e+01,2.462436e+01,2.454365e+01,2.454365e+01,2.444941e+01,2.443594e+01,2.451673e+01,2.455710e+01,2.451673e+01,2.448981e+01,2.467813e+01,2.449654e+01,2.455710e+01,2.450327e+01,2.443594e+01,2.454365e+01,2.450327e+01,2.464452e+01,2.457056e+01,2.477887e+01,2.449654e+01,2.469156e+01,2.479230e+01,2.491975e+01,2.523437e+01,2.523437e+01,2.550139e+01,2.550139e+01,2.570786e+01,2.595377e+01,2.649673e+01,2.695804e+01,2.758747e+01,2.788125e+01,2.814171e+01,2.819373e+01,2.845343e+01,2.844046e+01,2.849882e+01,2.863486e+01,2.864780e+01,2.868664e+01,2.864133e+01,2.873192e+01,2.875133e+01,2.878366e+01,2.875133e+01,2.880951e+01,2.879012e+01,2.879659e+01,2.869958e+01,2.877719e+01,2.859601e+01,2.884829e+01,2.871899e+01,2.852474e+01,2.851826e+01,2.849234e+01,2.852474e+01,2.846640e+01,2.836910e+01,2.847289e+01,2.839505e+01,2.849234e+01,2.861543e+01,2.866722e+01,2.885475e+01,2.889351e+01,2.892580e+01,2.891934e+01,2.899034e+01,2.911288e+01,2.897744e+01,2.901615e+01,2.903550e+01,2.906775e+01,2.908064e+01,2.902260e+01,2.905485e+01,2.906130e+01,2.906130e+01,2.903550e+01,2.906775e+01,2.895807e+01,2.889351e+01,2.880305e+01,2.859601e+01,2.860248e+01,2.842749e+01,2.831717e+01,2.827170e+01,2.812220e+01,2.812870e+01,2.813520e+01,2.818072e+01,2.810268e+01,2.818072e+01,2.837559e+01,2.840803e+01,2.854418e+01,2.845992e+01,2.858953e+01,2.852474e+01,2.864133e+01,2.859601e+01,2.849882e+01,2.853770e+01,2.864133e+01,2.850530e+01,2.851826e+01,2.838857e+01,2.838208e+01,2.849882e+01,2.827170e+01,2.823922e+01,2.813520e+01,2.818723e+01,2.793339e+01,2.787473e+01,2.775078e+01,2.746319e+01,2.727978e+01,2.695147e+01,2.658915e+01,2.609971e+01,2.565462e+01,2.534793e+01,2.484598e+01,2.482585e+01,2.467813e+01,2.468484e+01,2.467813e+01,2.467813e+01,2.463108e+01,2.466469e+01,2.463108e+01,2.467141e+01,2.481914e+01,2.465796e+01,2.469156e+01,2.472515e+01,2.470500e+01,2.473187e+01,2.469156e+01,2.480572e+01,2.479230e+01,2.469156e+01,2.467813e+01,2.469828e+01,2.482585e+01,2.475201e+01,2.486610e+01,2.472515e+01,2.480572e+01,2.476544e+01,2.483256e+01,2.493316e+01,2.478558e+01,2.493316e+01,2.489964e+01,2.477887e+01,2.477887e+01,2.481243e+01,2.481243e+01,2.483256e+01,2.475873e+01,2.502026e+01,2.480572e+01,2.488622e+01,2.481914e+01,2.489964e+01,2.485940e+01,2.478558e+01,2.488622e+01,2.488622e+01,2.485269e+01,2.493986e+01,2.487952e+01,2.493986e+01,2.487281e+01,2.480572e+01,2.494656e+01,2.489964e+01,2.491975e+01,2.493316e+01,2.480572e+01,2.497337e+01,2.490634e+01,2.489293e+01,2.498007e+01,2.492645e+01,2.491975e+01,2.487952e+01,2.489293e+01,2.500017e+01,2.497337e+01,2.490634e+01,2.491305e+01,2.491975e+01,2.488622e+01,2.484598e+01,2.495997e+01,2.492645e+01,2.491305e+01,2.506044e+01,2.489293e+01,2.502696e+01,2.492645e+01,2.495326e+01,2.508722e+01,2.491975e+01,2.497337e+01,2.516751e+01,2.500017e+01,2.497337e+01,2.496667e+01,2.497337e+01,2.512737e+01,2.486610e+01,2.486610e+01,2.508722e+01,2.491305e+01,2.496667e+01,2.501357e+01,2.501357e+01,2.500017e+01,2.498677e+01,2.494656e+01,2.498677e+01,2.495997e+01,2.495997e+01,2.505375e+01,2.500687e+01,2.495997e+01,2.508052e+01,2.505375e+01,2.506713e+01,2.507383e+01,2.506044e+01,2.497337e+01,2.493316e+01,2.502696e+01,2.507383e+01,2.502696e+01,2.497337e+01,2.502696e+01,2.500687e+01,2.512068e+01,2.505375e+01,2.492645e+01,2.512068e+01,2.497337e+01,2.495326e+01,2.504705e+01,2.516751e+01,2.504035e+01,2.499347e+01,2.505375e+01,2.500017e+01,2.505375e+01,2.503366e+01,2.511399e+01,2.509391e+01,2.506713e+01,2.508722e+01,2.505375e+01,2.506044e+01,2.506713e+01,2.520763e+01,2.511399e+01,2.518757e+01,2.512737e+01,2.508052e+01,2.522100e+01,2.511399e+01,2.503366e+01,2.507383e+01,2.506044e+01,2.503366e+01,2.516082e+01,2.520094e+01,2.506044e+01,2.510730e+01,2.507383e+01,2.518757e+01,2.512737e+01,2.516751e+01,2.518088e+01,2.517419e+01,2.518757e+01,2.513406e+01,2.513406e+01,2.522768e+01,2.510730e+01,2.498677e+01,2.511399e+01,2.516082e+01,2.510060e+01,2.510060e+01,2.516082e+01,2.515413e+01,2.510730e+01,2.516082e+01,2.516751e+01,2.509391e+01,2.515413e+01,2.506713e+01,2.513406e+01,2.508052e+01,2.509391e+01,2.514744e+01,2.518088e+01,2.518088e+01,2.507383e+01,2.510730e+01,2.518088e+01,2.513406e+01,2.506713e+01,2.508052e+01,2.502026e+01,2.520094e+01,2.512737e+01,2.508052e+01,2.505375e+01,2.506044e+01,2.521431e+01,2.498007e+01,2.495326e+01,2.495326e+01,2.511399e+01,2.495997e+01,2.503366e+01,2.489293e+01,2.477216e+01,2.480572e+01,2.475873e+01,2.475873e+01,2.460419e+01,2.461091e+01,2.469156e+01,2.457056e+01,2.455710e+01,2.445614e+01,2.463780e+01,2.466469e+01,2.436183e+01,2.469156e+01,2.468484e+01,2.478558e+01,2.467141e+01,2.473858e+01,2.459746e+01,2.479901e+01,2.478558e+01,2.469156e+01,2.462436e+01,2.465124e+01,2.486610e+01,2.469156e+01,2.481914e+01,2.485269e+01,2.488622e+01,2.477216e+01,2.471844e+01,2.479901e+01,2.488622e+01,2.483256e+01,2.471844e+01,2.469828e+01,2.467813e+01,2.463108e+01,2.465124e+01,2.440900e+01,2.438205e+01,2.436857e+01,2.407837e+01,2.395664e+01,2.378057e+01,2.363136e+01,2.367886e+01,2.361778e+01,2.352270e+01,2.346153e+01,2.351590e+01,2.364493e+01,2.361099e+01,2.397018e+01,2.427417e+01,2.449654e+01,2.467141e+01,2.464452e+01,2.489293e+01,2.495997e+01,2.498007e+01,2.490634e+01,2.489293e+01,2.498677e+01,2.507383e+01,2.508722e+01,2.502026e+01,2.512737e+01,2.506713e+01,2.498677e+01,2.502026e+01,2.503366e+01,2.494656e+01,2.500017e+01,2.509391e+01,2.491305e+01,2.492645e+01,2.512737e+01,2.508052e+01,2.506044e+01,2.491305e+01,2.489964e+01,2.512737e+01,2.512737e+01,2.497337e+01,2.497337e+01,2.483927e+01,2.495326e+01,2.505375e+01,2.508722e+01,2.500017e+01,2.491305e+01,2.494656e+01,2.493316e+01,2.492645e+01,2.500687e+01,2.482585e+01,2.491305e+01,2.491305e+01,2.504705e+01,2.493316e+01,2.504035e+01,2.502696e+01,2.479230e+01,2.489964e+01,2.473187e+01,2.487281e+01,2.481914e+01,2.484598e+01,2.483927e+01,2.484598e+01,2.487952e+01,2.480572e+01,2.493316e+01,2.490634e+01,2.492645e+01,2.473187e+01,2.481914e+01,2.489964e+01,2.489293e+01,2.490634e+01,2.488622e+01,2.489293e+01,2.489964e+01,2.488622e+01,2.489293e+01,2.484598e+01,2.483927e+01,2.482585e+01,2.479230e+01,2.481243e+01,2.490634e+01,2.475873e+01,2.483256e+01,2.473187e+01,2.477216e+01,2.464452e+01,2.479901e+01,2.481914e+01,2.465124e+01,2.477887e+01,2.482585e+01,2.475873e+01,2.477216e+01,2.468484e+01,2.469828e+01,2.480572e+01,2.479901e+01,2.467141e+01,2.472515e+01,2.474530e+01,2.475873e+01,2.459746e+01,2.469156e+01,2.472515e+01,2.463780e+01
2.464452e+01,2.459746e+01,2.446961e+01,2.447635e+01,2.458401e+01,2.456383e+01,2.456383e+01,2.445614e+01,2.459746e+01,2.465796e+01,2.475873e+01,2.454365e+01,2.463108e+01,2.461763e+01,2.443594e+01,2.459073e+01,2.462436e+01,2.464452e+01,2.470500e+01,2.451673e+01,2.457056e+01,2.455710e+01,2.463780e+01,2.461763e+01,2.468484e+01,2.458401e+01,2.467813e+01,2.467813e+01,2.457728e+01,2.461763e+01,2.475201e+01,2.475873e+01,2.471844e+01,2.477887e+01,2.469828e+01,2.475873e+01,2.469828e+01,2.480572e+01,2.469828e+01,2.480572e+01,2.471172e+01,2.479230e+01,2.496667e+01,2.473187e+01,2.469156e+01,2.483256e+01,2.477216e+01,2.467813e+01,2.489964e+01,2.463780e+01,2.482585e+01,2.489293e+01,2.489964e+01,2.491305e+01,2.485940e+01,2.485940e+01,2.477887e+01,2.476544e+01,2.479230e+01,2.479901e+01,2.479901e+01,2.487952e+01,2.480572e+01,2.489964e+01,2.482585e+01,2.497337e+01,2.491305e+01,2.477216e+01,2.481914e+01,2.497337e+01,2.498007e+01,2.480572e+01,2.483927e+01,2.486610e+01,2.487952e+01,2.487952e+01,2.499347e+01,2.489293e+01,2.487281e+01,2.489293e+01,2.483256e+01,2.486610e+01,2.480572e+01,2.479901e+01,2.494656e+01,2.475873e+01,2.485269e+01,2.478558e+01,2.491975e+01,2.483927e+01,2.475201e+01,2.488622e+01,2.479230e+01,2.471172e+01,2.471844e+01,2.481914e+01,2.470500e+01,2.480572e+01,2.489964e+01,2.481914e+01,2.486610e+01,2.485940e+01,2.483927e+01,2.467813e+01,2.478558e+01,2.481914e+01,2.493316e+01,2.474530e+01,2.480572e+01,2.472515e+01,2.477887e+01,2.483256e+01,2.473858e+01,2.475873e+01,2.484598e+01,2.468484e+01,2.480572e+01,2.481243e+01,2.472515e+01,2.477216e+01,2.471172e+01,2.488622e+01,2.473858e+01,2.462436e+01,2.468484e+01,2.471172e+01,2.457056e+01,2.467813e+01,2.472515e+01,2.467141e+01,2.471844e+01,2.454365e+01,2.465796e+01,2.467813e+01,2.466469e+01,2.463108e+01,2.473858e+01,2.475201e+01,2.455038e+01,2.463108e+01,2.457056e+01,2.466469e+01,2.462436e+01,2.461763e+01,2.461763e+01,2.461763e+01,2.457728e+01,2.461091e+01,2.461763e+01,2.453692e+01,2.452346e+01,2.446288e+01,2.444268e+01,2.458401e+01,2.455038e+01,2.454365e+01,2.456383e+01,2.449654e+01,2.451000e+01,2.449654e+01,2.450327e+01,2.451000e+01,2.440226e+01,2.437531e+01,2.448308e+01,2.450327e+01,2.445614e+01,2.453692e+01,2.448308e+01,2.444268e+01,2.469828e+01,2.459746e+01,2.470500e+01,2.467141e+01,2.481914e+01,2.509391e+01,2.521431e+01,2.552805e+01,2.568790e+01,2.570121e+01,2.594049e+01,2.655615e+01,2.709605e+01,2.751554e+01,2.793339e+01,2.808967e+01,2.835612e+01,2.843398e+01,2.840803e+01,2.849234e+01,2.877073e+01,2.866075e+01,2.869958e+01,2.871899e+01,2.873839e+01,2.875133e+01,2.898389e+01,2.875779e+01,2.878366e+01,2.866075e+01,2.880305e+01,2.877073e+01,2.879659e+01,2.875133e+01,2.874486e+01,2.862838e+01,2.871252e+01,2.842100e+01,2.839505e+01,2.837559e+01,2.847289e+01,2.838208e+01,2.840803e+01,2.847937e+01,2.851178e+01,2.871252e+01,2.851178e+01,2.881598e+01,2.887413e+01,2.889997e+01,2.904195e+01,2.900325e+01,2.902905e+01,2.908709e+01,2.897744e+01,2.903550e+01,2.905485e+01,2.904195e+01,2.908064e+01,2.905485e+01,2.903550e+01,2.902905e+01,2.891934e+01,2.908064e+01,2.894516e+01,2.892580e+01,2.891288e+01,2.858305e+01,2.850530e+01,2.858305e+01,2.838857e+01,2.819373e+01,2.812220e+01,2.797248e+01,2.801156e+01,2.817422e+01,2.805713e+01,2.836261e+01,2.838208e+01,2.855714e+01,2.840803e+01,2.842749e+01,2.849234e+01,2.862191e+01,2.858305e+01,2.864133e+01,2.862838e+01,2.844046e+01,2.844046e+01,2.849234e+01,2.841452e+01,2.839505e+01,2.834962e+01,2.838208e+01,2.836910e+01,2.808316e+01,2.834962e+01,2.809617e+01,2.788125e+01,2.783560e+01,2.753516e+01,2.746974e+01,2.739772e+01,2.691200e+01,2.651654e+01,2.613286e+01,2.580097e+01,2.531454e+01,2.484598e+01,2.485269e+01,2.468484e+01,2.469156e+01,2.468484e+01,2.481914e+01,2.457728e+01,2.460419e+01,2.469156e+01,2.472515e+01,2.473187e+01,2.471172e+01,2.469156e+01,2.467141e+01,2.467141e+01,2.475873e+01,2.473187e+01,2.465124e+01,2.473858e+01,2.471844e+01,2.479901e+01,2.468484e+01,2.476544e+01,2.483927e+01,2.473187e+01,2.481243e+01,2.487952e+01,2.482585e+01,2.477887e+01,2.477887e+01,2.479230e+01,2.480572e+01,2.487952e+01,2.485940e+01,2.486610e+01,2.485269e+01,2.485269e+01,2.485940e+01,2.479230e+01,2.487952e+01,2.488622e+01,2.482585e+01,2.475873e+01,2.483927e+01,2.485269e+01,2.492645e+01,2.489964e+01,2.489293e+01,2.485940e+01,2.487952e+01,2.483256e+01,2.489293e+01,2.480572e+01,2.491975e+01,2.489293e+01,2.483256e+01,2.491305e+01,2.491305e+01,2.491305e+01,2.489964e+01,2.493316e+01,2.498677e+01,2.491305e+01,2.493316e+01,2.483256e+01,2.490634e+01,2.501357e+01,2.504705e+01,2.481914e+01,2.491305e+01,2.496667e+01,2.483256e+01,2.485269e+01,2.491975e+01,2.490634e+01,2.484598e+01,2.494656e+01,2.506044e+01,2.493986e+01,2.492645e+01,2.488622e+01,2.490634e+01,2.497337e+01,2.493986e+01,2.494656e+01,2.488622e+01,2.507383e+01,2.489964e+01,2.495326e+01,2.493316e+01,2.498007e+01,2.490634e+01,2.510730e+01,2.489964e+01,2.494656e+01,2.494656e+01,2.493986e+01,2.495326e+01,2.508052e+01,2.504705e+01,2.496667e+01,2.494656e+01,2.485269e+01,2.503366e+01,2.491975e+01,2.498677e+01,2.502026e+01,2.501357e+01,2.498677e+01,2.498677e+01,2.485269e+01,2.502696e+01,2.500687e+01,2.495997e+01,2.492645e+01,2.499347e+01,2.498007e+01,2.498677e+01,2.497337e+01,2.501357e+01,2.503366e+01,2.498677e+01,2.498677e+01,2.498007e+01,2.498677e+01,2.493986e+01,2.497337e+01,2.496667e+01,2.497337e+01,2.503366e+01,2.497337e+01,2.510730e+01,2.504705e+01,2.510730e+01,2.505375e+01,2.502026e+01,2.498007e+01,2.491975e+01,2.508722e+01,2.508722e+01,2.506713e+01,2.512737e+01,2.512737e+01,2.500687e+01,2.503366e+01,2.508722e+01,2.500017e+01,2.507383e+01,2.504705e+01,2.511399e+01,2.510060e+01,2.512068e+01,2.506713e+01,2.513406e+01,2.502696e+01,2.516751e+01,2.512068e+01,2.515413e+01,2.514075e+01,2.516751e+01,2.515413e+01,2.515413e+01,2.510730e+01,2.514744e+01,2.512737e+01,2.510730e+01,2.511399e+01,2.510060e+01,2.510730e+01,2.512068e+01,2.509391e+01,2.506044e+01,2.512737e+01,2.518757e+01,2.516751e+01,2.514744e+01,2.514075e+01,2.514075e+01,2.508052e+01,2.515413e+01,2.505375e+01,2.502026e+01,2.510730e+01,2.501357e+01,2.514744e+01,2.504705e+01,2.505375e+01,2.509391e+01,2.507383e+01,2.507383e+01,2.506044e+01,2.504705e+01,2.505375e+01,2.502026e+01,2.508722e+01,2.500017e+01,2.491975e+01,2.507383e+01,2.506044e+01,2.500687e+01,2.504035e+01,2.498677e+01,2.499347e+01,2.492645e+01,2.487952e+01,2.473858e+01,2.481914e+01,2.476544e+01,2.469828e+01,2.473858e+01,2.465124e+01,2.461091e+01,2.459073e+01,2.459746e+01,2.459746e+01,2.468484e+01,2.469156e+01,2.460419e+01,2.465124e+01,2.471172e+01,2.471844e+01,2.467813e+01,2.466469e+01,2.488622e+01,2.481243e+01,2.469156e+01,2.453692e+01,2.463780e+01,2.463780e+01,2.465796e+01,2.473187e+01,2.491305e+01,2.485940e+01,2.489293e+01,2.489293e+01,2.489293e+01,2.482585e+01,2.483256e+01,2.484598e+01,2.484598e+01,2.483927e+01,2.483927e+01,2.483256e+01,2.502696e+01,2.479230e+01,2.466469e+01,2.457728e+01,2.427417e+01,2.426743e+01,2.398371e+01,2.380768e+01,2.382123e+01,2.360420e+01,2.359741e+01,2.346153e+01,2.346153e+01,2.354308e+01,2.353629e+01,2.373312e+01,2.409864e+01,2.433487e+01,2.446961e+01,2.475201e+01,2.476544e+01,2.477216e+01,2.463780e+01,2.494656e+01,2.491305e+01,2.508052e+01,2.499347e+01,2.497337e+01,2.494656e+01,2.510060e+01,2.505375e+01,2.500687e+01,2.504705e+01,2.499347e+01,2.509391e+01,2.502696e+01,2.508052e+01,2.502026e+01,2.510060e+01,2.502696e+01,2.494656e+01,2.508722e+01,2.507383e+01,2.507383e+01,2.526778e+01,2.489293e+01,2.493986e+01,2.490634e+01,2.489964e+01,2.483256e+01,2.493316e+01,2.485269e+01,2.485269e+01,2.502026e+01,2.491305e+01,2.503366e+01,2.492645e+01,2.499347e+01,2.471844e+01,2.483927e+01,2.490634e+01,2.491975e+01,2.494656e+01,2.490634e+01,2.483256e+01,2.486610e+01,2.488622e+01,2.474530e+01,2.479230e+01,2.474530e+01,2.479230e+01,2.493316e+01,2.489293e+01,2.481243e+01,2.491305e+01,2.479901e+01,2.477887e+01,2.485940e+01,2.477216e+01,2.474530e+01,2.477887e+01,2.477887e+01,2.492645e+01,2.469828e+01,2.475201e+01,2.476544e+01,2.475201e+01,2.475873e+01,2.469156e+01,2.479901e+01,2.486610e+01,2.479230e+01,2.484598e+01,2.476544e+01,2.476544e+01,2.480572e+01,2.476544e+01,2.470500e+01,2.458401e+01,2.463780e+01,2.476544e+01,2.477887e+01,2.465796e+01,2.469156e+01,2.475873e+01,2.471844e+01,2.465124e+01,2.464452e+01,2.469156e+01,2.476544e+01,2.467141e+01,2.473858e+01,2.457056e+01,2.471844e+01,2.453019e+01,2.471844e+01,2.462436e+01,2.472515e+01,2.461763e+01
2.463108e+01,2.451000e+01,2.453019e+01,2.455710e+01,2.463108e+01,2.458401e+01,2.458401e+01,2.463780e+01,2.460419e+01,2.453692e+01,2.457056e+01,2.447635e+01,2.455710e+01,2.465124e+01,2.461763e+01,2.452346e+01,2.453692e+01,2.468484e+01,2.446961e+01,2.473187e+01,2.455038e+01,2.447635e+01,2.456383e+01,2.465796e+01,2.465796e+01,2.459746e+01,2.477887e+01,2.464452e+01,2.457728e+01,2.475201e+01,2.465124e+01,2.459073e+01,2.469828e+01,2.469156e+01,2.469828e+01,2.479230e+01,2.472515e+01,2.480572e+01,2.471172e+01,2.466469e+01,2.470500e+01,2.489293e+01,2.461763e+01,2.473187e+01,2.484598e+01,2.468484e+01,2.471844e+01,2.483256e+01,2.488622e+01,2.485940e+01,2.477216e+01,2.488622e+01,2.486610e+01,2.493316e+01,2.490634e+01,2.487952e+01,2.483927e+01,2.478558e+01,2.477887e+01,2.484598e+01,2.482585e+01,2.487281e+01,2.482585e+01,2.483256e+01,2.492645e+01,2.489293e+01,2.487952e+01,2.488622e+01,2.487281e+01,2.494656e+01,2.470500e+01,2.485269e+01,2.490634e+01,2.476544e+01,2.484598e+01,2.487281e+01,2.500687e+01,2.484598e+01,2.487952e+01,2.499347e+01,2.487281e+01,2.487281e+01,2.489293e+01,2.475201e+01,2.488622e+01,2.482585e+01,2.476544e+01,2.473858e+01,2.473858e+01,2.492645e+01,2.477887e+01,2.471172e+01,2.479901e+01,2.485940e+01,2.471172e+01,2.487952e+01,2.489293e+01,2.485269e+01,2.471172e+01,2.485269e+01,2.485940e+01,2.494656e+01,2.481914e+01,2.483256e+01,2.483927e+01,2.491975e+01,2.477887e+01,2.474530e+01,2.473858e+01,2.481914e+01,2.473187e+01,2.473858e+01,2.478558e+01,2.473858e+01,2.473858e+01,2.475201e+01,2.479901e+01,2.478558e+01,2.475873e+01,2.479230e+01,2.478558e+01,2.464452e+01,2.477887e+01,2.477216e+01,2.479230e+01,2.467813e+01,2.472515e+01,2.477887e+01,2.466469e+01,2.475873e+01,2.473858e+01,2.463780e+01,2.471172e+01,2.468484e+01,2.461763e+01,2.465796e+01,2.467141e+01,2.462436e+01,2.463108e+01,2.465796e+01,2.460419e+01,2.461763e+01,2.463108e+01,2.464452e+01,2.464452e+01,2.461091e+01,2.460419e+01,2.457728e+01,2.459073e+01,2.448308e+01,2.459746e+01,2.457056e+01,2.454365e+01,2.456383e+01,2.440900e+01,2.459746e+01,2.442247e+01,2.445614e+01,2.446288e+01,2.451000e+01,2.450327e+01,2.457056e+01,2.451673e+01,2.453019e+01,2.453019e+01,2.453692e+01,2.449654e+01,2.448981e+01,2.445614e+01,2.469156e+01,2.476544e+01,2.469828e+01,2.469828e+01,2.503366e+01,2.486610e+01,2.520094e+01,2.546805e+01,2.558136e+01,2.573447e+01,2.570786e+01,2.590065e+01,2.658255e+01,2.712888e+01,2.749591e+01,2.790732e+01,2.801807e+01,2.815471e+01,2.847937e+01,2.847937e+01,2.849882e+01,2.847937e+01,2.849882e+01,2.875133e+01,2.873192e+01,2.873192e+01,2.884829e+01,2.889351e+01,2.879012e+01,2.888705e+01,2.902260e+01,2.876426e+01,2.903550e+01,2.882890e+01,2.880305e+01,2.876426e+01,2.870605e+01,2.873192e+01,2.868664e+01,2.849234e+01,2.842100e+01,2.844046e+01,2.840803e+01,2.843398e+01,2.850530e+01,2.842749e+01,2.873839e+01,2.870605e+01,2.902260e+01,2.893871e+01,2.887413e+01,2.891934e+01,2.891288e+01,2.889997e+01,2.902905e+01,2.909354e+01,2.907420e+01,2.900325e+01,2.900325e+01,2.908064e+01,2.909999e+01,2.896453e+01,2.897098e+01,2.896453e+01,2.906775e+01,2.888705e+01,2.889997e+01,2.891288e+01,2.882244e+01,2.866075e+01,2.845343e+01,2.842100e+01,2.828469e+01,2.819373e+01,2.820673e+01,2.817422e+01,2.825221e+01,2.822622e+01,2.836910e+01,2.837559e+01,2.848585e+01,2.864780e+01,2.866075e+01,2.853770e+01,2.866722e+01,2.844046e+01,2.862191e+01,2.861543e+01,2.845992e+01,2.860248e+01,2.850530e+01,2.858953e+01,2.836910e+01,2.848585e+01,2.836261e+01,2.834962e+01,2.823272e+01,2.803109e+01,2.807665e+01,2.805713e+01,2.799202e+01,2.779646e+01,2.741737e+01,2.723387e+01,2.701064e+01,2.662214e+01,2.613286e+01,2.578103e+01,2.540801e+01,2.504035e+01,2.473187e+01,2.467141e+01,2.460419e+01,2.465124e+01,2.462436e+01,2.464452e+01,2.463780e+01,2.464452e+01,2.472515e+01,2.472515e+01,2.469156e+01,2.471844e+01,2.469828e+01,2.466469e+01,2.475201e+01,2.467813e+01,2.469156e+01,2.467813e+01,2.467141e+01,2.479230e+01,2.470500e+01,2.473858e+01,2.478558e+01,2.477887e+01,2.475873e+01,2.480572e+01,2.479901e+01,2.473858e+01,2.475873e+01,2.480572e+01,2.481914e+01,2.478558e+01,2.486610e+01,2.477887e+01,2.479230e+01,2.479230e+01,2.485269e+01,2.486610e+01,2.486610e+01,2.475201e+01,2.487952e+01,2.485940e+01,2.485940e+01,2.486610e+01,2.485940e+01,2.475873e+01,2.487952e+01,2.480572e+01,2.491305e+01,2.480572e+01,2.479901e+01,2.483256e+01,2.490634e+01,2.480572e+01,2.491305e+01,2.486610e+01,2.489293e+01,2.485269e+01,2.488622e+01,2.486610e+01,2.489293e+01,2.491305e+01,2.488622e+01,2.491975e+01,2.484598e+01,2.482585e+01,2.479230e+01,2.483927e+01,2.495326e+01,2.495997e+01,2.496667e+01,2.496667e+01,2.488622e+01,2.498007e+01,2.493986e+01,2.489293e+01,2.485269e+01,2.487952e+01,2.483256e+01,2.479230e+01,2.499347e+01,2.502696e+01,2.500687e+01,2.505375e+01,2.502696e+01,2.500687e+01,2.485940e+01,2.490634e+01,2.491305e+01,2.489293e+01,2.491305e+01,2.504705e+01,2.486610e+01,2.506044e+01,2.502026e+01,2.498007e+01,2.484598e+01,2.500017e+01,2.496667e+01,2.493986e+01,2.494656e+01,2.495326e+01,2.495997e+01,2.496667e+01,2.499347e+01,2.502026e+01,2.500687e+01,2.500687e+01,2.498007e+01,2.500017e+01,2.498677e+01,2.489964e+01,2.500017e+01,2.496667e+01,2.475201e+01,2.496667e+01,2.498007e+01,2.499347e+01,2.507383e+01,2.495997e+01,2.498677e+01,2.500687e+01,2.502026e+01,2.497337e+01,2.496667e+01,2.495997e+01,2.494656e+01,2.493986e+01,2.495326e+01,2.502026e+01,2.503366e+01,2.500687e+01,2.500017e+01,2.512737e+01,2.505375e+01,2.508722e+01,2.503366e+01,2.501357e+01,2.506044e+01,2.499347e+01,2.504035e+01,2.503366e+01,2.508052e+01,2.506044e+01,2.509391e+01,2.505375e+01,2.510060e+01,2.506044e+01,2.504705e+01,2.512068e+01,2.508052e+01,2.522100e+01,2.507383e+01,2.513406e+01,2.516751e+01,2.514075e+01,2.508052e+01,2.508722e+01,2.516082e+01,2.518757e+01,2.516082e+01,2.507383e+01,2.512068e+01,2.475201e+01,2.508052e+01,2.511399e+01,2.509391e+01,2.510060e+01,2.507383e+01,2.518757e+01,2.510060e+01,2.505375e+01,2.504705e+01,2.518757e+01,2.507383e+01,2.514744e+01,2.511399e+01,2.504705e+01,2.507383e+01,2.504705e+01,2.500687e+01,2.512737e+01,2.514744e+01,2.508052e+01,2.509391e+01,2.506713e+01,2.512737e+01,2.518088e+01,2.506044e+01,2.512068e+01,2.503366e+01,2.516082e+01,2.504035e+01,2.508052e+01,2.502026e+01,2.499347e+01,2.500687e+01,2.506713e+01,2.506713e+01,2.488622e+01,2.505375e+01,2.500687e+01,2.486610e+01,2.476544e+01,2.479901e+01,2.477887e+01,2.471844e+01,2.464452e+01,2.465796e+01,2.463780e+01,2.459746e+01,2.471172e+01,2.477887e+01,2.459746e+01,2.465796e+01,2.473187e+01,2.470500e+01,2.486610e+01,2.473187e+01,2.487281e+01,2.486610e+01,2.491305e+01,2.485269e+01,2.487281e+01,2.484598e+01,2.481914e+01,2.499347e+01,2.487952e+01,2.486610e+01,2.500017e+01,2.491305e+01,2.491975e+01,2.494656e+01,2.499347e+01,2.506713e+01,2.494656e+01,2.486610e+01,2.487952e+01,2.489964e+01,2.485269e+01,2.489293e+01,2.484598e+01,2.479901e+01,2.491975e+01,2.471172e+01,2.459746e+01,2.427417e+01,2.408512e+01,2.383478e+01,2.382801e+01,2.361099e+01,2.365172e+01,2.358383e+01,2.356346e+01,2.333908e+01,2.354987e+01,2.355667e+01,2.369921e+01,2.395664e+01,2.414593e+01,2.448308e+01,2.459073e+01,2.477216e+01,2.483256e+01,2.474530e+01,2.487952e+01,2.493986e+01,2.492645e+01,2.495326e+01,2.496667e+01,2.495997e+01,2.498007e+01,2.493986e+01,2.481914e+01,2.511399e+01,2.510730e+01,2.507383e+01,2.494656e+01,2.504035e+01,2.495326e+01,2.508052e+01,2.504705e+01,2.509391e+01,2.497337e+01,2.500017e+01,2.509391e+01,2.494656e+01,2.492645e+01,2.491305e+01,2.495326e+01,2.491305e+01,2.483927e+01,2.502026e+01,2.488622e+01,2.487281e+01,2.486610e+01,2.496667e+01,2.492645e+01,2.490634e+01,2.493316e+01,2.490634e+01,2.486610e+01,2.488622e+01,2.482585e+01,2.493316e+01,2.486610e+01,2.484598e+01,2.508052e+01,2.494656e+01,2.494656e+01,2.477887e+01,2.487952e+01,2.491305e+01,2.479901e+01,2.480572e+01,2.483256e+01,2.482585e+01,2.475873e+01,2.477887e+01,2.479901e+01,2.479901e+01,2.481914e+01,2.489964e+01,2.483927e+01,2.480572e+01,2.475873e+01,2.477887e+01,2.477887e+01,2.476544e+01,2.465796e+01,2.482585e+01,2.471172e+01,2.473858e+01,2.479901e+01,2.479901e+01,2.481914e+01,2.477216e+01,2.485940e+01,2.462436e+01,2.473187e+01,2.482585e+01,2.477216e+01,2.470500e+01,2.469828e+01,2.485940e+01,2.471844e+01,2.473187e+01,2.477216e+01,2.471844e+01,2.470500e+01,2.475201e+01,2.464452e+01,2.461763e+01,2.453692e+01,2.457056e+01,2.467141e+01,2.463780e+01,2.468484e+01,2.465796e+01,2.460419e+01,2.471172e+01
2.453692e+01,2.448981e+01,2.445614e+01,2.460419e+01,2.462436e+01,2.457056e+01,2.446288e+01,2.445614e+01,2.451000e+01,2.458401e+01,2.453019e+01,2.455710e+01,2.459746e+01,2.440226e+01,2.451673e+01,2.469156e+01,2.455038e+01,2.462436e+01,2.453019e+01,2.449654e+01,2.452346e+01,2.463108e+01,2.463780e+01,2.468484e+01,2.465796e+01,2.466469e+01,2.465796e+01,2.463108e+01,2.455710e+01,2.451673e+01,2.452346e+01,2.467141e+01,2.469828e+01,2.471172e+01,2.473187e+01,2.482585e+01,2.472515e+01,2.481914e+01,2.471844e+01,2.472515e+01,2.465796e+01,2.467813e+01,2.477887e+01,2.479901e+01,2.483256e+01,2.475873e+01,2.485940e+01,2.481243e+01,2.478558e+01,2.483256e+01,2.481914e+01,2.481243e+01,2.493316e+01,2.481243e+01,2.478558e+01,2.481243e+01,2.473187e+01,2.480572e+01,2.483256e+01,2.483927e+01,2.484598e+01,2.485269e+01,2.488622e+01,2.498677e+01,2.481243e+01,2.481914e+01,2.492645e+01,2.483256e+01,2.485269e+01,2.479901e+01,2.483927e+01,2.478558e+01,2.481914e+01,2.489293e+01,2.480572e+01,2.476544e+01,2.491975e+01,2.480572e+01,2.502026e+01,2.488622e+01,2.485269e+01,2.481914e+01,2.485269e+01,2.485940e+01,2.473187e+01,2.475201e+01,2.483927e+01,2.487281e+01,2.482585e+01,2.486610e+01,2.477216e+01,2.479230e+01,2.485269e+01,2.469156e+01,2.485269e+01,2.483256e+01,2.483927e+01,2.478558e+01,2.484598e+01,2.485269e+01,2.486610e+01,2.483256e+01,2.487281e+01,2.473858e+01,2.491305e+01,2.474530e+01,2.479901e+01,2.475201e+01,2.478558e+01,2.479230e+01,2.475201e+01,2.481243e+01,2.483256e+01,2.476544e+01,2.477216e+01,2.475873e+01,2.473187e+01,2.483256e+01,2.485940e+01,2.479230e+01,2.469156e+01,2.463108e+01,2.471172e+01,2.477216e+01,2.481914e+01,2.469156e+01,2.472515e+01,2.477887e+01,2.475201e+01,2.461091e+01,2.463108e+01,2.469156e+01,2.469828e+01,2.475201e+01,2.467141e+01,2.469828e+01,2.471844e+01,2.469828e+01,2.466469e+01,2.461763e+01,2.455038e+01,2.451673e+01,2.461091e+01,2.465124e+01,2.464452e+01,2.461091e+01,2.462436e+01,2.459746e+01,2.442921e+01,2.459746e+01,2.455038e+01,2.457728e+01,2.459073e+01,2.453692e+01,2.463780e+01,2.455710e+01,2.437531e+01,2.446961e+01,2.446288e+01,2.436183e+01,2.454365e+01,2.451673e+01,2.448308e+01,2.454365e+01,2.452346e+01,2.452346e+01,2.442921e+01,2.446288e+01,2.451000e+01,2.478558e+01,2.471844e+01,2.473858e+01,2.484598e+01,2.481914e+01,2.510730e+01,2.513406e+01,2.559468e+01,2.571451e+01,2.585415e+01,2.570786e+01,2.600686e+01,2.636456e+01,2.715514e+01,2.766589e+01,2.798551e+01,2.809617e+01,2.831067e+01,2.845343e+01,2.851178e+01,2.861543e+01,2.868664e+01,2.858305e+01,2.866075e+01,2.882890e+01,2.877719e+01,2.881598e+01,2.882890e+01,2.872546e+01,2.884183e+01,2.884829e+01,2.897744e+01,2.891934e+01,2.892580e+01,2.890642e+01,2.873839e+01,2.868664e+01,2.883537e+01,2.870605e+01,2.852474e+01,2.850530e+01,2.851178e+01,2.845343e+01,2.845992e+01,2.842749e+01,2.851826e+01,2.865428e+01,2.875779e+01,2.888059e+01,2.892580e+01,2.893225e+01,2.892580e+01,2.899034e+01,2.900970e+01,2.909999e+01,2.906130e+01,2.902260e+01,2.905485e+01,2.906775e+01,2.904195e+01,2.908064e+01,2.908064e+01,2.899680e+01,2.908709e+01,2.905485e+01,2.908064e+01,2.891288e+01,2.884183e+01,2.882890e+01,2.866075e+01,2.860248e+01,2.844046e+01,2.841452e+01,2.836261e+01,2.818072e+01,2.818072e+01,2.816772e+01,2.827170e+01,2.842100e+01,2.853122e+01,2.854418e+01,2.854418e+01,2.853122e+01,2.857658e+01,2.857010e+01,2.865428e+01,2.858305e+01,2.861543e+01,2.857010e+01,2.859601e+01,2.858953e+01,2.853122e+01,2.854418e+01,2.836261e+01,2.835612e+01,2.836261e+01,2.821323e+01,2.842749e+01,2.804411e+01,2.807014e+01,2.780951e+01,2.766589e+01,2.757440e+01,2.726011e+01,2.700406e+01,2.675399e+01,2.628517e+01,2.584085e+01,2.532790e+01,2.504705e+01,2.467813e+01,2.466469e+01,2.469828e+01,2.458401e+01,2.463108e+01,2.465124e+01,2.458401e+01,2.467141e+01,2.471172e+01,2.479230e+01,2.469156e+01,2.474530e+01,2.469828e+01,2.466469e+01,2.465796e+01,2.465796e+01,2.477887e+01,2.478558e+01,2.465124e+01,2.470500e+01,2.477216e+01,2.475201e+01,2.473858e+01,2.480572e+01,2.475873e+01,2.481243e+01,2.477887e+01,2.483927e+01,2.483927e+01,2.483256e+01,2.488622e+01,2.477887e+01,2.481243e+01,2.485940e+01,2.465124e+01,2.484598e+01,2.479901e+01,2.484598e+01,2.479901e+01,2.473187e+01,2.487952e+01,2.479901e+01,2.475873e+01,2.475873e+01,2.475201e+01,2.477887e+01,2.477887e+01,2.476544e+01,2.491305e+01,2.478558e+01,2.484598e+01,2.487281e+01,2.489964e+01,2.485940e+01,2.482585e+01,2.486610e+01,2.487952e+01,2.487281e+01,2.490634e+01,2.487952e+01,2.493316e+01,2.487952e+01,2.498007e+01,2.487952e+01,2.492645e+01,2.481914e+01,2.493986e+01,2.489293e+01,2.485940e+01,2.480572e+01,2.485269e+01,2.482585e+01,2.489293e+01,2.489964e+01,2.492645e+01,2.485940e+01,2.498677e+01,2.489293e+01,2.486610e+01,2.496667e+01,2.502696e+01,2.498677e+01,2.487281e+01,2.509391e+01,2.499347e+01,2.496667e+01,2.495326e+01,2.500017e+01,2.494656e+01,2.479901e+01,2.487952e+01,2.498677e+01,2.493986e+01,2.489293e+01,2.508722e+01,2.500017e+01,2.501357e+01,2.497337e+01,2.503366e+01,2.495326e+01,2.496667e+01,2.495997e+01,2.498677e+01,2.495997e+01,2.498007e+01,2.502696e+01,2.500017e+01,2.500017e+01,2.494656e+01,2.500017e+01,2.494656e+01,2.500017e+01,2.493316e+01,2.494656e+01,2.489964e+01,2.496667e+01,2.490634e+01,2.498677e+01,2.487952e+01,2.493986e+01,2.500017e+01,2.491305e+01,2.498007e+01,2.497337e+01,2.498677e+01,2.504035e+01,2.501357e+01,2.500017e+01,2.501357e+01,2.504705e+01,2.500687e+01,2.498677e+01,2.506713e+01,2.504705e+01,2.504035e+01,2.501357e+01,2.510730e+01,2.506044e+01,2.511399e+01,2.511399e+01,2.498677e+01,2.510060e+01,2.496667e+01,2.498007e+01,2.505375e+01,2.508722e+01,2.500017e+01,2.508722e+01,2.491975e+01,2.500687e+01,2.508722e+01,2.506044e+01,2.514744e+01,2.506713e+01,2.508722e+01,2.517419e+01,2.518088e+01,2.515413e+01,2.510730e+01,2.517419e+01,2.509391e+01,2.515413e+01,2.508722e+01,2.504705e+01,2.514744e+01,2.508722e+01,2.504705e+01,2.506713e+01,2.512737e+01,2.519426e+01,2.519426e+01,2.509391e+01,2.513406e+01,2.508052e+01,2.508052e+01,2.508052e+01,2.507383e+01,2.513406e+01,2.513406e+01,2.504035e+01,2.509391e+01,2.512068e+01,2.519426e+01,2.513406e+01,2.506044e+01,2.510730e+01,2.510060e+01,2.506713e+01,2.506713e+01,2.502696e+01,2.514744e+01,2.502696e+01,2.507383e+01,2.508722e+01,2.506713e+01,2.506044e+01,2.500687e+01,2.509391e+01,2.508052e+01,2.503366e+01,2.496667e+01,2.506044e+01,2.478558e+01,2.478558e+01,2.484598e+01,2.471844e+01,2.466469e+01,2.469156e+01,2.469156e+01,2.468484e+01,2.476544e+01,2.462436e+01,2.480572e+01,2.465124e+01,2.493316e+01,2.492645e+01,2.500017e+01,2.491305e+01,2.492645e+01,2.492645e+01,2.490634e+01,2.495997e+01,2.494656e+01,2.496667e+01,2.480572e+01,2.508722e+01,2.508052e+01,2.506713e+01,2.506044e+01,2.508722e+01,2.504705e+01,2.498007e+01,2.499347e+01,2.491975e+01,2.489293e+01,2.494656e+01,2.491305e+01,2.491975e+01,2.491305e+01,2.487281e+01,2.489964e+01,2.502026e+01,2.483256e+01,2.500687e+01,2.490634e+01,2.471172e+01,2.430790e+01,2.419319e+01,2.378057e+01,2.384833e+01,2.375346e+01,2.364493e+01,2.354987e+01,2.352270e+01,2.366529e+01,2.357704e+01,2.374668e+01,2.409188e+01,2.416619e+01,2.426743e+01,2.442921e+01,2.453019e+01,2.483927e+01,2.481914e+01,2.485940e+01,2.481243e+01,2.492645e+01,2.497337e+01,2.501357e+01,2.496667e+01,2.505375e+01,2.497337e+01,2.502696e+01,2.495997e+01,2.510060e+01,2.505375e+01,2.503366e+01,2.506044e+01,2.503366e+01,2.491975e+01,2.498677e+01,2.502696e+01,2.508722e+01,2.509391e+01,2.504035e+01,2.494656e+01,2.494656e+01,2.495326e+01,2.494656e+01,2.490634e+01,2.502696e+01,2.494656e+01,2.492645e+01,2.484598e+01,2.491975e+01,2.491305e+01,2.485269e+01,2.495326e+01,2.487952e+01,2.484598e+01,2.490634e+01,2.486610e+01,2.489293e+01,2.488622e+01,2.488622e+01,2.474530e+01,2.472515e+01,2.487952e+01,2.506044e+01,2.477887e+01,2.479230e+01,2.487281e+01,2.468484e+01,2.484598e+01,2.479230e+01,2.487281e+01,2.492645e+01,2.476544e+01,2.479230e+01,2.488622e+01,2.488622e+01,2.473858e+01,2.469156e+01,2.482585e+01,2.483256e+01,2.483256e+01,2.485269e+01,2.482585e+01,2.479901e+01,2.491305e+01,2.475201e+01,2.477887e+01,2.472515e+01,2.467141e+01,2.473187e+01,2.479230e+01,2.476544e+01,2.475873e+01,2.475201e+01,2.462436e+01,2.467141e+01,2.471844e+01,2.469828e+01,2.474530e+01,2.471844e+01,2.470500e+01,2.472515e+01,2.467141e+01,2.472515e+01,2.464452e+01,2.471172e+01,2.469828e+01,2.467813e+01,2.456383e+01,2.465796e+01,2.470500e+01,2.468484e+01,2.452346e+01,2.469156e+01,2.459073e+01,2.461091e+01
2.432812e+01,2.446961e+01,2.435509e+01,2.459073e+01,2.461091e+01,2.460419e+01,2.451000e+01,2.464452e+01,2.445614e+01,2.457056e+01,2.459073e+01,2.451673e+01,2.455038e+01,2.459073e+01,2.439552e+01,2.449654e+01,2.453692e+01,2.455710e+01,2.463780e+01,2.454365e+01,2.451673e+01,2.455710e+01,2.465796e+01,2.465796e+01,2.465124e+01,2.465796e+01,2.468484e+01,2.459746e+01,2.461763e+01,2.460419e+01,2.453019e+01,2.446961e+01,2.467141e+01,2.471172e+01,2.470500e+01,2.472515e+01,2.477887e+01,2.469828e+01,2.469828e+01,2.474530e+01,2.463108e+01,2.475873e+01,2.459073e+01,2.473187e+01,2.469828e+01,2.466469e+01,2.461091e+01,2.481914e+01,2.478558e+01,2.473858e+01,2.482585e+01,2.481914e+01,2.483256e+01,2.479230e+01,2.480572e+01,2.481914e+01,2.476544e+01,2.490634e+01,2.479901e+01,2.481914e+01,2.483256e+01,2.485940e+01,2.485269e+01,2.498007e+01,2.482585e+01,2.485269e+01,2.493316e+01,2.483256e+01,2.478558e+01,2.482585e+01,2.484598e+01,2.489964e+01,2.478558e+01,2.487281e+01,2.482585e+01,2.487281e+01,2.489293e+01,2.492645e+01,2.488622e+01,2.485940e+01,2.477887e+01,2.483256e+01,2.483256e+01,2.482585e+01,2.481914e+01,2.484598e+01,2.485269e+01,2.471844e+01,2.477887e+01,2.479230e+01,2.475873e+01,2.491305e+01,2.498007e+01,2.473858e+01,2.483256e+01,2.487952e+01,2.477216e+01,2.487281e+01,2.485269e+01,2.484598e+01,2.483927e+01,2.485269e+01,2.483927e+01,2.481914e+01,2.484598e+01,2.476544e+01,2.477216e+01,2.478558e+01,2.480572e+01,2.487952e+01,2.487281e+01,2.488622e+01,2.483927e+01,2.482585e+01,2.480572e+01,2.473187e+01,2.467813e+01,2.477887e+01,2.468484e+01,2.472515e+01,2.469828e+01,2.480572e+01,2.480572e+01,2.480572e+01,2.483927e+01,2.473187e+01,2.479230e+01,2.473858e+01,2.475873e+01,2.477216e+01,2.471844e+01,2.462436e+01,2.461763e+01,2.471172e+01,2.469828e+01,2.465796e+01,2.466469e+01,2.462436e+01,2.466469e+01,2.458401e+01,2.455710e+01,2.453019e+01,2.459073e+01,2.465124e+01,2.467141e+01,2.466469e+01,2.463108e+01,2.451000e+01,2.462436e+01,2.457728e+01,2.454365e+01,2.451000e+01,2.444941e+01,2.444941e+01,2.463108e+01,2.457728e+01,2.457728e+01,2.440900e+01,2.436183e+01,2.444941e+01,2.446288e+01,2.442247e+01,2.451000e+01,2.448981e+01,2.447635e+01,2.453692e+01,2.452346e+01,2.452346e+01,2.450327e+01,2.463108e+01,2.467813e+01,2.469828e+01,2.481243e+01,2.481914e+01,2.515413e+01,2.518088e+01,2.555471e+01,2.569455e+01,2.576108e+01,2.582756e+01,2.615936e+01,2.660895e+01,2.717483e+01,2.770508e+01,2.792687e+01,2.823922e+01,2.836910e+01,2.846640e+01,2.851178e+01,2.854418e+01,2.860248e+01,2.872546e+01,2.882244e+01,2.878366e+01,2.873839e+01,2.880951e+01,2.882890e+01,2.883537e+01,2.889997e+01,2.887413e+01,2.890642e+01,2.892580e+01,2.893225e+01,2.887413e+01,2.873192e+01,2.875133e+01,2.875779e+01,2.857010e+01,2.869311e+01,2.850530e+01,2.851826e+01,2.853770e+01,2.851826e+01,2.853122e+01,2.875779e+01,2.875133e+01,2.874486e+01,2.880305e+01,2.897744e+01,2.909354e+01,2.902260e+01,2.911288e+01,2.907420e+01,2.901615e+01,2.908709e+01,2.901615e+01,2.904195e+01,2.904840e+01,2.906130e+01,2.908064e+01,2.909999e+01,2.909354e+01,2.914510e+01,2.904195e+01,2.902905e+01,2.883537e+01,2.905485e+01,2.893225e+01,2.885475e+01,2.884829e+01,2.849234e+01,2.845343e+01,2.849234e+01,2.834313e+01,2.818072e+01,2.822622e+01,2.835612e+01,2.829119e+01,2.855066e+01,2.855714e+01,2.842749e+01,2.855066e+01,2.858305e+01,2.858953e+01,2.859601e+01,2.860896e+01,2.857658e+01,2.858305e+01,2.856362e+01,2.840154e+01,2.854418e+01,2.853770e+01,2.837559e+01,2.854418e+01,2.828469e+01,2.836261e+01,2.814821e+01,2.811569e+01,2.790080e+01,2.794642e+01,2.777689e+01,2.752208e+01,2.746974e+01,2.713544e+01,2.684619e+01,2.627855e+01,2.586079e+01,2.545471e+01,2.502696e+01,2.453019e+01,2.465796e+01,2.460419e+01,2.454365e+01,2.472515e+01,2.466469e+01,2.455710e+01,2.469156e+01,2.466469e+01,2.469828e+01,2.468484e+01,2.472515e+01,2.469828e+01,2.479901e+01,2.466469e+01,2.467813e+01,2.471172e+01,2.467813e+01,2.479230e+01,2.471172e+01,2.478558e+01,2.478558e+01,2.474530e+01,2.473187e+01,2.479230e+01,2.475873e+01,2.478558e+01,2.477216e+01,2.479901e+01,2.483927e+01,2.485940e+01,2.481243e+01,2.483256e+01,2.481243e+01,2.478558e+01,2.471172e+01,2.477887e+01,2.480572e+01,2.481914e+01,2.481243e+01,2.479230e+01,2.477216e+01,2.480572e+01,2.478558e+01,2.477887e+01,2.486610e+01,2.468484e+01,2.471844e+01,2.487281e+01,2.481243e+01,2.483927e+01,2.493316e+01,2.489293e+01,2.485269e+01,2.486610e+01,2.488622e+01,2.487952e+01,2.487281e+01,2.487952e+01,2.489964e+01,2.486610e+01,2.484598e+01,2.487281e+01,2.493316e+01,2.484598e+01,2.495997e+01,2.483927e+01,2.486610e+01,2.483927e+01,2.500017e+01,2.490634e+01,2.487952e+01,2.493316e+01,2.491975e+01,2.495997e+01,2.480572e+01,2.488622e+01,2.483927e+01,2.485940e+01,2.500017e+01,2.500687e+01,2.489293e+01,2.500017e+01,2.486610e+01,2.493316e+01,2.481243e+01,2.490634e+01,2.497337e+01,2.493986e+01,2.493986e+01,2.504705e+01,2.498677e+01,2.493316e+01,2.497337e+01,2.489964e+01,2.498007e+01,2.497337e+01,2.497337e+01,2.496667e+01,2.495997e+01,2.494656e+01,2.493316e+01,2.493316e+01,2.506044e+01,2.499347e+01,2.503366e+01,2.483927e+01,2.487281e+01,2.503366e+01,2.503366e+01,2.498677e+01,2.492645e+01,2.496667e+01,2.498007e+01,2.487952e+01,2.502696e+01,2.497337e+01,2.491975e+01,2.491305e+01,2.495997e+01,2.492645e+01,2.498007e+01,2.502026e+01,2.500017e+01,2.496667e+01,2.495326e+01,2.505375e+01,2.498007e+01,2.498677e+01,2.509391e+01,2.497337e+01,2.484598e+01,2.502696e+01,2.499347e+01,2.506713e+01,2.504035e+01,2.500687e+01,2.501357e+01,2.491305e+01,2.510730e+01,2.503366e+01,2.501357e+01,2.503366e+01,2.508052e+01,2.514075e+01,2.515413e+01,2.500017e+01,2.510730e+01,2.512737e+01,2.495997e+01,2.494656e+01,2.508052e+01,2.498677e+01,2.514744e+01,2.510730e+01,2.512737e+01,2.516082e+01,2.502696e+01,2.504705e+01,2.504705e+01,2.515413e+01,2.509391e+01,2.511399e+01,2.510060e+01,2.509391e+01,2.508052e+01,2.510060e+01,2.514075e+01,2.506713e+01,2.493986e+01,2.514075e+01,2.500687e+01,2.504035e+01,2.504705e+01,2.510730e+01,2.518757e+01,2.503366e+01,2.505375e+01,2.504035e+01,2.506044e+01,2.510060e+01,2.518088e+01,2.490634e+01,2.511399e+01,2.502696e+01,2.513406e+01,2.508052e+01,2.513406e+01,2.509391e+01,2.505375e+01,2.504035e+01,2.506713e+01,2.495997e+01,2.513406e+01,2.509391e+01,2.507383e+01,2.506713e+01,2.502026e+01,2.497337e+01,2.500017e+01,2.498677e+01,2.503366e+01,2.497337e+01,2.488622e+01,2.482585e+01,2.471172e+01,2.473858e+01,2.465796e+01,2.466469e+01,2.470500e+01,2.487281e+01,2.498677e+01,2.481243e+01,2.487952e+01,2.492645e+01,2.499347e+01,2.498007e+01,2.500017e+01,2.502026e+01,2.498007e+01,2.496667e+01,2.493986e+01,2.497337e+01,2.487281e+01,2.502026e+01,2.484598e+01,2.512068e+01,2.502696e+01,2.511399e+01,2.477216e+01,2.494656e+01,2.497337e+01,2.500687e+01,2.501357e+01,2.495997e+01,2.509391e+01,2.510060e+01,2.494656e+01,2.494656e+01,2.504705e+01,2.499347e+01,2.501357e+01,2.500017e+01,2.483927e+01,2.473858e+01,2.435509e+01,2.423369e+01,2.403105e+01,2.377380e+01,2.386865e+01,2.368564e+01,2.355667e+01,2.357025e+01,2.357025e+01,2.340032e+01,2.361778e+01,2.387542e+01,2.392958e+01,2.416619e+01,2.424044e+01,2.446288e+01,2.457056e+01,2.476544e+01,2.484598e+01,2.481914e+01,2.484598e+01,2.497337e+01,2.498007e+01,2.497337e+01,2.499347e+01,2.498677e+01,2.498007e+01,2.505375e+01,2.495326e+01,2.503366e+01,2.504035e+01,2.507383e+01,2.499347e+01,2.502026e+01,2.504705e+01,2.495326e+01,2.504705e+01,2.511399e+01,2.498007e+01,2.508052e+01,2.486610e+01,2.496667e+01,2.504705e+01,2.491305e+01,2.487281e+01,2.487952e+01,2.485269e+01,2.489293e+01,2.485940e+01,2.495997e+01,2.479901e+01,2.491975e+01,2.490634e+01,2.485269e+01,2.486610e+01,2.483927e+01,2.484598e+01,2.480572e+01,2.489293e+01,2.483256e+01,2.483927e+01,2.489293e+01,2.485940e+01,2.476544e+01,2.493316e+01,2.476544e+01,2.485269e+01,2.477887e+01,2.482585e+01,2.479901e+01,2.483256e+01,2.479901e+01,2.475873e+01,2.475201e+01,2.485940e+01,2.475873e+01,2.471172e+01,2.474530e+01,2.485269e+01,2.481243e+01,2.479901e+01,2.494656e+01,2.484598e+01,2.473187e+01,2.473858e+01,2.473187e+01,2.481914e+01,2.472515e+01,2.481914e+01,2.479230e+01,2.478558e+01,2.469156e+01,2.478558e+01,2.475873e+01,2.470500e+01,2.470500e+01,2.455710e+01,2.459746e+01,2.469828e+01,2.464452e+01,2.470500e+01,2.469156e+01,2.468484e+01,2.469156e+01,2.465124e+01,2.465124e+01,2.468484e+01,2.461763e+01,2.459746e+01,2.470500e+01,2.471172e+01,2.453019e+01,2.457728e+01,2.451673e+01,2.457728e+01,2.447635e+01
2.457728e+01,2.455038e+01,2.453692e+01,2.455038e+01,2.447635e+01,2.443594e+01,2.445614e+01,2.444268e+01,2.453692e+01,2.454365e+01,2.451673e+01,2.448308e+01,2.449654e+01,2.457056e+01,2.447635e+01,2.452346e+01,2.446288e+01,2.455710e+01,2.464452e+01,2.458401e+01,2.457728e+01,2.461091e+01,2.453692e+01,2.455038e+01,2.468484e+01,2.459746e+01,2.470500e+01,2.463108e+01,2.467813e+01,2.446961e+01,2.467141e+01,2.477216e+01,2.467813e+01,2.467141e+01,2.471844e+01,2.475873e+01,2.475873e+01,2.469828e+01,2.475201e+01,2.470500e+01,2.475201e+01,2.458401e+01,2.485940e+01,2.472515e+01,2.473187e+01,2.469156e+01,2.468484e+01,2.473858e+01,2.475873e+01,2.473858e+01,2.477887e+01,2.463780e+01,2.482585e+01,2.485940e+01,2.483927e+01,2.469156e+01,2.491975e+01,2.471844e+01,2.481914e+01,2.481243e+01,2.484598e+01,2.477216e+01,2.483256e+01,2.483927e+01,2.491975e+01,2.486610e+01,2.471844e+01,2.489293e+01,2.486610e+01,2.489293e+01,2.474530e+01,2.491305e+01,2.493316e+01,2.487281e+01,2.491975e+01,2.487281e+01,2.487281e+01,2.488622e+01,2.487952e+01,2.485940e+01,2.487281e+01,2.486610e+01,2.483256e+01,2.480572e+01,2.479901e+01,2.483256e+01,2.475873e+01,2.463780e+01,2.475201e+01,2.474530e+01,2.475873e+01,2.479230e+01,2.486610e+01,2.489293e+01,2.482585e+01,2.490634e+01,2.483927e+01,2.489293e+01,2.486610e+01,2.484598e+01,2.473187e+01,2.475201e+01,2.483256e+01,2.487952e+01,2.483256e+01,2.476544e+01,2.479230e+01,2.475873e+01,2.481914e+01,2.471172e+01,2.478558e+01,2.484598e+01,2.487952e+01,2.478558e+01,2.485269e+01,2.475873e+01,2.471844e+01,2.485940e+01,2.470500e+01,2.475873e+01,2.471172e+01,2.457728e+01,2.473187e+01,2.471172e+01,2.484598e+01,2.474530e+01,2.469156e+01,2.469156e+01,2.473858e+01,2.469828e+01,2.466469e+01,2.463780e+01,2.475201e+01,2.461091e+01,2.459746e+01,2.475873e+01,2.457728e+01,2.463108e+01,2.473187e+01,2.468484e+01,2.454365e+01,2.463780e+01,2.472515e+01,2.457728e+01,2.459746e+01,2.461763e+01,2.462436e+01,2.457056e+01,2.461091e+01,2.448308e+01,2.444268e+01,2.461763e+01,2.440900e+01,2.457056e+01,2.456383e+01,2.461091e+01,2.461091e+01,2.440226e+01,2.437531e+01,2.444268e+01,2.443594e+01,2.453019e+01,2.452346e+01,2.445614e+01,2.456383e+01,2.453019e+01,2.450327e+01,2.451000e+01,2.471172e+01,2.450327e+01,2.473187e+01,2.475201e+01,2.474530e+01,2.486610e+01,2.512068e+01,2.530119e+01,2.552139e+01,2.584750e+01,2.584750e+01,2.611960e+01,2.623884e+01,2.684619e+01,2.720107e+01,2.771814e+01,2.793339e+01,2.813520e+01,2.836910e+01,2.851826e+01,2.858305e+01,2.864780e+01,2.852474e+01,2.880951e+01,2.875779e+01,2.879012e+01,2.880305e+01,2.875133e+01,2.874486e+01,2.882890e+01,2.884183e+01,2.877073e+01,2.895162e+01,2.889997e+01,2.897744e+01,2.895162e+01,2.868664e+01,2.868664e+01,2.873192e+01,2.873192e+01,2.867369e+01,2.877073e+01,2.874486e+01,2.859601e+01,2.857658e+01,2.853770e+01,2.875779e+01,2.879012e+01,2.880305e+01,2.879012e+01,2.884183e+01,2.899034e+01,2.899680e+01,2.905485e+01,2.899034e+01,2.899034e+01,2.900325e+01,2.904840e+01,2.895162e+01,2.906130e+01,2.907420e+01,2.904840e+01,2.909354e+01,2.903550e+01,2.909999e+01,2.905485e+01,2.907420e+01,2.901615e+01,2.895162e+01,2.888059e+01,2.884183e+01,2.884829e+01,2.866075e+01,2.851826e+01,2.836261e+01,2.837559e+01,2.821323e+01,2.845992e+01,2.845343e+01,2.850530e+01,2.840154e+01,2.855066e+01,2.847937e+01,2.856362e+01,2.856362e+01,2.858305e+01,2.869311e+01,2.858953e+01,2.853770e+01,2.858305e+01,2.857010e+01,2.858953e+01,2.853770e+01,2.858953e+01,2.850530e+01,2.844046e+01,2.833664e+01,2.831067e+01,2.832366e+01,2.801156e+01,2.791384e+01,2.801156e+01,2.760055e+01,2.755478e+01,2.744355e+01,2.705006e+01,2.683961e+01,2.626532e+01,2.575443e+01,2.544804e+01,2.497337e+01,2.467141e+01,2.467141e+01,2.459073e+01,2.467141e+01,2.465796e+01,2.467141e+01,2.464452e+01,2.468484e+01,2.469828e+01,2.473187e+01,2.469156e+01,2.473187e+01,2.464452e+01,2.465796e+01,2.466469e+01,2.474530e+01,2.475873e+01,2.467813e+01,2.476544e+01,2.475201e+01,2.475873e+01,2.474530e+01,2.477216e+01,2.478558e+01,2.471844e+01,2.476544e+01,2.482585e+01,2.479230e+01,2.494656e+01,2.481243e+01,2.487952e+01,2.471172e+01,2.487952e+01,2.473858e+01,2.463780e+01,2.473858e+01,2.476544e+01,2.483256e+01,2.477887e+01,2.479230e+01,2.481243e+01,2.477887e+01,2.477887e+01,2.477216e+01,2.477887e+01,2.474530e+01,2.473858e+01,2.476544e+01,2.474530e+01,2.497337e+01,2.485269e+01,2.479230e+01,2.489964e+01,2.491305e+01,2.480572e+01,2.490634e+01,2.476544e+01,2.483927e+01,2.486610e+01,2.484598e+01,2.487952e+01,2.486610e+01,2.494656e+01,2.487281e+01,2.488622e+01,2.487952e+01,2.490634e+01,2.491975e+01,2.485940e+01,2.483256e+01,2.481243e+01,2.491975e+01,2.498007e+01,2.486610e+01,2.490634e+01,2.491975e+01,2.489964e+01,2.479901e+01,2.486610e+01,2.497337e+01,2.485269e+01,2.496667e+01,2.483256e+01,2.487281e+01,2.498677e+01,2.498007e+01,2.498677e+01,2.494656e+01,2.503366e+01,2.491305e+01,2.496667e+01,2.493986e+01,2.495997e+01,2.488622e+01,2.490634e+01,2.487952e+01,2.487952e+01,2.500687e+01,2.489964e+01,2.505375e+01,2.491975e+01,2.494656e+01,2.492645e+01,2.497337e+01,2.503366e+01,2.502026e+01,2.501357e+01,2.502696e+01,2.494656e+01,2.504035e+01,2.478558e+01,2.490634e+01,2.491975e+01,2.496667e+01,2.495997e+01,2.484598e+01,2.495326e+01,2.492645e+01,2.502026e+01,2.500687e+01,2.501357e+01,2.493316e+01,2.503366e+01,2.500017e+01,2.503366e+01,2.498007e+01,2.498007e+01,2.501357e+01,2.495326e+01,2.502026e+01,2.493316e+01,2.504035e+01,2.505375e+01,2.497337e+01,2.503366e+01,2.501357e+01,2.517419e+01,2.502696e+01,2.500017e+01,2.509391e+01,2.505375e+01,2.508052e+01,2.506044e+01,2.501357e+01,2.514744e+01,2.510060e+01,2.502696e+01,2.518088e+01,2.491305e+01,2.502696e+01,2.502696e+01,2.514075e+01,2.506713e+01,2.507383e+01,2.521431e+01,2.512737e+01,2.516751e+01,2.522768e+01,2.505375e+01,2.512737e+01,2.505375e+01,2.512737e+01,2.510730e+01,2.502026e+01,2.503366e+01,2.509391e+01,2.503366e+01,2.500017e+01,2.512068e+01,2.498677e+01,2.494656e+01,2.500017e+01,2.493316e+01,2.502696e+01,2.519426e+01,2.509391e+01,2.502026e+01,2.506044e+01,2.503366e+01,2.512068e+01,2.514075e+01,2.510060e+01,2.514744e+01,2.504035e+01,2.501357e+01,2.512737e+01,2.502696e+01,2.512737e+01,2.503366e+01,2.506044e+01,2.504035e+01,2.502696e+01,2.510060e+01,2.502696e+01,2.509391e+01,2.504705e+01,2.508052e+01,2.506044e+01,2.487952e+01,2.503366e+01,2.502026e+01,2.477887e+01,2.498007e+01,2.477216e+01,2.484598e+01,2.463780e+01,2.479230e+01,2.478558e+01,2.491305e+01,2.476544e+01,2.473187e+01,2.494656e+01,2.494656e+01,2.501357e+01,2.509391e+01,2.503366e+01,2.501357e+01,2.500687e+01,2.504705e+01,2.496667e+01,2.495997e+01,2.505375e+01,2.498007e+01,2.502696e+01,2.502696e+01,2.484598e+01,2.504035e+01,2.499347e+01,2.496667e+01,2.511399e+01,2.507383e+01,2.508052e+01,2.501357e+01,2.505375e+01,2.496667e+01,2.493986e+01,2.508722e+01,2.494656e+01,2.493316e+01,2.504035e+01,2.494656e+01,2.484598e+01,2.500017e+01,2.475873e+01,2.463780e+01,2.458401e+01,2.426743e+01,2.411215e+01,2.386187e+01,2.368564e+01,2.359741e+01,2.356346e+01,2.337991e+01,2.333908e+01,2.348872e+01,2.366529e+01,2.388896e+01,2.394311e+01,2.411215e+01,2.405133e+01,2.450327e+01,2.450327e+01,2.475873e+01,2.471844e+01,2.481243e+01,2.481914e+01,2.496667e+01,2.499347e+01,2.495326e+01,2.499347e+01,2.497337e+01,2.495997e+01,2.493986e+01,2.505375e+01,2.509391e+01,2.504035e+01,2.504035e+01,2.489964e+01,2.500687e+01,2.502026e+01,2.489964e+01,2.494656e+01,2.484598e+01,2.495326e+01,2.510060e+01,2.491305e+01,2.491305e+01,2.485940e+01,2.487952e+01,2.489293e+01,2.504705e+01,2.489964e+01,2.494656e+01,2.485940e+01,2.493316e+01,2.489293e+01,2.485269e+01,2.485269e+01,2.494656e+01,2.484598e+01,2.482585e+01,2.477887e+01,2.481914e+01,2.487281e+01,2.481243e+01,2.491305e+01,2.469156e+01,2.501357e+01,2.477216e+01,2.477887e+01,2.479230e+01,2.479901e+01,2.479230e+01,2.477887e+01,2.473187e+01,2.479901e+01,2.471844e+01,2.477887e+01,2.478558e+01,2.477887e+01,2.469156e+01,2.474530e+01,2.467813e+01,2.466469e+01,2.471844e+01,2.466469e+01,2.465796e+01,2.468484e+01,2.479230e+01,2.475201e+01,2.471172e+01,2.477216e+01,2.468484e+01,2.474530e+01,2.463780e+01,2.466469e+01,2.479901e+01,2.476544e+01,2.477216e+01,2.473187e+01,2.472515e+01,2.474530e+01,2.467813e+01,2.469156e+01,2.461091e+01,2.461763e+01,2.460419e+01,2.465796e+01,2.472515e+01,2.464452e+01,2.464452e+01,2.463780e+01,2.459746e+01,2.465796e+01,2.463780e+01,2.461091e+01,2.465796e+01,2.469156e+01,2.461091e+01,2.463108e+01,2.460419e+01
2.446961e+01,2.457728e+01,2.456383e+01,2.448981e+01,2.448308e+01,2.451000e+01,2.459073e+01,2.444941e+01,2.445614e+01,2.455710e+01,2.453692e+01,2.453692e+01,2.454365e+01,2.453692e+01,2.448981e+01,2.447635e+01,2.459746e+01,2.461091e+01,2.453692e+01,2.456383e+01,2.459746e+01,2.452346e+01,2.468484e+01,2.456383e+01,2.464452e+01,2.471844e+01,2.467813e+01,2.455038e+01,2.467813e+01,2.474530e+01,2.468484e+01,2.466469e+01,2.461763e+01,2.467813e+01,2.470500e+01,2.474530e+01,2.465124e+01,2.475201e+01,2.461763e+01,2.462436e+01,2.473187e+01,2.474530e+01,2.476544e+01,2.471844e+01,2.471844e+01,2.478558e+01,2.471172e+01,2.481243e+01,2.479230e+01,2.475873e+01,2.480572e+01,2.483256e+01,2.484598e+01,2.484598e+01,2.485269e+01,2.489293e+01,2.478558e+01,2.475201e+01,2.485940e+01,2.473187e+01,2.481914e+01,2.484598e+01,2.478558e+01,2.482585e+01,2.478558e+01,2.483927e+01,2.480572e+01,2.491305e+01,2.476544e+01,2.494656e+01,2.489964e+01,2.488622e+01,2.478558e+01,2.481914e+01,2.477216e+01,2.484598e+01,2.488622e+01,2.484598e+01,2.488622e+01,2.493986e+01,2.487281e+01,2.487281e+01,2.484598e+01,2.482585e+01,2.491975e+01,2.478558e+01,2.483256e+01,2.485940e+01,2.477216e+01,2.479230e+01,2.481243e+01,2.473858e+01,2.481243e+01,2.481914e+01,2.500687e+01,2.497337e+01,2.498007e+01,2.481914e+01,2.485940e+01,2.481914e+01,2.480572e+01,2.485269e+01,2.482585e+01,2.483927e+01,2.490634e+01,2.483256e+01,2.461091e+01,2.480572e+01,2.484598e+01,2.489293e+01,2.476544e+01,2.474530e+01,2.487952e+01,2.475873e+01,2.474530e+01,2.479901e+01,2.471844e+01,2.473187e+01,2.472515e+01,2.473187e+01,2.473858e+01,2.469156e+01,2.469156e+01,2.486610e+01,2.471172e+01,2.474530e+01,2.476544e+01,2.465124e+01,2.471844e+01,2.463108e+01,2.463780e+01,2.469156e+01,2.451673e+01,2.465124e+01,2.472515e+01,2.470500e+01,2.474530e+01,2.467813e+01,2.470500e+01,2.457728e+01,2.463780e+01,2.465124e+01,2.461763e+01,2.464452e+01,2.451673e+01,2.463780e+01,2.459073e+01,2.459746e+01,2.446961e+01,2.457728e+01,2.440900e+01,2.451673e+01,2.455710e+01,2.457056e+01,2.440226e+01,2.457056e+01,2.463108e+01,2.448981e+01,2.437531e+01,2.441573e+01,2.445614e+01,2.448308e+01,2.456383e+01,2.453692e+01,2.444941e+01,2.453019e+01,2.455038e+01,2.464452e+01,2.464452e+01,2.474530e+01,2.457728e+01,2.471844e+01,2.475873e+01,2.483256e+01,2.511399e+01,2.531454e+01,2.569455e+01,2.591393e+01,2.584085e+01,2.586743e+01,2.630502e+01,2.682644e+01,2.741737e+01,2.766589e+01,2.811569e+01,2.821972e+01,2.835612e+01,2.840154e+01,2.848585e+01,2.871899e+01,2.858305e+01,2.869958e+01,2.875779e+01,2.879012e+01,2.884829e+01,2.882244e+01,2.883537e+01,2.884183e+01,2.891288e+01,2.891288e+01,2.891288e+01,2.885475e+01,2.889997e+01,2.894516e+01,2.884829e+01,2.895807e+01,2.873839e+01,2.869958e+01,2.878366e+01,2.861543e+01,2.861543e+01,2.860248e+01,2.858305e+01,2.857010e+01,2.869311e+01,2.886767e+01,2.897744e+01,2.877719e+01,2.900325e+01,2.895162e+01,2.879659e+01,2.903550e+01,2.908709e+01,2.906130e+01,2.907420e+01,2.908709e+01,2.904840e+01,2.902905e+01,2.915799e+01,2.910643e+01,2.906130e+01,2.910643e+01,2.908709e+01,2.904195e+01,2.904840e+01,2.904195e+01,2.908064e+01,2.904840e+01,2.895807e+01,2.892580e+01,2.888059e+01,2.869958e+01,2.864133e+01,2.851826e+01,2.847289e+01,2.840154e+01,2.840803e+01,2.855714e+01,2.833664e+01,2.845343e+01,2.849234e+01,2.858953e+01,2.864780e+01,2.868017e+01,2.860896e+01,2.858953e+01,2.859601e+01,2.851178e+01,2.859601e+01,2.851178e+01,2.858953e+01,2.861543e+01,2.836910e+01,2.848585e+01,2.841452e+01,2.827820e+01,2.827820e+01,2.807665e+01,2.794642e+01,2.794642e+01,2.782908e+01,2.752208e+01,2.748937e+01,2.712888e+01,2.664193e+01,2.637778e+01,2.576108e+01,2.526778e+01,2.504705e+01,2.464452e+01,2.463780e+01,2.464452e+01,2.458401e+01,2.470500e+01,2.454365e+01,2.461763e+01,2.465124e+01,2.467141e+01,2.461763e+01,2.467813e+01,2.471844e+01,2.467813e+01,2.466469e+01,2.472515e+01,2.472515e+01,2.469828e+01,2.473858e+01,2.475873e+01,2.471172e+01,2.467141e+01,2.480572e+01,2.464452e+01,2.465124e+01,2.475201e+01,2.477887e+01,2.487281e+01,2.483927e+01,2.484598e+01,2.472515e+01,2.475201e+01,2.479901e+01,2.485940e+01,2.457056e+01,2.475873e+01,2.469828e+01,2.471844e+01,2.482585e+01,2.483256e+01,2.479901e+01,2.487952e+01,2.476544e+01,2.485940e+01,2.478558e+01,2.473858e+01,2.474530e+01,2.482585e+01,2.475873e+01,2.474530e+01,2.489964e+01,2.490634e+01,2.479901e+01,2.479230e+01,2.479230e+01,2.479901e+01,2.481243e+01,2.483927e+01,2.479901e+01,2.481243e+01,2.483927e+01,2.486610e+01,2.488622e+01,2.495326e+01,2.485940e+01,2.483256e+01,2.484598e+01,2.495326e+01,2.486610e+01,2.495326e+01,2.487952e+01,2.495997e+01,2.493316e+01,2.483256e+01,2.483927e+01,2.492645e+01,2.498677e+01,2.492645e+01,2.486610e+01,2.492645e+01,2.489293e+01,2.486610e+01,2.485940e+01,2.483927e+01,2.489964e+01,2.496667e+01,2.495997e+01,2.498007e+01,2.485269e+01,2.487952e+01,2.491975e+01,2.494656e+01,2.492645e+01,2.493316e+01,2.495326e+01,2.487281e+01,2.496667e+01,2.487952e+01,2.500687e+01,2.504035e+01,2.495997e+01,2.491975e+01,2.496667e+01,2.490634e+01,2.472515e+01,2.491975e+01,2.495326e+01,2.493986e+01,2.497337e+01,2.492645e+01,2.493316e+01,2.498677e+01,2.489964e+01,2.504705e+01,2.485269e+01,2.500017e+01,2.489293e+01,2.485269e+01,2.491975e+01,2.489964e+01,2.496667e+01,2.496667e+01,2.507383e+01,2.496667e+01,2.503366e+01,2.497337e+01,2.489964e+01,2.499347e+01,2.502026e+01,2.494656e+01,2.492645e+01,2.502696e+01,2.498677e+01,2.500017e+01,2.505375e+01,2.510060e+01,2.498007e+01,2.506044e+01,2.497337e+01,2.504035e+01,2.510060e+01,2.491975e+01,2.511399e+01,2.505375e+01,2.502026e+01,2.502026e+01,2.502696e+01,2.498007e+01,2.504035e+01,2.508052e+01,2.506044e+01,2.504035e+01,2.508722e+01,2.512068e+01,2.510060e+01,2.506713e+01,2.504035e+01,2.500017e+01,2.512068e+01,2.502696e+01,2.514744e+01,2.506713e+01,2.512068e+01,2.513406e+01,2.509391e+01,2.510060e+01,2.507383e+01,2.481243e+01,2.512068e+01,2.514744e+01,2.495326e+01,2.510730e+01,2.512068e+01,2.516082e+01,2.509391e+01,2.516082e+01,2.505375e+01,2.505375e+01,2.503366e+01,2.511399e+01,2.508052e+01,2.502696e+01,2.506713e+01,2.509391e+01,2.516082e+01,2.517419e+01,2.518757e+01,2.504705e+01,2.506713e+01,2.504705e+01,2.504705e+01,2.503366e+01,2.506044e+01,2.505375e+01,2.498007e+01,2.504705e+01,2.510060e+01,2.527446e+01,2.520094e+01,2.500017e+01,2.508722e+01,2.498677e+01,2.508052e+01,2.498677e+01,2.482585e+01,2.491975e+01,2.478558e+01,2.488622e+01,2.478558e+01,2.498007e+01,2.486610e+01,2.491975e+01,2.498677e+01,2.495997e+01,2.502696e+01,2.510060e+01,2.500687e+01,2.509391e+01,2.508052e+01,2.504035e+01,2.500017e+01,2.502026e+01,2.504705e+01,2.496667e+01,2.505375e+01,2.498677e+01,2.500017e+01,2.506044e+01,2.490634e+01,2.499347e+01,2.504035e+01,2.496667e+01,2.498677e+01,2.504035e+01,2.508722e+01,2.500687e+01,2.495997e+01,2.514744e+01,2.498007e+01,2.492645e+01,2.492645e+01,2.494656e+01,2.502026e+01,2.485940e+01,2.477887e+01,2.465796e+01,2.429441e+01,2.410540e+01,2.399723e+01,2.384833e+01,2.367207e+01,2.354987e+01,2.367886e+01,2.337311e+01,2.356346e+01,2.353629e+01,2.370599e+01,2.393634e+01,2.393634e+01,2.408512e+01,2.417969e+01,2.428092e+01,2.454365e+01,2.453692e+01,2.484598e+01,2.483927e+01,2.483927e+01,2.481914e+01,2.491305e+01,2.488622e+01,2.493986e+01,2.496667e+01,2.495997e+01,2.511399e+01,2.510730e+01,2.504705e+01,2.493316e+01,2.504035e+01,2.486610e+01,2.502026e+01,2.496667e+01,2.492645e+01,2.488622e+01,2.511399e+01,2.506713e+01,2.489293e+01,2.491975e+01,2.503366e+01,2.483256e+01,2.496667e+01,2.473187e+01,2.495326e+01,2.491305e+01,2.491975e+01,2.491975e+01,2.489964e+01,2.489964e+01,2.488622e+01,2.487952e+01,2.487281e+01,2.485269e+01,2.483256e+01,2.498007e+01,2.495997e+01,2.479230e+01,2.487281e+01,2.485940e+01,2.491305e+01,2.479230e+01,2.483256e+01,2.482585e+01,2.478558e+01,2.476544e+01,2.482585e+01,2.479230e+01,2.473858e+01,2.473187e+01,2.469828e+01,2.470500e+01,2.474530e+01,2.470500e+01,2.471844e+01,2.469156e+01,2.471844e+01,2.468484e+01,2.469828e+01,2.465124e+01,2.471172e+01,2.470500e+01,2.472515e+01,2.466469e+01,2.472515e+01,2.478558e+01,2.472515e+01,2.472515e+01,2.473858e+01,2.473187e+01,2.477216e+01,2.475873e+01,2.463780e+01,2.469828e+01,2.473858e+01,2.459073e+01,2.468484e+01,2.469156e+01,2.467141e+01,2.466469e+01,2.459073e+01,2.464452e+01,2.464452e+01,2.461091e+01,2.475201e+01,2.465796e+01,2.471844e+01,2.478558e+01,2.470500e+01,2.472515e+01,2.461091e+01,2.451673e+01,2.453019e+01,2.461763e+01,2.465124e+01
2.442247e+01,2.455038e+01,2.454365e+01,2.461763e+01,2.442247e+01,2.444268e+01,2.448308e+01,2.444941e+01,2.442921e+01,2.453019e+01,2.446288e+01,2.442247e+01,2.448981e+01,2.448981e+01,2.453692e+01,2.447635e+01,2.442921e+01,2.446288e+01,2.461091e+01,2.456383e+01,2.454365e+01,2.452346e+01,2.452346e+01,2.457056e+01,2.455710e+01,2.450327e+01,2.457728e+01,2.451673e+01,2.467813e+01,2.473858e+01,2.467141e+01,2.469156e+01,2.475201e+01,2.479230e+01,2.465796e+01,2.467813e+01,2.477216e+01,2.463108e+01,2.463780e+01,2.475873e+01,2.472515e+01,2.475873e+01,2.473858e+01,2.453692e+01,2.475201e+01,2.477216e+01,2.472515e+01,2.472515e+01,2.463108e+01,2.475201e+01,2.468484e+01,2.469156e+01,2.476544e+01,2.481243e+01,2.482585e+01,2.467141e+01,2.472515e+01,2.479901e+01,2.477887e+01,2.483256e+01,2.488622e+01,2.482585e+01,2.474530e+01,2.481914e+01,2.491975e+01,2.482585e+01,2.488622e+01,2.493316e+01,2.484598e+01,2.475873e+01,2.475873e+01,2.486610e+01,2.491975e+01,2.487952e+01,2.473858e+01,2.488622e+01,2.485940e+01,2.486610e+01,2.485269e+01,2.484598e+01,2.489293e+01,2.483256e+01,2.479901e+01,2.487281e+01,2.481243e+01,2.481243e+01,2.472515e+01,2.467141e+01,2.486610e+01,2.471844e+01,2.480572e+01,2.481914e+01,2.476544e+01,2.489964e+01,2.474530e+01,2.477216e+01,2.485940e+01,2.474530e+01,2.477887e+01,2.483927e+01,2.487281e+01,2.483927e+01,2.481243e+01,2.481243e+01,2.481243e+01,2.476544e+01,2.481243e+01,2.477887e+01,2.483927e+01,2.477887e+01,2.481914e+01,2.491305e+01,2.489293e+01,2.483256e+01,2.479901e+01,2.477216e+01,2.477216e+01,2.481914e+01,2.473858e+01,2.469828e+01,2.472515e+01,2.471172e+01,2.474530e+01,2.473187e+01,2.472515e+01,2.468484e+01,2.463780e+01,2.467813e+01,2.472515e+01,2.471844e+01,2.467141e+01,2.459073e+01,2.462436e+01,2.465124e+01,2.459073e+01,2.462436e+01,2.457728e+01,2.475201e+01,2.463108e+01,2.467813e+01,2.455038e+01,2.458401e+01,2.461763e+01,2.461091e+01,2.459073e+01,2.469828e+01,2.461763e+01,2.454365e+01,2.461091e+01,2.460419e+01,2.444268e+01,2.457056e+01,2.455710e+01,2.465124e+01,2.438205e+01,2.456383e+01,2.458401e+01,2.437531e+01,2.452346e+01,2.448308e+01,2.446961e+01,2.443594e+01,2.442921e+01,2.451673e+01,2.451673e+01,2.457728e+01,2.455710e+01,2.457728e+01,2.457728e+01,2.456383e+01,2.467141e+01,2.461091e+01,2.485940e+01,2.498677e+01,2.501357e+01,2.531454e+01,2.576773e+01,2.594049e+01,2.590065e+01,2.587408e+01,2.639100e+01,2.693173e+01,2.738462e+01,2.777036e+01,2.797248e+01,2.828469e+01,2.821323e+01,2.831067e+01,2.849882e+01,2.872546e+01,2.868017e+01,2.873192e+01,2.871899e+01,2.880305e+01,2.884829e+01,2.886767e+01,2.888059e+01,2.897744e+01,2.885475e+01,2.883537e+01,2.886121e+01,2.888705e+01,2.889997e+01,2.895807e+01,2.891288e+01,2.887413e+01,2.894516e+01,2.871252e+01,2.876426e+01,2.871252e+01,2.862191e+01,2.873192e+01,2.862838e+01,2.860896e+01,2.875779e+01,2.876426e+01,2.893225e+01,2.898389e+01,2.879659e+01,2.901615e+01,2.902905e+01,2.904840e+01,2.909999e+01,2.901615e+01,2.908064e+01,2.895162e+01,2.902260e+01,2.906130e+01,2.902905e+01,2.907420e+01,2.918375e+01,2.906775e+01,2.913865e+01,2.918375e+01,2.929320e+01,2.906775e+01,2.908064e+01,2.904840e+01,2.893871e+01,2.900970e+01,2.873839e+01,2.882890e+01,2.869958e+01,2.852474e+01,2.844695e+01,2.840803e+01,2.845343e+01,2.849234e+01,2.860896e+01,2.853122e+01,2.864780e+01,2.862191e+01,2.853122e+01,2.860896e+01,2.860248e+01,2.859601e+01,2.860248e+01,2.865428e+01,2.849882e+01,2.870605e+01,2.855714e+01,2.853122e+01,2.847937e+01,2.837559e+01,2.834313e+01,2.844695e+01,2.836261e+01,2.831067e+01,2.794642e+01,2.798551e+01,2.793339e+01,2.762015e+01,2.747628e+01,2.710918e+01,2.673422e+01,2.637778e+01,2.591393e+01,2.542802e+01,2.506044e+01,2.463108e+01,2.462436e+01,2.461091e+01,2.468484e+01,2.461091e+01,2.462436e+01,2.463108e+01,2.465124e+01,2.469828e+01,2.471172e+01,2.472515e+01,2.469156e+01,2.485940e+01,2.465796e+01,2.469828e+01,2.463108e+01,2.466469e+01,2.467141e+01,2.471844e+01,2.466469e+01,2.475873e+01,2.463780e+01,2.462436e+01,2.478558e+01,2.469828e+01,2.468484e+01,2.474530e+01,2.470500e+01,2.474530e+01,2.477887e+01,2.474530e+01,2.475201e+01,2.482585e+01,2.483256e+01,2.477216e+01,2.483256e+01,2.468484e+01,2.476544e+01,2.474530e+01,2.475201e+01,2.477216e+01,2.477887e+01,2.475873e+01,2.475873e+01,2.475873e+01,2.481243e+01,2.494656e+01,2.482585e+01,2.485940e+01,2.483256e+01,2.475873e+01,2.487281e+01,2.483256e+01,2.483927e+01,2.485940e+01,2.485269e+01,2.488622e+01,2.485269e+01,2.492645e+01,2.487952e+01,2.488622e+01,2.487281e+01,2.487952e+01,2.486610e+01,2.485269e+01,2.481243e+01,2.485269e+01,2.483927e+01,2.479230e+01,2.481243e+01,2.483927e+01,2.493986e+01,2.483256e+01,2.489964e+01,2.483927e+01,2.488622e+01,2.487281e+01,2.489964e+01,2.486610e+01,2.484598e+01,2.487281e+01,2.488622e+01,2.491975e+01,2.487281e+01,2.493986e+01,2.485940e+01,2.494656e+01,2.487952e+01,2.502026e+01,2.495326e+01,2.490634e+01,2.491975e+01,2.489964e+01,2.490634e+01,2.495997e+01,2.495997e+01,2.499347e+01,2.493986e+01,2.495997e+01,2.498677e+01,2.482585e+01,2.492645e+01,2.494656e+01,2.491975e+01,2.497337e+01,2.488622e+01,2.492645e+01,2.489964e+01,2.491975e+01,2.500687e+01,2.491975e+01,2.485269e+01,2.484598e+01,2.495997e+01,2.495997e+01,2.498007e+01,2.487281e+01,2.491975e+01,2.490634e+01,2.493986e+01,2.502026e+01,2.503366e+01,2.506044e+01,2.500687e+01,2.498677e+01,2.494656e+01,2.498677e+01,2.494656e+01,2.500017e+01,2.494656e+01,2.502026e+01,2.496667e+01,2.494656e+01,2.493986e+01,2.493986e+01,2.501357e+01,2.498007e+01,2.510730e+01,2.504035e+01,2.494656e+01,2.508722e+01,2.506044e+01,2.514075e+01,2.504705e+01,2.501357e+01,2.505375e+01,2.498007e+01,2.508052e+01,2.507383e+01,2.508052e+01,2.498677e+01,2.500687e+01,2.497337e+01,2.510730e+01,2.506044e+01,2.500017e+01,2.502026e+01,2.504035e+01,2.506044e+01,2.509391e+01,2.502696e+01,2.507383e+01,2.510060e+01,2.505375e+01,2.502026e+01,2.498677e+01,2.502696e+01,2.498007e+01,2.505375e+01,2.508722e+01,2.496667e+01,2.500687e+01,2.512737e+01,2.500017e+01,2.500687e+01,2.510060e+01,2.504705e+01,2.508052e+01,2.504035e+01,2.510730e+01,2.499347e+01,2.505375e+01,2.513406e+01,2.519426e+01,2.499347e+01,2.503366e+01,2.504035e+01,2.501357e+01,2.503366e+01,2.506713e+01,2.505375e+01,2.508722e+01,2.500017e+01,2.497337e+01,2.498677e+01,2.505375e+01,2.503366e+01,2.503366e+01,2.498677e+01,2.498677e+01,2.506044e+01,2.498007e+01,2.496667e+01,2.484598e+01,2.489964e+01,2.485940e+01,2.497337e+01,2.495326e+01,2.481243e+01,2.491305e+01,2.504705e+01,2.495997e+01,2.501357e+01,2.512068e+01,2.513406e+01,2.503366e+01,2.500017e+01,2.499347e+01,2.508052e+01,2.502696e+01,2.503366e+01,2.502696e+01,2.507383e+01,2.502026e+01,2.508052e+01,2.502696e+01,2.512068e+01,2.500017e+01,2.495326e+01,2.505375e+01,2.503366e+01,2.501357e+01,2.498677e+01,2.496667e+01,2.501357e+01,2.507383e+01,2.501357e+01,2.493986e+01,2.494656e+01,2.489293e+01,2.484598e+01,2.488622e+01,2.484598e+01,2.464452e+01,2.449654e+01,2.426743e+01,2.399723e+01,2.391604e+01,2.377380e+01,2.374668e+01,2.363814e+01,2.353629e+01,2.347513e+01,2.350231e+01,2.348872e+01,2.362457e+01,2.375346e+01,2.396341e+01,2.426068e+01,2.428092e+01,2.453692e+01,2.453692e+01,2.471844e+01,2.477887e+01,2.472515e+01,2.494656e+01,2.488622e+01,2.486610e+01,2.496667e+01,2.497337e+01,2.500017e+01,2.498677e+01,2.498007e+01,2.497337e+01,2.495997e+01,2.494656e+01,2.501357e+01,2.500687e+01,2.487952e+01,2.496667e+01,2.494656e+01,2.493986e+01,2.484598e+01,2.500017e+01,2.500687e+01,2.492645e+01,2.501357e+01,2.487952e+01,2.499347e+01,2.487952e+01,2.487952e+01,2.491305e+01,2.505375e+01,2.521431e+01,2.487952e+01,2.484598e+01,2.494656e+01,2.486610e+01,2.485940e+01,2.482585e+01,2.483256e+01,2.488622e+01,2.493986e+01,2.477887e+01,2.471172e+01,2.484598e+01,2.481914e+01,2.485269e+01,2.478558e+01,2.481243e+01,2.477887e+01,2.476544e+01,2.473187e+01,2.479230e+01,2.469156e+01,2.471844e+01,2.481243e+01,2.473187e+01,2.467141e+01,2.480572e+01,2.471172e+01,2.473858e+01,2.469156e+01,2.464452e+01,2.474530e+01,2.473187e+01,2.471172e+01,2.468484e+01,2.472515e+01,2.456383e+01,2.465796e+01,2.478558e+01,2.481243e+01,2.467813e+01,2.479901e+01,2.477887e+01,2.479901e+01,2.475873e+01,2.477216e+01,2.461763e+01,2.457728e+01,2.470500e+01,2.468484e+01,2.469156e+01,2.467813e+01,2.467813e+01,2.457056e+01,2.461091e+01,2.477887e+01,2.432138e+01,2.458401e+01,2.459746e+01,2.457728e+01,2.458401e+01,2.461091e+01,2.453692e+01,2.460419e+01,2.459073e+01,2.461763e+01,2.450327e+01,2.462436e+01
2.461091e+01,2.439552e+01,2.451673e+01,2.463108e+01,2.450327e+01,2.446961e+01,2.443594e+01,2.445614e+01,2.446961e+01,2.447635e+01,2.446288e+01,2.446961e+01,2.457728e+01,2.444941e+01,2.452346e+01,2.457056e+01,2.454365e+01,2.453692e+01,2.458401e+01,2.459746e+01,2.455038e+01,2.452346e+01,2.451673e+01,2.471844e+01,2.449654e+01,2.453019e+01,2.454365e+01,2.472515e+01,2.453019e+01,2.465124e+01,2.462436e+01,2.472515e+01,2.476544e+01,2.463780e+01,2.478558e+01,2.480572e+01,2.459746e+01,2.462436e+01,2.474530e+01,2.472515e+01,2.469828e+01,2.473187e+01,2.479230e+01,2.456383e+01,2.469828e+01,2.463780e+01,2.466469e+01,2.472515e+01,2.485940e+01,2.479901e+01,2.480572e+01,2.475201e+01,2.481243e+01,2.473858e+01,2.464452e+01,2.492645e+01,2.483256e+01,2.484598e+01,2.479230e+01,2.487952e+01,2.482585e+01,2.478558e+01,2.491305e+01,2.479901e+01,2.478558e+01,2.479901e+01,2.486610e+01,2.475873e+01,2.489964e+01,2.474530e+01,2.476544e+01,2.475201e+01,2.477887e+01,2.491305e+01,2.485269e+01,2.487952e+01,2.484598e+01,2.481914e+01,2.485940e+01,2.494656e+01,2.489964e+01,2.479230e+01,2.483927e+01,2.493316e+01,2.482585e+01,2.486610e+01,2.472515e+01,2.475873e+01,2.474530e+01,2.477887e+01,2.476544e+01,2.481914e+01,2.478558e+01,2.485940e+01,2.473858e+01,2.480572e+01,2.483256e+01,2.485940e+01,2.481243e+01,2.481243e+01,2.485940e+01,2.484598e+01,2.482585e+01,2.473858e+01,2.485940e+01,2.485269e+01,2.476544e+01,2.477887e+01,2.480572e+01,2.482585e+01,2.467813e+01,2.472515e+01,2.483927e+01,2.473187e+01,2.491305e+01,2.483256e+01,2.489293e+01,2.476544e+01,2.478558e+01,2.477216e+01,2.472515e+01,2.495326e+01,2.472515e+01,2.472515e+01,2.470500e+01,2.469156e+01,2.473858e+01,2.480572e+01,2.465124e+01,2.469156e+01,2.473858e+01,2.468484e+01,2.475201e+01,2.461763e+01,2.466469e+01,2.464452e+01,2.473858e+01,2.471172e+01,2.457056e+01,2.472515e+01,2.464452e+01,2.464452e+01,2.453019e+01,2.459746e+01,2.451000e+01,2.460419e+01,2.459073e+01,2.459073e+01,2.463780e+01,2.471844e+01,2.457728e+01,2.453019e+01,2.453019e+01,2.460419e+01,2.451000e+01,2.459746e+01,2.463108e+01,2.463108e+01,2.438205e+01,2.455710e+01,2.453692e+01,2.440900e+01,2.446961e+01,2.452346e+01,2.450327e+01,2.453692e+01,2.448308e+01,2.457728e+01,2.459746e+01,2.459073e+01,2.471172e+01,2.479901e+01,2.485269e+01,2.499347e+01,2.512068e+01,2.552139e+01,2.576108e+01,2.600686e+01,2.588736e+01,2.614611e+01,2.653635e+01,2.708291e+01,2.745665e+01,2.777689e+01,2.811569e+01,2.816772e+01,2.833015e+01,2.837559e+01,2.857010e+01,2.872546e+01,2.873192e+01,2.875779e+01,2.881598e+01,2.876426e+01,2.880305e+01,2.888059e+01,2.890642e+01,2.891934e+01,2.900325e+01,2.897098e+01,2.895807e+01,2.897098e+01,2.891288e+01,2.894516e+01,2.896453e+01,2.897098e+01,2.894516e+01,2.895807e+01,2.882244e+01,2.871252e+01,2.879659e+01,2.879012e+01,2.869311e+01,2.864133e+01,2.879012e+01,2.885475e+01,2.884829e+01,2.889997e+01,2.897098e+01,2.900325e+01,2.900325e+01,2.901615e+01,2.902905e+01,2.906775e+01,2.904840e+01,2.904195e+01,2.907420e+01,2.915799e+01,2.919020e+01,2.911288e+01,2.914510e+01,2.917731e+01,2.910643e+01,2.912577e+01,2.902905e+01,2.906130e+01,2.905485e+01,2.927389e+01,2.902905e+01,2.896453e+01,2.876426e+01,2.899680e+01,2.880305e+01,2.877073e+01,2.856362e+01,2.867369e+01,2.853122e+01,2.852474e+01,2.862838e+01,2.855714e+01,2.861543e+01,2.857010e+01,2.864133e+01,2.865428e+01,2.865428e+01,2.868664e+01,2.869311e+01,2.860248e+01,2.859601e+01,2.864780e+01,2.860896e+01,2.864133e+01,2.864133e+01,2.844695e+01,2.838208e+01,2.837559e+01,2.821972e+01,2.809617e+01,2.801807e+01,2.795294e+01,2.765282e+01,2.763976e+01,2.744355e+01,2.709605e+01,2.680669e+01,2.638439e+01,2.593385e+01,2.536129e+01,2.503366e+01,2.481914e+01,2.455710e+01,2.461763e+01,2.461763e+01,2.457056e+01,2.459746e+01,2.467141e+01,2.467141e+01,2.465796e+01,2.471844e+01,2.467141e+01,2.470500e+01,2.467813e+01,2.473858e+01,2.466469e+01,2.454365e+01,2.466469e+01,2.473858e+01,2.474530e+01,2.470500e+01,2.473187e+01,2.462436e+01,2.465124e+01,2.468484e+01,2.479230e+01,2.465796e+01,2.466469e+01,2.475201e+01,2.485940e+01,2.471844e+01,2.480572e+01,2.477887e+01,2.464452e+01,2.475873e+01,2.463108e+01,2.474530e+01,2.464452e+01,2.462436e+01,2.477887e+01,2.485269e+01,2.474530e+01,2.485269e+01,2.476544e+01,2.487952e+01,2.495997e+01,2.484598e+01,2.485940e+01,2.483927e+01,2.481914e+01,2.485940e+01,2.482585e+01,2.485269e+01,2.474530e+01,2.485940e+01,2.485269e+01,2.481914e+01,2.480572e+01,2.479230e+01,2.492645e+01,2.486610e+01,2.481914e+01,2.496667e+01,2.491305e+01,2.465796e+01,2.486610e+01,2.484598e+01,2.482585e+01,2.487281e+01,2.488622e+01,2.478558e+01,2.485940e+01,2.484598e+01,2.481914e+01,2.482585e+01,2.485269e+01,2.482585e+01,2.483927e+01,2.493986e+01,2.489964e+01,2.486610e+01,2.489293e+01,2.487281e+01,2.483927e+01,2.483927e+01,2.494656e+01,2.491975e+01,2.490634e+01,2.495997e+01,2.498007e+01,2.495997e+01,2.497337e+01,2.494656e+01,2.496667e+01,2.492645e+01,2.489964e+01,2.487281e+01,2.492645e+01,2.481243e+01,2.502696e+01,2.487952e+01,2.495997e+01,2.497337e+01,2.484598e+01,2.487281e+01,2.497337e+01,2.494656e+01,2.495326e+01,2.494656e+01,2.500017e+01,2.498677e+01,2.495997e+01,2.498007e+01,2.495997e+01,2.496667e+01,2.500017e+01,2.485269e+01,2.493316e+01,2.487952e+01,2.498007e+01,2.497337e+01,2.502696e+01,2.498007e+01,2.496667e+01,2.491975e+01,2.481914e+01,2.495997e+01,2.494656e+01,2.494656e+01,2.495997e+01,2.505375e+01,2.502696e+01,2.498677e+01,2.494656e+01,2.495997e+01,2.498677e+01,2.495326e+01,2.510730e+01,2.496667e+01,2.508722e+01,2.510730e+01,2.491975e+01,2.506713e+01,2.511399e+01,2.501357e+01,2.496667e+01,2.498007e+01,2.506713e+01,2.502026e+01,2.489293e+01,2.506713e+01,2.505375e+01,2.506713e+01,2.506044e+01,2.502696e+01,2.500017e+01,2.500687e+01,2.496667e+01,2.509391e+01,2.504035e+01,2.534793e+01,2.500687e+01,2.508722e+01,2.505375e+01,2.513406e+01,2.512068e+01,2.499347e+01,2.478558e+01,2.502696e+01,2.504705e+01,2.504035e+01,2.498677e+01,2.497337e+01,2.502026e+01,2.499347e+01,2.501357e+01,2.507383e+01,2.495997e+01,2.508722e+01,2.485269e+01,2.505375e+01,2.505375e+01,2.501357e+01,2.504035e+01,2.500017e+01,2.500017e+01,2.506713e+01,2.501357e+01,2.502696e+01,2.505375e+01,2.499347e+01,2.504705e+01,2.496667e+01,2.500017e+01,2.511399e+01,2.506713e+01,2.500017e+01,2.504705e+01,2.502026e+01,2.499347e+01,2.498007e+01,2.497337e+01,2.498677e+01,2.485269e+01,2.495326e+01,2.500687e+01,2.498007e+01,2.487281e+01,2.502026e+01,2.487281e+01,2.506713e+01,2.499347e+01,2.500017e+01,2.498677e+01,2.514075e+01,2.501357e+01,2.510060e+01,2.508052e+01,2.514075e+01,2.498677e+01,2.506713e+01,2.505375e+01,2.500687e+01,2.489964e+01,2.494656e+01,2.504705e+01,2.493986e+01,2.495326e+01,2.498677e+01,2.505375e+01,2.504705e+01,2.508722e+01,2.501357e+01,2.500687e+01,2.495997e+01,2.495997e+01,2.497337e+01,2.495326e+01,2.482585e+01,2.497337e+01,2.484598e+01,2.486610e+01,2.484598e+01,2.471172e+01,2.465124e+01,2.449654e+01,2.427417e+01,2.409188e+01,2.390927e+01,2.363136e+01,2.361099e+01,2.348192e+01,2.348192e+01,2.343433e+01,2.333908e+01,2.344793e+01,2.368564e+01,2.393634e+01,2.395664e+01,2.405133e+01,2.436183e+01,2.451673e+01,2.448981e+01,2.470500e+01,2.465124e+01,2.484598e+01,2.495997e+01,2.482585e+01,2.498677e+01,2.497337e+01,2.498677e+01,2.498007e+01,2.498007e+01,2.501357e+01,2.499347e+01,2.500687e+01,2.490634e+01,2.491975e+01,2.502696e+01,2.502696e+01,2.503366e+01,2.498677e+01,2.498007e+01,2.494656e+01,2.500687e+01,2.485269e+01,2.485940e+01,2.487952e+01,2.487952e+01,2.495326e+01,2.486610e+01,2.493316e+01,2.493316e+01,2.506044e+01,2.494656e+01,2.480572e+01,2.491975e+01,2.490634e+01,2.493316e+01,2.492645e+01,2.481914e+01,2.483927e+01,2.482585e+01,2.491305e+01,2.477887e+01,2.479230e+01,2.477216e+01,2.485269e+01,2.486610e+01,2.472515e+01,2.475201e+01,2.478558e+01,2.478558e+01,2.471844e+01,2.467813e+01,2.467813e+01,2.472515e+01,2.481243e+01,2.471172e+01,2.483927e+01,2.463108e+01,2.471844e+01,2.466469e+01,2.472515e+01,2.467813e+01,2.467141e+01,2.471844e+01,2.458401e+01,2.467141e+01,2.467813e+01,2.467813e+01,2.467141e+01,2.471172e+01,2.477887e+01,2.468484e+01,2.479230e+01,2.471172e+01,2.464452e+01,2.454365e+01,2.473858e+01,2.459073e+01,2.464452e+01,2.470500e+01,2.460419e+01,2.465124e+01,2.461091e+01,2.465124e+01,2.461091e+01,2.468484e+01,2.465124e+01,2.465796e+01,2.461091e+01,2.450327e+01,2.457728e+01,2.451000e+01,2.460419e+01,2.461091e+01,2.450327e+01,2.451673e+01,2.457056e+01,2.463780e+01,2.463780e+01
2.451000e+01,2.450327e+01,2.438205e+01,2.442921e+01,2.459746e+01,2.452346e+01,2.445614e+01,2.456383e+01,2.450327e+01,2.445614e+01,2.446961e+01,2.449654e+01,2.455710e+01,2.450327e+01,2.439552e+01,2.442247e+01,2.443594e+01,2.454365e+01,2.453692e+01,2.455038e+01,2.457728e+01,2.452346e+01,2.454365e+01,2.453692e+01,2.448308e+01,2.451673e+01,2.452346e+01,2.434161e+01,2.456383e+01,2.463108e+01,2.459746e+01,2.465796e+01,2.455710e+01,2.460419e+01,2.477216e+01,2.474530e+01,2.465796e+01,2.467813e+01,2.461091e+01,2.464452e+01,2.465124e+01,2.482585e+01,2.459746e+01,2.472515e+01,2.460419e+01,2.478558e+01,2.475201e+01,2.473858e+01,2.459746e+01,2.477887e+01,2.475873e+01,2.472515e+01,2.479901e+01,2.484598e+01,2.465124e+01,2.489964e+01,2.473187e+01,2.484598e+01,2.481914e+01,2.481243e+01,2.468484e+01,2.477216e+01,2.493986e+01,2.479901e+01,2.477216e+01,2.475201e+01,2.475873e+01,2.474530e+01,2.473858e+01,2.474530e+01,2.477216e+01,2.474530e+01,2.486610e+01,2.470500e+01,2.473858e+01,2.483927e+01,2.483927e+01,2.479230e+01,2.478558e+01,2.491305e+01,2.478558e+01,2.475201e+01,2.481914e+01,2.479230e+01,2.483927e+01,2.481243e+01,2.482585e+01,2.471844e+01,2.479901e+01,2.481243e+01,2.475201e+01,2.473187e+01,2.472515e+01,2.475873e+01,2.488622e+01,2.473858e+01,2.473858e+01,2.483256e+01,2.477216e+01,2.483927e+01,2.485269e+01,2.485269e+01,2.482585e+01,2.487952e+01,2.483256e+01,2.479901e+01,2.479230e+01,2.471172e+01,2.477887e+01,2.473187e+01,2.482585e+01,2.484598e+01,2.487952e+01,2.485940e+01,2.493986e+01,2.489964e+01,2.479230e+01,2.473858e+01,2.473858e+01,2.475201e+01,2.473858e+01,2.479230e+01,2.472515e+01,2.476544e+01,2.477216e+01,2.473858e+01,2.463108e+01,2.461091e+01,2.479230e+01,2.458401e+01,2.469156e+01,2.466469e+01,2.464452e+01,2.468484e+01,2.473858e+01,2.475201e+01,2.476544e+01,2.473858e+01,2.456383e+01,2.469156e+01,2.469828e+01,2.467141e+01,2.460419e+01,2.459073e+01,2.464452e+01,2.459073e+01,2.455038e+01,2.459746e+01,2.458401e+01,2.459746e+01,2.458401e+01,2.454365e+01,2.456383e+01,2.449654e+01,2.453019e+01,2.453692e+01,2.452346e+01,2.453019e+01,2.442247e+01,2.450327e+01,2.454365e+01,2.454365e+01,2.443594e+01,2.442921e+01,2.457056e+01,2.455038e+01,2.442921e+01,2.459073e+01,2.459746e+01,2.460419e+01,2.463108e+01,2.464452e+01,2.491305e+01,2.500017e+01,2.528115e+01,2.555471e+01,2.583421e+01,2.596704e+01,2.587408e+01,2.592057e+01,2.675399e+01,2.718139e+01,2.754824e+01,2.782908e+01,2.810268e+01,2.811569e+01,2.839505e+01,2.845992e+01,2.838208e+01,2.866075e+01,2.868664e+01,2.873839e+01,2.869958e+01,2.866722e+01,2.891288e+01,2.888705e+01,2.893871e+01,2.889997e+01,2.892580e+01,2.884183e+01,2.887413e+01,2.900970e+01,2.890642e+01,2.889997e+01,2.891288e+01,2.886121e+01,2.898389e+01,2.895807e+01,2.875779e+01,2.882890e+01,2.868664e+01,2.879659e+01,2.867369e+01,2.873839e+01,2.886121e+01,2.885475e+01,2.891288e+01,2.893871e+01,2.909999e+01,2.900325e+01,2.906775e+01,2.908709e+01,2.907420e+01,2.906775e+01,2.906130e+01,2.904195e+01,2.911932e+01,2.903550e+01,2.907420e+01,2.906775e+01,2.921596e+01,2.908709e+01,2.896453e+01,2.899680e+01,2.904195e+01,2.906775e+01,2.909999e+01,2.906130e+01,2.904195e+01,2.899034e+01,2.884829e+01,2.881598e+01,2.871252e+01,2.864780e+01,2.874486e+01,2.860248e+01,2.853122e+01,2.852474e+01,2.866722e+01,2.860248e+01,2.866722e+01,2.869311e+01,2.868664e+01,2.869311e+01,2.861543e+01,2.864780e+01,2.844695e+01,2.864133e+01,2.858953e+01,2.862838e+01,2.845992e+01,2.858953e+01,2.844046e+01,2.836261e+01,2.835612e+01,2.828469e+01,2.829768e+01,2.810919e+01,2.805713e+01,2.797248e+01,2.785517e+01,2.763322e+01,2.724043e+01,2.722731e+01,2.685936e+01,2.642405e+01,2.595377e+01,2.556137e+01,2.502696e+01,2.469828e+01,2.470500e+01,2.459746e+01,2.461763e+01,2.466469e+01,2.461763e+01,2.459073e+01,2.464452e+01,2.468484e+01,2.449654e+01,2.470500e+01,2.461763e+01,2.463780e+01,2.465796e+01,2.462436e+01,2.463108e+01,2.469156e+01,2.471172e+01,2.465796e+01,2.474530e+01,2.473187e+01,2.472515e+01,2.465796e+01,2.450327e+01,2.466469e+01,2.465124e+01,2.469156e+01,2.465796e+01,2.473858e+01,2.471844e+01,2.479901e+01,2.474530e+01,2.465796e+01,2.462436e+01,2.469828e+01,2.465124e+01,2.479901e+01,2.463108e+01,2.461763e+01,2.477216e+01,2.475201e+01,2.473187e+01,2.473187e+01,2.472515e+01,2.486610e+01,2.483256e+01,2.483256e+01,2.475201e+01,2.483256e+01,2.481243e+01,2.480572e+01,2.471844e+01,2.485940e+01,2.483256e+01,2.484598e+01,2.480572e+01,2.484598e+01,2.484598e+01,2.481243e+01,2.491305e+01,2.485269e+01,2.487952e+01,2.487281e+01,2.483256e+01,2.502026e+01,2.480572e+01,2.483256e+01,2.479230e+01,2.482585e+01,2.483927e+01,2.485940e+01,2.493986e+01,2.483927e+01,2.481243e+01,2.482585e+01,2.488622e+01,2.490634e+01,2.496667e+01,2.485269e+01,2.478558e+01,2.477887e+01,2.489964e+01,2.485269e+01,2.484598e+01,2.485269e+01,2.494656e+01,2.485940e+01,2.483927e+01,2.495997e+01,2.496667e+01,2.492645e+01,2.495326e+01,2.490634e+01,2.500017e+01,2.493316e+01,2.482585e+01,2.492645e+01,2.487952e+01,2.489964e+01,2.492645e+01,2.486610e+01,2.485940e+01,2.486610e+01,2.498007e+01,2.489293e+01,2.498007e+01,2.493986e+01,2.482585e+01,2.485269e+01,2.497337e+01,2.491975e+01,2.499347e+01,2.486610e+01,2.489293e+01,2.504035e+01,2.487952e+01,2.489964e+01,2.488622e+01,2.502696e+01,2.485269e+01,2.489964e+01,2.495326e+01,2.492645e+01,2.490634e+01,2.493986e+01,2.493986e+01,2.491305e+01,2.512068e+01,2.492645e+01,2.502026e+01,2.486610e+01,2.494656e+01,2.504705e+01,2.502696e+01,2.493316e+01,2.500017e+01,2.499347e+01,2.500687e+01,2.510730e+01,2.502026e+01,2.490634e+01,2.501357e+01,2.501357e+01,2.500017e+01,2.500017e+01,2.500017e+01,2.503366e+01,2.519426e+01,2.507383e+01,2.502696e+01,2.499347e+01,2.500017e+01,2.496667e+01,2.506044e+01,2.499347e+01,2.495997e+01,2.500017e+01,2.500017e+01,2.501357e+01,2.504705e+01,2.501357e+01,2.496667e+01,2.493316e+01,2.498677e+01,2.478558e+01,2.496667e+01,2.481243e+01,2.495997e+01,2.496667e+01,2.495326e+01,2.493986e+01,2.500017e+01,2.484598e+01,2.497337e+01,2.493316e+01,2.477887e+01,2.487952e+01,2.503366e+01,2.504035e+01,2.507383e+01,2.506044e+01,2.498677e+01,2.504705e+01,2.499347e+01,2.498677e+01,2.501357e+01,2.502026e+01,2.506713e+01,2.505375e+01,2.501357e+01,2.503366e+01,2.514075e+01,2.497337e+01,2.496667e+01,2.508052e+01,2.501357e+01,2.506713e+01,2.497337e+01,2.504705e+01,2.497337e+01,2.504705e+01,2.500017e+01,2.498007e+01,2.500687e+01,2.495997e+01,2.485269e+01,2.492645e+01,2.502026e+01,2.498677e+01,2.490634e+01,2.506044e+01,2.501357e+01,2.510730e+01,2.504035e+01,2.508722e+01,2.503366e+01,2.496667e+01,2.512737e+01,2.507383e+01,2.495326e+01,2.498677e+01,2.504035e+01,2.504035e+01,2.496667e+01,2.490634e+01,2.501357e+01,2.496667e+01,2.493316e+01,2.493986e+01,2.495326e+01,2.506044e+01,2.499347e+01,2.493986e+01,2.490634e+01,2.495326e+01,2.496667e+01,2.499347e+01,2.493986e+01,2.478558e+01,2.482585e+01,2.499347e+01,2.477216e+01,2.485269e+01,2.461763e+01,2.417294e+01,2.413917e+01,2.401076e+01,2.388896e+01,2.369921e+01,2.363136e+01,2.359741e+01,2.339352e+01,2.345473e+01,2.342753e+01,2.357704e+01,2.359741e+01,2.386187e+01,2.402428e+01,2.402428e+01,2.443594e+01,2.442247e+01,2.448308e+01,2.468484e+01,2.478558e+01,2.485940e+01,2.495326e+01,2.480572e+01,2.489964e+01,2.490634e+01,2.498677e+01,2.494656e+01,2.490634e+01,2.502026e+01,2.503366e+01,2.502696e+01,2.495326e+01,2.492645e+01,2.488622e+01,2.489964e+01,2.498677e+01,2.489293e+01,2.504035e+01,2.493986e+01,2.497337e+01,2.489293e+01,2.487281e+01,2.483256e+01,2.493986e+01,2.497337e+01,2.491975e+01,2.485269e+01,2.484598e+01,2.488622e+01,2.484598e+01,2.479901e+01,2.484598e+01,2.466469e+01,2.475201e+01,2.490634e+01,2.496667e+01,2.481914e+01,2.483927e+01,2.475201e+01,2.479901e+01,2.474530e+01,2.489964e+01,2.469828e+01,2.471844e+01,2.477887e+01,2.473858e+01,2.470500e+01,2.449654e+01,2.472515e+01,2.475873e+01,2.471172e+01,2.477216e+01,2.465796e+01,2.483256e+01,2.475201e+01,2.464452e+01,2.473858e+01,2.463108e+01,2.466469e+01,2.467141e+01,2.465124e+01,2.465796e+01,2.449654e+01,2.462436e+01,2.463108e+01,2.469828e+01,2.465796e+01,2.476544e+01,2.482585e+01,2.467813e+01,2.455710e+01,2.477216e+01,2.479230e+01,2.478558e+01,2.458401e+01,2.465796e+01,2.464452e+01,2.479901e+01,2.465796e+01,2.446961e+01,2.465796e+01,2.470500e+01,2.463780e+01,2.463108e+01,2.457056e+01,2.451000e+01,2.461763e+01,2.457056e+01,2.463108e+01,2.459073e+01,2.452346e+01,2.460419e+01,2.457056e+01,2.455038e+01,2.461763e+01,2.459746e+01,2.464452e+01
2.465124e+01,2.455038e+01,2.451673e+01,2.449654e+01,2.452346e+01,2.451673e+01,2.445614e+01,2.454365e+01,2.434835e+01,2.454365e+01,2.451000e+01,2.440900e+01,2.440900e+01,2.440226e+01,2.441573e+01,2.441573e+01,2.456383e+01,2.446288e+01,2.461763e+01,2.456383e+01,2.444941e+01,2.453019e+01,2.453692e+01,2.446961e+01,2.453019e+01,2.451673e+01,2.452346e+01,2.453692e+01,2.468484e+01,2.453692e+01,2.453019e+01,2.467141e+01,2.474530e+01,2.460419e+01,2.461763e+01,2.467141e+01,2.459073e+01,2.464452e+01,2.463108e+01,2.480572e+01,2.469828e+01,2.459746e+01,2.460419e+01,2.473858e+01,2.471844e+01,2.469828e+01,2.459746e+01,2.467141e+01,2.470500e+01,2.473858e+01,2.471172e+01,2.473858e+01,2.480572e+01,2.477887e+01,2.471172e+01,2.478558e+01,2.480572e+01,2.470500e+01,2.483256e+01,2.474530e+01,2.475201e+01,2.481914e+01,2.494656e+01,2.477216e+01,2.489964e+01,2.471172e+01,2.471172e+01,2.482585e+01,2.469828e+01,2.488622e+01,2.484598e+01,2.475873e+01,2.477216e+01,2.484598e+01,2.499347e+01,2.493986e+01,2.475873e+01,2.482585e+01,2.485269e+01,2.486610e+01,2.479901e+01,2.485940e+01,2.492645e+01,2.473858e+01,2.479230e+01,2.476544e+01,2.487281e+01,2.466469e+01,2.468484e+01,2.471844e+01,2.481243e+01,2.479230e+01,2.488622e+01,2.475873e+01,2.482585e+01,2.481914e+01,2.479230e+01,2.478558e+01,2.484598e+01,2.486610e+01,2.478558e+01,2.489964e+01,2.485269e+01,2.484598e+01,2.482585e+01,2.477216e+01,2.479901e+01,2.473187e+01,2.476544e+01,2.483256e+01,2.469156e+01,2.491305e+01,2.490634e+01,2.485940e+01,2.474530e+01,2.485269e+01,2.476544e+01,2.481914e+01,2.476544e+01,2.486610e+01,2.483927e+01,2.481243e+01,2.471844e+01,2.473858e+01,2.475201e+01,2.465796e+01,2.483256e+01,2.465124e+01,2.471172e+01,2.469828e+01,2.467813e+01,2.465124e+01,2.474530e+01,2.468484e+01,2.477216e+01,2.468484e+01,2.475201e+01,2.467813e+01,2.469156e+01,2.473858e+01,2.463780e+01,2.465124e+01,2.466469e+01,2.466469e+01,2.460419e+01,2.458401e+01,2.465796e+01,2.459746e+01,2.460419e+01,2.461091e+01,2.456383e+01,2.444268e+01,2.457056e+01,2.451673e+01,2.465124e+01,2.467141e+01,2.456383e+01,2.452346e+01,2.449654e+01,2.455038e+01,2.448308e+01,2.448981e+01,2.444941e+01,2.450327e+01,2.455710e+01,2.456383e+01,2.448308e+01,2.460419e+01,2.459073e+01,2.464452e+01,2.456383e+01,2.487952e+01,2.490634e+01,2.493316e+01,2.528782e+01,2.568124e+01,2.578768e+01,2.604667e+01,2.588736e+01,2.608646e+01,2.683302e+01,2.730600e+01,2.743046e+01,2.780951e+01,2.811569e+01,2.811569e+01,2.833015e+01,2.842100e+01,2.862191e+01,2.858953e+01,2.872546e+01,2.869958e+01,2.874486e+01,2.871899e+01,2.891288e+01,2.891288e+01,2.886767e+01,2.890642e+01,2.892580e+01,2.886767e+01,2.893871e+01,2.900970e+01,2.897744e+01,2.892580e+01,2.900325e+01,2.893871e+01,2.898389e+01,2.887413e+01,2.891288e+01,2.874486e+01,2.888059e+01,2.879012e+01,2.880305e+01,2.880305e+01,2.873192e+01,2.889351e+01,2.895162e+01,2.898389e+01,2.891288e+01,2.891288e+01,2.905485e+01,2.907420e+01,2.900325e+01,2.908064e+01,2.923527e+01,2.905485e+01,2.905485e+01,2.901615e+01,2.903550e+01,2.909354e+01,2.909354e+01,2.902260e+01,2.906130e+01,2.904195e+01,2.911288e+01,2.920308e+01,2.900970e+01,2.891934e+01,2.899034e+01,2.891288e+01,2.902260e+01,2.895807e+01,2.879012e+01,2.868017e+01,2.860248e+01,2.870605e+01,2.855714e+01,2.868017e+01,2.868017e+01,2.868664e+01,2.871899e+01,2.860896e+01,2.861543e+01,2.867369e+01,2.862191e+01,2.865428e+01,2.866722e+01,2.860248e+01,2.863486e+01,2.855066e+01,2.858305e+01,2.848585e+01,2.845343e+01,2.840154e+01,2.839505e+01,2.843398e+01,2.825871e+01,2.808967e+01,2.805713e+01,2.794642e+01,2.772467e+01,2.769855e+01,2.724043e+01,2.719451e+01,2.687910e+01,2.643066e+01,2.595377e+01,2.558136e+01,2.518088e+01,2.473858e+01,2.455038e+01,2.451000e+01,2.454365e+01,2.462436e+01,2.467813e+01,2.454365e+01,2.469156e+01,2.469828e+01,2.468484e+01,2.467141e+01,2.467813e+01,2.469156e+01,2.467813e+01,2.469828e+01,2.465124e+01,2.467141e+01,2.465124e+01,2.475873e+01,2.465796e+01,2.471844e+01,2.469828e+01,2.475873e+01,2.467813e+01,2.470500e+01,2.469828e+01,2.463108e+01,2.473858e+01,2.465796e+01,2.480572e+01,2.479901e+01,2.473858e+01,2.469828e+01,2.463780e+01,2.476544e+01,2.477887e+01,2.475201e+01,2.471844e+01,2.473858e+01,2.467813e+01,2.476544e+01,2.472515e+01,2.469828e+01,2.473858e+01,2.471172e+01,2.472515e+01,2.478558e+01,2.471844e+01,2.486610e+01,2.473187e+01,2.480572e+01,2.476544e+01,2.478558e+01,2.477216e+01,2.482585e+01,2.484598e+01,2.484598e+01,2.479230e+01,2.490634e+01,2.486610e+01,2.483927e+01,2.484598e+01,2.485269e+01,2.483927e+01,2.485269e+01,2.495997e+01,2.483256e+01,2.479230e+01,2.479901e+01,2.475873e+01,2.481243e+01,2.485940e+01,2.483256e+01,2.489964e+01,2.495997e+01,2.489964e+01,2.484598e+01,2.485940e+01,2.490634e+01,2.487952e+01,2.488622e+01,2.487952e+01,2.492645e+01,2.489964e+01,2.480572e+01,2.495997e+01,2.490634e+01,2.480572e+01,2.492645e+01,2.479901e+01,2.494656e+01,2.471844e+01,2.495997e+01,2.493316e+01,2.486610e+01,2.490634e+01,2.493986e+01,2.498007e+01,2.491305e+01,2.485940e+01,2.491305e+01,2.489293e+01,2.483256e+01,2.489964e+01,2.491975e+01,2.483256e+01,2.500687e+01,2.485940e+01,2.501357e+01,2.489964e+01,2.500017e+01,2.499347e+01,2.498007e+01,2.496667e+01,2.487952e+01,2.488622e+01,2.508052e+01,2.487281e+01,2.488622e+01,2.491975e+01,2.507383e+01,2.491975e+01,2.500017e+01,2.475201e+01,2.488622e+01,2.502696e+01,2.496667e+01,2.493316e+01,2.495326e+01,2.491975e+01,2.492645e+01,2.490634e+01,2.496667e+01,2.492645e+01,2.492645e+01,2.493986e+01,2.497337e+01,2.495997e+01,2.498007e+01,2.494656e+01,2.491975e+01,2.500687e+01,2.498007e+01,2.500687e+01,2.491975e+01,2.494656e+01,2.502696e+01,2.518088e+01,2.491305e+01,2.506713e+01,2.508722e+01,2.487281e+01,2.504705e+01,2.493316e+01,2.509391e+01,2.495997e+01,2.509391e+01,2.496667e+01,2.498677e+01,2.502696e+01,2.500017e+01,2.469156e+01,2.485940e+01,2.491975e+01,2.474530e+01,2.479230e+01,2.495997e+01,2.488622e+01,2.493316e+01,2.496667e+01,2.483927e+01,2.477887e+01,2.492645e+01,2.487281e+01,2.498677e+01,2.498007e+01,2.491305e+01,2.481243e+01,2.481243e+01,2.506713e+01,2.483927e+01,2.498677e+01,2.505375e+01,2.500687e+01,2.498677e+01,2.506713e+01,2.501357e+01,2.489964e+01,2.496667e+01,2.501357e+01,2.495326e+01,2.502026e+01,2.501357e+01,2.502696e+01,2.498677e+01,2.500017e+01,2.498677e+01,2.506044e+01,2.498677e+01,2.498677e+01,2.494656e+01,2.495997e+01,2.491975e+01,2.497337e+01,2.483256e+01,2.498007e+01,2.495997e+01,2.498007e+01,2.492645e+01,2.503366e+01,2.501357e+01,2.503366e+01,2.514075e+01,2.502696e+01,2.513406e+01,2.499347e+01,2.512068e+01,2.504035e+01,2.485269e+01,2.494656e+01,2.489293e+01,2.499347e+01,2.500017e+01,2.498007e+01,2.502696e+01,2.491975e+01,2.490634e+01,2.485940e+01,2.490634e+01,2.496667e+01,2.498007e+01,2.502026e+01,2.493986e+01,2.495326e+01,2.492645e+01,2.492645e+01,2.493316e+01,2.492645e+01,2.485940e+01,2.488622e+01,2.480572e+01,2.471172e+01,2.469156e+01,2.462436e+01,2.435509e+01,2.409188e+01,2.386187e+01,2.384155e+01,2.382801e+01,2.360420e+01,2.350911e+01,2.346153e+01,2.347513e+01,2.345473e+01,2.359062e+01,2.367207e+01,2.386187e+01,2.401752e+01,2.427417e+01,2.438878e+01,2.461763e+01,2.466469e+01,2.465796e+01,2.476544e+01,2.477216e+01,2.485269e+01,2.494656e+01,2.493986e+01,2.496667e+01,2.487281e+01,2.487281e+01,2.508722e+01,2.498677e+01,2.494656e+01,2.491305e+01,2.488622e+01,2.488622e+01,2.482585e+01,2.487952e+01,2.485940e+01,2.485269e+01,2.504705e+01,2.494656e+01,2.487281e+01,2.491975e+01,2.487281e+01,2.485269e+01,2.485940e+01,2.478558e+01,2.495997e+01,2.486610e+01,2.489293e+01,2.487281e+01,2.493986e+01,2.486610e+01,2.498677e+01,2.482585e+01,2.501357e+01,2.491975e+01,2.459073e+01,2.484598e+01,2.480572e+01,2.481243e+01,2.473858e+01,2.479230e+01,2.475873e+01,2.476544e+01,2.479901e+01,2.463108e+01,2.473858e+01,2.469828e+01,2.477216e+01,2.473858e+01,2.461763e+01,2.481243e+01,2.473187e+01,2.465796e+01,2.463780e+01,2.465124e+01,2.459073e+01,2.471172e+01,2.467813e+01,2.468484e+01,2.473187e+01,2.475873e+01,2.465124e+01,2.465796e+01,2.465124e+01,2.465796e+01,2.470500e+01,2.465796e+01,2.467813e+01,2.482585e+01,2.461763e+01,2.463780e+01,2.457728e+01,2.463108e+01,2.456383e+01,2.463108e+01,2.459073e+01,2.459746e+01,2.460419e+01,2.458401e+01,2.461763e+01,2.469156e+01,2.469828e+01,2.470500e+01,2.466469e+01,2.453692e+01,2.456383e+01,2.455710e+01,2.455038e+01,2.459746e+01,2.459746e+01,2.460419e+01,2.463108e+01,2.448308e+01,2.457056e+01,2.454365e+01,2.448308e+01,2.457056e+01
2.439552e+01,2.453019e+01,2.453692e+01,2.460419e+01,2.458401e+01,2.446288e+01,2.435509e+01,2.455710e+01,2.439552e+01,2.438205e+01,2.457056e+01,2.436857e+01,2.447635e+01,2.455710e+01,2.453019e+01,2.443594e+01,2.447635e+01,2.440226e+01,2.446288e+01,2.448308e+01,2.454365e+01,2.453019e+01,2.447635e+01,2.451000e+01,2.441573e+01,2.448308e+01,2.453019e+01,2.457728e+01,2.452346e+01,2.452346e+01,2.473187e+01,2.457728e+01,2.452346e+01,2.445614e+01,2.462436e+01,2.470500e+01,2.467141e+01,2.459746e+01,2.469828e+01,2.444941e+01,2.463108e+01,2.457728e+01,2.462436e+01,2.456383e+01,2.469828e+01,2.458401e+01,2.467813e+01,2.462436e+01,2.468484e+01,2.469156e+01,2.468484e+01,2.469156e+01,2.480572e+01,2.477216e+01,2.482585e+01,2.482585e+01,2.453692e+01,2.480572e+01,2.471844e+01,2.477216e+01,2.485940e+01,2.481914e+01,2.474530e+01,2.466469e+01,2.487952e+01,2.475201e+01,2.485940e+01,2.478558e+01,2.473187e+01,2.482585e+01,2.480572e+01,2.474530e+01,2.486610e+01,2.483256e+01,2.473858e+01,2.479230e+01,2.482585e+01,2.487952e+01,2.476544e+01,2.485269e+01,2.491305e+01,2.481914e+01,2.492645e+01,2.485269e+01,2.490634e+01,2.484598e+01,2.483256e+01,2.477887e+01,2.486610e+01,2.473187e+01,2.481914e+01,2.481914e+01,2.481914e+01,2.481243e+01,2.485269e+01,2.484598e+01,2.484598e+01,2.477216e+01,2.485940e+01,2.480572e+01,2.483256e+01,2.487281e+01,2.483256e+01,2.483927e+01,2.474530e+01,2.483927e+01,2.472515e+01,2.466469e+01,2.474530e+01,2.481914e+01,2.481243e+01,2.470500e+01,2.487281e+01,2.487952e+01,2.478558e+01,2.478558e+01,2.475873e+01,2.484598e+01,2.485269e+01,2.473187e+01,2.479230e+01,2.477887e+01,2.483927e+01,2.462436e+01,2.481914e+01,2.461091e+01,2.480572e+01,2.459746e+01,2.467813e+01,2.481914e+01,2.483927e+01,2.461091e+01,2.469828e+01,2.477216e+01,2.469156e+01,2.456383e+01,2.476544e+01,2.475201e+01,2.475873e+01,2.464452e+01,2.466469e+01,2.465796e+01,2.463108e+01,2.465124e+01,2.463108e+01,2.467813e+01,2.471844e+01,2.467813e+01,2.459746e+01,2.457728e+01,2.449654e+01,2.450327e+01,2.454365e+01,2.452346e+01,2.452346e+01,2.446961e+01,2.451673e+01,2.453019e+01,2.451673e+01,2.437531e+01,2.447635e+01,2.457728e+01,2.455038e+01,2.444268e+01,2.444268e+01,2.446961e+01,2.457728e+01,2.457056e+01,2.459746e+01,2.453019e+01,2.467141e+01,2.468484e+01,2.477887e+01,2.493986e+01,2.526778e+01,2.567459e+01,2.569455e+01,2.590065e+01,2.577438e+01,2.629179e+01,2.688568e+01,2.728633e+01,2.765282e+01,2.800504e+01,2.821972e+01,2.825221e+01,2.836261e+01,2.838857e+01,2.862838e+01,2.858305e+01,2.864780e+01,2.868664e+01,2.870605e+01,2.869311e+01,2.892580e+01,2.888705e+01,2.890642e+01,2.892580e+01,2.889997e+01,2.888059e+01,2.897098e+01,2.891288e+01,2.897098e+01,2.894516e+01,2.888059e+01,2.883537e+01,2.884829e+01,2.889997e+01,2.894516e+01,2.875133e+01,2.868017e+01,2.876426e+01,2.879659e+01,2.880951e+01,2.880305e+01,2.888705e+01,2.893225e+01,2.896453e+01,2.904195e+01,2.911932e+01,2.895162e+01,2.903550e+01,2.904195e+01,2.899680e+01,2.905485e+01,2.906775e+01,2.908064e+01,2.915154e+01,2.904195e+01,2.904195e+01,2.904195e+01,2.900970e+01,2.907420e+01,2.899034e+01,2.904840e+01,2.919663e+01,2.903550e+01,2.906775e+01,2.891934e+01,2.904195e+01,2.879012e+01,2.891288e+01,2.885475e+01,2.867369e+01,2.864133e+01,2.858953e+01,2.857010e+01,2.859601e+01,2.868017e+01,2.874486e+01,2.869958e+01,2.864780e+01,2.866722e+01,2.864133e+01,2.863486e+01,2.868017e+01,2.865428e+01,2.865428e+01,2.862838e+01,2.867369e+01,2.848585e+01,2.847289e+01,2.848585e+01,2.848585e+01,2.843398e+01,2.842100e+01,2.838857e+01,2.812870e+01,2.808967e+01,2.795294e+01,2.775731e+01,2.769855e+01,2.749591e+01,2.715514e+01,2.683302e+01,2.643727e+01,2.595377e+01,2.556804e+01,2.509391e+01,2.474530e+01,2.464452e+01,2.455038e+01,2.454365e+01,2.452346e+01,2.466469e+01,2.474530e+01,2.468484e+01,2.464452e+01,2.457056e+01,2.471844e+01,2.469828e+01,2.467813e+01,2.472515e+01,2.467141e+01,2.473858e+01,2.449654e+01,2.467141e+01,2.451673e+01,2.465796e+01,2.471844e+01,2.453019e+01,2.463780e+01,2.466469e+01,2.474530e+01,2.461091e+01,2.470500e+01,2.465124e+01,2.469828e+01,2.472515e+01,2.465796e+01,2.471844e+01,2.472515e+01,2.460419e+01,2.467813e+01,2.461763e+01,2.474530e+01,2.463780e+01,2.471172e+01,2.481243e+01,2.481914e+01,2.471172e+01,2.464452e+01,2.469156e+01,2.475873e+01,2.469828e+01,2.473187e+01,2.461091e+01,2.475873e+01,2.480572e+01,2.470500e+01,2.483927e+01,2.474530e+01,2.479230e+01,2.481243e+01,2.476544e+01,2.483927e+01,2.473858e+01,2.476544e+01,2.498677e+01,2.485269e+01,2.484598e+01,2.483256e+01,2.482585e+01,2.483927e+01,2.481914e+01,2.486610e+01,2.485269e+01,2.484598e+01,2.486610e+01,2.481243e+01,2.494656e+01,2.497337e+01,2.487281e+01,2.491975e+01,2.483927e+01,2.495326e+01,2.483256e+01,2.479901e+01,2.485269e+01,2.491305e+01,2.489293e+01,2.500017e+01,2.500017e+01,2.489293e+01,2.489293e+01,2.487952e+01,2.484598e+01,2.494656e+01,2.499347e+01,2.496667e+01,2.497337e+01,2.492645e+01,2.500687e+01,2.495326e+01,2.491975e+01,2.494656e+01,2.489964e+01,2.492645e+01,2.494656e+01,2.495326e+01,2.489293e+01,2.507383e+01,2.489293e+01,2.489964e+01,2.491305e+01,2.478558e+01,2.493316e+01,2.494656e+01,2.495997e+01,2.491975e+01,2.485269e+01,2.489293e+01,2.489964e+01,2.498677e+01,2.496667e+01,2.489293e+01,2.491975e+01,2.494656e+01,2.491975e+01,2.495997e+01,2.487281e+01,2.491305e+01,2.487952e+01,2.498007e+01,2.495997e+01,2.492645e+01,2.502696e+01,2.490634e+01,2.487952e+01,2.491305e+01,2.493986e+01,2.495326e+01,2.487952e+01,2.486610e+01,2.484598e+01,2.499347e+01,2.498677e+01,2.483927e+01,2.504035e+01,2.473187e+01,2.501357e+01,2.502696e+01,2.497337e+01,2.502696e+01,2.495326e+01,2.491975e+01,2.493316e+01,2.498677e+01,2.493986e+01,2.510060e+01,2.506713e+01,2.495997e+01,2.502696e+01,2.502696e+01,2.489293e+01,2.496667e+01,2.496667e+01,2.499347e+01,2.486610e+01,2.498677e+01,2.488622e+01,2.476544e+01,2.479230e+01,2.474530e+01,2.475201e+01,2.448308e+01,2.471844e+01,2.465796e+01,2.468484e+01,2.470500e+01,2.473187e+01,2.474530e+01,2.480572e+01,2.479901e+01,2.481914e+01,2.476544e+01,2.479901e+01,2.477216e+01,2.503366e+01,2.482585e+01,2.498007e+01,2.502026e+01,2.500017e+01,2.500017e+01,2.502026e+01,2.498677e+01,2.499347e+01,2.499347e+01,2.504705e+01,2.510730e+01,2.494656e+01,2.501357e+01,2.500687e+01,2.506713e+01,2.508052e+01,2.505375e+01,2.500017e+01,2.500687e+01,2.499347e+01,2.501357e+01,2.496667e+01,2.492645e+01,2.499347e+01,2.497337e+01,2.505375e+01,2.504705e+01,2.506044e+01,2.491975e+01,2.502026e+01,2.503366e+01,2.500017e+01,2.505375e+01,2.511399e+01,2.502026e+01,2.512068e+01,2.500687e+01,2.514075e+01,2.501357e+01,2.510730e+01,2.514744e+01,2.489964e+01,2.488622e+01,2.501357e+01,2.502026e+01,2.493986e+01,2.481243e+01,2.493316e+01,2.489964e+01,2.504035e+01,2.494656e+01,2.499347e+01,2.485940e+01,2.498007e+01,2.482585e+01,2.487281e+01,2.490634e+01,2.471172e+01,2.471844e+01,2.475873e+01,2.475873e+01,2.473187e+01,2.459073e+01,2.448308e+01,2.413917e+01,2.388219e+01,2.386187e+01,2.363136e+01,2.369921e+01,2.358383e+01,2.341393e+01,2.348872e+01,2.352949e+01,2.369921e+01,2.363814e+01,2.382123e+01,2.403105e+01,2.406485e+01,2.434835e+01,2.436183e+01,2.456383e+01,2.456383e+01,2.470500e+01,2.476544e+01,2.487952e+01,2.485940e+01,2.493316e+01,2.487952e+01,2.490634e+01,2.493316e+01,2.487281e+01,2.489293e+01,2.489293e+01,2.471844e+01,2.489293e+01,2.485940e+01,2.500687e+01,2.487952e+01,2.492645e+01,2.483256e+01,2.481914e+01,2.490634e+01,2.489964e+01,2.489293e+01,2.488622e+01,2.479901e+01,2.489293e+01,2.487952e+01,2.482585e+01,2.481914e+01,2.483927e+01,2.488622e+01,2.496667e+01,2.487281e+01,2.479230e+01,2.485940e+01,2.485269e+01,2.473858e+01,2.481914e+01,2.475873e+01,2.475873e+01,2.477216e+01,2.469828e+01,2.477887e+01,2.485940e+01,2.475873e+01,2.475201e+01,2.471844e+01,2.473858e+01,2.459746e+01,2.483256e+01,2.467141e+01,2.476544e+01,2.470500e+01,2.471844e+01,2.473187e+01,2.467813e+01,2.467813e+01,2.469828e+01,2.467813e+01,2.473187e+01,2.465124e+01,2.475201e+01,2.473187e+01,2.471172e+01,2.469828e+01,2.465124e+01,2.460419e+01,2.469156e+01,2.475201e+01,2.447635e+01,2.465796e+01,2.463780e+01,2.468484e+01,2.459073e+01,2.456383e+01,2.462436e+01,2.458401e+01,2.471172e+01,2.456383e+01,2.461091e+01,2.451000e+01,2.461763e+01,2.459073e+01,2.459746e+01,2.469828e+01,2.457728e+01,2.461091e+01,2.457056e+01,2.452346e+01,2.455038e+01,2.466469e+01,2.454365e+01,2.448308e+01,2.439552e+01,2.444941e+01,2.449654e+01,2.446288e+01,2.445614e+01,2.449654e+01,2.448308e+01
2.462436e+01,2.440226e+01,2.455710e+01,2.457056e+01,2.459746e+01,2.434835e+01,2.450327e+01,2.443594e+01,2.436857e+01,2.440900e+01,2.441573e+01,2.436183e+01,2.454365e+01,2.457056e+01,2.457056e+01,2.444268e+01,2.442247e+01,2.445614e+01,2.457056e+01,2.453692e+01,2.455038e+01,2.463780e+01,2.461091e+01,2.447635e+01,2.457056e+01,2.463780e+01,2.459073e+01,2.453692e+01,2.472515e+01,2.455038e+01,2.451000e+01,2.457056e+01,2.459073e+01,2.460419e+01,2.469828e+01,2.457728e+01,2.467813e+01,2.455710e+01,2.469828e+01,2.477887e+01,2.468484e+01,2.461763e+01,2.465796e+01,2.465124e+01,2.479230e+01,2.461091e+01,2.462436e+01,2.477887e+01,2.463108e+01,2.465796e+01,2.469828e+01,2.466469e+01,2.479230e+01,2.476544e+01,2.466469e+01,2.474530e+01,2.490634e+01,2.470500e+01,2.486610e+01,2.480572e+01,2.468484e+01,2.482585e+01,2.491975e+01,2.483256e+01,2.485940e+01,2.475201e+01,2.476544e+01,2.489293e+01,2.487281e+01,2.479901e+01,2.479230e+01,2.485940e+01,2.475873e+01,2.479901e+01,2.482585e+01,2.498007e+01,2.488622e+01,2.478558e+01,2.483927e+01,2.480572e+01,2.480572e+01,2.476544e+01,2.491305e+01,2.473858e+01,2.471844e+01,2.490634e+01,2.478558e+01,2.468484e+01,2.489293e+01,2.481914e+01,2.470500e+01,2.487281e+01,2.484598e+01,2.481243e+01,2.483256e+01,2.482585e+01,2.483256e+01,2.482585e+01,2.483256e+01,2.485940e+01,2.480572e+01,2.477887e+01,2.486610e+01,2.481914e+01,2.478558e+01,2.479230e+01,2.478558e+01,2.477216e+01,2.481914e+01,2.470500e+01,2.473858e+01,2.485940e+01,2.486610e+01,2.483256e+01,2.481243e+01,2.480572e+01,2.487281e+01,2.489964e+01,2.484598e+01,2.473858e+01,2.473187e+01,2.480572e+01,2.480572e+01,2.476544e+01,2.476544e+01,2.458401e+01,2.477216e+01,2.483927e+01,2.471844e+01,2.476544e+01,2.478558e+01,2.467813e+01,2.461763e+01,2.477887e+01,2.475873e+01,2.473858e+01,2.475201e+01,2.462436e+01,2.469156e+01,2.464452e+01,2.461763e+01,2.466469e+01,2.465796e+01,2.453019e+01,2.467813e+01,2.471172e+01,2.455038e+01,2.457728e+01,2.467141e+01,2.462436e+01,2.459073e+01,2.465124e+01,2.457056e+01,2.457728e+01,2.454365e+01,2.460419e+01,2.453692e+01,2.451000e+01,2.454365e+01,2.455710e+01,2.459746e+01,2.459073e+01,2.467813e+01,2.441573e+01,2.456383e+01,2.444941e+01,2.461763e+01,2.449654e+01,2.461763e+01,2.451673e+01,2.465124e+01,2.471844e+01,2.490634e+01,2.493986e+01,2.526110e+01,2.567459e+01,2.590729e+01,2.594713e+01,2.594049e+01,2.636456e+01,2.709605e+01,2.750245e+01,2.750900e+01,2.795945e+01,2.823272e+01,2.831067e+01,2.841452e+01,2.864133e+01,2.858953e+01,2.865428e+01,2.866722e+01,2.886121e+01,2.879659e+01,2.869958e+01,2.884829e+01,2.892580e+01,2.875779e+01,2.885475e+01,2.877073e+01,2.891288e+01,2.893225e+01,2.891288e+01,2.912577e+01,2.915154e+01,2.911288e+01,2.902260e+01,2.902260e+01,2.895807e+01,2.889997e+01,2.896453e+01,2.888705e+01,2.873192e+01,2.875779e+01,2.882244e+01,2.873192e+01,2.884183e+01,2.896453e+01,2.906775e+01,2.891934e+01,2.910643e+01,2.906130e+01,2.906775e+01,2.904195e+01,2.906130e+01,2.902260e+01,2.906130e+01,2.911288e+01,2.904195e+01,2.903550e+01,2.914510e+01,2.904840e+01,2.900970e+01,2.909354e+01,2.907420e+01,2.900325e+01,2.906130e+01,2.899034e+01,2.891934e+01,2.892580e+01,2.884829e+01,2.886767e+01,2.879659e+01,2.884829e+01,2.869311e+01,2.866722e+01,2.857658e+01,2.871899e+01,2.866722e+01,2.866075e+01,2.868664e+01,2.866075e+01,2.872546e+01,2.878366e+01,2.866075e+01,2.875779e+01,2.866722e+01,2.862191e+01,2.864133e+01,2.862191e+01,2.859601e+01,2.859601e+01,2.856362e+01,2.855714e+01,2.852474e+01,2.836261e+01,2.837559e+01,2.826521e+01,2.815471e+01,2.812870e+01,2.801156e+01,2.797899e+01,2.772467e+01,2.749591e+01,2.720107e+01,2.688568e+01,2.646370e+01,2.597368e+01,2.562132e+01,2.508722e+01,2.473858e+01,2.468484e+01,2.467813e+01,2.466469e+01,2.464452e+01,2.461091e+01,2.465124e+01,2.477887e+01,2.465796e+01,2.461091e+01,2.474530e+01,2.471844e+01,2.471172e+01,2.461091e+01,2.466469e+01,2.463108e+01,2.469828e+01,2.465796e+01,2.461091e+01,2.475201e+01,2.469828e+01,2.466469e+01,2.473858e+01,2.454365e+01,2.459073e+01,2.471844e+01,2.468484e+01,2.469828e+01,2.468484e+01,2.474530e+01,2.471172e+01,2.465796e+01,2.477887e+01,2.497337e+01,2.478558e+01,2.476544e+01,2.471844e+01,2.477216e+01,2.463780e+01,2.479230e+01,2.477216e+01,2.471172e+01,2.473187e+01,2.473187e+01,2.472515e+01,2.475873e+01,2.487281e+01,2.485940e+01,2.475873e+01,2.467141e+01,2.482585e+01,2.485940e+01,2.481243e+01,2.485269e+01,2.481243e+01,2.484598e+01,2.484598e+01,2.473858e+01,2.481243e+01,2.485269e+01,2.471172e+01,2.476544e+01,2.478558e+01,2.487952e+01,2.489293e+01,2.477216e+01,2.495326e+01,2.489293e+01,2.493986e+01,2.477887e+01,2.487281e+01,2.488622e+01,2.487952e+01,2.488622e+01,2.487281e+01,2.486610e+01,2.490634e+01,2.491305e+01,2.479901e+01,2.490634e+01,2.485269e+01,2.488622e+01,2.494656e+01,2.487952e+01,2.482585e+01,2.484598e+01,2.481914e+01,2.482585e+01,2.470500e+01,2.495997e+01,2.495997e+01,2.491305e+01,2.491975e+01,2.485940e+01,2.488622e+01,2.491975e+01,2.488622e+01,2.495997e+01,2.495326e+01,2.498677e+01,2.500687e+01,2.485940e+01,2.493316e+01,2.484598e+01,2.487281e+01,2.484598e+01,2.489293e+01,2.487952e+01,2.499347e+01,2.485940e+01,2.490634e+01,2.496667e+01,2.496667e+01,2.496667e+01,2.491305e+01,2.484598e+01,2.492645e+01,2.491305e+01,2.487952e+01,2.493316e+01,2.489293e+01,2.488622e+01,2.508052e+01,2.506044e+01,2.498007e+01,2.490634e+01,2.485940e+01,2.490634e+01,2.489964e+01,2.504035e+01,2.500017e+01,2.498677e+01,2.497337e+01,2.493986e+01,2.497337e+01,2.486610e+01,2.495326e+01,2.500017e+01,2.504035e+01,2.498007e+01,2.487952e+01,2.501357e+01,2.500687e+01,2.489293e+01,2.491305e+01,2.506044e+01,2.499347e+01,2.499347e+01,2.494656e+01,2.510730e+01,2.489964e+01,2.502026e+01,2.493986e+01,2.506044e+01,2.500017e+01,2.491975e+01,2.488622e+01,2.496667e+01,2.479901e+01,2.469156e+01,2.469828e+01,2.473187e+01,2.474530e+01,2.469156e+01,2.448308e+01,2.450327e+01,2.451673e+01,2.450327e+01,2.463108e+01,2.445614e+01,2.440900e+01,2.465796e+01,2.463780e+01,2.439552e+01,2.463108e+01,2.479901e+01,2.496667e+01,2.481914e+01,2.479901e+01,2.492645e+01,2.478558e+01,2.498677e+01,2.500017e+01,2.500017e+01,2.500687e+01,2.498007e+01,2.497337e+01,2.506044e+01,2.500687e+01,2.502696e+01,2.495326e+01,2.506044e+01,2.508052e+01,2.508052e+01,2.508052e+01,2.498677e+01,2.504705e+01,2.505375e+01,2.506044e+01,2.495997e+01,2.499347e+01,2.490634e+01,2.498677e+01,2.492645e+01,2.495997e+01,2.499347e+01,2.502696e+01,2.507383e+01,2.497337e+01,2.502696e+01,2.500687e+01,2.523437e+01,2.503366e+01,2.497337e+01,2.514075e+01,2.501357e+01,2.510060e+01,2.501357e+01,2.508722e+01,2.494656e+01,2.490634e+01,2.490634e+01,2.490634e+01,2.499347e+01,2.500017e+01,2.498007e+01,2.495997e+01,2.483256e+01,2.487281e+01,2.479230e+01,2.487281e+01,2.494656e+01,2.490634e+01,2.483927e+01,2.477887e+01,2.491975e+01,2.473858e+01,2.484598e+01,2.489293e+01,2.468484e+01,2.473187e+01,2.475201e+01,2.443594e+01,2.437531e+01,2.412566e+01,2.383478e+01,2.366529e+01,2.380091e+01,2.342073e+01,2.355667e+01,2.358383e+01,2.349552e+01,2.353629e+01,2.358383e+01,2.380091e+01,2.383478e+01,2.403105e+01,2.430115e+01,2.432812e+01,2.456383e+01,2.459746e+01,2.494656e+01,2.477216e+01,2.477887e+01,2.495997e+01,2.482585e+01,2.498007e+01,2.497337e+01,2.490634e+01,2.486610e+01,2.483256e+01,2.487281e+01,2.488622e+01,2.491305e+01,2.484598e+01,2.498007e+01,2.493316e+01,2.487952e+01,2.494656e+01,2.489293e+01,2.479230e+01,2.493316e+01,2.483256e+01,2.480572e+01,2.488622e+01,2.493986e+01,2.487952e+01,2.491305e+01,2.478558e+01,2.488622e+01,2.498007e+01,2.485269e+01,2.488622e+01,2.479230e+01,2.468484e+01,2.482585e+01,2.471172e+01,2.487281e+01,2.485269e+01,2.477216e+01,2.486610e+01,2.479230e+01,2.468484e+01,2.489293e+01,2.477216e+01,2.484598e+01,2.472515e+01,2.475201e+01,2.481243e+01,2.474530e+01,2.479230e+01,2.461763e+01,2.455710e+01,2.477216e+01,2.465124e+01,2.461763e+01,2.467813e+01,2.480572e+01,2.469828e+01,2.459073e+01,2.459746e+01,2.454365e+01,2.463780e+01,2.458401e+01,2.472515e+01,2.471172e+01,2.450327e+01,2.466469e+01,2.463780e+01,2.473858e+01,2.465124e+01,2.463780e+01,2.463108e+01,2.463780e+01,2.452346e+01,2.464452e+01,2.465124e+01,2.464452e+01,2.456383e+01,2.446288e+01,2.451673e+01,2.457728e+01,2.451673e+01,2.455710e+01,2.467813e+01,2.465796e+01,2.463780e+01,2.456383e+01,2.447635e+01,2.446288e+01,2.463780e+01,2.442247e+01,2.448308e+01,2.438878e+01,2.441573e+01,2.446961e+01,2.461763e+01,2.445614e+01,2.444941e+01,2.441573e+01,2.449654e+01
2.459746e+01,2.459746e+01,2.452346e+01,2.456383e+01,2.449654e+01,2.448981e+01,2.452346e+01,2.451000e+01,2.450327e+01,2.436857e+01,2.436857e+01,2.446288e+01,2.456383e+01,2.440226e+01,2.445614e+01,2.455038e+01,2.459746e+01,2.455038e+01,2.448981e+01,2.436857e+01,2.450327e+01,2.451000e+01,2.441573e+01,2.461763e+01,2.476544e+01,2.453692e+01,2.457728e+01,2.451000e+01,2.469828e+01,2.448308e+01,2.453692e+01,2.457056e+01,2.457728e+01,2.455710e+01,2.455710e+01,2.461091e+01,2.466469e+01,2.457728e+01,2.469156e+01,2.463108e+01,2.458401e+01,2.461091e+01,2.463108e+01,2.458401e+01,2.468484e+01,2.459746e+01,2.467813e+01,2.471172e+01,2.469156e+01,2.471172e+01,2.466469e+01,2.481243e+01,2.471844e+01,2.463108e+01,2.475201e+01,2.471844e+01,2.479230e+01,2.475873e+01,2.481243e+01,2.479901e+01,2.478558e+01,2.479230e+01,2.491975e+01,2.486610e+01,2.481914e+01,2.483927e+01,2.487952e+01,2.478558e+01,2.481914e+01,2.461091e+01,2.479230e+01,2.483927e+01,2.475873e+01,2.465796e+01,2.485269e+01,2.492645e+01,2.489293e+01,2.476544e+01,2.475873e+01,2.481914e+01,2.491305e+01,2.490634e+01,2.491975e+01,2.475873e+01,2.485940e+01,2.489293e+01,2.481243e+01,2.489964e+01,2.476544e+01,2.479230e+01,2.479230e+01,2.485940e+01,2.475201e+01,2.488622e+01,2.496667e+01,2.484598e+01,2.481243e+01,2.484598e+01,2.502696e+01,2.481243e+01,2.472515e+01,2.482585e+01,2.485940e+01,2.487281e+01,2.477887e+01,2.483256e+01,2.471172e+01,2.487281e+01,2.468484e+01,2.477887e+01,2.478558e+01,2.484598e+01,2.480572e+01,2.487952e+01,2.477887e+01,2.477216e+01,2.477216e+01,2.496667e+01,2.486610e+01,2.475201e+01,2.480572e+01,2.481914e+01,2.481243e+01,2.476544e+01,2.461763e+01,2.469156e+01,2.468484e+01,2.471844e+01,2.477216e+01,2.481914e+01,2.482585e+01,2.476544e+01,2.479230e+01,2.474530e+01,2.477887e+01,2.461763e+01,2.471844e+01,2.459746e+01,2.469828e+01,2.472515e+01,2.461091e+01,2.469828e+01,2.463108e+01,2.464452e+01,2.461091e+01,2.468484e+01,2.463780e+01,2.456383e+01,2.463780e+01,2.451000e+01,2.449654e+01,2.462436e+01,2.451000e+01,2.459073e+01,2.461763e+01,2.453692e+01,2.442247e+01,2.447635e+01,2.456383e+01,2.453692e+01,2.449654e+01,2.445614e+01,2.440900e+01,2.454365e+01,2.453019e+01,2.451673e+01,2.449654e+01,2.451673e+01,2.457728e+01,2.469156e+01,2.468484e+01,2.474530e+01,2.491975e+01,2.494656e+01,2.541468e+01,2.564130e+01,2.570786e+01,2.596041e+01,2.607982e+01,2.650333e+01,2.696462e+01,2.752208e+01,2.756786e+01,2.782908e+01,2.799202e+01,2.837559e+01,2.834962e+01,2.859601e+01,2.862191e+01,2.860248e+01,2.867369e+01,2.865428e+01,2.875133e+01,2.894516e+01,2.885475e+01,2.887413e+01,2.893871e+01,2.889997e+01,2.889351e+01,2.889997e+01,2.891288e+01,2.897744e+01,2.899034e+01,2.913221e+01,2.900325e+01,2.902260e+01,2.900325e+01,2.900970e+01,2.899034e+01,2.893225e+01,2.881598e+01,2.884829e+01,2.882244e+01,2.884183e+01,2.881598e+01,2.883537e+01,2.894516e+01,2.899680e+01,2.900970e+01,2.903550e+01,2.899034e+01,2.903550e+01,2.905485e+01,2.904195e+01,2.902260e+01,2.913221e+01,2.895807e+01,2.907420e+01,2.908064e+01,2.902260e+01,2.902905e+01,2.905485e+01,2.903550e+01,2.904195e+01,2.900970e+01,2.909999e+01,2.894516e+01,2.893225e+01,2.888705e+01,2.900325e+01,2.879012e+01,2.875133e+01,2.884183e+01,2.868664e+01,2.862838e+01,2.877073e+01,2.869958e+01,2.872546e+01,2.864780e+01,2.865428e+01,2.868664e+01,2.875133e+01,2.877719e+01,2.881598e+01,2.884829e+01,2.865428e+01,2.851178e+01,2.865428e+01,2.870605e+01,2.858953e+01,2.859601e+01,2.857658e+01,2.857010e+01,2.857010e+01,2.845992e+01,2.835612e+01,2.821972e+01,2.814171e+01,2.797248e+01,2.797899e+01,2.777036e+01,2.771814e+01,2.748282e+01,2.706320e+01,2.678693e+01,2.648352e+01,2.595377e+01,2.569455e+01,2.504705e+01,2.476544e+01,2.463108e+01,2.470500e+01,2.459073e+01,2.459746e+01,2.472515e+01,2.461091e+01,2.470500e+01,2.469156e+01,2.455038e+01,2.475873e+01,2.471844e+01,2.472515e+01,2.469828e+01,2.470500e+01,2.468484e+01,2.467141e+01,2.463108e+01,2.467813e+01,2.465124e+01,2.463780e+01,2.459746e+01,2.461763e+01,2.466469e+01,2.483927e+01,2.475873e+01,2.475201e+01,2.473858e+01,2.471844e+01,2.475873e+01,2.470500e+01,2.465124e+01,2.471172e+01,2.462436e+01,2.464452e+01,2.469828e+01,2.472515e+01,2.475201e+01,2.474530e+01,2.483256e+01,2.465124e+01,2.473858e+01,2.473187e+01,2.474530e+01,2.473858e+01,2.474530e+01,2.473187e+01,2.476544e+01,2.481914e+01,2.481243e+01,2.466469e+01,2.473858e+01,2.481243e+01,2.480572e+01,2.475201e+01,2.480572e+01,2.482585e+01,2.483256e+01,2.484598e+01,2.481914e+01,2.495326e+01,2.485940e+01,2.483927e+01,2.482585e+01,2.481914e+01,2.491305e+01,2.483927e+01,2.485940e+01,2.476544e+01,2.466469e+01,2.476544e+01,2.486610e+01,2.495326e+01,2.492645e+01,2.487281e+01,2.467813e+01,2.485940e+01,2.494656e+01,2.488622e+01,2.486610e+01,2.487952e+01,2.492645e+01,2.487952e+01,2.485269e+01,2.490634e+01,2.495997e+01,2.495326e+01,2.479230e+01,2.485940e+01,2.489293e+01,2.489964e+01,2.496667e+01,2.493316e+01,2.509391e+01,2.504035e+01,2.487281e+01,2.495326e+01,2.489964e+01,2.491975e+01,2.493316e+01,2.487952e+01,2.501357e+01,2.482585e+01,2.481914e+01,2.493986e+01,2.495997e+01,2.491975e+01,2.490634e+01,2.495326e+01,2.492645e+01,2.489293e+01,2.491305e+01,2.486610e+01,2.494656e+01,2.485940e+01,2.493986e+01,2.489293e+01,2.502026e+01,2.486610e+01,2.499347e+01,2.500687e+01,2.489964e+01,2.484598e+01,2.487952e+01,2.503366e+01,2.497337e+01,2.500017e+01,2.498677e+01,2.502696e+01,2.498677e+01,2.507383e+01,2.504035e+01,2.503366e+01,2.499347e+01,2.501357e+01,2.499347e+01,2.500017e+01,2.499347e+01,2.498007e+01,2.494656e+01,2.494656e+01,2.500687e+01,2.489964e+01,2.500017e+01,2.497337e+01,2.500687e+01,2.499347e+01,2.495326e+01,2.500017e+01,2.513406e+01,2.500687e+01,2.502696e+01,2.502026e+01,2.500017e+01,2.493986e+01,2.492645e+01,2.472515e+01,2.465796e+01,2.468484e+01,2.461091e+01,2.458401e+01,2.444941e+01,2.453692e+01,2.443594e+01,2.438878e+01,2.432812e+01,2.436183e+01,2.434161e+01,2.438878e+01,2.436183e+01,2.440226e+01,2.422019e+01,2.440900e+01,2.439552e+01,2.437531e+01,2.443594e+01,2.462436e+01,2.477887e+01,2.477887e+01,2.484598e+01,2.483256e+01,2.489964e+01,2.494656e+01,2.495326e+01,2.498007e+01,2.507383e+01,2.500017e+01,2.502696e+01,2.506044e+01,2.503366e+01,2.502026e+01,2.490634e+01,2.505375e+01,2.499347e+01,2.506044e+01,2.501357e+01,2.502026e+01,2.501357e+01,2.501357e+01,2.508722e+01,2.487952e+01,2.501357e+01,2.502026e+01,2.473187e+01,2.495326e+01,2.504035e+01,2.483927e+01,2.497337e+01,2.500017e+01,2.508052e+01,2.495326e+01,2.518088e+01,2.500017e+01,2.495997e+01,2.497337e+01,2.498677e+01,2.499347e+01,2.505375e+01,2.499347e+01,2.496667e+01,2.491975e+01,2.498677e+01,2.500687e+01,2.487952e+01,2.484598e+01,2.489293e+01,2.485940e+01,2.483256e+01,2.492645e+01,2.483256e+01,2.473187e+01,2.485269e+01,2.491975e+01,2.468484e+01,2.482585e+01,2.459746e+01,2.474530e+01,2.469156e+01,2.465124e+01,2.466469e+01,2.463108e+01,2.427417e+01,2.443594e+01,2.426068e+01,2.401752e+01,2.382801e+01,2.371956e+01,2.373990e+01,2.349552e+01,2.342073e+01,2.348872e+01,2.338672e+01,2.343433e+01,2.369921e+01,2.387542e+01,2.401076e+01,2.415268e+01,2.432138e+01,2.457728e+01,2.465796e+01,2.461091e+01,2.459746e+01,2.483927e+01,2.487952e+01,2.481914e+01,2.477887e+01,2.479230e+01,2.489964e+01,2.496667e+01,2.494656e+01,2.494656e+01,2.488622e+01,2.489964e+01,2.491305e+01,2.487952e+01,2.493316e+01,2.481914e+01,2.492645e+01,2.485940e+01,2.484598e+01,2.493986e+01,2.488622e+01,2.486610e+01,2.489293e+01,2.489964e+01,2.490634e+01,2.481914e+01,2.481914e+01,2.467141e+01,2.479901e+01,2.489293e+01,2.475873e+01,2.487281e+01,2.493316e+01,2.483927e+01,2.469828e+01,2.481243e+01,2.466469e+01,2.480572e+01,2.471172e+01,2.474530e+01,2.489293e+01,2.482585e+01,2.473858e+01,2.487952e+01,2.466469e+01,2.459746e+01,2.475201e+01,2.455710e+01,2.467141e+01,2.473858e+01,2.465124e+01,2.465796e+01,2.480572e+01,2.461091e+01,2.469828e+01,2.461763e+01,2.465796e+01,2.476544e+01,2.469828e+01,2.451673e+01,2.469828e+01,2.459746e+01,2.458401e+01,2.457056e+01,2.450327e+01,2.452346e+01,2.454365e+01,2.452346e+01,2.449654e+01,2.461091e+01,2.465124e+01,2.460419e+01,2.460419e+01,2.460419e+01,2.462436e+01,2.461763e+01,2.463108e+01,2.456383e+01,2.446288e+01,2.466469e+01,2.451000e+01,2.457728e+01,2.449654e+01,2.439552e+01,2.435509e+01,2.454365e+01,2.449654e+01,2.450327e+01,2.449654e+01,2.442921e+01,2.444268e+01,2.447635e+01,2.426743e+01,2.414593e+01,2.443594e+01,2.444941e+01,2.446961e+01,2.438878e+01,2.446961e+01,2.447635e+01
2.459746e+01,2.458401e+01,2.455038e+01,2.449654e+01,2.447635e+01,2.446288e+01,2.436857e+01,2.448308e+01,2.444941e+01,2.448308e+01,2.442247e+01,2.431464e+01,2.445614e+01,2.451000e+01,2.448981e+01,2.446288e+01,2.446288e+01,2.447635e+01,2.436857e+01,2.448308e+01,2.448981e+01,2.433487e+01,2.455710e+01,2.449654e+01,2.452346e+01,2.456383e+01,2.436183e+01,2.451673e+01,2.452346e+01,2.457728e+01,2.453692e+01,2.455038e+01,2.461763e+01,2.455038e+01,2.463780e+01,2.461091e+01,2.469156e+01,2.461763e+01,2.457056e+01,2.459746e+01,2.463780e+01,2.469156e+01,2.461763e+01,2.460419e+01,2.465796e+01,2.481914e+01,2.451673e+01,2.471172e+01,2.473187e+01,2.468484e+01,2.473858e+01,2.463780e+01,2.475873e+01,2.465124e+01,2.477887e+01,2.472515e+01,2.471172e+01,2.476544e+01,2.471172e+01,2.479230e+01,2.481243e+01,2.473858e+01,2.477216e+01,2.488622e+01,2.471844e+01,2.485940e+01,2.479901e+01,2.485269e+01,2.487281e+01,2.464452e+01,2.490634e+01,2.489293e+01,2.481914e+01,2.465796e+01,2.493316e+01,2.480572e+01,2.480572e+01,2.470500e+01,2.478558e+01,2.485269e+01,2.469828e+01,2.491305e+01,2.475201e+01,2.468484e+01,2.472515e+01,2.480572e+01,2.479901e+01,2.479901e+01,2.482585e+01,2.484598e+01,2.478558e+01,2.483256e+01,2.477216e+01,2.484598e+01,2.485940e+01,2.481243e+01,2.486610e+01,2.489964e+01,2.485269e+01,2.473858e+01,2.482585e+01,2.491975e+01,2.479230e+01,2.477887e+01,2.487952e+01,2.489293e+01,2.480572e+01,2.487952e+01,2.485940e+01,2.475873e+01,2.482585e+01,2.469156e+01,2.485940e+01,2.480572e+01,2.475873e+01,2.476544e+01,2.496667e+01,2.473858e+01,2.486610e+01,2.482585e+01,2.481914e+01,2.471844e+01,2.473187e+01,2.469828e+01,2.461763e+01,2.473858e+01,2.467813e+01,2.471172e+01,2.465796e+01,2.480572e+01,2.473858e+01,2.472515e+01,2.472515e+01,2.466469e+01,2.465796e+01,2.467813e+01,2.465124e+01,2.465796e+01,2.463108e+01,2.462436e+01,2.467141e+01,2.469156e+01,2.469828e+01,2.465796e+01,2.463108e+01,2.461763e+01,2.461091e+01,2.455710e+01,2.453019e+01,2.450327e+01,2.453019e+01,2.458401e+01,2.453019e+01,2.452346e+01,2.446961e+01,2.450327e+01,2.451673e+01,2.448308e+01,2.455038e+01,2.456383e+01,2.448981e+01,2.449654e+01,2.451673e+01,2.442921e+01,2.444268e+01,2.457056e+01,2.457056e+01,2.458401e+01,2.455710e+01,2.453692e+01,2.470500e+01,2.471844e+01,2.493986e+01,2.490634e+01,2.531454e+01,2.552139e+01,2.574113e+01,2.593385e+01,2.596041e+01,2.637117e+01,2.686594e+01,2.757440e+01,2.781603e+01,2.797899e+01,2.789429e+01,2.821323e+01,2.836910e+01,2.855714e+01,2.862838e+01,2.862838e+01,2.864780e+01,2.867369e+01,2.868017e+01,2.893871e+01,2.884183e+01,2.894516e+01,2.892580e+01,2.891288e+01,2.882244e+01,2.892580e+01,2.889997e+01,2.891288e+01,2.893871e+01,2.895162e+01,2.906130e+01,2.891934e+01,2.899034e+01,2.888705e+01,2.891934e+01,2.896453e+01,2.880951e+01,2.884829e+01,2.885475e+01,2.886121e+01,2.885475e+01,2.891934e+01,2.886767e+01,2.897098e+01,2.905485e+01,2.892580e+01,2.899680e+01,2.904195e+01,2.909354e+01,2.904840e+01,2.900970e+01,2.901615e+01,2.904195e+01,2.900325e+01,2.902905e+01,2.909354e+01,2.894516e+01,2.906130e+01,2.904195e+01,2.900970e+01,2.904840e+01,2.885475e+01,2.898389e+01,2.885475e+01,2.882244e+01,2.884183e+01,2.884829e+01,2.871252e+01,2.873192e+01,2.881598e+01,2.879012e+01,2.878366e+01,2.863486e+01,2.871252e+01,2.868017e+01,2.866075e+01,2.873192e+01,2.867369e+01,2.868664e+01,2.873839e+01,2.870605e+01,2.870605e+01,2.869311e+01,2.865428e+01,2.869958e+01,2.864780e+01,2.860896e+01,2.848585e+01,2.859601e+01,2.842100e+01,2.838208e+01,2.833015e+01,2.821323e+01,2.818723e+01,2.797248e+01,2.795945e+01,2.773120e+01,2.773120e+01,2.724043e+01,2.705663e+01,2.664852e+01,2.644388e+01,2.574113e+01,2.558136e+01,2.495997e+01,2.474530e+01,2.461763e+01,2.462436e+01,2.452346e+01,2.461763e+01,2.461763e+01,2.462436e+01,2.462436e+01,2.466469e+01,2.457728e+01,2.473858e+01,2.465796e+01,2.463780e+01,2.467813e+01,2.465796e+01,2.468484e+01,2.464452e+01,2.463108e+01,2.459746e+01,2.470500e+01,2.470500e+01,2.470500e+01,2.465796e+01,2.469156e+01,2.471172e+01,2.466469e+01,2.475873e+01,2.464452e+01,2.472515e+01,2.472515e+01,2.463108e+01,2.472515e+01,2.470500e+01,2.477216e+01,2.471844e+01,2.469156e+01,2.468484e+01,2.455710e+01,2.468484e+01,2.469828e+01,2.465796e+01,2.471172e+01,2.473187e+01,2.474530e+01,2.479901e+01,2.465796e+01,2.480572e+01,2.477216e+01,2.465124e+01,2.474530e+01,2.483256e+01,2.469828e+01,2.481914e+01,2.482585e+01,2.485269e+01,2.483927e+01,2.472515e+01,2.469828e+01,2.471844e+01,2.482585e+01,2.486610e+01,2.485269e+01,2.480572e+01,2.487281e+01,2.480572e+01,2.476544e+01,2.484598e+01,2.485269e+01,2.476544e+01,2.479230e+01,2.493316e+01,2.484598e+01,2.479230e+01,2.480572e+01,2.482585e+01,2.485940e+01,2.485269e+01,2.477216e+01,2.487281e+01,2.481914e+01,2.483927e+01,2.485940e+01,2.487952e+01,2.496667e+01,2.479901e+01,2.491305e+01,2.490634e+01,2.490634e+01,2.483927e+01,2.485940e+01,2.509391e+01,2.489964e+01,2.483927e+01,2.487952e+01,2.489964e+01,2.492645e+01,2.492645e+01,2.492645e+01,2.491975e+01,2.498007e+01,2.495326e+01,2.494656e+01,2.481914e+01,2.483256e+01,2.499347e+01,2.483927e+01,2.497337e+01,2.493986e+01,2.489964e+01,2.491975e+01,2.494656e+01,2.481914e+01,2.499347e+01,2.488622e+01,2.493986e+01,2.487952e+01,2.482585e+01,2.489964e+01,2.494656e+01,2.483256e+01,2.489964e+01,2.482585e+01,2.497337e+01,2.493986e+01,2.498007e+01,2.483927e+01,2.485940e+01,2.493986e+01,2.500017e+01,2.487281e+01,2.489293e+01,2.491975e+01,2.499347e+01,2.487281e+01,2.482585e+01,2.500687e+01,2.499347e+01,2.497337e+01,2.495326e+01,2.495326e+01,2.485940e+01,2.494656e+01,2.502696e+01,2.494656e+01,2.501357e+01,2.487952e+01,2.504705e+01,2.489964e+01,2.492645e+01,2.512068e+01,2.493316e+01,2.484598e+01,2.491305e+01,2.487952e+01,2.490634e+01,2.484598e+01,2.460419e+01,2.447635e+01,2.465796e+01,2.467141e+01,2.434161e+01,2.436857e+01,2.441573e+01,2.457056e+01,2.447635e+01,2.438878e+01,2.448308e+01,2.453019e+01,2.444941e+01,2.451673e+01,2.440226e+01,2.441573e+01,2.446961e+01,2.436857e+01,2.425393e+01,2.426743e+01,2.428766e+01,2.432812e+01,2.449654e+01,2.479230e+01,2.476544e+01,2.488622e+01,2.469828e+01,2.490634e+01,2.493986e+01,2.501357e+01,2.501357e+01,2.502696e+01,2.502026e+01,2.505375e+01,2.492645e+01,2.502026e+01,2.487952e+01,2.492645e+01,2.495997e+01,2.503366e+01,2.504705e+01,2.504035e+01,2.508052e+01,2.491975e+01,2.507383e+01,2.495997e+01,2.499347e+01,2.491305e+01,2.493986e+01,2.494656e+01,2.496667e+01,2.495326e+01,2.500687e+01,2.495997e+01,2.498007e+01,2.504705e+01,2.507383e+01,2.498677e+01,2.498677e+01,2.498007e+01,2.498007e+01,2.499347e+01,2.494656e+01,2.488622e+01,2.497337e+01,2.489964e+01,2.487952e+01,2.489964e+01,2.481914e+01,2.491975e+01,2.482585e+01,2.469156e+01,2.474530e+01,2.482585e+01,2.485269e+01,2.477887e+01,2.469156e+01,2.478558e+01,2.455710e+01,2.466469e+01,2.467813e+01,2.447635e+01,2.448981e+01,2.436183e+01,2.457728e+01,2.435509e+01,2.415943e+01,2.409864e+01,2.393634e+01,2.372634e+01,2.374668e+01,2.343433e+01,2.341393e+01,2.349552e+01,2.342753e+01,2.348872e+01,2.371956e+01,2.381446e+01,2.405133e+01,2.409864e+01,2.428766e+01,2.430790e+01,2.463108e+01,2.461763e+01,2.467813e+01,2.481914e+01,2.471844e+01,2.479901e+01,2.475201e+01,2.475873e+01,2.476544e+01,2.495326e+01,2.485940e+01,2.488622e+01,2.485940e+01,2.491975e+01,2.477887e+01,2.487952e+01,2.481914e+01,2.483256e+01,2.488622e+01,2.489964e+01,2.482585e+01,2.489293e+01,2.482585e+01,2.489964e+01,2.491305e+01,2.477887e+01,2.479230e+01,2.491305e+01,2.485940e+01,2.488622e+01,2.489964e+01,2.485940e+01,2.480572e+01,2.470500e+01,2.475201e+01,2.478558e+01,2.465796e+01,2.465796e+01,2.470500e+01,2.466469e+01,2.469156e+01,2.451673e+01,2.475201e+01,2.478558e+01,2.475201e+01,2.480572e+01,2.465124e+01,2.460419e+01,2.457056e+01,2.475201e+01,2.469156e+01,2.473187e+01,2.479230e+01,2.457728e+01,2.459746e+01,2.455038e+01,2.471844e+01,2.461763e+01,2.452346e+01,2.466469e+01,2.465796e+01,2.455710e+01,2.453692e+01,2.451673e+01,2.469156e+01,2.453692e+01,2.451673e+01,2.451000e+01,2.456383e+01,2.448981e+01,2.455710e+01,2.443594e+01,2.457728e+01,2.450327e+01,2.459073e+01,2.446288e+01,2.452346e+01,2.459073e+01,2.458401e+01,2.443594e+01,2.457728e+01,2.451673e+01,2.436183e+01,2.446288e+01,2.438878e+01,2.432138e+01,2.431464e+01,2.440900e+01,2.453019e+01,2.430115e+01,2.430790e+01,2.448308e+01,2.446961e+01,2.446961e+01,2.416619e+01,2.410540e+01,2.400400e+01,2.401076e+01,2.423369e+01,2.421344e+01,2.425393e+01,2.448308e+01,2.410540e+01
2.456383e+01,2.446961e+01,2.449654e+01,2.449654e+01,2.451000e+01,2.432812e+01,2.451673e+01,2.453019e+01,2.441573e+01,2.436857e+01,2.437531e+01,2.444941e+01,2.451673e+01,2.444268e+01,2.446961e+01,2.444268e+01,2.443594e+01,2.445614e+01,2.440900e+01,2.436857e+01,2.465796e+01,2.450327e+01,2.455038e+01,2.448308e+01,2.453692e+01,2.453019e+01,2.461091e+01,2.450327e+01,2.461091e+01,2.457056e+01,2.448981e+01,2.456383e+01,2.446288e+01,2.451000e+01,2.460419e+01,2.463108e+01,2.467813e+01,2.462436e+01,2.456383e+01,2.471844e+01,2.455710e+01,2.449654e+01,2.463780e+01,2.464452e+01,2.470500e+01,2.457056e+01,2.461091e+01,2.455038e+01,2.462436e+01,2.477216e+01,2.461763e+01,2.476544e+01,2.472515e+01,2.469156e+01,2.465124e+01,2.479230e+01,2.469828e+01,2.475873e+01,2.471172e+01,2.479230e+01,2.479230e+01,2.475201e+01,2.478558e+01,2.480572e+01,2.475873e+01,2.477887e+01,2.483927e+01,2.485940e+01,2.477216e+01,2.484598e+01,2.488622e+01,2.478558e+01,2.481243e+01,2.477216e+01,2.477216e+01,2.470500e+01,2.477216e+01,2.477887e+01,2.494656e+01,2.461763e+01,2.479901e+01,2.490634e+01,2.475873e+01,2.469828e+01,2.466469e+01,2.481243e+01,2.474530e+01,2.473858e+01,2.469828e+01,2.475201e+01,2.467813e+01,2.487281e+01,2.482585e+01,2.471844e+01,2.472515e+01,2.469828e+01,2.484598e+01,2.471172e+01,2.495997e+01,2.475873e+01,2.489964e+01,2.480572e+01,2.472515e+01,2.479901e+01,2.485269e+01,2.485269e+01,2.467141e+01,2.469156e+01,2.473187e+01,2.475201e+01,2.475873e+01,2.482585e+01,2.483927e+01,2.473858e+01,2.469156e+01,2.486610e+01,2.474530e+01,2.495997e+01,2.463780e+01,2.467813e+01,2.466469e+01,2.469828e+01,2.476544e+01,2.466469e+01,2.474530e+01,2.473187e+01,2.463108e+01,2.461763e+01,2.467141e+01,2.471844e+01,2.466469e+01,2.459746e+01,2.469828e+01,2.459746e+01,2.469828e+01,2.467141e+01,2.461091e+01,2.464452e+01,2.463780e+01,2.470500e+01,2.465796e+01,2.470500e+01,2.459746e+01,2.466469e+01,2.468484e+01,2.465124e+01,2.461763e+01,2.453692e+01,2.461763e+01,2.451673e+01,2.461091e+01,2.455038e+01,2.449654e+01,2.455710e+01,2.458401e+01,2.453019e+01,2.443594e+01,2.442921e+01,2.459073e+01,2.457056e+01,2.450327e+01,2.451000e+01,2.451000e+01,2.447635e+01,2.457056e+01,2.454365e+01,2.453019e+01,2.454365e+01,2.463108e+01,2.451000e+01,2.460419e+01,2.470500e+01,2.483927e+01,2.486610e+01,2.534793e+01,2.558136e+01,2.576773e+01,2.592721e+01,2.594049e+01,2.637778e+01,2.678693e+01,2.746319e+01,2.765282e+01,2.794642e+01,2.813520e+01,2.824572e+01,2.831717e+01,2.855714e+01,2.857658e+01,2.860896e+01,2.860896e+01,2.877719e+01,2.877073e+01,2.875133e+01,2.895162e+01,2.889997e+01,2.886121e+01,2.886767e+01,2.889997e+01,2.889997e+01,2.883537e+01,2.889351e+01,2.893225e+01,2.901615e+01,2.885475e+01,2.889997e+01,2.889351e+01,2.888705e+01,2.891288e+01,2.880305e+01,2.875133e+01,2.882244e+01,2.879012e+01,2.877073e+01,2.889351e+01,2.889997e+01,2.888059e+01,2.896453e+01,2.903550e+01,2.891934e+01,2.902905e+01,2.899680e+01,2.913865e+01,2.899034e+01,2.897744e+01,2.902260e+01,2.887413e+01,2.879659e+01,2.906130e+01,2.902905e+01,2.901615e+01,2.900325e+01,2.899034e+01,2.886767e+01,2.880951e+01,2.882890e+01,2.883537e+01,2.875133e+01,2.875133e+01,2.875779e+01,2.872546e+01,2.873839e+01,2.873192e+01,2.870605e+01,2.866075e+01,2.858953e+01,2.879012e+01,2.862838e+01,2.877073e+01,2.868017e+01,2.868664e+01,2.873839e+01,2.873192e+01,2.871252e+01,2.869958e+01,2.868017e+01,2.862191e+01,2.862838e+01,2.861543e+01,2.867369e+01,2.853770e+01,2.862838e+01,2.836910e+01,2.844695e+01,2.834962e+01,2.820023e+01,2.821972e+01,2.799202e+01,2.796597e+01,2.771161e+01,2.773772e+01,2.749591e+01,2.724699e+01,2.704349e+01,2.653635e+01,2.631164e+01,2.574113e+01,2.532790e+01,2.490634e+01,2.472515e+01,2.460419e+01,2.472515e+01,2.459073e+01,2.460419e+01,2.457056e+01,2.461091e+01,2.470500e+01,2.465796e+01,2.469828e+01,2.446961e+01,2.461763e+01,2.471844e+01,2.463108e+01,2.463780e+01,2.467141e+01,2.469828e+01,2.463108e+01,2.463780e+01,2.467813e+01,2.464452e+01,2.462436e+01,2.467141e+01,2.460419e+01,2.470500e+01,2.471172e+01,2.467813e+01,2.460419e+01,2.465796e+01,2.459746e+01,2.483256e+01,2.469156e+01,2.479230e+01,2.463108e+01,2.467813e+01,2.469156e+01,2.470500e+01,2.463108e+01,2.469828e+01,2.464452e+01,2.467141e+01,2.469156e+01,2.463780e+01,2.477887e+01,2.469156e+01,2.473187e+01,2.471172e+01,2.470500e+01,2.477216e+01,2.479230e+01,2.463780e+01,2.480572e+01,2.483256e+01,2.477216e+01,2.485269e+01,2.478558e+01,2.477216e+01,2.474530e+01,2.481243e+01,2.483256e+01,2.480572e+01,2.487281e+01,2.485269e+01,2.480572e+01,2.475201e+01,2.474530e+01,2.491305e+01,2.491975e+01,2.473187e+01,2.478558e+01,2.478558e+01,2.469828e+01,2.483927e+01,2.470500e+01,2.483927e+01,2.487281e+01,2.479901e+01,2.483256e+01,2.491305e+01,2.478558e+01,2.483927e+01,2.469156e+01,2.471172e+01,2.485940e+01,2.497337e+01,2.485269e+01,2.484598e+01,2.483927e+01,2.487281e+01,2.469156e+01,2.473187e+01,2.483927e+01,2.481243e+01,2.491305e+01,2.476544e+01,2.489293e+01,2.485269e+01,2.488622e+01,2.480572e+01,2.493986e+01,2.479230e+01,2.498007e+01,2.486610e+01,2.489293e+01,2.492645e+01,2.481243e+01,2.488622e+01,2.485940e+01,2.493316e+01,2.493316e+01,2.495326e+01,2.493986e+01,2.494656e+01,2.489293e+01,2.498007e+01,2.492645e+01,2.487281e+01,2.490634e+01,2.493986e+01,2.489964e+01,2.485940e+01,2.491975e+01,2.487281e+01,2.497337e+01,2.487952e+01,2.493316e+01,2.493986e+01,2.490634e+01,2.487952e+01,2.491975e+01,2.491975e+01,2.495326e+01,2.502696e+01,2.501357e+01,2.495997e+01,2.489964e+01,2.499347e+01,2.500017e+01,2.494656e+01,2.497337e+01,2.499347e+01,2.505375e+01,2.499347e+01,2.493986e+01,2.495326e+01,2.495997e+01,2.494656e+01,2.491975e+01,2.485940e+01,2.489964e+01,2.493316e+01,2.482585e+01,2.489964e+01,2.478558e+01,2.483256e+01,2.457728e+01,2.449654e+01,2.448981e+01,2.441573e+01,2.444268e+01,2.444941e+01,2.451000e+01,2.463780e+01,2.466469e+01,2.473858e+01,2.463108e+01,2.456383e+01,2.476544e+01,2.474530e+01,2.470500e+01,2.475873e+01,2.486610e+01,2.473187e+01,2.466469e+01,2.451000e+01,2.431464e+01,2.428092e+01,2.422019e+01,2.427417e+01,2.446961e+01,2.468484e+01,2.476544e+01,2.470500e+01,2.479901e+01,2.481243e+01,2.495997e+01,2.502696e+01,2.502026e+01,2.502696e+01,2.503366e+01,2.502026e+01,2.500017e+01,2.501357e+01,2.500017e+01,2.504705e+01,2.508722e+01,2.503366e+01,2.504035e+01,2.497337e+01,2.491975e+01,2.495997e+01,2.501357e+01,2.497337e+01,2.483256e+01,2.483927e+01,2.498677e+01,2.499347e+01,2.510730e+01,2.502696e+01,2.502696e+01,2.497337e+01,2.500017e+01,2.512068e+01,2.495997e+01,2.500017e+01,2.498007e+01,2.493986e+01,2.491305e+01,2.495997e+01,2.496667e+01,2.491975e+01,2.490634e+01,2.487281e+01,2.492645e+01,2.481914e+01,2.469156e+01,2.465124e+01,2.461091e+01,2.469828e+01,2.483256e+01,2.466469e+01,2.469828e+01,2.468484e+01,2.458401e+01,2.458401e+01,2.453019e+01,2.436183e+01,2.434161e+01,2.425393e+01,2.426068e+01,2.427417e+01,2.413917e+01,2.412566e+01,2.393634e+01,2.377380e+01,2.371277e+01,2.371277e+01,2.346153e+01,2.344793e+01,2.344793e+01,2.359062e+01,2.371277e+01,2.380091e+01,2.382123e+01,2.394988e+01,2.424719e+01,2.455710e+01,2.449654e+01,2.463780e+01,2.478558e+01,2.479901e+01,2.475201e+01,2.470500e+01,2.477887e+01,2.476544e+01,2.477887e+01,2.490634e+01,2.471844e+01,2.489293e+01,2.482585e+01,2.492645e+01,2.482585e+01,2.490634e+01,2.483256e+01,2.480572e+01,2.481243e+01,2.488622e+01,2.488622e+01,2.491305e+01,2.485269e+01,2.485269e+01,2.479230e+01,2.483927e+01,2.473858e+01,2.476544e+01,2.462436e+01,2.473858e+01,2.487281e+01,2.477216e+01,2.479230e+01,2.487281e+01,2.464452e+01,2.461091e+01,2.481243e+01,2.465796e+01,2.463108e+01,2.471172e+01,2.466469e+01,2.470500e+01,2.476544e+01,2.475201e+01,2.466469e+01,2.464452e+01,2.454365e+01,2.463780e+01,2.456383e+01,2.472515e+01,2.463780e+01,2.444941e+01,2.463108e+01,2.456383e+01,2.458401e+01,2.440900e+01,2.440900e+01,2.453692e+01,2.450327e+01,2.446961e+01,2.446288e+01,2.457056e+01,2.433487e+01,2.448981e+01,2.451673e+01,2.440226e+01,2.450327e+01,2.444941e+01,2.436857e+01,2.448308e+01,2.440900e+01,2.427417e+01,2.443594e+01,2.439552e+01,2.440900e+01,2.444941e+01,2.438878e+01,2.438205e+01,2.453019e+01,2.426068e+01,2.428092e+01,2.443594e+01,2.424719e+01,2.430115e+01,2.434161e+01,2.432138e+01,2.436857e+01,2.443594e+01,2.419319e+01,2.421344e+01,2.429441e+01,2.422694e+01,2.429441e+01,2.432812e+01,2.428092e+01,2.415268e+01,2.413242e+01,2.390250e+01,2.413242e+01,2.420670e+01,2.390250e+01,2.411891e+01,2.409864e+01,2.411891e+01
2.448308e+01,2.444941e+01,2.451000e+01,2.455710e+01,2.459746e+01,2.450327e+01,2.446961e+01,2.447635e+01,2.450327e+01,2.448308e+01,2.452346e+01,2.453019e+01,2.456383e+01,2.456383e+01,2.442921e+01,2.455038e+01,2.438878e+01,2.448981e+01,2.445614e+01,2.448981e+01,2.448308e+01,2.448308e+01,2.435509e+01,2.454365e+01,2.452346e+01,2.437531e+01,2.458401e+01,2.448981e+01,2.442921e+01,2.446961e+01,2.452346e+01,2.458401e+01,2.456383e+01,2.448981e+01,2.467141e+01,2.468484e+01,2.459073e+01,2.465796e+01,2.452346e+01,2.467141e+01,2.453692e+01,2.459746e+01,2.458401e+01,2.463108e+01,2.461763e+01,2.458401e+01,2.469156e+01,2.464452e+01,2.468484e+01,2.481914e+01,2.471844e+01,2.473187e+01,2.472515e+01,2.487952e+01,2.466469e+01,2.469156e+01,2.468484e+01,2.466469e+01,2.467813e+01,2.469156e+01,2.479901e+01,2.451673e+01,2.477216e+01,2.469156e+01,2.477216e+01,2.475873e+01,2.482585e+01,2.476544e+01,2.484598e+01,2.474530e+01,2.481914e+01,2.480572e+01,2.488622e+01,2.478558e+01,2.473858e+01,2.481914e+01,2.481914e+01,2.475201e+01,2.485269e+01,2.485269e+01,2.483927e+01,2.473187e+01,2.491305e+01,2.471172e+01,2.467813e+01,2.474530e+01,2.472515e+01,2.474530e+01,2.475873e+01,2.481243e+01,2.477887e+01,2.476544e+01,2.479230e+01,2.475201e+01,2.478558e+01,2.483927e+01,2.470500e+01,2.475873e+01,2.472515e+01,2.485940e+01,2.475201e+01,2.477887e+01,2.467813e+01,2.484598e+01,2.491305e+01,2.483927e+01,2.483256e+01,2.475873e+01,2.466469e+01,2.483927e+01,2.478558e+01,2.472515e+01,2.472515e+01,2.470500e+01,2.484598e+01,2.489964e+01,2.487952e+01,2.468484e+01,2.461763e+01,2.481243e+01,2.483927e+01,2.483256e+01,2.468484e+01,2.474530e+01,2.471172e+01,2.481914e+01,2.475201e+01,2.474530e+01,2.487281e+01,2.462436e+01,2.471844e+01,2.469828e+01,2.466469e+01,2.462436e+01,2.465796e+01,2.465796e+01,2.464452e+01,2.467141e+01,2.465124e+01,2.459746e+01,2.469156e+01,2.467813e+01,2.470500e+01,2.464452e+01,2.467141e+01,2.461091e+01,2.451000e+01,2.447635e+01,2.463108e+01,2.454365e+01,2.469828e+01,2.451673e+01,2.460419e+01,2.458401e+01,2.457728e+01,2.455038e+01,2.451000e+01,2.427417e+01,2.465796e+01,2.461763e+01,2.447635e+01,2.448981e+01,2.453019e+01,2.443594e+01,2.442921e+01,2.450327e+01,2.446961e+01,2.457056e+01,2.463780e+01,2.459073e+01,2.459746e+01,2.480572e+01,2.485940e+01,2.488622e+01,2.528115e+01,2.578103e+01,2.569455e+01,2.572117e+01,2.590729e+01,2.643066e+01,2.706977e+01,2.747628e+01,2.763976e+01,2.792036e+01,2.824572e+01,2.834962e+01,2.831067e+01,2.838857e+01,2.850530e+01,2.860896e+01,2.861543e+01,2.866722e+01,2.881598e+01,2.873192e+01,2.887413e+01,2.890642e+01,2.877719e+01,2.889997e+01,2.886767e+01,2.886121e+01,2.889351e+01,2.889997e+01,2.890642e+01,2.894516e+01,2.886121e+01,2.882890e+01,2.883537e+01,2.884829e+01,2.885475e+01,2.890642e+01,2.881598e+01,2.869958e+01,2.874486e+01,2.888705e+01,2.875779e+01,2.886121e+01,2.898389e+01,2.904195e+01,2.897098e+01,2.897098e+01,2.900970e+01,2.895162e+01,2.889997e+01,2.896453e+01,2.898389e+01,2.887413e+01,2.886767e+01,2.900970e+01,2.902905e+01,2.902260e+01,2.888705e+01,2.897098e+01,2.886121e+01,2.900970e+01,2.901615e+01,2.874486e+01,2.879659e+01,2.870605e+01,2.873839e+01,2.882244e+01,2.870605e+01,2.871899e+01,2.873839e+01,2.874486e+01,2.865428e+01,2.866075e+01,2.862191e+01,2.867369e+01,2.873839e+01,2.873839e+01,2.875133e+01,2.875779e+01,2.869311e+01,2.874486e+01,2.869958e+01,2.869958e+01,2.857010e+01,2.862838e+01,2.858305e+01,2.858953e+01,2.855714e+01,2.858953e+01,2.831717e+01,2.831717e+01,2.828469e+01,2.826521e+01,2.818723e+01,2.799202e+01,2.788125e+01,2.778994e+01,2.754170e+01,2.726011e+01,2.705663e+01,2.674740e+01,2.631164e+01,2.573447e+01,2.553472e+01,2.532790e+01,2.491305e+01,2.477887e+01,2.457728e+01,2.453019e+01,2.455710e+01,2.460419e+01,2.459746e+01,2.457728e+01,2.456383e+01,2.463108e+01,2.467813e+01,2.456383e+01,2.468484e+01,2.472515e+01,2.463108e+01,2.465796e+01,2.461763e+01,2.469828e+01,2.463108e+01,2.461763e+01,2.460419e+01,2.462436e+01,2.464452e+01,2.459746e+01,2.465796e+01,2.459073e+01,2.465796e+01,2.465796e+01,2.467141e+01,2.476544e+01,2.467141e+01,2.468484e+01,2.461763e+01,2.463780e+01,2.461091e+01,2.465796e+01,2.465796e+01,2.472515e+01,2.469828e+01,2.471172e+01,2.474530e+01,2.469828e+01,2.469828e+01,2.464452e+01,2.471844e+01,2.471844e+01,2.478558e+01,2.472515e+01,2.475201e+01,2.467141e+01,2.473187e+01,2.471844e+01,2.465124e+01,2.478558e+01,2.482585e+01,2.471172e+01,2.472515e+01,2.483927e+01,2.477216e+01,2.470500e+01,2.479230e+01,2.475873e+01,2.484598e+01,2.474530e+01,2.492645e+01,2.474530e+01,2.475873e+01,2.481914e+01,2.479230e+01,2.476544e+01,2.469828e+01,2.485269e+01,2.479230e+01,2.473187e+01,2.483256e+01,2.485269e+01,2.485940e+01,2.487281e+01,2.479230e+01,2.486610e+01,2.488622e+01,2.479230e+01,2.487952e+01,2.488622e+01,2.486610e+01,2.479230e+01,2.489964e+01,2.489293e+01,2.485269e+01,2.485269e+01,2.491305e+01,2.490634e+01,2.490634e+01,2.479230e+01,2.475201e+01,2.487281e+01,2.489293e+01,2.481243e+01,2.487952e+01,2.504705e+01,2.493316e+01,2.487281e+01,2.483927e+01,2.490634e+01,2.494656e+01,2.495997e+01,2.486610e+01,2.488622e+01,2.484598e+01,2.495326e+01,2.489964e+01,2.493986e+01,2.492645e+01,2.484598e+01,2.481914e+01,2.478558e+01,2.487281e+01,2.488622e+01,2.481914e+01,2.491305e+01,2.485940e+01,2.485940e+01,2.489964e+01,2.493986e+01,2.493986e+01,2.492645e+01,2.485269e+01,2.485269e+01,2.493316e+01,2.493986e+01,2.489293e+01,2.482585e+01,2.494656e+01,2.485940e+01,2.482585e+01,2.484598e+01,2.489964e+01,2.501357e+01,2.491975e+01,2.502696e+01,2.500687e+01,2.499347e+01,2.492645e+01,2.501357e+01,2.493986e+01,2.486610e+01,2.483256e+01,2.488622e+01,2.485940e+01,2.486610e+01,2.481243e+01,2.486610e+01,2.464452e+01,2.495997e+01,2.469828e+01,2.461763e+01,2.455038e+01,2.431464e+01,2.447635e+01,2.455710e+01,2.461763e+01,2.471172e+01,2.471844e+01,2.469156e+01,2.481243e+01,2.491305e+01,2.477216e+01,2.491975e+01,2.485940e+01,2.487281e+01,2.494656e+01,2.491305e+01,2.497337e+01,2.497337e+01,2.484598e+01,2.468484e+01,2.464452e+01,2.455038e+01,2.415943e+01,2.409864e+01,2.423369e+01,2.447635e+01,2.469156e+01,2.478558e+01,2.480572e+01,2.482585e+01,2.495326e+01,2.480572e+01,2.503366e+01,2.504705e+01,2.503366e+01,2.500017e+01,2.502026e+01,2.501357e+01,2.501357e+01,2.507383e+01,2.500017e+01,2.504705e+01,2.523437e+01,2.504705e+01,2.507383e+01,2.500017e+01,2.498007e+01,2.504705e+01,2.504705e+01,2.500687e+01,2.500687e+01,2.496667e+01,2.506044e+01,2.508052e+01,2.510060e+01,2.506044e+01,2.500687e+01,2.500017e+01,2.497337e+01,2.495326e+01,2.496667e+01,2.496667e+01,2.504705e+01,2.487281e+01,2.491305e+01,2.480572e+01,2.481914e+01,2.490634e+01,2.481914e+01,2.482585e+01,2.477887e+01,2.465796e+01,2.448981e+01,2.436183e+01,2.456383e+01,2.438878e+01,2.442921e+01,2.448308e+01,2.453692e+01,2.426743e+01,2.423369e+01,2.422694e+01,2.428092e+01,2.413242e+01,2.416619e+01,2.400400e+01,2.386187e+01,2.390927e+01,2.368564e+01,2.369921e+01,2.363814e+01,2.365850e+01,2.357704e+01,2.348872e+01,2.337311e+01,2.343433e+01,2.360420e+01,2.384155e+01,2.381446e+01,2.427417e+01,2.429441e+01,2.451000e+01,2.451000e+01,2.464452e+01,2.461763e+01,2.470500e+01,2.473858e+01,2.471172e+01,2.477887e+01,2.479230e+01,2.473187e+01,2.485269e+01,2.487952e+01,2.487281e+01,2.488622e+01,2.479901e+01,2.481914e+01,2.479901e+01,2.480572e+01,2.483256e+01,2.494656e+01,2.488622e+01,2.484598e+01,2.484598e+01,2.485940e+01,2.484598e+01,2.473858e+01,2.485269e+01,2.461763e+01,2.471172e+01,2.489293e+01,2.470500e+01,2.483256e+01,2.476544e+01,2.462436e+01,2.474530e+01,2.464452e+01,2.472515e+01,2.479901e+01,2.464452e+01,2.463108e+01,2.462436e+01,2.465796e+01,2.453692e+01,2.460419e+01,2.463780e+01,2.446288e+01,2.447635e+01,2.450327e+01,2.456383e+01,2.455038e+01,2.456383e+01,2.465796e+01,2.437531e+01,2.455038e+01,2.451000e+01,2.440900e+01,2.434835e+01,2.449654e+01,2.436857e+01,2.451673e+01,2.433487e+01,2.438205e+01,2.443594e+01,2.443594e+01,2.444268e+01,2.445614e+01,2.439552e+01,2.422019e+01,2.425393e+01,2.434835e+01,2.446961e+01,2.436857e+01,2.437531e+01,2.442247e+01,2.424719e+01,2.424719e+01,2.426743e+01,2.434835e+01,2.413917e+01,2.436857e+01,2.434161e+01,2.428766e+01,2.431464e+01,2.431464e+01,2.430115e+01,2.430790e+01,2.409864e+01,2.414593e+01,2.413917e+01,2.404457e+01,2.410540e+01,2.404457e+01,2.407837e+01,2.409188e+01,2.399723e+01,2.399047e+01,2.397018e+01,2.395664e+01,2.386187e+01,2.380768e+01,2.384833e+01,2.411891e+01,2.390250e+01,2.386865e+01,2.388219e+01
2.446288e+01,2.442921e+01,2.446961e+01,2.451673e+01,2.449654e+01,2.450327e+01,2.445614e+01,2.455038e+01,2.447635e+01,2.448981e+01,2.450327e+01,2.453692e+01,2.451673e+01,2.460419e+01,2.463780e+01,2.445614e+01,2.445614e+01,2.440226e+01,2.438205e+01,2.449654e+01,2.438878e+01,2.441573e+01,2.431464e+01,2.437531e+01,2.444268e+01,2.444268e+01,2.441573e+01,2.446961e+01,2.453692e+01,2.445614e+01,2.456383e+01,2.455710e+01,2.446961e+01,2.447635e+01,2.460419e+01,2.456383e+01,2.448981e+01,2.445614e+01,2.470500e+01,2.455710e+01,2.450327e+01,2.461763e+01,2.467141e+01,2.463108e+01,2.463780e+01,2.465124e+01,2.461091e+01,2.466469e+01,2.451000e+01,2.473187e+01,2.469156e+01,2.469156e+01,2.469828e+01,2.467813e+01,2.478558e+01,2.481914e+01,2.464452e+01,2.458401e+01,2.479901e+01,2.490634e+01,2.459746e+01,2.472515e+01,2.476544e+01,2.475873e+01,2.487281e+01,2.482585e+01,2.482585e+01,2.469828e+01,2.468484e+01,2.472515e+01,2.473858e+01,2.443594e+01,2.470500e+01,2.475201e+01,2.472515e+01,2.475201e+01,2.485940e+01,2.480572e+01,2.483256e+01,2.484598e+01,2.465124e+01,2.471172e+01,2.489293e+01,2.479230e+01,2.485940e+01,2.476544e+01,2.471172e+01,2.473858e+01,2.471844e+01,2.475201e+01,2.473187e+01,2.486610e+01,2.475873e+01,2.487281e+01,2.484598e+01,2.471844e+01,2.456383e+01,2.482585e+01,2.484598e+01,2.483927e+01,2.478558e+01,2.446961e+01,2.485269e+01,2.471844e+01,2.482585e+01,2.479230e+01,2.481243e+01,2.483256e+01,2.477887e+01,2.469828e+01,2.476544e+01,2.476544e+01,2.473187e+01,2.476544e+01,2.472515e+01,2.472515e+01,2.480572e+01,2.476544e+01,2.478558e+01,2.477216e+01,2.480572e+01,2.468484e+01,2.472515e+01,2.469156e+01,2.469156e+01,2.477887e+01,2.472515e+01,2.468484e+01,2.465124e+01,2.472515e+01,2.470500e+01,2.465124e+01,2.463108e+01,2.466469e+01,2.467141e+01,2.465796e+01,2.467813e+01,2.463780e+01,2.458401e+01,2.471844e+01,2.459746e+01,2.467813e+01,2.465124e+01,2.465796e+01,2.473858e+01,2.464452e+01,2.465796e+01,2.459746e+01,2.461091e+01,2.457728e+01,2.453692e+01,2.449654e+01,2.467813e+01,2.458401e+01,2.454365e+01,2.453692e+01,2.457728e+01,2.457056e+01,2.450327e+01,2.452346e+01,2.450327e+01,2.450327e+01,2.461091e+01,2.457056e+01,2.444268e+01,2.457056e+01,2.455038e+01,2.458401e+01,2.456383e+01,2.455710e+01,2.471172e+01,2.462436e+01,2.475873e+01,2.491975e+01,2.529451e+01,2.553472e+01,2.557470e+01,2.557470e+01,2.582092e+01,2.659575e+01,2.712231e+01,2.762669e+01,2.765936e+01,2.788125e+01,2.815471e+01,2.812870e+01,2.841452e+01,2.838857e+01,2.857010e+01,2.853770e+01,2.877073e+01,2.865428e+01,2.864780e+01,2.887413e+01,2.871899e+01,2.884829e+01,2.879012e+01,2.882244e+01,2.884829e+01,2.884829e+01,2.880305e+01,2.888059e+01,2.890642e+01,2.889997e+01,2.886121e+01,2.883537e+01,2.880305e+01,2.883537e+01,2.884829e+01,2.869958e+01,2.866722e+01,2.878366e+01,2.873839e+01,2.878366e+01,2.884829e+01,2.884829e+01,2.887413e+01,2.895807e+01,2.894516e+01,2.893225e+01,2.889351e+01,2.899034e+01,2.901615e+01,2.895807e+01,2.891934e+01,2.890642e+01,2.900970e+01,2.885475e+01,2.871899e+01,2.893871e+01,2.888705e+01,2.884829e+01,2.892580e+01,2.887413e+01,2.879659e+01,2.875133e+01,2.880951e+01,2.877073e+01,2.872546e+01,2.877719e+01,2.878366e+01,2.869958e+01,2.855066e+01,2.869311e+01,2.864133e+01,2.872546e+01,2.862191e+01,2.872546e+01,2.874486e+01,2.871252e+01,2.867369e+01,2.869958e+01,2.866075e+01,2.869958e+01,2.868664e+01,2.869958e+01,2.873192e+01,2.859601e+01,2.855714e+01,2.857010e+01,2.864780e+01,2.843398e+01,2.842749e+01,2.838208e+01,2.816772e+01,2.829119e+01,2.823922e+01,2.798551e+01,2.777689e+01,2.752208e+01,2.754824e+01,2.712888e+01,2.682644e+01,2.644388e+01,2.567459e+01,2.528115e+01,2.520763e+01,2.521431e+01,2.491305e+01,2.481914e+01,2.459746e+01,2.444941e+01,2.444941e+01,2.457056e+01,2.451000e+01,2.463108e+01,2.462436e+01,2.467141e+01,2.458401e+01,2.463108e+01,2.457056e+01,2.463780e+01,2.463780e+01,2.460419e+01,2.470500e+01,2.463780e+01,2.459073e+01,2.464452e+01,2.465124e+01,2.460419e+01,2.461091e+01,2.467813e+01,2.462436e+01,2.459746e+01,2.463108e+01,2.459073e+01,2.460419e+01,2.470500e+01,2.477216e+01,2.481243e+01,2.466469e+01,2.465124e+01,2.467813e+01,2.464452e+01,2.464452e+01,2.467141e+01,2.464452e+01,2.473187e+01,2.469156e+01,2.473187e+01,2.471172e+01,2.463780e+01,2.469828e+01,2.469828e+01,2.469156e+01,2.473187e+01,2.473858e+01,2.477216e+01,2.477216e+01,2.477887e+01,2.476544e+01,2.477887e+01,2.475201e+01,2.469156e+01,2.479901e+01,2.474530e+01,2.483256e+01,2.478558e+01,2.484598e+01,2.484598e+01,2.480572e+01,2.480572e+01,2.473858e+01,2.483256e+01,2.477887e+01,2.477216e+01,2.467141e+01,2.477887e+01,2.482585e+01,2.480572e+01,2.480572e+01,2.475873e+01,2.481914e+01,2.485269e+01,2.483927e+01,2.485269e+01,2.485269e+01,2.485940e+01,2.464452e+01,2.496667e+01,2.498677e+01,2.477887e+01,2.481914e+01,2.482585e+01,2.485940e+01,2.483256e+01,2.487281e+01,2.492645e+01,2.488622e+01,2.486610e+01,2.491305e+01,2.489964e+01,2.490634e+01,2.485940e+01,2.495997e+01,2.485940e+01,2.490634e+01,2.500687e+01,2.482585e+01,2.489964e+01,2.485940e+01,2.491305e+01,2.494656e+01,2.499347e+01,2.486610e+01,2.492645e+01,2.487281e+01,2.482585e+01,2.493316e+01,2.498677e+01,2.505375e+01,2.491975e+01,2.484598e+01,2.489964e+01,2.475873e+01,2.481243e+01,2.483256e+01,2.489964e+01,2.494656e+01,2.492645e+01,2.494656e+01,2.489293e+01,2.491975e+01,2.489293e+01,2.487281e+01,2.489293e+01,2.491975e+01,2.485940e+01,2.487281e+01,2.482585e+01,2.496667e+01,2.483927e+01,2.493316e+01,2.497337e+01,2.500687e+01,2.497337e+01,2.494656e+01,2.492645e+01,2.494656e+01,2.491305e+01,2.494656e+01,2.488622e+01,2.487952e+01,2.487952e+01,2.486610e+01,2.487281e+01,2.486610e+01,2.483256e+01,2.482585e+01,2.489293e+01,2.481914e+01,2.475201e+01,2.455710e+01,2.459073e+01,2.453692e+01,2.455710e+01,2.439552e+01,2.452346e+01,2.470500e+01,2.471172e+01,2.478558e+01,2.472515e+01,2.498007e+01,2.484598e+01,2.480572e+01,2.507383e+01,2.494656e+01,2.495326e+01,2.489964e+01,2.485940e+01,2.500687e+01,2.491975e+01,2.494656e+01,2.492645e+01,2.490634e+01,2.491975e+01,2.448981e+01,2.420670e+01,2.414593e+01,2.434161e+01,2.437531e+01,2.476544e+01,2.483256e+01,2.478558e+01,2.479901e+01,2.483927e+01,2.497337e+01,2.491975e+01,2.498007e+01,2.502696e+01,2.501357e+01,2.514744e+01,2.498007e+01,2.505375e+01,2.504035e+01,2.510730e+01,2.506044e+01,2.518088e+01,2.497337e+01,2.517419e+01,2.524105e+01,2.515413e+01,2.510730e+01,2.508052e+01,2.504705e+01,2.497337e+01,2.505375e+01,2.508722e+01,2.506713e+01,2.526778e+01,2.512068e+01,2.508722e+01,2.498677e+01,2.518088e+01,2.518088e+01,2.515413e+01,2.494656e+01,2.497337e+01,2.482585e+01,2.479901e+01,2.479230e+01,2.466469e+01,2.467141e+01,2.459073e+01,2.472515e+01,2.471844e+01,2.459746e+01,2.435509e+01,2.440226e+01,2.435509e+01,2.441573e+01,2.443594e+01,2.424719e+01,2.417969e+01,2.419319e+01,2.417294e+01,2.422019e+01,2.404457e+01,2.408512e+01,2.396341e+01,2.394311e+01,2.382801e+01,2.365172e+01,2.361778e+01,2.348192e+01,2.359062e+01,2.351590e+01,2.344113e+01,2.356346e+01,2.345473e+01,2.379413e+01,2.383478e+01,2.413242e+01,2.433487e+01,2.450327e+01,2.450327e+01,2.450327e+01,2.456383e+01,2.470500e+01,2.473187e+01,2.465124e+01,2.469156e+01,2.479901e+01,2.478558e+01,2.477216e+01,2.475873e+01,2.489293e+01,2.481243e+01,2.480572e+01,2.484598e+01,2.485269e+01,2.475873e+01,2.475201e+01,2.477887e+01,2.498007e+01,2.477887e+01,2.479230e+01,2.476544e+01,2.474530e+01,2.455710e+01,2.471844e+01,2.463108e+01,2.481243e+01,2.475201e+01,2.460419e+01,2.476544e+01,2.489293e+01,2.461763e+01,2.470500e+01,2.475873e+01,2.454365e+01,2.467813e+01,2.447635e+01,2.442921e+01,2.461763e+01,2.448981e+01,2.461763e+01,2.454365e+01,2.451673e+01,2.448308e+01,2.443594e+01,2.441573e+01,2.443594e+01,2.457056e+01,2.457056e+01,2.437531e+01,2.448308e+01,2.430790e+01,2.432138e+01,2.436183e+01,2.435509e+01,2.434835e+01,2.435509e+01,2.433487e+01,2.422019e+01,2.428092e+01,2.430790e+01,2.442921e+01,2.405809e+01,2.409188e+01,2.419994e+01,2.444268e+01,2.411891e+01,2.438878e+01,2.426743e+01,2.411891e+01,2.432812e+01,2.413242e+01,2.405809e+01,2.419319e+01,2.414593e+01,2.409188e+01,2.412566e+01,2.417294e+01,2.412566e+01,2.380768e+01,2.384155e+01,2.388896e+01,2.394311e+01,2.392958e+01,2.407837e+01,2.405809e+01,2.409188e+01,2.404457e+01,2.373312e+01,2.395664e+01,2.386865e+01,2.372634e+01,2.397018e+01,2.385510e+01,2.399047e+01,2.385510e+01,2.388219e+01,2.374668e+01,2.360420e+01,2.378057e+01,2.372634e+01,2.370599e+01,2.384833e+01,2.370599e+01
2.444941e+01,2.448308e+01,2.450327e+01,2.447635e+01,2.451000e+01,2.443594e+01,2.451000e+01,2.444941e+01,2.443594e+01,2.442921e+01,2.442921e+01,2.442921e+01,2.442921e+01,2.445614e+01,2.443594e+01,2.455038e+01,2.442247e+01,2.442247e+01,2.438878e+01,2.447635e+01,2.448981e+01,2.453019e+01,2.459746e+01,2.444268e+01,2.448981e+01,2.444268e+01,2.440900e+01,2.438878e+01,2.456383e+01,2.451000e+01,2.452346e+01,2.455710e+01,2.448981e+01,2.457056e+01,2.455710e+01,2.459746e+01,2.452346e+01,2.465796e+01,2.458401e+01,2.451000e+01,2.437531e+01,2.453019e+01,2.466469e+01,2.461091e+01,2.459073e+01,2.459746e+01,2.473187e+01,2.457728e+01,2.479230e+01,2.458401e+01,2.468484e+01,2.458401e+01,2.473187e+01,2.465124e+01,2.465124e+01,2.465124e+01,2.478558e+01,2.480572e+01,2.461091e+01,2.473858e+01,2.477216e+01,2.471844e+01,2.480572e+01,2.471172e+01,2.471172e+01,2.469828e+01,2.471172e+01,2.473187e+01,2.482585e+01,2.473858e+01,2.472515e+01,2.482585e+01,2.469828e+01,2.468484e+01,2.469156e+01,2.470500e+01,2.479901e+01,2.481243e+01,2.483927e+01,2.457056e+01,2.475201e+01,2.503366e+01,2.489293e+01,2.471844e+01,2.475873e+01,2.471172e+01,2.475201e+01,2.464452e+01,2.487952e+01,2.476544e+01,2.477887e+01,2.475201e+01,2.471172e+01,2.478558e+01,2.479230e+01,2.480572e+01,2.482585e+01,2.470500e+01,2.477216e+01,2.475873e+01,2.481914e+01,2.483927e+01,2.470500e+01,2.469828e+01,2.483927e+01,2.472515e+01,2.481914e+01,2.477887e+01,2.475873e+01,2.477887e+01,2.475201e+01,2.473858e+01,2.475201e+01,2.477887e+01,2.479901e+01,2.477887e+01,2.474530e+01,2.483256e+01,2.479230e+01,2.486610e+01,2.479901e+01,2.482585e+01,2.483256e+01,2.477887e+01,2.475201e+01,2.477887e+01,2.471844e+01,2.473187e+01,2.477216e+01,2.465796e+01,2.475201e+01,2.470500e+01,2.471172e+01,2.469828e+01,2.465124e+01,2.469156e+01,2.471844e+01,2.468484e+01,2.463780e+01,2.469828e+01,2.463780e+01,2.466469e+01,2.466469e+01,2.467141e+01,2.457728e+01,2.467141e+01,2.460419e+01,2.453692e+01,2.464452e+01,2.461763e+01,2.440900e+01,2.466469e+01,2.451000e+01,2.443594e+01,2.465796e+01,2.457056e+01,2.448981e+01,2.448981e+01,2.444941e+01,2.453692e+01,2.450327e+01,2.451000e+01,2.451673e+01,2.447635e+01,2.445614e+01,2.442921e+01,2.469828e+01,2.453019e+01,2.457056e+01,2.463108e+01,2.463780e+01,2.461091e+01,2.472515e+01,2.500687e+01,2.524105e+01,2.542135e+01,2.552139e+01,2.554804e+01,2.577438e+01,2.652314e+01,2.705006e+01,2.741737e+01,2.779646e+01,2.791384e+01,2.799853e+01,2.836261e+01,2.840803e+01,2.833015e+01,2.846640e+01,2.842749e+01,2.857658e+01,2.873192e+01,2.877073e+01,2.869958e+01,2.874486e+01,2.868664e+01,2.873192e+01,2.884183e+01,2.885475e+01,2.880305e+01,2.887413e+01,2.889351e+01,2.884183e+01,2.891934e+01,2.888059e+01,2.880305e+01,2.881598e+01,2.878366e+01,2.880951e+01,2.885475e+01,2.882244e+01,2.877719e+01,2.875133e+01,2.888059e+01,2.879012e+01,2.886767e+01,2.885475e+01,2.882244e+01,2.886767e+01,2.894516e+01,2.895807e+01,2.888705e+01,2.889997e+01,2.891934e+01,2.893225e+01,2.887413e+01,2.883537e+01,2.901615e+01,2.880951e+01,2.877719e+01,2.884183e+01,2.882890e+01,2.871899e+01,2.862838e+01,2.876426e+01,2.879012e+01,2.876426e+01,2.878366e+01,2.877719e+01,2.860896e+01,2.873192e+01,2.869311e+01,2.869311e+01,2.870605e+01,2.868017e+01,2.860896e+01,2.862838e+01,2.869311e+01,2.862191e+01,2.873192e+01,2.864780e+01,2.867369e+01,2.868664e+01,2.871252e+01,2.870605e+01,2.865428e+01,2.868664e+01,2.868664e+01,2.863486e+01,2.853122e+01,2.857010e+01,2.849234e+01,2.840803e+01,2.845992e+01,2.821972e+01,2.813520e+01,2.799853e+01,2.773120e+01,2.754170e+01,2.748282e+01,2.722731e+01,2.685277e+01,2.633810e+01,2.566793e+01,2.530787e+01,2.533458e+01,2.528782e+01,2.523437e+01,2.485940e+01,2.468484e+01,2.467813e+01,2.444268e+01,2.446961e+01,2.451000e+01,2.453692e+01,2.457728e+01,2.464452e+01,2.457728e+01,2.461763e+01,2.461091e+01,2.459746e+01,2.462436e+01,2.461091e+01,2.469828e+01,2.469156e+01,2.459073e+01,2.463780e+01,2.459746e+01,2.441573e+01,2.461763e+01,2.461091e+01,2.463780e+01,2.464452e+01,2.448308e+01,2.466469e+01,2.454365e+01,2.465124e+01,2.461091e+01,2.469828e+01,2.467813e+01,2.457056e+01,2.464452e+01,2.461763e+01,2.469156e+01,2.471172e+01,2.466469e+01,2.469156e+01,2.472515e+01,2.470500e+01,2.475201e+01,2.464452e+01,2.470500e+01,2.471844e+01,2.470500e+01,2.475201e+01,2.467141e+01,2.473858e+01,2.473858e+01,2.476544e+01,2.474530e+01,2.479230e+01,2.470500e+01,2.478558e+01,2.475201e+01,2.472515e+01,2.463108e+01,2.475201e+01,2.469156e+01,2.467813e+01,2.480572e+01,2.473187e+01,2.475873e+01,2.471172e+01,2.473858e+01,2.477216e+01,2.482585e+01,2.475201e+01,2.471172e+01,2.471844e+01,2.471172e+01,2.477216e+01,2.475873e+01,2.479230e+01,2.475201e+01,2.482585e+01,2.485269e+01,2.475873e+01,2.487281e+01,2.478558e+01,2.485269e+01,2.479230e+01,2.479230e+01,2.479230e+01,2.485940e+01,2.477216e+01,2.484598e+01,2.487281e+01,2.475201e+01,2.489293e+01,2.487952e+01,2.486610e+01,2.491305e+01,2.480572e+01,2.486610e+01,2.481243e+01,2.486610e+01,2.486610e+01,2.481243e+01,2.482585e+01,2.479230e+01,2.485940e+01,2.487952e+01,2.491975e+01,2.485269e+01,2.485269e+01,2.497337e+01,2.498677e+01,2.482585e+01,2.487281e+01,2.487952e+01,2.479230e+01,2.479901e+01,2.484598e+01,2.489293e+01,2.489293e+01,2.475201e+01,2.491975e+01,2.489293e+01,2.492645e+01,2.488622e+01,2.489964e+01,2.485269e+01,2.489293e+01,2.488622e+01,2.489293e+01,2.485940e+01,2.493316e+01,2.490634e+01,2.492645e+01,2.502026e+01,2.485940e+01,2.481914e+01,2.493986e+01,2.492645e+01,2.499347e+01,2.499347e+01,2.489964e+01,2.494656e+01,2.500017e+01,2.489293e+01,2.487952e+01,2.487952e+01,2.483256e+01,2.478558e+01,2.485940e+01,2.481243e+01,2.481914e+01,2.485940e+01,2.485269e+01,2.478558e+01,2.453692e+01,2.453019e+01,2.457056e+01,2.454365e+01,2.455038e+01,2.434161e+01,2.460419e+01,2.468484e+01,2.481243e+01,2.475873e+01,2.471844e+01,2.491305e+01,2.480572e+01,2.479901e+01,2.485269e+01,2.481243e+01,2.499347e+01,2.501357e+01,2.495997e+01,2.502026e+01,2.498677e+01,2.504035e+01,2.497337e+01,2.489293e+01,2.495326e+01,2.481243e+01,2.465796e+01,2.447635e+01,2.429441e+01,2.411891e+01,2.417294e+01,2.440226e+01,2.479230e+01,2.476544e+01,2.487281e+01,2.493316e+01,2.495997e+01,2.498677e+01,2.503366e+01,2.516082e+01,2.505375e+01,2.502696e+01,2.511399e+01,2.509391e+01,2.503366e+01,2.515413e+01,2.515413e+01,2.518088e+01,2.521431e+01,2.512737e+01,2.515413e+01,2.509391e+01,2.521431e+01,2.522100e+01,2.504035e+01,2.518088e+01,2.509391e+01,2.498007e+01,2.524105e+01,2.510060e+01,2.528782e+01,2.535461e+01,2.538131e+01,2.532122e+01,2.530119e+01,2.539466e+01,2.518757e+01,2.506713e+01,2.487952e+01,2.478558e+01,2.477887e+01,2.461091e+01,2.477887e+01,2.459073e+01,2.462436e+01,2.463108e+01,2.446288e+01,2.435509e+01,2.436183e+01,2.442921e+01,2.436857e+01,2.422694e+01,2.422019e+01,2.426743e+01,2.430115e+01,2.430790e+01,2.421344e+01,2.402428e+01,2.420670e+01,2.411891e+01,2.400400e+01,2.367886e+01,2.369242e+01,2.364493e+01,2.365850e+01,2.351590e+01,2.342753e+01,2.354987e+01,2.356346e+01,2.361778e+01,2.359062e+01,2.383478e+01,2.417294e+01,2.451673e+01,2.438878e+01,2.440900e+01,2.465124e+01,2.446288e+01,2.471844e+01,2.453019e+01,2.455038e+01,2.478558e+01,2.471844e+01,2.480572e+01,2.469828e+01,2.471844e+01,2.471172e+01,2.481243e+01,2.475873e+01,2.479901e+01,2.481914e+01,2.480572e+01,2.479230e+01,2.480572e+01,2.485269e+01,2.487281e+01,2.485269e+01,2.467813e+01,2.457056e+01,2.450327e+01,2.452346e+01,2.456383e+01,2.454365e+01,2.468484e+01,2.471844e+01,2.455710e+01,2.473858e+01,2.459073e+01,2.459073e+01,2.455710e+01,2.446961e+01,2.453019e+01,2.445614e+01,2.441573e+01,2.440226e+01,2.440226e+01,2.439552e+01,2.457056e+01,2.433487e+01,2.448308e+01,2.441573e+01,2.444268e+01,2.414593e+01,2.438878e+01,2.422019e+01,2.422694e+01,2.430115e+01,2.430790e+01,2.416619e+01,2.428092e+01,2.430790e+01,2.404457e+01,2.407837e+01,2.407161e+01,2.408512e+01,2.415268e+01,2.388896e+01,2.403781e+01,2.386187e+01,2.398371e+01,2.418644e+01,2.416619e+01,2.405809e+01,2.390927e+01,2.394988e+01,2.390927e+01,2.390927e+01,2.397018e+01,2.392281e+01,2.386187e+01,2.391604e+01,2.371956e+01,2.388896e+01,2.378057e+01,2.387542e+01,2.373990e+01,2.390250e+01,2.381446e+01,2.371277e+01,2.392958e+01,2.379413e+01,2.362457e+01,2.375346e+01,2.371956e+01,2.368564e+01,2.378057e+01,2.359062e+01,2.371956e+01,2.374668e+01,2.372634e+01,2.357025e+01,2.360420e+01,2.356346e+01,2.344113e+01,2.350911e+01,2.348192e+01,2.348872e+01,2.369921e+01,2.347513e+01,2.346833e+01
2.464452e+01,2.449654e+01,2.450327e+01,2.453692e+01,2.446961e+01,2.453692e+01,2.449654e+01,2.449654e+01,2.453692e+01,2.448981e+01,2.445614e+01,2.446288e+01,2.444941e+01,2.444941e+01,2.455710e+01,2.451000e+01,2.449654e+01,2.448981e+01,2.442247e+01,2.451673e+01,2.463108e+01,2.452346e+01,2.444268e+01,2.430790e+01,2.446288e+01,2.455710e+01,2.457728e+01,2.459746e+01,2.456383e+01,2.455038e+01,2.449654e+01,2.447635e+01,2.459746e+01,2.458401e+01,2.451673e+01,2.471844e+01,2.453019e+01,2.456383e+01,2.455038e+01,2.453692e+01,2.462436e+01,2.457728e+01,2.455710e+01,2.461091e+01,2.466469e+01,2.461763e+01,2.459746e+01,2.455038e+01,2.454365e+01,2.473187e+01,2.448308e+01,2.455710e+01,2.465796e+01,2.463780e+01,2.461763e+01,2.460419e+01,2.463780e+01,2.479230e+01,2.461763e+01,2.475873e+01,2.469156e+01,2.476544e+01,2.459073e+01,2.468484e+01,2.484598e+01,2.487281e+01,2.471172e+01,2.473187e+01,2.470500e+01,2.472515e+01,2.476544e+01,2.472515e+01,2.474530e+01,2.472515e+01,2.480572e+01,2.466469e+01,2.485269e+01,2.481243e+01,2.481243e+01,2.471172e+01,2.485940e+01,2.468484e+01,2.469156e+01,2.479230e+01,2.475201e+01,2.473187e+01,2.482585e+01,2.481914e+01,2.476544e+01,2.477887e+01,2.478558e+01,2.480572e+01,2.475873e+01,2.481914e+01,2.469828e+01,2.476544e+01,2.479901e+01,2.475201e+01,2.473187e+01,2.477216e+01,2.489293e+01,2.477216e+01,2.475201e+01,2.483256e+01,2.477887e+01,2.479230e+01,2.474530e+01,2.486610e+01,2.474530e+01,2.475873e+01,2.472515e+01,2.475873e+01,2.471172e+01,2.479230e+01,2.477216e+01,2.474530e+01,2.480572e+01,2.473187e+01,2.480572e+01,2.476544e+01,2.470500e+01,2.467141e+01,2.483256e+01,2.470500e+01,2.469828e+01,2.471844e+01,2.465124e+01,2.478558e+01,2.467141e+01,2.473858e+01,2.472515e+01,2.469828e+01,2.465796e+01,2.469828e+01,2.469156e+01,2.471844e+01,2.469156e+01,2.467141e+01,2.464452e+01,2.465796e+01,2.464452e+01,2.457728e+01,2.464452e+01,2.467141e+01,2.469156e+01,2.467813e+01,2.451673e+01,2.463780e+01,2.457728e+01,2.460419e+01,2.465796e+01,2.451000e+01,2.458401e+01,2.462436e+01,2.460419e+01,2.455710e+01,2.457728e+01,2.448308e+01,2.457056e+01,2.454365e+01,2.454365e+01,2.447635e+01,2.444941e+01,2.450327e+01,2.447635e+01,2.442921e+01,2.438878e+01,2.455710e+01,2.454365e+01,2.451000e+01,2.468484e+01,2.461763e+01,2.478558e+01,2.498677e+01,2.523437e+01,2.537464e+01,2.545471e+01,2.538799e+01,2.576108e+01,2.650333e+01,2.706977e+01,2.742391e+01,2.765936e+01,2.788777e+01,2.806364e+01,2.812870e+01,2.842100e+01,2.827820e+01,2.836261e+01,2.845992e+01,2.846640e+01,2.851826e+01,2.866722e+01,2.857658e+01,2.860248e+01,2.843398e+01,2.870605e+01,2.869311e+01,2.886121e+01,2.888059e+01,2.884183e+01,2.876426e+01,2.871899e+01,2.881598e+01,2.868017e+01,2.866722e+01,2.877073e+01,2.877719e+01,2.868017e+01,2.855066e+01,2.858305e+01,2.869311e+01,2.866075e+01,2.849882e+01,2.877073e+01,2.877073e+01,2.874486e+01,2.880951e+01,2.893871e+01,2.895807e+01,2.884183e+01,2.886767e+01,2.887413e+01,2.887413e+01,2.889997e+01,2.889997e+01,2.889351e+01,2.899680e+01,2.881598e+01,2.898389e+01,2.875779e+01,2.876426e+01,2.876426e+01,2.878366e+01,2.873839e+01,2.870605e+01,2.873192e+01,2.879659e+01,2.873839e+01,2.859601e+01,2.871899e+01,2.859601e+01,2.860896e+01,2.860248e+01,2.861543e+01,2.864780e+01,2.864133e+01,2.864133e+01,2.862191e+01,2.871899e+01,2.853122e+01,2.865428e+01,2.868017e+01,2.868664e+01,2.865428e+01,2.862838e+01,2.873839e+01,2.865428e+01,2.862191e+01,2.849234e+01,2.847289e+01,2.842749e+01,2.835612e+01,2.820673e+01,2.819373e+01,2.793991e+01,2.780299e+01,2.746974e+01,2.745010e+01,2.729944e+01,2.679352e+01,2.638439e+01,2.572117e+01,2.522100e+01,2.552139e+01,2.564796e+01,2.568790e+01,2.524773e+01,2.504035e+01,2.459073e+01,2.446288e+01,2.450327e+01,2.445614e+01,2.455710e+01,2.448981e+01,2.468484e+01,2.455710e+01,2.470500e+01,2.457728e+01,2.454365e+01,2.467141e+01,2.470500e+01,2.461763e+01,2.455710e+01,2.466469e+01,2.466469e+01,2.461091e+01,2.468484e+01,2.460419e+01,2.461763e+01,2.459746e+01,2.463108e+01,2.462436e+01,2.463108e+01,2.463108e+01,2.473858e+01,2.475201e+01,2.454365e+01,2.483256e+01,2.467141e+01,2.467141e+01,2.467141e+01,2.461091e+01,2.471844e+01,2.463108e+01,2.460419e+01,2.465124e+01,2.469828e+01,2.465796e+01,2.472515e+01,2.463780e+01,2.469828e+01,2.474530e+01,2.469828e+01,2.471844e+01,2.475201e+01,2.471844e+01,2.468484e+01,2.470500e+01,2.463108e+01,2.467141e+01,2.477216e+01,2.480572e+01,2.473187e+01,2.473858e+01,2.480572e+01,2.469156e+01,2.476544e+01,2.475201e+01,2.471844e+01,2.475873e+01,2.474530e+01,2.468484e+01,2.479901e+01,2.481243e+01,2.465796e+01,2.480572e+01,2.473187e+01,2.473858e+01,2.482585e+01,2.479230e+01,2.481914e+01,2.477887e+01,2.479230e+01,2.493316e+01,2.471844e+01,2.479901e+01,2.486610e+01,2.483256e+01,2.485940e+01,2.486610e+01,2.471172e+01,2.480572e+01,2.487281e+01,2.485940e+01,2.488622e+01,2.487952e+01,2.485940e+01,2.486610e+01,2.455038e+01,2.487952e+01,2.477887e+01,2.484598e+01,2.483256e+01,2.499347e+01,2.486610e+01,2.489964e+01,2.481243e+01,2.495997e+01,2.490634e+01,2.489964e+01,2.488622e+01,2.498677e+01,2.494656e+01,2.493986e+01,2.483927e+01,2.493316e+01,2.488622e+01,2.485940e+01,2.491975e+01,2.491305e+01,2.487952e+01,2.491305e+01,2.483256e+01,2.485940e+01,2.490634e+01,2.480572e+01,2.483256e+01,2.480572e+01,2.481914e+01,2.487952e+01,2.491305e+01,2.491975e+01,2.485269e+01,2.487281e+01,2.491305e+01,2.495326e+01,2.489964e+01,2.490634e+01,2.501357e+01,2.497337e+01,2.504035e+01,2.502026e+01,2.496667e+01,2.487281e+01,2.487952e+01,2.497337e+01,2.489293e+01,2.488622e+01,2.478558e+01,2.486610e+01,2.467813e+01,2.484598e+01,2.469828e+01,2.483256e+01,2.469156e+01,2.468484e+01,2.460419e+01,2.483256e+01,2.475873e+01,2.448308e+01,2.451673e+01,2.455038e+01,2.428766e+01,2.455038e+01,2.463108e+01,2.472515e+01,2.485940e+01,2.488622e+01,2.473858e+01,2.492645e+01,2.492645e+01,2.491305e+01,2.477216e+01,2.492645e+01,2.491975e+01,2.500687e+01,2.499347e+01,2.501357e+01,2.488622e+01,2.500017e+01,2.498007e+01,2.502696e+01,2.491305e+01,2.493986e+01,2.491975e+01,2.468484e+01,2.487952e+01,2.466469e+01,2.420670e+01,2.426068e+01,2.455038e+01,2.459073e+01,2.485269e+01,2.479901e+01,2.489964e+01,2.493316e+01,2.502026e+01,2.508052e+01,2.507383e+01,2.508052e+01,2.510730e+01,2.506044e+01,2.515413e+01,2.534126e+01,2.530787e+01,2.518088e+01,2.523437e+01,2.530787e+01,2.534126e+01,2.530119e+01,2.526110e+01,2.524105e+01,2.552805e+01,2.526778e+01,2.527446e+01,2.527446e+01,2.529451e+01,2.511399e+01,2.530787e+01,2.528115e+01,2.542135e+01,2.546138e+01,2.550139e+01,2.551472e+01,2.538799e+01,2.540801e+01,2.541468e+01,2.513406e+01,2.511399e+01,2.489293e+01,2.459073e+01,2.478558e+01,2.459073e+01,2.458401e+01,2.474530e+01,2.448308e+01,2.469156e+01,2.450327e+01,2.463108e+01,2.438205e+01,2.448981e+01,2.452346e+01,2.430115e+01,2.444941e+01,2.430115e+01,2.435509e+01,2.435509e+01,2.432138e+01,2.413917e+01,2.401076e+01,2.394311e+01,2.372634e+01,2.384833e+01,2.369242e+01,2.353629e+01,2.361099e+01,2.344113e+01,2.342753e+01,2.342753e+01,2.380091e+01,2.397694e+01,2.408512e+01,2.418644e+01,2.417294e+01,2.442247e+01,2.442921e+01,2.440900e+01,2.450327e+01,2.455038e+01,2.439552e+01,2.452346e+01,2.462436e+01,2.459073e+01,2.444941e+01,2.471172e+01,2.470500e+01,2.467141e+01,2.469156e+01,2.479230e+01,2.475873e+01,2.481243e+01,2.483927e+01,2.491975e+01,2.482585e+01,2.491975e+01,2.483256e+01,2.461763e+01,2.450327e+01,2.451000e+01,2.461763e+01,2.453019e+01,2.466469e+01,2.463108e+01,2.448308e+01,2.453019e+01,2.453019e+01,2.440226e+01,2.440226e+01,2.434835e+01,2.441573e+01,2.441573e+01,2.410540e+01,2.424044e+01,2.431464e+01,2.436183e+01,2.434161e+01,2.409188e+01,2.429441e+01,2.403105e+01,2.418644e+01,2.408512e+01,2.407161e+01,2.403105e+01,2.403781e+01,2.401752e+01,2.400400e+01,2.413917e+01,2.394311e+01,2.396341e+01,2.402428e+01,2.387542e+01,2.406485e+01,2.407161e+01,2.381446e+01,2.379413e+01,2.375346e+01,2.383478e+01,2.387542e+01,2.392958e+01,2.357704e+01,2.365850e+01,2.367207e+01,2.367886e+01,2.368564e+01,2.371277e+01,2.384833e+01,2.366529e+01,2.360420e+01,2.364493e+01,2.382123e+01,2.384833e+01,2.361778e+01,2.372634e+01,2.376024e+01,2.369921e+01,2.362457e+01,2.373312e+01,2.356346e+01,2.346153e+01,2.353629e+01,2.360420e+01,2.357025e+01,2.364493e+01,2.336630e+01,2.358383e+01,2.333908e+01,2.357704e+01,2.357025e+01,2.342073e+01,2.353629e+01,2.354987e+01,2.345473e+01,2.346833e+01,2.348192e+01,2.348872e+01,2.341393e+01,2.342073e+01,2.346153e+01,2.340032e+01
2.457056e+01,2.463780e+01,2.455710e+01,2.461091e+01,2.442921e+01,2.443594e+01,2.442921e+01,2.450327e+01,2.451000e+01,2.443594e+01,2.442921e+01,2.446288e+01,2.449654e+01,2.443594e+01,2.443594e+01,2.444268e+01,2.448308e+01,2.447635e+01,2.442921e+01,2.444268e+01,2.446288e+01,2.459746e+01,2.440900e+01,2.438205e+01,2.447635e+01,2.449654e+01,2.440226e+01,2.451000e+01,2.453019e+01,2.458401e+01,2.439552e+01,2.456383e+01,2.450327e+01,2.455038e+01,2.448308e+01,2.455038e+01,2.453692e+01,2.459746e+01,2.466469e+01,2.455710e+01,2.456383e+01,2.456383e+01,2.456383e+01,2.457056e+01,2.463780e+01,2.458401e+01,2.477887e+01,2.459746e+01,2.457056e+01,2.467141e+01,2.466469e+01,2.465124e+01,2.464452e+01,2.453019e+01,2.462436e+01,2.479230e+01,2.461091e+01,2.461091e+01,2.469828e+01,2.469828e+01,2.459746e+01,2.477216e+01,2.472515e+01,2.470500e+01,2.475201e+01,2.483256e+01,2.484598e+01,2.471172e+01,2.471172e+01,2.475201e+01,2.478558e+01,2.473187e+01,2.473858e+01,2.471172e+01,2.473858e+01,2.478558e+01,2.473187e+01,2.478558e+01,2.484598e+01,2.476544e+01,2.474530e+01,2.473858e+01,2.475873e+01,2.478558e+01,2.465124e+01,2.468484e+01,2.477887e+01,2.475201e+01,2.480572e+01,2.470500e+01,2.485269e+01,2.471844e+01,2.477216e+01,2.475201e+01,2.479901e+01,2.476544e+01,2.476544e+01,2.490634e+01,2.478558e+01,2.476544e+01,2.482585e+01,2.485269e+01,2.469828e+01,2.479230e+01,2.477216e+01,2.482585e+01,2.473858e+01,2.476544e+01,2.473858e+01,2.473858e+01,2.472515e+01,2.480572e+01,2.478558e+01,2.483256e+01,2.483256e+01,2.482585e+01,2.480572e+01,2.476544e+01,2.489964e+01,2.476544e+01,2.487281e+01,2.479901e+01,2.482585e+01,2.466469e+01,2.475201e+01,2.470500e+01,2.474530e+01,2.473187e+01,2.471844e+01,2.471844e+01,2.473858e+01,2.471844e+01,2.471172e+01,2.473187e+01,2.463108e+01,2.469156e+01,2.466469e+01,2.464452e+01,2.468484e+01,2.466469e+01,2.465796e+01,2.464452e+01,2.465796e+01,2.461763e+01,2.466469e+01,2.469156e+01,2.466469e+01,2.458401e+01,2.461763e+01,2.460419e+01,2.466469e+01,2.463780e+01,2.463780e+01,2.457056e+01,2.459073e+01,2.462436e+01,2.458401e+01,2.457728e+01,2.459073e+01,2.456383e+01,2.447635e+01,2.451000e+01,2.446961e+01,2.453019e+01,2.455710e+01,2.451000e+01,2.457056e+01,2.463108e+01,2.467813e+01,2.466469e+01,2.466469e+01,2.463780e+01,2.473187e+01,2.484598e+01,2.522768e+01,2.547471e+01,2.545471e+01,2.542802e+01,2.590065e+01,2.643727e+01,2.715514e+01,2.763976e+01,2.754170e+01,2.782256e+01,2.800504e+01,2.797899e+01,2.805062e+01,2.838857e+01,2.838208e+01,2.847289e+01,2.845992e+01,2.869311e+01,2.849234e+01,2.857010e+01,2.855714e+01,2.870605e+01,2.868664e+01,2.869958e+01,2.867369e+01,2.872546e+01,2.869958e+01,2.875133e+01,2.861543e+01,2.871252e+01,2.862838e+01,2.868017e+01,2.865428e+01,2.875133e+01,2.859601e+01,2.863486e+01,2.850530e+01,2.867369e+01,2.871899e+01,2.873192e+01,2.858305e+01,2.875133e+01,2.874486e+01,2.874486e+01,2.875779e+01,2.881598e+01,2.866722e+01,2.864133e+01,2.884829e+01,2.871252e+01,2.874486e+01,2.890642e+01,2.863486e+01,2.869958e+01,2.873839e+01,2.868664e+01,2.871899e+01,2.877719e+01,2.866722e+01,2.879012e+01,2.864780e+01,2.856362e+01,2.873839e+01,2.870605e+01,2.853770e+01,2.853770e+01,2.853770e+01,2.870605e+01,2.844695e+01,2.860896e+01,2.857658e+01,2.861543e+01,2.858305e+01,2.864780e+01,2.867369e+01,2.867369e+01,2.868664e+01,2.868017e+01,2.866075e+01,2.867369e+01,2.851178e+01,2.868017e+01,2.868664e+01,2.850530e+01,2.853122e+01,2.848585e+01,2.840154e+01,2.826521e+01,2.832366e+01,2.821972e+01,2.796597e+01,2.780951e+01,2.780299e+01,2.742391e+01,2.727322e+01,2.673422e+01,2.603340e+01,2.564130e+01,2.534793e+01,2.565462e+01,2.581427e+01,2.608646e+01,2.558136e+01,2.528782e+01,2.475201e+01,2.453692e+01,2.443594e+01,2.443594e+01,2.461091e+01,2.455710e+01,2.458401e+01,2.471172e+01,2.463780e+01,2.455710e+01,2.459746e+01,2.462436e+01,2.451673e+01,2.475201e+01,2.470500e+01,2.465796e+01,2.465124e+01,2.467141e+01,2.477887e+01,2.454365e+01,2.466469e+01,2.467141e+01,2.461763e+01,2.462436e+01,2.461763e+01,2.463108e+01,2.463780e+01,2.465124e+01,2.473187e+01,2.466469e+01,2.468484e+01,2.477216e+01,2.463780e+01,2.464452e+01,2.460419e+01,2.456383e+01,2.472515e+01,2.471172e+01,2.470500e+01,2.471844e+01,2.471172e+01,2.465124e+01,2.479230e+01,2.476544e+01,2.473858e+01,2.469828e+01,2.470500e+01,2.471172e+01,2.477216e+01,2.475201e+01,2.463780e+01,2.468484e+01,2.472515e+01,2.485269e+01,2.472515e+01,2.472515e+01,2.475201e+01,2.469828e+01,2.478558e+01,2.487952e+01,2.477887e+01,2.479230e+01,2.478558e+01,2.479230e+01,2.471844e+01,2.493986e+01,2.474530e+01,2.480572e+01,2.481914e+01,2.479901e+01,2.481914e+01,2.479901e+01,2.479901e+01,2.488622e+01,2.483927e+01,2.469828e+01,2.480572e+01,2.479901e+01,2.473858e+01,2.479230e+01,2.488622e+01,2.467141e+01,2.485269e+01,2.486610e+01,2.479230e+01,2.482585e+01,2.479230e+01,2.491305e+01,2.489293e+01,2.491975e+01,2.485940e+01,2.489293e+01,2.486610e+01,2.486610e+01,2.487281e+01,2.495326e+01,2.484598e+01,2.491305e+01,2.485940e+01,2.489964e+01,2.487281e+01,2.487281e+01,2.491305e+01,2.498677e+01,2.493316e+01,2.498007e+01,2.481243e+01,2.498677e+01,2.489964e+01,2.487952e+01,2.486610e+01,2.490634e+01,2.491975e+01,2.483256e+01,2.482585e+01,2.482585e+01,2.486610e+01,2.486610e+01,2.477887e+01,2.485940e+01,2.489293e+01,2.490634e+01,2.479901e+01,2.477216e+01,2.487281e+01,2.489964e+01,2.490634e+01,2.490634e+01,2.491975e+01,2.489964e+01,2.511399e+01,2.497337e+01,2.489293e+01,2.498677e+01,2.491975e+01,2.491305e+01,2.500017e+01,2.487281e+01,2.500687e+01,2.499347e+01,2.489293e+01,2.489964e+01,2.487952e+01,2.465124e+01,2.463108e+01,2.465124e+01,2.462436e+01,2.467141e+01,2.457728e+01,2.449654e+01,2.451673e+01,2.448308e+01,2.449654e+01,2.451000e+01,2.450327e+01,2.453692e+01,2.456383e+01,2.474530e+01,2.472515e+01,2.493986e+01,2.491305e+01,2.491305e+01,2.491975e+01,2.477216e+01,2.476544e+01,2.479230e+01,2.499347e+01,2.485269e+01,2.487281e+01,2.487952e+01,2.492645e+01,2.504705e+01,2.502026e+01,2.498677e+01,2.498677e+01,2.498007e+01,2.490634e+01,2.493316e+01,2.489293e+01,2.468484e+01,2.469156e+01,2.465796e+01,2.439552e+01,2.405809e+01,2.449654e+01,2.483256e+01,2.503366e+01,2.489293e+01,2.491305e+01,2.518088e+01,2.520094e+01,2.527446e+01,2.527446e+01,2.528115e+01,2.536129e+01,2.535461e+01,2.534793e+01,2.550139e+01,2.536129e+01,2.550805e+01,2.554138e+01,2.558136e+01,2.552805e+01,2.551472e+01,2.557470e+01,2.576108e+01,2.570786e+01,2.561466e+01,2.560800e+01,2.561466e+01,2.544137e+01,2.545471e+01,2.558136e+01,2.569455e+01,2.564130e+01,2.571451e+01,2.571451e+01,2.556804e+01,2.552139e+01,2.545471e+01,2.546805e+01,2.530787e+01,2.506713e+01,2.490634e+01,2.491975e+01,2.483256e+01,2.480572e+01,2.479901e+01,2.478558e+01,2.471172e+01,2.477216e+01,2.476544e+01,2.475201e+01,2.473858e+01,2.465796e+01,2.450327e+01,2.463108e+01,2.461763e+01,2.436857e+01,2.448308e+01,2.448981e+01,2.451000e+01,2.425393e+01,2.411215e+01,2.385510e+01,2.374668e+01,2.373312e+01,2.367886e+01,2.365172e+01,2.363814e+01,2.341393e+01,2.342073e+01,2.376702e+01,2.388896e+01,2.400400e+01,2.415268e+01,2.415268e+01,2.437531e+01,2.438205e+01,2.437531e+01,2.439552e+01,2.440900e+01,2.442247e+01,2.451673e+01,2.460419e+01,2.438878e+01,2.453019e+01,2.467813e+01,2.471172e+01,2.473858e+01,2.473858e+01,2.481243e+01,2.472515e+01,2.481914e+01,2.479901e+01,2.507383e+01,2.506044e+01,2.485269e+01,2.485269e+01,2.471172e+01,2.463780e+01,2.452346e+01,2.453692e+01,2.465124e+01,2.478558e+01,2.482585e+01,2.467141e+01,2.459746e+01,2.419319e+01,2.417969e+01,2.425393e+01,2.424044e+01,2.424044e+01,2.415268e+01,2.400400e+01,2.417969e+01,2.393634e+01,2.399047e+01,2.398371e+01,2.408512e+01,2.394988e+01,2.403781e+01,2.389573e+01,2.393634e+01,2.380091e+01,2.382123e+01,2.379413e+01,2.377380e+01,2.396341e+01,2.376024e+01,2.367886e+01,2.388896e+01,2.367207e+01,2.382123e+01,2.381446e+01,2.376702e+01,2.373990e+01,2.378735e+01,2.375346e+01,2.372634e+01,2.373990e+01,2.348872e+01,2.387542e+01,2.370599e+01,2.368564e+01,2.352270e+01,2.363136e+01,2.350231e+01,2.357025e+01,2.351590e+01,2.363136e+01,2.352949e+01,2.357704e+01,2.377380e+01,2.347513e+01,2.356346e+01,2.352270e+01,2.350911e+01,2.345473e+01,2.358383e+01,2.356346e+01,2.347513e+01,2.365172e+01,2.332547e+01,2.337311e+01,2.340032e+01,2.340713e+01,2.348872e+01,2.347513e+01,2.346153e+01,2.342753e+01,2.359062e+01,2.342753e+01,2.350231e+01,2.344113e+01,2.342753e+01,2.344793e+01,2.343433e+01,2.348872e+01,2.335950e+01,2.337311e+01,2.340032e+01
2.444941e+01,2.440900e+01,2.448308e+01,2.453692e+01,2.446961e+01,2.438878e+01,2.446288e+01,2.444941e+01,2.443594e+01,2.446288e+01,2.444268e+01,2.443594e+01,2.455038e+01,2.443594e+01,2.454365e+01,2.446288e+01,2.450327e+01,2.443594e+01,2.440226e+01,2.448981e+01,2.432812e+01,2.451000e+01,2.449654e+01,2.436183e+01,2.448308e+01,2.447635e+01,2.447635e+01,2.438878e+01,2.451673e+01,2.446961e+01,2.448981e+01,2.446288e+01,2.453019e+01,2.439552e+01,2.444268e+01,2.440226e+01,2.456383e+01,2.453692e+01,2.454365e+01,2.446288e+01,2.456383e+01,2.455038e+01,2.453692e+01,2.455710e+01,2.467813e+01,2.456383e+01,2.459073e+01,2.453692e+01,2.465124e+01,2.453019e+01,2.461763e+01,2.463108e+01,2.473187e+01,2.464452e+01,2.459746e+01,2.469156e+01,2.462436e+01,2.464452e+01,2.465796e+01,2.468484e+01,2.477887e+01,2.471172e+01,2.469156e+01,2.456383e+01,2.469156e+01,2.470500e+01,2.473858e+01,2.483256e+01,2.470500e+01,2.473858e+01,2.479230e+01,2.476544e+01,2.478558e+01,2.465124e+01,2.476544e+01,2.470500e+01,2.477216e+01,2.487281e+01,2.483927e+01,2.471844e+01,2.472515e+01,2.471172e+01,2.475201e+01,2.474530e+01,2.477216e+01,2.465796e+01,2.479901e+01,2.470500e+01,2.469156e+01,2.476544e+01,2.481243e+01,2.471844e+01,2.476544e+01,2.470500e+01,2.477887e+01,2.469156e+01,2.472515e+01,2.475873e+01,2.448308e+01,2.487281e+01,2.473187e+01,2.475873e+01,2.469828e+01,2.481243e+01,2.484598e+01,2.481914e+01,2.475873e+01,2.484598e+01,2.477887e+01,2.472515e+01,2.482585e+01,2.477887e+01,2.478558e+01,2.479230e+01,2.480572e+01,2.479230e+01,2.467141e+01,2.477887e+01,2.489964e+01,2.476544e+01,2.479230e+01,2.467141e+01,2.472515e+01,2.478558e+01,2.475873e+01,2.462436e+01,2.466469e+01,2.469156e+01,2.463780e+01,2.473187e+01,2.465796e+01,2.471172e+01,2.471844e+01,2.466469e+01,2.467813e+01,2.469156e+01,2.466469e+01,2.467141e+01,2.468484e+01,2.467141e+01,2.467141e+01,2.457728e+01,2.463108e+01,2.465796e+01,2.463108e+01,2.467141e+01,2.466469e+01,2.463780e+01,2.457728e+01,2.464452e+01,2.469156e+01,2.465796e+01,2.459746e+01,2.459073e+01,2.457728e+01,2.460419e+01,2.445614e+01,2.457728e+01,2.459073e+01,2.440226e+01,2.442921e+01,2.448308e+01,2.443594e+01,2.453019e+01,2.444941e+01,2.455710e+01,2.450327e+01,2.460419e+01,2.456383e+01,2.460419e+01,2.461091e+01,2.469156e+01,2.479230e+01,2.481914e+01,2.518088e+01,2.534793e+01,2.530787e+01,2.534126e+01,2.563464e+01,2.641744e+01,2.705006e+01,2.743046e+01,2.758093e+01,2.780299e+01,2.780951e+01,2.810268e+01,2.817422e+01,2.808967e+01,2.810268e+01,2.817422e+01,2.833015e+01,2.835612e+01,2.836910e+01,2.844695e+01,2.841452e+01,2.850530e+01,2.844046e+01,2.849234e+01,2.852474e+01,2.865428e+01,2.850530e+01,2.868017e+01,2.870605e+01,2.860248e+01,2.863486e+01,2.849234e+01,2.848585e+01,2.842100e+01,2.855714e+01,2.850530e+01,2.834962e+01,2.849882e+01,2.836261e+01,2.851178e+01,2.849882e+01,2.847289e+01,2.848585e+01,2.869958e+01,2.880305e+01,2.880951e+01,2.858305e+01,2.861543e+01,2.862838e+01,2.867369e+01,2.864133e+01,2.865428e+01,2.865428e+01,2.859601e+01,2.856362e+01,2.850530e+01,2.871252e+01,2.847289e+01,2.850530e+01,2.851178e+01,2.837559e+01,2.836261e+01,2.853122e+01,2.838208e+01,2.849882e+01,2.850530e+01,2.851178e+01,2.855066e+01,2.862838e+01,2.862838e+01,2.862191e+01,2.862838e+01,2.854418e+01,2.860896e+01,2.862838e+01,2.867369e+01,2.862191e+01,2.868017e+01,2.871252e+01,2.857010e+01,2.860896e+01,2.857658e+01,2.857010e+01,2.845992e+01,2.846640e+01,2.842100e+01,2.843398e+01,2.820023e+01,2.817422e+01,2.802458e+01,2.795294e+01,2.777689e+01,2.730600e+01,2.703692e+01,2.639100e+01,2.593385e+01,2.535461e+01,2.529451e+01,2.561466e+01,2.606656e+01,2.606656e+01,2.581427e+01,2.542135e+01,2.523437e+01,2.465796e+01,2.446288e+01,2.444941e+01,2.444268e+01,2.453019e+01,2.468484e+01,2.453692e+01,2.453692e+01,2.448308e+01,2.459073e+01,2.457056e+01,2.463780e+01,2.464452e+01,2.466469e+01,2.465796e+01,2.461763e+01,2.454365e+01,2.463108e+01,2.459073e+01,2.465124e+01,2.461091e+01,2.442921e+01,2.463780e+01,2.461763e+01,2.463108e+01,2.467141e+01,2.463780e+01,2.465124e+01,2.475201e+01,2.467813e+01,2.464452e+01,2.465796e+01,2.463108e+01,2.460419e+01,2.469828e+01,2.457728e+01,2.459746e+01,2.457728e+01,2.475873e+01,2.475873e+01,2.469156e+01,2.477216e+01,2.477887e+01,2.463780e+01,2.467141e+01,2.469828e+01,2.473187e+01,2.476544e+01,2.473858e+01,2.464452e+01,2.469156e+01,2.463108e+01,2.486610e+01,2.484598e+01,2.479230e+01,2.470500e+01,2.467813e+01,2.472515e+01,2.463780e+01,2.467141e+01,2.473858e+01,2.470500e+01,2.473858e+01,2.481243e+01,2.471172e+01,2.473858e+01,2.483256e+01,2.478558e+01,2.477887e+01,2.466469e+01,2.481243e+01,2.480572e+01,2.479901e+01,2.467813e+01,2.472515e+01,2.469828e+01,2.469156e+01,2.481243e+01,2.473187e+01,2.482585e+01,2.483256e+01,2.473858e+01,2.492645e+01,2.473187e+01,2.473187e+01,2.473187e+01,2.485269e+01,2.479901e+01,2.484598e+01,2.475873e+01,2.487281e+01,2.485269e+01,2.489964e+01,2.485269e+01,2.486610e+01,2.486610e+01,2.485940e+01,2.489293e+01,2.492645e+01,2.482585e+01,2.486610e+01,2.499347e+01,2.498007e+01,2.496667e+01,2.490634e+01,2.499347e+01,2.502696e+01,2.496667e+01,2.489964e+01,2.485940e+01,2.492645e+01,2.479901e+01,2.489293e+01,2.485940e+01,2.469156e+01,2.465124e+01,2.487281e+01,2.467141e+01,2.488622e+01,2.473858e+01,2.480572e+01,2.473858e+01,2.479901e+01,2.492645e+01,2.487281e+01,2.492645e+01,2.493316e+01,2.487281e+01,2.492645e+01,2.492645e+01,2.492645e+01,2.493986e+01,2.486610e+01,2.492645e+01,2.489293e+01,2.495997e+01,2.496667e+01,2.484598e+01,2.486610e+01,2.484598e+01,2.479230e+01,2.477887e+01,2.467141e+01,2.487281e+01,2.449654e+01,2.445614e+01,2.446288e+01,2.457056e+01,2.434161e+01,2.446288e+01,2.441573e+01,2.430790e+01,2.444268e+01,2.426743e+01,2.451000e+01,2.469828e+01,2.459746e+01,2.491305e+01,2.475873e+01,2.490634e+01,2.489964e+01,2.477887e+01,2.480572e+01,2.476544e+01,2.474530e+01,2.477216e+01,2.475873e+01,2.495997e+01,2.482585e+01,2.498677e+01,2.506044e+01,2.489293e+01,2.500017e+01,2.500687e+01,2.504705e+01,2.488622e+01,2.498007e+01,2.487281e+01,2.483927e+01,2.487281e+01,2.485940e+01,2.466469e+01,2.424044e+01,2.423369e+01,2.426068e+01,2.448308e+01,2.482585e+01,2.501357e+01,2.507383e+01,2.520094e+01,2.516082e+01,2.520763e+01,2.542802e+01,2.555471e+01,2.556137e+01,2.544804e+01,2.556137e+01,2.556137e+01,2.551472e+01,2.568124e+01,2.558802e+01,2.579433e+01,2.566127e+01,2.580762e+01,2.575443e+01,2.588736e+01,2.562132e+01,2.562132e+01,2.577438e+01,2.571451e+01,2.566793e+01,2.572117e+01,2.569455e+01,2.582092e+01,2.571451e+01,2.594713e+01,2.587408e+01,2.602013e+01,2.588736e+01,2.578768e+01,2.546805e+01,2.538131e+01,2.516751e+01,2.530119e+01,2.504705e+01,2.504705e+01,2.473858e+01,2.478558e+01,2.481914e+01,2.491975e+01,2.481243e+01,2.477887e+01,2.477216e+01,2.481914e+01,2.465796e+01,2.465124e+01,2.463108e+01,2.455038e+01,2.442247e+01,2.434161e+01,2.440226e+01,2.450327e+01,2.436857e+01,2.420670e+01,2.406485e+01,2.403105e+01,2.386865e+01,2.388219e+01,2.386865e+01,2.363814e+01,2.361099e+01,2.370599e+01,2.370599e+01,2.373312e+01,2.373312e+01,2.377380e+01,2.399723e+01,2.417969e+01,2.397018e+01,2.409188e+01,2.427417e+01,2.410540e+01,2.409188e+01,2.448981e+01,2.421344e+01,2.427417e+01,2.428092e+01,2.433487e+01,2.457056e+01,2.471172e+01,2.470500e+01,2.468484e+01,2.473858e+01,2.485269e+01,2.475873e+01,2.483927e+01,2.483927e+01,2.508052e+01,2.487952e+01,2.474530e+01,2.466469e+01,2.463780e+01,2.478558e+01,2.477216e+01,2.459746e+01,2.495326e+01,2.482585e+01,2.471844e+01,2.457056e+01,2.416619e+01,2.415268e+01,2.395664e+01,2.393634e+01,2.394988e+01,2.383478e+01,2.389573e+01,2.380091e+01,2.371277e+01,2.362457e+01,2.384833e+01,2.381446e+01,2.366529e+01,2.363814e+01,2.363814e+01,2.352270e+01,2.369921e+01,2.372634e+01,2.369921e+01,2.354308e+01,2.362457e+01,2.357025e+01,2.354308e+01,2.369242e+01,2.354987e+01,2.365850e+01,2.367207e+01,2.360420e+01,2.356346e+01,2.359741e+01,2.351590e+01,2.342073e+01,2.346833e+01,2.335269e+01,2.335950e+01,2.350911e+01,2.355667e+01,2.352949e+01,2.342073e+01,2.345473e+01,2.335950e+01,2.347513e+01,2.339352e+01,2.346153e+01,2.344113e+01,2.344793e+01,2.342073e+01,2.342753e+01,2.343433e+01,2.349552e+01,2.360420e+01,2.346833e+01,2.347513e+01,2.338672e+01,2.342753e+01,2.335950e+01,2.348872e+01,2.331866e+01,2.340032e+01,2.331185e+01,2.332547e+01,2.334589e+01,2.344113e+01,2.340713e+01,2.341393e+01,2.340713e+01,2.346833e+01,2.339352e+01,2.343433e+01,2.337991e+01,2.338672e+01,2.342073e+01,2.333228e+01
2.446288e+01,2.447635e+01,2.463780e+01,2.457728e+01,2.460419e+01,2.445614e+01,2.449654e+01,2.452346e+01,2.453019e+01,2.454365e+01,2.444268e+01,2.440226e+01,2.454365e+01,2.451673e+01,2.453019e+01,2.442247e+01,2.441573e+01,2.441573e+01,2.438205e+01,2.448308e+01,2.449654e+01,2.436857e+01,2.449654e+01,2.446288e+01,2.440226e+01,2.451000e+01,2.448308e+01,2.456383e+01,2.445614e+01,2.438878e+01,2.443594e+01,2.448308e+01,2.469828e+01,2.431464e+01,2.455710e+01,2.457056e+01,2.455038e+01,2.454365e+01,2.457056e+01,2.447635e+01,2.447635e+01,2.445614e+01,2.448308e+01,2.459746e+01,2.451673e+01,2.457056e+01,2.465124e+01,2.466469e+01,2.449654e+01,2.466469e+01,2.448981e+01,2.455710e+01,2.453019e+01,2.457056e+01,2.463780e+01,2.469828e+01,2.474530e+01,2.464452e+01,2.453692e+01,2.461763e+01,2.460419e+01,2.453019e+01,2.473858e+01,2.474530e+01,2.472515e+01,2.466469e+01,2.469828e+01,2.477216e+01,2.465124e+01,2.481914e+01,2.460419e+01,2.477216e+01,2.478558e+01,2.474530e+01,2.471172e+01,2.476544e+01,2.475201e+01,2.475201e+01,2.467141e+01,2.481243e+01,2.482585e+01,2.465796e+01,2.471172e+01,2.473858e+01,2.478558e+01,2.472515e+01,2.463780e+01,2.469828e+01,2.483256e+01,2.485269e+01,2.479230e+01,2.467813e+01,2.473858e+01,2.479230e+01,2.475201e+01,2.470500e+01,2.467141e+01,2.475201e+01,2.474530e+01,2.476544e+01,2.472515e+01,2.486610e+01,2.464452e+01,2.466469e+01,2.477216e+01,2.474530e+01,2.465796e+01,2.479230e+01,2.487281e+01,2.475201e+01,2.472515e+01,2.471172e+01,2.481243e+01,2.478558e+01,2.479230e+01,2.487281e+01,2.481243e+01,2.486610e+01,2.477216e+01,2.477216e+01,2.475873e+01,2.479230e+01,2.479230e+01,2.477216e+01,2.475873e+01,2.477216e+01,2.474530e+01,2.463780e+01,2.469828e+01,2.473187e+01,2.470500e+01,2.468484e+01,2.461763e+01,2.473858e+01,2.469156e+01,2.468484e+01,2.462436e+01,2.469828e+01,2.461091e+01,2.465796e+01,2.467141e+01,2.457728e+01,2.469156e+01,2.469156e+01,2.463108e+01,2.468484e+01,2.455038e+01,2.458401e+01,2.465124e+01,2.457056e+01,2.452346e+01,2.456383e+01,2.457728e+01,2.459746e+01,2.462436e+01,2.453019e+01,2.453692e+01,2.457056e+01,2.459746e+01,2.459073e+01,2.459746e+01,2.449654e+01,2.457728e+01,2.451673e+01,2.456383e+01,2.453692e+01,2.462436e+01,2.448981e+01,2.438205e+01,2.467813e+01,2.466469e+01,2.463780e+01,2.467813e+01,2.483927e+01,2.514075e+01,2.547471e+01,2.522100e+01,2.531454e+01,2.573447e+01,2.639100e+01,2.701064e+01,2.735842e+01,2.752862e+01,2.767896e+01,2.779646e+01,2.786169e+01,2.798551e+01,2.826521e+01,2.798551e+01,2.805713e+01,2.829768e+01,2.828469e+01,2.810919e+01,2.831717e+01,2.839505e+01,2.842100e+01,2.845343e+01,2.846640e+01,2.823272e+01,2.844695e+01,2.840154e+01,2.842100e+01,2.839505e+01,2.858953e+01,2.823922e+01,2.851178e+01,2.849234e+01,2.831067e+01,2.845343e+01,2.827820e+01,2.839505e+01,2.820023e+01,2.824572e+01,2.842100e+01,2.815471e+01,2.825221e+01,2.839505e+01,2.854418e+01,2.864780e+01,2.868017e+01,2.847937e+01,2.845992e+01,2.847937e+01,2.844046e+01,2.840803e+01,2.841452e+01,2.838208e+01,2.855714e+01,2.838208e+01,2.843398e+01,2.842749e+01,2.849882e+01,2.840154e+01,2.838208e+01,2.837559e+01,2.834313e+01,2.840154e+01,2.836261e+01,2.830418e+01,2.836910e+01,2.852474e+01,2.847937e+01,2.844695e+01,2.852474e+01,2.851826e+01,2.854418e+01,2.842749e+01,2.858953e+01,2.866075e+01,2.865428e+01,2.855714e+01,2.867369e+01,2.851178e+01,2.851826e+01,2.851178e+01,2.859601e+01,2.853122e+01,2.853770e+01,2.836910e+01,2.844695e+01,2.822622e+01,2.820023e+01,2.795294e+01,2.764629e+01,2.750900e+01,2.732566e+01,2.708291e+01,2.631826e+01,2.588736e+01,2.532790e+01,2.534126e+01,2.562132e+01,2.607319e+01,2.606656e+01,2.609309e+01,2.580762e+01,2.541468e+01,2.501357e+01,2.460419e+01,2.444268e+01,2.442921e+01,2.442247e+01,2.452346e+01,2.455710e+01,2.455038e+01,2.455038e+01,2.462436e+01,2.463780e+01,2.467141e+01,2.469828e+01,2.467813e+01,2.465124e+01,2.468484e+01,2.463108e+01,2.459073e+01,2.461763e+01,2.459073e+01,2.459073e+01,2.461763e+01,2.474530e+01,2.461091e+01,2.463780e+01,2.465124e+01,2.471844e+01,2.467141e+01,2.464452e+01,2.466469e+01,2.475201e+01,2.470500e+01,2.468484e+01,2.465796e+01,2.469156e+01,2.461763e+01,2.455038e+01,2.473858e+01,2.463108e+01,2.481243e+01,2.476544e+01,2.477216e+01,2.470500e+01,2.467813e+01,2.481914e+01,2.471172e+01,2.472515e+01,2.481914e+01,2.471844e+01,2.480572e+01,2.464452e+01,2.482585e+01,2.489293e+01,2.471172e+01,2.475201e+01,2.471844e+01,2.470500e+01,2.471172e+01,2.467813e+01,2.468484e+01,2.477887e+01,2.473187e+01,2.480572e+01,2.478558e+01,2.472515e+01,2.479230e+01,2.479901e+01,2.482585e+01,2.480572e+01,2.477216e+01,2.463780e+01,2.481914e+01,2.480572e+01,2.487281e+01,2.488622e+01,2.473187e+01,2.486610e+01,2.478558e+01,2.487952e+01,2.481243e+01,2.484598e+01,2.481914e+01,2.475873e+01,2.486610e+01,2.477216e+01,2.481243e+01,2.488622e+01,2.479230e+01,2.487281e+01,2.476544e+01,2.489964e+01,2.489293e+01,2.487281e+01,2.487952e+01,2.484598e+01,2.475873e+01,2.485269e+01,2.487952e+01,2.491305e+01,2.491975e+01,2.497337e+01,2.482585e+01,2.485940e+01,2.498677e+01,2.493986e+01,2.495997e+01,2.502026e+01,2.502696e+01,2.506044e+01,2.501357e+01,2.493316e+01,2.486610e+01,2.482585e+01,2.480572e+01,2.477216e+01,2.469156e+01,2.467141e+01,2.474530e+01,2.485940e+01,2.476544e+01,2.475873e+01,2.472515e+01,2.483256e+01,2.472515e+01,2.489293e+01,2.486610e+01,2.493986e+01,2.495997e+01,2.495326e+01,2.492645e+01,2.513406e+01,2.495997e+01,2.502696e+01,2.500017e+01,2.503366e+01,2.495997e+01,2.498677e+01,2.500687e+01,2.489293e+01,2.482585e+01,2.490634e+01,2.486610e+01,2.459073e+01,2.457728e+01,2.446961e+01,2.439552e+01,2.455038e+01,2.430115e+01,2.433487e+01,2.432812e+01,2.430790e+01,2.453019e+01,2.442921e+01,2.426743e+01,2.447635e+01,2.451000e+01,2.475201e+01,2.490634e+01,2.490634e+01,2.490634e+01,2.486610e+01,2.479901e+01,2.466469e+01,2.459073e+01,2.477216e+01,2.472515e+01,2.477216e+01,2.467813e+01,2.480572e+01,2.474530e+01,2.482585e+01,2.490634e+01,2.492645e+01,2.504705e+01,2.506044e+01,2.506044e+01,2.503366e+01,2.487952e+01,2.489964e+01,2.489293e+01,2.487952e+01,2.483256e+01,2.483256e+01,2.464452e+01,2.430115e+01,2.428766e+01,2.457056e+01,2.483927e+01,2.512068e+01,2.514075e+01,2.510060e+01,2.554804e+01,2.555471e+01,2.558136e+01,2.562798e+01,2.580762e+01,2.578103e+01,2.578768e+01,2.561466e+01,2.574778e+01,2.593385e+01,2.594713e+01,2.606656e+01,2.616599e+01,2.617924e+01,2.589401e+01,2.610634e+01,2.592057e+01,2.577438e+01,2.561466e+01,2.578103e+01,2.565462e+01,2.577438e+01,2.577438e+01,2.588072e+01,2.584750e+01,2.604667e+01,2.605993e+01,2.604667e+01,2.602013e+01,2.607319e+01,2.567459e+01,2.564796e+01,2.562798e+01,2.548805e+01,2.517419e+01,2.505375e+01,2.495997e+01,2.508722e+01,2.508722e+01,2.509391e+01,2.478558e+01,2.473858e+01,2.490634e+01,2.472515e+01,2.468484e+01,2.469828e+01,2.464452e+01,2.459073e+01,2.450327e+01,2.440226e+01,2.445614e+01,2.440226e+01,2.449654e+01,2.415268e+01,2.431464e+01,2.406485e+01,2.399723e+01,2.393634e+01,2.388219e+01,2.370599e+01,2.369921e+01,2.388219e+01,2.375346e+01,2.377380e+01,2.370599e+01,2.378057e+01,2.399723e+01,2.376024e+01,2.374668e+01,2.383478e+01,2.393634e+01,2.395664e+01,2.397694e+01,2.409188e+01,2.405133e+01,2.422694e+01,2.429441e+01,2.435509e+01,2.465124e+01,2.463108e+01,2.463780e+01,2.471844e+01,2.479230e+01,2.486610e+01,2.477216e+01,2.481914e+01,2.488622e+01,2.505375e+01,2.487952e+01,2.482585e+01,2.466469e+01,2.467141e+01,2.473187e+01,2.471844e+01,2.479230e+01,2.477216e+01,2.495997e+01,2.473187e+01,2.496667e+01,2.449654e+01,2.423369e+01,2.406485e+01,2.401076e+01,2.390250e+01,2.377380e+01,2.373312e+01,2.374668e+01,2.364493e+01,2.372634e+01,2.361778e+01,2.357025e+01,2.353629e+01,2.359741e+01,2.352949e+01,2.354987e+01,2.346153e+01,2.356346e+01,2.348872e+01,2.363136e+01,2.362457e+01,2.337311e+01,2.352949e+01,2.348872e+01,2.350911e+01,2.355667e+01,2.359062e+01,2.357025e+01,2.348872e+01,2.351590e+01,2.349552e+01,2.348872e+01,2.348192e+01,2.344793e+01,2.348192e+01,2.349552e+01,2.336630e+01,2.346833e+01,2.342073e+01,2.343433e+01,2.344113e+01,2.338672e+01,2.335950e+01,2.348192e+01,2.334589e+01,2.339352e+01,2.351590e+01,2.337991e+01,2.346833e+01,2.350911e+01,2.344793e+01,2.344793e+01,2.346833e+01,2.338672e+01,2.337991e+01,2.337311e+01,2.337311e+01,2.344793e+01,2.335950e+01,2.350911e+01,2.350911e+01,2.332547e+01,2.343433e+01,2.342073e+01,2.341393e+01,2.342073e+01,2.345473e+01,2.342073e+01,2.344113e+01,2.331866e+01,2.331185e+01,2.344793e+01,2.331185e+01
2.448981e+01,2.462436e+01,2.458401e+01,2.459746e+01,2.446961e+01,2.444941e+01,2.446961e+01,2.449654e+01,2.444941e+01,2.447635e+01,2.440900e+01,2.444268e+01,2.446288e+01,2.451673e+01,2.455038e+01,2.452346e+01,2.438878e+01,2.457056e+01,2.454365e+01,2.442921e+01,2.440226e+01,2.430790e+01,2.444268e+01,2.436857e+01,2.450327e+01,2.451000e+01,2.454365e+01,2.448308e+01,2.448308e+01,2.449654e+01,2.443594e+01,2.434161e+01,2.441573e+01,2.455038e+01,2.457728e+01,2.444268e+01,2.453692e+01,2.455710e+01,2.438878e+01,2.459746e+01,2.463780e+01,2.444268e+01,2.452346e+01,2.458401e+01,2.448981e+01,2.461091e+01,2.451673e+01,2.452346e+01,2.451000e+01,2.448308e+01,2.457728e+01,2.461763e+01,2.459073e+01,2.469156e+01,2.460419e+01,2.469828e+01,2.464452e+01,2.456383e+01,2.454365e+01,2.456383e+01,2.451673e+01,2.475201e+01,2.473187e+01,2.477887e+01,2.471844e+01,2.461091e+01,2.469828e+01,2.471172e+01,2.461763e+01,2.463108e+01,2.481243e+01,2.481243e+01,2.470500e+01,2.468484e+01,2.470500e+01,2.467141e+01,2.474530e+01,2.480572e+01,2.475201e+01,2.489293e+01,2.483256e+01,2.466469e+01,2.464452e+01,2.463780e+01,2.464452e+01,2.476544e+01,2.463108e+01,2.465124e+01,2.469828e+01,2.471172e+01,2.470500e+01,2.472515e+01,2.475873e+01,2.482585e+01,2.478558e+01,2.486610e+01,2.465796e+01,2.491975e+01,2.475873e+01,2.474530e+01,2.489964e+01,2.466469e+01,2.467141e+01,2.477216e+01,2.478558e+01,2.477216e+01,2.471172e+01,2.474530e+01,2.476544e+01,2.483256e+01,2.485269e+01,2.487952e+01,2.471844e+01,2.469828e+01,2.481243e+01,2.478558e+01,2.485940e+01,2.471844e+01,2.477887e+01,2.475873e+01,2.480572e+01,2.484598e+01,2.482585e+01,2.475873e+01,2.474530e+01,2.465796e+01,2.474530e+01,2.464452e+01,2.476544e+01,2.475873e+01,2.466469e+01,2.465124e+01,2.465796e+01,2.470500e+01,2.470500e+01,2.473858e+01,2.470500e+01,2.468484e+01,2.469828e+01,2.469156e+01,2.469828e+01,2.468484e+01,2.471172e+01,2.453692e+01,2.451673e+01,2.449654e+01,2.457728e+01,2.457056e+01,2.463108e+01,2.464452e+01,2.453019e+01,2.457056e+01,2.459073e+01,2.463108e+01,2.444268e+01,2.460419e+01,2.455038e+01,2.458401e+01,2.456383e+01,2.455038e+01,2.458401e+01,2.453019e+01,2.459073e+01,2.461091e+01,2.445614e+01,2.446961e+01,2.446961e+01,2.455710e+01,2.450327e+01,2.457056e+01,2.470500e+01,2.460419e+01,2.483927e+01,2.480572e+01,2.514744e+01,2.524105e+01,2.526778e+01,2.515413e+01,2.575443e+01,2.635133e+01,2.695804e+01,2.731911e+01,2.752208e+01,2.750245e+01,2.760708e+01,2.759401e+01,2.782908e+01,2.800504e+01,2.788777e+01,2.800504e+01,2.803760e+01,2.790080e+01,2.811569e+01,2.808967e+01,2.795294e+01,2.815471e+01,2.808967e+01,2.819373e+01,2.826521e+01,2.822622e+01,2.833015e+01,2.836261e+01,2.813520e+01,2.824572e+01,2.821323e+01,2.820023e+01,2.814171e+01,2.808967e+01,2.808967e+01,2.800504e+01,2.807665e+01,2.816772e+01,2.820023e+01,2.816772e+01,2.803109e+01,2.814171e+01,2.816772e+01,2.835612e+01,2.835612e+01,2.837559e+01,2.833664e+01,2.844046e+01,2.825871e+01,2.822622e+01,2.825871e+01,2.810268e+01,2.825221e+01,2.813520e+01,2.814171e+01,2.809617e+01,2.812220e+01,2.812220e+01,2.795945e+01,2.810919e+01,2.812220e+01,2.809617e+01,2.802458e+01,2.797248e+01,2.797899e+01,2.800504e+01,2.831717e+01,2.826521e+01,2.848585e+01,2.845992e+01,2.845992e+01,2.829768e+01,2.853122e+01,2.839505e+01,2.854418e+01,2.855066e+01,2.842749e+01,2.851178e+01,2.865428e+01,2.844695e+01,2.838857e+01,2.849234e+01,2.831717e+01,2.848585e+01,2.833664e+01,2.817422e+01,2.805713e+01,2.799853e+01,2.771161e+01,2.735187e+01,2.720107e+01,2.702378e+01,2.645049e+01,2.558136e+01,2.517419e+01,2.538131e+01,2.565462e+01,2.612623e+01,2.641084e+01,2.633810e+01,2.605330e+01,2.560800e+01,2.524773e+01,2.481243e+01,2.448308e+01,2.441573e+01,2.444941e+01,2.439552e+01,2.448308e+01,2.452346e+01,2.453019e+01,2.459073e+01,2.467141e+01,2.451000e+01,2.456383e+01,2.465124e+01,2.462436e+01,2.467141e+01,2.467141e+01,2.459746e+01,2.472515e+01,2.463108e+01,2.461091e+01,2.460419e+01,2.471844e+01,2.469828e+01,2.463780e+01,2.468484e+01,2.465124e+01,2.465796e+01,2.479901e+01,2.477216e+01,2.475873e+01,2.467813e+01,2.469156e+01,2.467813e+01,2.471172e+01,2.470500e+01,2.470500e+01,2.480572e+01,2.464452e+01,2.482585e+01,2.477887e+01,2.486610e+01,2.488622e+01,2.478558e+01,2.481243e+01,2.469828e+01,2.472515e+01,2.468484e+01,2.462436e+01,2.479230e+01,2.472515e+01,2.467141e+01,2.467813e+01,2.479901e+01,2.478558e+01,2.470500e+01,2.485940e+01,2.487281e+01,2.471844e+01,2.472515e+01,2.471172e+01,2.474530e+01,2.485940e+01,2.469156e+01,2.478558e+01,2.481914e+01,2.478558e+01,2.481914e+01,2.481243e+01,2.481914e+01,2.480572e+01,2.481243e+01,2.483256e+01,2.482585e+01,2.481914e+01,2.472515e+01,2.481914e+01,2.470500e+01,2.471844e+01,2.483927e+01,2.467813e+01,2.485940e+01,2.480572e+01,2.483927e+01,2.482585e+01,2.483256e+01,2.483256e+01,2.477887e+01,2.476544e+01,2.485940e+01,2.483927e+01,2.481914e+01,2.487281e+01,2.491305e+01,2.471172e+01,2.470500e+01,2.484598e+01,2.485269e+01,2.498007e+01,2.487952e+01,2.483927e+01,2.483927e+01,2.491305e+01,2.491975e+01,2.492645e+01,2.517419e+01,2.504035e+01,2.530119e+01,2.548138e+01,2.512737e+01,2.507383e+01,2.495997e+01,2.493316e+01,2.471172e+01,2.481243e+01,2.465124e+01,2.473187e+01,2.466469e+01,2.467813e+01,2.491305e+01,2.475201e+01,2.478558e+01,2.475873e+01,2.478558e+01,2.475873e+01,2.477887e+01,2.485940e+01,2.487281e+01,2.500017e+01,2.502696e+01,2.498677e+01,2.509391e+01,2.504035e+01,2.511399e+01,2.504705e+01,2.511399e+01,2.488622e+01,2.493986e+01,2.491975e+01,2.488622e+01,2.484598e+01,2.481914e+01,2.469156e+01,2.465796e+01,2.449654e+01,2.450327e+01,2.432138e+01,2.443594e+01,2.437531e+01,2.437531e+01,2.436183e+01,2.441573e+01,2.428092e+01,2.434835e+01,2.436857e+01,2.448981e+01,2.449654e+01,2.473858e+01,2.491305e+01,2.491305e+01,2.491305e+01,2.489964e+01,2.495326e+01,2.463780e+01,2.463780e+01,2.442921e+01,2.445614e+01,2.461091e+01,2.447635e+01,2.454365e+01,2.487952e+01,2.504035e+01,2.504035e+01,2.504035e+01,2.500017e+01,2.493316e+01,2.506713e+01,2.496667e+01,2.491305e+01,2.481914e+01,2.485269e+01,2.484598e+01,2.466469e+01,2.480572e+01,2.459746e+01,2.445614e+01,2.448308e+01,2.472515e+01,2.484598e+01,2.520094e+01,2.533458e+01,2.542802e+01,2.556804e+01,2.580762e+01,2.557470e+01,2.585415e+01,2.582092e+01,2.585415e+01,2.602013e+01,2.598696e+01,2.597368e+01,2.595377e+01,2.605330e+01,2.630502e+01,2.623222e+01,2.632487e+01,2.615274e+01,2.617261e+01,2.588736e+01,2.584750e+01,2.584750e+01,2.563464e+01,2.571451e+01,2.564796e+01,2.571451e+01,2.595377e+01,2.595377e+01,2.595377e+01,2.605330e+01,2.626532e+01,2.612623e+01,2.600686e+01,2.600686e+01,2.598696e+01,2.596041e+01,2.566127e+01,2.552805e+01,2.550139e+01,2.515413e+01,2.513406e+01,2.497337e+01,2.494656e+01,2.506713e+01,2.479901e+01,2.487952e+01,2.474530e+01,2.473858e+01,2.463108e+01,2.443594e+01,2.440226e+01,2.436183e+01,2.432812e+01,2.442247e+01,2.418644e+01,2.424044e+01,2.422019e+01,2.420670e+01,2.409188e+01,2.392281e+01,2.390927e+01,2.390927e+01,2.396341e+01,2.386865e+01,2.384155e+01,2.375346e+01,2.363814e+01,2.371277e+01,2.386187e+01,2.376024e+01,2.370599e+01,2.375346e+01,2.390250e+01,2.377380e+01,2.392958e+01,2.394988e+01,2.395664e+01,2.397694e+01,2.425393e+01,2.425393e+01,2.433487e+01,2.451000e+01,2.463108e+01,2.475201e+01,2.471172e+01,2.466469e+01,2.471844e+01,2.483927e+01,2.502026e+01,2.509391e+01,2.509391e+01,2.508722e+01,2.479901e+01,2.469828e+01,2.463780e+01,2.467813e+01,2.484598e+01,2.455710e+01,2.491975e+01,2.480572e+01,2.495997e+01,2.481914e+01,2.467813e+01,2.428092e+01,2.413242e+01,2.380091e+01,2.378735e+01,2.371956e+01,2.380768e+01,2.365172e+01,2.359741e+01,2.351590e+01,2.354308e+01,2.355667e+01,2.351590e+01,2.341393e+01,2.343433e+01,2.359062e+01,2.346153e+01,2.348872e+01,2.345473e+01,2.335269e+01,2.361778e+01,2.340032e+01,2.342753e+01,2.342753e+01,2.344113e+01,2.355667e+01,2.350911e+01,2.359741e+01,2.350911e+01,2.340032e+01,2.348872e+01,2.344793e+01,2.329823e+01,2.344113e+01,2.336630e+01,2.333228e+01,2.349552e+01,2.357025e+01,2.327780e+01,2.349552e+01,2.340032e+01,2.344113e+01,2.345473e+01,2.343433e+01,2.337991e+01,2.349552e+01,2.346153e+01,2.346153e+01,2.340032e+01,2.342753e+01,2.345473e+01,2.346153e+01,2.347513e+01,2.343433e+01,2.343433e+01,2.336630e+01,2.342073e+01,2.342753e+01,2.339352e+01,2.356346e+01,2.339352e+01,2.339352e+01,2.344113e+01,2.334589e+01,2.329823e+01,2.342753e+01,2.363136e+01,2.335269e+01,2.342073e+01,2.337991e+01,2.331185e+01,2.348192e+01,2.332547e+01
2.463108e+01,2.458401e+01,2.448981e+01,2.437531e+01,2.459073e+01,2.451673e+01,2.458401e+01,2.449654e+01,2.453692e+01,2.454365e+01,2.440900e+01,2.449654e+01,2.436857e+01,2.442921e+01,2.442247e+01,2.446288e+01,2.451000e+01,2.433487e+01,2.433487e+01,2.444941e+01,2.447635e+01,2.449654e+01,2.448981e+01,2.447635e+01,2.444941e+01,2.448981e+01,2.444941e+01,2.436183e+01,2.444268e+01,2.445614e+01,2.446961e+01,2.445614e+01,2.455710e+01,2.457056e+01,2.455710e+01,2.455038e+01,2.441573e+01,2.456383e+01,2.450327e+01,2.453019e+01,2.453692e+01,2.442247e+01,2.448308e+01,2.463108e+01,2.452346e+01,2.462436e+01,2.448981e+01,2.464452e+01,2.452346e+01,2.444941e+01,2.450327e+01,2.456383e+01,2.459073e+01,2.474530e+01,2.462436e+01,2.458401e+01,2.468484e+01,2.472515e+01,2.465124e+01,2.453692e+01,2.470500e+01,2.456383e+01,2.460419e+01,2.471844e+01,2.472515e+01,2.463108e+01,2.460419e+01,2.471172e+01,2.473187e+01,2.477887e+01,2.484598e+01,2.479230e+01,2.459073e+01,2.465124e+01,2.465796e+01,2.481914e+01,2.470500e+01,2.469828e+01,2.468484e+01,2.485940e+01,2.486610e+01,2.464452e+01,2.479901e+01,2.483256e+01,2.469156e+01,2.479230e+01,2.484598e+01,2.471172e+01,2.475873e+01,2.466469e+01,2.477216e+01,2.483256e+01,2.484598e+01,2.470500e+01,2.475201e+01,2.480572e+01,2.479901e+01,2.479230e+01,2.467813e+01,2.473187e+01,2.470500e+01,2.470500e+01,2.465796e+01,2.480572e+01,2.470500e+01,2.470500e+01,2.479230e+01,2.476544e+01,2.473858e+01,2.484598e+01,2.467141e+01,2.467813e+01,2.477887e+01,2.485940e+01,2.485940e+01,2.484598e+01,2.475873e+01,2.481243e+01,2.489964e+01,2.476544e+01,2.477216e+01,2.480572e+01,2.481243e+01,2.477887e+01,2.475873e+01,2.481243e+01,2.477216e+01,2.476544e+01,2.466469e+01,2.467141e+01,2.462436e+01,2.461763e+01,2.459746e+01,2.472515e+01,2.460419e+01,2.467813e+01,2.469828e+01,2.471844e+01,2.468484e+01,2.468484e+01,2.465124e+01,2.461091e+01,2.469156e+01,2.450327e+01,2.468484e+01,2.471844e+01,2.466469e+01,2.460419e+01,2.459746e+01,2.473858e+01,2.457728e+01,2.464452e+01,2.459746e+01,2.448981e+01,2.455038e+01,2.457056e+01,2.454365e+01,2.440900e+01,2.451000e+01,2.459073e+01,2.448981e+01,2.444268e+01,2.455710e+01,2.450327e+01,2.459746e+01,2.441573e+01,2.449654e+01,2.448308e+01,2.441573e+01,2.463108e+01,2.469156e+01,2.455038e+01,2.465124e+01,2.482585e+01,2.494656e+01,2.512737e+01,2.498007e+01,2.496667e+01,2.556804e+01,2.633149e+01,2.668809e+01,2.695804e+01,2.727322e+01,2.731911e+01,2.733876e+01,2.755478e+01,2.760055e+01,2.755478e+01,2.767242e+01,2.773120e+01,2.771814e+01,2.789429e+01,2.783560e+01,2.771814e+01,2.778341e+01,2.796597e+01,2.789429e+01,2.797899e+01,2.796597e+01,2.816122e+01,2.794642e+01,2.796597e+01,2.810268e+01,2.806364e+01,2.801156e+01,2.798551e+01,2.801156e+01,2.796597e+01,2.797899e+01,2.783560e+01,2.782908e+01,2.795294e+01,2.782908e+01,2.789429e+01,2.791384e+01,2.800504e+01,2.805062e+01,2.806364e+01,2.808316e+01,2.808316e+01,2.803109e+01,2.807014e+01,2.805713e+01,2.806364e+01,2.785517e+01,2.782256e+01,2.779646e+01,2.780951e+01,2.779646e+01,2.778994e+01,2.759401e+01,2.781603e+01,2.781603e+01,2.783560e+01,2.771814e+01,2.756786e+01,2.756786e+01,2.754824e+01,2.767896e+01,2.794642e+01,2.795945e+01,2.807665e+01,2.821323e+01,2.818072e+01,2.821323e+01,2.825221e+01,2.846640e+01,2.851178e+01,2.836910e+01,2.835612e+01,2.833015e+01,2.827820e+01,2.846640e+01,2.838857e+01,2.842100e+01,2.835612e+01,2.824572e+01,2.834313e+01,2.805713e+01,2.785517e+01,2.791384e+01,2.769202e+01,2.735187e+01,2.712231e+01,2.673422e+01,2.614611e+01,2.547471e+01,2.517419e+01,2.526110e+01,2.562132e+01,2.630502e+01,2.637778e+01,2.633149e+01,2.633810e+01,2.582092e+01,2.546805e+01,2.477216e+01,2.462436e+01,2.445614e+01,2.459073e+01,2.461763e+01,2.453019e+01,2.456383e+01,2.455038e+01,2.453019e+01,2.456383e+01,2.453692e+01,2.465796e+01,2.463780e+01,2.447635e+01,2.457728e+01,2.461763e+01,2.463108e+01,2.444268e+01,2.461091e+01,2.465124e+01,2.464452e+01,2.471844e+01,2.460419e+01,2.472515e+01,2.463108e+01,2.464452e+01,2.471172e+01,2.471844e+01,2.474530e+01,2.469156e+01,2.470500e+01,2.468484e+01,2.471172e+01,2.473187e+01,2.471172e+01,2.470500e+01,2.473858e+01,2.473187e+01,2.483256e+01,2.481914e+01,2.488622e+01,2.483927e+01,2.482585e+01,2.480572e+01,2.479230e+01,2.482585e+01,2.479901e+01,2.483256e+01,2.484598e+01,2.478558e+01,2.484598e+01,2.463780e+01,2.476544e+01,2.475201e+01,2.466469e+01,2.479901e+01,2.469828e+01,2.483927e+01,2.478558e+01,2.477216e+01,2.477216e+01,2.481243e+01,2.461763e+01,2.471172e+01,2.485940e+01,2.480572e+01,2.474530e+01,2.483256e+01,2.478558e+01,2.477216e+01,2.483927e+01,2.482585e+01,2.473858e+01,2.479901e+01,2.477216e+01,2.477887e+01,2.471172e+01,2.488622e+01,2.473187e+01,2.486610e+01,2.485269e+01,2.473858e+01,2.478558e+01,2.487281e+01,2.491975e+01,2.493316e+01,2.479230e+01,2.471844e+01,2.481243e+01,2.485269e+01,2.487281e+01,2.483256e+01,2.473858e+01,2.488622e+01,2.488622e+01,2.483927e+01,2.475873e+01,2.489293e+01,2.487952e+01,2.495326e+01,2.489293e+01,2.496667e+01,2.493986e+01,2.492645e+01,2.492645e+01,2.500017e+01,2.532790e+01,2.537464e+01,2.551472e+01,2.537464e+01,2.531454e+01,2.520094e+01,2.488622e+01,2.480572e+01,2.473187e+01,2.466469e+01,2.455038e+01,2.466469e+01,2.466469e+01,2.489293e+01,2.478558e+01,2.474530e+01,2.465124e+01,2.465796e+01,2.463780e+01,2.481914e+01,2.493986e+01,2.519426e+01,2.496667e+01,2.514744e+01,2.524105e+01,2.506044e+01,2.517419e+01,2.515413e+01,2.496667e+01,2.508722e+01,2.509391e+01,2.510060e+01,2.509391e+01,2.483256e+01,2.483927e+01,2.481243e+01,2.466469e+01,2.446961e+01,2.436183e+01,2.444268e+01,2.446961e+01,2.430115e+01,2.451000e+01,2.451673e+01,2.457728e+01,2.467141e+01,2.438205e+01,2.451673e+01,2.445614e+01,2.453692e+01,2.467813e+01,2.491305e+01,2.504035e+01,2.508052e+01,2.504035e+01,2.483927e+01,2.463780e+01,2.477216e+01,2.442921e+01,2.451000e+01,2.430790e+01,2.432812e+01,2.448308e+01,2.461763e+01,2.464452e+01,2.481243e+01,2.499347e+01,2.504705e+01,2.518757e+01,2.509391e+01,2.507383e+01,2.506713e+01,2.496667e+01,2.471172e+01,2.482585e+01,2.454365e+01,2.462436e+01,2.454365e+01,2.456383e+01,2.443594e+01,2.461091e+01,2.463108e+01,2.495326e+01,2.517419e+01,2.541468e+01,2.560134e+01,2.564796e+01,2.590729e+01,2.580097e+01,2.596041e+01,2.584085e+01,2.594713e+01,2.602013e+01,2.600023e+01,2.624546e+01,2.641084e+01,2.630502e+01,2.635794e+01,2.634472e+01,2.628517e+01,2.615274e+01,2.614611e+01,2.613948e+01,2.595377e+01,2.592721e+01,2.586743e+01,2.581427e+01,2.594713e+01,2.591393e+01,2.601350e+01,2.608646e+01,2.613948e+01,2.619248e+01,2.613948e+01,2.611960e+01,2.613948e+01,2.620573e+01,2.600023e+01,2.584085e+01,2.581427e+01,2.566127e+01,2.557470e+01,2.528782e+01,2.517419e+01,2.522100e+01,2.506713e+01,2.493316e+01,2.476544e+01,2.498007e+01,2.474530e+01,2.459746e+01,2.464452e+01,2.458401e+01,2.436183e+01,2.443594e+01,2.420670e+01,2.426743e+01,2.418644e+01,2.416619e+01,2.417294e+01,2.388219e+01,2.405133e+01,2.406485e+01,2.393634e+01,2.396341e+01,2.390250e+01,2.373990e+01,2.375346e+01,2.374668e+01,2.377380e+01,2.386187e+01,2.384833e+01,2.376024e+01,2.377380e+01,2.378735e+01,2.372634e+01,2.370599e+01,2.378057e+01,2.380768e+01,2.394311e+01,2.396341e+01,2.425393e+01,2.427417e+01,2.448981e+01,2.447635e+01,2.472515e+01,2.470500e+01,2.495997e+01,2.490634e+01,2.495326e+01,2.507383e+01,2.502696e+01,2.502026e+01,2.507383e+01,2.514075e+01,2.491975e+01,2.472515e+01,2.456383e+01,2.472515e+01,2.459746e+01,2.474530e+01,2.477216e+01,2.481243e+01,2.479901e+01,2.497337e+01,2.498007e+01,2.473187e+01,2.428766e+01,2.410540e+01,2.386187e+01,2.375346e+01,2.373990e+01,2.352270e+01,2.365172e+01,2.352949e+01,2.346153e+01,2.361099e+01,2.351590e+01,2.346153e+01,2.344113e+01,2.350231e+01,2.343433e+01,2.354987e+01,2.335269e+01,2.350231e+01,2.358383e+01,2.349552e+01,2.344793e+01,2.333908e+01,2.337991e+01,2.350231e+01,2.359741e+01,2.354308e+01,2.345473e+01,2.348872e+01,2.351590e+01,2.327099e+01,2.337311e+01,2.344793e+01,2.350911e+01,2.347513e+01,2.342073e+01,2.341393e+01,2.348872e+01,2.330504e+01,2.344113e+01,2.340713e+01,2.347513e+01,2.336630e+01,2.339352e+01,2.343433e+01,2.343433e+01,2.340713e+01,2.342073e+01,2.337991e+01,2.344113e+01,2.344793e+01,2.342753e+01,2.345473e+01,2.337311e+01,2.344113e+01,2.331866e+01,2.338672e+01,2.341393e+01,2.340032e+01,2.359741e+01,2.342753e+01,2.346833e+01,2.368564e+01,2.339352e+01,2.346153e+01,2.340713e+01,2.339352e+01,2.346153e+01,2.344793e+01,2.344793e+01,2.342073e+01,2.331866e+01
2.456383e+01,2.453692e+01,2.455710e+01,2.453019e+01,2.445614e+01,2.460419e+01,2.463780e+01,2.450327e+01,2.455038e+01,2.455038e+01,2.444941e+01,2.450327e+01,2.445614e+01,2.447635e+01,2.453692e+01,2.451000e+01,2.439552e+01,2.450327e+01,2.444941e+01,2.439552e+01,2.442921e+01,2.448308e+01,2.424044e+01,2.447635e+01,2.448308e+01,2.442921e+01,2.448981e+01,2.428766e+01,2.442921e+01,2.446288e+01,2.453019e+01,2.449654e+01,2.453692e+01,2.436183e+01,2.457056e+01,2.446961e+01,2.463108e+01,2.440900e+01,2.461091e+01,2.457056e+01,2.454365e+01,2.444941e+01,2.453019e+01,2.451673e+01,2.455710e+01,2.451673e+01,2.480572e+01,2.456383e+01,2.453692e+01,2.455038e+01,2.451000e+01,2.451673e+01,2.455710e+01,2.448308e+01,2.465796e+01,2.467813e+01,2.461763e+01,2.457056e+01,2.463108e+01,2.467813e+01,2.468484e+01,2.466469e+01,2.463108e+01,2.463108e+01,2.467813e+01,2.468484e+01,2.470500e+01,2.474530e+01,2.467813e+01,2.471844e+01,2.471172e+01,2.478558e+01,2.479901e+01,2.469828e+01,2.479230e+01,2.480572e+01,2.471172e+01,2.469156e+01,2.472515e+01,2.467141e+01,2.485269e+01,2.485940e+01,2.481914e+01,2.463780e+01,2.476544e+01,2.473187e+01,2.478558e+01,2.477216e+01,2.469828e+01,2.466469e+01,2.475873e+01,2.480572e+01,2.484598e+01,2.475201e+01,2.457056e+01,2.461091e+01,2.476544e+01,2.493316e+01,2.471844e+01,2.481914e+01,2.472515e+01,2.469156e+01,2.482585e+01,2.467813e+01,2.479230e+01,2.481243e+01,2.480572e+01,2.468484e+01,2.462436e+01,2.481243e+01,2.481243e+01,2.471172e+01,2.479901e+01,2.475873e+01,2.472515e+01,2.487281e+01,2.490634e+01,2.486610e+01,2.477216e+01,2.477216e+01,2.474530e+01,2.479230e+01,2.481243e+01,2.457056e+01,2.477887e+01,2.460419e+01,2.460419e+01,2.467813e+01,2.465796e+01,2.471172e+01,2.472515e+01,2.469156e+01,2.475873e+01,2.473187e+01,2.461091e+01,2.471844e+01,2.475873e+01,2.463780e+01,2.467813e+01,2.465796e+01,2.457728e+01,2.469828e+01,2.467813e+01,2.469828e+01,2.471172e+01,2.467141e+01,2.455038e+01,2.467141e+01,2.468484e+01,2.471844e+01,2.457728e+01,2.457728e+01,2.455710e+01,2.456383e+01,2.449654e+01,2.454365e+01,2.447635e+01,2.455038e+01,2.451000e+01,2.459073e+01,2.461091e+01,2.459746e+01,2.450327e+01,2.455038e+01,2.446961e+01,2.458401e+01,2.448308e+01,2.452346e+01,2.441573e+01,2.470500e+01,2.453692e+01,2.465124e+01,2.473187e+01,2.483927e+01,2.499347e+01,2.514744e+01,2.493316e+01,2.495997e+01,2.548138e+01,2.619248e+01,2.652314e+01,2.672763e+01,2.690542e+01,2.694489e+01,2.720763e+01,2.703692e+01,2.740427e+01,2.724699e+01,2.743701e+01,2.746319e+01,2.733876e+01,2.759401e+01,2.762669e+01,2.756786e+01,2.770508e+01,2.766589e+01,2.765282e+01,2.765936e+01,2.788777e+01,2.762015e+01,2.765282e+01,2.754824e+01,2.752208e+01,2.789429e+01,2.778341e+01,2.787473e+01,2.773772e+01,2.780951e+01,2.777036e+01,2.773772e+01,2.773772e+01,2.774425e+01,2.754824e+01,2.730600e+01,2.753516e+01,2.781603e+01,2.771161e+01,2.764629e+01,2.782908e+01,2.790732e+01,2.781603e+01,2.769202e+01,2.765282e+01,2.726666e+01,2.720107e+01,2.714857e+01,2.726666e+01,2.726666e+01,2.712888e+01,2.712888e+01,2.717483e+01,2.718139e+01,2.722075e+01,2.714857e+01,2.714201e+01,2.685936e+01,2.678034e+01,2.672104e+01,2.705006e+01,2.740427e+01,2.768549e+01,2.797248e+01,2.797248e+01,2.816122e+01,2.820023e+01,2.822622e+01,2.822622e+01,2.824572e+01,2.829768e+01,2.833664e+01,2.835612e+01,2.841452e+01,2.843398e+01,2.837559e+01,2.836910e+01,2.821972e+01,2.818723e+01,2.805062e+01,2.792687e+01,2.773120e+01,2.762015e+01,2.732566e+01,2.705663e+01,2.636456e+01,2.578103e+01,2.529451e+01,2.515413e+01,2.522100e+01,2.566127e+01,2.633149e+01,2.649012e+01,2.643727e+01,2.625208e+01,2.604004e+01,2.555471e+01,2.523437e+01,2.469828e+01,2.465796e+01,2.455038e+01,2.454365e+01,2.457728e+01,2.465796e+01,2.461091e+01,2.459746e+01,2.462436e+01,2.459073e+01,2.465124e+01,2.463780e+01,2.457728e+01,2.455038e+01,2.463108e+01,2.456383e+01,2.462436e+01,2.463108e+01,2.485269e+01,2.478558e+01,2.468484e+01,2.466469e+01,2.470500e+01,2.472515e+01,2.461763e+01,2.461763e+01,2.469156e+01,2.463780e+01,2.479230e+01,2.471172e+01,2.477216e+01,2.471844e+01,2.474530e+01,2.475873e+01,2.471844e+01,2.485269e+01,2.475201e+01,2.504705e+01,2.483256e+01,2.481243e+01,2.488622e+01,2.489293e+01,2.481914e+01,2.480572e+01,2.486610e+01,2.482585e+01,2.484598e+01,2.492645e+01,2.495326e+01,2.496667e+01,2.481243e+01,2.496667e+01,2.481243e+01,2.488622e+01,2.489964e+01,2.495326e+01,2.495997e+01,2.489964e+01,2.484598e+01,2.483256e+01,2.479230e+01,2.487952e+01,2.492645e+01,2.476544e+01,2.485269e+01,2.483927e+01,2.488622e+01,2.477216e+01,2.487281e+01,2.482585e+01,2.479901e+01,2.483256e+01,2.481243e+01,2.485940e+01,2.490634e+01,2.483927e+01,2.478558e+01,2.493316e+01,2.483927e+01,2.479230e+01,2.497337e+01,2.474530e+01,2.496667e+01,2.478558e+01,2.481243e+01,2.474530e+01,2.480572e+01,2.481914e+01,2.485940e+01,2.485269e+01,2.493316e+01,2.489293e+01,2.473858e+01,2.490634e+01,2.487952e+01,2.489964e+01,2.487952e+01,2.493986e+01,2.488622e+01,2.493986e+01,2.498007e+01,2.500017e+01,2.483256e+01,2.510730e+01,2.498007e+01,2.517419e+01,2.538131e+01,2.558802e+01,2.573447e+01,2.554804e+01,2.541468e+01,2.523437e+01,2.487952e+01,2.468484e+01,2.465124e+01,2.461091e+01,2.446961e+01,2.465124e+01,2.469156e+01,2.469156e+01,2.481914e+01,2.479901e+01,2.470500e+01,2.475873e+01,2.464452e+01,2.478558e+01,2.500017e+01,2.509391e+01,2.530787e+01,2.518757e+01,2.540801e+01,2.524105e+01,2.543469e+01,2.532122e+01,2.540133e+01,2.533458e+01,2.511399e+01,2.501357e+01,2.514075e+01,2.492645e+01,2.483256e+01,2.480572e+01,2.446961e+01,2.449654e+01,2.445614e+01,2.442921e+01,2.428766e+01,2.455038e+01,2.457728e+01,2.469828e+01,2.477887e+01,2.481914e+01,2.483256e+01,2.466469e+01,2.456383e+01,2.489964e+01,2.491305e+01,2.501357e+01,2.510060e+01,2.507383e+01,2.495997e+01,2.482585e+01,2.495326e+01,2.442247e+01,2.444268e+01,2.427417e+01,2.432138e+01,2.433487e+01,2.434161e+01,2.462436e+01,2.477216e+01,2.494656e+01,2.490634e+01,2.516082e+01,2.530787e+01,2.526778e+01,2.528115e+01,2.524105e+01,2.497337e+01,2.469828e+01,2.468484e+01,2.457056e+01,2.440226e+01,2.467813e+01,2.461091e+01,2.450327e+01,2.471844e+01,2.501357e+01,2.511399e+01,2.515413e+01,2.539466e+01,2.542802e+01,2.567459e+01,2.568124e+01,2.578768e+01,2.590729e+01,2.600686e+01,2.596041e+01,2.611960e+01,2.602013e+01,2.633810e+01,2.621235e+01,2.629179e+01,2.633149e+01,2.631164e+01,2.630502e+01,2.629179e+01,2.610634e+01,2.612623e+01,2.602013e+01,2.587408e+01,2.584750e+01,2.598032e+01,2.590729e+01,2.601350e+01,2.593385e+01,2.606656e+01,2.611297e+01,2.612623e+01,2.622560e+01,2.632487e+01,2.617261e+01,2.605330e+01,2.595377e+01,2.599359e+01,2.572117e+01,2.579433e+01,2.558136e+01,2.556804e+01,2.551472e+01,2.550805e+01,2.546805e+01,2.542135e+01,2.495997e+01,2.495997e+01,2.468484e+01,2.481243e+01,2.471844e+01,2.461763e+01,2.451000e+01,2.438205e+01,2.427417e+01,2.413917e+01,2.416619e+01,2.425393e+01,2.407837e+01,2.405133e+01,2.396341e+01,2.395664e+01,2.397018e+01,2.396341e+01,2.394311e+01,2.388896e+01,2.390250e+01,2.371956e+01,2.373990e+01,2.371956e+01,2.376024e+01,2.361778e+01,2.380768e+01,2.376702e+01,2.375346e+01,2.385510e+01,2.391604e+01,2.384833e+01,2.391604e+01,2.424719e+01,2.428092e+01,2.430790e+01,2.467141e+01,2.468484e+01,2.474530e+01,2.484598e+01,2.488622e+01,2.487952e+01,2.490634e+01,2.500687e+01,2.484598e+01,2.502696e+01,2.510060e+01,2.498007e+01,2.502696e+01,2.475201e+01,2.457728e+01,2.469828e+01,2.463780e+01,2.461763e+01,2.457056e+01,2.485940e+01,2.485269e+01,2.488622e+01,2.495997e+01,2.482585e+01,2.468484e+01,2.399723e+01,2.396341e+01,2.378735e+01,2.381446e+01,2.360420e+01,2.384155e+01,2.363136e+01,2.360420e+01,2.357025e+01,2.361778e+01,2.349552e+01,2.348192e+01,2.350231e+01,2.331866e+01,2.344113e+01,2.348192e+01,2.345473e+01,2.345473e+01,2.342753e+01,2.347513e+01,2.338672e+01,2.348192e+01,2.344793e+01,2.355667e+01,2.348872e+01,2.350911e+01,2.342073e+01,2.345473e+01,2.347513e+01,2.342073e+01,2.350231e+01,2.340032e+01,2.323693e+01,2.349552e+01,2.333228e+01,2.329142e+01,2.344113e+01,2.344113e+01,2.346833e+01,2.351590e+01,2.351590e+01,2.348872e+01,2.354308e+01,2.333908e+01,2.345473e+01,2.346153e+01,2.347513e+01,2.350231e+01,2.345473e+01,2.342073e+01,2.342073e+01,2.340032e+01,2.339352e+01,2.337311e+01,2.342753e+01,2.339352e+01,2.332547e+01,2.346153e+01,2.346833e+01,2.339352e+01,2.340032e+01,2.341393e+01,2.365172e+01,2.365172e+01,2.340713e+01,2.359062e+01,2.327099e+01,2.340713e+01,2.334589e+01,2.323693e+01
2.457728e+01,2.458401e+01,2.467141e+01,2.468484e+01,2.452346e+01,2.455710e+01,2.437531e+01,2.455038e+01,2.459073e+01,2.440900e+01,2.444941e+01,2.454365e+01,2.448308e+01,2.453692e+01,2.453019e+01,2.433487e+01,2.446288e+01,2.438878e+01,2.447635e+01,2.446961e+01,2.445614e+01,2.440226e+01,2.446288e+01,2.448981e+01,2.448981e+01,2.448981e+01,2.446288e+01,2.444941e+01,2.450327e+01,2.452346e+01,2.453692e+01,2.454365e+01,2.453019e+01,2.448981e+01,2.460419e+01,2.457056e+01,2.453692e+01,2.457056e+01,2.449654e+01,2.453692e+01,2.457728e+01,2.457728e+01,2.454365e+01,2.455038e+01,2.464452e+01,2.448308e+01,2.458401e+01,2.455038e+01,2.451000e+01,2.461763e+01,2.448981e+01,2.459746e+01,2.462436e+01,2.461091e+01,2.461763e+01,2.459746e+01,2.464452e+01,2.459746e+01,2.463780e+01,2.463108e+01,2.466469e+01,2.474530e+01,2.481243e+01,2.469156e+01,2.465796e+01,2.465796e+01,2.469156e+01,2.475873e+01,2.481243e+01,2.486610e+01,2.473858e+01,2.454365e+01,2.483927e+01,2.486610e+01,2.473858e+01,2.479901e+01,2.488622e+01,2.473187e+01,2.481243e+01,2.481914e+01,2.461091e+01,2.481914e+01,2.485269e+01,2.480572e+01,2.479901e+01,2.479901e+01,2.477216e+01,2.476544e+01,2.475201e+01,2.474530e+01,2.477216e+01,2.472515e+01,2.478558e+01,2.479901e+01,2.470500e+01,2.477887e+01,2.484598e+01,2.482585e+01,2.470500e+01,2.475201e+01,2.481914e+01,2.479230e+01,2.481243e+01,2.477887e+01,2.480572e+01,2.465796e+01,2.471172e+01,2.484598e+01,2.471172e+01,2.491305e+01,2.480572e+01,2.491305e+01,2.483927e+01,2.484598e+01,2.473187e+01,2.484598e+01,2.484598e+01,2.486610e+01,2.480572e+01,2.483927e+01,2.476544e+01,2.468484e+01,2.479901e+01,2.471844e+01,2.481243e+01,2.475201e+01,2.480572e+01,2.469156e+01,2.471172e+01,2.479901e+01,2.469828e+01,2.473858e+01,2.475201e+01,2.467813e+01,2.472515e+01,2.472515e+01,2.486610e+01,2.467141e+01,2.471844e+01,2.474530e+01,2.462436e+01,2.467141e+01,2.473858e+01,2.454365e+01,2.472515e+01,2.463780e+01,2.461763e+01,2.474530e+01,2.465124e+01,2.463780e+01,2.463108e+01,2.470500e+01,2.474530e+01,2.452346e+01,2.447635e+01,2.474530e+01,2.454365e+01,2.453019e+01,2.453019e+01,2.446961e+01,2.455710e+01,2.446961e+01,2.455710e+01,2.453692e+01,2.456383e+01,2.461091e+01,2.447635e+01,2.461763e+01,2.469828e+01,2.469828e+01,2.446961e+01,2.468484e+01,2.473187e+01,2.486610e+01,2.493316e+01,2.502696e+01,2.493986e+01,2.486610e+01,2.544137e+01,2.587408e+01,2.638439e+01,2.660895e+01,2.662874e+01,2.685277e+01,2.687910e+01,2.702378e+01,2.703035e+01,2.707634e+01,2.722075e+01,2.719451e+01,2.726666e+01,2.721420e+01,2.725355e+01,2.722075e+01,2.715514e+01,2.737807e+01,2.731911e+01,2.733221e+01,2.737807e+01,2.746974e+01,2.746974e+01,2.748282e+01,2.748282e+01,2.748282e+01,2.772467e+01,2.735187e+01,2.744355e+01,2.751554e+01,2.746974e+01,2.746974e+01,2.740427e+01,2.722075e+01,2.724699e+01,2.726666e+01,2.720107e+01,2.730600e+01,2.731911e+01,2.733221e+01,2.751554e+01,2.737807e+01,2.727978e+01,2.726666e+01,2.697777e+01,2.659575e+01,2.642405e+01,2.657595e+01,2.659575e+01,2.645049e+01,2.664193e+01,2.664193e+01,2.664193e+01,2.677376e+01,2.679352e+01,2.648352e+01,2.619911e+01,2.606656e+01,2.627855e+01,2.628517e+01,2.658255e+01,2.699092e+01,2.764629e+01,2.783560e+01,2.773120e+01,2.797248e+01,2.801807e+01,2.802458e+01,2.807665e+01,2.799853e+01,2.827820e+01,2.817422e+01,2.807665e+01,2.823922e+01,2.811569e+01,2.818072e+01,2.801807e+01,2.799202e+01,2.816772e+01,2.793339e+01,2.778341e+01,2.763976e+01,2.729944e+01,2.687252e+01,2.627855e+01,2.564130e+01,2.505375e+01,2.502696e+01,2.530787e+01,2.574113e+01,2.632487e+01,2.648352e+01,2.648352e+01,2.642405e+01,2.604004e+01,2.550805e+01,2.522768e+01,2.481914e+01,2.481914e+01,2.475201e+01,2.461091e+01,2.467141e+01,2.467141e+01,2.465124e+01,2.465124e+01,2.465124e+01,2.465796e+01,2.453692e+01,2.467813e+01,2.459073e+01,2.473187e+01,2.463108e+01,2.448308e+01,2.464452e+01,2.477887e+01,2.468484e+01,2.469828e+01,2.484598e+01,2.487281e+01,2.465796e+01,2.463780e+01,2.475201e+01,2.471844e+01,2.468484e+01,2.483927e+01,2.479230e+01,2.483927e+01,2.477887e+01,2.487281e+01,2.489964e+01,2.491305e+01,2.494656e+01,2.503366e+01,2.488622e+01,2.491975e+01,2.508722e+01,2.498677e+01,2.506044e+01,2.514075e+01,2.491305e+01,2.502696e+01,2.502696e+01,2.508052e+01,2.516751e+01,2.505375e+01,2.508052e+01,2.491305e+01,2.504035e+01,2.497337e+01,2.496667e+01,2.495997e+01,2.504705e+01,2.510730e+01,2.500687e+01,2.505375e+01,2.494656e+01,2.502696e+01,2.487281e+01,2.501357e+01,2.502026e+01,2.491975e+01,2.498007e+01,2.479901e+01,2.494656e+01,2.481914e+01,2.487281e+01,2.488622e+01,2.487281e+01,2.482585e+01,2.483927e+01,2.480572e+01,2.502696e+01,2.506044e+01,2.478558e+01,2.502026e+01,2.493986e+01,2.489964e+01,2.476544e+01,2.473187e+01,2.500017e+01,2.499347e+01,2.502696e+01,2.497337e+01,2.469828e+01,2.489293e+01,2.505375e+01,2.500687e+01,2.503366e+01,2.502696e+01,2.496667e+01,2.500687e+01,2.498007e+01,2.509391e+01,2.491975e+01,2.487952e+01,2.502696e+01,2.498007e+01,2.499347e+01,2.485269e+01,2.498007e+01,2.504035e+01,2.510730e+01,2.541468e+01,2.540133e+01,2.568124e+01,2.566793e+01,2.574778e+01,2.567459e+01,2.540801e+01,2.527446e+01,2.506044e+01,2.475201e+01,2.447635e+01,2.475873e+01,2.451000e+01,2.467141e+01,2.462436e+01,2.476544e+01,2.497337e+01,2.487281e+01,2.464452e+01,2.457056e+01,2.459746e+01,2.465124e+01,2.485940e+01,2.518757e+01,2.542135e+01,2.543469e+01,2.549472e+01,2.550139e+01,2.554138e+01,2.548138e+01,2.554804e+01,2.534793e+01,2.536796e+01,2.526110e+01,2.511399e+01,2.510060e+01,2.486610e+01,2.477216e+01,2.457056e+01,2.448981e+01,2.460419e+01,2.453019e+01,2.444268e+01,2.451673e+01,2.475873e+01,2.481243e+01,2.504035e+01,2.508052e+01,2.536129e+01,2.512068e+01,2.488622e+01,2.495997e+01,2.512737e+01,2.531454e+01,2.518757e+01,2.531454e+01,2.505375e+01,2.485269e+01,2.478558e+01,2.451000e+01,2.447635e+01,2.424719e+01,2.434161e+01,2.446288e+01,2.448981e+01,2.458401e+01,2.473858e+01,2.489964e+01,2.506044e+01,2.529451e+01,2.530119e+01,2.534126e+01,2.538799e+01,2.523437e+01,2.521431e+01,2.489293e+01,2.471172e+01,2.461091e+01,2.471844e+01,2.459746e+01,2.444941e+01,2.444268e+01,2.468484e+01,2.490634e+01,2.508722e+01,2.535461e+01,2.541468e+01,2.554138e+01,2.586743e+01,2.568124e+01,2.574778e+01,2.584085e+01,2.604667e+01,2.617261e+01,2.612623e+01,2.614611e+01,2.615274e+01,2.641744e+01,2.639100e+01,2.636456e+01,2.636456e+01,2.627855e+01,2.641084e+01,2.639100e+01,2.595377e+01,2.612623e+01,2.589401e+01,2.592057e+01,2.594713e+01,2.589401e+01,2.594713e+01,2.607982e+01,2.607982e+01,2.616599e+01,2.615274e+01,2.619248e+01,2.626532e+01,2.617261e+01,2.602677e+01,2.601350e+01,2.598696e+01,2.577438e+01,2.573447e+01,2.566793e+01,2.556804e+01,2.560134e+01,2.550805e+01,2.560134e+01,2.545471e+01,2.546138e+01,2.521431e+01,2.504705e+01,2.500017e+01,2.469156e+01,2.461091e+01,2.454365e+01,2.440226e+01,2.442247e+01,2.441573e+01,2.426743e+01,2.430790e+01,2.417294e+01,2.404457e+01,2.403781e+01,2.401752e+01,2.399723e+01,2.399723e+01,2.407161e+01,2.394311e+01,2.395664e+01,2.406485e+01,2.377380e+01,2.384833e+01,2.393634e+01,2.377380e+01,2.378057e+01,2.386865e+01,2.382123e+01,2.397018e+01,2.388219e+01,2.412566e+01,2.413242e+01,2.424719e+01,2.441573e+01,2.444941e+01,2.470500e+01,2.469828e+01,2.479230e+01,2.500017e+01,2.492645e+01,2.485940e+01,2.502696e+01,2.505375e+01,2.504035e+01,2.499347e+01,2.508722e+01,2.508052e+01,2.498677e+01,2.489293e+01,2.471844e+01,2.481914e+01,2.459746e+01,2.457056e+01,2.455710e+01,2.481243e+01,2.478558e+01,2.489293e+01,2.491305e+01,2.500017e+01,2.487952e+01,2.455038e+01,2.412566e+01,2.392958e+01,2.386187e+01,2.383478e+01,2.374668e+01,2.365850e+01,2.365850e+01,2.370599e+01,2.363814e+01,2.355667e+01,2.348872e+01,2.360420e+01,2.359062e+01,2.354308e+01,2.350911e+01,2.353629e+01,2.359062e+01,2.346833e+01,2.361099e+01,2.341393e+01,2.345473e+01,2.357704e+01,2.345473e+01,2.361099e+01,2.346153e+01,2.354987e+01,2.344793e+01,2.346153e+01,2.361099e+01,2.352270e+01,2.344113e+01,2.352270e+01,2.352949e+01,2.357025e+01,2.331185e+01,2.356346e+01,2.344113e+01,2.346153e+01,2.350231e+01,2.344113e+01,2.352949e+01,2.354987e+01,2.353629e+01,2.340713e+01,2.358383e+01,2.344793e+01,2.339352e+01,2.346153e+01,2.342073e+01,2.346153e+01,2.351590e+01,2.337991e+01,2.343433e+01,2.340713e+01,2.363136e+01,2.337991e+01,2.338672e+01,2.355667e+01,2.351590e+01,2.348192e+01,2.348872e+01,2.369242e+01,2.343433e+01,2.340713e+01,2.341393e+01,2.348872e+01,2.354987e+01,2.350231e+01,2.348872e+01
2.467813e+01,2.458401e+01,2.455038e+01,2.453692e+01,2.455710e+01,2.463780e+01,2.458401e+01,2.456383e+01,2.462436e+01,2.460419e+01,2.453019e+01,2.455038e+01,2.449654e+01,2.453019e+01,2.450327e+01,2.452346e+01,2.442247e+01,2.456383e+01,2.440900e+01,2.445614e+01,2.445614e+01,2.442921e+01,2.442921e+01,2.457056e+01,2.438205e+01,2.454365e+01,2.442247e+01,2.444941e+01,2.443594e+01,2.453019e+01,2.440226e+01,2.452346e+01,2.454365e+01,2.454365e+01,2.446961e+01,2.461763e+01,2.444268e+01,2.446288e+01,2.458401e+01,2.451000e+01,2.453019e+01,2.455038e+01,2.464452e+01,2.475873e+01,2.453692e+01,2.454365e+01,2.457728e+01,2.459746e+01,2.452346e+01,2.451673e+01,2.461763e+01,2.461763e+01,2.464452e+01,2.452346e+01,2.464452e+01,2.459746e+01,2.475201e+01,2.450327e+01,2.468484e+01,2.463108e+01,2.461091e+01,2.465796e+01,2.461763e+01,2.471172e+01,2.471172e+01,2.473187e+01,2.466469e+01,2.469828e+01,2.472515e+01,2.473187e+01,2.463108e+01,2.473187e+01,2.475873e+01,2.473187e+01,2.470500e+01,2.473858e+01,2.474530e+01,2.478558e+01,2.484598e+01,2.486610e+01,2.470500e+01,2.477887e+01,2.475201e+01,2.471844e+01,2.482585e+01,2.471844e+01,2.465796e+01,2.476544e+01,2.472515e+01,2.492645e+01,2.476544e+01,2.471172e+01,2.474530e+01,2.461763e+01,2.475873e+01,2.499347e+01,2.474530e+01,2.475873e+01,2.481243e+01,2.484598e+01,2.482585e+01,2.476544e+01,2.484598e+01,2.480572e+01,2.485940e+01,2.484598e+01,2.483927e+01,2.471844e+01,2.480572e+01,2.479230e+01,2.479230e+01,2.477216e+01,2.485269e+01,2.475201e+01,2.488622e+01,2.490634e+01,2.473187e+01,2.471844e+01,2.476544e+01,2.475873e+01,2.490634e+01,2.488622e+01,2.473858e+01,2.473858e+01,2.460419e+01,2.486610e+01,2.479230e+01,2.472515e+01,2.479901e+01,2.477216e+01,2.465796e+01,2.470500e+01,2.471172e+01,2.464452e+01,2.471844e+01,2.462436e+01,2.467141e+01,2.466469e+01,2.470500e+01,2.469828e+01,2.475873e+01,2.480572e+01,2.467813e+01,2.465796e+01,2.469828e+01,2.471172e+01,2.463780e+01,2.466469e+01,2.468484e+01,2.466469e+01,2.459746e+01,2.461763e+01,2.472515e+01,2.474530e+01,2.471844e+01,2.470500e+01,2.451000e+01,2.453692e+01,2.447635e+01,2.452346e+01,2.467141e+01,2.446288e+01,2.465124e+01,2.455710e+01,2.450327e+01,2.443594e+01,2.447635e+01,2.467141e+01,2.454365e+01,2.451673e+01,2.449654e+01,2.448981e+01,2.464452e+01,2.471172e+01,2.483927e+01,2.492645e+01,2.465124e+01,2.462436e+01,2.535461e+01,2.562132e+01,2.609971e+01,2.625870e+01,2.643066e+01,2.646370e+01,2.652975e+01,2.654295e+01,2.656275e+01,2.657595e+01,2.670786e+01,2.675399e+01,2.670786e+01,2.671445e+01,2.687252e+01,2.692516e+01,2.693173e+01,2.702378e+01,2.699749e+01,2.682644e+01,2.705006e+01,2.702378e+01,2.706977e+01,2.706977e+01,2.711575e+01,2.722075e+01,2.745010e+01,2.713544e+01,2.705663e+01,2.714857e+01,2.718139e+01,2.702378e+01,2.702378e+01,2.701721e+01,2.692516e+01,2.699749e+01,2.676717e+01,2.681986e+01,2.658915e+01,2.674081e+01,2.678693e+01,2.676058e+01,2.668809e+01,2.661554e+01,2.615274e+01,2.600023e+01,2.598696e+01,2.594049e+01,2.605993e+01,2.609309e+01,2.611960e+01,2.613948e+01,2.621235e+01,2.595377e+01,2.617261e+01,2.596041e+01,2.578768e+01,2.577438e+01,2.580762e+01,2.599359e+01,2.630502e+01,2.658915e+01,2.717483e+01,2.722731e+01,2.746319e+01,2.771161e+01,2.766589e+01,2.781603e+01,2.774425e+01,2.799853e+01,2.780951e+01,2.799853e+01,2.795294e+01,2.778341e+01,2.795294e+01,2.778994e+01,2.780951e+01,2.793991e+01,2.773772e+01,2.775731e+01,2.733876e+01,2.721420e+01,2.682644e+01,2.589401e+01,2.554804e+01,2.487952e+01,2.491305e+01,2.516751e+01,2.574778e+01,2.631164e+01,2.647691e+01,2.647031e+01,2.631164e+01,2.602013e+01,2.563464e+01,2.524105e+01,2.516082e+01,2.491975e+01,2.495326e+01,2.487952e+01,2.487952e+01,2.483256e+01,2.460419e+01,2.469828e+01,2.467141e+01,2.458401e+01,2.472515e+01,2.465796e+01,2.459073e+01,2.454365e+01,2.453692e+01,2.479901e+01,2.473858e+01,2.465124e+01,2.466469e+01,2.483256e+01,2.479230e+01,2.485269e+01,2.477216e+01,2.483256e+01,2.491305e+01,2.495997e+01,2.475873e+01,2.487952e+01,2.493986e+01,2.486610e+01,2.512068e+01,2.492645e+01,2.512737e+01,2.510060e+01,2.510060e+01,2.502026e+01,2.520763e+01,2.508052e+01,2.507383e+01,2.508052e+01,2.528782e+01,2.512737e+01,2.538799e+01,2.522768e+01,2.542802e+01,2.544137e+01,2.536796e+01,2.536796e+01,2.536129e+01,2.545471e+01,2.532122e+01,2.526110e+01,2.527446e+01,2.512737e+01,2.535461e+01,2.529451e+01,2.519426e+01,2.524773e+01,2.510730e+01,2.515413e+01,2.504705e+01,2.499347e+01,2.497337e+01,2.502696e+01,2.503366e+01,2.505375e+01,2.496667e+01,2.477216e+01,2.505375e+01,2.503366e+01,2.508722e+01,2.508722e+01,2.507383e+01,2.483256e+01,2.485269e+01,2.487952e+01,2.495326e+01,2.489293e+01,2.486610e+01,2.495997e+01,2.496667e+01,2.498007e+01,2.490634e+01,2.489293e+01,2.501357e+01,2.492645e+01,2.495326e+01,2.500687e+01,2.504705e+01,2.500687e+01,2.489964e+01,2.500687e+01,2.503366e+01,2.503366e+01,2.505375e+01,2.507383e+01,2.512068e+01,2.489293e+01,2.489293e+01,2.507383e+01,2.510730e+01,2.512737e+01,2.493316e+01,2.505375e+01,2.497337e+01,2.514075e+01,2.516082e+01,2.524105e+01,2.562798e+01,2.578768e+01,2.574778e+01,2.568124e+01,2.546138e+01,2.534126e+01,2.505375e+01,2.481243e+01,2.465124e+01,2.463780e+01,2.461763e+01,2.484598e+01,2.481914e+01,2.497337e+01,2.512737e+01,2.500687e+01,2.489964e+01,2.477216e+01,2.461763e+01,2.470500e+01,2.486610e+01,2.508722e+01,2.522768e+01,2.538131e+01,2.554138e+01,2.554804e+01,2.556804e+01,2.554138e+01,2.562798e+01,2.566127e+01,2.543469e+01,2.542135e+01,2.522100e+01,2.520763e+01,2.484598e+01,2.491975e+01,2.469156e+01,2.454365e+01,2.454365e+01,2.453019e+01,2.457056e+01,2.455710e+01,2.475873e+01,2.491305e+01,2.514744e+01,2.527446e+01,2.536129e+01,2.538131e+01,2.537464e+01,2.530787e+01,2.570786e+01,2.547471e+01,2.542802e+01,2.534126e+01,2.528782e+01,2.485940e+01,2.465124e+01,2.448981e+01,2.437531e+01,2.439552e+01,2.424719e+01,2.427417e+01,2.448981e+01,2.478558e+01,2.487281e+01,2.503366e+01,2.509391e+01,2.514075e+01,2.542135e+01,2.548138e+01,2.553472e+01,2.525442e+01,2.533458e+01,2.496667e+01,2.476544e+01,2.458401e+01,2.439552e+01,2.442247e+01,2.446288e+01,2.463108e+01,2.479901e+01,2.493986e+01,2.523437e+01,2.527446e+01,2.534793e+01,2.558136e+01,2.550805e+01,2.566793e+01,2.569455e+01,2.571451e+01,2.576108e+01,2.594713e+01,2.615274e+01,2.631164e+01,2.639761e+01,2.641084e+01,2.633810e+01,2.639761e+01,2.635794e+01,2.629179e+01,2.627194e+01,2.619248e+01,2.610634e+01,2.605993e+01,2.605330e+01,2.599359e+01,2.600023e+01,2.603340e+01,2.604004e+01,2.600686e+01,2.593385e+01,2.618586e+01,2.616599e+01,2.615936e+01,2.621235e+01,2.610634e+01,2.581427e+01,2.578103e+01,2.582756e+01,2.569455e+01,2.572782e+01,2.574113e+01,2.557470e+01,2.565462e+01,2.563464e+01,2.565462e+01,2.563464e+01,2.560800e+01,2.554804e+01,2.538131e+01,2.510060e+01,2.483927e+01,2.494656e+01,2.487281e+01,2.461763e+01,2.459073e+01,2.442921e+01,2.429441e+01,2.431464e+01,2.422019e+01,2.425393e+01,2.428766e+01,2.423369e+01,2.395664e+01,2.407161e+01,2.402428e+01,2.391604e+01,2.377380e+01,2.392281e+01,2.379413e+01,2.403781e+01,2.388219e+01,2.381446e+01,2.397018e+01,2.390250e+01,2.394988e+01,2.404457e+01,2.394988e+01,2.395664e+01,2.411215e+01,2.394311e+01,2.430790e+01,2.445614e+01,2.470500e+01,2.488622e+01,2.483927e+01,2.507383e+01,2.502696e+01,2.508722e+01,2.520763e+01,2.506044e+01,2.507383e+01,2.486610e+01,2.505375e+01,2.504705e+01,2.515413e+01,2.489293e+01,2.471172e+01,2.459073e+01,2.461763e+01,2.432138e+01,2.454365e+01,2.457728e+01,2.475873e+01,2.455038e+01,2.487952e+01,2.483927e+01,2.479901e+01,2.484598e+01,2.457056e+01,2.398371e+01,2.393634e+01,2.386865e+01,2.371277e+01,2.370599e+01,2.359741e+01,2.364493e+01,2.372634e+01,2.357704e+01,2.367207e+01,2.361099e+01,2.350911e+01,2.355667e+01,2.354987e+01,2.358383e+01,2.349552e+01,2.359741e+01,2.346153e+01,2.361099e+01,2.347513e+01,2.346833e+01,2.354308e+01,2.351590e+01,2.346153e+01,2.341393e+01,2.340713e+01,2.358383e+01,2.340032e+01,2.350911e+01,2.337311e+01,2.340713e+01,2.336630e+01,2.356346e+01,2.350911e+01,2.339352e+01,2.340713e+01,2.339352e+01,2.354987e+01,2.354987e+01,2.340713e+01,2.338672e+01,2.352949e+01,2.348872e+01,2.345473e+01,2.340713e+01,2.341393e+01,2.343433e+01,2.344113e+01,2.336630e+01,2.348192e+01,2.348872e+01,2.338672e+01,2.337991e+01,2.342073e+01,2.361778e+01,2.358383e+01,2.344793e+01,2.359741e+01,2.365850e+01,2.346833e+01,2.372634e+01,2.357704e+01,2.360420e+01,2.337991e+01,2.344113e+01,2.323012e+01,2.331866e+01,2.344113e+01
2.460419e+01,2.437531e+01,2.466469e+01,2.452346e+01,2.435509e+01,2.462436e+01,2.461763e+01,2.436857e+01,2.461091e+01,2.453692e+01,2.436857e+01,2.450327e+01,2.449654e+01,2.457056e+01,2.444268e+01,2.426743e+01,2.427417e+01,2.449654e+01,2.432138e+01,2.444941e+01,2.457056e+01,2.445614e+01,2.440226e+01,2.457728e+01,2.440226e+01,2.449654e+01,2.445614e+01,2.443594e+01,2.427417e+01,2.456383e+01,2.442921e+01,2.446961e+01,2.444941e+01,2.449654e+01,2.453692e+01,2.450327e+01,2.440900e+01,2.444268e+01,2.452346e+01,2.446961e+01,2.448981e+01,2.457728e+01,2.440900e+01,2.441573e+01,2.454365e+01,2.454365e+01,2.448981e+01,2.453019e+01,2.452346e+01,2.461763e+01,2.455710e+01,2.459073e+01,2.458401e+01,2.458401e+01,2.476544e+01,2.463780e+01,2.475873e+01,2.457728e+01,2.465124e+01,2.466469e+01,2.465124e+01,2.467141e+01,2.462436e+01,2.467813e+01,2.468484e+01,2.471172e+01,2.469156e+01,2.477216e+01,2.476544e+01,2.473858e+01,2.475201e+01,2.460419e+01,2.471844e+01,2.471172e+01,2.467813e+01,2.479901e+01,2.471844e+01,2.474530e+01,2.478558e+01,2.477216e+01,2.478558e+01,2.487281e+01,2.473187e+01,2.477887e+01,2.475201e+01,2.475201e+01,2.478558e+01,2.475201e+01,2.481914e+01,2.469828e+01,2.473187e+01,2.472515e+01,2.476544e+01,2.473858e+01,2.476544e+01,2.479901e+01,2.475201e+01,2.477887e+01,2.477216e+01,2.475873e+01,2.468484e+01,2.470500e+01,2.480572e+01,2.475201e+01,2.489293e+01,2.467813e+01,2.468484e+01,2.472515e+01,2.481243e+01,2.479230e+01,2.477216e+01,2.479901e+01,2.473187e+01,2.473858e+01,2.474530e+01,2.469156e+01,2.448981e+01,2.473187e+01,2.481243e+01,2.479901e+01,2.477216e+01,2.475873e+01,2.472515e+01,2.471172e+01,2.478558e+01,2.485940e+01,2.485269e+01,2.462436e+01,2.481914e+01,2.479230e+01,2.471844e+01,2.449654e+01,2.473858e+01,2.471844e+01,2.470500e+01,2.471172e+01,2.464452e+01,2.461091e+01,2.465796e+01,2.474530e+01,2.477216e+01,2.485269e+01,2.469156e+01,2.466469e+01,2.472515e+01,2.469828e+01,2.466469e+01,2.456383e+01,2.464452e+01,2.459073e+01,2.458401e+01,2.457728e+01,2.455710e+01,2.471172e+01,2.452346e+01,2.456383e+01,2.472515e+01,2.469156e+01,2.449654e+01,2.444941e+01,2.455710e+01,2.448308e+01,2.454365e+01,2.446961e+01,2.445614e+01,2.452346e+01,2.447635e+01,2.439552e+01,2.448981e+01,2.444268e+01,2.450327e+01,2.448981e+01,2.470500e+01,2.459746e+01,2.468484e+01,2.457728e+01,2.455038e+01,2.449654e+01,2.491975e+01,2.558802e+01,2.582756e+01,2.600023e+01,2.600686e+01,2.623222e+01,2.607982e+01,2.605993e+01,2.607319e+01,2.622560e+01,2.633149e+01,2.628517e+01,2.629179e+01,2.637117e+01,2.642405e+01,2.642405e+01,2.647031e+01,2.649673e+01,2.650994e+01,2.652975e+01,2.654955e+01,2.654955e+01,2.669468e+01,2.654295e+01,2.653635e+01,2.676717e+01,2.676058e+01,2.674081e+01,2.670127e+01,2.669468e+01,2.662214e+01,2.667490e+01,2.651654e+01,2.647691e+01,2.647031e+01,2.645709e+01,2.641744e+01,2.611297e+01,2.582092e+01,2.582756e+01,2.560800e+01,2.605993e+01,2.613286e+01,2.577438e+01,2.554804e+01,2.560134e+01,2.589401e+01,2.569455e+01,2.603340e+01,2.610634e+01,2.609971e+01,2.598032e+01,2.611297e+01,2.593385e+01,2.576773e+01,2.576773e+01,2.576108e+01,2.546805e+01,2.568124e+01,2.588736e+01,2.598696e+01,2.631164e+01,2.657595e+01,2.681986e+01,2.703035e+01,2.730600e+01,2.747628e+01,2.753516e+01,2.729944e+01,2.755478e+01,2.753516e+01,2.752862e+01,2.754170e+01,2.754170e+01,2.756132e+01,2.758747e+01,2.756132e+01,2.733221e+01,2.724699e+01,2.724699e+01,2.716170e+01,2.680669e+01,2.614611e+01,2.533458e+01,2.520763e+01,2.472515e+01,2.498677e+01,2.573447e+01,2.604004e+01,2.631164e+01,2.631164e+01,2.629179e+01,2.602013e+01,2.568124e+01,2.539466e+01,2.530119e+01,2.518757e+01,2.514744e+01,2.514744e+01,2.512737e+01,2.487952e+01,2.485940e+01,2.473187e+01,2.471844e+01,2.465796e+01,2.458401e+01,2.459746e+01,2.454365e+01,2.468484e+01,2.469156e+01,2.455710e+01,2.463108e+01,2.463108e+01,2.462436e+01,2.484598e+01,2.482585e+01,2.483256e+01,2.482585e+01,2.481243e+01,2.485940e+01,2.489964e+01,2.493986e+01,2.495326e+01,2.500687e+01,2.491975e+01,2.501357e+01,2.506713e+01,2.514744e+01,2.522100e+01,2.516751e+01,2.524773e+01,2.523437e+01,2.526778e+01,2.537464e+01,2.541468e+01,2.540801e+01,2.540801e+01,2.540133e+01,2.565462e+01,2.568790e+01,2.563464e+01,2.566127e+01,2.572117e+01,2.565462e+01,2.549472e+01,2.552139e+01,2.538799e+01,2.531454e+01,2.540801e+01,2.523437e+01,2.528782e+01,2.536796e+01,2.530119e+01,2.524105e+01,2.534126e+01,2.537464e+01,2.525442e+01,2.524105e+01,2.508722e+01,2.502696e+01,2.512737e+01,2.506713e+01,2.518088e+01,2.502026e+01,2.518757e+01,2.494656e+01,2.506713e+01,2.510730e+01,2.506044e+01,2.504705e+01,2.501357e+01,2.506044e+01,2.500017e+01,2.504705e+01,2.495997e+01,2.501357e+01,2.526110e+01,2.506713e+01,2.514744e+01,2.500687e+01,2.502696e+01,2.507383e+01,2.502696e+01,2.504035e+01,2.506713e+01,2.503366e+01,2.500017e+01,2.508722e+01,2.505375e+01,2.519426e+01,2.514744e+01,2.506044e+01,2.517419e+01,2.511399e+01,2.522100e+01,2.511399e+01,2.516751e+01,2.506713e+01,2.515413e+01,2.513406e+01,2.516751e+01,2.516751e+01,2.526110e+01,2.525442e+01,2.577438e+01,2.588072e+01,2.583421e+01,2.574113e+01,2.568790e+01,2.546805e+01,2.510730e+01,2.489293e+01,2.477887e+01,2.479901e+01,2.485269e+01,2.487281e+01,2.500687e+01,2.506044e+01,2.511399e+01,2.509391e+01,2.489964e+01,2.477887e+01,2.455710e+01,2.442921e+01,2.492645e+01,2.519426e+01,2.520763e+01,2.537464e+01,2.555471e+01,2.566793e+01,2.584085e+01,2.582092e+01,2.580097e+01,2.560134e+01,2.556137e+01,2.542802e+01,2.523437e+01,2.524773e+01,2.508052e+01,2.482585e+01,2.455710e+01,2.473858e+01,2.472515e+01,2.472515e+01,2.477887e+01,2.503366e+01,2.510730e+01,2.509391e+01,2.528782e+01,2.554804e+01,2.545471e+01,2.564796e+01,2.571451e+01,2.573447e+01,2.582092e+01,2.582092e+01,2.568790e+01,2.551472e+01,2.525442e+01,2.489293e+01,2.473858e+01,2.457728e+01,2.469828e+01,2.459746e+01,2.446288e+01,2.447635e+01,2.451000e+01,2.463108e+01,2.477887e+01,2.507383e+01,2.502026e+01,2.532790e+01,2.544137e+01,2.548138e+01,2.557470e+01,2.552805e+01,2.520763e+01,2.510060e+01,2.477216e+01,2.444268e+01,2.441573e+01,2.438878e+01,2.448308e+01,2.471844e+01,2.486610e+01,2.506713e+01,2.523437e+01,2.536129e+01,2.534793e+01,2.541468e+01,2.528115e+01,2.540133e+01,2.556804e+01,2.558802e+01,2.598032e+01,2.608646e+01,2.613286e+01,2.616599e+01,2.619911e+01,2.630502e+01,2.628517e+01,2.625208e+01,2.628517e+01,2.619911e+01,2.627194e+01,2.608646e+01,2.615936e+01,2.597368e+01,2.594713e+01,2.586743e+01,2.602677e+01,2.591393e+01,2.599359e+01,2.599359e+01,2.602013e+01,2.593385e+01,2.597368e+01,2.598032e+01,2.591393e+01,2.590065e+01,2.589401e+01,2.574113e+01,2.568124e+01,2.560134e+01,2.565462e+01,2.572117e+01,2.573447e+01,2.572117e+01,2.577438e+01,2.556137e+01,2.562798e+01,2.560800e+01,2.560134e+01,2.553472e+01,2.539466e+01,2.535461e+01,2.512068e+01,2.490634e+01,2.469156e+01,2.483256e+01,2.466469e+01,2.439552e+01,2.442247e+01,2.436183e+01,2.438878e+01,2.426743e+01,2.426068e+01,2.425393e+01,2.424044e+01,2.411215e+01,2.413917e+01,2.399723e+01,2.383478e+01,2.390927e+01,2.389573e+01,2.389573e+01,2.392958e+01,2.363136e+01,2.386865e+01,2.371277e+01,2.394988e+01,2.374668e+01,2.403105e+01,2.386187e+01,2.419994e+01,2.427417e+01,2.448981e+01,2.466469e+01,2.488622e+01,2.478558e+01,2.485940e+01,2.501357e+01,2.488622e+01,2.509391e+01,2.491305e+01,2.491975e+01,2.500017e+01,2.506044e+01,2.500017e+01,2.506044e+01,2.502026e+01,2.461763e+01,2.451673e+01,2.448308e+01,2.457728e+01,2.420670e+01,2.436857e+01,2.439552e+01,2.453692e+01,2.478558e+01,2.481914e+01,2.495326e+01,2.475201e+01,2.478558e+01,2.424044e+01,2.396341e+01,2.369242e+01,2.374668e+01,2.377380e+01,2.352949e+01,2.351590e+01,2.356346e+01,2.356346e+01,2.370599e+01,2.363814e+01,2.353629e+01,2.334589e+01,2.361778e+01,2.361778e+01,2.346833e+01,2.339352e+01,2.360420e+01,2.357025e+01,2.342073e+01,2.361778e+01,2.334589e+01,2.359062e+01,2.352949e+01,2.336630e+01,2.352270e+01,2.346833e+01,2.342753e+01,2.337991e+01,2.341393e+01,2.346153e+01,2.340032e+01,2.348872e+01,2.339352e+01,2.342753e+01,2.340713e+01,2.350911e+01,2.336630e+01,2.342753e+01,2.342073e+01,2.348192e+01,2.344793e+01,2.346833e+01,2.337311e+01,2.335950e+01,2.352270e+01,2.341393e+01,2.344113e+01,2.328461e+01,2.340032e+01,2.320286e+01,2.346153e+01,2.337311e+01,2.331185e+01,2.347513e+01,2.335950e+01,2.354987e+01,2.347513e+01,2.362457e+01,2.394311e+01,2.365172e+01,2.361778e+01,2.360420e+01,2.340032e+01,2.336630e+01,2.339352e+01,2.347513e+01,2.342753e+01
2.459073e+01,2.457728e+01,2.459073e+01,2.456383e+01,2.455710e+01,2.457728e+01,2.439552e+01,2.459746e+01,2.457056e+01,2.447635e+01,2.446961e+01,2.442921e+01,2.451000e+01,2.449654e+01,2.451000e+01,2.444941e+01,2.446961e+01,2.444941e+01,2.446288e+01,2.440900e+01,2.442921e+01,2.438878e+01,2.442921e+01,2.432812e+01,2.440900e+01,2.451673e+01,2.457728e+01,2.440226e+01,2.443594e+01,2.442247e+01,2.438205e+01,2.444941e+01,2.454365e+01,2.443594e+01,2.451000e+01,2.456383e+01,2.442247e+01,2.451000e+01,2.448981e+01,2.445614e+01,2.460419e+01,2.443594e+01,2.457056e+01,2.453692e+01,2.449654e+01,2.453692e+01,2.433487e+01,2.444268e+01,2.455710e+01,2.458401e+01,2.451673e+01,2.465124e+01,2.458401e+01,2.453692e+01,2.460419e+01,2.460419e+01,2.459073e+01,2.470500e+01,2.461763e+01,2.462436e+01,2.466469e+01,2.461763e+01,2.466469e+01,2.466469e+01,2.476544e+01,2.461091e+01,2.455038e+01,2.465124e+01,2.463108e+01,2.472515e+01,2.474530e+01,2.467141e+01,2.469156e+01,2.473187e+01,2.473858e+01,2.465796e+01,2.465124e+01,2.476544e+01,2.465124e+01,2.472515e+01,2.472515e+01,2.462436e+01,2.475201e+01,2.470500e+01,2.474530e+01,2.467141e+01,2.475201e+01,2.461763e+01,2.466469e+01,2.475873e+01,2.474530e+01,2.477887e+01,2.463108e+01,2.471844e+01,2.476544e+01,2.471844e+01,2.471844e+01,2.481243e+01,2.474530e+01,2.477887e+01,2.473187e+01,2.471172e+01,2.471172e+01,2.473187e+01,2.479901e+01,2.481243e+01,2.480572e+01,2.472515e+01,2.475201e+01,2.477887e+01,2.477887e+01,2.477887e+01,2.461763e+01,2.477216e+01,2.473187e+01,2.485269e+01,2.481243e+01,2.481243e+01,2.482585e+01,2.479230e+01,2.472515e+01,2.474530e+01,2.472515e+01,2.473858e+01,2.473858e+01,2.477216e+01,2.471844e+01,2.476544e+01,2.464452e+01,2.474530e+01,2.479901e+01,2.468484e+01,2.472515e+01,2.471172e+01,2.468484e+01,2.471844e+01,2.453692e+01,2.478558e+01,2.465796e+01,2.474530e+01,2.465124e+01,2.475201e+01,2.469828e+01,2.469156e+01,2.471172e+01,2.457056e+01,2.452346e+01,2.455038e+01,2.453692e+01,2.457056e+01,2.467141e+01,2.469828e+01,2.451673e+01,2.467141e+01,2.448308e+01,2.466469e+01,2.463108e+01,2.463108e+01,2.447635e+01,2.455038e+01,2.453692e+01,2.448981e+01,2.448981e+01,2.461091e+01,2.442921e+01,2.443594e+01,2.444941e+01,2.446288e+01,2.438205e+01,2.447635e+01,2.447635e+01,2.444941e+01,2.451000e+01,2.451000e+01,2.456383e+01,2.452346e+01,2.430790e+01,2.452346e+01,2.491305e+01,2.526778e+01,2.545471e+01,2.550139e+01,2.548138e+01,2.554804e+01,2.545471e+01,2.554138e+01,2.576108e+01,2.571451e+01,2.567459e+01,2.580762e+01,2.575443e+01,2.584085e+01,2.573447e+01,2.601350e+01,2.598696e+01,2.592721e+01,2.588072e+01,2.610634e+01,2.589401e+01,2.613286e+01,2.604667e+01,2.613948e+01,2.622560e+01,2.621898e+01,2.626532e+01,2.630502e+01,2.630502e+01,2.630502e+01,2.627855e+01,2.627855e+01,2.637117e+01,2.605330e+01,2.604004e+01,2.600686e+01,2.581427e+01,2.560134e+01,2.506713e+01,2.527446e+01,2.528782e+01,2.530787e+01,2.534793e+01,2.532122e+01,2.534126e+01,2.557470e+01,2.563464e+01,2.585415e+01,2.582756e+01,2.607319e+01,2.603340e+01,2.602013e+01,2.594713e+01,2.592057e+01,2.590065e+01,2.547471e+01,2.568124e+01,2.568790e+01,2.549472e+01,2.537464e+01,2.561466e+01,2.594713e+01,2.597368e+01,2.615936e+01,2.656935e+01,2.694489e+01,2.700406e+01,2.687910e+01,2.715514e+01,2.687252e+01,2.693173e+01,2.718795e+01,2.719451e+01,2.722075e+01,2.710261e+01,2.720763e+01,2.718139e+01,2.712888e+01,2.716170e+01,2.705663e+01,2.658255e+01,2.628517e+01,2.590065e+01,2.534126e+01,2.489293e+01,2.487952e+01,2.535461e+01,2.588072e+01,2.603340e+01,2.601350e+01,2.598032e+01,2.572782e+01,2.538799e+01,2.560134e+01,2.536796e+01,2.534793e+01,2.530787e+01,2.516082e+01,2.536129e+01,2.516751e+01,2.510730e+01,2.506713e+01,2.479901e+01,2.479230e+01,2.468484e+01,2.465124e+01,2.457056e+01,2.474530e+01,2.465124e+01,2.467141e+01,2.462436e+01,2.459746e+01,2.475201e+01,2.491975e+01,2.493316e+01,2.490634e+01,2.482585e+01,2.484598e+01,2.500017e+01,2.489293e+01,2.507383e+01,2.518088e+01,2.509391e+01,2.528782e+01,2.524773e+01,2.524105e+01,2.513406e+01,2.534126e+01,2.545471e+01,2.560134e+01,2.561466e+01,2.565462e+01,2.596704e+01,2.570786e+01,2.578768e+01,2.602677e+01,2.606656e+01,2.611960e+01,2.605993e+01,2.612623e+01,2.613286e+01,2.602013e+01,2.603340e+01,2.582756e+01,2.572117e+01,2.570786e+01,2.561466e+01,2.537464e+01,2.556137e+01,2.541468e+01,2.541468e+01,2.536129e+01,2.540133e+01,2.546138e+01,2.544804e+01,2.545471e+01,2.524105e+01,2.525442e+01,2.545471e+01,2.534793e+01,2.532790e+01,2.542135e+01,2.540801e+01,2.544137e+01,2.544804e+01,2.540133e+01,2.536129e+01,2.523437e+01,2.536129e+01,2.541468e+01,2.516082e+01,2.532122e+01,2.529451e+01,2.521431e+01,2.510730e+01,2.524773e+01,2.531454e+01,2.528782e+01,2.540133e+01,2.531454e+01,2.529451e+01,2.530787e+01,2.530119e+01,2.528115e+01,2.526110e+01,2.528782e+01,2.516751e+01,2.518088e+01,2.541468e+01,2.542802e+01,2.541468e+01,2.524773e+01,2.526110e+01,2.540133e+01,2.536129e+01,2.539466e+01,2.540801e+01,2.536129e+01,2.538799e+01,2.545471e+01,2.541468e+01,2.540801e+01,2.540133e+01,2.565462e+01,2.583421e+01,2.582756e+01,2.586079e+01,2.583421e+01,2.574113e+01,2.542802e+01,2.546805e+01,2.506713e+01,2.476544e+01,2.477216e+01,2.479901e+01,2.502026e+01,2.511399e+01,2.514075e+01,2.516751e+01,2.524773e+01,2.503366e+01,2.483256e+01,2.467813e+01,2.468484e+01,2.489293e+01,2.503366e+01,2.520763e+01,2.538799e+01,2.556137e+01,2.578103e+01,2.594713e+01,2.588072e+01,2.580762e+01,2.583421e+01,2.569455e+01,2.568124e+01,2.560134e+01,2.540133e+01,2.508052e+01,2.507383e+01,2.502026e+01,2.484598e+01,2.481914e+01,2.482585e+01,2.504035e+01,2.530119e+01,2.532122e+01,2.551472e+01,2.570121e+01,2.596041e+01,2.601350e+01,2.603340e+01,2.604667e+01,2.595377e+01,2.600686e+01,2.594049e+01,2.584085e+01,2.550139e+01,2.524773e+01,2.487281e+01,2.469828e+01,2.475873e+01,2.474530e+01,2.477216e+01,2.475201e+01,2.471844e+01,2.478558e+01,2.472515e+01,2.493316e+01,2.493316e+01,2.516082e+01,2.528115e+01,2.556804e+01,2.558136e+01,2.562798e+01,2.550139e+01,2.526778e+01,2.499347e+01,2.475873e+01,2.447635e+01,2.427417e+01,2.438878e+01,2.462436e+01,2.485269e+01,2.512737e+01,2.501357e+01,2.525442e+01,2.523437e+01,2.524773e+01,2.504705e+01,2.528782e+01,2.536796e+01,2.527446e+01,2.560134e+01,2.574113e+01,2.582092e+01,2.598032e+01,2.607982e+01,2.615936e+01,2.616599e+01,2.615936e+01,2.633810e+01,2.617924e+01,2.614611e+01,2.610634e+01,2.607982e+01,2.604667e+01,2.586743e+01,2.582092e+01,2.602677e+01,2.592057e+01,2.589401e+01,2.592721e+01,2.597368e+01,2.589401e+01,2.567459e+01,2.592721e+01,2.569455e+01,2.566127e+01,2.562132e+01,2.558802e+01,2.562132e+01,2.546138e+01,2.554138e+01,2.545471e+01,2.574778e+01,2.572782e+01,2.567459e+01,2.559468e+01,2.564130e+01,2.560134e+01,2.558802e+01,2.564796e+01,2.556804e+01,2.548138e+01,2.534126e+01,2.524773e+01,2.525442e+01,2.496667e+01,2.484598e+01,2.481243e+01,2.459746e+01,2.441573e+01,2.439552e+01,2.437531e+01,2.448308e+01,2.430115e+01,2.423369e+01,2.424044e+01,2.421344e+01,2.416619e+01,2.392958e+01,2.402428e+01,2.390250e+01,2.390250e+01,2.392281e+01,2.383478e+01,2.384833e+01,2.381446e+01,2.378057e+01,2.391604e+01,2.373990e+01,2.390250e+01,2.393634e+01,2.392958e+01,2.426068e+01,2.448308e+01,2.469156e+01,2.469156e+01,2.489293e+01,2.492645e+01,2.489293e+01,2.493316e+01,2.485940e+01,2.485940e+01,2.483256e+01,2.497337e+01,2.504035e+01,2.485269e+01,2.500017e+01,2.488622e+01,2.463108e+01,2.441573e+01,2.434161e+01,2.424719e+01,2.422019e+01,2.436857e+01,2.434835e+01,2.434161e+01,2.452346e+01,2.481914e+01,2.493316e+01,2.485940e+01,2.478558e+01,2.457056e+01,2.422019e+01,2.394311e+01,2.392958e+01,2.386187e+01,2.365172e+01,2.361099e+01,2.368564e+01,2.356346e+01,2.354987e+01,2.354987e+01,2.343433e+01,2.356346e+01,2.339352e+01,2.346153e+01,2.335950e+01,2.334589e+01,2.340032e+01,2.344113e+01,2.339352e+01,2.352270e+01,2.351590e+01,2.356346e+01,2.343433e+01,2.344113e+01,2.352949e+01,2.352949e+01,2.335950e+01,2.347513e+01,2.341393e+01,2.346153e+01,2.346153e+01,2.337991e+01,2.337311e+01,2.333228e+01,2.337311e+01,2.339352e+01,2.335950e+01,2.349552e+01,2.348192e+01,2.340713e+01,2.336630e+01,2.337311e+01,2.344793e+01,2.349552e+01,2.338672e+01,2.342753e+01,2.346153e+01,2.338672e+01,2.335269e+01,2.335950e+01,2.327780e+01,2.331866e+01,2.344793e+01,2.337991e+01,2.336630e+01,2.326418e+01,2.342753e+01,2.350911e+01,2.367886e+01,2.367207e+01,2.378057e+01,2.345473e+01,2.335269e+01,2.337991e+01,2.337991e+01,2.340713e+01,2.342073e+01
2.459073e+01,2.459746e+01,2.454365e+01,2.448981e+01,2.445614e+01,2.442247e+01,2.456383e+01,2.447635e+01,2.448981e+01,2.453692e+01,2.443594e+01,2.448308e+01,2.452346e+01,2.446288e+01,2.443594e+01,2.442921e+01,2.452346e+01,2.455710e+01,2.425393e+01,2.443594e+01,2.448981e+01,2.449654e+01,2.437531e+01,2.442247e+01,2.455038e+01,2.440226e+01,2.451673e+01,2.456383e+01,2.444941e+01,2.444268e+01,2.446961e+01,2.446961e+01,2.454365e+01,2.440226e+01,2.446288e+01,2.455038e+01,2.452346e+01,2.435509e+01,2.446288e+01,2.453019e+01,2.444268e+01,2.440226e+01,2.443594e+01,2.442247e+01,2.448308e+01,2.440900e+01,2.451673e+01,2.455710e+01,2.453019e+01,2.452346e+01,2.443594e+01,2.444268e+01,2.459746e+01,2.463108e+01,2.457056e+01,2.459073e+01,2.449654e+01,2.461091e+01,2.463780e+01,2.469156e+01,2.459073e+01,2.462436e+01,2.477887e+01,2.462436e+01,2.461763e+01,2.469156e+01,2.467813e+01,2.473187e+01,2.471172e+01,2.467141e+01,2.458401e+01,2.461763e+01,2.461091e+01,2.471844e+01,2.468484e+01,2.466469e+01,2.467813e+01,2.477887e+01,2.476544e+01,2.483256e+01,2.471844e+01,2.464452e+01,2.463108e+01,2.481243e+01,2.471172e+01,2.467141e+01,2.466469e+01,2.468484e+01,2.474530e+01,2.475873e+01,2.475873e+01,2.479901e+01,2.469828e+01,2.474530e+01,2.479230e+01,2.471844e+01,2.473858e+01,2.479901e+01,2.475201e+01,2.473858e+01,2.477216e+01,2.480572e+01,2.472515e+01,2.474530e+01,2.480572e+01,2.475201e+01,2.479230e+01,2.476544e+01,2.475873e+01,2.472515e+01,2.476544e+01,2.470500e+01,2.471172e+01,2.475201e+01,2.469156e+01,2.481914e+01,2.483927e+01,2.469828e+01,2.459073e+01,2.482585e+01,2.477887e+01,2.474530e+01,2.474530e+01,2.475873e+01,2.490634e+01,2.476544e+01,2.473858e+01,2.466469e+01,2.471844e+01,2.480572e+01,2.469156e+01,2.469156e+01,2.463780e+01,2.463108e+01,2.463780e+01,2.465124e+01,2.473858e+01,2.474530e+01,2.465796e+01,2.482585e+01,2.471844e+01,2.457728e+01,2.467813e+01,2.465124e+01,2.466469e+01,2.467141e+01,2.463780e+01,2.471844e+01,2.473858e+01,2.463780e+01,2.470500e+01,2.467141e+01,2.458401e+01,2.463108e+01,2.459073e+01,2.455038e+01,2.463780e+01,2.454365e+01,2.439552e+01,2.460419e+01,2.454365e+01,2.442921e+01,2.457056e+01,2.442247e+01,2.443594e+01,2.444268e+01,2.441573e+01,2.440226e+01,2.439552e+01,2.446961e+01,2.446961e+01,2.441573e+01,2.441573e+01,2.448308e+01,2.453692e+01,2.430790e+01,2.415268e+01,2.432138e+01,2.481243e+01,2.502026e+01,2.514075e+01,2.526778e+01,2.529451e+01,2.530787e+01,2.540133e+01,2.531454e+01,2.530119e+01,2.537464e+01,2.526778e+01,2.527446e+01,2.534793e+01,2.522768e+01,2.513406e+01,2.533458e+01,2.543469e+01,2.546805e+01,2.547471e+01,2.551472e+01,2.548138e+01,2.554138e+01,2.553472e+01,2.557470e+01,2.565462e+01,2.572782e+01,2.567459e+01,2.570786e+01,2.578768e+01,2.580762e+01,2.580762e+01,2.580762e+01,2.578768e+01,2.566793e+01,2.552805e+01,2.552805e+01,2.530119e+01,2.503366e+01,2.487281e+01,2.501357e+01,2.490634e+01,2.498007e+01,2.498677e+01,2.511399e+01,2.532122e+01,2.528782e+01,2.558802e+01,2.578768e+01,2.580762e+01,2.596041e+01,2.589401e+01,2.590065e+01,2.575443e+01,2.588072e+01,2.569455e+01,2.570121e+01,2.570786e+01,2.546138e+01,2.536796e+01,2.548138e+01,2.532122e+01,2.554804e+01,2.560134e+01,2.554804e+01,2.594713e+01,2.615936e+01,2.636456e+01,2.653635e+01,2.646370e+01,2.652314e+01,2.662874e+01,2.659575e+01,2.674740e+01,2.664193e+01,2.664852e+01,2.669468e+01,2.649012e+01,2.648352e+01,2.649673e+01,2.631826e+01,2.627194e+01,2.613286e+01,2.564130e+01,2.495997e+01,2.475873e+01,2.491975e+01,2.551472e+01,2.588736e+01,2.590065e+01,2.590729e+01,2.565462e+01,2.562798e+01,2.565462e+01,2.558802e+01,2.566127e+01,2.553472e+01,2.554138e+01,2.537464e+01,2.544804e+01,2.546805e+01,2.529451e+01,2.508052e+01,2.471172e+01,2.458401e+01,2.446961e+01,2.475873e+01,2.456383e+01,2.453019e+01,2.462436e+01,2.482585e+01,2.477887e+01,2.487281e+01,2.480572e+01,2.493316e+01,2.494656e+01,2.491975e+01,2.491975e+01,2.523437e+01,2.521431e+01,2.534793e+01,2.513406e+01,2.542802e+01,2.542802e+01,2.547471e+01,2.560134e+01,2.563464e+01,2.566127e+01,2.596041e+01,2.594049e+01,2.596041e+01,2.605993e+01,2.600023e+01,2.609971e+01,2.631826e+01,2.626532e+01,2.635794e+01,2.625208e+01,2.626532e+01,2.625208e+01,2.625870e+01,2.621235e+01,2.611960e+01,2.617924e+01,2.582092e+01,2.581427e+01,2.571451e+01,2.553472e+01,2.539466e+01,2.534126e+01,2.541468e+01,2.540133e+01,2.546138e+01,2.542135e+01,2.548805e+01,2.552139e+01,2.558136e+01,2.554804e+01,2.550139e+01,2.562798e+01,2.561466e+01,2.562132e+01,2.560134e+01,2.562132e+01,2.561466e+01,2.560134e+01,2.560800e+01,2.551472e+01,2.544137e+01,2.543469e+01,2.545471e+01,2.540801e+01,2.542802e+01,2.550805e+01,2.552805e+01,2.551472e+01,2.543469e+01,2.545471e+01,2.544804e+01,2.542802e+01,2.543469e+01,2.544137e+01,2.550139e+01,2.566793e+01,2.550139e+01,2.564130e+01,2.549472e+01,2.554138e+01,2.560800e+01,2.540801e+01,2.562798e+01,2.572117e+01,2.550805e+01,2.558136e+01,2.553472e+01,2.558136e+01,2.559468e+01,2.556137e+01,2.555471e+01,2.552139e+01,2.556804e+01,2.562132e+01,2.570786e+01,2.583421e+01,2.579433e+01,2.597368e+01,2.613286e+01,2.604004e+01,2.587408e+01,2.593385e+01,2.582092e+01,2.551472e+01,2.520094e+01,2.505375e+01,2.479230e+01,2.474530e+01,2.512068e+01,2.516082e+01,2.513406e+01,2.527446e+01,2.521431e+01,2.492645e+01,2.480572e+01,2.461763e+01,2.446288e+01,2.462436e+01,2.489964e+01,2.522100e+01,2.543469e+01,2.576108e+01,2.596041e+01,2.581427e+01,2.602013e+01,2.611297e+01,2.610634e+01,2.584085e+01,2.591393e+01,2.563464e+01,2.539466e+01,2.524773e+01,2.530119e+01,2.495997e+01,2.496667e+01,2.502696e+01,2.514075e+01,2.532122e+01,2.567459e+01,2.593385e+01,2.594049e+01,2.606656e+01,2.618586e+01,2.637117e+01,2.604667e+01,2.627855e+01,2.613948e+01,2.629179e+01,2.616599e+01,2.586079e+01,2.564130e+01,2.529451e+01,2.512068e+01,2.487281e+01,2.485940e+01,2.489293e+01,2.479901e+01,2.490634e+01,2.485269e+01,2.494656e+01,2.506713e+01,2.506044e+01,2.522100e+01,2.533458e+01,2.534793e+01,2.555471e+01,2.568124e+01,2.565462e+01,2.559468e+01,2.549472e+01,2.505375e+01,2.481914e+01,2.443594e+01,2.441573e+01,2.458401e+01,2.483927e+01,2.489293e+01,2.526110e+01,2.525442e+01,2.526778e+01,2.526110e+01,2.501357e+01,2.502026e+01,2.504035e+01,2.512737e+01,2.525442e+01,2.526110e+01,2.560134e+01,2.574778e+01,2.586743e+01,2.594049e+01,2.592721e+01,2.598696e+01,2.584750e+01,2.601350e+01,2.576773e+01,2.578768e+01,2.573447e+01,2.597368e+01,2.571451e+01,2.594049e+01,2.574113e+01,2.578768e+01,2.590729e+01,2.588072e+01,2.585415e+01,2.588072e+01,2.587408e+01,2.562798e+01,2.561466e+01,2.535461e+01,2.523437e+01,2.517419e+01,2.533458e+01,2.539466e+01,2.542135e+01,2.545471e+01,2.549472e+01,2.559468e+01,2.565462e+01,2.576773e+01,2.572117e+01,2.555471e+01,2.572782e+01,2.571451e+01,2.563464e+01,2.554138e+01,2.553472e+01,2.542802e+01,2.547471e+01,2.545471e+01,2.529451e+01,2.524773e+01,2.503366e+01,2.495326e+01,2.478558e+01,2.453019e+01,2.477887e+01,2.447635e+01,2.448981e+01,2.424719e+01,2.442247e+01,2.429441e+01,2.422019e+01,2.411891e+01,2.404457e+01,2.388219e+01,2.394311e+01,2.401752e+01,2.394311e+01,2.381446e+01,2.390927e+01,2.365850e+01,2.385510e+01,2.397694e+01,2.375346e+01,2.376024e+01,2.388219e+01,2.423369e+01,2.455710e+01,2.459746e+01,2.483256e+01,2.475201e+01,2.482585e+01,2.493316e+01,2.479230e+01,2.488622e+01,2.479230e+01,2.468484e+01,2.478558e+01,2.469156e+01,2.469156e+01,2.470500e+01,2.471844e+01,2.455710e+01,2.413917e+01,2.413242e+01,2.422019e+01,2.413917e+01,2.406485e+01,2.400400e+01,2.436857e+01,2.441573e+01,2.442921e+01,2.481914e+01,2.485269e+01,2.494656e+01,2.487281e+01,2.448308e+01,2.417969e+01,2.378735e+01,2.378057e+01,2.375346e+01,2.359741e+01,2.357704e+01,2.371956e+01,2.343433e+01,2.354987e+01,2.349552e+01,2.363136e+01,2.346833e+01,2.341393e+01,2.350231e+01,2.337311e+01,2.340032e+01,2.332547e+01,2.336630e+01,2.337311e+01,2.352270e+01,2.333908e+01,2.337991e+01,2.348872e+01,2.338672e+01,2.334589e+01,2.329823e+01,2.344113e+01,2.338672e+01,2.344793e+01,2.345473e+01,2.337991e+01,2.335269e+01,2.334589e+01,2.344793e+01,2.335950e+01,2.356346e+01,2.342753e+01,2.356346e+01,2.325737e+01,2.350911e+01,2.347513e+01,2.333228e+01,2.335950e+01,2.336630e+01,2.334589e+01,2.319604e+01,2.334589e+01,2.334589e+01,2.335269e+01,2.335950e+01,2.331866e+01,2.335269e+01,2.331185e+01,2.340713e+01,2.337311e+01,2.355667e+01,2.344793e+01,2.349552e+01,2.376702e+01,2.363814e+01,2.357025e+01,2.338672e+01,2.340032e+01,2.340032e+01,2.340713e+01,2.340713e+01
2.448308e+01,2.455710e+01,2.457728e+01,2.459073e+01,2.457056e+01,2.457728e+01,2.456383e+01,2.456383e+01,2.445614e+01,2.455038e+01,2.458401e+01,2.446961e+01,2.444941e+01,2.442247e+01,2.446288e+01,2.455710e+01,2.452346e+01,2.442921e+01,2.434835e+01,2.446288e+01,2.448308e+01,2.457056e+01,2.450327e+01,2.440226e+01,2.442247e+01,2.445614e+01,2.451000e+01,2.454365e+01,2.445614e+01,2.444941e+01,2.442247e+01,2.438205e+01,2.453692e+01,2.446288e+01,2.440900e+01,2.451673e+01,2.444268e+01,2.449654e+01,2.447635e+01,2.438205e+01,2.444268e+01,2.440226e+01,2.454365e+01,2.444268e+01,2.432138e+01,2.436183e+01,2.459073e+01,2.440900e+01,2.450327e+01,2.441573e+01,2.451673e+01,2.454365e+01,2.455038e+01,2.445614e+01,2.457728e+01,2.456383e+01,2.462436e+01,2.458401e+01,2.456383e+01,2.449654e+01,2.467813e+01,2.470500e+01,2.475201e+01,2.460419e+01,2.469156e+01,2.458401e+01,2.469828e+01,2.465796e+01,2.473858e+01,2.473858e+01,2.464452e+01,2.479230e+01,2.469156e+01,2.467141e+01,2.476544e+01,2.458401e+01,2.475201e+01,2.473858e+01,2.475201e+01,2.466469e+01,2.465796e+01,2.473858e+01,2.465124e+01,2.461091e+01,2.479230e+01,2.467813e+01,2.473187e+01,2.467813e+01,2.462436e+01,2.473858e+01,2.477887e+01,2.466469e+01,2.473187e+01,2.476544e+01,2.471844e+01,2.475201e+01,2.472515e+01,2.471844e+01,2.471844e+01,2.477887e+01,2.478558e+01,2.475201e+01,2.481914e+01,2.483927e+01,2.473858e+01,2.475873e+01,2.478558e+01,2.469828e+01,2.475201e+01,2.473858e+01,2.481243e+01,2.472515e+01,2.466469e+01,2.469156e+01,2.478558e+01,2.477216e+01,2.473858e+01,2.478558e+01,2.470500e+01,2.477216e+01,2.481914e+01,2.480572e+01,2.473858e+01,2.473187e+01,2.475201e+01,2.477216e+01,2.466469e+01,2.463108e+01,2.472515e+01,2.469156e+01,2.465796e+01,2.466469e+01,2.467813e+01,2.463780e+01,2.471172e+01,2.465124e+01,2.465796e+01,2.467813e+01,2.462436e+01,2.469156e+01,2.466469e+01,2.463108e+01,2.453692e+01,2.475201e+01,2.459746e+01,2.459746e+01,2.469156e+01,2.465124e+01,2.478558e+01,2.473858e+01,2.456383e+01,2.470500e+01,2.467813e+01,2.460419e+01,2.454365e+01,2.465796e+01,2.461763e+01,2.455038e+01,2.451000e+01,2.453692e+01,2.457728e+01,2.453019e+01,2.439552e+01,2.440900e+01,2.436857e+01,2.439552e+01,2.428766e+01,2.445614e+01,2.446288e+01,2.443594e+01,2.434161e+01,2.436183e+01,2.431464e+01,2.432138e+01,2.439552e+01,2.434835e+01,2.413917e+01,2.435509e+01,2.480572e+01,2.502026e+01,2.493986e+01,2.502026e+01,2.498007e+01,2.498007e+01,2.497337e+01,2.493316e+01,2.493986e+01,2.493316e+01,2.502696e+01,2.500017e+01,2.514075e+01,2.514075e+01,2.508722e+01,2.498007e+01,2.510060e+01,2.509391e+01,2.511399e+01,2.511399e+01,2.516751e+01,2.498677e+01,2.516751e+01,2.516751e+01,2.524105e+01,2.526110e+01,2.534793e+01,2.530119e+01,2.536129e+01,2.536129e+01,2.535461e+01,2.528115e+01,2.524105e+01,2.529451e+01,2.528782e+01,2.498677e+01,2.485940e+01,2.480572e+01,2.477887e+01,2.480572e+01,2.495997e+01,2.474530e+01,2.502026e+01,2.509391e+01,2.524773e+01,2.519426e+01,2.555471e+01,2.564796e+01,2.567459e+01,2.571451e+01,2.580097e+01,2.568124e+01,2.590065e+01,2.571451e+01,2.573447e+01,2.569455e+01,2.545471e+01,2.535461e+01,2.532790e+01,2.518757e+01,2.520763e+01,2.529451e+01,2.527446e+01,2.541468e+01,2.548805e+01,2.588736e+01,2.583421e+01,2.592057e+01,2.593385e+01,2.594713e+01,2.589401e+01,2.604004e+01,2.607319e+01,2.614611e+01,2.605330e+01,2.584085e+01,2.584750e+01,2.586079e+01,2.589401e+01,2.572117e+01,2.570121e+01,2.531454e+01,2.504705e+01,2.460419e+01,2.457728e+01,2.498677e+01,2.530119e+01,2.552139e+01,2.548138e+01,2.548805e+01,2.562798e+01,2.553472e+01,2.560134e+01,2.562798e+01,2.567459e+01,2.566793e+01,2.581427e+01,2.570786e+01,2.549472e+01,2.532122e+01,2.530119e+01,2.502696e+01,2.493316e+01,2.473858e+01,2.459073e+01,2.471844e+01,2.463108e+01,2.477216e+01,2.476544e+01,2.481243e+01,2.484598e+01,2.465796e+01,2.495326e+01,2.515413e+01,2.516751e+01,2.530119e+01,2.523437e+01,2.536796e+01,2.538131e+01,2.554804e+01,2.576773e+01,2.576773e+01,2.578103e+01,2.585415e+01,2.600023e+01,2.605330e+01,2.597368e+01,2.624546e+01,2.635794e+01,2.635794e+01,2.636456e+01,2.647691e+01,2.649673e+01,2.652975e+01,2.659575e+01,2.656935e+01,2.650994e+01,2.649673e+01,2.650333e+01,2.650994e+01,2.629179e+01,2.622560e+01,2.616599e+01,2.591393e+01,2.582756e+01,2.572117e+01,2.556137e+01,2.552139e+01,2.544804e+01,2.543469e+01,2.548138e+01,2.549472e+01,2.537464e+01,2.546805e+01,2.550805e+01,2.553472e+01,2.576773e+01,2.577438e+01,2.564130e+01,2.578768e+01,2.564130e+01,2.582756e+01,2.586079e+01,2.571451e+01,2.562132e+01,2.586743e+01,2.586079e+01,2.586079e+01,2.566793e+01,2.568790e+01,2.570121e+01,2.577438e+01,2.564130e+01,2.568790e+01,2.560134e+01,2.564130e+01,2.562132e+01,2.564130e+01,2.567459e+01,2.573447e+01,2.567459e+01,2.568124e+01,2.578768e+01,2.567459e+01,2.572117e+01,2.565462e+01,2.570121e+01,2.562798e+01,2.584750e+01,2.574778e+01,2.578103e+01,2.575443e+01,2.557470e+01,2.567459e+01,2.565462e+01,2.584085e+01,2.584750e+01,2.582756e+01,2.582756e+01,2.588736e+01,2.567459e+01,2.569455e+01,2.580762e+01,2.585415e+01,2.604667e+01,2.602677e+01,2.613948e+01,2.600686e+01,2.587408e+01,2.575443e+01,2.552805e+01,2.518757e+01,2.518757e+01,2.500017e+01,2.500017e+01,2.507383e+01,2.513406e+01,2.518088e+01,2.527446e+01,2.519426e+01,2.491975e+01,2.488622e+01,2.467141e+01,2.470500e+01,2.473187e+01,2.506044e+01,2.525442e+01,2.574778e+01,2.575443e+01,2.584750e+01,2.604667e+01,2.612623e+01,2.627194e+01,2.613948e+01,2.601350e+01,2.596704e+01,2.588736e+01,2.564796e+01,2.563464e+01,2.517419e+01,2.512737e+01,2.506713e+01,2.506044e+01,2.542802e+01,2.565462e+01,2.580097e+01,2.616599e+01,2.619911e+01,2.621898e+01,2.644388e+01,2.635133e+01,2.648352e+01,2.633149e+01,2.647031e+01,2.646370e+01,2.632487e+01,2.597368e+01,2.564796e+01,2.531454e+01,2.521431e+01,2.504705e+01,2.519426e+01,2.495997e+01,2.491975e+01,2.491975e+01,2.485940e+01,2.502026e+01,2.500017e+01,2.527446e+01,2.534126e+01,2.548805e+01,2.563464e+01,2.585415e+01,2.581427e+01,2.576773e+01,2.566793e+01,2.562798e+01,2.520094e+01,2.489964e+01,2.455038e+01,2.457056e+01,2.463108e+01,2.517419e+01,2.508722e+01,2.524773e+01,2.527446e+01,2.511399e+01,2.522768e+01,2.499347e+01,2.484598e+01,2.486610e+01,2.489293e+01,2.510730e+01,2.511399e+01,2.560134e+01,2.558802e+01,2.561466e+01,2.584750e+01,2.560800e+01,2.565462e+01,2.557470e+01,2.558802e+01,2.542135e+01,2.522768e+01,2.541468e+01,2.561466e+01,2.544137e+01,2.564130e+01,2.569455e+01,2.582092e+01,2.577438e+01,2.584085e+01,2.587408e+01,2.586743e+01,2.584085e+01,2.538131e+01,2.536129e+01,2.498677e+01,2.494656e+01,2.492645e+01,2.498677e+01,2.512737e+01,2.511399e+01,2.511399e+01,2.514075e+01,2.518088e+01,2.544804e+01,2.550805e+01,2.556137e+01,2.560134e+01,2.557470e+01,2.554804e+01,2.573447e+01,2.563464e+01,2.552139e+01,2.545471e+01,2.543469e+01,2.538799e+01,2.532790e+01,2.526110e+01,2.512068e+01,2.520094e+01,2.491975e+01,2.477216e+01,2.478558e+01,2.430790e+01,2.439552e+01,2.442921e+01,2.452346e+01,2.428092e+01,2.414593e+01,2.422019e+01,2.414593e+01,2.401752e+01,2.391604e+01,2.395664e+01,2.388896e+01,2.383478e+01,2.367886e+01,2.380768e+01,2.378735e+01,2.371277e+01,2.384155e+01,2.380768e+01,2.391604e+01,2.425393e+01,2.438878e+01,2.455710e+01,2.456383e+01,2.469156e+01,2.477887e+01,2.466469e+01,2.443594e+01,2.455038e+01,2.435509e+01,2.454365e+01,2.446961e+01,2.451000e+01,2.466469e+01,2.465124e+01,2.470500e+01,2.453692e+01,2.416619e+01,2.411215e+01,2.410540e+01,2.401752e+01,2.397694e+01,2.405133e+01,2.408512e+01,2.441573e+01,2.452346e+01,2.458401e+01,2.465796e+01,2.487281e+01,2.494656e+01,2.480572e+01,2.441573e+01,2.396341e+01,2.386865e+01,2.369921e+01,2.367207e+01,2.359741e+01,2.354987e+01,2.357704e+01,2.351590e+01,2.345473e+01,2.335950e+01,2.329142e+01,2.340713e+01,2.342753e+01,2.333228e+01,2.331185e+01,2.337311e+01,2.329142e+01,2.338672e+01,2.318241e+01,2.343433e+01,2.336630e+01,2.335950e+01,2.337991e+01,2.333908e+01,2.334589e+01,2.337991e+01,2.332547e+01,2.335950e+01,2.331866e+01,2.337991e+01,2.331866e+01,2.331866e+01,2.333228e+01,2.339352e+01,2.329142e+01,2.337311e+01,2.335950e+01,2.330504e+01,2.346153e+01,2.334589e+01,2.333228e+01,2.334589e+01,2.332547e+01,2.335950e+01,2.329823e+01,2.336630e+01,2.316195e+01,2.333908e+01,2.331866e+01,2.333228e+01,2.331185e+01,2.330504e+01,2.335950e+01,2.337311e+01,2.335950e+01,2.358383e+01,2.362457e+01,2.360420e+01,2.369921e+01,2.346833e+01,2.340713e+01,2.338672e+01,2.333228e+01,2.325056e+01,2.339352e+01
2.459746e+01,2.456383e+01,2.460419e+01,2.459073e+01,2.466469e+01,2.456383e+01,2.454365e+01,2.451000e+01,2.455710e+01,2.452346e+01,2.455710e+01,2.450327e+01,2.455038e+01,2.455710e+01,2.441573e+01,2.439552e+01,2.438878e+01,2.455038e+01,2.440900e+01,2.448308e+01,2.451000e+01,2.472515e+01,2.446961e+01,2.448981e+01,2.443594e+01,2.444941e+01,2.455038e+01,2.442921e+01,2.435509e+01,2.448981e+01,2.438878e+01,2.446961e+01,2.441573e+01,2.438205e+01,2.444268e+01,2.445614e+01,2.450327e+01,2.444941e+01,2.440226e+01,2.442921e+01,2.439552e+01,2.440226e+01,2.457056e+01,2.439552e+01,2.444268e+01,2.461763e+01,2.457728e+01,2.458401e+01,2.451000e+01,2.441573e+01,2.452346e+01,2.464452e+01,2.463108e+01,2.454365e+01,2.463108e+01,2.461091e+01,2.463780e+01,2.457056e+01,2.457056e+01,2.453692e+01,2.459073e+01,2.458401e+01,2.457056e+01,2.473187e+01,2.467813e+01,2.461763e+01,2.467141e+01,2.468484e+01,2.475201e+01,2.471844e+01,2.470500e+01,2.474530e+01,2.475201e+01,2.465124e+01,2.469156e+01,2.475873e+01,2.475201e+01,2.477216e+01,2.480572e+01,2.479901e+01,2.480572e+01,2.464452e+01,2.465796e+01,2.481243e+01,2.477216e+01,2.490634e+01,2.473858e+01,2.463780e+01,2.471172e+01,2.462436e+01,2.479230e+01,2.477887e+01,2.477887e+01,2.475873e+01,2.470500e+01,2.470500e+01,2.470500e+01,2.473858e+01,2.471844e+01,2.471172e+01,2.473858e+01,2.484598e+01,2.472515e+01,2.467813e+01,2.479901e+01,2.474530e+01,2.481243e+01,2.480572e+01,2.476544e+01,2.489293e+01,2.475201e+01,2.476544e+01,2.481914e+01,2.473858e+01,2.480572e+01,2.479901e+01,2.476544e+01,2.479901e+01,2.477216e+01,2.477887e+01,2.481243e+01,2.481914e+01,2.480572e+01,2.474530e+01,2.474530e+01,2.467813e+01,2.475201e+01,2.473858e+01,2.477887e+01,2.481243e+01,2.473858e+01,2.464452e+01,2.477216e+01,2.465796e+01,2.481243e+01,2.479230e+01,2.482585e+01,2.478558e+01,2.473187e+01,2.474530e+01,2.466469e+01,2.470500e+01,2.476544e+01,2.465796e+01,2.463108e+01,2.461091e+01,2.462436e+01,2.455710e+01,2.471844e+01,2.463108e+01,2.476544e+01,2.476544e+01,2.465124e+01,2.467813e+01,2.461763e+01,2.465124e+01,2.457056e+01,2.460419e+01,2.459746e+01,2.459073e+01,2.457056e+01,2.452346e+01,2.442921e+01,2.456383e+01,2.443594e+01,2.457728e+01,2.446288e+01,2.455038e+01,2.444268e+01,2.445614e+01,2.449654e+01,2.451000e+01,2.446961e+01,2.442247e+01,2.425393e+01,2.431464e+01,2.432812e+01,2.469828e+01,2.479901e+01,2.469156e+01,2.474530e+01,2.487281e+01,2.491305e+01,2.490634e+01,2.489293e+01,2.493316e+01,2.475201e+01,2.495326e+01,2.469828e+01,2.474530e+01,2.477216e+01,2.475201e+01,2.474530e+01,2.491975e+01,2.480572e+01,2.483927e+01,2.493986e+01,2.502696e+01,2.489293e+01,2.495997e+01,2.491975e+01,2.515413e+01,2.504705e+01,2.495326e+01,2.515413e+01,2.512737e+01,2.513406e+01,2.514744e+01,2.506713e+01,2.505375e+01,2.512068e+01,2.493316e+01,2.489964e+01,2.491975e+01,2.481914e+01,2.482585e+01,2.485940e+01,2.474530e+01,2.479230e+01,2.494656e+01,2.495326e+01,2.500017e+01,2.521431e+01,2.538131e+01,2.536796e+01,2.559468e+01,2.556804e+01,2.559468e+01,2.579433e+01,2.587408e+01,2.571451e+01,2.565462e+01,2.566793e+01,2.546138e+01,2.544137e+01,2.543469e+01,2.506044e+01,2.514744e+01,2.503366e+01,2.506713e+01,2.510730e+01,2.520094e+01,2.516082e+01,2.524105e+01,2.559468e+01,2.569455e+01,2.574778e+01,2.575443e+01,2.580762e+01,2.576773e+01,2.576773e+01,2.574113e+01,2.578103e+01,2.554804e+01,2.545471e+01,2.539466e+01,2.531454e+01,2.528782e+01,2.524105e+01,2.479230e+01,2.455710e+01,2.458401e+01,2.457056e+01,2.479901e+01,2.506044e+01,2.542802e+01,2.506713e+01,2.547471e+01,2.552139e+01,2.568124e+01,2.568124e+01,2.575443e+01,2.588072e+01,2.580097e+01,2.589401e+01,2.566793e+01,2.563464e+01,2.559468e+01,2.532790e+01,2.505375e+01,2.495997e+01,2.472515e+01,2.454365e+01,2.472515e+01,2.484598e+01,2.467813e+01,2.487952e+01,2.502696e+01,2.495326e+01,2.506713e+01,2.521431e+01,2.534793e+01,2.545471e+01,2.546805e+01,2.548805e+01,2.571451e+01,2.582756e+01,2.588072e+01,2.581427e+01,2.605993e+01,2.595377e+01,2.609309e+01,2.611297e+01,2.613286e+01,2.618586e+01,2.635794e+01,2.650333e+01,2.649673e+01,2.664193e+01,2.681986e+01,2.672763e+01,2.677376e+01,2.675399e+01,2.685936e+01,2.660895e+01,2.666831e+01,2.662874e+01,2.652314e+01,2.646370e+01,2.620573e+01,2.618586e+01,2.596704e+01,2.588736e+01,2.574778e+01,2.552805e+01,2.542135e+01,2.526778e+01,2.538131e+01,2.547471e+01,2.534126e+01,2.556137e+01,2.556804e+01,2.561466e+01,2.565462e+01,2.578768e+01,2.580097e+01,2.565462e+01,2.569455e+01,2.586079e+01,2.574778e+01,2.596704e+01,2.593385e+01,2.597368e+01,2.588072e+01,2.589401e+01,2.586743e+01,2.583421e+01,2.570121e+01,2.581427e+01,2.570786e+01,2.588072e+01,2.592057e+01,2.577438e+01,2.572782e+01,2.583421e+01,2.586743e+01,2.584085e+01,2.583421e+01,2.591393e+01,2.587408e+01,2.588072e+01,2.590065e+01,2.586079e+01,2.586743e+01,2.584750e+01,2.586743e+01,2.589401e+01,2.587408e+01,2.600023e+01,2.590729e+01,2.582092e+01,2.586079e+01,2.588736e+01,2.584750e+01,2.598696e+01,2.598032e+01,2.592057e+01,2.592721e+01,2.594713e+01,2.604667e+01,2.589401e+01,2.588736e+01,2.610634e+01,2.620573e+01,2.627194e+01,2.615936e+01,2.609309e+01,2.585415e+01,2.569455e+01,2.550805e+01,2.530119e+01,2.526778e+01,2.512068e+01,2.537464e+01,2.542802e+01,2.539466e+01,2.528782e+01,2.542802e+01,2.521431e+01,2.488622e+01,2.478558e+01,2.470500e+01,2.476544e+01,2.508722e+01,2.538799e+01,2.574778e+01,2.576773e+01,2.602677e+01,2.608646e+01,2.622560e+01,2.626532e+01,2.630502e+01,2.612623e+01,2.604004e+01,2.593385e+01,2.564796e+01,2.554804e+01,2.570786e+01,2.522768e+01,2.522768e+01,2.527446e+01,2.540801e+01,2.570121e+01,2.595377e+01,2.639761e+01,2.643727e+01,2.651654e+01,2.663533e+01,2.664852e+01,2.674740e+01,2.652975e+01,2.654955e+01,2.648352e+01,2.633810e+01,2.607319e+01,2.594713e+01,2.563464e+01,2.538799e+01,2.520094e+01,2.516751e+01,2.527446e+01,2.499347e+01,2.527446e+01,2.524773e+01,2.526110e+01,2.529451e+01,2.532790e+01,2.562132e+01,2.554138e+01,2.583421e+01,2.584750e+01,2.584750e+01,2.585415e+01,2.562798e+01,2.560800e+01,2.517419e+01,2.493316e+01,2.457728e+01,2.457728e+01,2.459073e+01,2.497337e+01,2.524105e+01,2.517419e+01,2.529451e+01,2.502026e+01,2.502026e+01,2.500687e+01,2.479230e+01,2.475873e+01,2.501357e+01,2.499347e+01,2.536129e+01,2.562132e+01,2.560134e+01,2.564796e+01,2.562798e+01,2.560800e+01,2.539466e+01,2.536796e+01,2.512737e+01,2.502696e+01,2.495997e+01,2.502696e+01,2.477887e+01,2.483927e+01,2.506713e+01,2.547471e+01,2.547471e+01,2.555471e+01,2.584750e+01,2.563464e+01,2.562132e+01,2.557470e+01,2.536796e+01,2.509391e+01,2.490634e+01,2.470500e+01,2.458401e+01,2.482585e+01,2.482585e+01,2.534793e+01,2.512068e+01,2.510730e+01,2.544137e+01,2.570786e+01,2.566793e+01,2.556137e+01,2.559468e+01,2.563464e+01,2.564796e+01,2.562798e+01,2.564130e+01,2.564796e+01,2.559468e+01,2.538131e+01,2.541468e+01,2.536796e+01,2.518088e+01,2.535461e+01,2.510730e+01,2.512068e+01,2.488622e+01,2.487952e+01,2.473187e+01,2.459746e+01,2.443594e+01,2.442247e+01,2.440900e+01,2.430790e+01,2.412566e+01,2.408512e+01,2.396341e+01,2.401076e+01,2.387542e+01,2.405133e+01,2.386865e+01,2.382123e+01,2.366529e+01,2.367207e+01,2.380768e+01,2.389573e+01,2.392958e+01,2.412566e+01,2.413917e+01,2.430790e+01,2.440900e+01,2.455038e+01,2.436857e+01,2.443594e+01,2.430790e+01,2.436183e+01,2.426068e+01,2.438878e+01,2.433487e+01,2.457728e+01,2.444941e+01,2.460419e+01,2.458401e+01,2.467141e+01,2.452346e+01,2.435509e+01,2.405809e+01,2.403105e+01,2.391604e+01,2.408512e+01,2.399047e+01,2.403105e+01,2.416619e+01,2.446288e+01,2.459073e+01,2.463780e+01,2.485269e+01,2.487281e+01,2.478558e+01,2.470500e+01,2.428766e+01,2.401076e+01,2.373990e+01,2.371956e+01,2.365172e+01,2.364493e+01,2.349552e+01,2.360420e+01,2.349552e+01,2.347513e+01,2.332547e+01,2.339352e+01,2.336630e+01,2.330504e+01,2.340032e+01,2.337311e+01,2.340713e+01,2.338672e+01,2.340032e+01,2.342073e+01,2.340713e+01,2.347513e+01,2.345473e+01,2.337991e+01,2.319604e+01,2.335950e+01,2.330504e+01,2.332547e+01,2.343433e+01,2.336630e+01,2.350911e+01,2.336630e+01,2.337991e+01,2.354308e+01,2.339352e+01,2.342753e+01,2.346153e+01,2.326418e+01,2.335269e+01,2.317559e+01,2.334589e+01,2.342073e+01,2.329142e+01,2.336630e+01,2.330504e+01,2.331185e+01,2.349552e+01,2.335950e+01,2.333228e+01,2.335269e+01,2.348872e+01,2.332547e+01,2.335269e+01,2.332547e+01,2.336630e+01,2.346833e+01,2.352949e+01,2.358383e+01,2.367886e+01,2.361778e+01,2.363136e+01,2.338672e+01,2.342073e+01,2.337311e+01,2.338672e+01
2.460419e+01,2.451673e+01,2.471172e+01,2.450327e+01,2.463108e+01,2.452346e+01,2.451000e+01,2.452346e+01,2.450327e+01,2.453692e+01,2.446961e+01,2.448981e+01,2.449654e+01,2.435509e+01,2.451000e+01,2.458401e+01,2.459073e+01,2.455038e+01,2.445614e+01,2.448981e+01,2.446288e+01,2.450327e+01,2.443594e+01,2.443594e+01,2.444941e+01,2.446288e+01,2.444941e+01,2.445614e+01,2.441573e+01,2.442921e+01,2.440900e+01,2.447635e+01,2.452346e+01,2.436857e+01,2.448981e+01,2.447635e+01,2.447635e+01,2.444941e+01,2.442921e+01,2.440226e+01,2.439552e+01,2.439552e+01,2.439552e+01,2.438878e+01,2.442921e+01,2.459746e+01,2.449654e+01,2.457056e+01,2.436857e+01,2.450327e+01,2.444941e+01,2.443594e+01,2.442247e+01,2.462436e+01,2.461763e+01,2.461091e+01,2.459073e+01,2.459073e+01,2.456383e+01,2.466469e+01,2.472515e+01,2.473187e+01,2.468484e+01,2.463108e+01,2.452346e+01,2.463108e+01,2.460419e+01,2.465124e+01,2.470500e+01,2.448308e+01,2.465124e+01,2.467141e+01,2.467141e+01,2.458401e+01,2.467813e+01,2.473858e+01,2.477887e+01,2.464452e+01,2.478558e+01,2.460419e+01,2.477887e+01,2.478558e+01,2.477887e+01,2.468484e+01,2.487952e+01,2.475201e+01,2.465796e+01,2.471172e+01,2.469828e+01,2.475873e+01,2.473187e+01,2.478558e+01,2.477887e+01,2.478558e+01,2.476544e+01,2.467141e+01,2.481914e+01,2.463780e+01,2.458401e+01,2.475873e+01,2.473858e+01,2.472515e+01,2.482585e+01,2.479230e+01,2.483256e+01,2.477887e+01,2.470500e+01,2.471172e+01,2.460419e+01,2.476544e+01,2.473187e+01,2.475201e+01,2.470500e+01,2.476544e+01,2.467813e+01,2.475201e+01,2.475201e+01,2.466469e+01,2.469156e+01,2.483927e+01,2.465796e+01,2.462436e+01,2.473858e+01,2.471844e+01,2.471844e+01,2.460419e+01,2.475201e+01,2.473187e+01,2.474530e+01,2.472515e+01,2.467813e+01,2.473187e+01,2.468484e+01,2.461763e+01,2.464452e+01,2.475201e+01,2.470500e+01,2.465796e+01,2.462436e+01,2.475201e+01,2.477887e+01,2.481914e+01,2.465124e+01,2.470500e+01,2.463108e+01,2.471172e+01,2.464452e+01,2.454365e+01,2.461091e+01,2.483256e+01,2.463108e+01,2.457728e+01,2.469828e+01,2.469156e+01,2.466469e+01,2.469156e+01,2.461763e+01,2.460419e+01,2.458401e+01,2.461763e+01,2.459073e+01,2.458401e+01,2.457056e+01,2.469156e+01,2.448981e+01,2.450327e+01,2.457728e+01,2.454365e+01,2.436183e+01,2.454365e+01,2.444941e+01,2.449654e+01,2.451673e+01,2.442247e+01,2.446961e+01,2.419319e+01,2.443594e+01,2.454365e+01,2.456383e+01,2.469828e+01,2.471844e+01,2.471844e+01,2.472515e+01,2.471844e+01,2.467813e+01,2.492645e+01,2.461763e+01,2.460419e+01,2.467141e+01,2.473187e+01,2.473187e+01,2.476544e+01,2.473858e+01,2.477216e+01,2.477887e+01,2.461763e+01,2.480572e+01,2.489964e+01,2.481914e+01,2.479901e+01,2.489964e+01,2.506713e+01,2.492645e+01,2.495326e+01,2.480572e+01,2.467813e+01,2.504035e+01,2.486610e+01,2.485940e+01,2.493986e+01,2.485940e+01,2.499347e+01,2.498677e+01,2.495326e+01,2.475873e+01,2.471844e+01,2.467813e+01,2.473858e+01,2.474530e+01,2.481243e+01,2.489293e+01,2.487952e+01,2.495326e+01,2.514075e+01,2.540133e+01,2.550805e+01,2.541468e+01,2.558802e+01,2.562798e+01,2.554804e+01,2.548805e+01,2.548805e+01,2.544804e+01,2.525442e+01,2.531454e+01,2.524773e+01,2.516082e+01,2.500687e+01,2.511399e+01,2.505375e+01,2.495326e+01,2.497337e+01,2.508722e+01,2.520094e+01,2.540133e+01,2.546138e+01,2.557470e+01,2.567459e+01,2.570786e+01,2.579433e+01,2.573447e+01,2.574113e+01,2.550805e+01,2.550805e+01,2.534793e+01,2.526778e+01,2.519426e+01,2.504705e+01,2.474530e+01,2.438205e+01,2.441573e+01,2.436183e+01,2.457728e+01,2.491305e+01,2.502026e+01,2.529451e+01,2.543469e+01,2.549472e+01,2.562132e+01,2.561466e+01,2.589401e+01,2.591393e+01,2.589401e+01,2.584085e+01,2.579433e+01,2.581427e+01,2.555471e+01,2.529451e+01,2.514744e+01,2.493316e+01,2.473187e+01,2.477216e+01,2.474530e+01,2.474530e+01,2.480572e+01,2.483927e+01,2.502696e+01,2.501357e+01,2.520094e+01,2.526110e+01,2.537464e+01,2.543469e+01,2.532790e+01,2.548805e+01,2.556804e+01,2.575443e+01,2.574113e+01,2.592057e+01,2.583421e+01,2.612623e+01,2.604004e+01,2.606656e+01,2.625870e+01,2.637117e+01,2.638439e+01,2.659575e+01,2.664193e+01,2.654955e+01,2.660895e+01,2.666831e+01,2.681327e+01,2.668809e+01,2.680010e+01,2.659575e+01,2.670786e+01,2.666831e+01,2.664852e+01,2.667490e+01,2.643727e+01,2.627194e+01,2.619911e+01,2.594713e+01,2.592057e+01,2.574113e+01,2.539466e+01,2.536796e+01,2.531454e+01,2.534126e+01,2.533458e+01,2.540133e+01,2.552139e+01,2.564130e+01,2.564130e+01,2.580097e+01,2.582756e+01,2.578103e+01,2.574113e+01,2.575443e+01,2.594713e+01,2.598032e+01,2.597368e+01,2.597368e+01,2.596704e+01,2.596041e+01,2.595377e+01,2.596704e+01,2.600023e+01,2.587408e+01,2.595377e+01,2.597368e+01,2.592721e+01,2.580097e+01,2.587408e+01,2.590729e+01,2.590065e+01,2.592721e+01,2.585415e+01,2.577438e+01,2.591393e+01,2.586079e+01,2.590729e+01,2.598696e+01,2.582092e+01,2.586743e+01,2.592057e+01,2.617261e+01,2.601350e+01,2.600686e+01,2.600686e+01,2.601350e+01,2.604004e+01,2.605330e+01,2.588736e+01,2.586743e+01,2.602677e+01,2.580097e+01,2.594713e+01,2.601350e+01,2.600686e+01,2.590065e+01,2.595377e+01,2.599359e+01,2.602677e+01,2.617261e+01,2.626532e+01,2.627194e+01,2.614611e+01,2.589401e+01,2.582756e+01,2.542802e+01,2.545471e+01,2.518757e+01,2.530787e+01,2.546805e+01,2.559468e+01,2.556804e+01,2.549472e+01,2.542802e+01,2.531454e+01,2.487952e+01,2.479901e+01,2.470500e+01,2.487281e+01,2.506713e+01,2.532790e+01,2.572117e+01,2.595377e+01,2.602677e+01,2.593385e+01,2.624546e+01,2.628517e+01,2.629841e+01,2.627855e+01,2.628517e+01,2.595377e+01,2.594713e+01,2.562132e+01,2.553472e+01,2.548805e+01,2.531454e+01,2.538799e+01,2.541468e+01,2.568790e+01,2.588736e+01,2.622560e+01,2.650333e+01,2.643727e+01,2.660895e+01,2.674081e+01,2.676717e+01,2.676717e+01,2.662874e+01,2.643066e+01,2.631164e+01,2.619248e+01,2.602013e+01,2.566127e+01,2.539466e+01,2.540133e+01,2.532122e+01,2.514744e+01,2.517419e+01,2.518088e+01,2.527446e+01,2.526778e+01,2.560800e+01,2.562132e+01,2.566127e+01,2.575443e+01,2.587408e+01,2.584750e+01,2.586743e+01,2.588736e+01,2.581427e+01,2.559468e+01,2.526110e+01,2.493316e+01,2.463108e+01,2.457728e+01,2.472515e+01,2.505375e+01,2.518757e+01,2.518088e+01,2.516751e+01,2.501357e+01,2.479901e+01,2.483927e+01,2.484598e+01,2.474530e+01,2.489293e+01,2.487281e+01,2.536796e+01,2.540133e+01,2.558136e+01,2.564130e+01,2.560134e+01,2.559468e+01,2.524773e+01,2.516751e+01,2.514075e+01,2.481243e+01,2.471172e+01,2.481914e+01,2.460419e+01,2.464452e+01,2.486610e+01,2.510060e+01,2.512737e+01,2.547471e+01,2.550805e+01,2.554804e+01,2.542135e+01,2.548138e+01,2.514075e+01,2.491975e+01,2.467813e+01,2.442921e+01,2.453019e+01,2.471172e+01,2.481243e+01,2.482585e+01,2.511399e+01,2.510060e+01,2.512068e+01,2.550805e+01,2.540801e+01,2.550139e+01,2.556804e+01,2.546138e+01,2.540801e+01,2.560134e+01,2.556804e+01,2.551472e+01,2.559468e+01,2.527446e+01,2.546138e+01,2.542802e+01,2.538131e+01,2.516751e+01,2.513406e+01,2.512737e+01,2.491305e+01,2.477216e+01,2.460419e+01,2.451673e+01,2.446961e+01,2.436183e+01,2.434161e+01,2.417294e+01,2.410540e+01,2.428766e+01,2.398371e+01,2.394988e+01,2.392958e+01,2.386187e+01,2.376024e+01,2.363814e+01,2.370599e+01,2.368564e+01,2.364493e+01,2.380768e+01,2.383478e+01,2.393634e+01,2.414593e+01,2.415943e+01,2.438878e+01,2.423369e+01,2.438878e+01,2.428092e+01,2.427417e+01,2.425393e+01,2.417294e+01,2.428092e+01,2.436857e+01,2.448981e+01,2.447635e+01,2.463780e+01,2.453692e+01,2.469156e+01,2.450327e+01,2.397018e+01,2.410540e+01,2.392281e+01,2.390250e+01,2.401076e+01,2.379413e+01,2.394988e+01,2.411215e+01,2.417969e+01,2.440900e+01,2.463108e+01,2.488622e+01,2.486610e+01,2.481243e+01,2.475201e+01,2.471172e+01,2.421344e+01,2.381446e+01,2.366529e+01,2.365850e+01,2.347513e+01,2.352949e+01,2.350231e+01,2.333228e+01,2.346833e+01,2.351590e+01,2.332547e+01,2.352270e+01,2.341393e+01,2.333228e+01,2.336630e+01,2.340032e+01,2.330504e+01,2.325056e+01,2.334589e+01,2.336630e+01,2.337311e+01,2.345473e+01,2.333228e+01,2.318923e+01,2.346153e+01,2.337991e+01,2.350231e+01,2.327780e+01,2.330504e+01,2.335950e+01,2.328461e+01,2.333228e+01,2.335950e+01,2.339352e+01,2.341393e+01,2.324374e+01,2.340713e+01,2.326418e+01,2.333228e+01,2.341393e+01,2.337311e+01,2.323693e+01,2.314150e+01,2.330504e+01,2.329142e+01,2.335269e+01,2.341393e+01,2.334589e+01,2.333228e+01,2.337991e+01,2.334589e+01,2.333908e+01,2.325056e+01,2.348872e+01,2.353629e+01,2.352949e+01,2.357025e+01,2.364493e+01,2.339352e+01,2.346153e+01,2.344793e+01,2.335950e+01,2.334589e+01,2.330504e+01
2.453019e+01,2.451673e+01,2.457728e+01,2.452346e+01,2.451673e+01,2.455710e+01,2.461091e+01,2.455038e+01,2.457056e+01,2.455710e+01,2.453692e+01,2.458401e+01,2.442921e+01,2.451000e+01,2.445614e+01,2.444941e+01,2.447635e+01,2.434835e+01,2.442921e+01,2.444268e+01,2.444941e+01,2.444941e+01,2.448308e+01,2.448981e+01,2.448981e+01,2.444941e+01,2.440900e+01,2.450327e+01,2.445614e+01,2.442921e+01,2.444941e+01,2.436857e+01,2.438205e+01,2.448981e+01,2.442921e+01,2.441573e+01,2.445614e+01,2.448981e+01,2.448981e+01,2.436857e+01,2.434835e+01,2.434161e+01,2.449654e+01,2.440226e+01,2.462436e+01,2.452346e+01,2.456383e+01,2.457728e+01,2.448308e+01,2.449654e+01,2.446961e+01,2.450327e+01,2.452346e+01,2.467813e+01,2.461763e+01,2.458401e+01,2.458401e+01,2.461091e+01,2.461763e+01,2.473187e+01,2.465124e+01,2.436857e+01,2.453692e+01,2.451000e+01,2.466469e+01,2.471172e+01,2.479901e+01,2.449654e+01,2.470500e+01,2.465796e+01,2.475201e+01,2.454365e+01,2.454365e+01,2.467141e+01,2.471844e+01,2.467813e+01,2.461091e+01,2.465796e+01,2.463780e+01,2.467813e+01,2.479901e+01,2.464452e+01,2.477216e+01,2.473187e+01,2.471172e+01,2.475201e+01,2.464452e+01,2.470500e+01,2.475201e+01,2.472515e+01,2.475873e+01,2.467141e+01,2.473187e+01,2.467813e+01,2.465124e+01,2.476544e+01,2.463780e+01,2.475201e+01,2.467813e+01,2.472515e+01,2.473187e+01,2.471172e+01,2.472515e+01,2.478558e+01,2.473858e+01,2.479230e+01,2.464452e+01,2.480572e+01,2.473187e+01,2.469156e+01,2.479230e+01,2.472515e+01,2.469828e+01,2.471844e+01,2.475873e+01,2.467141e+01,2.474530e+01,2.474530e+01,2.474530e+01,2.486610e+01,2.477887e+01,2.479901e+01,2.473858e+01,2.468484e+01,2.477216e+01,2.469828e+01,2.475201e+01,2.471844e+01,2.483927e+01,2.479901e+01,2.469828e+01,2.467141e+01,2.463780e+01,2.466469e+01,2.479901e+01,2.471172e+01,2.465124e+01,2.473858e+01,2.475201e+01,2.476544e+01,2.467813e+01,2.467141e+01,2.480572e+01,2.468484e+01,2.467141e+01,2.479230e+01,2.471172e+01,2.464452e+01,2.459746e+01,2.460419e+01,2.461763e+01,2.464452e+01,2.462436e+01,2.463780e+01,2.467141e+01,2.461091e+01,2.459746e+01,2.465796e+01,2.464452e+01,2.461763e+01,2.461763e+01,2.460419e+01,2.463108e+01,2.448981e+01,2.454365e+01,2.465796e+01,2.453019e+01,2.469156e+01,2.451000e+01,2.449654e+01,2.451000e+01,2.453692e+01,2.453692e+01,2.454365e+01,2.453692e+01,2.442247e+01,2.451000e+01,2.449654e+01,2.449654e+01,2.455038e+01,2.476544e+01,2.455710e+01,2.455710e+01,2.470500e+01,2.451673e+01,2.469156e+01,2.454365e+01,2.473187e+01,2.463780e+01,2.471172e+01,2.475873e+01,2.461091e+01,2.470500e+01,2.471172e+01,2.469156e+01,2.473858e+01,2.479901e+01,2.480572e+01,2.485269e+01,2.477216e+01,2.495326e+01,2.479230e+01,2.486610e+01,2.475873e+01,2.498007e+01,2.487281e+01,2.493986e+01,2.491975e+01,2.484598e+01,2.496667e+01,2.484598e+01,2.474530e+01,2.484598e+01,2.496667e+01,2.475201e+01,2.485269e+01,2.483927e+01,2.471844e+01,2.483256e+01,2.490634e+01,2.483256e+01,2.495997e+01,2.501357e+01,2.515413e+01,2.539466e+01,2.540133e+01,2.540801e+01,2.543469e+01,2.552139e+01,2.549472e+01,2.542802e+01,2.542802e+01,2.542135e+01,2.534793e+01,2.510060e+01,2.516082e+01,2.514744e+01,2.517419e+01,2.500687e+01,2.506713e+01,2.499347e+01,2.499347e+01,2.495997e+01,2.520094e+01,2.540133e+01,2.553472e+01,2.566793e+01,2.567459e+01,2.578103e+01,2.585415e+01,2.589401e+01,2.576773e+01,2.572782e+01,2.553472e+01,2.542802e+01,2.524773e+01,2.515413e+01,2.478558e+01,2.449654e+01,2.432138e+01,2.428766e+01,2.433487e+01,2.466469e+01,2.480572e+01,2.526778e+01,2.528782e+01,2.534126e+01,2.550139e+01,2.556137e+01,2.574778e+01,2.567459e+01,2.576773e+01,2.582092e+01,2.566793e+01,2.569455e+01,2.546138e+01,2.542135e+01,2.516082e+01,2.506713e+01,2.490634e+01,2.471844e+01,2.476544e+01,2.473187e+01,2.482585e+01,2.489293e+01,2.485940e+01,2.490634e+01,2.501357e+01,2.508722e+01,2.527446e+01,2.542135e+01,2.539466e+01,2.541468e+01,2.541468e+01,2.558802e+01,2.560134e+01,2.570786e+01,2.576108e+01,2.583421e+01,2.596041e+01,2.601350e+01,2.619248e+01,2.626532e+01,2.611297e+01,2.633149e+01,2.633810e+01,2.639761e+01,2.663533e+01,2.676717e+01,2.679352e+01,2.681327e+01,2.688568e+01,2.683302e+01,2.674740e+01,2.666171e+01,2.665512e+01,2.662214e+01,2.657595e+01,2.648352e+01,2.647691e+01,2.618586e+01,2.609309e+01,2.568790e+01,2.564130e+01,2.544804e+01,2.532790e+01,2.527446e+01,2.527446e+01,2.535461e+01,2.532122e+01,2.539466e+01,2.554138e+01,2.567459e+01,2.571451e+01,2.579433e+01,2.588736e+01,2.601350e+01,2.600686e+01,2.596704e+01,2.599359e+01,2.603340e+01,2.596704e+01,2.596704e+01,2.604667e+01,2.605330e+01,2.607319e+01,2.598696e+01,2.602013e+01,2.600023e+01,2.604667e+01,2.595377e+01,2.603340e+01,2.596704e+01,2.609309e+01,2.590065e+01,2.588736e+01,2.592721e+01,2.578103e+01,2.593385e+01,2.587408e+01,2.586079e+01,2.586079e+01,2.586079e+01,2.612623e+01,2.603340e+01,2.592721e+01,2.603340e+01,2.604667e+01,2.591393e+01,2.588072e+01,2.617261e+01,2.614611e+01,2.602013e+01,2.606656e+01,2.587408e+01,2.601350e+01,2.595377e+01,2.594713e+01,2.600686e+01,2.596041e+01,2.601350e+01,2.606656e+01,2.604004e+01,2.619248e+01,2.630502e+01,2.626532e+01,2.619911e+01,2.602013e+01,2.602677e+01,2.556137e+01,2.543469e+01,2.542802e+01,2.546805e+01,2.556137e+01,2.555471e+01,2.558802e+01,2.559468e+01,2.539466e+01,2.521431e+01,2.495326e+01,2.471172e+01,2.465124e+01,2.487281e+01,2.528782e+01,2.533458e+01,2.574778e+01,2.595377e+01,2.615936e+01,2.606656e+01,2.636456e+01,2.627855e+01,2.641084e+01,2.623222e+01,2.614611e+01,2.594713e+01,2.594049e+01,2.561466e+01,2.567459e+01,2.544137e+01,2.530119e+01,2.524105e+01,2.536796e+01,2.566127e+01,2.596041e+01,2.622560e+01,2.639100e+01,2.662874e+01,2.658255e+01,2.662874e+01,2.656275e+01,2.649673e+01,2.664852e+01,2.645709e+01,2.635794e+01,2.628517e+01,2.613286e+01,2.565462e+01,2.542135e+01,2.544137e+01,2.537464e+01,2.545471e+01,2.548138e+01,2.526110e+01,2.554804e+01,2.532122e+01,2.570121e+01,2.546138e+01,2.574113e+01,2.584750e+01,2.586079e+01,2.596041e+01,2.587408e+01,2.600686e+01,2.570121e+01,2.561466e+01,2.530787e+01,2.493316e+01,2.465124e+01,2.459746e+01,2.496667e+01,2.506713e+01,2.514744e+01,2.512068e+01,2.514075e+01,2.502696e+01,2.483256e+01,2.465124e+01,2.472515e+01,2.473858e+01,2.473858e+01,2.496667e+01,2.514075e+01,2.546138e+01,2.547471e+01,2.544137e+01,2.565462e+01,2.556804e+01,2.536796e+01,2.524773e+01,2.491305e+01,2.489293e+01,2.469828e+01,2.434835e+01,2.443594e+01,2.441573e+01,2.448308e+01,2.486610e+01,2.493316e+01,2.512737e+01,2.516082e+01,2.541468e+01,2.522100e+01,2.518757e+01,2.498677e+01,2.467141e+01,2.441573e+01,2.445614e+01,2.431464e+01,2.445614e+01,2.454365e+01,2.472515e+01,2.483256e+01,2.512068e+01,2.508052e+01,2.526110e+01,2.540801e+01,2.548138e+01,2.555471e+01,2.558802e+01,2.545471e+01,2.556137e+01,2.544137e+01,2.555471e+01,2.548805e+01,2.542802e+01,2.540801e+01,2.538131e+01,2.510730e+01,2.531454e+01,2.498007e+01,2.495326e+01,2.493316e+01,2.483927e+01,2.471172e+01,2.462436e+01,2.458401e+01,2.444268e+01,2.416619e+01,2.411891e+01,2.409864e+01,2.403781e+01,2.405133e+01,2.396341e+01,2.389573e+01,2.384155e+01,2.362457e+01,2.371956e+01,2.369921e+01,2.382123e+01,2.365172e+01,2.384833e+01,2.361099e+01,2.389573e+01,2.411215e+01,2.416619e+01,2.413242e+01,2.415268e+01,2.413917e+01,2.417294e+01,2.414593e+01,2.390927e+01,2.413917e+01,2.412566e+01,2.434161e+01,2.442921e+01,2.455038e+01,2.446961e+01,2.444941e+01,2.446288e+01,2.443594e+01,2.437531e+01,2.392281e+01,2.390927e+01,2.394311e+01,2.372634e+01,2.389573e+01,2.393634e+01,2.408512e+01,2.424719e+01,2.419994e+01,2.463108e+01,2.471172e+01,2.467141e+01,2.492645e+01,2.493986e+01,2.472515e+01,2.448981e+01,2.403781e+01,2.366529e+01,2.354308e+01,2.360420e+01,2.354308e+01,2.354987e+01,2.353629e+01,2.340713e+01,2.351590e+01,2.341393e+01,2.341393e+01,2.340713e+01,2.345473e+01,2.337311e+01,2.342073e+01,2.319604e+01,2.337991e+01,2.339352e+01,2.339352e+01,2.347513e+01,2.334589e+01,2.348192e+01,2.336630e+01,2.333908e+01,2.331866e+01,2.333908e+01,2.329823e+01,2.327780e+01,2.331866e+01,2.336630e+01,2.335269e+01,2.329823e+01,2.319604e+01,2.340032e+01,2.321649e+01,2.341393e+01,2.333228e+01,2.331185e+01,2.335950e+01,2.335269e+01,2.333228e+01,2.337991e+01,2.327099e+01,2.331185e+01,2.340713e+01,2.341393e+01,2.334589e+01,2.334589e+01,2.331866e+01,2.334589e+01,2.330504e+01,2.333908e+01,2.323693e+01,2.340713e+01,2.341393e+01,2.357704e+01,2.354308e+01,2.346153e+01,2.342753e+01,2.340713e+01,2.332547e+01,2.331866e+01,2.329142e+01
2.453692e+01,2.451000e+01,2.457728e+01,2.448981e+01,2.461091e+01,2.449654e+01,2.451000e+01,2.454365e+01,2.459073e+01,2.451673e+01,2.451673e+01,2.454365e+01,2.449654e+01,2.444268e+01,2.444268e+01,2.455710e+01,2.442247e+01,2.444268e+01,2.442921e+01,2.442247e+01,2.444268e+01,2.446288e+01,2.447635e+01,2.446288e+01,2.442921e+01,2.440226e+01,2.444941e+01,2.446961e+01,2.442247e+01,2.438205e+01,2.436857e+01,2.446288e+01,2.438205e+01,2.446288e+01,2.442921e+01,2.448308e+01,2.444941e+01,2.448981e+01,2.438878e+01,2.443594e+01,2.449654e+01,2.442921e+01,2.440900e+01,2.438878e+01,2.451673e+01,2.440900e+01,2.458401e+01,2.438878e+01,2.433487e+01,2.441573e+01,2.451673e+01,2.450327e+01,2.457056e+01,2.469156e+01,2.442921e+01,2.453692e+01,2.457056e+01,2.455710e+01,2.453692e+01,2.462436e+01,2.453692e+01,2.445614e+01,2.453692e+01,2.451000e+01,2.463780e+01,2.474530e+01,2.467141e+01,2.467141e+01,2.460419e+01,2.466469e+01,2.463108e+01,2.455038e+01,2.459073e+01,2.466469e+01,2.465124e+01,2.447635e+01,2.469156e+01,2.468484e+01,2.476544e+01,2.473858e+01,2.469828e+01,2.464452e+01,2.468484e+01,2.473187e+01,2.476544e+01,2.461763e+01,2.469828e+01,2.464452e+01,2.469828e+01,2.467141e+01,2.471844e+01,2.475201e+01,2.473858e+01,2.475873e+01,2.472515e+01,2.471844e+01,2.463780e+01,2.470500e+01,2.473858e+01,2.483256e+01,2.481243e+01,2.473187e+01,2.481914e+01,2.479230e+01,2.481914e+01,2.480572e+01,2.469156e+01,2.467813e+01,2.465124e+01,2.470500e+01,2.470500e+01,2.472515e+01,2.471172e+01,2.467141e+01,2.479230e+01,2.465124e+01,2.472515e+01,2.473187e+01,2.481914e+01,2.471172e+01,2.472515e+01,2.489964e+01,2.469156e+01,2.466469e+01,2.473858e+01,2.471172e+01,2.470500e+01,2.470500e+01,2.475873e+01,2.477887e+01,2.479901e+01,2.476544e+01,2.475873e+01,2.469156e+01,2.477887e+01,2.472515e+01,2.462436e+01,2.465124e+01,2.473187e+01,2.473858e+01,2.475201e+01,2.471172e+01,2.471172e+01,2.463780e+01,2.467141e+01,2.460419e+01,2.468484e+01,2.463780e+01,2.463108e+01,2.464452e+01,2.456383e+01,2.461091e+01,2.471844e+01,2.461763e+01,2.463780e+01,2.462436e+01,2.466469e+01,2.469828e+01,2.469156e+01,2.470500e+01,2.467141e+01,2.458401e+01,2.468484e+01,2.457728e+01,2.458401e+01,2.457056e+01,2.452346e+01,2.451000e+01,2.455038e+01,2.457728e+01,2.453692e+01,2.455038e+01,2.455710e+01,2.458401e+01,2.454365e+01,2.483256e+01,2.480572e+01,2.456383e+01,2.455038e+01,2.455038e+01,2.455038e+01,2.457728e+01,2.464452e+01,2.453692e+01,2.453692e+01,2.455038e+01,2.453019e+01,2.453692e+01,2.458401e+01,2.458401e+01,2.465796e+01,2.465796e+01,2.479230e+01,2.471172e+01,2.475201e+01,2.480572e+01,2.476544e+01,2.483927e+01,2.475873e+01,2.476544e+01,2.478558e+01,2.482585e+01,2.480572e+01,2.495997e+01,2.493986e+01,2.502026e+01,2.501357e+01,2.488622e+01,2.499347e+01,2.490634e+01,2.483927e+01,2.500017e+01,2.493986e+01,2.485269e+01,2.484598e+01,2.477887e+01,2.489293e+01,2.484598e+01,2.479901e+01,2.487281e+01,2.491975e+01,2.495997e+01,2.493986e+01,2.522768e+01,2.527446e+01,2.514075e+01,2.540801e+01,2.541468e+01,2.542802e+01,2.540801e+01,2.544804e+01,2.532790e+01,2.536129e+01,2.530787e+01,2.516751e+01,2.526110e+01,2.524773e+01,2.520094e+01,2.528782e+01,2.519426e+01,2.516082e+01,2.515413e+01,2.518088e+01,2.526110e+01,2.560134e+01,2.549472e+01,2.586743e+01,2.588736e+01,2.589401e+01,2.607982e+01,2.590729e+01,2.588736e+01,2.574113e+01,2.567459e+01,2.557470e+01,2.524773e+01,2.512068e+01,2.485269e+01,2.448981e+01,2.442247e+01,2.440900e+01,2.446288e+01,2.469828e+01,2.501357e+01,2.504035e+01,2.504705e+01,2.532122e+01,2.546138e+01,2.543469e+01,2.544137e+01,2.552805e+01,2.554804e+01,2.552805e+01,2.542135e+01,2.542135e+01,2.510730e+01,2.512737e+01,2.504035e+01,2.481914e+01,2.472515e+01,2.454365e+01,2.453692e+01,2.454365e+01,2.472515e+01,2.482585e+01,2.481914e+01,2.493986e+01,2.495997e+01,2.499347e+01,2.502696e+01,2.506044e+01,2.512068e+01,2.507383e+01,2.539466e+01,2.541468e+01,2.539466e+01,2.556137e+01,2.549472e+01,2.560134e+01,2.582756e+01,2.584085e+01,2.612623e+01,2.619248e+01,2.616599e+01,2.630502e+01,2.628517e+01,2.656275e+01,2.662214e+01,2.664193e+01,2.676058e+01,2.674081e+01,2.662874e+01,2.680010e+01,2.672763e+01,2.680010e+01,2.666171e+01,2.662874e+01,2.662214e+01,2.656935e+01,2.618586e+01,2.615936e+01,2.597368e+01,2.566127e+01,2.559468e+01,2.550805e+01,2.530119e+01,2.526110e+01,2.524773e+01,2.526110e+01,2.532790e+01,2.536796e+01,2.562132e+01,2.583421e+01,2.580762e+01,2.584085e+01,2.596041e+01,2.606656e+01,2.597368e+01,2.601350e+01,2.610634e+01,2.597368e+01,2.620573e+01,2.604004e+01,2.598696e+01,2.619248e+01,2.611297e+01,2.605993e+01,2.605330e+01,2.601350e+01,2.600023e+01,2.600686e+01,2.594713e+01,2.604004e+01,2.591393e+01,2.591393e+01,2.587408e+01,2.586743e+01,2.571451e+01,2.591393e+01,2.563464e+01,2.571451e+01,2.581427e+01,2.586743e+01,2.577438e+01,2.590065e+01,2.593385e+01,2.593385e+01,2.602013e+01,2.602677e+01,2.599359e+01,2.601350e+01,2.600686e+01,2.596704e+01,2.607982e+01,2.594713e+01,2.587408e+01,2.600023e+01,2.596704e+01,2.597368e+01,2.595377e+01,2.588072e+01,2.590729e+01,2.595377e+01,2.613286e+01,2.628517e+01,2.621235e+01,2.625870e+01,2.594049e+01,2.586743e+01,2.551472e+01,2.547471e+01,2.546138e+01,2.544804e+01,2.554804e+01,2.544137e+01,2.556137e+01,2.541468e+01,2.536129e+01,2.518757e+01,2.506713e+01,2.475873e+01,2.478558e+01,2.491975e+01,2.524773e+01,2.556137e+01,2.584750e+01,2.586743e+01,2.602013e+01,2.630502e+01,2.608646e+01,2.614611e+01,2.634472e+01,2.615936e+01,2.606656e+01,2.588072e+01,2.574778e+01,2.572782e+01,2.572782e+01,2.540133e+01,2.537464e+01,2.505375e+01,2.516082e+01,2.540133e+01,2.581427e+01,2.602013e+01,2.621898e+01,2.647691e+01,2.647031e+01,2.654955e+01,2.643066e+01,2.649673e+01,2.645709e+01,2.644388e+01,2.635794e+01,2.615936e+01,2.600023e+01,2.574113e+01,2.568790e+01,2.542135e+01,2.543469e+01,2.546805e+01,2.542802e+01,2.552139e+01,2.554138e+01,2.554804e+01,2.566127e+01,2.570786e+01,2.576773e+01,2.577438e+01,2.585415e+01,2.595377e+01,2.587408e+01,2.595377e+01,2.588072e+01,2.559468e+01,2.522100e+01,2.480572e+01,2.455038e+01,2.463108e+01,2.502026e+01,2.505375e+01,2.511399e+01,2.511399e+01,2.509391e+01,2.481243e+01,2.476544e+01,2.476544e+01,2.476544e+01,2.475873e+01,2.485940e+01,2.495326e+01,2.530787e+01,2.542135e+01,2.545471e+01,2.557470e+01,2.550805e+01,2.558136e+01,2.525442e+01,2.518757e+01,2.505375e+01,2.468484e+01,2.467141e+01,2.446288e+01,2.443594e+01,2.419319e+01,2.424719e+01,2.448981e+01,2.442921e+01,2.453019e+01,2.494656e+01,2.516751e+01,2.516082e+01,2.491975e+01,2.473187e+01,2.450327e+01,2.432812e+01,2.428766e+01,2.451673e+01,2.448981e+01,2.470500e+01,2.480572e+01,2.479901e+01,2.485940e+01,2.510060e+01,2.507383e+01,2.530787e+01,2.547471e+01,2.541468e+01,2.568790e+01,2.550139e+01,2.562132e+01,2.548805e+01,2.545471e+01,2.548138e+01,2.538131e+01,2.536796e+01,2.503366e+01,2.513406e+01,2.500687e+01,2.488622e+01,2.492645e+01,2.466469e+01,2.485940e+01,2.448981e+01,2.461091e+01,2.447635e+01,2.424044e+01,2.435509e+01,2.435509e+01,2.407161e+01,2.407161e+01,2.395664e+01,2.392958e+01,2.384833e+01,2.379413e+01,2.362457e+01,2.371277e+01,2.363136e+01,2.376702e+01,2.373312e+01,2.359741e+01,2.384833e+01,2.392958e+01,2.396341e+01,2.395664e+01,2.387542e+01,2.411215e+01,2.408512e+01,2.409864e+01,2.411215e+01,2.410540e+01,2.408512e+01,2.417294e+01,2.434161e+01,2.434835e+01,2.441573e+01,2.439552e+01,2.440900e+01,2.442921e+01,2.446288e+01,2.419994e+01,2.394311e+01,2.380768e+01,2.367886e+01,2.392281e+01,2.390250e+01,2.390250e+01,2.401076e+01,2.421344e+01,2.425393e+01,2.428092e+01,2.461763e+01,2.477216e+01,2.471172e+01,2.473187e+01,2.473187e+01,2.453019e+01,2.447635e+01,2.400400e+01,2.365850e+01,2.361099e+01,2.357025e+01,2.348872e+01,2.352949e+01,2.339352e+01,2.340713e+01,2.337311e+01,2.337991e+01,2.336630e+01,2.345473e+01,2.343433e+01,2.326418e+01,2.323012e+01,2.335950e+01,2.346153e+01,2.336630e+01,2.350231e+01,2.349552e+01,2.333908e+01,2.331866e+01,2.335269e+01,2.350911e+01,2.348872e+01,2.330504e+01,2.329823e+01,2.329142e+01,2.337991e+01,2.325737e+01,2.343433e+01,2.330504e+01,2.335269e+01,2.337311e+01,2.346833e+01,2.328461e+01,2.340032e+01,2.343433e+01,2.340713e+01,2.323012e+01,2.325056e+01,2.344113e+01,2.341393e+01,2.335269e+01,2.320967e+01,2.336630e+01,2.335269e+01,2.348872e+01,2.346833e+01,2.333228e+01,2.348192e+01,2.333228e+01,2.335269e+01,2.354987e+01,2.337991e+01,2.344793e+01,2.340713e+01,2.335269e+01,2.357704e+01,2.326418e+01,2.332547e+01,2.335950e+01
2.457728e+01,2.459746e+01,2.452346e+01,2.457056e+01,2.454365e+01,2.459746e+01,2.460419e+01,2.451000e+01,2.450327e+01,2.462436e+01,2.467141e+01,2.445614e+01,2.451673e+01,2.441573e+01,2.456383e+01,2.455038e+01,2.441573e+01,2.443594e+01,2.441573e+01,2.452346e+01,2.444941e+01,2.440226e+01,2.449654e+01,2.448981e+01,2.450327e+01,2.442921e+01,2.454365e+01,2.441573e+01,2.441573e+01,2.434835e+01,2.445614e+01,2.441573e+01,2.436183e+01,2.447635e+01,2.440226e+01,2.441573e+01,2.442921e+01,2.453019e+01,2.459746e+01,2.446288e+01,2.449654e+01,2.444941e+01,2.436857e+01,2.446961e+01,2.432138e+01,2.452346e+01,2.442247e+01,2.438205e+01,2.451000e+01,2.444268e+01,2.452346e+01,2.448308e+01,2.455710e+01,2.450327e+01,2.459073e+01,2.455038e+01,2.457728e+01,2.475201e+01,2.457728e+01,2.465796e+01,2.461091e+01,2.471172e+01,2.457056e+01,2.467141e+01,2.451000e+01,2.464452e+01,2.477216e+01,2.453019e+01,2.472515e+01,2.461763e+01,2.459073e+01,2.461091e+01,2.471172e+01,2.469156e+01,2.473858e+01,2.471172e+01,2.464452e+01,2.461091e+01,2.453692e+01,2.475873e+01,2.467813e+01,2.469828e+01,2.461091e+01,2.465796e+01,2.471172e+01,2.467813e+01,2.463108e+01,2.463108e+01,2.463108e+01,2.465796e+01,2.473187e+01,2.467141e+01,2.473187e+01,2.473187e+01,2.476544e+01,2.473858e+01,2.471844e+01,2.477216e+01,2.477887e+01,2.474530e+01,2.479901e+01,2.476544e+01,2.480572e+01,2.474530e+01,2.459746e+01,2.466469e+01,2.468484e+01,2.469156e+01,2.467141e+01,2.469828e+01,2.471172e+01,2.472515e+01,2.469156e+01,2.469828e+01,2.467141e+01,2.471844e+01,2.468484e+01,2.465124e+01,2.478558e+01,2.482585e+01,2.479230e+01,2.478558e+01,2.467813e+01,2.472515e+01,2.475873e+01,2.478558e+01,2.471844e+01,2.479230e+01,2.476544e+01,2.478558e+01,2.473858e+01,2.477216e+01,2.470500e+01,2.470500e+01,2.470500e+01,2.471172e+01,2.475201e+01,2.477216e+01,2.487952e+01,2.464452e+01,2.468484e+01,2.469156e+01,2.471172e+01,2.461763e+01,2.464452e+01,2.466469e+01,2.465796e+01,2.463108e+01,2.455710e+01,2.469828e+01,2.457728e+01,2.461091e+01,2.461763e+01,2.467141e+01,2.467141e+01,2.467813e+01,2.469156e+01,2.473187e+01,2.475201e+01,2.465124e+01,2.474530e+01,2.471172e+01,2.471172e+01,2.461763e+01,2.459746e+01,2.454365e+01,2.464452e+01,2.455038e+01,2.453692e+01,2.450327e+01,2.456383e+01,2.455038e+01,2.454365e+01,2.491305e+01,2.516751e+01,2.503366e+01,2.473858e+01,2.458401e+01,2.454365e+01,2.459073e+01,2.455038e+01,2.455038e+01,2.455038e+01,2.451000e+01,2.452346e+01,2.453019e+01,2.454365e+01,2.451673e+01,2.455038e+01,2.457056e+01,2.445614e+01,2.463108e+01,2.463108e+01,2.481243e+01,2.473858e+01,2.482585e+01,2.484598e+01,2.481243e+01,2.489293e+01,2.498007e+01,2.498677e+01,2.498677e+01,2.498677e+01,2.498677e+01,2.498007e+01,2.528115e+01,2.524773e+01,2.504035e+01,2.503366e+01,2.504705e+01,2.500687e+01,2.502696e+01,2.503366e+01,2.492645e+01,2.483256e+01,2.491975e+01,2.481914e+01,2.490634e+01,2.498677e+01,2.508052e+01,2.513406e+01,2.492645e+01,2.519426e+01,2.525442e+01,2.542135e+01,2.539466e+01,2.540133e+01,2.551472e+01,2.562132e+01,2.552805e+01,2.545471e+01,2.547471e+01,2.549472e+01,2.544804e+01,2.541468e+01,2.550805e+01,2.550139e+01,2.538799e+01,2.546138e+01,2.544804e+01,2.546805e+01,2.544137e+01,2.548805e+01,2.585415e+01,2.580097e+01,2.584085e+01,2.591393e+01,2.590729e+01,2.608646e+01,2.621235e+01,2.619911e+01,2.615274e+01,2.616599e+01,2.594049e+01,2.563464e+01,2.551472e+01,2.518757e+01,2.497337e+01,2.446288e+01,2.446288e+01,2.437531e+01,2.432812e+01,2.465124e+01,2.466469e+01,2.477216e+01,2.475873e+01,2.496667e+01,2.504035e+01,2.516751e+01,2.514744e+01,2.513406e+01,2.512737e+01,2.509391e+01,2.510730e+01,2.502026e+01,2.479230e+01,2.471172e+01,2.469828e+01,2.437531e+01,2.431464e+01,2.436183e+01,2.447635e+01,2.455038e+01,2.459746e+01,2.464452e+01,2.475873e+01,2.481243e+01,2.486610e+01,2.470500e+01,2.472515e+01,2.469156e+01,2.481243e+01,2.502696e+01,2.497337e+01,2.496667e+01,2.499347e+01,2.514744e+01,2.538799e+01,2.537464e+01,2.548805e+01,2.544804e+01,2.588072e+01,2.586743e+01,2.604667e+01,2.622560e+01,2.628517e+01,2.637778e+01,2.656935e+01,2.669468e+01,2.672763e+01,2.680669e+01,2.679352e+01,2.680010e+01,2.681986e+01,2.668809e+01,2.687252e+01,2.667490e+01,2.662874e+01,2.650333e+01,2.631164e+01,2.617261e+01,2.590729e+01,2.566127e+01,2.535461e+01,2.532790e+01,2.528782e+01,2.523437e+01,2.526110e+01,2.542135e+01,2.534126e+01,2.543469e+01,2.560800e+01,2.569455e+01,2.587408e+01,2.586079e+01,2.605330e+01,2.606656e+01,2.611297e+01,2.604004e+01,2.601350e+01,2.611297e+01,2.609971e+01,2.616599e+01,2.617261e+01,2.606656e+01,2.607982e+01,2.602677e+01,2.597368e+01,2.601350e+01,2.599359e+01,2.585415e+01,2.594049e+01,2.590729e+01,2.565462e+01,2.565462e+01,2.572117e+01,2.570121e+01,2.562798e+01,2.566127e+01,2.560134e+01,2.562132e+01,2.561466e+01,2.573447e+01,2.561466e+01,2.570786e+01,2.577438e+01,2.578103e+01,2.598032e+01,2.583421e+01,2.585415e+01,2.581427e+01,2.598032e+01,2.584750e+01,2.600686e+01,2.597368e+01,2.584750e+01,2.609309e+01,2.570121e+01,2.599359e+01,2.593385e+01,2.593385e+01,2.591393e+01,2.591393e+01,2.624546e+01,2.621898e+01,2.629179e+01,2.605993e+01,2.602013e+01,2.590065e+01,2.550805e+01,2.545471e+01,2.534126e+01,2.542135e+01,2.548805e+01,2.554138e+01,2.554138e+01,2.552139e+01,2.548138e+01,2.530119e+01,2.513406e+01,2.517419e+01,2.492645e+01,2.508722e+01,2.527446e+01,2.540133e+01,2.552805e+01,2.587408e+01,2.596041e+01,2.607319e+01,2.608646e+01,2.620573e+01,2.611297e+01,2.591393e+01,2.592057e+01,2.577438e+01,2.560134e+01,2.564130e+01,2.544804e+01,2.528782e+01,2.500687e+01,2.485940e+01,2.484598e+01,2.503366e+01,2.546805e+01,2.587408e+01,2.619248e+01,2.621235e+01,2.645709e+01,2.639761e+01,2.648352e+01,2.634472e+01,2.631826e+01,2.636456e+01,2.623884e+01,2.621898e+01,2.601350e+01,2.592721e+01,2.584085e+01,2.556804e+01,2.548138e+01,2.560134e+01,2.553472e+01,2.548138e+01,2.556804e+01,2.571451e+01,2.574778e+01,2.576773e+01,2.576773e+01,2.586079e+01,2.591393e+01,2.587408e+01,2.580762e+01,2.566127e+01,2.566127e+01,2.538799e+01,2.529451e+01,2.492645e+01,2.464452e+01,2.454365e+01,2.482585e+01,2.506044e+01,2.510060e+01,2.506713e+01,2.498007e+01,2.483256e+01,2.481243e+01,2.488622e+01,2.490634e+01,2.492645e+01,2.504705e+01,2.508722e+01,2.519426e+01,2.529451e+01,2.548138e+01,2.541468e+01,2.548805e+01,2.533458e+01,2.534793e+01,2.524773e+01,2.522100e+01,2.479230e+01,2.468484e+01,2.454365e+01,2.460419e+01,2.428766e+01,2.413242e+01,2.390250e+01,2.422694e+01,2.424044e+01,2.424719e+01,2.474530e+01,2.475873e+01,2.490634e+01,2.469156e+01,2.444268e+01,2.430790e+01,2.430115e+01,2.429441e+01,2.446961e+01,2.448981e+01,2.479901e+01,2.483256e+01,2.485269e+01,2.500017e+01,2.505375e+01,2.512068e+01,2.521431e+01,2.535461e+01,2.540801e+01,2.556804e+01,2.554804e+01,2.554804e+01,2.548138e+01,2.542802e+01,2.536129e+01,2.517419e+01,2.516751e+01,2.506044e+01,2.498677e+01,2.490634e+01,2.496667e+01,2.461763e+01,2.461763e+01,2.461091e+01,2.444941e+01,2.432138e+01,2.416619e+01,2.431464e+01,2.410540e+01,2.408512e+01,2.398371e+01,2.399047e+01,2.393634e+01,2.383478e+01,2.384833e+01,2.380091e+01,2.367886e+01,2.371956e+01,2.363136e+01,2.363136e+01,2.359062e+01,2.359062e+01,2.376702e+01,2.378057e+01,2.382123e+01,2.382123e+01,2.386187e+01,2.413242e+01,2.411215e+01,2.398371e+01,2.412566e+01,2.420670e+01,2.403781e+01,2.434161e+01,2.436857e+01,2.434835e+01,2.439552e+01,2.442921e+01,2.430790e+01,2.446288e+01,2.415268e+01,2.391604e+01,2.368564e+01,2.394988e+01,2.392958e+01,2.392958e+01,2.384833e+01,2.394988e+01,2.398371e+01,2.428092e+01,2.426743e+01,2.463780e+01,2.461091e+01,2.450327e+01,2.475873e+01,2.451673e+01,2.448981e+01,2.439552e+01,2.390927e+01,2.369242e+01,2.366529e+01,2.356346e+01,2.356346e+01,2.339352e+01,2.344793e+01,2.346153e+01,2.336630e+01,2.335269e+01,2.336630e+01,2.337311e+01,2.329823e+01,2.326418e+01,2.344113e+01,2.337311e+01,2.349552e+01,2.346153e+01,2.351590e+01,2.350231e+01,2.347513e+01,2.345473e+01,2.335269e+01,2.350231e+01,2.353629e+01,2.343433e+01,2.332547e+01,2.333908e+01,2.349552e+01,2.322330e+01,2.339352e+01,2.322330e+01,2.347513e+01,2.335950e+01,2.348192e+01,2.342753e+01,2.333228e+01,2.326418e+01,2.344793e+01,2.332547e+01,2.330504e+01,2.323693e+01,2.344113e+01,2.342073e+01,2.353629e+01,2.337991e+01,2.333908e+01,2.333228e+01,2.347513e+01,2.325737e+01,2.327099e+01,2.355667e+01,2.340713e+01,2.340032e+01,2.340032e+01,2.338672e+01,2.339352e+01,2.348192e+01,2.338672e+01,2.337991e+01,2.336630e+01,2.342073e+01
2.449654e+01,2.455710e+01,2.468484e+01,2.445614e+01,2.446961e+01,2.457728e+01,2.455710e+01,2.459073e+01,2.448308e+01,2.458401e+01,2.455710e+01,2.452346e+01,2.451673e+01,2.446288e+01,2.452346e+01,2.442921e+01,2.444268e+01,2.438878e+01,2.446961e+01,2.439552e+01,2.446288e+01,2.452346e+01,2.451000e+01,2.448981e+01,2.447635e+01,2.446288e+01,2.440900e+01,2.428092e+01,2.436857e+01,2.436857e+01,2.435509e+01,2.442247e+01,2.430115e+01,2.444941e+01,2.442921e+01,2.446288e+01,2.439552e+01,2.443594e+01,2.443594e+01,2.453019e+01,2.437531e+01,2.432812e+01,2.439552e+01,2.444941e+01,2.444268e+01,2.430115e+01,2.453692e+01,2.430790e+01,2.454365e+01,2.428092e+01,2.438205e+01,2.459073e+01,2.455038e+01,2.452346e+01,2.447635e+01,2.461763e+01,2.452346e+01,2.452346e+01,2.462436e+01,2.457056e+01,2.459746e+01,2.463108e+01,2.469156e+01,2.457728e+01,2.469156e+01,2.464452e+01,2.456383e+01,2.465124e+01,2.462436e+01,2.460419e+01,2.459746e+01,2.457056e+01,2.461763e+01,2.468484e+01,2.467141e+01,2.471172e+01,2.465796e+01,2.469156e+01,2.471844e+01,2.458401e+01,2.469828e+01,2.462436e+01,2.467141e+01,2.467141e+01,2.464452e+01,2.463108e+01,2.471172e+01,2.463108e+01,2.467141e+01,2.475201e+01,2.464452e+01,2.465124e+01,2.484598e+01,2.473858e+01,2.468484e+01,2.467141e+01,2.473187e+01,2.472515e+01,2.470500e+01,2.461763e+01,2.473858e+01,2.459746e+01,2.477216e+01,2.478558e+01,2.467813e+01,2.478558e+01,2.473187e+01,2.475873e+01,2.471844e+01,2.471172e+01,2.477887e+01,2.466469e+01,2.469828e+01,2.463780e+01,2.465796e+01,2.464452e+01,2.482585e+01,2.476544e+01,2.474530e+01,2.466469e+01,2.472515e+01,2.469828e+01,2.467141e+01,2.468484e+01,2.471844e+01,2.474530e+01,2.473187e+01,2.475201e+01,2.478558e+01,2.475873e+01,2.478558e+01,2.463780e+01,2.469828e+01,2.471172e+01,2.471844e+01,2.473858e+01,2.475873e+01,2.470500e+01,2.463108e+01,2.474530e+01,2.471172e+01,2.470500e+01,2.469156e+01,2.473187e+01,2.473858e+01,2.470500e+01,2.465796e+01,2.462436e+01,2.457728e+01,2.464452e+01,2.457056e+01,2.467813e+01,2.469828e+01,2.463108e+01,2.485940e+01,2.473187e+01,2.468484e+01,2.479230e+01,2.482585e+01,2.485269e+01,2.468484e+01,2.475201e+01,2.489293e+01,2.463780e+01,2.469828e+01,2.454365e+01,2.453692e+01,2.444268e+01,2.454365e+01,2.462436e+01,2.454365e+01,2.457056e+01,2.497337e+01,2.503366e+01,2.505375e+01,2.500017e+01,2.455038e+01,2.453019e+01,2.451000e+01,2.450327e+01,2.455038e+01,2.455038e+01,2.454365e+01,2.456383e+01,2.457056e+01,2.459073e+01,2.459073e+01,2.455710e+01,2.455710e+01,2.455038e+01,2.459073e+01,2.469828e+01,2.467141e+01,2.473858e+01,2.485269e+01,2.481914e+01,2.486610e+01,2.505375e+01,2.509391e+01,2.508722e+01,2.534126e+01,2.532790e+01,2.532122e+01,2.544137e+01,2.524773e+01,2.543469e+01,2.546805e+01,2.542135e+01,2.540801e+01,2.535461e+01,2.524773e+01,2.509391e+01,2.508052e+01,2.500017e+01,2.498007e+01,2.491305e+01,2.487281e+01,2.506044e+01,2.514744e+01,2.515413e+01,2.515413e+01,2.518088e+01,2.546138e+01,2.549472e+01,2.568124e+01,2.566793e+01,2.569455e+01,2.570121e+01,2.560134e+01,2.570121e+01,2.574778e+01,2.572782e+01,2.563464e+01,2.568124e+01,2.572117e+01,2.568124e+01,2.576773e+01,2.593385e+01,2.576773e+01,2.573447e+01,2.602677e+01,2.586079e+01,2.607982e+01,2.604667e+01,2.610634e+01,2.604004e+01,2.603340e+01,2.614611e+01,2.623222e+01,2.621235e+01,2.619248e+01,2.619248e+01,2.615936e+01,2.595377e+01,2.594049e+01,2.570121e+01,2.552139e+01,2.519426e+01,2.488622e+01,2.437531e+01,2.422694e+01,2.434835e+01,2.436183e+01,2.448981e+01,2.461763e+01,2.464452e+01,2.461763e+01,2.473858e+01,2.468484e+01,2.477216e+01,2.469156e+01,2.466469e+01,2.461091e+01,2.467141e+01,2.438205e+01,2.436183e+01,2.426743e+01,2.421344e+01,2.408512e+01,2.413917e+01,2.411891e+01,2.417969e+01,2.421344e+01,2.434161e+01,2.439552e+01,2.439552e+01,2.438205e+01,2.433487e+01,2.434161e+01,2.445614e+01,2.438205e+01,2.448308e+01,2.438205e+01,2.459073e+01,2.458401e+01,2.455038e+01,2.487281e+01,2.495326e+01,2.498677e+01,2.518757e+01,2.532790e+01,2.542802e+01,2.574778e+01,2.599359e+01,2.606656e+01,2.602677e+01,2.630502e+01,2.659575e+01,2.658915e+01,2.669468e+01,2.664852e+01,2.676058e+01,2.668149e+01,2.687252e+01,2.680010e+01,2.666171e+01,2.671445e+01,2.663533e+01,2.656275e+01,2.627194e+01,2.624546e+01,2.595377e+01,2.566793e+01,2.548138e+01,2.528115e+01,2.527446e+01,2.526110e+01,2.526778e+01,2.538131e+01,2.545471e+01,2.561466e+01,2.578103e+01,2.570786e+01,2.583421e+01,2.605330e+01,2.604667e+01,2.610634e+01,2.609971e+01,2.593385e+01,2.597368e+01,2.601350e+01,2.602013e+01,2.596041e+01,2.591393e+01,2.604667e+01,2.604004e+01,2.598696e+01,2.597368e+01,2.598032e+01,2.576773e+01,2.585415e+01,2.574113e+01,2.567459e+01,2.551472e+01,2.558136e+01,2.566793e+01,2.552139e+01,2.554138e+01,2.548805e+01,2.519426e+01,2.539466e+01,2.538131e+01,2.538131e+01,2.539466e+01,2.553472e+01,2.572117e+01,2.547471e+01,2.541468e+01,2.568790e+01,2.568124e+01,2.570121e+01,2.585415e+01,2.566793e+01,2.575443e+01,2.580762e+01,2.562798e+01,2.550805e+01,2.573447e+01,2.570121e+01,2.562798e+01,2.566127e+01,2.574778e+01,2.586079e+01,2.617261e+01,2.625870e+01,2.598032e+01,2.595377e+01,2.584750e+01,2.560800e+01,2.539466e+01,2.524773e+01,2.521431e+01,2.518088e+01,2.532122e+01,2.544137e+01,2.544137e+01,2.550805e+01,2.528115e+01,2.516082e+01,2.524773e+01,2.508722e+01,2.505375e+01,2.493986e+01,2.516751e+01,2.524105e+01,2.546805e+01,2.574778e+01,2.577438e+01,2.585415e+01,2.586743e+01,2.591393e+01,2.586079e+01,2.574113e+01,2.559468e+01,2.559468e+01,2.568124e+01,2.544137e+01,2.548805e+01,2.519426e+01,2.493316e+01,2.477216e+01,2.480572e+01,2.480572e+01,2.519426e+01,2.552805e+01,2.584750e+01,2.605993e+01,2.624546e+01,2.619248e+01,2.631164e+01,2.624546e+01,2.630502e+01,2.613948e+01,2.623884e+01,2.615936e+01,2.598032e+01,2.594713e+01,2.586079e+01,2.564130e+01,2.564796e+01,2.558802e+01,2.558136e+01,2.554138e+01,2.554138e+01,2.570786e+01,2.574113e+01,2.574778e+01,2.570121e+01,2.582092e+01,2.580097e+01,2.582092e+01,2.574778e+01,2.560134e+01,2.544804e+01,2.533458e+01,2.519426e+01,2.486610e+01,2.465124e+01,2.448981e+01,2.465796e+01,2.489293e+01,2.498007e+01,2.499347e+01,2.497337e+01,2.488622e+01,2.478558e+01,2.483256e+01,2.484598e+01,2.492645e+01,2.497337e+01,2.511399e+01,2.522768e+01,2.528782e+01,2.544804e+01,2.530119e+01,2.535461e+01,2.528782e+01,2.526778e+01,2.517419e+01,2.506044e+01,2.477216e+01,2.481243e+01,2.478558e+01,2.460419e+01,2.445614e+01,2.426068e+01,2.401076e+01,2.405133e+01,2.392958e+01,2.405809e+01,2.424719e+01,2.455710e+01,2.450327e+01,2.433487e+01,2.445614e+01,2.441573e+01,2.424044e+01,2.428766e+01,2.430790e+01,2.453019e+01,2.475873e+01,2.483256e+01,2.483927e+01,2.484598e+01,2.489293e+01,2.500687e+01,2.514075e+01,2.516082e+01,2.536129e+01,2.534793e+01,2.542802e+01,2.538799e+01,2.525442e+01,2.516082e+01,2.536129e+01,2.516082e+01,2.512068e+01,2.506044e+01,2.475201e+01,2.471844e+01,2.467141e+01,2.461091e+01,2.459746e+01,2.432812e+01,2.429441e+01,2.430790e+01,2.430790e+01,2.429441e+01,2.403781e+01,2.402428e+01,2.404457e+01,2.397694e+01,2.379413e+01,2.385510e+01,2.373312e+01,2.367886e+01,2.364493e+01,2.365850e+01,2.365850e+01,2.369242e+01,2.360420e+01,2.360420e+01,2.367886e+01,2.365850e+01,2.385510e+01,2.388896e+01,2.376702e+01,2.380091e+01,2.393634e+01,2.403105e+01,2.386187e+01,2.411891e+01,2.417294e+01,2.418644e+01,2.430790e+01,2.406485e+01,2.409864e+01,2.419319e+01,2.425393e+01,2.428766e+01,2.430790e+01,2.406485e+01,2.390250e+01,2.392281e+01,2.386187e+01,2.388896e+01,2.388219e+01,2.389573e+01,2.390250e+01,2.426068e+01,2.425393e+01,2.461091e+01,2.475873e+01,2.464452e+01,2.468484e+01,2.441573e+01,2.431464e+01,2.424719e+01,2.390250e+01,2.384833e+01,2.354987e+01,2.354308e+01,2.355667e+01,2.342753e+01,2.335269e+01,2.337991e+01,2.333908e+01,2.331866e+01,2.330504e+01,2.345473e+01,2.328461e+01,2.333908e+01,2.331866e+01,2.340032e+01,2.359741e+01,2.335269e+01,2.350231e+01,2.350911e+01,2.348192e+01,2.348872e+01,2.348192e+01,2.340032e+01,2.340032e+01,2.333228e+01,2.329823e+01,2.339352e+01,2.329823e+01,2.318923e+01,2.335950e+01,2.334589e+01,2.344793e+01,2.349552e+01,2.334589e+01,2.337991e+01,2.344113e+01,2.334589e+01,2.339352e+01,2.324374e+01,2.340713e+01,2.322330e+01,2.342073e+01,2.341393e+01,2.335950e+01,2.345473e+01,2.335269e+01,2.332547e+01,2.331866e+01,2.330504e+01,2.338672e+01,2.340032e+01,2.342073e+01,2.338672e+01,2.338672e+01,2.327099e+01,2.330504e+01,2.321649e+01,2.343433e+01,2.339352e+01,2.347513e+01,2.347513e+01
2.457056e+01,2.455710e+01,2.461763e+01,2.450327e+01,2.450327e+01,2.454365e+01,2.465124e+01,2.456383e+01,2.453692e+01,2.458401e+01,2.456383e+01,2.467813e+01,2.459073e+01,2.443594e+01,2.457728e+01,2.444268e+01,2.442247e+01,2.448308e+01,2.454365e+01,2.444268e+01,2.446961e+01,2.438878e+01,2.446288e+01,2.458401e+01,2.454365e+01,2.448981e+01,2.453019e+01,2.448308e+01,2.432812e+01,2.452346e+01,2.446288e+01,2.437531e+01,2.434835e+01,2.436857e+01,2.438205e+01,2.437531e+01,2.451673e+01,2.439552e+01,2.446288e+01,2.428766e+01,2.450327e+01,2.440900e+01,2.448981e+01,2.447635e+01,2.445614e+01,2.444268e+01,2.444941e+01,2.432812e+01,2.455038e+01,2.449654e+01,2.441573e+01,2.453019e+01,2.455038e+01,2.454365e+01,2.451000e+01,2.451000e+01,2.457056e+01,2.450327e+01,2.454365e+01,2.467813e+01,2.432812e+01,2.458401e+01,2.448308e+01,2.451673e+01,2.454365e+01,2.471844e+01,2.467141e+01,2.465796e+01,2.469156e+01,2.467813e+01,2.465796e+01,2.461091e+01,2.461763e+01,2.453019e+01,2.463108e+01,2.467141e+01,2.469156e+01,2.468484e+01,2.466469e+01,2.473858e+01,2.471844e+01,2.469156e+01,2.464452e+01,2.464452e+01,2.467813e+01,2.469156e+01,2.466469e+01,2.462436e+01,2.465124e+01,2.469828e+01,2.465796e+01,2.468484e+01,2.475201e+01,2.473858e+01,2.468484e+01,2.473858e+01,2.461763e+01,2.465796e+01,2.472515e+01,2.477216e+01,2.475201e+01,2.477216e+01,2.476544e+01,2.473858e+01,2.469828e+01,2.471844e+01,2.467813e+01,2.470500e+01,2.469156e+01,2.471844e+01,2.469156e+01,2.473187e+01,2.469156e+01,2.471172e+01,2.499347e+01,2.472515e+01,2.465796e+01,2.462436e+01,2.477216e+01,2.477887e+01,2.467141e+01,2.472515e+01,2.465796e+01,2.464452e+01,2.480572e+01,2.473187e+01,2.471172e+01,2.471844e+01,2.473187e+01,2.465796e+01,2.471172e+01,2.467813e+01,2.472515e+01,2.456383e+01,2.467813e+01,2.480572e+01,2.463780e+01,2.475201e+01,2.462436e+01,2.470500e+01,2.467813e+01,2.478558e+01,2.468484e+01,2.473187e+01,2.471172e+01,2.467141e+01,2.467813e+01,2.459073e+01,2.475201e+01,2.455038e+01,2.456383e+01,2.457728e+01,2.473187e+01,2.466469e+01,2.469156e+01,2.469828e+01,2.479901e+01,2.473187e+01,2.475873e+01,2.498677e+01,2.480572e+01,2.488622e+01,2.489293e+01,2.481243e+01,2.477887e+01,2.470500e+01,2.465796e+01,2.471844e+01,2.467141e+01,2.455038e+01,2.481914e+01,2.465796e+01,2.486610e+01,2.502696e+01,2.501357e+01,2.465124e+01,2.453692e+01,2.453019e+01,2.451673e+01,2.451673e+01,2.453019e+01,2.441573e+01,2.455710e+01,2.455710e+01,2.458401e+01,2.459073e+01,2.455038e+01,2.465124e+01,2.459746e+01,2.461091e+01,2.469828e+01,2.475201e+01,2.477216e+01,2.502696e+01,2.508052e+01,2.522768e+01,2.525442e+01,2.550805e+01,2.547471e+01,2.552139e+01,2.571451e+01,2.557470e+01,2.572117e+01,2.569455e+01,2.569455e+01,2.565462e+01,2.572782e+01,2.557470e+01,2.570786e+01,2.556804e+01,2.556804e+01,2.541468e+01,2.526110e+01,2.534793e+01,2.514075e+01,2.533458e+01,2.530787e+01,2.522100e+01,2.528115e+01,2.539466e+01,2.536796e+01,2.540801e+01,2.544137e+01,2.570786e+01,2.566127e+01,2.571451e+01,2.587408e+01,2.580762e+01,2.582756e+01,2.588072e+01,2.590729e+01,2.592057e+01,2.595377e+01,2.604004e+01,2.599359e+01,2.604667e+01,2.601350e+01,2.603340e+01,2.605993e+01,2.604667e+01,2.603340e+01,2.605993e+01,2.610634e+01,2.629841e+01,2.620573e+01,2.635794e+01,2.624546e+01,2.626532e+01,2.634472e+01,2.627855e+01,2.623222e+01,2.630502e+01,2.634472e+01,2.619248e+01,2.617261e+01,2.596704e+01,2.588072e+01,2.552139e+01,2.512737e+01,2.470500e+01,2.436183e+01,2.420670e+01,2.421344e+01,2.435509e+01,2.407161e+01,2.411215e+01,2.421344e+01,2.417969e+01,2.422019e+01,2.429441e+01,2.414593e+01,2.409864e+01,2.401752e+01,2.393634e+01,2.410540e+01,2.415943e+01,2.405133e+01,2.396341e+01,2.397694e+01,2.380091e+01,2.399723e+01,2.386865e+01,2.401076e+01,2.399047e+01,2.398371e+01,2.422694e+01,2.402428e+01,2.399047e+01,2.401076e+01,2.432812e+01,2.419319e+01,2.413242e+01,2.418644e+01,2.402428e+01,2.415268e+01,2.424719e+01,2.457056e+01,2.459073e+01,2.467813e+01,2.506713e+01,2.536129e+01,2.537464e+01,2.560134e+01,2.565462e+01,2.612623e+01,2.625870e+01,2.629841e+01,2.652314e+01,2.656935e+01,2.676058e+01,2.674740e+01,2.683961e+01,2.687252e+01,2.666171e+01,2.680010e+01,2.685936e+01,2.666171e+01,2.665512e+01,2.662874e+01,2.643727e+01,2.619911e+01,2.596041e+01,2.567459e+01,2.547471e+01,2.534126e+01,2.522100e+01,2.530119e+01,2.526110e+01,2.526110e+01,2.538131e+01,2.538799e+01,2.564796e+01,2.570786e+01,2.592057e+01,2.602677e+01,2.604004e+01,2.620573e+01,2.604004e+01,2.615936e+01,2.603340e+01,2.594049e+01,2.612623e+01,2.607319e+01,2.606656e+01,2.601350e+01,2.604004e+01,2.585415e+01,2.578768e+01,2.578768e+01,2.578103e+01,2.552139e+01,2.552139e+01,2.556137e+01,2.550139e+01,2.552805e+01,2.549472e+01,2.522100e+01,2.533458e+01,2.528115e+01,2.508722e+01,2.524773e+01,2.522768e+01,2.512737e+01,2.529451e+01,2.514075e+01,2.531454e+01,2.534126e+01,2.547471e+01,2.548138e+01,2.542135e+01,2.556137e+01,2.554804e+01,2.554138e+01,2.574778e+01,2.558136e+01,2.556137e+01,2.554804e+01,2.557470e+01,2.557470e+01,2.568124e+01,2.535461e+01,2.545471e+01,2.553472e+01,2.580097e+01,2.599359e+01,2.600686e+01,2.590729e+01,2.585415e+01,2.562798e+01,2.549472e+01,2.515413e+01,2.522768e+01,2.530787e+01,2.531454e+01,2.530787e+01,2.543469e+01,2.545471e+01,2.522100e+01,2.517419e+01,2.517419e+01,2.510060e+01,2.520094e+01,2.510060e+01,2.512737e+01,2.518757e+01,2.546805e+01,2.572117e+01,2.570786e+01,2.573447e+01,2.566793e+01,2.559468e+01,2.558136e+01,2.552805e+01,2.544804e+01,2.548805e+01,2.552805e+01,2.543469e+01,2.528115e+01,2.498007e+01,2.491975e+01,2.476544e+01,2.444268e+01,2.455038e+01,2.482585e+01,2.522768e+01,2.571451e+01,2.592721e+01,2.594713e+01,2.623884e+01,2.594713e+01,2.625208e+01,2.614611e+01,2.627194e+01,2.627855e+01,2.625208e+01,2.612623e+01,2.596041e+01,2.576773e+01,2.581427e+01,2.581427e+01,2.547471e+01,2.557470e+01,2.558136e+01,2.559468e+01,2.558802e+01,2.562798e+01,2.586743e+01,2.592721e+01,2.569455e+01,2.564130e+01,2.552139e+01,2.560800e+01,2.536796e+01,2.519426e+01,2.518757e+01,2.481243e+01,2.471844e+01,2.463780e+01,2.445614e+01,2.450327e+01,2.497337e+01,2.498677e+01,2.501357e+01,2.503366e+01,2.498007e+01,2.498677e+01,2.499347e+01,2.504705e+01,2.505375e+01,2.505375e+01,2.516751e+01,2.520763e+01,2.524773e+01,2.530119e+01,2.544137e+01,2.530787e+01,2.527446e+01,2.519426e+01,2.514744e+01,2.504705e+01,2.509391e+01,2.483927e+01,2.477887e+01,2.470500e+01,2.463780e+01,2.440900e+01,2.401076e+01,2.386865e+01,2.397018e+01,2.392958e+01,2.412566e+01,2.424719e+01,2.423369e+01,2.437531e+01,2.431464e+01,2.425393e+01,2.432138e+01,2.447635e+01,2.450327e+01,2.457056e+01,2.467141e+01,2.473858e+01,2.475201e+01,2.478558e+01,2.485269e+01,2.500687e+01,2.498677e+01,2.498677e+01,2.502696e+01,2.524773e+01,2.528115e+01,2.534793e+01,2.540801e+01,2.534793e+01,2.519426e+01,2.514744e+01,2.492645e+01,2.493986e+01,2.470500e+01,2.469828e+01,2.454365e+01,2.458401e+01,2.451673e+01,2.453019e+01,2.430115e+01,2.430790e+01,2.414593e+01,2.405809e+01,2.406485e+01,2.390250e+01,2.399047e+01,2.396341e+01,2.380091e+01,2.383478e+01,2.360420e+01,2.371956e+01,2.376024e+01,2.364493e+01,2.371956e+01,2.368564e+01,2.367207e+01,2.359062e+01,2.363136e+01,2.372634e+01,2.382123e+01,2.382801e+01,2.380091e+01,2.376702e+01,2.394988e+01,2.403105e+01,2.410540e+01,2.413242e+01,2.415268e+01,2.432812e+01,2.416619e+01,2.419994e+01,2.430115e+01,2.403781e+01,2.413242e+01,2.419319e+01,2.410540e+01,2.404457e+01,2.403781e+01,2.405133e+01,2.410540e+01,2.407837e+01,2.407837e+01,2.384155e+01,2.413242e+01,2.428092e+01,2.431464e+01,2.446961e+01,2.466469e+01,2.463108e+01,2.448308e+01,2.446288e+01,2.406485e+01,2.392958e+01,2.394988e+01,2.373990e+01,2.359062e+01,2.352270e+01,2.349552e+01,2.344113e+01,2.372634e+01,2.344113e+01,2.336630e+01,2.336630e+01,2.342753e+01,2.344113e+01,2.333908e+01,2.329142e+01,2.348192e+01,2.333908e+01,2.364493e+01,2.354308e+01,2.348192e+01,2.356346e+01,2.353629e+01,2.349552e+01,2.342073e+01,2.348192e+01,2.339352e+01,2.350911e+01,2.340713e+01,2.322330e+01,2.346153e+01,2.334589e+01,2.344793e+01,2.342753e+01,2.335269e+01,2.348872e+01,2.338672e+01,2.331866e+01,2.349552e+01,2.342753e+01,2.348192e+01,2.332547e+01,2.324374e+01,2.348192e+01,2.352270e+01,2.351590e+01,2.346833e+01,2.353629e+01,2.341393e+01,2.320286e+01,2.333228e+01,2.344113e+01,2.337991e+01,2.361099e+01,2.337311e+01,2.351590e+01,2.350911e+01,2.352270e+01,2.337311e+01,2.347513e+01,2.346153e+01,2.337991e+01,2.350911e+01,2.345473e+01
2.455038e+01,2.448981e+01,2.463780e+01,2.461763e+01,2.448308e+01,2.455710e+01,2.448981e+01,2.448308e+01,2.462436e+01,2.449654e+01,2.453692e+01,2.451000e+01,2.453692e+01,2.464452e+01,2.442921e+01,2.445614e+01,2.442921e+01,2.444268e+01,2.441573e+01,2.444268e+01,2.440226e+01,2.451000e+01,2.444941e+01,2.452346e+01,2.447635e+01,2.451673e+01,2.439552e+01,2.436183e+01,2.447635e+01,2.453692e+01,2.436183e+01,2.439552e+01,2.442921e+01,2.440900e+01,2.451673e+01,2.437531e+01,2.439552e+01,2.453692e+01,2.436857e+01,2.441573e+01,2.442921e+01,2.443594e+01,2.453019e+01,2.432138e+01,2.447635e+01,2.444941e+01,2.448981e+01,2.454365e+01,2.444941e+01,2.455038e+01,2.448308e+01,2.453019e+01,2.448308e+01,2.458401e+01,2.450327e+01,2.455710e+01,2.451673e+01,2.451673e+01,2.460419e+01,2.453692e+01,2.463780e+01,2.459073e+01,2.445614e+01,2.457056e+01,2.462436e+01,2.472515e+01,2.467141e+01,2.465124e+01,2.467141e+01,2.459746e+01,2.468484e+01,2.461763e+01,2.463780e+01,2.462436e+01,2.465796e+01,2.452346e+01,2.467813e+01,2.451000e+01,2.473187e+01,2.477216e+01,2.468484e+01,2.465796e+01,2.463780e+01,2.462436e+01,2.460419e+01,2.463108e+01,2.469828e+01,2.466469e+01,2.468484e+01,2.465124e+01,2.471844e+01,2.472515e+01,2.472515e+01,2.481243e+01,2.471844e+01,2.471844e+01,2.473858e+01,2.471844e+01,2.467813e+01,2.458401e+01,2.471844e+01,2.477216e+01,2.477216e+01,2.472515e+01,2.464452e+01,2.475201e+01,2.469828e+01,2.449654e+01,2.471844e+01,2.491975e+01,2.489964e+01,2.462436e+01,2.476544e+01,2.479230e+01,2.476544e+01,2.477216e+01,2.471844e+01,2.479230e+01,2.472515e+01,2.467813e+01,2.475873e+01,2.468484e+01,2.469156e+01,2.469828e+01,2.469828e+01,2.471172e+01,2.475873e+01,2.465124e+01,2.467813e+01,2.473858e+01,2.473187e+01,2.470500e+01,2.458401e+01,2.454365e+01,2.470500e+01,2.465124e+01,2.477216e+01,2.464452e+01,2.464452e+01,2.466469e+01,2.473858e+01,2.467813e+01,2.472515e+01,2.469156e+01,2.458401e+01,2.460419e+01,2.469828e+01,2.471172e+01,2.465124e+01,2.466469e+01,2.469828e+01,2.465796e+01,2.471844e+01,2.477887e+01,2.467141e+01,2.470500e+01,2.487952e+01,2.495326e+01,2.477216e+01,2.493316e+01,2.502696e+01,2.521431e+01,2.516751e+01,2.501357e+01,2.485269e+01,2.500017e+01,2.487281e+01,2.466469e+01,2.469156e+01,2.465796e+01,2.459746e+01,2.464452e+01,2.477216e+01,2.464452e+01,2.500687e+01,2.459073e+01,2.459073e+01,2.453692e+01,2.455710e+01,2.461763e+01,2.453692e+01,2.456383e+01,2.455710e+01,2.457056e+01,2.463108e+01,2.465796e+01,2.468484e+01,2.461763e+01,2.465796e+01,2.467141e+01,2.459746e+01,2.469828e+01,2.486610e+01,2.510730e+01,2.524105e+01,2.554138e+01,2.556137e+01,2.560800e+01,2.566127e+01,2.564130e+01,2.580762e+01,2.594049e+01,2.582092e+01,2.592721e+01,2.579433e+01,2.578103e+01,2.576773e+01,2.572117e+01,2.571451e+01,2.563464e+01,2.547471e+01,2.560134e+01,2.553472e+01,2.552805e+01,2.530787e+01,2.548138e+01,2.526110e+01,2.526110e+01,2.534793e+01,2.526110e+01,2.538799e+01,2.554804e+01,2.568124e+01,2.569455e+01,2.588072e+01,2.588072e+01,2.577438e+01,2.592721e+01,2.592057e+01,2.592721e+01,2.590729e+01,2.601350e+01,2.597368e+01,2.608646e+01,2.608646e+01,2.594713e+01,2.609309e+01,2.604004e+01,2.602677e+01,2.621898e+01,2.624546e+01,2.605993e+01,2.633149e+01,2.631826e+01,2.618586e+01,2.632487e+01,2.636456e+01,2.639761e+01,2.637117e+01,2.639761e+01,2.636456e+01,2.655615e+01,2.628517e+01,2.623222e+01,2.625208e+01,2.598032e+01,2.592721e+01,2.551472e+01,2.526778e+01,2.469156e+01,2.432812e+01,2.405809e+01,2.403781e+01,2.400400e+01,2.405133e+01,2.395664e+01,2.391604e+01,2.371277e+01,2.395664e+01,2.380091e+01,2.380768e+01,2.404457e+01,2.388219e+01,2.391604e+01,2.386187e+01,2.388219e+01,2.381446e+01,2.366529e+01,2.368564e+01,2.373312e+01,2.370599e+01,2.385510e+01,2.385510e+01,2.380091e+01,2.397694e+01,2.392281e+01,2.391604e+01,2.386865e+01,2.386865e+01,2.397694e+01,2.390927e+01,2.408512e+01,2.401752e+01,2.410540e+01,2.401076e+01,2.419994e+01,2.424719e+01,2.443594e+01,2.459746e+01,2.484598e+01,2.496667e+01,2.538799e+01,2.555471e+01,2.550805e+01,2.598032e+01,2.607982e+01,2.628517e+01,2.647031e+01,2.679352e+01,2.670127e+01,2.668149e+01,2.674740e+01,2.681986e+01,2.681327e+01,2.672763e+01,2.666171e+01,2.668149e+01,2.681986e+01,2.658915e+01,2.629841e+01,2.603340e+01,2.576773e+01,2.568790e+01,2.539466e+01,2.521431e+01,2.516082e+01,2.514075e+01,2.516751e+01,2.535461e+01,2.526110e+01,2.549472e+01,2.558136e+01,2.570786e+01,2.602013e+01,2.604667e+01,2.616599e+01,2.617261e+01,2.620573e+01,2.615936e+01,2.612623e+01,2.591393e+01,2.590065e+01,2.604004e+01,2.583421e+01,2.579433e+01,2.592057e+01,2.570121e+01,2.570786e+01,2.570121e+01,2.550805e+01,2.544137e+01,2.551472e+01,2.532122e+01,2.524105e+01,2.542135e+01,2.515413e+01,2.508722e+01,2.505375e+01,2.496667e+01,2.508722e+01,2.491305e+01,2.504035e+01,2.506713e+01,2.508722e+01,2.510060e+01,2.509391e+01,2.510730e+01,2.532122e+01,2.535461e+01,2.526778e+01,2.540801e+01,2.549472e+01,2.539466e+01,2.548138e+01,2.541468e+01,2.539466e+01,2.526110e+01,2.532122e+01,2.528782e+01,2.528782e+01,2.533458e+01,2.525442e+01,2.536129e+01,2.564796e+01,2.582092e+01,2.585415e+01,2.578768e+01,2.563464e+01,2.545471e+01,2.532122e+01,2.501357e+01,2.502696e+01,2.509391e+01,2.513406e+01,2.508052e+01,2.527446e+01,2.528115e+01,2.514744e+01,2.510730e+01,2.510730e+01,2.504035e+01,2.520094e+01,2.499347e+01,2.512068e+01,2.509391e+01,2.526110e+01,2.543469e+01,2.552805e+01,2.539466e+01,2.546805e+01,2.547471e+01,2.553472e+01,2.537464e+01,2.532122e+01,2.562798e+01,2.540801e+01,2.540801e+01,2.516751e+01,2.510060e+01,2.475873e+01,2.451000e+01,2.445614e+01,2.445614e+01,2.448981e+01,2.488622e+01,2.540801e+01,2.572782e+01,2.574778e+01,2.592721e+01,2.594713e+01,2.604004e+01,2.608646e+01,2.629841e+01,2.611960e+01,2.593385e+01,2.607319e+01,2.585415e+01,2.580762e+01,2.561466e+01,2.575443e+01,2.543469e+01,2.542802e+01,2.556804e+01,2.571451e+01,2.570121e+01,2.562798e+01,2.566793e+01,2.565462e+01,2.555471e+01,2.551472e+01,2.525442e+01,2.517419e+01,2.500687e+01,2.494656e+01,2.477887e+01,2.441573e+01,2.442247e+01,2.438878e+01,2.434161e+01,2.464452e+01,2.494656e+01,2.485269e+01,2.485940e+01,2.493986e+01,2.505375e+01,2.495326e+01,2.518088e+01,2.506044e+01,2.504705e+01,2.504705e+01,2.515413e+01,2.520763e+01,2.526778e+01,2.527446e+01,2.524773e+01,2.525442e+01,2.522100e+01,2.528115e+01,2.516082e+01,2.517419e+01,2.492645e+01,2.483927e+01,2.483927e+01,2.469828e+01,2.463108e+01,2.426068e+01,2.401752e+01,2.394311e+01,2.380091e+01,2.387542e+01,2.406485e+01,2.422694e+01,2.433487e+01,2.420670e+01,2.431464e+01,2.414593e+01,2.417969e+01,2.432138e+01,2.446288e+01,2.438205e+01,2.469828e+01,2.475201e+01,2.476544e+01,2.491305e+01,2.498007e+01,2.494656e+01,2.492645e+01,2.495326e+01,2.508052e+01,2.519426e+01,2.535461e+01,2.542135e+01,2.536796e+01,2.523437e+01,2.516082e+01,2.515413e+01,2.493316e+01,2.493986e+01,2.475873e+01,2.444268e+01,2.453692e+01,2.439552e+01,2.428092e+01,2.438205e+01,2.428092e+01,2.411215e+01,2.408512e+01,2.389573e+01,2.401752e+01,2.392958e+01,2.394311e+01,2.391604e+01,2.382801e+01,2.376702e+01,2.376702e+01,2.378057e+01,2.359741e+01,2.369242e+01,2.371277e+01,2.359741e+01,2.357704e+01,2.361099e+01,2.359741e+01,2.360420e+01,2.361099e+01,2.382123e+01,2.390250e+01,2.381446e+01,2.392958e+01,2.413242e+01,2.412566e+01,2.432812e+01,2.419319e+01,2.415943e+01,2.417294e+01,2.415943e+01,2.417969e+01,2.399047e+01,2.399047e+01,2.422019e+01,2.409864e+01,2.390250e+01,2.388219e+01,2.394988e+01,2.394988e+01,2.405133e+01,2.399047e+01,2.405133e+01,2.413242e+01,2.403105e+01,2.423369e+01,2.421344e+01,2.450327e+01,2.457728e+01,2.427417e+01,2.424044e+01,2.395664e+01,2.386865e+01,2.367207e+01,2.358383e+01,2.361778e+01,2.353629e+01,2.357704e+01,2.357025e+01,2.344113e+01,2.338672e+01,2.343433e+01,2.340032e+01,2.344113e+01,2.340713e+01,2.345473e+01,2.348872e+01,2.339352e+01,2.350231e+01,2.360420e+01,2.358383e+01,2.362457e+01,2.356346e+01,2.360420e+01,2.364493e+01,2.341393e+01,2.340713e+01,2.345473e+01,2.357025e+01,2.342073e+01,2.356346e+01,2.365850e+01,2.352949e+01,2.341393e+01,2.335950e+01,2.333908e+01,2.341393e+01,2.340713e+01,2.342073e+01,2.335950e+01,2.336630e+01,2.340713e+01,2.343433e+01,2.346833e+01,2.348192e+01,2.349552e+01,2.348872e+01,2.334589e+01,2.354987e+01,2.352949e+01,2.345473e+01,2.351590e+01,2.345473e+01,2.342073e+01,2.342753e+01,2.337311e+01,2.354308e+01,2.346833e+01,2.348192e+01,2.351590e+01,2.346153e+01,2.367886e+01,2.348192e+01,2.346833e+01,2.355667e+01
2.455710e+01,2.452346e+01,2.460419e+01,2.453019e+01,2.448308e+01,2.457728e+01,2.448981e+01,2.451673e+01,2.447635e+01,2.461091e+01,2.455710e+01,2.448981e+01,2.454365e+01,2.455038e+01,2.444941e+01,2.444268e+01,2.444268e+01,2.446961e+01,2.444941e+01,2.465796e+01,2.446288e+01,2.442921e+01,2.437531e+01,2.440900e+01,2.459746e+01,2.443594e+01,2.454365e+01,2.455710e+01,2.438205e+01,2.455710e+01,2.433487e+01,2.432812e+01,2.432812e+01,2.439552e+01,2.442247e+01,2.432812e+01,2.435509e+01,2.442247e+01,2.444941e+01,2.436183e+01,2.440900e+01,2.439552e+01,2.442921e+01,2.434835e+01,2.450327e+01,2.448981e+01,2.448308e+01,2.434161e+01,2.450327e+01,2.455038e+01,2.438878e+01,2.436857e+01,2.455038e+01,2.449654e+01,2.440900e+01,2.453019e+01,2.453019e+01,2.446961e+01,2.450327e+01,2.448981e+01,2.460419e+01,2.443594e+01,2.462436e+01,2.459746e+01,2.466469e+01,2.457728e+01,2.451673e+01,2.453019e+01,2.464452e+01,2.453019e+01,2.466469e+01,2.460419e+01,2.461763e+01,2.461091e+01,2.459746e+01,2.467813e+01,2.459073e+01,2.468484e+01,2.467813e+01,2.471172e+01,2.475201e+01,2.473858e+01,2.467141e+01,2.461091e+01,2.469828e+01,2.466469e+01,2.467141e+01,2.464452e+01,2.463108e+01,2.461091e+01,2.465796e+01,2.464452e+01,2.461763e+01,2.457056e+01,2.468484e+01,2.463780e+01,2.466469e+01,2.471844e+01,2.471172e+01,2.468484e+01,2.473187e+01,2.472515e+01,2.461763e+01,2.472515e+01,2.463108e+01,2.475873e+01,2.467813e+01,2.471844e+01,2.471172e+01,2.473187e+01,2.465796e+01,2.460419e+01,2.464452e+01,2.473187e+01,2.477887e+01,2.474530e+01,2.463780e+01,2.462436e+01,2.463780e+01,2.461763e+01,2.463780e+01,2.467813e+01,2.463108e+01,2.465124e+01,2.469156e+01,2.463108e+01,2.469828e+01,2.470500e+01,2.465796e+01,2.465124e+01,2.461763e+01,2.467141e+01,2.458401e+01,2.471172e+01,2.464452e+01,2.463780e+01,2.473187e+01,2.479901e+01,2.463780e+01,2.469156e+01,2.465124e+01,2.476544e+01,2.472515e+01,2.469156e+01,2.469156e+01,2.459073e+01,2.466469e+01,2.467813e+01,2.464452e+01,2.468484e+01,2.473858e+01,2.466469e+01,2.465796e+01,2.464452e+01,2.487281e+01,2.491305e+01,2.495997e+01,2.496667e+01,2.475873e+01,2.506713e+01,2.514744e+01,2.521431e+01,2.528782e+01,2.526110e+01,2.516751e+01,2.522100e+01,2.498677e+01,2.500687e+01,2.466469e+01,2.459746e+01,2.459073e+01,2.436857e+01,2.454365e+01,2.460419e+01,2.469156e+01,2.471172e+01,2.438878e+01,2.439552e+01,2.449654e+01,2.442921e+01,2.456383e+01,2.457728e+01,2.464452e+01,2.463780e+01,2.458401e+01,2.463108e+01,2.465124e+01,2.456383e+01,2.471844e+01,2.451000e+01,2.471844e+01,2.473858e+01,2.483927e+01,2.522768e+01,2.554138e+01,2.553472e+01,2.587408e+01,2.593385e+01,2.595377e+01,2.594049e+01,2.588072e+01,2.585415e+01,2.572117e+01,2.574778e+01,2.575443e+01,2.580097e+01,2.568124e+01,2.574113e+01,2.567459e+01,2.570121e+01,2.567459e+01,2.561466e+01,2.548138e+01,2.549472e+01,2.532790e+01,2.522768e+01,2.532122e+01,2.528782e+01,2.516751e+01,2.524773e+01,2.538799e+01,2.544137e+01,2.582092e+01,2.585415e+01,2.590729e+01,2.588736e+01,2.589401e+01,2.604004e+01,2.608646e+01,2.594049e+01,2.596041e+01,2.605993e+01,2.607319e+01,2.601350e+01,2.608646e+01,2.612623e+01,2.608646e+01,2.625208e+01,2.611960e+01,2.622560e+01,2.623222e+01,2.623222e+01,2.616599e+01,2.632487e+01,2.637117e+01,2.639761e+01,2.639761e+01,2.643727e+01,2.639761e+01,2.641744e+01,2.652314e+01,2.652975e+01,2.638439e+01,2.638439e+01,2.631826e+01,2.618586e+01,2.594713e+01,2.558136e+01,2.521431e+01,2.492645e+01,2.426068e+01,2.409864e+01,2.399723e+01,2.380768e+01,2.371277e+01,2.371277e+01,2.361778e+01,2.362457e+01,2.361099e+01,2.390250e+01,2.376702e+01,2.394988e+01,2.393634e+01,2.382801e+01,2.386865e+01,2.372634e+01,2.368564e+01,2.376024e+01,2.367886e+01,2.365172e+01,2.367207e+01,2.373312e+01,2.376702e+01,2.378735e+01,2.373990e+01,2.377380e+01,2.372634e+01,2.381446e+01,2.383478e+01,2.382123e+01,2.390927e+01,2.393634e+01,2.381446e+01,2.409188e+01,2.415268e+01,2.417294e+01,2.421344e+01,2.434835e+01,2.467813e+01,2.485940e+01,2.507383e+01,2.530787e+01,2.556804e+01,2.578103e+01,2.598696e+01,2.609971e+01,2.643727e+01,2.649673e+01,2.663533e+01,2.664852e+01,2.689226e+01,2.663533e+01,2.670786e+01,2.676717e+01,2.681986e+01,2.676717e+01,2.666171e+01,2.666171e+01,2.647031e+01,2.643066e+01,2.630502e+01,2.599359e+01,2.568790e+01,2.532122e+01,2.519426e+01,2.512068e+01,2.521431e+01,2.512737e+01,2.526110e+01,2.546138e+01,2.524105e+01,2.551472e+01,2.574778e+01,2.575443e+01,2.602677e+01,2.611297e+01,2.618586e+01,2.621235e+01,2.613286e+01,2.611297e+01,2.580097e+01,2.588072e+01,2.592057e+01,2.581427e+01,2.563464e+01,2.574778e+01,2.572117e+01,2.568124e+01,2.558802e+01,2.533458e+01,2.522768e+01,2.525442e+01,2.508052e+01,2.509391e+01,2.503366e+01,2.504705e+01,2.490634e+01,2.486610e+01,2.498677e+01,2.482585e+01,2.483256e+01,2.481243e+01,2.481243e+01,2.483927e+01,2.507383e+01,2.506713e+01,2.501357e+01,2.506044e+01,2.504705e+01,2.507383e+01,2.519426e+01,2.522768e+01,2.524773e+01,2.517419e+01,2.516082e+01,2.513406e+01,2.506044e+01,2.513406e+01,2.532790e+01,2.482585e+01,2.516751e+01,2.516082e+01,2.514075e+01,2.528115e+01,2.544137e+01,2.572782e+01,2.563464e+01,2.557470e+01,2.544137e+01,2.510730e+01,2.510060e+01,2.498677e+01,2.512737e+01,2.513406e+01,2.529451e+01,2.521431e+01,2.514744e+01,2.515413e+01,2.517419e+01,2.504035e+01,2.492645e+01,2.492645e+01,2.508722e+01,2.496667e+01,2.512737e+01,2.510060e+01,2.525442e+01,2.538131e+01,2.527446e+01,2.527446e+01,2.530119e+01,2.520763e+01,2.531454e+01,2.535461e+01,2.531454e+01,2.530787e+01,2.516082e+01,2.517419e+01,2.515413e+01,2.460419e+01,2.452346e+01,2.444268e+01,2.436857e+01,2.445614e+01,2.446288e+01,2.487281e+01,2.546138e+01,2.589401e+01,2.590729e+01,2.582756e+01,2.594713e+01,2.598696e+01,2.596041e+01,2.610634e+01,2.584750e+01,2.576773e+01,2.576773e+01,2.566793e+01,2.543469e+01,2.524105e+01,2.542802e+01,2.531454e+01,2.538799e+01,2.555471e+01,2.558802e+01,2.557470e+01,2.556804e+01,2.556137e+01,2.550139e+01,2.531454e+01,2.519426e+01,2.494656e+01,2.452346e+01,2.449654e+01,2.422019e+01,2.437531e+01,2.420670e+01,2.416619e+01,2.443594e+01,2.452346e+01,2.486610e+01,2.485940e+01,2.496667e+01,2.496667e+01,2.512068e+01,2.493986e+01,2.508052e+01,2.519426e+01,2.515413e+01,2.514075e+01,2.520094e+01,2.509391e+01,2.508052e+01,2.514744e+01,2.519426e+01,2.512068e+01,2.517419e+01,2.520763e+01,2.522100e+01,2.519426e+01,2.508052e+01,2.481914e+01,2.469828e+01,2.465796e+01,2.450327e+01,2.426743e+01,2.406485e+01,2.388896e+01,2.392281e+01,2.392281e+01,2.401752e+01,2.408512e+01,2.411215e+01,2.424044e+01,2.419994e+01,2.409864e+01,2.431464e+01,2.428092e+01,2.443594e+01,2.447635e+01,2.455710e+01,2.469156e+01,2.467813e+01,2.480572e+01,2.479901e+01,2.483256e+01,2.488622e+01,2.491305e+01,2.506044e+01,2.508052e+01,2.523437e+01,2.528782e+01,2.521431e+01,2.510060e+01,2.504035e+01,2.493316e+01,2.478558e+01,2.473858e+01,2.469156e+01,2.436857e+01,2.440900e+01,2.427417e+01,2.428766e+01,2.409188e+01,2.392281e+01,2.408512e+01,2.389573e+01,2.388896e+01,2.394311e+01,2.394988e+01,2.377380e+01,2.378735e+01,2.376702e+01,2.384155e+01,2.377380e+01,2.372634e+01,2.360420e+01,2.356346e+01,2.361099e+01,2.359741e+01,2.359062e+01,2.359741e+01,2.361099e+01,2.362457e+01,2.365172e+01,2.371277e+01,2.382123e+01,2.387542e+01,2.405809e+01,2.403781e+01,2.408512e+01,2.420670e+01,2.429441e+01,2.416619e+01,2.415268e+01,2.415268e+01,2.396341e+01,2.413917e+01,2.394311e+01,2.397694e+01,2.405809e+01,2.389573e+01,2.388896e+01,2.407161e+01,2.406485e+01,2.407161e+01,2.394311e+01,2.415943e+01,2.405809e+01,2.424044e+01,2.425393e+01,2.422694e+01,2.426068e+01,2.413242e+01,2.430115e+01,2.409864e+01,2.394311e+01,2.361099e+01,2.363136e+01,2.352949e+01,2.357704e+01,2.350231e+01,2.356346e+01,2.350231e+01,2.359741e+01,2.335950e+01,2.339352e+01,2.333228e+01,2.341393e+01,2.333228e+01,2.335269e+01,2.348872e+01,2.350911e+01,2.351590e+01,2.371277e+01,2.362457e+01,2.362457e+01,2.348872e+01,2.354308e+01,2.365172e+01,2.357704e+01,2.363814e+01,2.354987e+01,2.354987e+01,2.339352e+01,2.340713e+01,2.361778e+01,2.360420e+01,2.361778e+01,2.357704e+01,2.354308e+01,2.355667e+01,2.353629e+01,2.348872e+01,2.343433e+01,2.350231e+01,2.357704e+01,2.352270e+01,2.346153e+01,2.348872e+01,2.352949e+01,2.362457e+01,2.359741e+01,2.361778e+01,2.352270e+01,2.356346e+01,2.359741e+01,2.356346e+01,2.357025e+01,2.358383e+01,2.357704e+01,2.361099e+01,2.359062e+01,2.364493e+01,2.354987e+01,2.369242e+01,2.365850e+01,2.367886e+01,2.350231e+01,2.359062e+01
2.463108e+01,2.454365e+01,2.463780e+01,2.456383e+01,2.467141e+01,2.457728e+01,2.463108e+01,2.462436e+01,2.462436e+01,2.457056e+01,2.457728e+01,2.458401e+01,2.455710e+01,2.454365e+01,2.446288e+01,2.440900e+01,2.440226e+01,2.440900e+01,2.444268e+01,2.448308e+01,2.451000e+01,2.440900e+01,2.438878e+01,2.461091e+01,2.438878e+01,2.441573e+01,2.436857e+01,2.444268e+01,2.448308e+01,2.451673e+01,2.467813e+01,2.437531e+01,2.434161e+01,2.454365e+01,2.451000e+01,2.438205e+01,2.446961e+01,2.434835e+01,2.451673e+01,2.440900e+01,2.428092e+01,2.440226e+01,2.445614e+01,2.440226e+01,2.444268e+01,2.440900e+01,2.445614e+01,2.451673e+01,2.428766e+01,2.457728e+01,2.446961e+01,2.447635e+01,2.449654e+01,2.446961e+01,2.449654e+01,2.446288e+01,2.455710e+01,2.457056e+01,2.454365e+01,2.459746e+01,2.452346e+01,2.446288e+01,2.459746e+01,2.456383e+01,2.464452e+01,2.463780e+01,2.451000e+01,2.464452e+01,2.469156e+01,2.462436e+01,2.465124e+01,2.459073e+01,2.466469e+01,2.465796e+01,2.455710e+01,2.473187e+01,2.465796e+01,2.468484e+01,2.473858e+01,2.465796e+01,2.471844e+01,2.475873e+01,2.474530e+01,2.469828e+01,2.464452e+01,2.463780e+01,2.465124e+01,2.465796e+01,2.460419e+01,2.467141e+01,2.467813e+01,2.469156e+01,2.467813e+01,2.467813e+01,2.453019e+01,2.456383e+01,2.474530e+01,2.469828e+01,2.468484e+01,2.461763e+01,2.463108e+01,2.463108e+01,2.459746e+01,2.469828e+01,2.480572e+01,2.469828e+01,2.469156e+01,2.469828e+01,2.458401e+01,2.466469e+01,2.461763e+01,2.457056e+01,2.477887e+01,2.467813e+01,2.467813e+01,2.473858e+01,2.469828e+01,2.473187e+01,2.473187e+01,2.463108e+01,2.473187e+01,2.465796e+01,2.490634e+01,2.457056e+01,2.467813e+01,2.468484e+01,2.462436e+01,2.471844e+01,2.473187e+01,2.461091e+01,2.457056e+01,2.456383e+01,2.451673e+01,2.467141e+01,2.465124e+01,2.448981e+01,2.460419e+01,2.464452e+01,2.469156e+01,2.467813e+01,2.467141e+01,2.471844e+01,2.453019e+01,2.469828e+01,2.456383e+01,2.469828e+01,2.459073e+01,2.471844e+01,2.459073e+01,2.472515e+01,2.463108e+01,2.465124e+01,2.469156e+01,2.487281e+01,2.489964e+01,2.485269e+01,2.491975e+01,2.493986e+01,2.508722e+01,2.510730e+01,2.528782e+01,2.534793e+01,2.547471e+01,2.538799e+01,2.542135e+01,2.534793e+01,2.532790e+01,2.504705e+01,2.499347e+01,2.463108e+01,2.460419e+01,2.437531e+01,2.427417e+01,2.438878e+01,2.442247e+01,2.468484e+01,2.460419e+01,2.457056e+01,2.439552e+01,2.458401e+01,2.455710e+01,2.462436e+01,2.458401e+01,2.464452e+01,2.458401e+01,2.456383e+01,2.469828e+01,2.471844e+01,2.454365e+01,2.471844e+01,2.462436e+01,2.471172e+01,2.475873e+01,2.509391e+01,2.550805e+01,2.562132e+01,2.594713e+01,2.585415e+01,2.594049e+01,2.602013e+01,2.591393e+01,2.588072e+01,2.578103e+01,2.585415e+01,2.574778e+01,2.579433e+01,2.577438e+01,2.572782e+01,2.568124e+01,2.559468e+01,2.562132e+01,2.542802e+01,2.538799e+01,2.548805e+01,2.528782e+01,2.528115e+01,2.517419e+01,2.518088e+01,2.528782e+01,2.526778e+01,2.536796e+01,2.556804e+01,2.585415e+01,2.596704e+01,2.589401e+01,2.604004e+01,2.606656e+01,2.609971e+01,2.609971e+01,2.596704e+01,2.607982e+01,2.602677e+01,2.609971e+01,2.609309e+01,2.606656e+01,2.604004e+01,2.596041e+01,2.602677e+01,2.605330e+01,2.621898e+01,2.617261e+01,2.613948e+01,2.612623e+01,2.609309e+01,2.631826e+01,2.630502e+01,2.637117e+01,2.642405e+01,2.638439e+01,2.634472e+01,2.635794e+01,2.650333e+01,2.636456e+01,2.649012e+01,2.637117e+01,2.619911e+01,2.590729e+01,2.570786e+01,2.524105e+01,2.479230e+01,2.444268e+01,2.419994e+01,2.401076e+01,2.376024e+01,2.363136e+01,2.361099e+01,2.372634e+01,2.363814e+01,2.367886e+01,2.384155e+01,2.378057e+01,2.369921e+01,2.369242e+01,2.388219e+01,2.366529e+01,2.380768e+01,2.367207e+01,2.376702e+01,2.365172e+01,2.361099e+01,2.371277e+01,2.370599e+01,2.373312e+01,2.380768e+01,2.375346e+01,2.380768e+01,2.383478e+01,2.382801e+01,2.387542e+01,2.381446e+01,2.383478e+01,2.390250e+01,2.390927e+01,2.393634e+01,2.414593e+01,2.407161e+01,2.432138e+01,2.448981e+01,2.477887e+01,2.493986e+01,2.514744e+01,2.553472e+01,2.570786e+01,2.592721e+01,2.605330e+01,2.610634e+01,2.645049e+01,2.646370e+01,2.647691e+01,2.667490e+01,2.670786e+01,2.658915e+01,2.659575e+01,2.671445e+01,2.654295e+01,2.664193e+01,2.671445e+01,2.643727e+01,2.640422e+01,2.626532e+01,2.600023e+01,2.573447e+01,2.545471e+01,2.530787e+01,2.509391e+01,2.506713e+01,2.512068e+01,2.488622e+01,2.524105e+01,2.524105e+01,2.534793e+01,2.541468e+01,2.565462e+01,2.574113e+01,2.607319e+01,2.622560e+01,2.628517e+01,2.628517e+01,2.619248e+01,2.609971e+01,2.576773e+01,2.582756e+01,2.581427e+01,2.580762e+01,2.548805e+01,2.542135e+01,2.540801e+01,2.538799e+01,2.532790e+01,2.518088e+01,2.525442e+01,2.522100e+01,2.496667e+01,2.479230e+01,2.487952e+01,2.485940e+01,2.464452e+01,2.478558e+01,2.470500e+01,2.469156e+01,2.469156e+01,2.479901e+01,2.475201e+01,2.473858e+01,2.501357e+01,2.489293e+01,2.504035e+01,2.501357e+01,2.504705e+01,2.496667e+01,2.512068e+01,2.498007e+01,2.517419e+01,2.493316e+01,2.487952e+01,2.484598e+01,2.505375e+01,2.496667e+01,2.491305e+01,2.492645e+01,2.483256e+01,2.487281e+01,2.502696e+01,2.514744e+01,2.546138e+01,2.566127e+01,2.539466e+01,2.536796e+01,2.533458e+01,2.527446e+01,2.498007e+01,2.495326e+01,2.514075e+01,2.505375e+01,2.512737e+01,2.515413e+01,2.512068e+01,2.516082e+01,2.493316e+01,2.500687e+01,2.482585e+01,2.477216e+01,2.491975e+01,2.492645e+01,2.493986e+01,2.512068e+01,2.512068e+01,2.510730e+01,2.521431e+01,2.528782e+01,2.512737e+01,2.529451e+01,2.500017e+01,2.504705e+01,2.506044e+01,2.510060e+01,2.525442e+01,2.484598e+01,2.484598e+01,2.459746e+01,2.440226e+01,2.444268e+01,2.428766e+01,2.430790e+01,2.436857e+01,2.479230e+01,2.528782e+01,2.535461e+01,2.548805e+01,2.581427e+01,2.594713e+01,2.595377e+01,2.596041e+01,2.588736e+01,2.584750e+01,2.558802e+01,2.549472e+01,2.540801e+01,2.535461e+01,2.522768e+01,2.520763e+01,2.522100e+01,2.536129e+01,2.534126e+01,2.560134e+01,2.558136e+01,2.547471e+01,2.529451e+01,2.517419e+01,2.494656e+01,2.474530e+01,2.453019e+01,2.448308e+01,2.408512e+01,2.412566e+01,2.415268e+01,2.412566e+01,2.419319e+01,2.438878e+01,2.466469e+01,2.487952e+01,2.495326e+01,2.497337e+01,2.499347e+01,2.506713e+01,2.508722e+01,2.520763e+01,2.530119e+01,2.518757e+01,2.518088e+01,2.516082e+01,2.516751e+01,2.513406e+01,2.516082e+01,2.506044e+01,2.518757e+01,2.514075e+01,2.504035e+01,2.496667e+01,2.488622e+01,2.491305e+01,2.492645e+01,2.485940e+01,2.430790e+01,2.429441e+01,2.411891e+01,2.383478e+01,2.389573e+01,2.386865e+01,2.382801e+01,2.405133e+01,2.404457e+01,2.406485e+01,2.411215e+01,2.413242e+01,2.416619e+01,2.408512e+01,2.417294e+01,2.427417e+01,2.444941e+01,2.450327e+01,2.449654e+01,2.475873e+01,2.472515e+01,2.498007e+01,2.491975e+01,2.490634e+01,2.480572e+01,2.485269e+01,2.500017e+01,2.500687e+01,2.506713e+01,2.508052e+01,2.503366e+01,2.506044e+01,2.486610e+01,2.473187e+01,2.469156e+01,2.470500e+01,2.428766e+01,2.426068e+01,2.425393e+01,2.414593e+01,2.403105e+01,2.399723e+01,2.386187e+01,2.388896e+01,2.380091e+01,2.394988e+01,2.378057e+01,2.385510e+01,2.369242e+01,2.363814e+01,2.370599e+01,2.362457e+01,2.368564e+01,2.357704e+01,2.362457e+01,2.366529e+01,2.373990e+01,2.354308e+01,2.362457e+01,2.369242e+01,2.358383e+01,2.363814e+01,2.380768e+01,2.399047e+01,2.386865e+01,2.403105e+01,2.400400e+01,2.397694e+01,2.411891e+01,2.426068e+01,2.415943e+01,2.408512e+01,2.417294e+01,2.401076e+01,2.413917e+01,2.389573e+01,2.394311e+01,2.388896e+01,2.391604e+01,2.389573e+01,2.409864e+01,2.398371e+01,2.396341e+01,2.415268e+01,2.412566e+01,2.405809e+01,2.419994e+01,2.413242e+01,2.426068e+01,2.433487e+01,2.428092e+01,2.398371e+01,2.382123e+01,2.363136e+01,2.368564e+01,2.357704e+01,2.361778e+01,2.346153e+01,2.354987e+01,2.344113e+01,2.344113e+01,2.343433e+01,2.344793e+01,2.352270e+01,2.327099e+01,2.354987e+01,2.333908e+01,2.364493e+01,2.345473e+01,2.356346e+01,2.354987e+01,2.352949e+01,2.352270e+01,2.351590e+01,2.364493e+01,2.358383e+01,2.355667e+01,2.346153e+01,2.359741e+01,2.357704e+01,2.349552e+01,2.357025e+01,2.348872e+01,2.356346e+01,2.337311e+01,2.363136e+01,2.357025e+01,2.363814e+01,2.356346e+01,2.344113e+01,2.352949e+01,2.351590e+01,2.352270e+01,2.374668e+01,2.369242e+01,2.369921e+01,2.363136e+01,2.355667e+01,2.380091e+01,2.374668e+01,2.359741e+01,2.367207e+01,2.371277e+01,2.361778e+01,2.360420e+01,2.363136e+01,2.359741e+01,2.356346e+01,2.359062e+01,2.359062e+01,2.352949e+01,2.367207e+01,2.397694e+01,2.392281e+01,2.383478e+01,2.399047e+01,2.392281e+01
2.454365e+01,2.462436e+01,2.448981e+01,2.461763e+01,2.453019e+01,2.445614e+01,2.444941e+01,2.462436e+01,2.448308e+01,2.457728e+01,2.455038e+01,2.453019e+01,2.451673e+01,2.453019e+01,2.446961e+01,2.434835e+01,2.442921e+01,2.435509e+01,2.436183e+01,2.436857e+01,2.460419e+01,2.451000e+01,2.442247e+01,2.448981e+01,2.445614e+01,2.440900e+01,2.436857e+01,2.442921e+01,2.448308e+01,2.454365e+01,2.454365e+01,2.440900e+01,2.448308e+01,2.442247e+01,2.434161e+01,2.414593e+01,2.434835e+01,2.438205e+01,2.438878e+01,2.442921e+01,2.461091e+01,2.428092e+01,2.438878e+01,2.442247e+01,2.434835e+01,2.436183e+01,2.432138e+01,2.446961e+01,2.438205e+01,2.438205e+01,2.443594e+01,2.438878e+01,2.440226e+01,2.444268e+01,2.448981e+01,2.440226e+01,2.443594e+01,2.455710e+01,2.451000e+01,2.455038e+01,2.446288e+01,2.443594e+01,2.452346e+01,2.464452e+01,2.451000e+01,2.451000e+01,2.450327e+01,2.459073e+01,2.460419e+01,2.453692e+01,2.465124e+01,2.448308e+01,2.461763e+01,2.455710e+01,2.455710e+01,2.462436e+01,2.459746e+01,2.471844e+01,2.467141e+01,2.473858e+01,2.461091e+01,2.460419e+01,2.466469e+01,2.465796e+01,2.477216e+01,2.461763e+01,2.467813e+01,2.453019e+01,2.451000e+01,2.465796e+01,2.468484e+01,2.461091e+01,2.463780e+01,2.456383e+01,2.468484e+01,2.461763e+01,2.454365e+01,2.462436e+01,2.456383e+01,2.477216e+01,2.455710e+01,2.470500e+01,2.449654e+01,2.471844e+01,2.456383e+01,2.469828e+01,2.457056e+01,2.466469e+01,2.471844e+01,2.469828e+01,2.471844e+01,2.458401e+01,2.447635e+01,2.456383e+01,2.477887e+01,2.465124e+01,2.458401e+01,2.471172e+01,2.464452e+01,2.463780e+01,2.463108e+01,2.470500e+01,2.462436e+01,2.456383e+01,2.454365e+01,2.469156e+01,2.459746e+01,2.470500e+01,2.463108e+01,2.467813e+01,2.464452e+01,2.457728e+01,2.439552e+01,2.469828e+01,2.465124e+01,2.441573e+01,2.461091e+01,2.467141e+01,2.459073e+01,2.473187e+01,2.466469e+01,2.483256e+01,2.466469e+01,2.470500e+01,2.461763e+01,2.464452e+01,2.460419e+01,2.460419e+01,2.455038e+01,2.448981e+01,2.465124e+01,2.467141e+01,2.468484e+01,2.479901e+01,2.469828e+01,2.487952e+01,2.486610e+01,2.504705e+01,2.530787e+01,2.531454e+01,2.534793e+01,2.563464e+01,2.553472e+01,2.542802e+01,2.550139e+01,2.544804e+01,2.532122e+01,2.518757e+01,2.482585e+01,2.462436e+01,2.451673e+01,2.450327e+01,2.417294e+01,2.422019e+01,2.427417e+01,2.457056e+01,2.437531e+01,2.460419e+01,2.457728e+01,2.462436e+01,2.463108e+01,2.460419e+01,2.461763e+01,2.464452e+01,2.460419e+01,2.463780e+01,2.463108e+01,2.476544e+01,2.465124e+01,2.464452e+01,2.465124e+01,2.465124e+01,2.483927e+01,2.515413e+01,2.547471e+01,2.570786e+01,2.592057e+01,2.589401e+01,2.596704e+01,2.591393e+01,2.592057e+01,2.595377e+01,2.590729e+01,2.574113e+01,2.579433e+01,2.585415e+01,2.578768e+01,2.574113e+01,2.569455e+01,2.555471e+01,2.553472e+01,2.547471e+01,2.553472e+01,2.528782e+01,2.518088e+01,2.490634e+01,2.517419e+01,2.493316e+01,2.489293e+01,2.490634e+01,2.516751e+01,2.549472e+01,2.566793e+01,2.591393e+01,2.588736e+01,2.604004e+01,2.596041e+01,2.607319e+01,2.610634e+01,2.588072e+01,2.600023e+01,2.583421e+01,2.604004e+01,2.601350e+01,2.608646e+01,2.603340e+01,2.596704e+01,2.598696e+01,2.602013e+01,2.596704e+01,2.606656e+01,2.604667e+01,2.617924e+01,2.606656e+01,2.609971e+01,2.617924e+01,2.608646e+01,2.613948e+01,2.631826e+01,2.639761e+01,2.633149e+01,2.627855e+01,2.621898e+01,2.620573e+01,2.615936e+01,2.612623e+01,2.588736e+01,2.571451e+01,2.527446e+01,2.510060e+01,2.467813e+01,2.418644e+01,2.394988e+01,2.373990e+01,2.362457e+01,2.349552e+01,2.361778e+01,2.362457e+01,2.373990e+01,2.365850e+01,2.363814e+01,2.365172e+01,2.358383e+01,2.364493e+01,2.378057e+01,2.363814e+01,2.362457e+01,2.371277e+01,2.365172e+01,2.367207e+01,2.372634e+01,2.373312e+01,2.378735e+01,2.382801e+01,2.382801e+01,2.386187e+01,2.384155e+01,2.380091e+01,2.387542e+01,2.390927e+01,2.387542e+01,2.394311e+01,2.392958e+01,2.408512e+01,2.426068e+01,2.429441e+01,2.446288e+01,2.473858e+01,2.509391e+01,2.509391e+01,2.551472e+01,2.561466e+01,2.582092e+01,2.592721e+01,2.611297e+01,2.611960e+01,2.644388e+01,2.666171e+01,2.644388e+01,2.647031e+01,2.669468e+01,2.662214e+01,2.657595e+01,2.647691e+01,2.637778e+01,2.653635e+01,2.639761e+01,2.637117e+01,2.626532e+01,2.600686e+01,2.601350e+01,2.573447e+01,2.530119e+01,2.519426e+01,2.519426e+01,2.494656e+01,2.493986e+01,2.490634e+01,2.506044e+01,2.524773e+01,2.520094e+01,2.522768e+01,2.571451e+01,2.571451e+01,2.603340e+01,2.615936e+01,2.621235e+01,2.619248e+01,2.609971e+01,2.615936e+01,2.578103e+01,2.581427e+01,2.556137e+01,2.553472e+01,2.536796e+01,2.548138e+01,2.538799e+01,2.508052e+01,2.498677e+01,2.503366e+01,2.497337e+01,2.479230e+01,2.487281e+01,2.458401e+01,2.470500e+01,2.462436e+01,2.457728e+01,2.434835e+01,2.457056e+01,2.454365e+01,2.450327e+01,2.459073e+01,2.457728e+01,2.463780e+01,2.471172e+01,2.481243e+01,2.466469e+01,2.486610e+01,2.497337e+01,2.483927e+01,2.485269e+01,2.493986e+01,2.487281e+01,2.480572e+01,2.485269e+01,2.509391e+01,2.483256e+01,2.481914e+01,2.482585e+01,2.491975e+01,2.483927e+01,2.483256e+01,2.481914e+01,2.505375e+01,2.518088e+01,2.527446e+01,2.536796e+01,2.536129e+01,2.510730e+01,2.512737e+01,2.511399e+01,2.501357e+01,2.504705e+01,2.515413e+01,2.497337e+01,2.510730e+01,2.477216e+01,2.495997e+01,2.475201e+01,2.479230e+01,2.491975e+01,2.461091e+01,2.476544e+01,2.491305e+01,2.498007e+01,2.491305e+01,2.499347e+01,2.497337e+01,2.495326e+01,2.498677e+01,2.491305e+01,2.502026e+01,2.494656e+01,2.504035e+01,2.494656e+01,2.489293e+01,2.483927e+01,2.484598e+01,2.464452e+01,2.434161e+01,2.446961e+01,2.426068e+01,2.420670e+01,2.420670e+01,2.421344e+01,2.450327e+01,2.493986e+01,2.526778e+01,2.549472e+01,2.548805e+01,2.552139e+01,2.580097e+01,2.594713e+01,2.579433e+01,2.557470e+01,2.552139e+01,2.518757e+01,2.498677e+01,2.509391e+01,2.493316e+01,2.507383e+01,2.502026e+01,2.529451e+01,2.542802e+01,2.544804e+01,2.540801e+01,2.502026e+01,2.500017e+01,2.477887e+01,2.451673e+01,2.415268e+01,2.414593e+01,2.397694e+01,2.403105e+01,2.388219e+01,2.392281e+01,2.395664e+01,2.399723e+01,2.436183e+01,2.448981e+01,2.470500e+01,2.493316e+01,2.489964e+01,2.489964e+01,2.502026e+01,2.505375e+01,2.499347e+01,2.512068e+01,2.514075e+01,2.514075e+01,2.497337e+01,2.498007e+01,2.507383e+01,2.480572e+01,2.497337e+01,2.482585e+01,2.488622e+01,2.487281e+01,2.486610e+01,2.486610e+01,2.464452e+01,2.432812e+01,2.413917e+01,2.386187e+01,2.385510e+01,2.384155e+01,2.364493e+01,2.355667e+01,2.378057e+01,2.375346e+01,2.381446e+01,2.405133e+01,2.406485e+01,2.419319e+01,2.411215e+01,2.410540e+01,2.407161e+01,2.411891e+01,2.401076e+01,2.429441e+01,2.428766e+01,2.456383e+01,2.454365e+01,2.478558e+01,2.467813e+01,2.483927e+01,2.484598e+01,2.479230e+01,2.489293e+01,2.489293e+01,2.501357e+01,2.502696e+01,2.495997e+01,2.494656e+01,2.493316e+01,2.465796e+01,2.461763e+01,2.454365e+01,2.434835e+01,2.413917e+01,2.425393e+01,2.405809e+01,2.401752e+01,2.400400e+01,2.401076e+01,2.380091e+01,2.378057e+01,2.376024e+01,2.382801e+01,2.365172e+01,2.379413e+01,2.354308e+01,2.371956e+01,2.360420e+01,2.352270e+01,2.357025e+01,2.357025e+01,2.357025e+01,2.352949e+01,2.368564e+01,2.359062e+01,2.361778e+01,2.361099e+01,2.355667e+01,2.366529e+01,2.379413e+01,2.381446e+01,2.390250e+01,2.406485e+01,2.397694e+01,2.399723e+01,2.402428e+01,2.400400e+01,2.399723e+01,2.400400e+01,2.404457e+01,2.380091e+01,2.384833e+01,2.379413e+01,2.380768e+01,2.394988e+01,2.399047e+01,2.385510e+01,2.397018e+01,2.392281e+01,2.409188e+01,2.403781e+01,2.401752e+01,2.401752e+01,2.401076e+01,2.409188e+01,2.402428e+01,2.426743e+01,2.399047e+01,2.397694e+01,2.376024e+01,2.375346e+01,2.376702e+01,2.374668e+01,2.373312e+01,2.347513e+01,2.347513e+01,2.346153e+01,2.352949e+01,2.330504e+01,2.345473e+01,2.366529e+01,2.354987e+01,2.350231e+01,2.359062e+01,2.356346e+01,2.355667e+01,2.349552e+01,2.353629e+01,2.366529e+01,2.363814e+01,2.361778e+01,2.361778e+01,2.361778e+01,2.367207e+01,2.373312e+01,2.352949e+01,2.364493e+01,2.361099e+01,2.361099e+01,2.361099e+01,2.360420e+01,2.376024e+01,2.371956e+01,2.359741e+01,2.361099e+01,2.366529e+01,2.371956e+01,2.373990e+01,2.376702e+01,2.350231e+01,2.378735e+01,2.375346e+01,2.400400e+01,2.405809e+01,2.385510e+01,2.376702e+01,2.386865e+01,2.390927e+01,2.390927e+01,2.390250e+01,2.395664e+01,2.394988e+01,2.364493e+01,2.390250e+01,2.388219e+01,2.377380e+01,2.359741e+01,2.373990e+01,2.401076e+01,2.392958e+01,2.408512e+01,2.398371e+01,2.399047e+01,2.397694e+01
2.467813e+01,2.452346e+01,2.452346e+01,2.453692e+01,2.461763e+01,2.451000e+01,2.453019e+01,2.461763e+01,2.462436e+01,2.457056e+01,2.447635e+01,2.456383e+01,2.453019e+01,2.455710e+01,2.446961e+01,2.440226e+01,2.438205e+01,2.453019e+01,2.435509e+01,2.442247e+01,2.459073e+01,2.448308e+01,2.457728e+01,2.440900e+01,2.445614e+01,2.444268e+01,2.436857e+01,2.440226e+01,2.438878e+01,2.452346e+01,2.433487e+01,2.440900e+01,2.440226e+01,2.430115e+01,2.446288e+01,2.436857e+01,2.444941e+01,2.446288e+01,2.436183e+01,2.441573e+01,2.443594e+01,2.436857e+01,2.442921e+01,2.426068e+01,2.430790e+01,2.436183e+01,2.442921e+01,2.444268e+01,2.435509e+01,2.438205e+01,2.442247e+01,2.438205e+01,2.457728e+01,2.451000e+01,2.445614e+01,2.437531e+01,2.439552e+01,2.443594e+01,2.443594e+01,2.444941e+01,2.444941e+01,2.448981e+01,2.453019e+01,2.456383e+01,2.452346e+01,2.452346e+01,2.459073e+01,2.468484e+01,2.451000e+01,2.457728e+01,2.455710e+01,2.455038e+01,2.461763e+01,2.461763e+01,2.467141e+01,2.457728e+01,2.461091e+01,2.461091e+01,2.472515e+01,2.473858e+01,2.477216e+01,2.477216e+01,2.473858e+01,2.477887e+01,2.474530e+01,2.465124e+01,2.455710e+01,2.467141e+01,2.467141e+01,2.465796e+01,2.466469e+01,2.455038e+01,2.449654e+01,2.454365e+01,2.467813e+01,2.453019e+01,2.458401e+01,2.459073e+01,2.448981e+01,2.459746e+01,2.459073e+01,2.448308e+01,2.451673e+01,2.462436e+01,2.462436e+01,2.452346e+01,2.467813e+01,2.461091e+01,2.441573e+01,2.453692e+01,2.451673e+01,2.447635e+01,2.451673e+01,2.448981e+01,2.454365e+01,2.440900e+01,2.452346e+01,2.452346e+01,2.463108e+01,2.465124e+01,2.456383e+01,2.451000e+01,2.461763e+01,2.456383e+01,2.457056e+01,2.450327e+01,2.453692e+01,2.448981e+01,2.445614e+01,2.447635e+01,2.449654e+01,2.441573e+01,2.437531e+01,2.437531e+01,2.448308e+01,2.461763e+01,2.465124e+01,2.462436e+01,2.459746e+01,2.469828e+01,2.467813e+01,2.468484e+01,2.467141e+01,2.469828e+01,2.461763e+01,2.466469e+01,2.457728e+01,2.461763e+01,2.460419e+01,2.463108e+01,2.455038e+01,2.467141e+01,2.467813e+01,2.471172e+01,2.464452e+01,2.484598e+01,2.490634e+01,2.529451e+01,2.534793e+01,2.554804e+01,2.572117e+01,2.578103e+01,2.576773e+01,2.552805e+01,2.542802e+01,2.529451e+01,2.528115e+01,2.499347e+01,2.475873e+01,2.455710e+01,2.446961e+01,2.424044e+01,2.420670e+01,2.405133e+01,2.423369e+01,2.439552e+01,2.451000e+01,2.458401e+01,2.456383e+01,2.471172e+01,2.464452e+01,2.465124e+01,2.458401e+01,2.483256e+01,2.487281e+01,2.476544e+01,2.481243e+01,2.472515e+01,2.477887e+01,2.472515e+01,2.460419e+01,2.459746e+01,2.489964e+01,2.491305e+01,2.528115e+01,2.571451e+01,2.572782e+01,2.593385e+01,2.594713e+01,2.590065e+01,2.578768e+01,2.574778e+01,2.570786e+01,2.581427e+01,2.572117e+01,2.566127e+01,2.580762e+01,2.564130e+01,2.568790e+01,2.546138e+01,2.541468e+01,2.534793e+01,2.515413e+01,2.513406e+01,2.510060e+01,2.491305e+01,2.492645e+01,2.484598e+01,2.473858e+01,2.492645e+01,2.550805e+01,2.564796e+01,2.587408e+01,2.588736e+01,2.582756e+01,2.594713e+01,2.592057e+01,2.590729e+01,2.588072e+01,2.584085e+01,2.570786e+01,2.580762e+01,2.584085e+01,2.569455e+01,2.563464e+01,2.570121e+01,2.568790e+01,2.572782e+01,2.574113e+01,2.570786e+01,2.580097e+01,2.565462e+01,2.581427e+01,2.585415e+01,2.592057e+01,2.607319e+01,2.596041e+01,2.607982e+01,2.613948e+01,2.609309e+01,2.613948e+01,2.600686e+01,2.609971e+01,2.615936e+01,2.613948e+01,2.600023e+01,2.590065e+01,2.584750e+01,2.530119e+01,2.521431e+01,2.467813e+01,2.438878e+01,2.405133e+01,2.363136e+01,2.376702e+01,2.365172e+01,2.364493e+01,2.376024e+01,2.361099e+01,2.363136e+01,2.367207e+01,2.362457e+01,2.365172e+01,2.361778e+01,2.365850e+01,2.373990e+01,2.365172e+01,2.369242e+01,2.359062e+01,2.360420e+01,2.371956e+01,2.360420e+01,2.377380e+01,2.378057e+01,2.379413e+01,2.376702e+01,2.379413e+01,2.380768e+01,2.387542e+01,2.388219e+01,2.390250e+01,2.409864e+01,2.403781e+01,2.404457e+01,2.414593e+01,2.430115e+01,2.471172e+01,2.478558e+01,2.514075e+01,2.534126e+01,2.549472e+01,2.580762e+01,2.589401e+01,2.605330e+01,2.614611e+01,2.620573e+01,2.644388e+01,2.645049e+01,2.647031e+01,2.641084e+01,2.650333e+01,2.635794e+01,2.649012e+01,2.653635e+01,2.637778e+01,2.647031e+01,2.637117e+01,2.637117e+01,2.636456e+01,2.604667e+01,2.576773e+01,2.572782e+01,2.548805e+01,2.530787e+01,2.501357e+01,2.494656e+01,2.487952e+01,2.483256e+01,2.504035e+01,2.493316e+01,2.522768e+01,2.536796e+01,2.538131e+01,2.583421e+01,2.600023e+01,2.601350e+01,2.615936e+01,2.609309e+01,2.619911e+01,2.619248e+01,2.582092e+01,2.580762e+01,2.562132e+01,2.538799e+01,2.541468e+01,2.536129e+01,2.510730e+01,2.502026e+01,2.493316e+01,2.495326e+01,2.481243e+01,2.461763e+01,2.451673e+01,2.454365e+01,2.457728e+01,2.452346e+01,2.425393e+01,2.436183e+01,2.430115e+01,2.454365e+01,2.455710e+01,2.436183e+01,2.450327e+01,2.458401e+01,2.459073e+01,2.479230e+01,2.463108e+01,2.483256e+01,2.475201e+01,2.461763e+01,2.483256e+01,2.481243e+01,2.481243e+01,2.482585e+01,2.464452e+01,2.463108e+01,2.465796e+01,2.479230e+01,2.458401e+01,2.491975e+01,2.463108e+01,2.442921e+01,2.447635e+01,2.484598e+01,2.502026e+01,2.500017e+01,2.504035e+01,2.508722e+01,2.504705e+01,2.496667e+01,2.493316e+01,2.495997e+01,2.492645e+01,2.491975e+01,2.496667e+01,2.484598e+01,2.471172e+01,2.475201e+01,2.453019e+01,2.453692e+01,2.452346e+01,2.453692e+01,2.450327e+01,2.461763e+01,2.474530e+01,2.473858e+01,2.499347e+01,2.496667e+01,2.475873e+01,2.493986e+01,2.493986e+01,2.477887e+01,2.491975e+01,2.495326e+01,2.489293e+01,2.467813e+01,2.451673e+01,2.465124e+01,2.460419e+01,2.432138e+01,2.407837e+01,2.415943e+01,2.410540e+01,2.408512e+01,2.419319e+01,2.415268e+01,2.449654e+01,2.482585e+01,2.518757e+01,2.517419e+01,2.548138e+01,2.548138e+01,2.548138e+01,2.548805e+01,2.516082e+01,2.511399e+01,2.491305e+01,2.471844e+01,2.473187e+01,2.472515e+01,2.475201e+01,2.512068e+01,2.522100e+01,2.527446e+01,2.514075e+01,2.503366e+01,2.481914e+01,2.460419e+01,2.446288e+01,2.413917e+01,2.403781e+01,2.393634e+01,2.374668e+01,2.392281e+01,2.392281e+01,2.399723e+01,2.388219e+01,2.413917e+01,2.421344e+01,2.458401e+01,2.458401e+01,2.487281e+01,2.489964e+01,2.495326e+01,2.508722e+01,2.509391e+01,2.495326e+01,2.493986e+01,2.486610e+01,2.503366e+01,2.491305e+01,2.478558e+01,2.495326e+01,2.478558e+01,2.465124e+01,2.473858e+01,2.457056e+01,2.450327e+01,2.442921e+01,2.419319e+01,2.411891e+01,2.387542e+01,2.378057e+01,2.382801e+01,2.367207e+01,2.378057e+01,2.373990e+01,2.347513e+01,2.348872e+01,2.375346e+01,2.377380e+01,2.405809e+01,2.407161e+01,2.407837e+01,2.408512e+01,2.390927e+01,2.384833e+01,2.397694e+01,2.414593e+01,2.429441e+01,2.438878e+01,2.438878e+01,2.444941e+01,2.463780e+01,2.477216e+01,2.479230e+01,2.477216e+01,2.474530e+01,2.475201e+01,2.468484e+01,2.475873e+01,2.483256e+01,2.476544e+01,2.478558e+01,2.461763e+01,2.441573e+01,2.438878e+01,2.419994e+01,2.432138e+01,2.430790e+01,2.421344e+01,2.397694e+01,2.394988e+01,2.380091e+01,2.375346e+01,2.378735e+01,2.363136e+01,2.372634e+01,2.363814e+01,2.365172e+01,2.366529e+01,2.357025e+01,2.369242e+01,2.366529e+01,2.341393e+01,2.350231e+01,2.352949e+01,2.359741e+01,2.357704e+01,2.374668e+01,2.371277e+01,2.348872e+01,2.375346e+01,2.385510e+01,2.381446e+01,2.378735e+01,2.379413e+01,2.382123e+01,2.380768e+01,2.383478e+01,2.405809e+01,2.381446e+01,2.389573e+01,2.380091e+01,2.398371e+01,2.374668e+01,2.384833e+01,2.373312e+01,2.392958e+01,2.380768e+01,2.398371e+01,2.399047e+01,2.376702e+01,2.390250e+01,2.411215e+01,2.391604e+01,2.401076e+01,2.397018e+01,2.401076e+01,2.398371e+01,2.393634e+01,2.400400e+01,2.408512e+01,2.399047e+01,2.374668e+01,2.353629e+01,2.373990e+01,2.379413e+01,2.365850e+01,2.375346e+01,2.360420e+01,2.356346e+01,2.364493e+01,2.344793e+01,2.361099e+01,2.359741e+01,2.357025e+01,2.361778e+01,2.372634e+01,2.367886e+01,2.368564e+01,2.360420e+01,2.369242e+01,2.363136e+01,2.357025e+01,2.363814e+01,2.357704e+01,2.363814e+01,2.357704e+01,2.376702e+01,2.378057e+01,2.376024e+01,2.376024e+01,2.375346e+01,2.392958e+01,2.376702e+01,2.388896e+01,2.375346e+01,2.382801e+01,2.385510e+01,2.384833e+01,2.390250e+01,2.392281e+01,2.390927e+01,2.400400e+01,2.401076e+01,2.401076e+01,2.401752e+01,2.402428e+01,2.401752e+01,2.404457e+01,2.411215e+01,2.410540e+01,2.407161e+01,2.419319e+01,2.403105e+01,2.389573e+01,2.392958e+01,2.397694e+01,2.400400e+01,2.402428e+01,2.399723e+01,2.393634e+01,2.407161e+01,2.417969e+01,2.428092e+01,2.422019e+01,2.419994e+01,2.424719e+01,2.437531e+01
2.463108e+01,2.452346e+01,2.452346e+01,2.455710e+01,2.465124e+01,2.463780e+01,2.465796e+01,2.446288e+01,2.444941e+01,2.449654e+01,2.457728e+01,2.459073e+01,2.446961e+01,2.452346e+01,2.442921e+01,2.449654e+01,2.432812e+01,2.437531e+01,2.450327e+01,2.448308e+01,2.461091e+01,2.441573e+01,2.442247e+01,2.459746e+01,2.440226e+01,2.433487e+01,2.436857e+01,2.438878e+01,2.442921e+01,2.444941e+01,2.446961e+01,2.440900e+01,2.442247e+01,2.437531e+01,2.437531e+01,2.444268e+01,2.441573e+01,2.430790e+01,2.442921e+01,2.433487e+01,2.439552e+01,2.430790e+01,2.433487e+01,2.444268e+01,2.435509e+01,2.444941e+01,2.441573e+01,2.445614e+01,2.438878e+01,2.438205e+01,2.431464e+01,2.434161e+01,2.438205e+01,2.442921e+01,2.443594e+01,2.443594e+01,2.442247e+01,2.438205e+01,2.444268e+01,2.453692e+01,2.463780e+01,2.459746e+01,2.455710e+01,2.450327e+01,2.460419e+01,2.452346e+01,2.451673e+01,2.465124e+01,2.448308e+01,2.456383e+01,2.463108e+01,2.461091e+01,2.463108e+01,2.461763e+01,2.465124e+01,2.467141e+01,2.455710e+01,2.461091e+01,2.464452e+01,2.464452e+01,2.475873e+01,2.483927e+01,2.485269e+01,2.475201e+01,2.487952e+01,2.469828e+01,2.479901e+01,2.469828e+01,2.465124e+01,2.460419e+01,2.458401e+01,2.457728e+01,2.452346e+01,2.457728e+01,2.467813e+01,2.457728e+01,2.457728e+01,2.451673e+01,2.459073e+01,2.457056e+01,2.449654e+01,2.451673e+01,2.453019e+01,2.459746e+01,2.452346e+01,2.452346e+01,2.440226e+01,2.455710e+01,2.442247e+01,2.448308e+01,2.448308e+01,2.446961e+01,2.448981e+01,2.439552e+01,2.457728e+01,2.457056e+01,2.451673e+01,2.454365e+01,2.453019e+01,2.440226e+01,2.463108e+01,2.449654e+01,2.445614e+01,2.449654e+01,2.452346e+01,2.452346e+01,2.434161e+01,2.451000e+01,2.428092e+01,2.448308e+01,2.439552e+01,2.446288e+01,2.428766e+01,2.435509e+01,2.433487e+01,2.438878e+01,2.444268e+01,2.465796e+01,2.459746e+01,2.467141e+01,2.465124e+01,2.465796e+01,2.453019e+01,2.470500e+01,2.457728e+01,2.453019e+01,2.458401e+01,2.461091e+01,2.457056e+01,2.467141e+01,2.479901e+01,2.487952e+01,2.482585e+01,2.465796e+01,2.465124e+01,2.461763e+01,2.506713e+01,2.535461e+01,2.559468e+01,2.572117e+01,2.578103e+01,2.564796e+01,2.576108e+01,2.569455e+01,2.548805e+01,2.532122e+01,2.527446e+01,2.520094e+01,2.492645e+01,2.471844e+01,2.453019e+01,2.431464e+01,2.423369e+01,2.419994e+01,2.423369e+01,2.451673e+01,2.454365e+01,2.483256e+01,2.468484e+01,2.492645e+01,2.489964e+01,2.495326e+01,2.491975e+01,2.491305e+01,2.504035e+01,2.508722e+01,2.487952e+01,2.484598e+01,2.496667e+01,2.487952e+01,2.471844e+01,2.474530e+01,2.470500e+01,2.491305e+01,2.528115e+01,2.546805e+01,2.558802e+01,2.569455e+01,2.594713e+01,2.588072e+01,2.573447e+01,2.590729e+01,2.589401e+01,2.580097e+01,2.576108e+01,2.578103e+01,2.578103e+01,2.548138e+01,2.561466e+01,2.538799e+01,2.512737e+01,2.514744e+01,2.511399e+01,2.496667e+01,2.491305e+01,2.490634e+01,2.481243e+01,2.475873e+01,2.472515e+01,2.483256e+01,2.530119e+01,2.564130e+01,2.588072e+01,2.593385e+01,2.586079e+01,2.580097e+01,2.590729e+01,2.589401e+01,2.572117e+01,2.574778e+01,2.558802e+01,2.560800e+01,2.562132e+01,2.542802e+01,2.546138e+01,2.538799e+01,2.540801e+01,2.534126e+01,2.542135e+01,2.546805e+01,2.528782e+01,2.535461e+01,2.562798e+01,2.556137e+01,2.562132e+01,2.571451e+01,2.580762e+01,2.577438e+01,2.594049e+01,2.596041e+01,2.584085e+01,2.595377e+01,2.606656e+01,2.592721e+01,2.591393e+01,2.585415e+01,2.568790e+01,2.569455e+01,2.530787e+01,2.500687e+01,2.480572e+01,2.438205e+01,2.401076e+01,2.376702e+01,2.365850e+01,2.360420e+01,2.363814e+01,2.362457e+01,2.348192e+01,2.350911e+01,2.365172e+01,2.367886e+01,2.364493e+01,2.352270e+01,2.361099e+01,2.375346e+01,2.366529e+01,2.373312e+01,2.365172e+01,2.380091e+01,2.357704e+01,2.373312e+01,2.372634e+01,2.378735e+01,2.389573e+01,2.370599e+01,2.385510e+01,2.387542e+01,2.394311e+01,2.390927e+01,2.390927e+01,2.409188e+01,2.401752e+01,2.422019e+01,2.429441e+01,2.446288e+01,2.475201e+01,2.508722e+01,2.513406e+01,2.532122e+01,2.554804e+01,2.588736e+01,2.606656e+01,2.596704e+01,2.596041e+01,2.612623e+01,2.610634e+01,2.613286e+01,2.637778e+01,2.639100e+01,2.623884e+01,2.619911e+01,2.651654e+01,2.637778e+01,2.635794e+01,2.638439e+01,2.635133e+01,2.611960e+01,2.635133e+01,2.612623e+01,2.598696e+01,2.571451e+01,2.535461e+01,2.514744e+01,2.509391e+01,2.487281e+01,2.482585e+01,2.488622e+01,2.485269e+01,2.504705e+01,2.504705e+01,2.528115e+01,2.566127e+01,2.576108e+01,2.598696e+01,2.601350e+01,2.604004e+01,2.614611e+01,2.605330e+01,2.617924e+01,2.583421e+01,2.568124e+01,2.545471e+01,2.544137e+01,2.539466e+01,2.518088e+01,2.501357e+01,2.498007e+01,2.475873e+01,2.471844e+01,2.466469e+01,2.450327e+01,2.448981e+01,2.446288e+01,2.424044e+01,2.425393e+01,2.405809e+01,2.432812e+01,2.405133e+01,2.424044e+01,2.429441e+01,2.433487e+01,2.432138e+01,2.447635e+01,2.446961e+01,2.461091e+01,2.464452e+01,2.451673e+01,2.457056e+01,2.453019e+01,2.459073e+01,2.459073e+01,2.458401e+01,2.452346e+01,2.453019e+01,2.453019e+01,2.453692e+01,2.456383e+01,2.452346e+01,2.458401e+01,2.438878e+01,2.442921e+01,2.443594e+01,2.443594e+01,2.482585e+01,2.502696e+01,2.500687e+01,2.496667e+01,2.498677e+01,2.499347e+01,2.500017e+01,2.498007e+01,2.499347e+01,2.498007e+01,2.473858e+01,2.473187e+01,2.444268e+01,2.464452e+01,2.437531e+01,2.449654e+01,2.450327e+01,2.451000e+01,2.452346e+01,2.450327e+01,2.460419e+01,2.487952e+01,2.477216e+01,2.478558e+01,2.485269e+01,2.481914e+01,2.477216e+01,2.478558e+01,2.482585e+01,2.467813e+01,2.466469e+01,2.454365e+01,2.453692e+01,2.430790e+01,2.430790e+01,2.436857e+01,2.408512e+01,2.402428e+01,2.386865e+01,2.397694e+01,2.396341e+01,2.392281e+01,2.428766e+01,2.476544e+01,2.491975e+01,2.510730e+01,2.514075e+01,2.513406e+01,2.516082e+01,2.515413e+01,2.479230e+01,2.481914e+01,2.454365e+01,2.472515e+01,2.469828e+01,2.461763e+01,2.460419e+01,2.489293e+01,2.502026e+01,2.491305e+01,2.493316e+01,2.465796e+01,2.459746e+01,2.441573e+01,2.396341e+01,2.397694e+01,2.391604e+01,2.387542e+01,2.376702e+01,2.374668e+01,2.389573e+01,2.391604e+01,2.401076e+01,2.414593e+01,2.434161e+01,2.446288e+01,2.441573e+01,2.462436e+01,2.486610e+01,2.472515e+01,2.493316e+01,2.473187e+01,2.497337e+01,2.484598e+01,2.486610e+01,2.483927e+01,2.479901e+01,2.487952e+01,2.465796e+01,2.464452e+01,2.444941e+01,2.406485e+01,2.409864e+01,2.392958e+01,2.369242e+01,2.369242e+01,2.370599e+01,2.366529e+01,2.380091e+01,2.401752e+01,2.401752e+01,2.394988e+01,2.367886e+01,2.376702e+01,2.346153e+01,2.365850e+01,2.380091e+01,2.379413e+01,2.380768e+01,2.397018e+01,2.415268e+01,2.410540e+01,2.387542e+01,2.402428e+01,2.395664e+01,2.414593e+01,2.407161e+01,2.419994e+01,2.440226e+01,2.433487e+01,2.448981e+01,2.472515e+01,2.469156e+01,2.470500e+01,2.456383e+01,2.454365e+01,2.471844e+01,2.457728e+01,2.451673e+01,2.454365e+01,2.436857e+01,2.432138e+01,2.417294e+01,2.435509e+01,2.422019e+01,2.394988e+01,2.396341e+01,2.386865e+01,2.388219e+01,2.378735e+01,2.367207e+01,2.369242e+01,2.361099e+01,2.359741e+01,2.370599e+01,2.362457e+01,2.348872e+01,2.365172e+01,2.346153e+01,2.363814e+01,2.347513e+01,2.352270e+01,2.355667e+01,2.364493e+01,2.378735e+01,2.368564e+01,2.374668e+01,2.357025e+01,2.378057e+01,2.370599e+01,2.377380e+01,2.375346e+01,2.384155e+01,2.381446e+01,2.393634e+01,2.405133e+01,2.380091e+01,2.382123e+01,2.379413e+01,2.388219e+01,2.371956e+01,2.376702e+01,2.372634e+01,2.380091e+01,2.358383e+01,2.378057e+01,2.379413e+01,2.384833e+01,2.402428e+01,2.407837e+01,2.395664e+01,2.400400e+01,2.392281e+01,2.388219e+01,2.385510e+01,2.389573e+01,2.401752e+01,2.392958e+01,2.403105e+01,2.410540e+01,2.392958e+01,2.392958e+01,2.401076e+01,2.380768e+01,2.361778e+01,2.364493e+01,2.357025e+01,2.378735e+01,2.377380e+01,2.363814e+01,2.362457e+01,2.360420e+01,2.366529e+01,2.367207e+01,2.390250e+01,2.379413e+01,2.366529e+01,2.361099e+01,2.384833e+01,2.385510e+01,2.390250e+01,2.392958e+01,2.372634e+01,2.390250e+01,2.379413e+01,2.387542e+01,2.405133e+01,2.412566e+01,2.394988e+01,2.399723e+01,2.403105e+01,2.412566e+01,2.411215e+01,2.408512e+01,2.390250e+01,2.417294e+01,2.411215e+01,2.400400e+01,2.412566e+01,2.428766e+01,2.402428e+01,2.419319e+01,2.451000e+01,2.429441e+01,2.407837e+01,2.428092e+01,2.422019e+01,2.427417e+01,2.425393e+01,2.446288e+01,2.428092e+01,2.422019e+01,2.424719e+01,2.440226e+01,2.425393e+01,2.424044e+01,2.403105e+01,2.415268e+01,2.417294e+01,2.406485e+01,2.433487e+01,2.439552e+01,2.430115e+01,2.433487e+01,2.428766e+01,2.439552e+01
2.467813e+01,2.448308e+01,2.460419e+01,2.453019e+01,2.467141e+01,2.453692e+01,2.457056e+01,2.450327e+01,2.446288e+01,2.456383e+01,2.450327e+01,2.439552e+01,2.460419e+01,2.448981e+01,2.438205e+01,2.448981e+01,2.440900e+01,2.452346e+01,2.434835e+01,2.446961e+01,2.447635e+01,2.440226e+01,2.445614e+01,2.438878e+01,2.442921e+01,2.451673e+01,2.441573e+01,2.433487e+01,2.450327e+01,2.450327e+01,2.438205e+01,2.451000e+01,2.440900e+01,2.453692e+01,2.438205e+01,2.430790e+01,2.427417e+01,2.437531e+01,2.446288e+01,2.443594e+01,2.444268e+01,2.435509e+01,2.431464e+01,2.441573e+01,2.440226e+01,2.441573e+01,2.448981e+01,2.436857e+01,2.438205e+01,2.436183e+01,2.436857e+01,2.438878e+01,2.434161e+01,2.434835e+01,2.440900e+01,2.440900e+01,2.436183e+01,2.441573e+01,2.436183e+01,2.442247e+01,2.441573e+01,2.441573e+01,2.445614e+01,2.444268e+01,2.465124e+01,2.448308e+01,2.452346e+01,2.451673e+01,2.463108e+01,2.449654e+01,2.457056e+01,2.463108e+01,2.463780e+01,2.462436e+01,2.468484e+01,2.463780e+01,2.460419e+01,2.439552e+01,2.455710e+01,2.474530e+01,2.479901e+01,2.489964e+01,2.484598e+01,2.484598e+01,2.475201e+01,2.471844e+01,2.466469e+01,2.465124e+01,2.455710e+01,2.456383e+01,2.456383e+01,2.457056e+01,2.459073e+01,2.462436e+01,2.451673e+01,2.448981e+01,2.442247e+01,2.457056e+01,2.448308e+01,2.446288e+01,2.454365e+01,2.447635e+01,2.455710e+01,2.446961e+01,2.446288e+01,2.443594e+01,2.443594e+01,2.453019e+01,2.445614e+01,2.423369e+01,2.448981e+01,2.448981e+01,2.444941e+01,2.439552e+01,2.434835e+01,2.446288e+01,2.436183e+01,2.436183e+01,2.440226e+01,2.437531e+01,2.438205e+01,2.417969e+01,2.419994e+01,2.415943e+01,2.424044e+01,2.432812e+01,2.426068e+01,2.431464e+01,2.434161e+01,2.424719e+01,2.405809e+01,2.420670e+01,2.429441e+01,2.432812e+01,2.432812e+01,2.436183e+01,2.421344e+01,2.451000e+01,2.457728e+01,2.447635e+01,2.449654e+01,2.473858e+01,2.461091e+01,2.465124e+01,2.474530e+01,2.466469e+01,2.483927e+01,2.475201e+01,2.495326e+01,2.490634e+01,2.480572e+01,2.465796e+01,2.459746e+01,2.461763e+01,2.464452e+01,2.490634e+01,2.506713e+01,2.559468e+01,2.571451e+01,2.580762e+01,2.588072e+01,2.592057e+01,2.590729e+01,2.578768e+01,2.567459e+01,2.545471e+01,2.537464e+01,2.491305e+01,2.489964e+01,2.471172e+01,2.451673e+01,2.419994e+01,2.412566e+01,2.422694e+01,2.426068e+01,2.448308e+01,2.479901e+01,2.473187e+01,2.501357e+01,2.489293e+01,2.512737e+01,2.516751e+01,2.518088e+01,2.519426e+01,2.523437e+01,2.508722e+01,2.524105e+01,2.520094e+01,2.520763e+01,2.489293e+01,2.483256e+01,2.479230e+01,2.480572e+01,2.492645e+01,2.525442e+01,2.556137e+01,2.560134e+01,2.582092e+01,2.573447e+01,2.580097e+01,2.555471e+01,2.572117e+01,2.570786e+01,2.564130e+01,2.557470e+01,2.565462e+01,2.550805e+01,2.538799e+01,2.536796e+01,2.540133e+01,2.518088e+01,2.512737e+01,2.513406e+01,2.492645e+01,2.502026e+01,2.479230e+01,2.473858e+01,2.478558e+01,2.455710e+01,2.486610e+01,2.531454e+01,2.552139e+01,2.562798e+01,2.569455e+01,2.565462e+01,2.557470e+01,2.557470e+01,2.554138e+01,2.535461e+01,2.534126e+01,2.529451e+01,2.537464e+01,2.526778e+01,2.516751e+01,2.516751e+01,2.512068e+01,2.509391e+01,2.522100e+01,2.512068e+01,2.508722e+01,2.514744e+01,2.511399e+01,2.528782e+01,2.528782e+01,2.530787e+01,2.562798e+01,2.542802e+01,2.560800e+01,2.550805e+01,2.557470e+01,2.554804e+01,2.567459e+01,2.562798e+01,2.562132e+01,2.567459e+01,2.563464e+01,2.564796e+01,2.542135e+01,2.523437e+01,2.502696e+01,2.485269e+01,2.439552e+01,2.407837e+01,2.389573e+01,2.358383e+01,2.359062e+01,2.350911e+01,2.357025e+01,2.363136e+01,2.361099e+01,2.349552e+01,2.368564e+01,2.375346e+01,2.368564e+01,2.368564e+01,2.365172e+01,2.369242e+01,2.369242e+01,2.379413e+01,2.375346e+01,2.360420e+01,2.369242e+01,2.380091e+01,2.384155e+01,2.392958e+01,2.389573e+01,2.380768e+01,2.390927e+01,2.399047e+01,2.390250e+01,2.399723e+01,2.409188e+01,2.409864e+01,2.428092e+01,2.430115e+01,2.454365e+01,2.467813e+01,2.503366e+01,2.538799e+01,2.546138e+01,2.582092e+01,2.580097e+01,2.587408e+01,2.599359e+01,2.603340e+01,2.613286e+01,2.612623e+01,2.614611e+01,2.625870e+01,2.638439e+01,2.626532e+01,2.637778e+01,2.632487e+01,2.627194e+01,2.642405e+01,2.629179e+01,2.635794e+01,2.630502e+01,2.600686e+01,2.605330e+01,2.598032e+01,2.570786e+01,2.547471e+01,2.517419e+01,2.513406e+01,2.489293e+01,2.487281e+01,2.481243e+01,2.484598e+01,2.485269e+01,2.530119e+01,2.520763e+01,2.562798e+01,2.580097e+01,2.582756e+01,2.583421e+01,2.591393e+01,2.601350e+01,2.609309e+01,2.585415e+01,2.584750e+01,2.566127e+01,2.553472e+01,2.536796e+01,2.516751e+01,2.512068e+01,2.503366e+01,2.493986e+01,2.481914e+01,2.467141e+01,2.467141e+01,2.446288e+01,2.440226e+01,2.448981e+01,2.423369e+01,2.419994e+01,2.412566e+01,2.424719e+01,2.411215e+01,2.421344e+01,2.426743e+01,2.419319e+01,2.432138e+01,2.423369e+01,2.433487e+01,2.436857e+01,2.432812e+01,2.449654e+01,2.449654e+01,2.450327e+01,2.426743e+01,2.449654e+01,2.425393e+01,2.439552e+01,2.427417e+01,2.436857e+01,2.429441e+01,2.422019e+01,2.431464e+01,2.431464e+01,2.442921e+01,2.415943e+01,2.438205e+01,2.442247e+01,2.475201e+01,2.500017e+01,2.493316e+01,2.498007e+01,2.493316e+01,2.492645e+01,2.501357e+01,2.482585e+01,2.496667e+01,2.472515e+01,2.471172e+01,2.465124e+01,2.438878e+01,2.438205e+01,2.428092e+01,2.430790e+01,2.430790e+01,2.431464e+01,2.434161e+01,2.445614e+01,2.462436e+01,2.462436e+01,2.449654e+01,2.458401e+01,2.448981e+01,2.474530e+01,2.463108e+01,2.470500e+01,2.477887e+01,2.455710e+01,2.438878e+01,2.453692e+01,2.434161e+01,2.425393e+01,2.394988e+01,2.403781e+01,2.399047e+01,2.386187e+01,2.376024e+01,2.391604e+01,2.389573e+01,2.384155e+01,2.417969e+01,2.429441e+01,2.468484e+01,2.482585e+01,2.476544e+01,2.480572e+01,2.482585e+01,2.473858e+01,2.465124e+01,2.456383e+01,2.452346e+01,2.434835e+01,2.452346e+01,2.438878e+01,2.459073e+01,2.451673e+01,2.477216e+01,2.468484e+01,2.479230e+01,2.444941e+01,2.417294e+01,2.393634e+01,2.381446e+01,2.378057e+01,2.367886e+01,2.371956e+01,2.382123e+01,2.369242e+01,2.380091e+01,2.393634e+01,2.406485e+01,2.398371e+01,2.434161e+01,2.434161e+01,2.454365e+01,2.452346e+01,2.455710e+01,2.473858e+01,2.457056e+01,2.464452e+01,2.469156e+01,2.463780e+01,2.470500e+01,2.478558e+01,2.479230e+01,2.436857e+01,2.412566e+01,2.398371e+01,2.392281e+01,2.368564e+01,2.367886e+01,2.367207e+01,2.393634e+01,2.395664e+01,2.389573e+01,2.414593e+01,2.409188e+01,2.422694e+01,2.404457e+01,2.378057e+01,2.389573e+01,2.373312e+01,2.352270e+01,2.353629e+01,2.372634e+01,2.396341e+01,2.392958e+01,2.398371e+01,2.389573e+01,2.401752e+01,2.390250e+01,2.395664e+01,2.374668e+01,2.397694e+01,2.405809e+01,2.432812e+01,2.416619e+01,2.430115e+01,2.424044e+01,2.450327e+01,2.431464e+01,2.453019e+01,2.432138e+01,2.438205e+01,2.440900e+01,2.436183e+01,2.432138e+01,2.437531e+01,2.420670e+01,2.417969e+01,2.407837e+01,2.408512e+01,2.402428e+01,2.382801e+01,2.405133e+01,2.385510e+01,2.387542e+01,2.366529e+01,2.360420e+01,2.361099e+01,2.358383e+01,2.355667e+01,2.359741e+01,2.355667e+01,2.360420e+01,2.351590e+01,2.365850e+01,2.360420e+01,2.355667e+01,2.357025e+01,2.376024e+01,2.373990e+01,2.369921e+01,2.374668e+01,2.398371e+01,2.374668e+01,2.380091e+01,2.366529e+01,2.376702e+01,2.376024e+01,2.381446e+01,2.379413e+01,2.379413e+01,2.382801e+01,2.376702e+01,2.375346e+01,2.387542e+01,2.361778e+01,2.379413e+01,2.361099e+01,2.380768e+01,2.367207e+01,2.377380e+01,2.393634e+01,2.399047e+01,2.398371e+01,2.396341e+01,2.415943e+01,2.399723e+01,2.392958e+01,2.393634e+01,2.386187e+01,2.387542e+01,2.397694e+01,2.398371e+01,2.394988e+01,2.394311e+01,2.411215e+01,2.409188e+01,2.401752e+01,2.399047e+01,2.405133e+01,2.392281e+01,2.386865e+01,2.383478e+01,2.380091e+01,2.375346e+01,2.369242e+01,2.394311e+01,2.406485e+01,2.391604e+01,2.419994e+01,2.398371e+01,2.396341e+01,2.401752e+01,2.407161e+01,2.413917e+01,2.410540e+01,2.416619e+01,2.411891e+01,2.409864e+01,2.411891e+01,2.405809e+01,2.422019e+01,2.413917e+01,2.402428e+01,2.415943e+01,2.435509e+01,2.417294e+01,2.440900e+01,2.403781e+01,2.418644e+01,2.419319e+01,2.416619e+01,2.438205e+01,2.428766e+01,2.419994e+01,2.424719e+01,2.449654e+01,2.443594e+01,2.438205e+01,2.431464e+01,2.451000e+01,2.447635e+01,2.442921e+01,2.445614e+01,2.443594e+01,2.430790e+01,2.432812e+01,2.448308e+01,2.448308e+01,2.444268e+01,2.442921e+01,2.446961e+01,2.443594e+01,2.435509e+01,2.423369e+01,2.446961e+01,2.430790e+01,2.446961e+01,2.440226e+01,2.440900e+01,2.438205e+01,2.461763e+01
2.453692e+01,2.454365e+01,2.460419e+01,2.457728e+01,2.461763e+01,2.465124e+01,2.465124e+01,2.439552e+01,2.463780e+01,2.463780e+01,2.459073e+01,2.448981e+01,2.455710e+01,2.444268e+01,2.440226e+01,2.442247e+01,2.454365e+01,2.446961e+01,2.451000e+01,2.450327e+01,2.452346e+01,2.443594e+01,2.437531e+01,2.446961e+01,2.445614e+01,2.432138e+01,2.456383e+01,2.448308e+01,2.447635e+01,2.446961e+01,2.447635e+01,2.448981e+01,2.435509e+01,2.438878e+01,2.432138e+01,2.443594e+01,2.430790e+01,2.433487e+01,2.438878e+01,2.433487e+01,2.440900e+01,2.440900e+01,2.436183e+01,2.436857e+01,2.442247e+01,2.432138e+01,2.425393e+01,2.440900e+01,2.436183e+01,2.432812e+01,2.435509e+01,2.422694e+01,2.436857e+01,2.435509e+01,2.440900e+01,2.443594e+01,2.442247e+01,2.441573e+01,2.443594e+01,2.449654e+01,2.451673e+01,2.442921e+01,2.432138e+01,2.441573e+01,2.446961e+01,2.443594e+01,2.459073e+01,2.458401e+01,2.456383e+01,2.448308e+01,2.464452e+01,2.462436e+01,2.465796e+01,2.463780e+01,2.472515e+01,2.469828e+01,2.463780e+01,2.453019e+01,2.454365e+01,2.459073e+01,2.491975e+01,2.496667e+01,2.495997e+01,2.491305e+01,2.489293e+01,2.466469e+01,2.463780e+01,2.465124e+01,2.465796e+01,2.460419e+01,2.459073e+01,2.446961e+01,2.450327e+01,2.454365e+01,2.447635e+01,2.451673e+01,2.440226e+01,2.448981e+01,2.439552e+01,2.443594e+01,2.451000e+01,2.444941e+01,2.428092e+01,2.414593e+01,2.431464e+01,2.423369e+01,2.430115e+01,2.419319e+01,2.418644e+01,2.417969e+01,2.438205e+01,2.417294e+01,2.416619e+01,2.415943e+01,2.415268e+01,2.430115e+01,2.422019e+01,2.415268e+01,2.403781e+01,2.432812e+01,2.405809e+01,2.407161e+01,2.403105e+01,2.404457e+01,2.403105e+01,2.390927e+01,2.386865e+01,2.394988e+01,2.400400e+01,2.417294e+01,2.405809e+01,2.411215e+01,2.411891e+01,2.401752e+01,2.411215e+01,2.432138e+01,2.448981e+01,2.455710e+01,2.444268e+01,2.466469e+01,2.465796e+01,2.466469e+01,2.500687e+01,2.474530e+01,2.502026e+01,2.514075e+01,2.504035e+01,2.521431e+01,2.507383e+01,2.499347e+01,2.463780e+01,2.457056e+01,2.452346e+01,2.459746e+01,2.472515e+01,2.504705e+01,2.528115e+01,2.558802e+01,2.577438e+01,2.588736e+01,2.596041e+01,2.604004e+01,2.581427e+01,2.585415e+01,2.569455e+01,2.538799e+01,2.533458e+01,2.497337e+01,2.478558e+01,2.472515e+01,2.451000e+01,2.436857e+01,2.426743e+01,2.406485e+01,2.423369e+01,2.448981e+01,2.495326e+01,2.501357e+01,2.508722e+01,2.512737e+01,2.543469e+01,2.542135e+01,2.541468e+01,2.555471e+01,2.542135e+01,2.541468e+01,2.540801e+01,2.544137e+01,2.520763e+01,2.522768e+01,2.485940e+01,2.477887e+01,2.455710e+01,2.481243e+01,2.500687e+01,2.545471e+01,2.536129e+01,2.559468e+01,2.547471e+01,2.558136e+01,2.544804e+01,2.544137e+01,2.537464e+01,2.537464e+01,2.542135e+01,2.552139e+01,2.546138e+01,2.538799e+01,2.532122e+01,2.511399e+01,2.523437e+01,2.513406e+01,2.512068e+01,2.487952e+01,2.487952e+01,2.471844e+01,2.471844e+01,2.480572e+01,2.453019e+01,2.489293e+01,2.528115e+01,2.540133e+01,2.556137e+01,2.540133e+01,2.540801e+01,2.534793e+01,2.532122e+01,2.528115e+01,2.523437e+01,2.503366e+01,2.503366e+01,2.503366e+01,2.504705e+01,2.503366e+01,2.483927e+01,2.485269e+01,2.484598e+01,2.489293e+01,2.470500e+01,2.473187e+01,2.467141e+01,2.479230e+01,2.481914e+01,2.506713e+01,2.505375e+01,2.516751e+01,2.522768e+01,2.519426e+01,2.537464e+01,2.540801e+01,2.536796e+01,2.550805e+01,2.552139e+01,2.556804e+01,2.542802e+01,2.534793e+01,2.539466e+01,2.530119e+01,2.522100e+01,2.495997e+01,2.487952e+01,2.435509e+01,2.413917e+01,2.388219e+01,2.373990e+01,2.378057e+01,2.359741e+01,2.350911e+01,2.359741e+01,2.371277e+01,2.356346e+01,2.365172e+01,2.361778e+01,2.360420e+01,2.363136e+01,2.382123e+01,2.364493e+01,2.366529e+01,2.368564e+01,2.373312e+01,2.376702e+01,2.371277e+01,2.376702e+01,2.373312e+01,2.371956e+01,2.395664e+01,2.376702e+01,2.386187e+01,2.395664e+01,2.389573e+01,2.405809e+01,2.409188e+01,2.407161e+01,2.429441e+01,2.448308e+01,2.473187e+01,2.473858e+01,2.503366e+01,2.542802e+01,2.555471e+01,2.560800e+01,2.582092e+01,2.585415e+01,2.583421e+01,2.611960e+01,2.596704e+01,2.611297e+01,2.603340e+01,2.617924e+01,2.623884e+01,2.611297e+01,2.622560e+01,2.614611e+01,2.631164e+01,2.628517e+01,2.639100e+01,2.637117e+01,2.633149e+01,2.603340e+01,2.603340e+01,2.596041e+01,2.570121e+01,2.548805e+01,2.520094e+01,2.512737e+01,2.511399e+01,2.488622e+01,2.489964e+01,2.502696e+01,2.519426e+01,2.520094e+01,2.528782e+01,2.550805e+01,2.580762e+01,2.568124e+01,2.562798e+01,2.591393e+01,2.594049e+01,2.601350e+01,2.595377e+01,2.580097e+01,2.566793e+01,2.543469e+01,2.534793e+01,2.520094e+01,2.523437e+01,2.504035e+01,2.493316e+01,2.479230e+01,2.467813e+01,2.451000e+01,2.446961e+01,2.445614e+01,2.420670e+01,2.416619e+01,2.423369e+01,2.403781e+01,2.405133e+01,2.402428e+01,2.408512e+01,2.411215e+01,2.415943e+01,2.419994e+01,2.424044e+01,2.413242e+01,2.425393e+01,2.427417e+01,2.414593e+01,2.424719e+01,2.425393e+01,2.408512e+01,2.424044e+01,2.428092e+01,2.419994e+01,2.397694e+01,2.415268e+01,2.413917e+01,2.413917e+01,2.408512e+01,2.401076e+01,2.405133e+01,2.395664e+01,2.430115e+01,2.432812e+01,2.436857e+01,2.479230e+01,2.487281e+01,2.488622e+01,2.489293e+01,2.492645e+01,2.485940e+01,2.482585e+01,2.471844e+01,2.473858e+01,2.444941e+01,2.439552e+01,2.427417e+01,2.420670e+01,2.417294e+01,2.426068e+01,2.409864e+01,2.433487e+01,2.412566e+01,2.436183e+01,2.443594e+01,2.434161e+01,2.434835e+01,2.440226e+01,2.438878e+01,2.442247e+01,2.441573e+01,2.453019e+01,2.434161e+01,2.453692e+01,2.430115e+01,2.422019e+01,2.401752e+01,2.397694e+01,2.386187e+01,2.396341e+01,2.381446e+01,2.392958e+01,2.367886e+01,2.378735e+01,2.381446e+01,2.384833e+01,2.396341e+01,2.410540e+01,2.440226e+01,2.459746e+01,2.444941e+01,2.463108e+01,2.461763e+01,2.438878e+01,2.440900e+01,2.430790e+01,2.434835e+01,2.426068e+01,2.436857e+01,2.434161e+01,2.442247e+01,2.459073e+01,2.467813e+01,2.461763e+01,2.436857e+01,2.417969e+01,2.397018e+01,2.388219e+01,2.369921e+01,2.361778e+01,2.361099e+01,2.357704e+01,2.367886e+01,2.368564e+01,2.373312e+01,2.371956e+01,2.377380e+01,2.373312e+01,2.403781e+01,2.411891e+01,2.413917e+01,2.436183e+01,2.446961e+01,2.448308e+01,2.454365e+01,2.456383e+01,2.461091e+01,2.446288e+01,2.461763e+01,2.436183e+01,2.409864e+01,2.403781e+01,2.375346e+01,2.372634e+01,2.363814e+01,2.367207e+01,2.401752e+01,2.394988e+01,2.419994e+01,2.420670e+01,2.419994e+01,2.412566e+01,2.419994e+01,2.402428e+01,2.387542e+01,2.388219e+01,2.356346e+01,2.367207e+01,2.344793e+01,2.357704e+01,2.353629e+01,2.383478e+01,2.386865e+01,2.386865e+01,2.388896e+01,2.392281e+01,2.390250e+01,2.378735e+01,2.376024e+01,2.371956e+01,2.388219e+01,2.390927e+01,2.393634e+01,2.430790e+01,2.414593e+01,2.429441e+01,2.414593e+01,2.422694e+01,2.430790e+01,2.424719e+01,2.412566e+01,2.419994e+01,2.423369e+01,2.403105e+01,2.403105e+01,2.392281e+01,2.405133e+01,2.382123e+01,2.376702e+01,2.384833e+01,2.386187e+01,2.385510e+01,2.383478e+01,2.362457e+01,2.361778e+01,2.357025e+01,2.355667e+01,2.352949e+01,2.359062e+01,2.365850e+01,2.363136e+01,2.360420e+01,2.358383e+01,2.359741e+01,2.355667e+01,2.368564e+01,2.372634e+01,2.389573e+01,2.382123e+01,2.376702e+01,2.401076e+01,2.382801e+01,2.376024e+01,2.378057e+01,2.362457e+01,2.380768e+01,2.376024e+01,2.379413e+01,2.347513e+01,2.382123e+01,2.376024e+01,2.378735e+01,2.376024e+01,2.378735e+01,2.381446e+01,2.359741e+01,2.359062e+01,2.359741e+01,2.395664e+01,2.373312e+01,2.385510e+01,2.379413e+01,2.394988e+01,2.393634e+01,2.384155e+01,2.392958e+01,2.371277e+01,2.384155e+01,2.390250e+01,2.388896e+01,2.394988e+01,2.402428e+01,2.422694e+01,2.405809e+01,2.415943e+01,2.415268e+01,2.423369e+01,2.413242e+01,2.385510e+01,2.398371e+01,2.399723e+01,2.399047e+01,2.399723e+01,2.399047e+01,2.407161e+01,2.397018e+01,2.392958e+01,2.419319e+01,2.432812e+01,2.430790e+01,2.419994e+01,2.417294e+01,2.417294e+01,2.413917e+01,2.415943e+01,2.411215e+01,2.423369e+01,2.434835e+01,2.421344e+01,2.436183e+01,2.414593e+01,2.438878e+01,2.425393e+01,2.413917e+01,2.433487e+01,2.445614e+01,2.441573e+01,2.439552e+01,2.440900e+01,2.429441e+01,2.440226e+01,2.438205e+01,2.447635e+01,2.448981e+01,2.434161e+01,2.468484e+01,2.455038e+01,2.459746e+01,2.455038e+01,2.442921e+01,2.435509e+01,2.475873e+01,2.452346e+01,2.446961e+01,2.446961e+01,2.440226e+01,2.437531e+01,2.442921e+01,2.446288e+01,2.445614e+01,2.455038e+01,2.442921e+01,2.455710e+01,2.453019e+01,2.452346e+01,2.440900e+01,2.457056e+01,2.439552e+01,2.438878e+01,2.457728e+01
2.450327e+01,2.459073e+01,2.453019e+01,2.459746e+01,2.456383e+01,2.452346e+01,2.440900e+01,2.459746e+01,2.449654e+01,2.448308e+01,2.461763e+01,2.463108e+01,2.455038e+01,2.449654e+01,2.441573e+01,2.453019e+01,2.440226e+01,2.443594e+01,2.449654e+01,2.429441e+01,2.444268e+01,2.447635e+01,2.446961e+01,2.449654e+01,2.429441e+01,2.445614e+01,2.447635e+01,2.444268e+01,2.430115e+01,2.444268e+01,2.450327e+01,2.437531e+01,2.433487e+01,2.435509e+01,2.438878e+01,2.425393e+01,2.436857e+01,2.444941e+01,2.428092e+01,2.436183e+01,2.434161e+01,2.434161e+01,2.438205e+01,2.417969e+01,2.436857e+01,2.438205e+01,2.428092e+01,2.425393e+01,2.432812e+01,2.453019e+01,2.434161e+01,2.430790e+01,2.434161e+01,2.432812e+01,2.441573e+01,2.430790e+01,2.425393e+01,2.442247e+01,2.418644e+01,2.428092e+01,2.429441e+01,2.426743e+01,2.426068e+01,2.441573e+01,2.432812e+01,2.453019e+01,2.444941e+01,2.445614e+01,2.459073e+01,2.462436e+01,2.464452e+01,2.467141e+01,2.484598e+01,2.476544e+01,2.473858e+01,2.471844e+01,2.446961e+01,2.449654e+01,2.467813e+01,2.485940e+01,2.488622e+01,2.501357e+01,2.482585e+01,2.487952e+01,2.471172e+01,2.470500e+01,2.465124e+01,2.463780e+01,2.465796e+01,2.442921e+01,2.444268e+01,2.444268e+01,2.448981e+01,2.451000e+01,2.440226e+01,2.413242e+01,2.428092e+01,2.405133e+01,2.422694e+01,2.416619e+01,2.419994e+01,2.417294e+01,2.416619e+01,2.415268e+01,2.403105e+01,2.397018e+01,2.398371e+01,2.386187e+01,2.386865e+01,2.394988e+01,2.394311e+01,2.407837e+01,2.383478e+01,2.382123e+01,2.384833e+01,2.382801e+01,2.405133e+01,2.405809e+01,2.383478e+01,2.371956e+01,2.397694e+01,2.382123e+01,2.377380e+01,2.376024e+01,2.381446e+01,2.389573e+01,2.372634e+01,2.377380e+01,2.386865e+01,2.388896e+01,2.396341e+01,2.377380e+01,2.400400e+01,2.397694e+01,2.409864e+01,2.402428e+01,2.442921e+01,2.456383e+01,2.455710e+01,2.500687e+01,2.501357e+01,2.500017e+01,2.507383e+01,2.537464e+01,2.526110e+01,2.537464e+01,2.524773e+01,2.526110e+01,2.493986e+01,2.487952e+01,2.467141e+01,2.432812e+01,2.452346e+01,2.459746e+01,2.472515e+01,2.498677e+01,2.536129e+01,2.549472e+01,2.570786e+01,2.592057e+01,2.588736e+01,2.590729e+01,2.579433e+01,2.576108e+01,2.550805e+01,2.549472e+01,2.522768e+01,2.494656e+01,2.489964e+01,2.475201e+01,2.444941e+01,2.448981e+01,2.436857e+01,2.420670e+01,2.415943e+01,2.448308e+01,2.483927e+01,2.528115e+01,2.552805e+01,2.556804e+01,2.563464e+01,2.562798e+01,2.561466e+01,2.564796e+01,2.566793e+01,2.554138e+01,2.560800e+01,2.570121e+01,2.550805e+01,2.543469e+01,2.483927e+01,2.479230e+01,2.480572e+01,2.472515e+01,2.507383e+01,2.528115e+01,2.529451e+01,2.528115e+01,2.543469e+01,2.544137e+01,2.528782e+01,2.526110e+01,2.516082e+01,2.520094e+01,2.516082e+01,2.520763e+01,2.526778e+01,2.504705e+01,2.518088e+01,2.531454e+01,2.506713e+01,2.504035e+01,2.506713e+01,2.487281e+01,2.481914e+01,2.487952e+01,2.468484e+01,2.463780e+01,2.462436e+01,2.486610e+01,2.530787e+01,2.538799e+01,2.539466e+01,2.540133e+01,2.528115e+01,2.517419e+01,2.506044e+01,2.506044e+01,2.488622e+01,2.478558e+01,2.478558e+01,2.483256e+01,2.451673e+01,2.457056e+01,2.448981e+01,2.451673e+01,2.449654e+01,2.432138e+01,2.445614e+01,2.446288e+01,2.449654e+01,2.453692e+01,2.465796e+01,2.464452e+01,2.483256e+01,2.490634e+01,2.492645e+01,2.512737e+01,2.520763e+01,2.511399e+01,2.529451e+01,2.532790e+01,2.533458e+01,2.531454e+01,2.519426e+01,2.543469e+01,2.518088e+01,2.514744e+01,2.495326e+01,2.503366e+01,2.455710e+01,2.437531e+01,2.409188e+01,2.386865e+01,2.363814e+01,2.358383e+01,2.357025e+01,2.361099e+01,2.346833e+01,2.354987e+01,2.362457e+01,2.348192e+01,2.359062e+01,2.358383e+01,2.363136e+01,2.363136e+01,2.365172e+01,2.354987e+01,2.350911e+01,2.359741e+01,2.353629e+01,2.365850e+01,2.380768e+01,2.371956e+01,2.374668e+01,2.376702e+01,2.378057e+01,2.380768e+01,2.386187e+01,2.385510e+01,2.405133e+01,2.424044e+01,2.430790e+01,2.436857e+01,2.436857e+01,2.478558e+01,2.475201e+01,2.513406e+01,2.540133e+01,2.546138e+01,2.563464e+01,2.574113e+01,2.592721e+01,2.590729e+01,2.592721e+01,2.594713e+01,2.607982e+01,2.609971e+01,2.626532e+01,2.615274e+01,2.625208e+01,2.616599e+01,2.625870e+01,2.625208e+01,2.629179e+01,2.626532e+01,2.623884e+01,2.625208e+01,2.619911e+01,2.597368e+01,2.602013e+01,2.574113e+01,2.561466e+01,2.520094e+01,2.530119e+01,2.488622e+01,2.506713e+01,2.487281e+01,2.501357e+01,2.499347e+01,2.524105e+01,2.542135e+01,2.549472e+01,2.547471e+01,2.548805e+01,2.552139e+01,2.568124e+01,2.564130e+01,2.570786e+01,2.596041e+01,2.564796e+01,2.568790e+01,2.542802e+01,2.541468e+01,2.522100e+01,2.506044e+01,2.495997e+01,2.467813e+01,2.468484e+01,2.452346e+01,2.446288e+01,2.420670e+01,2.423369e+01,2.421344e+01,2.426743e+01,2.415943e+01,2.409864e+01,2.415268e+01,2.399723e+01,2.399723e+01,2.392281e+01,2.393634e+01,2.417294e+01,2.413242e+01,2.406485e+01,2.417294e+01,2.406485e+01,2.381446e+01,2.407161e+01,2.392958e+01,2.392281e+01,2.392281e+01,2.398371e+01,2.404457e+01,2.384155e+01,2.379413e+01,2.375346e+01,2.383478e+01,2.379413e+01,2.378057e+01,2.382801e+01,2.381446e+01,2.384833e+01,2.405809e+01,2.432138e+01,2.465124e+01,2.478558e+01,2.488622e+01,2.478558e+01,2.481914e+01,2.479901e+01,2.474530e+01,2.461763e+01,2.448308e+01,2.439552e+01,2.434835e+01,2.432812e+01,2.405133e+01,2.430115e+01,2.401752e+01,2.407161e+01,2.409188e+01,2.403105e+01,2.424044e+01,2.414593e+01,2.429441e+01,2.428092e+01,2.423369e+01,2.436183e+01,2.439552e+01,2.445614e+01,2.429441e+01,2.432138e+01,2.430790e+01,2.420670e+01,2.409188e+01,2.384155e+01,2.386865e+01,2.386187e+01,2.367886e+01,2.369242e+01,2.368564e+01,2.372634e+01,2.361099e+01,2.393634e+01,2.375346e+01,2.382801e+01,2.380768e+01,2.425393e+01,2.418644e+01,2.419319e+01,2.456383e+01,2.427417e+01,2.417969e+01,2.422694e+01,2.410540e+01,2.403105e+01,2.398371e+01,2.421344e+01,2.419994e+01,2.434161e+01,2.436183e+01,2.436183e+01,2.434835e+01,2.417969e+01,2.397694e+01,2.370599e+01,2.358383e+01,2.364493e+01,2.371277e+01,2.359062e+01,2.349552e+01,2.349552e+01,2.363136e+01,2.363136e+01,2.387542e+01,2.365172e+01,2.365172e+01,2.384155e+01,2.369921e+01,2.398371e+01,2.416619e+01,2.417294e+01,2.448308e+01,2.444268e+01,2.432812e+01,2.434835e+01,2.438878e+01,2.424719e+01,2.400400e+01,2.382801e+01,2.378057e+01,2.373312e+01,2.388219e+01,2.407161e+01,2.420670e+01,2.422019e+01,2.421344e+01,2.422019e+01,2.438205e+01,2.419994e+01,2.417294e+01,2.402428e+01,2.389573e+01,2.390927e+01,2.386865e+01,2.365850e+01,2.365850e+01,2.354987e+01,2.344113e+01,2.378057e+01,2.368564e+01,2.352270e+01,2.387542e+01,2.379413e+01,2.389573e+01,2.384833e+01,2.378057e+01,2.374668e+01,2.370599e+01,2.379413e+01,2.381446e+01,2.392281e+01,2.394988e+01,2.392281e+01,2.392281e+01,2.388896e+01,2.413242e+01,2.390927e+01,2.394311e+01,2.389573e+01,2.393634e+01,2.397694e+01,2.388219e+01,2.384155e+01,2.389573e+01,2.370599e+01,2.378057e+01,2.379413e+01,2.373312e+01,2.365850e+01,2.358383e+01,2.361099e+01,2.364493e+01,2.361778e+01,2.363136e+01,2.355667e+01,2.361099e+01,2.361778e+01,2.356346e+01,2.354987e+01,2.364493e+01,2.363136e+01,2.357704e+01,2.359062e+01,2.374668e+01,2.392958e+01,2.399047e+01,2.415943e+01,2.402428e+01,2.405133e+01,2.385510e+01,2.380768e+01,2.358383e+01,2.365850e+01,2.369242e+01,2.374668e+01,2.378735e+01,2.376702e+01,2.369242e+01,2.368564e+01,2.359741e+01,2.367207e+01,2.359062e+01,2.366529e+01,2.366529e+01,2.363136e+01,2.362457e+01,2.394988e+01,2.373990e+01,2.391604e+01,2.386187e+01,2.393634e+01,2.392281e+01,2.397018e+01,2.390927e+01,2.381446e+01,2.377380e+01,2.367207e+01,2.384155e+01,2.387542e+01,2.403105e+01,2.411215e+01,2.428766e+01,2.427417e+01,2.417294e+01,2.432812e+01,2.426068e+01,2.426743e+01,2.419994e+01,2.431464e+01,2.417294e+01,2.401076e+01,2.410540e+01,2.414593e+01,2.428092e+01,2.428092e+01,2.421344e+01,2.434835e+01,2.443594e+01,2.400400e+01,2.421344e+01,2.440900e+01,2.418644e+01,2.440226e+01,2.435509e+01,2.442921e+01,2.447635e+01,2.434161e+01,2.434835e+01,2.445614e+01,2.449654e+01,2.442247e+01,2.444268e+01,2.441573e+01,2.445614e+01,2.444268e+01,2.455038e+01,2.451000e+01,2.451673e+01,2.439552e+01,2.440226e+01,2.437531e+01,2.437531e+01,2.446961e+01,2.444268e+01,2.465796e+01,2.448308e+01,2.447635e+01,2.459073e+01,2.451673e+01,2.444941e+01,2.470500e+01,2.446961e+01,2.451673e+01,2.448981e+01,2.457056e+01,2.448981e+01,2.467141e+01,2.462436e+01,2.449654e+01,2.444268e+01,2.448308e+01,2.441573e+01,2.458401e+01,2.440900e+01,2.457056e+01,2.453692e+01,2.447635e+01,2.458401e+01
2.438878e+01,2.441573e+01,2.451673e+01,2.441573e+01,2.457056e+01,2.457728e+01,2.451673e+01,2.459746e+01,2.460419e+01,2.434835e+01,2.454365e+01,2.454365e+01,2.447635e+01,2.442247e+01,2.450327e+01,2.439552e+01,2.453019e+01,2.434161e+01,2.433487e+01,2.432812e+01,2.439552e+01,2.444268e+01,2.430790e+01,2.439552e+01,2.428092e+01,2.447635e+01,2.426068e+01,2.446961e+01,2.428766e+01,2.445614e+01,2.448981e+01,2.429441e+01,2.435509e+01,2.436183e+01,2.439552e+01,2.429441e+01,2.438205e+01,2.424719e+01,2.426743e+01,2.432138e+01,2.438878e+01,2.434161e+01,2.432138e+01,2.422694e+01,2.434161e+01,2.427417e+01,2.423369e+01,2.413917e+01,2.424719e+01,2.417969e+01,2.411891e+01,2.434835e+01,2.428766e+01,2.434835e+01,2.418644e+01,2.433487e+01,2.425393e+01,2.424719e+01,2.434835e+01,2.439552e+01,2.434161e+01,2.423369e+01,2.433487e+01,2.428092e+01,2.432138e+01,2.438878e+01,2.444941e+01,2.444941e+01,2.455710e+01,2.461763e+01,2.458401e+01,2.479230e+01,2.480572e+01,2.477887e+01,2.464452e+01,2.463108e+01,2.458401e+01,2.453692e+01,2.477216e+01,2.475201e+01,2.492645e+01,2.487952e+01,2.487281e+01,2.486610e+01,2.467141e+01,2.465124e+01,2.465796e+01,2.461763e+01,2.442921e+01,2.442247e+01,2.442247e+01,2.442921e+01,2.444268e+01,2.423369e+01,2.439552e+01,2.422019e+01,2.407161e+01,2.407161e+01,2.394988e+01,2.400400e+01,2.384155e+01,2.389573e+01,2.387542e+01,2.383478e+01,2.384155e+01,2.365850e+01,2.383478e+01,2.386187e+01,2.378057e+01,2.378057e+01,2.365172e+01,2.384155e+01,2.377380e+01,2.382123e+01,2.382801e+01,2.364493e+01,2.365850e+01,2.365850e+01,2.368564e+01,2.357704e+01,2.363136e+01,2.364493e+01,2.365172e+01,2.373990e+01,2.370599e+01,2.373312e+01,2.369921e+01,2.380091e+01,2.378735e+01,2.390927e+01,2.380091e+01,2.390927e+01,2.397018e+01,2.393634e+01,2.399723e+01,2.412566e+01,2.413917e+01,2.457728e+01,2.488622e+01,2.501357e+01,2.526110e+01,2.534126e+01,2.548805e+01,2.550139e+01,2.548138e+01,2.551472e+01,2.524105e+01,2.524773e+01,2.489293e+01,2.463780e+01,2.458401e+01,2.434835e+01,2.440226e+01,2.491305e+01,2.494656e+01,2.522100e+01,2.544137e+01,2.567459e+01,2.565462e+01,2.592721e+01,2.592721e+01,2.593385e+01,2.572782e+01,2.570786e+01,2.564130e+01,2.552139e+01,2.517419e+01,2.500017e+01,2.471844e+01,2.451000e+01,2.453019e+01,2.438878e+01,2.436183e+01,2.424044e+01,2.423369e+01,2.445614e+01,2.479230e+01,2.526110e+01,2.558802e+01,2.574113e+01,2.587408e+01,2.593385e+01,2.587408e+01,2.582756e+01,2.582756e+01,2.598032e+01,2.595377e+01,2.570786e+01,2.558136e+01,2.530787e+01,2.510730e+01,2.481243e+01,2.467141e+01,2.465124e+01,2.481243e+01,2.524773e+01,2.524105e+01,2.528115e+01,2.510060e+01,2.524105e+01,2.506044e+01,2.502696e+01,2.483927e+01,2.489293e+01,2.477216e+01,2.491975e+01,2.493316e+01,2.508052e+01,2.510060e+01,2.504035e+01,2.489964e+01,2.506044e+01,2.500687e+01,2.480572e+01,2.472515e+01,2.463780e+01,2.466469e+01,2.471172e+01,2.463108e+01,2.463780e+01,2.493316e+01,2.497337e+01,2.504035e+01,2.508052e+01,2.498677e+01,2.469156e+01,2.462436e+01,2.468484e+01,2.470500e+01,2.443594e+01,2.443594e+01,2.442921e+01,2.442921e+01,2.439552e+01,2.430115e+01,2.441573e+01,2.419319e+01,2.410540e+01,2.410540e+01,2.404457e+01,2.426743e+01,2.423369e+01,2.433487e+01,2.426743e+01,2.451673e+01,2.467813e+01,2.484598e+01,2.487952e+01,2.489964e+01,2.491305e+01,2.518757e+01,2.507383e+01,2.500017e+01,2.522100e+01,2.513406e+01,2.516751e+01,2.514075e+01,2.510730e+01,2.507383e+01,2.485940e+01,2.463780e+01,2.455038e+01,2.415943e+01,2.382801e+01,2.379413e+01,2.360420e+01,2.357704e+01,2.350231e+01,2.349552e+01,2.346833e+01,2.352270e+01,2.350231e+01,2.361778e+01,2.363136e+01,2.351590e+01,2.350231e+01,2.350231e+01,2.355667e+01,2.350231e+01,2.352949e+01,2.353629e+01,2.349552e+01,2.372634e+01,2.374668e+01,2.373990e+01,2.377380e+01,2.396341e+01,2.393634e+01,2.401076e+01,2.407161e+01,2.407837e+01,2.433487e+01,2.452346e+01,2.470500e+01,2.471844e+01,2.498677e+01,2.514075e+01,2.518757e+01,2.548805e+01,2.562132e+01,2.574113e+01,2.574113e+01,2.576108e+01,2.584085e+01,2.596704e+01,2.607319e+01,2.603340e+01,2.605330e+01,2.621898e+01,2.615936e+01,2.630502e+01,2.629179e+01,2.619911e+01,2.618586e+01,2.629841e+01,2.627194e+01,2.626532e+01,2.623884e+01,2.621235e+01,2.598696e+01,2.592057e+01,2.572782e+01,2.571451e+01,2.535461e+01,2.551472e+01,2.519426e+01,2.515413e+01,2.521431e+01,2.519426e+01,2.520763e+01,2.528115e+01,2.530119e+01,2.528115e+01,2.528782e+01,2.542802e+01,2.531454e+01,2.548805e+01,2.566793e+01,2.564130e+01,2.581427e+01,2.564130e+01,2.558802e+01,2.546138e+01,2.538131e+01,2.532790e+01,2.506713e+01,2.480572e+01,2.474530e+01,2.459746e+01,2.450327e+01,2.451000e+01,2.448308e+01,2.441573e+01,2.423369e+01,2.430790e+01,2.409188e+01,2.412566e+01,2.399723e+01,2.402428e+01,2.398371e+01,2.382123e+01,2.394988e+01,2.388896e+01,2.389573e+01,2.386865e+01,2.382801e+01,2.406485e+01,2.404457e+01,2.380091e+01,2.373312e+01,2.394311e+01,2.375346e+01,2.379413e+01,2.380768e+01,2.373312e+01,2.378057e+01,2.374668e+01,2.371956e+01,2.371956e+01,2.364493e+01,2.379413e+01,2.371956e+01,2.383478e+01,2.384833e+01,2.430115e+01,2.432812e+01,2.448308e+01,2.491975e+01,2.473858e+01,2.475201e+01,2.470500e+01,2.468484e+01,2.469156e+01,2.444268e+01,2.444941e+01,2.421344e+01,2.410540e+01,2.410540e+01,2.400400e+01,2.403105e+01,2.406485e+01,2.405809e+01,2.407161e+01,2.406485e+01,2.414593e+01,2.423369e+01,2.426743e+01,2.416619e+01,2.423369e+01,2.437531e+01,2.433487e+01,2.407161e+01,2.407837e+01,2.403781e+01,2.406485e+01,2.394988e+01,2.377380e+01,2.380091e+01,2.370599e+01,2.367886e+01,2.381446e+01,2.368564e+01,2.365850e+01,2.369921e+01,2.363136e+01,2.378057e+01,2.373312e+01,2.384155e+01,2.392281e+01,2.389573e+01,2.411891e+01,2.423369e+01,2.417969e+01,2.399047e+01,2.407837e+01,2.395664e+01,2.399047e+01,2.401752e+01,2.401076e+01,2.419319e+01,2.417294e+01,2.433487e+01,2.428766e+01,2.417294e+01,2.394988e+01,2.381446e+01,2.367207e+01,2.352270e+01,2.362457e+01,2.354987e+01,2.352949e+01,2.362457e+01,2.350911e+01,2.350231e+01,2.371277e+01,2.376024e+01,2.378735e+01,2.373990e+01,2.378057e+01,2.362457e+01,2.365172e+01,2.378057e+01,2.396341e+01,2.400400e+01,2.431464e+01,2.409864e+01,2.426068e+01,2.401752e+01,2.399047e+01,2.373990e+01,2.373312e+01,2.384833e+01,2.405809e+01,2.415268e+01,2.410540e+01,2.415943e+01,2.431464e+01,2.422019e+01,2.411215e+01,2.418644e+01,2.409864e+01,2.417294e+01,2.401076e+01,2.404457e+01,2.388219e+01,2.372634e+01,2.353629e+01,2.347513e+01,2.348192e+01,2.340032e+01,2.346153e+01,2.357025e+01,2.378057e+01,2.360420e+01,2.383478e+01,2.373990e+01,2.370599e+01,2.368564e+01,2.370599e+01,2.371956e+01,2.365850e+01,2.362457e+01,2.380768e+01,2.358383e+01,2.387542e+01,2.385510e+01,2.381446e+01,2.374668e+01,2.386187e+01,2.390927e+01,2.365172e+01,2.391604e+01,2.390250e+01,2.391604e+01,2.390927e+01,2.401076e+01,2.370599e+01,2.369921e+01,2.377380e+01,2.358383e+01,2.374668e+01,2.361099e+01,2.348872e+01,2.355667e+01,2.360420e+01,2.354987e+01,2.357025e+01,2.354987e+01,2.359741e+01,2.359062e+01,2.365850e+01,2.359741e+01,2.357025e+01,2.370599e+01,2.359062e+01,2.383478e+01,2.400400e+01,2.415943e+01,2.413917e+01,2.413242e+01,2.415943e+01,2.424719e+01,2.384155e+01,2.372634e+01,2.375346e+01,2.361099e+01,2.384833e+01,2.379413e+01,2.388896e+01,2.378735e+01,2.376024e+01,2.369242e+01,2.380091e+01,2.361778e+01,2.357704e+01,2.356346e+01,2.369921e+01,2.362457e+01,2.373990e+01,2.380768e+01,2.390927e+01,2.395664e+01,2.395664e+01,2.388896e+01,2.375346e+01,2.403105e+01,2.388896e+01,2.384833e+01,2.379413e+01,2.403105e+01,2.390927e+01,2.409864e+01,2.409188e+01,2.411215e+01,2.447635e+01,2.440226e+01,2.426743e+01,2.436857e+01,2.424719e+01,2.424044e+01,2.446961e+01,2.433487e+01,2.424719e+01,2.434835e+01,2.441573e+01,2.435509e+01,2.422694e+01,2.432812e+01,2.435509e+01,2.435509e+01,2.437531e+01,2.439552e+01,2.442247e+01,2.443594e+01,2.436183e+01,2.442921e+01,2.450327e+01,2.434161e+01,2.435509e+01,2.446288e+01,2.446288e+01,2.446288e+01,2.462436e+01,2.448981e+01,2.442921e+01,2.449654e+01,2.452346e+01,2.450327e+01,2.453692e+01,2.441573e+01,2.451673e+01,2.442921e+01,2.450327e+01,2.445614e+01,2.430790e+01,2.427417e+01,2.448981e+01,2.456383e+01,2.459073e+01,2.439552e+01,2.450327e+01,2.459746e+01,2.450327e+01,2.459073e+01,2.454365e+01,2.449654e+01,2.453692e+01,2.458401e+01,2.459073e+01,2.460419e+01,2.457056e+01,2.464452e+01,2.441573e+01,2.457056e+01,2.442921e+01,2.453692e+01,2.462436e+01,2.455710e+01,2.457728e+01,2.461763e+01
2.437531e+01,2.435509e+01,2.448308e+01,2.439552e+01,2.451673e+01,2.442921e+01,2.446288e+01,2.446961e+01,2.436857e+01,2.444268e+01,2.444941e+01,2.444941e+01,2.455710e+01,2.449654e+01,2.425393e+01,2.444268e+01,2.455038e+01,2.437531e+01,2.434835e+01,2.450327e+01,2.438205e+01,2.437531e+01,2.430790e+01,2.423369e+01,2.418644e+01,2.438878e+01,2.442247e+01,2.425393e+01,2.442921e+01,2.447635e+01,2.428092e+01,2.441573e+01,2.433487e+01,2.437531e+01,2.428766e+01,2.440226e+01,2.421344e+01,2.426068e+01,2.436857e+01,2.420670e+01,2.423369e+01,2.428766e+01,2.423369e+01,2.429441e+01,2.420670e+01,2.426743e+01,2.401752e+01,2.410540e+01,2.415268e+01,2.404457e+01,2.405133e+01,2.411891e+01,2.411215e+01,2.427417e+01,2.424044e+01,2.426068e+01,2.408512e+01,2.419319e+01,2.414593e+01,2.401076e+01,2.407161e+01,2.405809e+01,2.415268e+01,2.426068e+01,2.430115e+01,2.429441e+01,2.443594e+01,2.440226e+01,2.445614e+01,2.453019e+01,2.461091e+01,2.477887e+01,2.468484e+01,2.483256e+01,2.478558e+01,2.463780e+01,2.469156e+01,2.468484e+01,2.477887e+01,2.485269e+01,2.485940e+01,2.484598e+01,2.476544e+01,2.470500e+01,2.443594e+01,2.442921e+01,2.439552e+01,2.427417e+01,2.437531e+01,2.442247e+01,2.433487e+01,2.418644e+01,2.417294e+01,2.418644e+01,2.414593e+01,2.402428e+01,2.402428e+01,2.383478e+01,2.382801e+01,2.387542e+01,2.390927e+01,2.380768e+01,2.388896e+01,2.377380e+01,2.373312e+01,2.371956e+01,2.363136e+01,2.373990e+01,2.367207e+01,2.359062e+01,2.357704e+01,2.358383e+01,2.357025e+01,2.354987e+01,2.353629e+01,2.354308e+01,2.372634e+01,2.371956e+01,2.369242e+01,2.354987e+01,2.371277e+01,2.361099e+01,2.371956e+01,2.359062e+01,2.372634e+01,2.363814e+01,2.374668e+01,2.367207e+01,2.378057e+01,2.403105e+01,2.392281e+01,2.381446e+01,2.374668e+01,2.401752e+01,2.398371e+01,2.400400e+01,2.412566e+01,2.438205e+01,2.459073e+01,2.502026e+01,2.522768e+01,2.516751e+01,2.538131e+01,2.546138e+01,2.547471e+01,2.554804e+01,2.504705e+01,2.464452e+01,2.453019e+01,2.454365e+01,2.430790e+01,2.462436e+01,2.467141e+01,2.496667e+01,2.518757e+01,2.541468e+01,2.556137e+01,2.572117e+01,2.583421e+01,2.573447e+01,2.582756e+01,2.589401e+01,2.575443e+01,2.578768e+01,2.548138e+01,2.543469e+01,2.522100e+01,2.501357e+01,2.475201e+01,2.451000e+01,2.447635e+01,2.443594e+01,2.438878e+01,2.423369e+01,2.424719e+01,2.442247e+01,2.478558e+01,2.526110e+01,2.562798e+01,2.600686e+01,2.597368e+01,2.614611e+01,2.620573e+01,2.607982e+01,2.601350e+01,2.603340e+01,2.611960e+01,2.574113e+01,2.570121e+01,2.546138e+01,2.530787e+01,2.493316e+01,2.465124e+01,2.479230e+01,2.489293e+01,2.515413e+01,2.521431e+01,2.522768e+01,2.528115e+01,2.507383e+01,2.506713e+01,2.463780e+01,2.455710e+01,2.454365e+01,2.458401e+01,2.461763e+01,2.465124e+01,2.460419e+01,2.468484e+01,2.471844e+01,2.486610e+01,2.483927e+01,2.473187e+01,2.467813e+01,2.467141e+01,2.460419e+01,2.465124e+01,2.454365e+01,2.447635e+01,2.452346e+01,2.476544e+01,2.491975e+01,2.488622e+01,2.480572e+01,2.476544e+01,2.461091e+01,2.456383e+01,2.437531e+01,2.432812e+01,2.430790e+01,2.419994e+01,2.415943e+01,2.430790e+01,2.409188e+01,2.405133e+01,2.405133e+01,2.405133e+01,2.376024e+01,2.404457e+01,2.394988e+01,2.391604e+01,2.389573e+01,2.417969e+01,2.424719e+01,2.426068e+01,2.436857e+01,2.442921e+01,2.457056e+01,2.474530e+01,2.477216e+01,2.500687e+01,2.472515e+01,2.492645e+01,2.499347e+01,2.501357e+01,2.503366e+01,2.488622e+01,2.503366e+01,2.471844e+01,2.473187e+01,2.446288e+01,2.438878e+01,2.426743e+01,2.383478e+01,2.378057e+01,2.360420e+01,2.361099e+01,2.342753e+01,2.357025e+01,2.345473e+01,2.357704e+01,2.350231e+01,2.354987e+01,2.352949e+01,2.350911e+01,2.351590e+01,2.346833e+01,2.351590e+01,2.352949e+01,2.353629e+01,2.357025e+01,2.369921e+01,2.355667e+01,2.372634e+01,2.364493e+01,2.377380e+01,2.383478e+01,2.397018e+01,2.407161e+01,2.408512e+01,2.433487e+01,2.455710e+01,2.479901e+01,2.475873e+01,2.500017e+01,2.500687e+01,2.524773e+01,2.540801e+01,2.537464e+01,2.568790e+01,2.574113e+01,2.576108e+01,2.588072e+01,2.598032e+01,2.607982e+01,2.596704e+01,2.615936e+01,2.615936e+01,2.631826e+01,2.622560e+01,2.620573e+01,2.628517e+01,2.619248e+01,2.626532e+01,2.611960e+01,2.616599e+01,2.606656e+01,2.623222e+01,2.619911e+01,2.594713e+01,2.593385e+01,2.579433e+01,2.561466e+01,2.551472e+01,2.527446e+01,2.514075e+01,2.521431e+01,2.525442e+01,2.514744e+01,2.521431e+01,2.492645e+01,2.500687e+01,2.493986e+01,2.511399e+01,2.523437e+01,2.522768e+01,2.530787e+01,2.546805e+01,2.542802e+01,2.564130e+01,2.542135e+01,2.560800e+01,2.544137e+01,2.541468e+01,2.515413e+01,2.506713e+01,2.503366e+01,2.490634e+01,2.479230e+01,2.467141e+01,2.448308e+01,2.457056e+01,2.442921e+01,2.423369e+01,2.422694e+01,2.413917e+01,2.401752e+01,2.402428e+01,2.399047e+01,2.397018e+01,2.376702e+01,2.366529e+01,2.393634e+01,2.387542e+01,2.376024e+01,2.367207e+01,2.370599e+01,2.370599e+01,2.375346e+01,2.367886e+01,2.367886e+01,2.360420e+01,2.352949e+01,2.352949e+01,2.370599e+01,2.353629e+01,2.361099e+01,2.352270e+01,2.356346e+01,2.365850e+01,2.381446e+01,2.364493e+01,2.369921e+01,2.382801e+01,2.384833e+01,2.407161e+01,2.432138e+01,2.442921e+01,2.467813e+01,2.473187e+01,2.463108e+01,2.447635e+01,2.449654e+01,2.442247e+01,2.415268e+01,2.411215e+01,2.415268e+01,2.403105e+01,2.398371e+01,2.398371e+01,2.405133e+01,2.401076e+01,2.403781e+01,2.413242e+01,2.405809e+01,2.403781e+01,2.411215e+01,2.412566e+01,2.409864e+01,2.410540e+01,2.399047e+01,2.409864e+01,2.392958e+01,2.411215e+01,2.403781e+01,2.380091e+01,2.382123e+01,2.364493e+01,2.367886e+01,2.365172e+01,2.364493e+01,2.363814e+01,2.358383e+01,2.346153e+01,2.358383e+01,2.351590e+01,2.378735e+01,2.387542e+01,2.376024e+01,2.387542e+01,2.403781e+01,2.387542e+01,2.386187e+01,2.382123e+01,2.382123e+01,2.382801e+01,2.399047e+01,2.390250e+01,2.396341e+01,2.391604e+01,2.413917e+01,2.399047e+01,2.414593e+01,2.397694e+01,2.388896e+01,2.371956e+01,2.364493e+01,2.361099e+01,2.356346e+01,2.357704e+01,2.350911e+01,2.348872e+01,2.364493e+01,2.352949e+01,2.366529e+01,2.369242e+01,2.371277e+01,2.378057e+01,2.367886e+01,2.379413e+01,2.364493e+01,2.368564e+01,2.372634e+01,2.384155e+01,2.400400e+01,2.403105e+01,2.386865e+01,2.379413e+01,2.367886e+01,2.370599e+01,2.385510e+01,2.389573e+01,2.399723e+01,2.413242e+01,2.417294e+01,2.407837e+01,2.411215e+01,2.423369e+01,2.405809e+01,2.403781e+01,2.399723e+01,2.396341e+01,2.394988e+01,2.376024e+01,2.371956e+01,2.374668e+01,2.348192e+01,2.355667e+01,2.356346e+01,2.352270e+01,2.344793e+01,2.357025e+01,2.357704e+01,2.374668e+01,2.379413e+01,2.364493e+01,2.351590e+01,2.370599e+01,2.369921e+01,2.357025e+01,2.361778e+01,2.359062e+01,2.388896e+01,2.367207e+01,2.363136e+01,2.356346e+01,2.361778e+01,2.382801e+01,2.363136e+01,2.388219e+01,2.379413e+01,2.401076e+01,2.442921e+01,2.444941e+01,2.465124e+01,2.422019e+01,2.391604e+01,2.364493e+01,2.359062e+01,2.348872e+01,2.356346e+01,2.361099e+01,2.361099e+01,2.360420e+01,2.359062e+01,2.357025e+01,2.337311e+01,2.368564e+01,2.365850e+01,2.373990e+01,2.362457e+01,2.384833e+01,2.384155e+01,2.360420e+01,2.371277e+01,2.401076e+01,2.400400e+01,2.423369e+01,2.430790e+01,2.429441e+01,2.430115e+01,2.418644e+01,2.386187e+01,2.367886e+01,2.360420e+01,2.382801e+01,2.376024e+01,2.385510e+01,2.373990e+01,2.378735e+01,2.375346e+01,2.359062e+01,2.370599e+01,2.360420e+01,2.365172e+01,2.368564e+01,2.366529e+01,2.371956e+01,2.387542e+01,2.373990e+01,2.395664e+01,2.382801e+01,2.392281e+01,2.394311e+01,2.403105e+01,2.397018e+01,2.391604e+01,2.391604e+01,2.394311e+01,2.398371e+01,2.390250e+01,2.416619e+01,2.418644e+01,2.440900e+01,2.438205e+01,2.430790e+01,2.437531e+01,2.455710e+01,2.435509e+01,2.446288e+01,2.440226e+01,2.432812e+01,2.434161e+01,2.442247e+01,2.436857e+01,2.433487e+01,2.439552e+01,2.446288e+01,2.433487e+01,2.432812e+01,2.444268e+01,2.427417e+01,2.449654e+01,2.442921e+01,2.442921e+01,2.443594e+01,2.439552e+01,2.453692e+01,2.436857e+01,2.440226e+01,2.441573e+01,2.435509e+01,2.443594e+01,2.447635e+01,2.449654e+01,2.454365e+01,2.444268e+01,2.445614e+01,2.454365e+01,2.464452e+01,2.446961e+01,2.442247e+01,2.441573e+01,2.460419e+01,2.451000e+01,2.453019e+01,2.463108e+01,2.456383e+01,2.450327e+01,2.449654e+01,2.444268e+01,2.451673e+01,2.451000e+01,2.455038e+01,2.453692e+01,2.458401e+01,2.451000e+01,2.453692e+01,2.451000e+01,2.451000e+01,2.457728e+01,2.454365e+01,2.459746e+01,2.457728e+01,2.465796e+01,2.443594e+01,2.445614e+01,2.459746e+01,2.462436e+01,2.461763e+01
2.434161e+01,2.445614e+01,2.432138e+01,2.444268e+01,2.440900e+01,2.446288e+01,2.428766e+01,2.430790e+01,2.438878e+01,2.434161e+01,2.422694e+01,2.433487e+01,2.439552e+01,2.438878e+01,2.431464e+01,2.431464e+01,2.432138e+01,2.433487e+01,2.434835e+01,2.436183e+01,2.439552e+01,2.432138e+01,2.422019e+01,2.424044e+01,2.414593e+01,2.417969e+01,2.432138e+01,2.430790e+01,2.433487e+01,2.428766e+01,2.430115e+01,2.434161e+01,2.426743e+01,2.438878e+01,2.418644e+01,2.444268e+01,2.420670e+01,2.425393e+01,2.425393e+01,2.412566e+01,2.411891e+01,2.405133e+01,2.428092e+01,2.419994e+01,2.406485e+01,2.419994e+01,2.413917e+01,2.403781e+01,2.438205e+01,2.407161e+01,2.403105e+01,2.426743e+01,2.407837e+01,2.401076e+01,2.404457e+01,2.413917e+01,2.382801e+01,2.397694e+01,2.400400e+01,2.399047e+01,2.401752e+01,2.403781e+01,2.396341e+01,2.407837e+01,2.413917e+01,2.413917e+01,2.424719e+01,2.438205e+01,2.446961e+01,2.455710e+01,2.468484e+01,2.470500e+01,2.493316e+01,2.481914e+01,2.469828e+01,2.471844e+01,2.465124e+01,2.476544e+01,2.485940e+01,2.482585e+01,2.485269e+01,2.472515e+01,2.466469e+01,2.443594e+01,2.445614e+01,2.434161e+01,2.409188e+01,2.401076e+01,2.416619e+01,2.413917e+01,2.415268e+01,2.416619e+01,2.400400e+01,2.414593e+01,2.412566e+01,2.415943e+01,2.386865e+01,2.387542e+01,2.376024e+01,2.383478e+01,2.383478e+01,2.386865e+01,2.373990e+01,2.369242e+01,2.364493e+01,2.369242e+01,2.357704e+01,2.363136e+01,2.357025e+01,2.353629e+01,2.352949e+01,2.337311e+01,2.353629e+01,2.352949e+01,2.354308e+01,2.362457e+01,2.362457e+01,2.338672e+01,2.350911e+01,2.363814e+01,2.353629e+01,2.363136e+01,2.359741e+01,2.369921e+01,2.361778e+01,2.364493e+01,2.371277e+01,2.373312e+01,2.369921e+01,2.388896e+01,2.390250e+01,2.403781e+01,2.390927e+01,2.394311e+01,2.384155e+01,2.397018e+01,2.409864e+01,2.435509e+01,2.433487e+01,2.468484e+01,2.499347e+01,2.500687e+01,2.522100e+01,2.523437e+01,2.516082e+01,2.493316e+01,2.460419e+01,2.453019e+01,2.426743e+01,2.453692e+01,2.457728e+01,2.469156e+01,2.481914e+01,2.519426e+01,2.547471e+01,2.553472e+01,2.558136e+01,2.577438e+01,2.592721e+01,2.582756e+01,2.583421e+01,2.580097e+01,2.556137e+01,2.564796e+01,2.565462e+01,2.542802e+01,2.526778e+01,2.501357e+01,2.464452e+01,2.469156e+01,2.458401e+01,2.444268e+01,2.434835e+01,2.430790e+01,2.425393e+01,2.442247e+01,2.473858e+01,2.526110e+01,2.565462e+01,2.600686e+01,2.605993e+01,2.622560e+01,2.620573e+01,2.619248e+01,2.618586e+01,2.619911e+01,2.612623e+01,2.592057e+01,2.586079e+01,2.548805e+01,2.518088e+01,2.496667e+01,2.473858e+01,2.467141e+01,2.463108e+01,2.489964e+01,2.514744e+01,2.518757e+01,2.514744e+01,2.508722e+01,2.485940e+01,2.464452e+01,2.452346e+01,2.440226e+01,2.440226e+01,2.440900e+01,2.436857e+01,2.437531e+01,2.439552e+01,2.455710e+01,2.460419e+01,2.443594e+01,2.459746e+01,2.462436e+01,2.436183e+01,2.463780e+01,2.462436e+01,2.438878e+01,2.426743e+01,2.442921e+01,2.457728e+01,2.457728e+01,2.476544e+01,2.455038e+01,2.423369e+01,2.438878e+01,2.401752e+01,2.412566e+01,2.397018e+01,2.413242e+01,2.376024e+01,2.382801e+01,2.399047e+01,2.375346e+01,2.373312e+01,2.372634e+01,2.403105e+01,2.394311e+01,2.369921e+01,2.391604e+01,2.373990e+01,2.393634e+01,2.385510e+01,2.413242e+01,2.399723e+01,2.408512e+01,2.427417e+01,2.438205e+01,2.443594e+01,2.454365e+01,2.460419e+01,2.468484e+01,2.465124e+01,2.476544e+01,2.472515e+01,2.478558e+01,2.473187e+01,2.472515e+01,2.469156e+01,2.469828e+01,2.442247e+01,2.441573e+01,2.407161e+01,2.384833e+01,2.378735e+01,2.351590e+01,2.354308e+01,2.346153e+01,2.343433e+01,2.346833e+01,2.350911e+01,2.346833e+01,2.349552e+01,2.352949e+01,2.350911e+01,2.350231e+01,2.352949e+01,2.347513e+01,2.354308e+01,2.352949e+01,2.350231e+01,2.354308e+01,2.373990e+01,2.361778e+01,2.371956e+01,2.372634e+01,2.388896e+01,2.400400e+01,2.413242e+01,2.432812e+01,2.435509e+01,2.459746e+01,2.481914e+01,2.506044e+01,2.523437e+01,2.522100e+01,2.549472e+01,2.558802e+01,2.566793e+01,2.574778e+01,2.574113e+01,2.590065e+01,2.590729e+01,2.592721e+01,2.614611e+01,2.602677e+01,2.615274e+01,2.618586e+01,2.628517e+01,2.625208e+01,2.621898e+01,2.618586e+01,2.629179e+01,2.619248e+01,2.611960e+01,2.627194e+01,2.601350e+01,2.598696e+01,2.594049e+01,2.592057e+01,2.568790e+01,2.546138e+01,2.552139e+01,2.534793e+01,2.554138e+01,2.528782e+01,2.520763e+01,2.520763e+01,2.519426e+01,2.502696e+01,2.498007e+01,2.491305e+01,2.491975e+01,2.509391e+01,2.498007e+01,2.498677e+01,2.522768e+01,2.530119e+01,2.538799e+01,2.535461e+01,2.562798e+01,2.542802e+01,2.542802e+01,2.543469e+01,2.524773e+01,2.514744e+01,2.510060e+01,2.503366e+01,2.479230e+01,2.485269e+01,2.465796e+01,2.450327e+01,2.438878e+01,2.437531e+01,2.437531e+01,2.415268e+01,2.409188e+01,2.403105e+01,2.395664e+01,2.397018e+01,2.373312e+01,2.382123e+01,2.376702e+01,2.388219e+01,2.367207e+01,2.373990e+01,2.354987e+01,2.356346e+01,2.362457e+01,2.358383e+01,2.352949e+01,2.363814e+01,2.353629e+01,2.359741e+01,2.352270e+01,2.352949e+01,2.362457e+01,2.355667e+01,2.348872e+01,2.351590e+01,2.354987e+01,2.367886e+01,2.359741e+01,2.376024e+01,2.384833e+01,2.403781e+01,2.430115e+01,2.437531e+01,2.435509e+01,2.429441e+01,2.446961e+01,2.455710e+01,2.444941e+01,2.443594e+01,2.413242e+01,2.409188e+01,2.410540e+01,2.401752e+01,2.402428e+01,2.401752e+01,2.399047e+01,2.398371e+01,2.390927e+01,2.384833e+01,2.408512e+01,2.403781e+01,2.393634e+01,2.376024e+01,2.407837e+01,2.392281e+01,2.388896e+01,2.392958e+01,2.382123e+01,2.387542e+01,2.386187e+01,2.365850e+01,2.361778e+01,2.353629e+01,2.359741e+01,2.363814e+01,2.351590e+01,2.346153e+01,2.360420e+01,2.348192e+01,2.345473e+01,2.346153e+01,2.352949e+01,2.378057e+01,2.366529e+01,2.388219e+01,2.388896e+01,2.380091e+01,2.382123e+01,2.386865e+01,2.382123e+01,2.380768e+01,2.380768e+01,2.381446e+01,2.362457e+01,2.397018e+01,2.394311e+01,2.392958e+01,2.383478e+01,2.373312e+01,2.376024e+01,2.367886e+01,2.350911e+01,2.345473e+01,2.348192e+01,2.357704e+01,2.352270e+01,2.359062e+01,2.350231e+01,2.361778e+01,2.352949e+01,2.370599e+01,2.365172e+01,2.392281e+01,2.371277e+01,2.367207e+01,2.367207e+01,2.379413e+01,2.376024e+01,2.389573e+01,2.372634e+01,2.369921e+01,2.376024e+01,2.373312e+01,2.377380e+01,2.390927e+01,2.397018e+01,2.398371e+01,2.396341e+01,2.404457e+01,2.402428e+01,2.403105e+01,2.404457e+01,2.391604e+01,2.398371e+01,2.399047e+01,2.383478e+01,2.389573e+01,2.384155e+01,2.378735e+01,2.388219e+01,2.352949e+01,2.358383e+01,2.351590e+01,2.354308e+01,2.352270e+01,2.342753e+01,2.350911e+01,2.370599e+01,2.372634e+01,2.366529e+01,2.360420e+01,2.359062e+01,2.369921e+01,2.354308e+01,2.352949e+01,2.347513e+01,2.352270e+01,2.357025e+01,2.356346e+01,2.352949e+01,2.369242e+01,2.369242e+01,2.366529e+01,2.378735e+01,2.383478e+01,2.442921e+01,2.480572e+01,2.486610e+01,2.505375e+01,2.476544e+01,2.464452e+01,2.392958e+01,2.364493e+01,2.358383e+01,2.350911e+01,2.341393e+01,2.350911e+01,2.345473e+01,2.361099e+01,2.359062e+01,2.364493e+01,2.358383e+01,2.363136e+01,2.370599e+01,2.367886e+01,2.376702e+01,2.384155e+01,2.385510e+01,2.402428e+01,2.405133e+01,2.405133e+01,2.429441e+01,2.430790e+01,2.434161e+01,2.429441e+01,2.422019e+01,2.412566e+01,2.397018e+01,2.371277e+01,2.366529e+01,2.379413e+01,2.371277e+01,2.384833e+01,2.384833e+01,2.388219e+01,2.365172e+01,2.357704e+01,2.361778e+01,2.359741e+01,2.390250e+01,2.365172e+01,2.365172e+01,2.388896e+01,2.387542e+01,2.384833e+01,2.393634e+01,2.395664e+01,2.394988e+01,2.389573e+01,2.401076e+01,2.396341e+01,2.404457e+01,2.404457e+01,2.392958e+01,2.391604e+01,2.398371e+01,2.426743e+01,2.440900e+01,2.422019e+01,2.440900e+01,2.440900e+01,2.424719e+01,2.460419e+01,2.444268e+01,2.441573e+01,2.448981e+01,2.440900e+01,2.436183e+01,2.440900e+01,2.438878e+01,2.443594e+01,2.440900e+01,2.440900e+01,2.434161e+01,2.448308e+01,2.435509e+01,2.455038e+01,2.454365e+01,2.443594e+01,2.450327e+01,2.434161e+01,2.423369e+01,2.453019e+01,2.446288e+01,2.434835e+01,2.453019e+01,2.451000e+01,2.455038e+01,2.448308e+01,2.446288e+01,2.448981e+01,2.445614e+01,2.448981e+01,2.448308e+01,2.446288e+01,2.458401e+01,2.447635e+01,2.455038e+01,2.457056e+01,2.444941e+01,2.459073e+01,2.459073e+01,2.452346e+01,2.448981e+01,2.458401e+01,2.453019e+01,2.458401e+01,2.462436e+01,2.458401e+01,2.453692e+01,2.453692e+01,2.453692e+01,2.467141e+01,2.453692e+01,2.459073e+01,2.459073e+01,2.453692e+01,2.445614e+01,2.465124e+01,2.451000e+01,2.454365e+01,2.453019e+01,2.446288e+01,2.448308e+01,2.461763e+01
2.434161e+01,2.432812e+01,2.434161e+01,2.434835e+01,2.439552e+01,2.426743e+01,2.430115e+01,2.416619e+01,2.415268e+01,2.434161e+01,2.422019e+01,2.436857e+01,2.432138e+01,2.413242e+01,2.430790e+01,2.405809e+01,2.417294e+01,2.411891e+01,2.415943e+01,2.437531e+01,2.419994e+01,2.422019e+01,2.412566e+01,2.399723e+01,2.426068e+01,2.413242e+01,2.411215e+01,2.417294e+01,2.415268e+01,2.419994e+01,2.415268e+01,2.434161e+01,2.444941e+01,2.446961e+01,2.430790e+01,2.423369e+01,2.417294e+01,2.401752e+01,2.410540e+01,2.411891e+01,2.413242e+01,2.401752e+01,2.413917e+01,2.401752e+01,2.403105e+01,2.393634e+01,2.392281e+01,2.399047e+01,2.397694e+01,2.405809e+01,2.403781e+01,2.403105e+01,2.405133e+01,2.395664e+01,2.401076e+01,2.387542e+01,2.394988e+01,2.386187e+01,2.382801e+01,2.380768e+01,2.397018e+01,2.401752e+01,2.418644e+01,2.409864e+01,2.415268e+01,2.428766e+01,2.437531e+01,2.454365e+01,2.448981e+01,2.473858e+01,2.474530e+01,2.492645e+01,2.502026e+01,2.487281e+01,2.476544e+01,2.471172e+01,2.480572e+01,2.482585e+01,2.489293e+01,2.485269e+01,2.485269e+01,2.486610e+01,2.465124e+01,2.442921e+01,2.419994e+01,2.417969e+01,2.412566e+01,2.409864e+01,2.418644e+01,2.411891e+01,2.415943e+01,2.406485e+01,2.410540e+01,2.388896e+01,2.388896e+01,2.395664e+01,2.394988e+01,2.374668e+01,2.380091e+01,2.378057e+01,2.380768e+01,2.371956e+01,2.363814e+01,2.373312e+01,2.363136e+01,2.360420e+01,2.364493e+01,2.356346e+01,2.354308e+01,2.361099e+01,2.336630e+01,2.335950e+01,2.350231e+01,2.359062e+01,2.352270e+01,2.354308e+01,2.352949e+01,2.369242e+01,2.340032e+01,2.354308e+01,2.356346e+01,2.370599e+01,2.354987e+01,2.360420e+01,2.363136e+01,2.367886e+01,2.371956e+01,2.374668e+01,2.371956e+01,2.376702e+01,2.392958e+01,2.394988e+01,2.403105e+01,2.394311e+01,2.382801e+01,2.397694e+01,2.406485e+01,2.410540e+01,2.417294e+01,2.444941e+01,2.443594e+01,2.467141e+01,2.463108e+01,2.490634e+01,2.473858e+01,2.451673e+01,2.445614e+01,2.440226e+01,2.439552e+01,2.455710e+01,2.475201e+01,2.500687e+01,2.523437e+01,2.528782e+01,2.554138e+01,2.568124e+01,2.567459e+01,2.578103e+01,2.581427e+01,2.583421e+01,2.580097e+01,2.581427e+01,2.575443e+01,2.562798e+01,2.557470e+01,2.542135e+01,2.526110e+01,2.519426e+01,2.494656e+01,2.485940e+01,2.457728e+01,2.440900e+01,2.438205e+01,2.431464e+01,2.429441e+01,2.444268e+01,2.451673e+01,2.508722e+01,2.552139e+01,2.570786e+01,2.602677e+01,2.635794e+01,2.621898e+01,2.621898e+01,2.621235e+01,2.613948e+01,2.611297e+01,2.590065e+01,2.570786e+01,2.530119e+01,2.520763e+01,2.492645e+01,2.473858e+01,2.461763e+01,2.474530e+01,2.491305e+01,2.502026e+01,2.501357e+01,2.507383e+01,2.502696e+01,2.489964e+01,2.458401e+01,2.442247e+01,2.428766e+01,2.417969e+01,2.415943e+01,2.423369e+01,2.409864e+01,2.428766e+01,2.426743e+01,2.426743e+01,2.440226e+01,2.428766e+01,2.432138e+01,2.430115e+01,2.428092e+01,2.426743e+01,2.420670e+01,2.416619e+01,2.425393e+01,2.446961e+01,2.455710e+01,2.448981e+01,2.448981e+01,2.422019e+01,2.422694e+01,2.403105e+01,2.390927e+01,2.385510e+01,2.373312e+01,2.394988e+01,2.368564e+01,2.369242e+01,2.371956e+01,2.372634e+01,2.371956e+01,2.373312e+01,2.367207e+01,2.365172e+01,2.371277e+01,2.390250e+01,2.391604e+01,2.388896e+01,2.376702e+01,2.397694e+01,2.405809e+01,2.412566e+01,2.415943e+01,2.437531e+01,2.438878e+01,2.439552e+01,2.451673e+01,2.448981e+01,2.471172e+01,2.465796e+01,2.463780e+01,2.472515e+01,2.461091e+01,2.465124e+01,2.451000e+01,2.442921e+01,2.428766e+01,2.414593e+01,2.380091e+01,2.373312e+01,2.367207e+01,2.347513e+01,2.350231e+01,2.345473e+01,2.352949e+01,2.353629e+01,2.352949e+01,2.354987e+01,2.354308e+01,2.351590e+01,2.350911e+01,2.348192e+01,2.339352e+01,2.352949e+01,2.347513e+01,2.355667e+01,2.362457e+01,2.350231e+01,2.373312e+01,2.367207e+01,2.388896e+01,2.396341e+01,2.412566e+01,2.422019e+01,2.422694e+01,2.473187e+01,2.491975e+01,2.492645e+01,2.496667e+01,2.529451e+01,2.530119e+01,2.552805e+01,2.555471e+01,2.572782e+01,2.567459e+01,2.575443e+01,2.572117e+01,2.585415e+01,2.593385e+01,2.598032e+01,2.622560e+01,2.617261e+01,2.611960e+01,2.610634e+01,2.625208e+01,2.618586e+01,2.615936e+01,2.617261e+01,2.601350e+01,2.612623e+01,2.601350e+01,2.588736e+01,2.583421e+01,2.575443e+01,2.562798e+01,2.546805e+01,2.521431e+01,2.516751e+01,2.512068e+01,2.514075e+01,2.510060e+01,2.510730e+01,2.516751e+01,2.506713e+01,2.481243e+01,2.489964e+01,2.495326e+01,2.480572e+01,2.482585e+01,2.492645e+01,2.491305e+01,2.516082e+01,2.516082e+01,2.517419e+01,2.535461e+01,2.523437e+01,2.540133e+01,2.554804e+01,2.536129e+01,2.548138e+01,2.505375e+01,2.516082e+01,2.500687e+01,2.493986e+01,2.459746e+01,2.480572e+01,2.469828e+01,2.446288e+01,2.464452e+01,2.441573e+01,2.429441e+01,2.413917e+01,2.422694e+01,2.397694e+01,2.390250e+01,2.385510e+01,2.378057e+01,2.382801e+01,2.369921e+01,2.363136e+01,2.366529e+01,2.365172e+01,2.361778e+01,2.354987e+01,2.361778e+01,2.362457e+01,2.353629e+01,2.352270e+01,2.355667e+01,2.366529e+01,2.354987e+01,2.354308e+01,2.352949e+01,2.352270e+01,2.355667e+01,2.357025e+01,2.354308e+01,2.357704e+01,2.367207e+01,2.379413e+01,2.397018e+01,2.411215e+01,2.429441e+01,2.428766e+01,2.434161e+01,2.443594e+01,2.433487e+01,2.444941e+01,2.413242e+01,2.415943e+01,2.411891e+01,2.384155e+01,2.393634e+01,2.392281e+01,2.388219e+01,2.394988e+01,2.392281e+01,2.382123e+01,2.391604e+01,2.395664e+01,2.382123e+01,2.390250e+01,2.396341e+01,2.376024e+01,2.388219e+01,2.380768e+01,2.386187e+01,2.376024e+01,2.390250e+01,2.367886e+01,2.359741e+01,2.363136e+01,2.359062e+01,2.350911e+01,2.350231e+01,2.360420e+01,2.338672e+01,2.341393e+01,2.349552e+01,2.340713e+01,2.344793e+01,2.351590e+01,2.362457e+01,2.367207e+01,2.381446e+01,2.374668e+01,2.378057e+01,2.383478e+01,2.380091e+01,2.378735e+01,2.351590e+01,2.381446e+01,2.381446e+01,2.372634e+01,2.371277e+01,2.380768e+01,2.390250e+01,2.388896e+01,2.382123e+01,2.370599e+01,2.373312e+01,2.361099e+01,2.361099e+01,2.354308e+01,2.357025e+01,2.357025e+01,2.354308e+01,2.365850e+01,2.369242e+01,2.359062e+01,2.357704e+01,2.373312e+01,2.368564e+01,2.368564e+01,2.366529e+01,2.368564e+01,2.386187e+01,2.386187e+01,2.372634e+01,2.382801e+01,2.367886e+01,2.371277e+01,2.394988e+01,2.382801e+01,2.387542e+01,2.383478e+01,2.394988e+01,2.388219e+01,2.395664e+01,2.402428e+01,2.380768e+01,2.382123e+01,2.403781e+01,2.378057e+01,2.379413e+01,2.399047e+01,2.385510e+01,2.383478e+01,2.384155e+01,2.388219e+01,2.375346e+01,2.355667e+01,2.354987e+01,2.358383e+01,2.351590e+01,2.356346e+01,2.354987e+01,2.359741e+01,2.373990e+01,2.364493e+01,2.371956e+01,2.376024e+01,2.354308e+01,2.352949e+01,2.348872e+01,2.354308e+01,2.354308e+01,2.352270e+01,2.359741e+01,2.361099e+01,2.362457e+01,2.365172e+01,2.363136e+01,2.408512e+01,2.444941e+01,2.481243e+01,2.504035e+01,2.507383e+01,2.518757e+01,2.496667e+01,2.458401e+01,2.406485e+01,2.384155e+01,2.335269e+01,2.356346e+01,2.363814e+01,2.350911e+01,2.361778e+01,2.346833e+01,2.352949e+01,2.359741e+01,2.373312e+01,2.355667e+01,2.373312e+01,2.377380e+01,2.392958e+01,2.392958e+01,2.391604e+01,2.397018e+01,2.402428e+01,2.402428e+01,2.429441e+01,2.432138e+01,2.426068e+01,2.426743e+01,2.419319e+01,2.409864e+01,2.394311e+01,2.365850e+01,2.361099e+01,2.366529e+01,2.378057e+01,2.395664e+01,2.410540e+01,2.407837e+01,2.403781e+01,2.371277e+01,2.383478e+01,2.382123e+01,2.365172e+01,2.372634e+01,2.377380e+01,2.382801e+01,2.400400e+01,2.397694e+01,2.404457e+01,2.405809e+01,2.401076e+01,2.408512e+01,2.409188e+01,2.416619e+01,2.409864e+01,2.410540e+01,2.412566e+01,2.423369e+01,2.417294e+01,2.419994e+01,2.428766e+01,2.440900e+01,2.440226e+01,2.447635e+01,2.440226e+01,2.445614e+01,2.444941e+01,2.444268e+01,2.455710e+01,2.434161e+01,2.443594e+01,2.453692e+01,2.455710e+01,2.446288e+01,2.455710e+01,2.442921e+01,2.451673e+01,2.448308e+01,2.447635e+01,2.427417e+01,2.448308e+01,2.435509e+01,2.453692e+01,2.444268e+01,2.434161e+01,2.440900e+01,2.444941e+01,2.443594e+01,2.440900e+01,2.443594e+01,2.453692e+01,2.448981e+01,2.448981e+01,2.469828e+01,2.469156e+01,2.444268e+01,2.440900e+01,2.445614e+01,2.459746e+01,2.459073e+01,2.451000e+01,2.458401e+01,2.451673e+01,2.457056e+01,2.452346e+01,2.457056e+01,2.453019e+01,2.451000e+01,2.457728e+01,2.461091e+01,2.448308e+01,2.453019e+01,2.457728e+01,2.457056e+01,2.461091e+01,2.460419e+01,2.457056e+01,2.456383e+01,2.457056e+01,2.453692e+01,2.457056e+01,2.455710e+01,2.457056e+01,2.450327e+01,2.462436e+01,2.444268e+01,2.457056e+01,2.467141e+01
2.407161e+01,2.413917e+01,2.410540e+01,2.410540e+01,2.411891e+01,2.432812e+01,2.411891e+01,2.415268e+01,2.416619e+01,2.415943e+01,2.411215e+01,2.416619e+01,2.431464e+01,2.411215e+01,2.417294e+01,2.403781e+01,2.409864e+01,2.405133e+01,2.405809e+01,2.404457e+01,2.410540e+01,2.409864e+01,2.422694e+01,2.395664e+01,2.401076e+01,2.411891e+01,2.407837e+01,2.409188e+01,2.407161e+01,2.410540e+01,2.415943e+01,2.451000e+01,2.439552e+01,2.430790e+01,2.425393e+01,2.428092e+01,2.392958e+01,2.400400e+01,2.385510e+01,2.382123e+01,2.392958e+01,2.392958e+01,2.389573e+01,2.382801e+01,2.394988e+01,2.392958e+01,2.408512e+01,2.417969e+01,2.403105e+01,2.393634e+01,2.401076e+01,2.403105e+01,2.388219e+01,2.392281e+01,2.392958e+01,2.386865e+01,2.384833e+01,2.378735e+01,2.397018e+01,2.378735e+01,2.377380e+01,2.392958e+01,2.404457e+01,2.387542e+01,2.404457e+01,2.414593e+01,2.432812e+01,2.435509e+01,2.466469e+01,2.463780e+01,2.498677e+01,2.502696e+01,2.504035e+01,2.486610e+01,2.498007e+01,2.503366e+01,2.512068e+01,2.491975e+01,2.500687e+01,2.487952e+01,2.483927e+01,2.468484e+01,2.434835e+01,2.422694e+01,2.414593e+01,2.383478e+01,2.415268e+01,2.409864e+01,2.386865e+01,2.388896e+01,2.401076e+01,2.389573e+01,2.399047e+01,2.408512e+01,2.398371e+01,2.394988e+01,2.395664e+01,2.385510e+01,2.384155e+01,2.380768e+01,2.378735e+01,2.381446e+01,2.369242e+01,2.371956e+01,2.358383e+01,2.359062e+01,2.369242e+01,2.349552e+01,2.359062e+01,2.362457e+01,2.341393e+01,2.356346e+01,2.353629e+01,2.353629e+01,2.352949e+01,2.355667e+01,2.339352e+01,2.350231e+01,2.354987e+01,2.355667e+01,2.353629e+01,2.357704e+01,2.358383e+01,2.365850e+01,2.373990e+01,2.362457e+01,2.376024e+01,2.373990e+01,2.369242e+01,2.380091e+01,2.394988e+01,2.393634e+01,2.400400e+01,2.402428e+01,2.403105e+01,2.399723e+01,2.399047e+01,2.399047e+01,2.407161e+01,2.411891e+01,2.401752e+01,2.437531e+01,2.436857e+01,2.440226e+01,2.457056e+01,2.440900e+01,2.421344e+01,2.443594e+01,2.429441e+01,2.448308e+01,2.479901e+01,2.486610e+01,2.525442e+01,2.534126e+01,2.558802e+01,2.574778e+01,2.584085e+01,2.582092e+01,2.582092e+01,2.580762e+01,2.563464e+01,2.564130e+01,2.560134e+01,2.555471e+01,2.568790e+01,2.552805e+01,2.546805e+01,2.520763e+01,2.520763e+01,2.493986e+01,2.461763e+01,2.457056e+01,2.427417e+01,2.432138e+01,2.431464e+01,2.431464e+01,2.440900e+01,2.494656e+01,2.563464e+01,2.570121e+01,2.607319e+01,2.602013e+01,2.622560e+01,2.620573e+01,2.623222e+01,2.598032e+01,2.612623e+01,2.589401e+01,2.564796e+01,2.523437e+01,2.524105e+01,2.501357e+01,2.472515e+01,2.448308e+01,2.477216e+01,2.473187e+01,2.485940e+01,2.500687e+01,2.500687e+01,2.487952e+01,2.493316e+01,2.463780e+01,2.437531e+01,2.417969e+01,2.412566e+01,2.416619e+01,2.404457e+01,2.410540e+01,2.394988e+01,2.407161e+01,2.405809e+01,2.408512e+01,2.408512e+01,2.417969e+01,2.405809e+01,2.422694e+01,2.392958e+01,2.422019e+01,2.412566e+01,2.416619e+01,2.401752e+01,2.424044e+01,2.420670e+01,2.422019e+01,2.420670e+01,2.392281e+01,2.384833e+01,2.385510e+01,2.373312e+01,2.369242e+01,2.367207e+01,2.369242e+01,2.373990e+01,2.364493e+01,2.357704e+01,2.348192e+01,2.371277e+01,2.363814e+01,2.352949e+01,2.362457e+01,2.363814e+01,2.363814e+01,2.372634e+01,2.393634e+01,2.380091e+01,2.384833e+01,2.390250e+01,2.411891e+01,2.415268e+01,2.432138e+01,2.434161e+01,2.428766e+01,2.428092e+01,2.446961e+01,2.453692e+01,2.448981e+01,2.459073e+01,2.448308e+01,2.446288e+01,2.440226e+01,2.413917e+01,2.405133e+01,2.413242e+01,2.380768e+01,2.376702e+01,2.346833e+01,2.346153e+01,2.340032e+01,2.346153e+01,2.345473e+01,2.344113e+01,2.348192e+01,2.351590e+01,2.357704e+01,2.356346e+01,2.357025e+01,2.350231e+01,2.344793e+01,2.350911e+01,2.348192e+01,2.356346e+01,2.363136e+01,2.362457e+01,2.377380e+01,2.382123e+01,2.392281e+01,2.411891e+01,2.415268e+01,2.427417e+01,2.454365e+01,2.472515e+01,2.493316e+01,2.492645e+01,2.498007e+01,2.528115e+01,2.528782e+01,2.534793e+01,2.540801e+01,2.554138e+01,2.554804e+01,2.565462e+01,2.570786e+01,2.590065e+01,2.588072e+01,2.587408e+01,2.604667e+01,2.607982e+01,2.611960e+01,2.621235e+01,2.613948e+01,2.612623e+01,2.615936e+01,2.588736e+01,2.586743e+01,2.596041e+01,2.578103e+01,2.580762e+01,2.558136e+01,2.540801e+01,2.521431e+01,2.519426e+01,2.508052e+01,2.512068e+01,2.489293e+01,2.495997e+01,2.494656e+01,2.490634e+01,2.481243e+01,2.477216e+01,2.477216e+01,2.455710e+01,2.467141e+01,2.477216e+01,2.491975e+01,2.489964e+01,2.500017e+01,2.511399e+01,2.502696e+01,2.508052e+01,2.526778e+01,2.532122e+01,2.516751e+01,2.529451e+01,2.522100e+01,2.524105e+01,2.519426e+01,2.519426e+01,2.516082e+01,2.493986e+01,2.486610e+01,2.486610e+01,2.473858e+01,2.467813e+01,2.465124e+01,2.463780e+01,2.436183e+01,2.433487e+01,2.419994e+01,2.396341e+01,2.394311e+01,2.381446e+01,2.370599e+01,2.372634e+01,2.365172e+01,2.363136e+01,2.357704e+01,2.353629e+01,2.359741e+01,2.351590e+01,2.348872e+01,2.352270e+01,2.354308e+01,2.346153e+01,2.353629e+01,2.352949e+01,2.360420e+01,2.348872e+01,2.354987e+01,2.353629e+01,2.342753e+01,2.354987e+01,2.355667e+01,2.357704e+01,2.368564e+01,2.373312e+01,2.390927e+01,2.403105e+01,2.428092e+01,2.429441e+01,2.430115e+01,2.426743e+01,2.415943e+01,2.415268e+01,2.410540e+01,2.398371e+01,2.382801e+01,2.399047e+01,2.390250e+01,2.390250e+01,2.387542e+01,2.388896e+01,2.381446e+01,2.392281e+01,2.378057e+01,2.390250e+01,2.371956e+01,2.371956e+01,2.389573e+01,2.384833e+01,2.365172e+01,2.385510e+01,2.378057e+01,2.375346e+01,2.377380e+01,2.370599e+01,2.359062e+01,2.356346e+01,2.354987e+01,2.350231e+01,2.350231e+01,2.349552e+01,2.345473e+01,2.340032e+01,2.339352e+01,2.352949e+01,2.359062e+01,2.354987e+01,2.352949e+01,2.352270e+01,2.357025e+01,2.358383e+01,2.360420e+01,2.380768e+01,2.367207e+01,2.354987e+01,2.352949e+01,2.372634e+01,2.379413e+01,2.380091e+01,2.373990e+01,2.388219e+01,2.384833e+01,2.380768e+01,2.375346e+01,2.369242e+01,2.370599e+01,2.364493e+01,2.360420e+01,2.364493e+01,2.351590e+01,2.365172e+01,2.362457e+01,2.361778e+01,2.365172e+01,2.364493e+01,2.357704e+01,2.355667e+01,2.370599e+01,2.365172e+01,2.354987e+01,2.365850e+01,2.360420e+01,2.363814e+01,2.369921e+01,2.395664e+01,2.371277e+01,2.373990e+01,2.383478e+01,2.378057e+01,2.388896e+01,2.378057e+01,2.382123e+01,2.384155e+01,2.378057e+01,2.380768e+01,2.386187e+01,2.380768e+01,2.381446e+01,2.391604e+01,2.380768e+01,2.376702e+01,2.381446e+01,2.392958e+01,2.396341e+01,2.397694e+01,2.397694e+01,2.374668e+01,2.359741e+01,2.374668e+01,2.385510e+01,2.355667e+01,2.354308e+01,2.380768e+01,2.371277e+01,2.363136e+01,2.364493e+01,2.352949e+01,2.354308e+01,2.357025e+01,2.361099e+01,2.363814e+01,2.359741e+01,2.358383e+01,2.377380e+01,2.367886e+01,2.367886e+01,2.378057e+01,2.412566e+01,2.422019e+01,2.445614e+01,2.484598e+01,2.487281e+01,2.510060e+01,2.516751e+01,2.505375e+01,2.507383e+01,2.490634e+01,2.420670e+01,2.387542e+01,2.363136e+01,2.359741e+01,2.367886e+01,2.378057e+01,2.367207e+01,2.367886e+01,2.399047e+01,2.369921e+01,2.376702e+01,2.395664e+01,2.392281e+01,2.405809e+01,2.392958e+01,2.403781e+01,2.418644e+01,2.409864e+01,2.401076e+01,2.432812e+01,2.435509e+01,2.431464e+01,2.419994e+01,2.424719e+01,2.401076e+01,2.396341e+01,2.374668e+01,2.361778e+01,2.373312e+01,2.379413e+01,2.411215e+01,2.426068e+01,2.415268e+01,2.397018e+01,2.394311e+01,2.396341e+01,2.396341e+01,2.392281e+01,2.405133e+01,2.408512e+01,2.409864e+01,2.394311e+01,2.397018e+01,2.404457e+01,2.424719e+01,2.410540e+01,2.409188e+01,2.411215e+01,2.411891e+01,2.419319e+01,2.430115e+01,2.432812e+01,2.432138e+01,2.432138e+01,2.440226e+01,2.426743e+01,2.439552e+01,2.438878e+01,2.439552e+01,2.442247e+01,2.448308e+01,2.442247e+01,2.444941e+01,2.457056e+01,2.439552e+01,2.424044e+01,2.453019e+01,2.459746e+01,2.454365e+01,2.443594e+01,2.442921e+01,2.449654e+01,2.453019e+01,2.447635e+01,2.454365e+01,2.447635e+01,2.445614e+01,2.446961e+01,2.444941e+01,2.445614e+01,2.444268e+01,2.455710e+01,2.450327e+01,2.445614e+01,2.449654e+01,2.451000e+01,2.448981e+01,2.452346e+01,2.448981e+01,2.451000e+01,2.444268e+01,2.454365e+01,2.455710e+01,2.455038e+01,2.457728e+01,2.446288e+01,2.456383e+01,2.441573e+01,2.446288e+01,2.451000e+01,2.466469e+01,2.459746e+01,2.461763e+01,2.465796e+01,2.456383e+01,2.458401e+01,2.459073e+01,2.458401e+01,2.453019e+01,2.453692e+01,2.453019e+01,2.459746e+01,2.463780e+01,2.460419e+01,2.455038e+01,2.451673e+01,2.455710e+01,2.447635e+01,2.444941e+01,2.462436e+01,2.448981e+01,2.453019e+01,2.464452e+01
2.387542e+01,2.392958e+01,2.393634e+01,2.410540e+01,2.389573e+01,2.392958e+01,2.408512e+01,2.412566e+01,2.409188e+01,2.411891e+01,2.401752e+01,2.409188e+01,2.407837e+01,2.412566e+01,2.407837e+01,2.422019e+01,2.401076e+01,2.403781e+01,2.411215e+01,2.409864e+01,2.403781e+01,2.395664e+01,2.401752e+01,2.397018e+01,2.400400e+01,2.417294e+01,2.407161e+01,2.400400e+01,2.394311e+01,2.391604e+01,2.444941e+01,2.453019e+01,2.442921e+01,2.454365e+01,2.428766e+01,2.401076e+01,2.396341e+01,2.389573e+01,2.391604e+01,2.398371e+01,2.384833e+01,2.384155e+01,2.400400e+01,2.383478e+01,2.390250e+01,2.394311e+01,2.396341e+01,2.405809e+01,2.401752e+01,2.399047e+01,2.369921e+01,2.390927e+01,2.401752e+01,2.387542e+01,2.392958e+01,2.382123e+01,2.380768e+01,2.388219e+01,2.395664e+01,2.378057e+01,2.409188e+01,2.407161e+01,2.403105e+01,2.399723e+01,2.414593e+01,2.411891e+01,2.434835e+01,2.448981e+01,2.477216e+01,2.453692e+01,2.498677e+01,2.503366e+01,2.502696e+01,2.499347e+01,2.487952e+01,2.502696e+01,2.493316e+01,2.512737e+01,2.501357e+01,2.496667e+01,2.479230e+01,2.467141e+01,2.458401e+01,2.422694e+01,2.417294e+01,2.406485e+01,2.411215e+01,2.409864e+01,2.409188e+01,2.401752e+01,2.398371e+01,2.408512e+01,2.397018e+01,2.394988e+01,2.409188e+01,2.396341e+01,2.401076e+01,2.381446e+01,2.376702e+01,2.372634e+01,2.381446e+01,2.367886e+01,2.379413e+01,2.373312e+01,2.357704e+01,2.358383e+01,2.358383e+01,2.356346e+01,2.361778e+01,2.354987e+01,2.361099e+01,2.352270e+01,2.342753e+01,2.357704e+01,2.365172e+01,2.363136e+01,2.365172e+01,2.350911e+01,2.359062e+01,2.359062e+01,2.355667e+01,2.360420e+01,2.363136e+01,2.373312e+01,2.371277e+01,2.370599e+01,2.370599e+01,2.359062e+01,2.371277e+01,2.391604e+01,2.394988e+01,2.399723e+01,2.396341e+01,2.399047e+01,2.399723e+01,2.388219e+01,2.398371e+01,2.399723e+01,2.412566e+01,2.407837e+01,2.399723e+01,2.415268e+01,2.405133e+01,2.432812e+01,2.414593e+01,2.420670e+01,2.427417e+01,2.439552e+01,2.451673e+01,2.451000e+01,2.474530e+01,2.500017e+01,2.530119e+01,2.552805e+01,2.573447e+01,2.574113e+01,2.578103e+01,2.592057e+01,2.584085e+01,2.575443e+01,2.574113e+01,2.558802e+01,2.556804e+01,2.568124e+01,2.562132e+01,2.573447e+01,2.557470e+01,2.535461e+01,2.534126e+01,2.520094e+01,2.491305e+01,2.461091e+01,2.458401e+01,2.442921e+01,2.436857e+01,2.427417e+01,2.437531e+01,2.492645e+01,2.528115e+01,2.571451e+01,2.604004e+01,2.604667e+01,2.607982e+01,2.596704e+01,2.607982e+01,2.591393e+01,2.590065e+01,2.569455e+01,2.564796e+01,2.531454e+01,2.513406e+01,2.477887e+01,2.474530e+01,2.447635e+01,2.466469e+01,2.481914e+01,2.475873e+01,2.478558e+01,2.489293e+01,2.467141e+01,2.463780e+01,2.454365e+01,2.417969e+01,2.415268e+01,2.406485e+01,2.413242e+01,2.395664e+01,2.405809e+01,2.391604e+01,2.390250e+01,2.401752e+01,2.419994e+01,2.396341e+01,2.392281e+01,2.390927e+01,2.390927e+01,2.414593e+01,2.394311e+01,2.396341e+01,2.419319e+01,2.409864e+01,2.418644e+01,2.402428e+01,2.405133e+01,2.397694e+01,2.376702e+01,2.386187e+01,2.366529e+01,2.363136e+01,2.365172e+01,2.365850e+01,2.359741e+01,2.371956e+01,2.361099e+01,2.359741e+01,2.361778e+01,2.365850e+01,2.364493e+01,2.365172e+01,2.365172e+01,2.364493e+01,2.362457e+01,2.374668e+01,2.364493e+01,2.388896e+01,2.381446e+01,2.384833e+01,2.392281e+01,2.393634e+01,2.416619e+01,2.428766e+01,2.419994e+01,2.427417e+01,2.443594e+01,2.421344e+01,2.444941e+01,2.434161e+01,2.426743e+01,2.420670e+01,2.438878e+01,2.426068e+01,2.412566e+01,2.403105e+01,2.374668e+01,2.353629e+01,2.350231e+01,2.348192e+01,2.350231e+01,2.341393e+01,2.356346e+01,2.353629e+01,2.353629e+01,2.347513e+01,2.359062e+01,2.347513e+01,2.353629e+01,2.344113e+01,2.345473e+01,2.352949e+01,2.348872e+01,2.357704e+01,2.358383e+01,2.365850e+01,2.373990e+01,2.378057e+01,2.393634e+01,2.412566e+01,2.415268e+01,2.424719e+01,2.449654e+01,2.471172e+01,2.488622e+01,2.489964e+01,2.511399e+01,2.490634e+01,2.512068e+01,2.526110e+01,2.537464e+01,2.552805e+01,2.552805e+01,2.554804e+01,2.559468e+01,2.564130e+01,2.564796e+01,2.574113e+01,2.566793e+01,2.598696e+01,2.599359e+01,2.590729e+01,2.593385e+01,2.578103e+01,2.584750e+01,2.589401e+01,2.564796e+01,2.560800e+01,2.566793e+01,2.556137e+01,2.522100e+01,2.500017e+01,2.502026e+01,2.493316e+01,2.468484e+01,2.479230e+01,2.474530e+01,2.472515e+01,2.477887e+01,2.471172e+01,2.473858e+01,2.456383e+01,2.453019e+01,2.455038e+01,2.457728e+01,2.479901e+01,2.484598e+01,2.490634e+01,2.490634e+01,2.476544e+01,2.503366e+01,2.508052e+01,2.508722e+01,2.510060e+01,2.516082e+01,2.519426e+01,2.520094e+01,2.506044e+01,2.518088e+01,2.510730e+01,2.498007e+01,2.502026e+01,2.496667e+01,2.477216e+01,2.489964e+01,2.481243e+01,2.446961e+01,2.449654e+01,2.438878e+01,2.430790e+01,2.419319e+01,2.409188e+01,2.384155e+01,2.376702e+01,2.370599e+01,2.378057e+01,2.371277e+01,2.350231e+01,2.345473e+01,2.347513e+01,2.359062e+01,2.348192e+01,2.354308e+01,2.346833e+01,2.352949e+01,2.352949e+01,2.355667e+01,2.362457e+01,2.351590e+01,2.363814e+01,2.349552e+01,2.360420e+01,2.357025e+01,2.356346e+01,2.357025e+01,2.355667e+01,2.362457e+01,2.371277e+01,2.392281e+01,2.397018e+01,2.419319e+01,2.424719e+01,2.416619e+01,2.417969e+01,2.414593e+01,2.413917e+01,2.379413e+01,2.380768e+01,2.374668e+01,2.384155e+01,2.376024e+01,2.380091e+01,2.371277e+01,2.371277e+01,2.390250e+01,2.363136e+01,2.380768e+01,2.369242e+01,2.364493e+01,2.375346e+01,2.384833e+01,2.373990e+01,2.378057e+01,2.373990e+01,2.355667e+01,2.367886e+01,2.366529e+01,2.355667e+01,2.354987e+01,2.349552e+01,2.350231e+01,2.358383e+01,2.357025e+01,2.343433e+01,2.347513e+01,2.360420e+01,2.347513e+01,2.350231e+01,2.350231e+01,2.358383e+01,2.353629e+01,2.354987e+01,2.359062e+01,2.369242e+01,2.370599e+01,2.372634e+01,2.373312e+01,2.373312e+01,2.377380e+01,2.372634e+01,2.379413e+01,2.366529e+01,2.365850e+01,2.381446e+01,2.369921e+01,2.379413e+01,2.372634e+01,2.373990e+01,2.386865e+01,2.399047e+01,2.390927e+01,2.386865e+01,2.391604e+01,2.371956e+01,2.380091e+01,2.374668e+01,2.374668e+01,2.374668e+01,2.381446e+01,2.365172e+01,2.378735e+01,2.374668e+01,2.369921e+01,2.369921e+01,2.363136e+01,2.377380e+01,2.368564e+01,2.354308e+01,2.369242e+01,2.369242e+01,2.374668e+01,2.376702e+01,2.375346e+01,2.375346e+01,2.370599e+01,2.369242e+01,2.372634e+01,2.380768e+01,2.378057e+01,2.378057e+01,2.377380e+01,2.382801e+01,2.391604e+01,2.384833e+01,2.391604e+01,2.397018e+01,2.411215e+01,2.409188e+01,2.405809e+01,2.378057e+01,2.377380e+01,2.409864e+01,2.406485e+01,2.385510e+01,2.359741e+01,2.370599e+01,2.389573e+01,2.378057e+01,2.373312e+01,2.370599e+01,2.366529e+01,2.385510e+01,2.366529e+01,2.372634e+01,2.363136e+01,2.407161e+01,2.384833e+01,2.382123e+01,2.409864e+01,2.397694e+01,2.415943e+01,2.436857e+01,2.455710e+01,2.462436e+01,2.494656e+01,2.506044e+01,2.520094e+01,2.517419e+01,2.510060e+01,2.510060e+01,2.471844e+01,2.424044e+01,2.389573e+01,2.367886e+01,2.368564e+01,2.384155e+01,2.394988e+01,2.388219e+01,2.406485e+01,2.406485e+01,2.401076e+01,2.397694e+01,2.398371e+01,2.399723e+01,2.416619e+01,2.409188e+01,2.419319e+01,2.413242e+01,2.419994e+01,2.419994e+01,2.430115e+01,2.425393e+01,2.417969e+01,2.395664e+01,2.389573e+01,2.392281e+01,2.371277e+01,2.364493e+01,2.371277e+01,2.376024e+01,2.411215e+01,2.417969e+01,2.425393e+01,2.429441e+01,2.426743e+01,2.425393e+01,2.414593e+01,2.423369e+01,2.416619e+01,2.419319e+01,2.424044e+01,2.425393e+01,2.426743e+01,2.429441e+01,2.436183e+01,2.440226e+01,2.419994e+01,2.419319e+01,2.424044e+01,2.430790e+01,2.438878e+01,2.432138e+01,2.436857e+01,2.436857e+01,2.434161e+01,2.445614e+01,2.432138e+01,2.440226e+01,2.438205e+01,2.458401e+01,2.446961e+01,2.434835e+01,2.446961e+01,2.439552e+01,2.459746e+01,2.436183e+01,2.455710e+01,2.442921e+01,2.457728e+01,2.435509e+01,2.437531e+01,2.444268e+01,2.452346e+01,2.453692e+01,2.446288e+01,2.442921e+01,2.426743e+01,2.454365e+01,2.451673e+01,2.440226e+01,2.467141e+01,2.444268e+01,2.448981e+01,2.454365e+01,2.456383e+01,2.450327e+01,2.451673e+01,2.440226e+01,2.454365e+01,2.448981e+01,2.438205e+01,2.443594e+01,2.451000e+01,2.448981e+01,2.453692e+01,2.451673e+01,2.456383e+01,2.441573e+01,2.457056e+01,2.458401e+01,2.446288e+01,2.445614e+01,2.457056e+01,2.464452e+01,2.464452e+01,2.448981e+01,2.452346e+01,2.445614e+01,2.446288e+01,2.463108e+01,2.465796e+01,2.466469e+01,2.444268e+01,2.448308e+01,2.442921e+01,2.441573e+01,2.444941e+01,2.457056e+01,2.446961e+01,2.448981e+01,2.465124e+01,2.446961e+01,2.471172e+01
2.380091e+01,2.382801e+01,2.378057e+01,2.376024e+01,2.375346e+01,2.376024e+01,2.381446e+01,2.385510e+01,2.397694e+01,2.389573e+01,2.407837e+01,2.397694e+01,2.407161e+01,2.413917e+01,2.417969e+01,2.413917e+01,2.393634e+01,2.407161e+01,2.402428e+01,2.403781e+01,2.407161e+01,2.403781e+01,2.407161e+01,2.407837e+01,2.414593e+01,2.409864e+01,2.411891e+01,2.387542e+01,2.401076e+01,2.399723e+01,2.403105e+01,2.429441e+01,2.425393e+01,2.424719e+01,2.417294e+01,2.395664e+01,2.386865e+01,2.384833e+01,2.382801e+01,2.386187e+01,2.387542e+01,2.384155e+01,2.386865e+01,2.386865e+01,2.386865e+01,2.394988e+01,2.392281e+01,2.402428e+01,2.395664e+01,2.399723e+01,2.405809e+01,2.389573e+01,2.392958e+01,2.390927e+01,2.390927e+01,2.394311e+01,2.386187e+01,2.394988e+01,2.387542e+01,2.394988e+01,2.397018e+01,2.408512e+01,2.413242e+01,2.412566e+01,2.430115e+01,2.416619e+01,2.455038e+01,2.463108e+01,2.488622e+01,2.495326e+01,2.508052e+01,2.511399e+01,2.502026e+01,2.504035e+01,2.501357e+01,2.496667e+01,2.483927e+01,2.498677e+01,2.481243e+01,2.484598e+01,2.461091e+01,2.440900e+01,2.437531e+01,2.432138e+01,2.428766e+01,2.417294e+01,2.411891e+01,2.402428e+01,2.411891e+01,2.401076e+01,2.408512e+01,2.400400e+01,2.391604e+01,2.403105e+01,2.404457e+01,2.401752e+01,2.374668e+01,2.385510e+01,2.378735e+01,2.376702e+01,2.366529e+01,2.365850e+01,2.369242e+01,2.375346e+01,2.359741e+01,2.358383e+01,2.363136e+01,2.364493e+01,2.354987e+01,2.361778e+01,2.361778e+01,2.351590e+01,2.346833e+01,2.359062e+01,2.364493e+01,2.346833e+01,2.372634e+01,2.348192e+01,2.369921e+01,2.356346e+01,2.351590e+01,2.371277e+01,2.365850e+01,2.368564e+01,2.369242e+01,2.361778e+01,2.363814e+01,2.386865e+01,2.375346e+01,2.391604e+01,2.393634e+01,2.394988e+01,2.411891e+01,2.409864e+01,2.391604e+01,2.413242e+01,2.404457e+01,2.411215e+01,2.399723e+01,2.409188e+01,2.400400e+01,2.402428e+01,2.409188e+01,2.405133e+01,2.413242e+01,2.427417e+01,2.424044e+01,2.453019e+01,2.432138e+01,2.465124e+01,2.483927e+01,2.512068e+01,2.528115e+01,2.557470e+01,2.566793e+01,2.580097e+01,2.585415e+01,2.592721e+01,2.584085e+01,2.579433e+01,2.577438e+01,2.558802e+01,2.570786e+01,2.586079e+01,2.563464e+01,2.572782e+01,2.572117e+01,2.571451e+01,2.552805e+01,2.530787e+01,2.493986e+01,2.476544e+01,2.453019e+01,2.434161e+01,2.437531e+01,2.450327e+01,2.425393e+01,2.459073e+01,2.514744e+01,2.560134e+01,2.571451e+01,2.592721e+01,2.598032e+01,2.590065e+01,2.592057e+01,2.594049e+01,2.582092e+01,2.574778e+01,2.536129e+01,2.528115e+01,2.510730e+01,2.488622e+01,2.459073e+01,2.450327e+01,2.449654e+01,2.481243e+01,2.483256e+01,2.495326e+01,2.485269e+01,2.482585e+01,2.459746e+01,2.441573e+01,2.416619e+01,2.417969e+01,2.404457e+01,2.392958e+01,2.387542e+01,2.383478e+01,2.384155e+01,2.384833e+01,2.382123e+01,2.373990e+01,2.399723e+01,2.386865e+01,2.389573e+01,2.390250e+01,2.384833e+01,2.391604e+01,2.389573e+01,2.407837e+01,2.390250e+01,2.399723e+01,2.396341e+01,2.378057e+01,2.373990e+01,2.371956e+01,2.373312e+01,2.378735e+01,2.362457e+01,2.360420e+01,2.369921e+01,2.359741e+01,2.369242e+01,2.359741e+01,2.362457e+01,2.363814e+01,2.352270e+01,2.360420e+01,2.364493e+01,2.362457e+01,2.363136e+01,2.367207e+01,2.362457e+01,2.382801e+01,2.363814e+01,2.373312e+01,2.379413e+01,2.386865e+01,2.397018e+01,2.394988e+01,2.416619e+01,2.414593e+01,2.415268e+01,2.415943e+01,2.419319e+01,2.412566e+01,2.425393e+01,2.408512e+01,2.422019e+01,2.430115e+01,2.406485e+01,2.403781e+01,2.396341e+01,2.371956e+01,2.353629e+01,2.354308e+01,2.351590e+01,2.354308e+01,2.349552e+01,2.344793e+01,2.350911e+01,2.352270e+01,2.354987e+01,2.359062e+01,2.348872e+01,2.350231e+01,2.346833e+01,2.337991e+01,2.345473e+01,2.346833e+01,2.368564e+01,2.360420e+01,2.373312e+01,2.369242e+01,2.389573e+01,2.391604e+01,2.413242e+01,2.425393e+01,2.445614e+01,2.438205e+01,2.464452e+01,2.481914e+01,2.481243e+01,2.485269e+01,2.504705e+01,2.507383e+01,2.499347e+01,2.520094e+01,2.515413e+01,2.532122e+01,2.528782e+01,2.535461e+01,2.538131e+01,2.537464e+01,2.548805e+01,2.544804e+01,2.564796e+01,2.590065e+01,2.576773e+01,2.584085e+01,2.581427e+01,2.582756e+01,2.574778e+01,2.564796e+01,2.552139e+01,2.528782e+01,2.512737e+01,2.498677e+01,2.481914e+01,2.481243e+01,2.477887e+01,2.467141e+01,2.459746e+01,2.453019e+01,2.465124e+01,2.450327e+01,2.463108e+01,2.446288e+01,2.451000e+01,2.426068e+01,2.444268e+01,2.444268e+01,2.457056e+01,2.477887e+01,2.477887e+01,2.487281e+01,2.489293e+01,2.490634e+01,2.493986e+01,2.491305e+01,2.508722e+01,2.494656e+01,2.487281e+01,2.509391e+01,2.502696e+01,2.509391e+01,2.515413e+01,2.500017e+01,2.492645e+01,2.496667e+01,2.481914e+01,2.482585e+01,2.465124e+01,2.463108e+01,2.440900e+01,2.442921e+01,2.428092e+01,2.407161e+01,2.412566e+01,2.406485e+01,2.380091e+01,2.371277e+01,2.371277e+01,2.362457e+01,2.359062e+01,2.363814e+01,2.365172e+01,2.359741e+01,2.365172e+01,2.361099e+01,2.354308e+01,2.357025e+01,2.364493e+01,2.362457e+01,2.359741e+01,2.363814e+01,2.350911e+01,2.371956e+01,2.360420e+01,2.359062e+01,2.374668e+01,2.357025e+01,2.380768e+01,2.364493e+01,2.377380e+01,2.395664e+01,2.394311e+01,2.393634e+01,2.396341e+01,2.390250e+01,2.411215e+01,2.401076e+01,2.395664e+01,2.398371e+01,2.382123e+01,2.381446e+01,2.376702e+01,2.382123e+01,2.379413e+01,2.382123e+01,2.377380e+01,2.379413e+01,2.371277e+01,2.363136e+01,2.375346e+01,2.366529e+01,2.358383e+01,2.368564e+01,2.372634e+01,2.354987e+01,2.355667e+01,2.354987e+01,2.358383e+01,2.356346e+01,2.357025e+01,2.347513e+01,2.354987e+01,2.350231e+01,2.352949e+01,2.360420e+01,2.351590e+01,2.339352e+01,2.352270e+01,2.342073e+01,2.352949e+01,2.349552e+01,2.357704e+01,2.365172e+01,2.356346e+01,2.367207e+01,2.363814e+01,2.368564e+01,2.363814e+01,2.376702e+01,2.363136e+01,2.373990e+01,2.357704e+01,2.380768e+01,2.374668e+01,2.372634e+01,2.367886e+01,2.373990e+01,2.377380e+01,2.388896e+01,2.392281e+01,2.407837e+01,2.415943e+01,2.417294e+01,2.423369e+01,2.413242e+01,2.397018e+01,2.390927e+01,2.403781e+01,2.404457e+01,2.383478e+01,2.380768e+01,2.375346e+01,2.380768e+01,2.375346e+01,2.367886e+01,2.368564e+01,2.380091e+01,2.365850e+01,2.370599e+01,2.369921e+01,2.370599e+01,2.372634e+01,2.372634e+01,2.373312e+01,2.371277e+01,2.373312e+01,2.359741e+01,2.376024e+01,2.365850e+01,2.376024e+01,2.377380e+01,2.378735e+01,2.380091e+01,2.376702e+01,2.378057e+01,2.388219e+01,2.387542e+01,2.397694e+01,2.412566e+01,2.437531e+01,2.430115e+01,2.397694e+01,2.408512e+01,2.421344e+01,2.402428e+01,2.403105e+01,2.360420e+01,2.354987e+01,2.401752e+01,2.410540e+01,2.384833e+01,2.394311e+01,2.369921e+01,2.371277e+01,2.369242e+01,2.378735e+01,2.392281e+01,2.410540e+01,2.421344e+01,2.424719e+01,2.428092e+01,2.424719e+01,2.419994e+01,2.425393e+01,2.438205e+01,2.461091e+01,2.483256e+01,2.500687e+01,2.515413e+01,2.525442e+01,2.529451e+01,2.519426e+01,2.508722e+01,2.490634e+01,2.439552e+01,2.394311e+01,2.389573e+01,2.410540e+01,2.409188e+01,2.410540e+01,2.428766e+01,2.426743e+01,2.427417e+01,2.428092e+01,2.421344e+01,2.418644e+01,2.417969e+01,2.421344e+01,2.415268e+01,2.439552e+01,2.425393e+01,2.423369e+01,2.432138e+01,2.426068e+01,2.426068e+01,2.405133e+01,2.382123e+01,2.382801e+01,2.375346e+01,2.384155e+01,2.372634e+01,2.409864e+01,2.418644e+01,2.428766e+01,2.428766e+01,2.434835e+01,2.428766e+01,2.416619e+01,2.428092e+01,2.428092e+01,2.430115e+01,2.433487e+01,2.427417e+01,2.441573e+01,2.443594e+01,2.430115e+01,2.437531e+01,2.436183e+01,2.437531e+01,2.442921e+01,2.434161e+01,2.438205e+01,2.440900e+01,2.432812e+01,2.446288e+01,2.439552e+01,2.442921e+01,2.440900e+01,2.442247e+01,2.444268e+01,2.443594e+01,2.444268e+01,2.442247e+01,2.436183e+01,2.442921e+01,2.444268e+01,2.451673e+01,2.446288e+01,2.454365e+01,2.459073e+01,2.442921e+01,2.438878e+01,2.443594e+01,2.450327e+01,2.452346e+01,2.451000e+01,2.437531e+01,2.457728e+01,2.453692e+01,2.445614e+01,2.449654e+01,2.448981e+01,2.457056e+01,2.450327e+01,2.445614e+01,2.438878e+01,2.448308e+01,2.459073e+01,2.458401e+01,2.449654e+01,2.453019e+01,2.453692e+01,2.446288e+01,2.459073e+01,2.456383e+01,2.455038e+01,2.452346e+01,2.454365e+01,2.458401e+01,2.451000e+01,2.452346e+01,2.462436e+01,2.462436e+01,2.451000e+01,2.470500e+01,2.446288e+01,2.464452e+01,2.461091e+01,2.466469e+01,2.457728e+01,2.458401e+01,2.455038e+01,2.465796e+01,2.457728e+01,2.465124e+01,2.465796e+01,2.457728e+01,2.454365e+01,2.464452e+01,2.451000e+01,2.461091e+01,2.447635e+01,2.457056e+01,2.458401e+01,2.444268e+01
2.373990e+01,2.363814e+01,2.374668e+01,2.376024e+01,2.375346e+01,2.375346e+01,2.365172e+01,2.374668e+01,2.387542e+01,2.388896e+01,2.392281e+01,2.399047e+01,2.411215e+01,2.415268e+01,2.426743e+01,2.407837e+01,2.414593e+01,2.410540e+01,2.396341e+01,2.391604e+01,2.399047e+01,2.406485e+01,2.406485e+01,2.417969e+01,2.411891e+01,2.400400e+01,2.401752e+01,2.405133e+01,2.378735e+01,2.406485e+01,2.403105e+01,2.422694e+01,2.405133e+01,2.407837e+01,2.397694e+01,2.380768e+01,2.386865e+01,2.384833e+01,2.384833e+01,2.381446e+01,2.385510e+01,2.386865e+01,2.376024e+01,2.387542e+01,2.381446e+01,2.391604e+01,2.382801e+01,2.384155e+01,2.385510e+01,2.392281e+01,2.394311e+01,2.388219e+01,2.390927e+01,2.389573e+01,2.386187e+01,2.382123e+01,2.388896e+01,2.389573e+01,2.391604e+01,2.395664e+01,2.399047e+01,2.399723e+01,2.409188e+01,2.409188e+01,2.434161e+01,2.430790e+01,2.448981e+01,2.479901e+01,2.487281e+01,2.512737e+01,2.526778e+01,2.512737e+01,2.507383e+01,2.507383e+01,2.502696e+01,2.494656e+01,2.479230e+01,2.474530e+01,2.459746e+01,2.447635e+01,2.451673e+01,2.436857e+01,2.434835e+01,2.438878e+01,2.432812e+01,2.414593e+01,2.411891e+01,2.413242e+01,2.419994e+01,2.408512e+01,2.408512e+01,2.411891e+01,2.399723e+01,2.403105e+01,2.399047e+01,2.404457e+01,2.371277e+01,2.378735e+01,2.371277e+01,2.373990e+01,2.360420e+01,2.376702e+01,2.379413e+01,2.363136e+01,2.363814e+01,2.378057e+01,2.359062e+01,2.339352e+01,2.341393e+01,2.350911e+01,2.348192e+01,2.353629e+01,2.349552e+01,2.338672e+01,2.357704e+01,2.360420e+01,2.357025e+01,2.352949e+01,2.344113e+01,2.361099e+01,2.359062e+01,2.363136e+01,2.360420e+01,2.351590e+01,2.370599e+01,2.371277e+01,2.355667e+01,2.371956e+01,2.384833e+01,2.388219e+01,2.397018e+01,2.396341e+01,2.397018e+01,2.413917e+01,2.421344e+01,2.412566e+01,2.404457e+01,2.401752e+01,2.410540e+01,2.399047e+01,2.390250e+01,2.407837e+01,2.403105e+01,2.403105e+01,2.405133e+01,2.420670e+01,2.457056e+01,2.484598e+01,2.459746e+01,2.451673e+01,2.466469e+01,2.493986e+01,2.522768e+01,2.564130e+01,2.572117e+01,2.578103e+01,2.588736e+01,2.576773e+01,2.587408e+01,2.583421e+01,2.574778e+01,2.578103e+01,2.592721e+01,2.588072e+01,2.589401e+01,2.592057e+01,2.583421e+01,2.588072e+01,2.568124e+01,2.539466e+01,2.508052e+01,2.492645e+01,2.461763e+01,2.444268e+01,2.445614e+01,2.420670e+01,2.421344e+01,2.433487e+01,2.491975e+01,2.538799e+01,2.564796e+01,2.585415e+01,2.592721e+01,2.585415e+01,2.576108e+01,2.579433e+01,2.578103e+01,2.534793e+01,2.537464e+01,2.528115e+01,2.502696e+01,2.482585e+01,2.464452e+01,2.432138e+01,2.445614e+01,2.478558e+01,2.483256e+01,2.482585e+01,2.479230e+01,2.465796e+01,2.457728e+01,2.446961e+01,2.415268e+01,2.417969e+01,2.397018e+01,2.394988e+01,2.384155e+01,2.388896e+01,2.389573e+01,2.376024e+01,2.375346e+01,2.367207e+01,2.367207e+01,2.360420e+01,2.375346e+01,2.373312e+01,2.376024e+01,2.376024e+01,2.389573e+01,2.375346e+01,2.396341e+01,2.397018e+01,2.386187e+01,2.388896e+01,2.381446e+01,2.371956e+01,2.350911e+01,2.369242e+01,2.369921e+01,2.357025e+01,2.356346e+01,2.359741e+01,2.361099e+01,2.358383e+01,2.350231e+01,2.358383e+01,2.363814e+01,2.362457e+01,2.363814e+01,2.365172e+01,2.363136e+01,2.359062e+01,2.363814e+01,2.362457e+01,2.367207e+01,2.369921e+01,2.378735e+01,2.380091e+01,2.378057e+01,2.392281e+01,2.382801e+01,2.390250e+01,2.384833e+01,2.422694e+01,2.405133e+01,2.407161e+01,2.409864e+01,2.408512e+01,2.392958e+01,2.408512e+01,2.392958e+01,2.369242e+01,2.359741e+01,2.355667e+01,2.354308e+01,2.341393e+01,2.356346e+01,2.351590e+01,2.354987e+01,2.353629e+01,2.349552e+01,2.351590e+01,2.352270e+01,2.352270e+01,2.348192e+01,2.345473e+01,2.346833e+01,2.335950e+01,2.352270e+01,2.355667e+01,2.355667e+01,2.352270e+01,2.352270e+01,2.365172e+01,2.371956e+01,2.392281e+01,2.413242e+01,2.420670e+01,2.429441e+01,2.449654e+01,2.445614e+01,2.464452e+01,2.450327e+01,2.469156e+01,2.469828e+01,2.485940e+01,2.491975e+01,2.482585e+01,2.493316e+01,2.493316e+01,2.520763e+01,2.519426e+01,2.513406e+01,2.522768e+01,2.535461e+01,2.525442e+01,2.540801e+01,2.542135e+01,2.542802e+01,2.574113e+01,2.543469e+01,2.544804e+01,2.549472e+01,2.530787e+01,2.523437e+01,2.485269e+01,2.471844e+01,2.463780e+01,2.457056e+01,2.463108e+01,2.460419e+01,2.439552e+01,2.455710e+01,2.453692e+01,2.454365e+01,2.447635e+01,2.434835e+01,2.432812e+01,2.435509e+01,2.426068e+01,2.440900e+01,2.447635e+01,2.440900e+01,2.460419e+01,2.475201e+01,2.461763e+01,2.461763e+01,2.485940e+01,2.490634e+01,2.483256e+01,2.481914e+01,2.483927e+01,2.486610e+01,2.485269e+01,2.492645e+01,2.497337e+01,2.490634e+01,2.492645e+01,2.486610e+01,2.491305e+01,2.465124e+01,2.465796e+01,2.467813e+01,2.444941e+01,2.434161e+01,2.422694e+01,2.411215e+01,2.407161e+01,2.405133e+01,2.403781e+01,2.378057e+01,2.379413e+01,2.369242e+01,2.362457e+01,2.352949e+01,2.363814e+01,2.360420e+01,2.356346e+01,2.363136e+01,2.362457e+01,2.366529e+01,2.359741e+01,2.366529e+01,2.365850e+01,2.364493e+01,2.357025e+01,2.357704e+01,2.360420e+01,2.371277e+01,2.367886e+01,2.359062e+01,2.363814e+01,2.366529e+01,2.373990e+01,2.383478e+01,2.391604e+01,2.378735e+01,2.381446e+01,2.390927e+01,2.389573e+01,2.415943e+01,2.394311e+01,2.395664e+01,2.380091e+01,2.387542e+01,2.386865e+01,2.373990e+01,2.372634e+01,2.371277e+01,2.378057e+01,2.380768e+01,2.375346e+01,2.363136e+01,2.368564e+01,2.361778e+01,2.354987e+01,2.365172e+01,2.359741e+01,2.364493e+01,2.357704e+01,2.352949e+01,2.356346e+01,2.354987e+01,2.354987e+01,2.352270e+01,2.348872e+01,2.360420e+01,2.356346e+01,2.350231e+01,2.351590e+01,2.355667e+01,2.345473e+01,2.344113e+01,2.338672e+01,2.349552e+01,2.354987e+01,2.358383e+01,2.361778e+01,2.367207e+01,2.370599e+01,2.373990e+01,2.364493e+01,2.381446e+01,2.363136e+01,2.372634e+01,2.376024e+01,2.365850e+01,2.381446e+01,2.380091e+01,2.387542e+01,2.383478e+01,2.391604e+01,2.375346e+01,2.379413e+01,2.411891e+01,2.420670e+01,2.434835e+01,2.432812e+01,2.430790e+01,2.436183e+01,2.430790e+01,2.417969e+01,2.419994e+01,2.442921e+01,2.419994e+01,2.422694e+01,2.411215e+01,2.410540e+01,2.403781e+01,2.382123e+01,2.370599e+01,2.371956e+01,2.390250e+01,2.370599e+01,2.372634e+01,2.371956e+01,2.371956e+01,2.371956e+01,2.373990e+01,2.372634e+01,2.368564e+01,2.369242e+01,2.379413e+01,2.371956e+01,2.376702e+01,2.377380e+01,2.375346e+01,2.378735e+01,2.378057e+01,2.385510e+01,2.375346e+01,2.391604e+01,2.415943e+01,2.430790e+01,2.436183e+01,2.440226e+01,2.435509e+01,2.399723e+01,2.419319e+01,2.435509e+01,2.419994e+01,2.350911e+01,2.352270e+01,2.380768e+01,2.412566e+01,2.410540e+01,2.394311e+01,2.393634e+01,2.412566e+01,2.409188e+01,2.409188e+01,2.424044e+01,2.433487e+01,2.432812e+01,2.428766e+01,2.448981e+01,2.447635e+01,2.448981e+01,2.424719e+01,2.420670e+01,2.435509e+01,2.479901e+01,2.510730e+01,2.515413e+01,2.520094e+01,2.523437e+01,2.527446e+01,2.534793e+01,2.506713e+01,2.505375e+01,2.475201e+01,2.420670e+01,2.416619e+01,2.413917e+01,2.430115e+01,2.430790e+01,2.408512e+01,2.428766e+01,2.426743e+01,2.428766e+01,2.436183e+01,2.445614e+01,2.426068e+01,2.436183e+01,2.446288e+01,2.433487e+01,2.437531e+01,2.435509e+01,2.433487e+01,2.425393e+01,2.408512e+01,2.396341e+01,2.383478e+01,2.389573e+01,2.378735e+01,2.396341e+01,2.412566e+01,2.422694e+01,2.421344e+01,2.436857e+01,2.436183e+01,2.429441e+01,2.428092e+01,2.426743e+01,2.426743e+01,2.431464e+01,2.446288e+01,2.450327e+01,2.443594e+01,2.442921e+01,2.437531e+01,2.443594e+01,2.458401e+01,2.437531e+01,2.443594e+01,2.442247e+01,2.446961e+01,2.440900e+01,2.442247e+01,2.436857e+01,2.438205e+01,2.442247e+01,2.440900e+01,2.435509e+01,2.451673e+01,2.448981e+01,2.442921e+01,2.442247e+01,2.441573e+01,2.435509e+01,2.432138e+01,2.445614e+01,2.440900e+01,2.441573e+01,2.445614e+01,2.435509e+01,2.442247e+01,2.441573e+01,2.441573e+01,2.442921e+01,2.457056e+01,2.442921e+01,2.451673e+01,2.445614e+01,2.444268e+01,2.455038e+01,2.442247e+01,2.462436e+01,2.440226e+01,2.452346e+01,2.441573e+01,2.442921e+01,2.448981e+01,2.444941e+01,2.448308e+01,2.451000e+01,2.453019e+01,2.436857e+01,2.439552e+01,2.457728e+01,2.453019e+01,2.453019e+01,2.457728e+01,2.444268e+01,2.454365e+01,2.457728e+01,2.453019e+01,2.459746e+01,2.465124e+01,2.446961e+01,2.458401e+01,2.464452e+01,2.455038e+01,2.457728e+01,2.451000e+01,2.457056e+01,2.456383e+01,2.459746e+01,2.448308e+01,2.457056e+01,2.444268e+01,2.463108e+01,2.461763e+01,2.461091e+01,2.451000e+01,2.453692e+01,2.458401e+01,2.455710e+01,2.467141e+01,2.457056e+01
2.347513e+01,2.354987e+01,2.362457e+01,2.354987e+01,2.374668e+01,2.351590e+01,2.365172e+01,2.370599e+01,2.384833e+01,2.406485e+01,2.388896e+01,2.407837e+01,2.433487e+01,2.417294e+01,2.430115e+01,2.421344e+01,2.421344e+01,2.422019e+01,2.407837e+01,2.407161e+01,2.426743e+01,2.413242e+01,2.405133e+01,2.401076e+01,2.397694e+01,2.392281e+01,2.394988e+01,2.388219e+01,2.403781e+01,2.403781e+01,2.413242e+01,2.404457e+01,2.409864e+01,2.376024e+01,2.382801e+01,2.384155e+01,2.368564e+01,2.382123e+01,2.369921e+01,2.378735e+01,2.369242e+01,2.388896e+01,2.375346e+01,2.387542e+01,2.382123e+01,2.397694e+01,2.382123e+01,2.396341e+01,2.388896e+01,2.386865e+01,2.388896e+01,2.392958e+01,2.409864e+01,2.380768e+01,2.400400e+01,2.386865e+01,2.379413e+01,2.388896e+01,2.386865e+01,2.388219e+01,2.393634e+01,2.422019e+01,2.413917e+01,2.411891e+01,2.433487e+01,2.440226e+01,2.440900e+01,2.483927e+01,2.498007e+01,2.511399e+01,2.524773e+01,2.507383e+01,2.502026e+01,2.479230e+01,2.501357e+01,2.500017e+01,2.461763e+01,2.453692e+01,2.454365e+01,2.434835e+01,2.428766e+01,2.429441e+01,2.439552e+01,2.446288e+01,2.442921e+01,2.446288e+01,2.421344e+01,2.442247e+01,2.428092e+01,2.417294e+01,2.419994e+01,2.422019e+01,2.410540e+01,2.422019e+01,2.401752e+01,2.401076e+01,2.380768e+01,2.378057e+01,2.375346e+01,2.369242e+01,2.375346e+01,2.368564e+01,2.365850e+01,2.359062e+01,2.357025e+01,2.352270e+01,2.357704e+01,2.355667e+01,2.349552e+01,2.346153e+01,2.354308e+01,2.347513e+01,2.343433e+01,2.347513e+01,2.352949e+01,2.350911e+01,2.345473e+01,2.344793e+01,2.346153e+01,2.357704e+01,2.345473e+01,2.365172e+01,2.357704e+01,2.346833e+01,2.357704e+01,2.357704e+01,2.382123e+01,2.354987e+01,2.365850e+01,2.377380e+01,2.399723e+01,2.382801e+01,2.378735e+01,2.420670e+01,2.394311e+01,2.408512e+01,2.403781e+01,2.389573e+01,2.392281e+01,2.407837e+01,2.412566e+01,2.397694e+01,2.386187e+01,2.401076e+01,2.416619e+01,2.426743e+01,2.491975e+01,2.489964e+01,2.457056e+01,2.457728e+01,2.467141e+01,2.498007e+01,2.516751e+01,2.548805e+01,2.558802e+01,2.579433e+01,2.593385e+01,2.585415e+01,2.588072e+01,2.604004e+01,2.581427e+01,2.584750e+01,2.578103e+01,2.598032e+01,2.594713e+01,2.603340e+01,2.590065e+01,2.585415e+01,2.568790e+01,2.543469e+01,2.516082e+01,2.493316e+01,2.472515e+01,2.442247e+01,2.420670e+01,2.423369e+01,2.415268e+01,2.423369e+01,2.463780e+01,2.532122e+01,2.562132e+01,2.582756e+01,2.578103e+01,2.580762e+01,2.578103e+01,2.566793e+01,2.566127e+01,2.540801e+01,2.533458e+01,2.523437e+01,2.510730e+01,2.464452e+01,2.462436e+01,2.440226e+01,2.447635e+01,2.457728e+01,2.481914e+01,2.483256e+01,2.483256e+01,2.464452e+01,2.463780e+01,2.444268e+01,2.413242e+01,2.401076e+01,2.395664e+01,2.392958e+01,2.373990e+01,2.386187e+01,2.371277e+01,2.378057e+01,2.373990e+01,2.357704e+01,2.367207e+01,2.366529e+01,2.367886e+01,2.369921e+01,2.369242e+01,2.380091e+01,2.386187e+01,2.395664e+01,2.380768e+01,2.382123e+01,2.373990e+01,2.382123e+01,2.369921e+01,2.370599e+01,2.359741e+01,2.356346e+01,2.371277e+01,2.355667e+01,2.354308e+01,2.359741e+01,2.362457e+01,2.361099e+01,2.356346e+01,2.360420e+01,2.360420e+01,2.359062e+01,2.351590e+01,2.357025e+01,2.350231e+01,2.364493e+01,2.358383e+01,2.360420e+01,2.355667e+01,2.364493e+01,2.378735e+01,2.367886e+01,2.383478e+01,2.379413e+01,2.384833e+01,2.392281e+01,2.376024e+01,2.382123e+01,2.376702e+01,2.388219e+01,2.380768e+01,2.384155e+01,2.380091e+01,2.380768e+01,2.372634e+01,2.359062e+01,2.355667e+01,2.356346e+01,2.351590e+01,2.350231e+01,2.336630e+01,2.335269e+01,2.350911e+01,2.346153e+01,2.347513e+01,2.347513e+01,2.350911e+01,2.361099e+01,2.345473e+01,2.350231e+01,2.350911e+01,2.342753e+01,2.349552e+01,2.351590e+01,2.356346e+01,2.353629e+01,2.371956e+01,2.349552e+01,2.367886e+01,2.395664e+01,2.413917e+01,2.429441e+01,2.431464e+01,2.423369e+01,2.436183e+01,2.441573e+01,2.451000e+01,2.455038e+01,2.451000e+01,2.444268e+01,2.460419e+01,2.462436e+01,2.460419e+01,2.471172e+01,2.478558e+01,2.477887e+01,2.480572e+01,2.485269e+01,2.516082e+01,2.518088e+01,2.520094e+01,2.530119e+01,2.532790e+01,2.529451e+01,2.531454e+01,2.528782e+01,2.520094e+01,2.508722e+01,2.481243e+01,2.476544e+01,2.470500e+01,2.444268e+01,2.454365e+01,2.440226e+01,2.453692e+01,2.440226e+01,2.446961e+01,2.434835e+01,2.448981e+01,2.434835e+01,2.432812e+01,2.428766e+01,2.439552e+01,2.432138e+01,2.431464e+01,2.434835e+01,2.448308e+01,2.457728e+01,2.463780e+01,2.457056e+01,2.463108e+01,2.464452e+01,2.467141e+01,2.461091e+01,2.458401e+01,2.483927e+01,2.467141e+01,2.480572e+01,2.473187e+01,2.471172e+01,2.469156e+01,2.479901e+01,2.485940e+01,2.469156e+01,2.465124e+01,2.456383e+01,2.446288e+01,2.444268e+01,2.416619e+01,2.425393e+01,2.411215e+01,2.407837e+01,2.403781e+01,2.382123e+01,2.379413e+01,2.374668e+01,2.378735e+01,2.358383e+01,2.366529e+01,2.380091e+01,2.380768e+01,2.376024e+01,2.379413e+01,2.367207e+01,2.382801e+01,2.370599e+01,2.367207e+01,2.376702e+01,2.381446e+01,2.372634e+01,2.384155e+01,2.390927e+01,2.384833e+01,2.373312e+01,2.396341e+01,2.384155e+01,2.375346e+01,2.393634e+01,2.386865e+01,2.385510e+01,2.401076e+01,2.388896e+01,2.381446e+01,2.385510e+01,2.377380e+01,2.379413e+01,2.378735e+01,2.380091e+01,2.394988e+01,2.372634e+01,2.373312e+01,2.373990e+01,2.371277e+01,2.373990e+01,2.382801e+01,2.363136e+01,2.355667e+01,2.374668e+01,2.369242e+01,2.356346e+01,2.357704e+01,2.366529e+01,2.369242e+01,2.357025e+01,2.347513e+01,2.370599e+01,2.358383e+01,2.358383e+01,2.353629e+01,2.360420e+01,2.346833e+01,2.354308e+01,2.359062e+01,2.355667e+01,2.360420e+01,2.348192e+01,2.346153e+01,2.350911e+01,2.367886e+01,2.367886e+01,2.375346e+01,2.376702e+01,2.377380e+01,2.386865e+01,2.369921e+01,2.367886e+01,2.369921e+01,2.387542e+01,2.367207e+01,2.398371e+01,2.393634e+01,2.385510e+01,2.395664e+01,2.397694e+01,2.406485e+01,2.397694e+01,2.399047e+01,2.420670e+01,2.422019e+01,2.441573e+01,2.438205e+01,2.442921e+01,2.463108e+01,2.455038e+01,2.465124e+01,2.465796e+01,2.469156e+01,2.449654e+01,2.443594e+01,2.441573e+01,2.438205e+01,2.433487e+01,2.433487e+01,2.432138e+01,2.402428e+01,2.402428e+01,2.390250e+01,2.394311e+01,2.376702e+01,2.373990e+01,2.371956e+01,2.369242e+01,2.373990e+01,2.369242e+01,2.369921e+01,2.375346e+01,2.382801e+01,2.369921e+01,2.370599e+01,2.370599e+01,2.373312e+01,2.368564e+01,2.371277e+01,2.372634e+01,2.384155e+01,2.398371e+01,2.428092e+01,2.436857e+01,2.440226e+01,2.446288e+01,2.442247e+01,2.430790e+01,2.428766e+01,2.434161e+01,2.455710e+01,2.389573e+01,2.354987e+01,2.377380e+01,2.417969e+01,2.437531e+01,2.407161e+01,2.415943e+01,2.428766e+01,2.422694e+01,2.428766e+01,2.431464e+01,2.432812e+01,2.444268e+01,2.440226e+01,2.442921e+01,2.439552e+01,2.440900e+01,2.450327e+01,2.419994e+01,2.420670e+01,2.455710e+01,2.477887e+01,2.504035e+01,2.516751e+01,2.520763e+01,2.552139e+01,2.561466e+01,2.535461e+01,2.525442e+01,2.500687e+01,2.491305e+01,2.487952e+01,2.474530e+01,2.459073e+01,2.442247e+01,2.442921e+01,2.430790e+01,2.443594e+01,2.454365e+01,2.437531e+01,2.445614e+01,2.438205e+01,2.448308e+01,2.448981e+01,2.442247e+01,2.438205e+01,2.435509e+01,2.438205e+01,2.458401e+01,2.438878e+01,2.404457e+01,2.407161e+01,2.399047e+01,2.392958e+01,2.400400e+01,2.418644e+01,2.426743e+01,2.425393e+01,2.436857e+01,2.433487e+01,2.432812e+01,2.437531e+01,2.431464e+01,2.447635e+01,2.434835e+01,2.447635e+01,2.446288e+01,2.438878e+01,2.439552e+01,2.445614e+01,2.442247e+01,2.438878e+01,2.442921e+01,2.441573e+01,2.444941e+01,2.434161e+01,2.434161e+01,2.443594e+01,2.442247e+01,2.446288e+01,2.443594e+01,2.437531e+01,2.443594e+01,2.438878e+01,2.442247e+01,2.439552e+01,2.461763e+01,2.448308e+01,2.449654e+01,2.461091e+01,2.440900e+01,2.443594e+01,2.451673e+01,2.454365e+01,2.451000e+01,2.457728e+01,2.438878e+01,2.455038e+01,2.440226e+01,2.455710e+01,2.442247e+01,2.456383e+01,2.453019e+01,2.445614e+01,2.444941e+01,2.446288e+01,2.446288e+01,2.446961e+01,2.446961e+01,2.444268e+01,2.445614e+01,2.461091e+01,2.462436e+01,2.452346e+01,2.459746e+01,2.458401e+01,2.445614e+01,2.465796e+01,2.459073e+01,2.453692e+01,2.454365e+01,2.443594e+01,2.458401e+01,2.466469e+01,2.449654e+01,2.450327e+01,2.465124e+01,2.472515e+01,2.451673e+01,2.451673e+01,2.456383e+01,2.455038e+01,2.461763e+01,2.464452e+01,2.463780e+01,2.458401e+01,2.456383e+01,2.444268e+01,2.460419e+01,2.453019e+01,2.462436e+01,2.452346e+01,2.456383e+01,2.459073e+01,2.436857e+01,2.461763e+01,2.452346e+01,2.455710e+01,2.454365e+01
2.346153e+01,2.353629e+01,2.342073e+01,2.355667e+01,2.360420e+01,2.364493e+01,2.364493e+01,2.371956e+01,2.376024e+01,2.388896e+01,2.391604e+01,2.400400e+01,2.418644e+01,2.416619e+01,2.415268e+01,2.421344e+01,2.427417e+01,2.427417e+01,2.428092e+01,2.428092e+01,2.424044e+01,2.413242e+01,2.405809e+01,2.409864e+01,2.400400e+01,2.397694e+01,2.400400e+01,2.383478e+01,2.405809e+01,2.403105e+01,2.401752e+01,2.405133e+01,2.407837e+01,2.381446e+01,2.381446e+01,2.384155e+01,2.371956e+01,2.378057e+01,2.365850e+01,2.380091e+01,2.380091e+01,2.364493e+01,2.361778e+01,2.380091e+01,2.382801e+01,2.379413e+01,2.373990e+01,2.380091e+01,2.380768e+01,2.388219e+01,2.392958e+01,2.389573e+01,2.375346e+01,2.383478e+01,2.388896e+01,2.373990e+01,2.389573e+01,2.386187e+01,2.390927e+01,2.393634e+01,2.388896e+01,2.384155e+01,2.422019e+01,2.416619e+01,2.416619e+01,2.455038e+01,2.457056e+01,2.484598e+01,2.502696e+01,2.506713e+01,2.502026e+01,2.510730e+01,2.494656e+01,2.486610e+01,2.479230e+01,2.457056e+01,2.454365e+01,2.424719e+01,2.432138e+01,2.426068e+01,2.435509e+01,2.432138e+01,2.440900e+01,2.437531e+01,2.451673e+01,2.444941e+01,2.446961e+01,2.445614e+01,2.454365e+01,2.446961e+01,2.424719e+01,2.432812e+01,2.412566e+01,2.406485e+01,2.409864e+01,2.382801e+01,2.382801e+01,2.366529e+01,2.377380e+01,2.374668e+01,2.371956e+01,2.358383e+01,2.367207e+01,2.365172e+01,2.349552e+01,2.357704e+01,2.354308e+01,2.350911e+01,2.339352e+01,2.344793e+01,2.348872e+01,2.348192e+01,2.345473e+01,2.350911e+01,2.344793e+01,2.343433e+01,2.350231e+01,2.350231e+01,2.343433e+01,2.360420e+01,2.343433e+01,2.342753e+01,2.345473e+01,2.360420e+01,2.347513e+01,2.349552e+01,2.348872e+01,2.370599e+01,2.376702e+01,2.385510e+01,2.369921e+01,2.382801e+01,2.389573e+01,2.391604e+01,2.393634e+01,2.401076e+01,2.385510e+01,2.403781e+01,2.387542e+01,2.388219e+01,2.394311e+01,2.411215e+01,2.381446e+01,2.417294e+01,2.417294e+01,2.444941e+01,2.507383e+01,2.463108e+01,2.446961e+01,2.432812e+01,2.456383e+01,2.479230e+01,2.498007e+01,2.524773e+01,2.547471e+01,2.582092e+01,2.578103e+01,2.587408e+01,2.594049e+01,2.585415e+01,2.585415e+01,2.586079e+01,2.589401e+01,2.600023e+01,2.600686e+01,2.599359e+01,2.594713e+01,2.574778e+01,2.566127e+01,2.541468e+01,2.525442e+01,2.500017e+01,2.476544e+01,2.459073e+01,2.407837e+01,2.425393e+01,2.422694e+01,2.423369e+01,2.448981e+01,2.507383e+01,2.549472e+01,2.548138e+01,2.553472e+01,2.572782e+01,2.548138e+01,2.559468e+01,2.548138e+01,2.544804e+01,2.530119e+01,2.508722e+01,2.500017e+01,2.508722e+01,2.456383e+01,2.461091e+01,2.446288e+01,2.448981e+01,2.482585e+01,2.481914e+01,2.482585e+01,2.458401e+01,2.456383e+01,2.443594e+01,2.427417e+01,2.418644e+01,2.406485e+01,2.376702e+01,2.371956e+01,2.381446e+01,2.371956e+01,2.375346e+01,2.363814e+01,2.365172e+01,2.354987e+01,2.360420e+01,2.359741e+01,2.356346e+01,2.369921e+01,2.362457e+01,2.364493e+01,2.356346e+01,2.360420e+01,2.366529e+01,2.359741e+01,2.355667e+01,2.367886e+01,2.356346e+01,2.363136e+01,2.346153e+01,2.351590e+01,2.353629e+01,2.354987e+01,2.353629e+01,2.351590e+01,2.346153e+01,2.359741e+01,2.344113e+01,2.348192e+01,2.346153e+01,2.346153e+01,2.348872e+01,2.346833e+01,2.361778e+01,2.347513e+01,2.352270e+01,2.349552e+01,2.356346e+01,2.354308e+01,2.365850e+01,2.372634e+01,2.365850e+01,2.361778e+01,2.382123e+01,2.373990e+01,2.374668e+01,2.371277e+01,2.386187e+01,2.380768e+01,2.363814e+01,2.362457e+01,2.363136e+01,2.365172e+01,2.363136e+01,2.355667e+01,2.351590e+01,2.348192e+01,2.356346e+01,2.337991e+01,2.335269e+01,2.352949e+01,2.345473e+01,2.350911e+01,2.352949e+01,2.360420e+01,2.350911e+01,2.357025e+01,2.342753e+01,2.350231e+01,2.348872e+01,2.351590e+01,2.345473e+01,2.354308e+01,2.357704e+01,2.357025e+01,2.365172e+01,2.372634e+01,2.394988e+01,2.404457e+01,2.410540e+01,2.422694e+01,2.427417e+01,2.420670e+01,2.407837e+01,2.419319e+01,2.433487e+01,2.436857e+01,2.424044e+01,2.420670e+01,2.440900e+01,2.442247e+01,2.442247e+01,2.453019e+01,2.453019e+01,2.457056e+01,2.457056e+01,2.475873e+01,2.485269e+01,2.479230e+01,2.493986e+01,2.495997e+01,2.497337e+01,2.478558e+01,2.498007e+01,2.473858e+01,2.468484e+01,2.465124e+01,2.443594e+01,2.455038e+01,2.453019e+01,2.458401e+01,2.439552e+01,2.441573e+01,2.438878e+01,2.433487e+01,2.432812e+01,2.428092e+01,2.431464e+01,2.430790e+01,2.433487e+01,2.422694e+01,2.420670e+01,2.422019e+01,2.428766e+01,2.430115e+01,2.438205e+01,2.462436e+01,2.451673e+01,2.456383e+01,2.444941e+01,2.463108e+01,2.457728e+01,2.461091e+01,2.462436e+01,2.458401e+01,2.459073e+01,2.435509e+01,2.451000e+01,2.451000e+01,2.458401e+01,2.447635e+01,2.446288e+01,2.453692e+01,2.444268e+01,2.442921e+01,2.415268e+01,2.392958e+01,2.396341e+01,2.402428e+01,2.394988e+01,2.378057e+01,2.374668e+01,2.371277e+01,2.382123e+01,2.378057e+01,2.382801e+01,2.381446e+01,2.391604e+01,2.391604e+01,2.394988e+01,2.392281e+01,2.384833e+01,2.383478e+01,2.378057e+01,2.375346e+01,2.384155e+01,2.381446e+01,2.388219e+01,2.399723e+01,2.405809e+01,2.407161e+01,2.400400e+01,2.403105e+01,2.384155e+01,2.391604e+01,2.396341e+01,2.376024e+01,2.382801e+01,2.395664e+01,2.385510e+01,2.388219e+01,2.376702e+01,2.376702e+01,2.377380e+01,2.388219e+01,2.378057e+01,2.376702e+01,2.388219e+01,2.374668e+01,2.387542e+01,2.390927e+01,2.379413e+01,2.375346e+01,2.380768e+01,2.371277e+01,2.368564e+01,2.364493e+01,2.366529e+01,2.367207e+01,2.366529e+01,2.363136e+01,2.357025e+01,2.357704e+01,2.352949e+01,2.354308e+01,2.358383e+01,2.353629e+01,2.357025e+01,2.349552e+01,2.361778e+01,2.360420e+01,2.360420e+01,2.357025e+01,2.362457e+01,2.366529e+01,2.356346e+01,2.373312e+01,2.374668e+01,2.380091e+01,2.378057e+01,2.402428e+01,2.397018e+01,2.411215e+01,2.390927e+01,2.394988e+01,2.411891e+01,2.419994e+01,2.401752e+01,2.417294e+01,2.417969e+01,2.431464e+01,2.415943e+01,2.432138e+01,2.419319e+01,2.419319e+01,2.431464e+01,2.442921e+01,2.440226e+01,2.460419e+01,2.444268e+01,2.463780e+01,2.463780e+01,2.455038e+01,2.464452e+01,2.451673e+01,2.455710e+01,2.469828e+01,2.465124e+01,2.448308e+01,2.445614e+01,2.446961e+01,2.452346e+01,2.448308e+01,2.436857e+01,2.438878e+01,2.409864e+01,2.411215e+01,2.415268e+01,2.393634e+01,2.392281e+01,2.375346e+01,2.375346e+01,2.375346e+01,2.367886e+01,2.366529e+01,2.367886e+01,2.373312e+01,2.371277e+01,2.365850e+01,2.373312e+01,2.363814e+01,2.386187e+01,2.384833e+01,2.417294e+01,2.439552e+01,2.451673e+01,2.439552e+01,2.423369e+01,2.403105e+01,2.394988e+01,2.404457e+01,2.437531e+01,2.451000e+01,2.418644e+01,2.347513e+01,2.359741e+01,2.407837e+01,2.421344e+01,2.448981e+01,2.441573e+01,2.436857e+01,2.438878e+01,2.433487e+01,2.433487e+01,2.446288e+01,2.445614e+01,2.447635e+01,2.444941e+01,2.449654e+01,2.437531e+01,2.440226e+01,2.416619e+01,2.420670e+01,2.453019e+01,2.475873e+01,2.524105e+01,2.526110e+01,2.534793e+01,2.538799e+01,2.556137e+01,2.542802e+01,2.540133e+01,2.542802e+01,2.541468e+01,2.532122e+01,2.508052e+01,2.495997e+01,2.474530e+01,2.469828e+01,2.456383e+01,2.442247e+01,2.462436e+01,2.463108e+01,2.453019e+01,2.440900e+01,2.438205e+01,2.436183e+01,2.409864e+01,2.434161e+01,2.426743e+01,2.430790e+01,2.436183e+01,2.436857e+01,2.420670e+01,2.419319e+01,2.414593e+01,2.421344e+01,2.422694e+01,2.422694e+01,2.419319e+01,2.438205e+01,2.434835e+01,2.430115e+01,2.436857e+01,2.434161e+01,2.442921e+01,2.435509e+01,2.442247e+01,2.437531e+01,2.437531e+01,2.442921e+01,2.438205e+01,2.444268e+01,2.434161e+01,2.444941e+01,2.432138e+01,2.445614e+01,2.439552e+01,2.445614e+01,2.440226e+01,2.446288e+01,2.434835e+01,2.441573e+01,2.434835e+01,2.439552e+01,2.442247e+01,2.442247e+01,2.444268e+01,2.438205e+01,2.438878e+01,2.432138e+01,2.453692e+01,2.447635e+01,2.447635e+01,2.448308e+01,2.459746e+01,2.448981e+01,2.452346e+01,2.434835e+01,2.441573e+01,2.455038e+01,2.457056e+01,2.446288e+01,2.446288e+01,2.458401e+01,2.430790e+01,2.451000e+01,2.437531e+01,2.447635e+01,2.445614e+01,2.452346e+01,2.446288e+01,2.446961e+01,2.452346e+01,2.446288e+01,2.451000e+01,2.463780e+01,2.459073e+01,2.446961e+01,2.458401e+01,2.448981e+01,2.447635e+01,2.451000e+01,2.453019e+01,2.446288e+01,2.454365e+01,2.454365e+01,2.462436e+01,2.452346e+01,2.455038e+01,2.454365e+01,2.436857e+01,2.459746e+01,2.442921e+01,2.442921e+01,2.428766e+01,2.454365e+01,2.455710e+01,2.442247e+01,2.455710e+01,2.459073e+01,2.445614e+01,2.463780e+01,2.458401e+01,2.434835e+01,2.449654e+01,2.453019e+01,2.459073e+01,2.459073e+01,2.453019e+01,2.444941e+01,2.444268e+01
2.340713e+01,2.359062e+01,2.358383e+01,2.353629e+01,2.363814e+01,2.352270e+01,2.371277e+01,2.367207e+01,2.376024e+01,2.403105e+01,2.400400e+01,2.419319e+01,2.411891e+01,2.426068e+01,2.424044e+01,2.415268e+01,2.435509e+01,2.448308e+01,2.426743e+01,2.426068e+01,2.425393e+01,2.402428e+01,2.421344e+01,2.416619e+01,2.402428e+01,2.389573e+01,2.402428e+01,2.382123e+01,2.407837e+01,2.408512e+01,2.410540e+01,2.393634e+01,2.385510e+01,2.383478e+01,2.381446e+01,2.361099e+01,2.379413e+01,2.365172e+01,2.365850e+01,2.367207e+01,2.359741e+01,2.383478e+01,2.380768e+01,2.380768e+01,2.384155e+01,2.361099e+01,2.372634e+01,2.387542e+01,2.392281e+01,2.384155e+01,2.386865e+01,2.387542e+01,2.378735e+01,2.374668e+01,2.376702e+01,2.384833e+01,2.384155e+01,2.383478e+01,2.391604e+01,2.396341e+01,2.391604e+01,2.387542e+01,2.422019e+01,2.426068e+01,2.422019e+01,2.424719e+01,2.432812e+01,2.479901e+01,2.503366e+01,2.499347e+01,2.506044e+01,2.507383e+01,2.506044e+01,2.481914e+01,2.462436e+01,2.451000e+01,2.427417e+01,2.437531e+01,2.428092e+01,2.421344e+01,2.430115e+01,2.427417e+01,2.432812e+01,2.438878e+01,2.440226e+01,2.461763e+01,2.446961e+01,2.459073e+01,2.453019e+01,2.463108e+01,2.463108e+01,2.461091e+01,2.442247e+01,2.426743e+01,2.418644e+01,2.407161e+01,2.380091e+01,2.386187e+01,2.373312e+01,2.363136e+01,2.361099e+01,2.365850e+01,2.346153e+01,2.358383e+01,2.345473e+01,2.350911e+01,2.354987e+01,2.350231e+01,2.351590e+01,2.339352e+01,2.345473e+01,2.343433e+01,2.348192e+01,2.344113e+01,2.350231e+01,2.352949e+01,2.344793e+01,2.346833e+01,2.355667e+01,2.343433e+01,2.342073e+01,2.354987e+01,2.346153e+01,2.344113e+01,2.352949e+01,2.343433e+01,2.365850e+01,2.361099e+01,2.357704e+01,2.365850e+01,2.365850e+01,2.389573e+01,2.386187e+01,2.389573e+01,2.392958e+01,2.386865e+01,2.398371e+01,2.379413e+01,2.373990e+01,2.384833e+01,2.378735e+01,2.384833e+01,2.383478e+01,2.389573e+01,2.417294e+01,2.448981e+01,2.489293e+01,2.506713e+01,2.442247e+01,2.442921e+01,2.459746e+01,2.453692e+01,2.486610e+01,2.523437e+01,2.545471e+01,2.576108e+01,2.582756e+01,2.589401e+01,2.595377e+01,2.580762e+01,2.598032e+01,2.594049e+01,2.597368e+01,2.602677e+01,2.590729e+01,2.600686e+01,2.570121e+01,2.582092e+01,2.562798e+01,2.531454e+01,2.505375e+01,2.491305e+01,2.458401e+01,2.443594e+01,2.424719e+01,2.424719e+01,2.422694e+01,2.422019e+01,2.457728e+01,2.503366e+01,2.508052e+01,2.542135e+01,2.546138e+01,2.551472e+01,2.555471e+01,2.534126e+01,2.522768e+01,2.540133e+01,2.516751e+01,2.510730e+01,2.493986e+01,2.473187e+01,2.444268e+01,2.444941e+01,2.441573e+01,2.440226e+01,2.481914e+01,2.477887e+01,2.482585e+01,2.475201e+01,2.476544e+01,2.457056e+01,2.437531e+01,2.424044e+01,2.410540e+01,2.385510e+01,2.393634e+01,2.389573e+01,2.376702e+01,2.369921e+01,2.370599e+01,2.371956e+01,2.365850e+01,2.355667e+01,2.362457e+01,2.344793e+01,2.364493e+01,2.358383e+01,2.356346e+01,2.374668e+01,2.350231e+01,2.363136e+01,2.368564e+01,2.352949e+01,2.357025e+01,2.358383e+01,2.346153e+01,2.346153e+01,2.354987e+01,2.348872e+01,2.352270e+01,2.354987e+01,2.350231e+01,2.350231e+01,2.348872e+01,2.344793e+01,2.344113e+01,2.365172e+01,2.344113e+01,2.342073e+01,2.359741e+01,2.356346e+01,2.350231e+01,2.357704e+01,2.354308e+01,2.356346e+01,2.341393e+01,2.358383e+01,2.363814e+01,2.357025e+01,2.359741e+01,2.370599e+01,2.367207e+01,2.355667e+01,2.361099e+01,2.367886e+01,2.353629e+01,2.376024e+01,2.357025e+01,2.358383e+01,2.358383e+01,2.357025e+01,2.358383e+01,2.350911e+01,2.340713e+01,2.348192e+01,2.356346e+01,2.340713e+01,2.357704e+01,2.357025e+01,2.355667e+01,2.361778e+01,2.350911e+01,2.357025e+01,2.361778e+01,2.337311e+01,2.348872e+01,2.348192e+01,2.349552e+01,2.354308e+01,2.354308e+01,2.359062e+01,2.354987e+01,2.367207e+01,2.386187e+01,2.373312e+01,2.397018e+01,2.394988e+01,2.395664e+01,2.411215e+01,2.410540e+01,2.409864e+01,2.415943e+01,2.417969e+01,2.404457e+01,2.406485e+01,2.399047e+01,2.412566e+01,2.416619e+01,2.419994e+01,2.423369e+01,2.421344e+01,2.423369e+01,2.454365e+01,2.459746e+01,2.455038e+01,2.458401e+01,2.476544e+01,2.467141e+01,2.471172e+01,2.473187e+01,2.472515e+01,2.446961e+01,2.432812e+01,2.443594e+01,2.436183e+01,2.435509e+01,2.451000e+01,2.433487e+01,2.438205e+01,2.429441e+01,2.422019e+01,2.435509e+01,2.427417e+01,2.432812e+01,2.430115e+01,2.428766e+01,2.432138e+01,2.430790e+01,2.396341e+01,2.417294e+01,2.431464e+01,2.435509e+01,2.434161e+01,2.430790e+01,2.434835e+01,2.444268e+01,2.438205e+01,2.433487e+01,2.453019e+01,2.433487e+01,2.436857e+01,2.450327e+01,2.437531e+01,2.446288e+01,2.434161e+01,2.438205e+01,2.439552e+01,2.417969e+01,2.415943e+01,2.422019e+01,2.412566e+01,2.415268e+01,2.412566e+01,2.392281e+01,2.382801e+01,2.377380e+01,2.374668e+01,2.361778e+01,2.365172e+01,2.376024e+01,2.369242e+01,2.388219e+01,2.381446e+01,2.388896e+01,2.405809e+01,2.394311e+01,2.403105e+01,2.383478e+01,2.399047e+01,2.380768e+01,2.386187e+01,2.384155e+01,2.386187e+01,2.384833e+01,2.376702e+01,2.419994e+01,2.435509e+01,2.436857e+01,2.434161e+01,2.408512e+01,2.404457e+01,2.403105e+01,2.393634e+01,2.374668e+01,2.388896e+01,2.392958e+01,2.384155e+01,2.391604e+01,2.383478e+01,2.385510e+01,2.378735e+01,2.381446e+01,2.380091e+01,2.384155e+01,2.392281e+01,2.389573e+01,2.388896e+01,2.385510e+01,2.385510e+01,2.378057e+01,2.371956e+01,2.372634e+01,2.371956e+01,2.377380e+01,2.367886e+01,2.369921e+01,2.350911e+01,2.361778e+01,2.363136e+01,2.359741e+01,2.358383e+01,2.354308e+01,2.359741e+01,2.360420e+01,2.363136e+01,2.364493e+01,2.386187e+01,2.361099e+01,2.357704e+01,2.367886e+01,2.367207e+01,2.373990e+01,2.364493e+01,2.390927e+01,2.368564e+01,2.404457e+01,2.404457e+01,2.414593e+01,2.428766e+01,2.417969e+01,2.413917e+01,2.413917e+01,2.433487e+01,2.443594e+01,2.423369e+01,2.444941e+01,2.430115e+01,2.446961e+01,2.453019e+01,2.455038e+01,2.436183e+01,2.457056e+01,2.448981e+01,2.461091e+01,2.461091e+01,2.463780e+01,2.451000e+01,2.450327e+01,2.462436e+01,2.459746e+01,2.463780e+01,2.471172e+01,2.473187e+01,2.456383e+01,2.454365e+01,2.458401e+01,2.446961e+01,2.458401e+01,2.458401e+01,2.453692e+01,2.448981e+01,2.451000e+01,2.441573e+01,2.452346e+01,2.443594e+01,2.422019e+01,2.423369e+01,2.414593e+01,2.415268e+01,2.394311e+01,2.386865e+01,2.388219e+01,2.395664e+01,2.394311e+01,2.378057e+01,2.384155e+01,2.382123e+01,2.378057e+01,2.382123e+01,2.417294e+01,2.416619e+01,2.419994e+01,2.441573e+01,2.414593e+01,2.409188e+01,2.404457e+01,2.381446e+01,2.383478e+01,2.417294e+01,2.447635e+01,2.446288e+01,2.377380e+01,2.346153e+01,2.389573e+01,2.444941e+01,2.451673e+01,2.457728e+01,2.457728e+01,2.438205e+01,2.453019e+01,2.434835e+01,2.450327e+01,2.448308e+01,2.442921e+01,2.446961e+01,2.447635e+01,2.429441e+01,2.431464e+01,2.429441e+01,2.423369e+01,2.423369e+01,2.474530e+01,2.516751e+01,2.527446e+01,2.546805e+01,2.548805e+01,2.554138e+01,2.554804e+01,2.556137e+01,2.554804e+01,2.554138e+01,2.547471e+01,2.538131e+01,2.531454e+01,2.509391e+01,2.479901e+01,2.489964e+01,2.469156e+01,2.470500e+01,2.464452e+01,2.484598e+01,2.446961e+01,2.448981e+01,2.413242e+01,2.397694e+01,2.397694e+01,2.407161e+01,2.424044e+01,2.436857e+01,2.426743e+01,2.444941e+01,2.438878e+01,2.419994e+01,2.432812e+01,2.426068e+01,2.426068e+01,2.443594e+01,2.430115e+01,2.433487e+01,2.444268e+01,2.437531e+01,2.433487e+01,2.443594e+01,2.440226e+01,2.444941e+01,2.445614e+01,2.438878e+01,2.441573e+01,2.439552e+01,2.445614e+01,2.432812e+01,2.438205e+01,2.451673e+01,2.432138e+01,2.445614e+01,2.438878e+01,2.435509e+01,2.448981e+01,2.438205e+01,2.448308e+01,2.446288e+01,2.438878e+01,2.443594e+01,2.455038e+01,2.444941e+01,2.441573e+01,2.440226e+01,2.444941e+01,2.440226e+01,2.434835e+01,2.436183e+01,2.435509e+01,2.459746e+01,2.431464e+01,2.453692e+01,2.457056e+01,2.444268e+01,2.449654e+01,2.454365e+01,2.440900e+01,2.444941e+01,2.456383e+01,2.449654e+01,2.450327e+01,2.446288e+01,2.449654e+01,2.442247e+01,2.459073e+01,2.451000e+01,2.448308e+01,2.446961e+01,2.452346e+01,2.453692e+01,2.450327e+01,2.459746e+01,2.458401e+01,2.451000e+01,2.460419e+01,2.450327e+01,2.451673e+01,2.455710e+01,2.442921e+01,2.441573e+01,2.448981e+01,2.453692e+01,2.460419e+01,2.462436e+01,2.474530e+01,2.454365e+01,2.474530e+01,2.440226e+01,2.453692e+01,2.453692e+01,2.451000e+01,2.458401e+01,2.453019e+01,2.465796e+01,2.463108e+01,2.452346e+01,2.462436e+01,2.448981e+01,2.448981e+01,2.453692e+01,2.457056e+01,2.460419e+01,2.453692e+01,2.450327e+01,2.445614e+01,2.446288e+01
2.347513e+01,2.352949e+01,2.355667e+01,2.335269e+01,2.363136e+01,2.363814e+01,2.365172e+01,2.369921e+01,2.397694e+01,2.399723e+01,2.414593e+01,2.406485e+01,2.426068e+01,2.424719e+01,2.436857e+01,2.431464e+01,2.438878e+01,2.435509e+01,2.425393e+01,2.442247e+01,2.422019e+01,2.419319e+01,2.406485e+01,2.416619e+01,2.409188e+01,2.403105e+01,2.397694e+01,2.402428e+01,2.410540e+01,2.395664e+01,2.407161e+01,2.374668e+01,2.374668e+01,2.386865e+01,2.376702e+01,2.382801e+01,2.358383e+01,2.360420e+01,2.355667e+01,2.354987e+01,2.357025e+01,2.355667e+01,2.384155e+01,2.364493e+01,2.371277e+01,2.367207e+01,2.373312e+01,2.372634e+01,2.376702e+01,2.382123e+01,2.361099e+01,2.380768e+01,2.372634e+01,2.393634e+01,2.378057e+01,2.395664e+01,2.380091e+01,2.382123e+01,2.386865e+01,2.399723e+01,2.401076e+01,2.390927e+01,2.417294e+01,2.426743e+01,2.423369e+01,2.431464e+01,2.432812e+01,2.473858e+01,2.485940e+01,2.505375e+01,2.504705e+01,2.503366e+01,2.489293e+01,2.467141e+01,2.442247e+01,2.429441e+01,2.422694e+01,2.426068e+01,2.434161e+01,2.419994e+01,2.424044e+01,2.426743e+01,2.428766e+01,2.446961e+01,2.440226e+01,2.453019e+01,2.466469e+01,2.468484e+01,2.465796e+01,2.481243e+01,2.483927e+01,2.477216e+01,2.469156e+01,2.436183e+01,2.427417e+01,2.412566e+01,2.382801e+01,2.376024e+01,2.384833e+01,2.356346e+01,2.372634e+01,2.365172e+01,2.373990e+01,2.349552e+01,2.367886e+01,2.361099e+01,2.348192e+01,2.350911e+01,2.346833e+01,2.336630e+01,2.350231e+01,2.343433e+01,2.344113e+01,2.345473e+01,2.344113e+01,2.342753e+01,2.346153e+01,2.358383e+01,2.346153e+01,2.344793e+01,2.344793e+01,2.342073e+01,2.344113e+01,2.351590e+01,2.349552e+01,2.358383e+01,2.357704e+01,2.362457e+01,2.354987e+01,2.375346e+01,2.374668e+01,2.390927e+01,2.382123e+01,2.386187e+01,2.391604e+01,2.384155e+01,2.366529e+01,2.376024e+01,2.371277e+01,2.368564e+01,2.387542e+01,2.380091e+01,2.389573e+01,2.392281e+01,2.413917e+01,2.418644e+01,2.487281e+01,2.491305e+01,2.455710e+01,2.435509e+01,2.442247e+01,2.451000e+01,2.486610e+01,2.508052e+01,2.522768e+01,2.556804e+01,2.576108e+01,2.582756e+01,2.594049e+01,2.593385e+01,2.600023e+01,2.602013e+01,2.599359e+01,2.588072e+01,2.602677e+01,2.595377e+01,2.569455e+01,2.569455e+01,2.562798e+01,2.527446e+01,2.503366e+01,2.500017e+01,2.448308e+01,2.444268e+01,2.439552e+01,2.422694e+01,2.420670e+01,2.426068e+01,2.441573e+01,2.467813e+01,2.493316e+01,2.512068e+01,2.524773e+01,2.520763e+01,2.523437e+01,2.514075e+01,2.513406e+01,2.515413e+01,2.498677e+01,2.496667e+01,2.490634e+01,2.472515e+01,2.445614e+01,2.447635e+01,2.445614e+01,2.445614e+01,2.445614e+01,2.481243e+01,2.482585e+01,2.474530e+01,2.479230e+01,2.459746e+01,2.437531e+01,2.437531e+01,2.413917e+01,2.395664e+01,2.396341e+01,2.384155e+01,2.375346e+01,2.384833e+01,2.378057e+01,2.371277e+01,2.371956e+01,2.373312e+01,2.363136e+01,2.366529e+01,2.359741e+01,2.359741e+01,2.359062e+01,2.354308e+01,2.360420e+01,2.365172e+01,2.360420e+01,2.357025e+01,2.357704e+01,2.358383e+01,2.354987e+01,2.357025e+01,2.353629e+01,2.350911e+01,2.347513e+01,2.351590e+01,2.349552e+01,2.349552e+01,2.347513e+01,2.351590e+01,2.348872e+01,2.346833e+01,2.359741e+01,2.354987e+01,2.350911e+01,2.350231e+01,2.346153e+01,2.361778e+01,2.359741e+01,2.353629e+01,2.355667e+01,2.356346e+01,2.367886e+01,2.354308e+01,2.360420e+01,2.358383e+01,2.346833e+01,2.357025e+01,2.362457e+01,2.367207e+01,2.357704e+01,2.357025e+01,2.357025e+01,2.357704e+01,2.367886e+01,2.363136e+01,2.357025e+01,2.354987e+01,2.359741e+01,2.346153e+01,2.376024e+01,2.359062e+01,2.352270e+01,2.359741e+01,2.353629e+01,2.356346e+01,2.360420e+01,2.357025e+01,2.350911e+01,2.365850e+01,2.351590e+01,2.361099e+01,2.361778e+01,2.347513e+01,2.357025e+01,2.365850e+01,2.364493e+01,2.369242e+01,2.377380e+01,2.373990e+01,2.390927e+01,2.393634e+01,2.404457e+01,2.380091e+01,2.396341e+01,2.394988e+01,2.394988e+01,2.399047e+01,2.399047e+01,2.409864e+01,2.406485e+01,2.398371e+01,2.406485e+01,2.411215e+01,2.410540e+01,2.424719e+01,2.419994e+01,2.422019e+01,2.424719e+01,2.447635e+01,2.448308e+01,2.455038e+01,2.462436e+01,2.444268e+01,2.453019e+01,2.433487e+01,2.433487e+01,2.432812e+01,2.419319e+01,2.434161e+01,2.413917e+01,2.432812e+01,2.417294e+01,2.415943e+01,2.416619e+01,2.421344e+01,2.419319e+01,2.417294e+01,2.430115e+01,2.429441e+01,2.426743e+01,2.426743e+01,2.415268e+01,2.429441e+01,2.415943e+01,2.416619e+01,2.425393e+01,2.427417e+01,2.432138e+01,2.415943e+01,2.430790e+01,2.432812e+01,2.433487e+01,2.441573e+01,2.436857e+01,2.424719e+01,2.434835e+01,2.432138e+01,2.419994e+01,2.421344e+01,2.415268e+01,2.411891e+01,2.409864e+01,2.409864e+01,2.409864e+01,2.397694e+01,2.388896e+01,2.384833e+01,2.386187e+01,2.390927e+01,2.364493e+01,2.368564e+01,2.365850e+01,2.367886e+01,2.367886e+01,2.374668e+01,2.370599e+01,2.386865e+01,2.401076e+01,2.407837e+01,2.394988e+01,2.411215e+01,2.399723e+01,2.409188e+01,2.401076e+01,2.399047e+01,2.380768e+01,2.388896e+01,2.396341e+01,2.399723e+01,2.424719e+01,2.442921e+01,2.453019e+01,2.446288e+01,2.438205e+01,2.434835e+01,2.404457e+01,2.406485e+01,2.419319e+01,2.407837e+01,2.392958e+01,2.399047e+01,2.392281e+01,2.389573e+01,2.399047e+01,2.388219e+01,2.400400e+01,2.386187e+01,2.386865e+01,2.416619e+01,2.407161e+01,2.423369e+01,2.403105e+01,2.382801e+01,2.391604e+01,2.382123e+01,2.373990e+01,2.367207e+01,2.367207e+01,2.374668e+01,2.372634e+01,2.365850e+01,2.365172e+01,2.378057e+01,2.358383e+01,2.384155e+01,2.363136e+01,2.382801e+01,2.363136e+01,2.374668e+01,2.398371e+01,2.367886e+01,2.399723e+01,2.362457e+01,2.386187e+01,2.388219e+01,2.386187e+01,2.401752e+01,2.401752e+01,2.401076e+01,2.404457e+01,2.413917e+01,2.440900e+01,2.448308e+01,2.449654e+01,2.448308e+01,2.455038e+01,2.448981e+01,2.441573e+01,2.440900e+01,2.457728e+01,2.455710e+01,2.457056e+01,2.455710e+01,2.457728e+01,2.457728e+01,2.438205e+01,2.466469e+01,2.458401e+01,2.456383e+01,2.462436e+01,2.451673e+01,2.449654e+01,2.460419e+01,2.463780e+01,2.467141e+01,2.459746e+01,2.461763e+01,2.452346e+01,2.454365e+01,2.468484e+01,2.473858e+01,2.463780e+01,2.468484e+01,2.467141e+01,2.461091e+01,2.450327e+01,2.442921e+01,2.447635e+01,2.450327e+01,2.448981e+01,2.442247e+01,2.432812e+01,2.426743e+01,2.428092e+01,2.413242e+01,2.421344e+01,2.408512e+01,2.424719e+01,2.397018e+01,2.395664e+01,2.386187e+01,2.384833e+01,2.385510e+01,2.417969e+01,2.438205e+01,2.446288e+01,2.438878e+01,2.417294e+01,2.417969e+01,2.414593e+01,2.411215e+01,2.416619e+01,2.444941e+01,2.457056e+01,2.440900e+01,2.401076e+01,2.371956e+01,2.372634e+01,2.440226e+01,2.447635e+01,2.457056e+01,2.451673e+01,2.452346e+01,2.451673e+01,2.463780e+01,2.450327e+01,2.446288e+01,2.451673e+01,2.440226e+01,2.451000e+01,2.447635e+01,2.447635e+01,2.410540e+01,2.409188e+01,2.426743e+01,2.452346e+01,2.512737e+01,2.524773e+01,2.547471e+01,2.549472e+01,2.559468e+01,2.566127e+01,2.574113e+01,2.562798e+01,2.552139e+01,2.551472e+01,2.561466e+01,2.529451e+01,2.531454e+01,2.526778e+01,2.507383e+01,2.508052e+01,2.501357e+01,2.488622e+01,2.480572e+01,2.450327e+01,2.420670e+01,2.419994e+01,2.400400e+01,2.386187e+01,2.418644e+01,2.439552e+01,2.422694e+01,2.445614e+01,2.434161e+01,2.448981e+01,2.430115e+01,2.432138e+01,2.428092e+01,2.445614e+01,2.431464e+01,2.444268e+01,2.443594e+01,2.442921e+01,2.440226e+01,2.430790e+01,2.434161e+01,2.441573e+01,2.444941e+01,2.437531e+01,2.438878e+01,2.447635e+01,2.438878e+01,2.444268e+01,2.440226e+01,2.440226e+01,2.436183e+01,2.442247e+01,2.438205e+01,2.442921e+01,2.441573e+01,2.443594e+01,2.435509e+01,2.448308e+01,2.448981e+01,2.443594e+01,2.444268e+01,2.442921e+01,2.442921e+01,2.443594e+01,2.444268e+01,2.435509e+01,2.457728e+01,2.440900e+01,2.451000e+01,2.450327e+01,2.449654e+01,2.464452e+01,2.449654e+01,2.449654e+01,2.450327e+01,2.445614e+01,2.445614e+01,2.440226e+01,2.456383e+01,2.459746e+01,2.446288e+01,2.446961e+01,2.467141e+01,2.444268e+01,2.451000e+01,2.462436e+01,2.463780e+01,2.457056e+01,2.448308e+01,2.461763e+01,2.452346e+01,2.450327e+01,2.453692e+01,2.458401e+01,2.451000e+01,2.460419e+01,2.451000e+01,2.450327e+01,2.448981e+01,2.449654e+01,2.458401e+01,2.455710e+01,2.462436e+01,2.459746e+01,2.457056e+01,2.461091e+01,2.451000e+01,2.455038e+01,2.446288e+01,2.455038e+01,2.455038e+01,2.453692e+01,2.455038e+01,2.455710e+01,2.459746e+01,2.462436e+01,2.443594e+01,2.459073e+01,2.446288e+01,2.441573e+01,2.452346e+01,2.460419e+01,2.452346e+01,2.453692e+01,2.465796e+01,2.450327e+01,2.449654e+01
2.348192e+01,2.358383e+01,2.369921e+01,2.368564e+01,2.376702e+01,2.364493e+01,2.371277e+01,2.373312e+01,2.397694e+01,2.397018e+01,2.409188e+01,2.444941e+01,2.415268e+01,2.444268e+01,2.418644e+01,2.438878e+01,2.428092e+01,2.424719e+01,2.422019e+01,2.429441e+01,2.425393e+01,2.421344e+01,2.437531e+01,2.424044e+01,2.413917e+01,2.406485e+01,2.408512e+01,2.403781e+01,2.403105e+01,2.399047e+01,2.406485e+01,2.373312e+01,2.375346e+01,2.386187e+01,2.359062e+01,2.358383e+01,2.357704e+01,2.359741e+01,2.361778e+01,2.352949e+01,2.354308e+01,2.359062e+01,2.385510e+01,2.358383e+01,2.346833e+01,2.351590e+01,2.365172e+01,2.363814e+01,2.371277e+01,2.374668e+01,2.377380e+01,2.363814e+01,2.379413e+01,2.369921e+01,2.371956e+01,2.380768e+01,2.376702e+01,2.381446e+01,2.376702e+01,2.380091e+01,2.390250e+01,2.390250e+01,2.405133e+01,2.411215e+01,2.408512e+01,2.420670e+01,2.430115e+01,2.457728e+01,2.477216e+01,2.497337e+01,2.504035e+01,2.488622e+01,2.466469e+01,2.454365e+01,2.432812e+01,2.426068e+01,2.414593e+01,2.426068e+01,2.438878e+01,2.428092e+01,2.424719e+01,2.424719e+01,2.430115e+01,2.435509e+01,2.444268e+01,2.453692e+01,2.467813e+01,2.469156e+01,2.485269e+01,2.508052e+01,2.491305e+01,2.481243e+01,2.479901e+01,2.459746e+01,2.446288e+01,2.421344e+01,2.405133e+01,2.402428e+01,2.399047e+01,2.386865e+01,2.386865e+01,2.367207e+01,2.379413e+01,2.355667e+01,2.354308e+01,2.361099e+01,2.348872e+01,2.339352e+01,2.344113e+01,2.346833e+01,2.345473e+01,2.349552e+01,2.336630e+01,2.338672e+01,2.342073e+01,2.350231e+01,2.348192e+01,2.351590e+01,2.343433e+01,2.344793e+01,2.342753e+01,2.348872e+01,2.342753e+01,2.346833e+01,2.352949e+01,2.346833e+01,2.348192e+01,2.365172e+01,2.354987e+01,2.354308e+01,2.376702e+01,2.378735e+01,2.393634e+01,2.380768e+01,2.369242e+01,2.370599e+01,2.365172e+01,2.371277e+01,2.353629e+01,2.374668e+01,2.366529e+01,2.384833e+01,2.388896e+01,2.412566e+01,2.413917e+01,2.426743e+01,2.454365e+01,2.488622e+01,2.454365e+01,2.431464e+01,2.433487e+01,2.437531e+01,2.454365e+01,2.488622e+01,2.523437e+01,2.539466e+01,2.556137e+01,2.588736e+01,2.582092e+01,2.596704e+01,2.597368e+01,2.597368e+01,2.592057e+01,2.586743e+01,2.596704e+01,2.590729e+01,2.574778e+01,2.572117e+01,2.546138e+01,2.524105e+01,2.501357e+01,2.467141e+01,2.471172e+01,2.447635e+01,2.424044e+01,2.424044e+01,2.422019e+01,2.451673e+01,2.445614e+01,2.468484e+01,2.482585e+01,2.484598e+01,2.483256e+01,2.484598e+01,2.521431e+01,2.502696e+01,2.502696e+01,2.501357e+01,2.504035e+01,2.497337e+01,2.467813e+01,2.455038e+01,2.444268e+01,2.419994e+01,2.439552e+01,2.448308e+01,2.450327e+01,2.475873e+01,2.493986e+01,2.469828e+01,2.480572e+01,2.467813e+01,2.443594e+01,2.443594e+01,2.442921e+01,2.426743e+01,2.411891e+01,2.407837e+01,2.390250e+01,2.375346e+01,2.376702e+01,2.379413e+01,2.369921e+01,2.356346e+01,2.367886e+01,2.363814e+01,2.359741e+01,2.362457e+01,2.354987e+01,2.359741e+01,2.352949e+01,2.371277e+01,2.346153e+01,2.354987e+01,2.356346e+01,2.356346e+01,2.354987e+01,2.345473e+01,2.347513e+01,2.346833e+01,2.352949e+01,2.350231e+01,2.363814e+01,2.348872e+01,2.350911e+01,2.365850e+01,2.368564e+01,2.351590e+01,2.347513e+01,2.348872e+01,2.359062e+01,2.351590e+01,2.350911e+01,2.363136e+01,2.359741e+01,2.357025e+01,2.366529e+01,2.363136e+01,2.363136e+01,2.367886e+01,2.359741e+01,2.358383e+01,2.360420e+01,2.351590e+01,2.361778e+01,2.352270e+01,2.352949e+01,2.366529e+01,2.369242e+01,2.356346e+01,2.359062e+01,2.361778e+01,2.357704e+01,2.355667e+01,2.358383e+01,2.357025e+01,2.357704e+01,2.361099e+01,2.373990e+01,2.357704e+01,2.358383e+01,2.363136e+01,2.382123e+01,2.357704e+01,2.367207e+01,2.367207e+01,2.361099e+01,2.368564e+01,2.358383e+01,2.361778e+01,2.365850e+01,2.365850e+01,2.366529e+01,2.367886e+01,2.376024e+01,2.373312e+01,2.380768e+01,2.386865e+01,2.395664e+01,2.390927e+01,2.391604e+01,2.399047e+01,2.394988e+01,2.400400e+01,2.399047e+01,2.397018e+01,2.405133e+01,2.401752e+01,2.403781e+01,2.408512e+01,2.409188e+01,2.414593e+01,2.413242e+01,2.421344e+01,2.417294e+01,2.417969e+01,2.438878e+01,2.439552e+01,2.433487e+01,2.441573e+01,2.417969e+01,2.428092e+01,2.413917e+01,2.416619e+01,2.414593e+01,2.414593e+01,2.406485e+01,2.411215e+01,2.428092e+01,2.417294e+01,2.414593e+01,2.409864e+01,2.407161e+01,2.417969e+01,2.422019e+01,2.431464e+01,2.429441e+01,2.425393e+01,2.421344e+01,2.415268e+01,2.417969e+01,2.423369e+01,2.426743e+01,2.420670e+01,2.424044e+01,2.431464e+01,2.424719e+01,2.431464e+01,2.432138e+01,2.422694e+01,2.424719e+01,2.426068e+01,2.427417e+01,2.426743e+01,2.400400e+01,2.419994e+01,2.415268e+01,2.375346e+01,2.394311e+01,2.380091e+01,2.383478e+01,2.380091e+01,2.384155e+01,2.381446e+01,2.383478e+01,2.362457e+01,2.353629e+01,2.354308e+01,2.354308e+01,2.340713e+01,2.363814e+01,2.367886e+01,2.371956e+01,2.392958e+01,2.407161e+01,2.423369e+01,2.442247e+01,2.434835e+01,2.404457e+01,2.401752e+01,2.383478e+01,2.383478e+01,2.380768e+01,2.382123e+01,2.396341e+01,2.403105e+01,2.434835e+01,2.467141e+01,2.468484e+01,2.459746e+01,2.457728e+01,2.457056e+01,2.431464e+01,2.433487e+01,2.410540e+01,2.412566e+01,2.411215e+01,2.403781e+01,2.404457e+01,2.410540e+01,2.412566e+01,2.403105e+01,2.403781e+01,2.414593e+01,2.413242e+01,2.422019e+01,2.436183e+01,2.440226e+01,2.423369e+01,2.407161e+01,2.400400e+01,2.386865e+01,2.367886e+01,2.394311e+01,2.388896e+01,2.378735e+01,2.378735e+01,2.376702e+01,2.372634e+01,2.383478e+01,2.364493e+01,2.384833e+01,2.384155e+01,2.384155e+01,2.390927e+01,2.401076e+01,2.401752e+01,2.400400e+01,2.401752e+01,2.403105e+01,2.412566e+01,2.407837e+01,2.414593e+01,2.413917e+01,2.423369e+01,2.428092e+01,2.433487e+01,2.434161e+01,2.451000e+01,2.465796e+01,2.451000e+01,2.475201e+01,2.449654e+01,2.457728e+01,2.459746e+01,2.454365e+01,2.457056e+01,2.476544e+01,2.454365e+01,2.459746e+01,2.459073e+01,2.469828e+01,2.464452e+01,2.465796e+01,2.464452e+01,2.455710e+01,2.464452e+01,2.461763e+01,2.461763e+01,2.460419e+01,2.462436e+01,2.461763e+01,2.471172e+01,2.470500e+01,2.458401e+01,2.466469e+01,2.462436e+01,2.471844e+01,2.455038e+01,2.457056e+01,2.473187e+01,2.461091e+01,2.452346e+01,2.457728e+01,2.455710e+01,2.446961e+01,2.452346e+01,2.456383e+01,2.463780e+01,2.450327e+01,2.432812e+01,2.436857e+01,2.432138e+01,2.436183e+01,2.439552e+01,2.431464e+01,2.417294e+01,2.434161e+01,2.407161e+01,2.436857e+01,2.424719e+01,2.444941e+01,2.453692e+01,2.454365e+01,2.448308e+01,2.448308e+01,2.448981e+01,2.471172e+01,2.474530e+01,2.479901e+01,2.479230e+01,2.478558e+01,2.433487e+01,2.386187e+01,2.346833e+01,2.427417e+01,2.447635e+01,2.444268e+01,2.439552e+01,2.443594e+01,2.451673e+01,2.450327e+01,2.448308e+01,2.449654e+01,2.453019e+01,2.453019e+01,2.448308e+01,2.436857e+01,2.428766e+01,2.433487e+01,2.410540e+01,2.408512e+01,2.459073e+01,2.508052e+01,2.532122e+01,2.544137e+01,2.549472e+01,2.554138e+01,2.557470e+01,2.558802e+01,2.562798e+01,2.559468e+01,2.557470e+01,2.555471e+01,2.531454e+01,2.552805e+01,2.527446e+01,2.525442e+01,2.505375e+01,2.503366e+01,2.495326e+01,2.462436e+01,2.428766e+01,2.432812e+01,2.418644e+01,2.417969e+01,2.438878e+01,2.438878e+01,2.438878e+01,2.438878e+01,2.438205e+01,2.445614e+01,2.444268e+01,2.439552e+01,2.442921e+01,2.445614e+01,2.440900e+01,2.436857e+01,2.444941e+01,2.444941e+01,2.444268e+01,2.445614e+01,2.434161e+01,2.440226e+01,2.442921e+01,2.446288e+01,2.440900e+01,2.445614e+01,2.443594e+01,2.440900e+01,2.440900e+01,2.436857e+01,2.438205e+01,2.440900e+01,2.436857e+01,2.437531e+01,2.444941e+01,2.442247e+01,2.434835e+01,2.444941e+01,2.447635e+01,2.448308e+01,2.444268e+01,2.445614e+01,2.443594e+01,2.446288e+01,2.438205e+01,2.444941e+01,2.444941e+01,2.443594e+01,2.443594e+01,2.448308e+01,2.456383e+01,2.448308e+01,2.441573e+01,2.465796e+01,2.451673e+01,2.453019e+01,2.453692e+01,2.458401e+01,2.451000e+01,2.457056e+01,2.456383e+01,2.453692e+01,2.449654e+01,2.440900e+01,2.450327e+01,2.445614e+01,2.457056e+01,2.448981e+01,2.455038e+01,2.450327e+01,2.459746e+01,2.443594e+01,2.459746e+01,2.454365e+01,2.451000e+01,2.456383e+01,2.441573e+01,2.447635e+01,2.450327e+01,2.459746e+01,2.448981e+01,2.449654e+01,2.448981e+01,2.461763e+01,2.461091e+01,2.456383e+01,2.442921e+01,2.458401e+01,2.453692e+01,2.460419e+01,2.455038e+01,2.441573e+01,2.440900e+01,2.439552e+01,2.430790e+01,2.461763e+01,2.462436e+01,2.461763e+01,2.450327e+01,2.457728e+01,2.458401e+01,2.451673e+01,2.453019e+01,2.455710e+01,2.455710e+01,2.451673e+01,2.449654e+01,2.451673e+01
2.346833e+01,2.337311e+01,2.362457e+01,2.366529e+01,2.365172e+01,2.371956e+01,2.370599e+01,2.391604e+01,2.386865e+01,2.410540e+01,2.422019e+01,2.417969e+01,2.426068e+01,2.424719e+01,2.439552e+01,2.434161e+01,2.427417e+01,2.427417e+01,2.421344e+01,2.423369e+01,2.413917e+01,2.437531e+01,2.420670e+01,2.415268e+01,2.416619e+01,2.411891e+01,2.410540e+01,2.401076e+01,2.400400e+01,2.396341e+01,2.395664e+01,2.376702e+01,2.372634e+01,2.344113e+01,2.354308e+01,2.354308e+01,2.373990e+01,2.354987e+01,2.354987e+01,2.352949e+01,2.363814e+01,2.344113e+01,2.358383e+01,2.356346e+01,2.362457e+01,2.364493e+01,2.352949e+01,2.371277e+01,2.353629e+01,2.347513e+01,2.376024e+01,2.358383e+01,2.371956e+01,2.351590e+01,2.368564e+01,2.357704e+01,2.372634e+01,2.382123e+01,2.377380e+01,2.382123e+01,2.384155e+01,2.380768e+01,2.388219e+01,2.392281e+01,2.398371e+01,2.427417e+01,2.425393e+01,2.432138e+01,2.457728e+01,2.473187e+01,2.492645e+01,2.485269e+01,2.487952e+01,2.446961e+01,2.426743e+01,2.430790e+01,2.425393e+01,2.426068e+01,2.426743e+01,2.428092e+01,2.432138e+01,2.424719e+01,2.426743e+01,2.422694e+01,2.452346e+01,2.450327e+01,2.468484e+01,2.481914e+01,2.506713e+01,2.514744e+01,2.506713e+01,2.505375e+01,2.483927e+01,2.482585e+01,2.463108e+01,2.441573e+01,2.434835e+01,2.422694e+01,2.422694e+01,2.390927e+01,2.388219e+01,2.378057e+01,2.378057e+01,2.367207e+01,2.351590e+01,2.363136e+01,2.352270e+01,2.336630e+01,2.340713e+01,2.344793e+01,2.346153e+01,2.348192e+01,2.348872e+01,2.346153e+01,2.346833e+01,2.350911e+01,2.346153e+01,2.339352e+01,2.347513e+01,2.344113e+01,2.342073e+01,2.351590e+01,2.341393e+01,2.343433e+01,2.352270e+01,2.349552e+01,2.348872e+01,2.349552e+01,2.369242e+01,2.373312e+01,2.374668e+01,2.376024e+01,2.354987e+01,2.378057e+01,2.376024e+01,2.347513e+01,2.364493e+01,2.371956e+01,2.373312e+01,2.365172e+01,2.366529e+01,2.378735e+01,2.373312e+01,2.388219e+01,2.390927e+01,2.412566e+01,2.449654e+01,2.463108e+01,2.461091e+01,2.424719e+01,2.424044e+01,2.411891e+01,2.435509e+01,2.461763e+01,2.490634e+01,2.503366e+01,2.540133e+01,2.546805e+01,2.555471e+01,2.592057e+01,2.586743e+01,2.601350e+01,2.592721e+01,2.598696e+01,2.588072e+01,2.570121e+01,2.568124e+01,2.539466e+01,2.538799e+01,2.509391e+01,2.502026e+01,2.464452e+01,2.449654e+01,2.442247e+01,2.424719e+01,2.426743e+01,2.438878e+01,2.462436e+01,2.463108e+01,2.457056e+01,2.461091e+01,2.463108e+01,2.467813e+01,2.479901e+01,2.471172e+01,2.489964e+01,2.500017e+01,2.473858e+01,2.469828e+01,2.465796e+01,2.462436e+01,2.440900e+01,2.436183e+01,2.413917e+01,2.417969e+01,2.429441e+01,2.450327e+01,2.452346e+01,2.454365e+01,2.472515e+01,2.480572e+01,2.472515e+01,2.451673e+01,2.457056e+01,2.444268e+01,2.442921e+01,2.415943e+01,2.403105e+01,2.399047e+01,2.388896e+01,2.384155e+01,2.386865e+01,2.382123e+01,2.373312e+01,2.374668e+01,2.365172e+01,2.365172e+01,2.368564e+01,2.361099e+01,2.361099e+01,2.359741e+01,2.357704e+01,2.347513e+01,2.357704e+01,2.352270e+01,2.361778e+01,2.354308e+01,2.363136e+01,2.355667e+01,2.361778e+01,2.363136e+01,2.365172e+01,2.349552e+01,2.362457e+01,2.344793e+01,2.354987e+01,2.348192e+01,2.366529e+01,2.365850e+01,2.368564e+01,2.350911e+01,2.358383e+01,2.357025e+01,2.354987e+01,2.361099e+01,2.357704e+01,2.363814e+01,2.373990e+01,2.363814e+01,2.357025e+01,2.361778e+01,2.365850e+01,2.355667e+01,2.356346e+01,2.354308e+01,2.355667e+01,2.349552e+01,2.358383e+01,2.355667e+01,2.369242e+01,2.371956e+01,2.368564e+01,2.376702e+01,2.377380e+01,2.371277e+01,2.368564e+01,2.368564e+01,2.377380e+01,2.371956e+01,2.375346e+01,2.366529e+01,2.380091e+01,2.364493e+01,2.384155e+01,2.385510e+01,2.375346e+01,2.387542e+01,2.369242e+01,2.371277e+01,2.372634e+01,2.375346e+01,2.385510e+01,2.363814e+01,2.373312e+01,2.378735e+01,2.380091e+01,2.376024e+01,2.392281e+01,2.378057e+01,2.377380e+01,2.403781e+01,2.397694e+01,2.398371e+01,2.399723e+01,2.397694e+01,2.397694e+01,2.399047e+01,2.395664e+01,2.407837e+01,2.405133e+01,2.417969e+01,2.423369e+01,2.430115e+01,2.426068e+01,2.426068e+01,2.423369e+01,2.413917e+01,2.410540e+01,2.413242e+01,2.435509e+01,2.414593e+01,2.397018e+01,2.386865e+01,2.395664e+01,2.390250e+01,2.394311e+01,2.394988e+01,2.387542e+01,2.401752e+01,2.394311e+01,2.412566e+01,2.394311e+01,2.407837e+01,2.413917e+01,2.424719e+01,2.427417e+01,2.428766e+01,2.426743e+01,2.416619e+01,2.418644e+01,2.419319e+01,2.420670e+01,2.417294e+01,2.423369e+01,2.428092e+01,2.432812e+01,2.431464e+01,2.425393e+01,2.417294e+01,2.418644e+01,2.415268e+01,2.400400e+01,2.402428e+01,2.388896e+01,2.401076e+01,2.402428e+01,2.397018e+01,2.374668e+01,2.388219e+01,2.392281e+01,2.357025e+01,2.374668e+01,2.368564e+01,2.344113e+01,2.359741e+01,2.355667e+01,2.354987e+01,2.351590e+01,2.349552e+01,2.346153e+01,2.344793e+01,2.365850e+01,2.371277e+01,2.410540e+01,2.422019e+01,2.426743e+01,2.438205e+01,2.451000e+01,2.415943e+01,2.394311e+01,2.379413e+01,2.379413e+01,2.384155e+01,2.392281e+01,2.411215e+01,2.433487e+01,2.447635e+01,2.461091e+01,2.479230e+01,2.469156e+01,2.457056e+01,2.453692e+01,2.455710e+01,2.430790e+01,2.434161e+01,2.442921e+01,2.405133e+01,2.438205e+01,2.438205e+01,2.419994e+01,2.429441e+01,2.424044e+01,2.419319e+01,2.431464e+01,2.430790e+01,2.437531e+01,2.438205e+01,2.439552e+01,2.451673e+01,2.430115e+01,2.407161e+01,2.397018e+01,2.390927e+01,2.390927e+01,2.392281e+01,2.391604e+01,2.389573e+01,2.401752e+01,2.402428e+01,2.419994e+01,2.417294e+01,2.416619e+01,2.436183e+01,2.432138e+01,2.401752e+01,2.436183e+01,2.435509e+01,2.438205e+01,2.436857e+01,2.433487e+01,2.434161e+01,2.426068e+01,2.444941e+01,2.446288e+01,2.444941e+01,2.440900e+01,2.438878e+01,2.446288e+01,2.451673e+01,2.438205e+01,2.453019e+01,2.461091e+01,2.465124e+01,2.463780e+01,2.459746e+01,2.446288e+01,2.455038e+01,2.457056e+01,2.477887e+01,2.465124e+01,2.460419e+01,2.461763e+01,2.463780e+01,2.462436e+01,2.468484e+01,2.459746e+01,2.458401e+01,2.465124e+01,2.457056e+01,2.467141e+01,2.470500e+01,2.471844e+01,2.466469e+01,2.466469e+01,2.475201e+01,2.465124e+01,2.464452e+01,2.469828e+01,2.459073e+01,2.452346e+01,2.461763e+01,2.453019e+01,2.462436e+01,2.462436e+01,2.453692e+01,2.457056e+01,2.456383e+01,2.461763e+01,2.448308e+01,2.456383e+01,2.446288e+01,2.451000e+01,2.460419e+01,2.439552e+01,2.453019e+01,2.438878e+01,2.444941e+01,2.440226e+01,2.440900e+01,2.443594e+01,2.438205e+01,2.442247e+01,2.452346e+01,2.448981e+01,2.446961e+01,2.466469e+01,2.498007e+01,2.477216e+01,2.495326e+01,2.498007e+01,2.495326e+01,2.479901e+01,2.441573e+01,2.385510e+01,2.349552e+01,2.404457e+01,2.440900e+01,2.451000e+01,2.458401e+01,2.441573e+01,2.455038e+01,2.452346e+01,2.444941e+01,2.453019e+01,2.451000e+01,2.439552e+01,2.449654e+01,2.448308e+01,2.426743e+01,2.414593e+01,2.411891e+01,2.379413e+01,2.437531e+01,2.480572e+01,2.518757e+01,2.548805e+01,2.551472e+01,2.562798e+01,2.567459e+01,2.566127e+01,2.567459e+01,2.570121e+01,2.553472e+01,2.556804e+01,2.554804e+01,2.554804e+01,2.531454e+01,2.528782e+01,2.512068e+01,2.497337e+01,2.493986e+01,2.452346e+01,2.423369e+01,2.422694e+01,2.430790e+01,2.430115e+01,2.445614e+01,2.434161e+01,2.438878e+01,2.439552e+01,2.437531e+01,2.443594e+01,2.441573e+01,2.436857e+01,2.436183e+01,2.442921e+01,2.445614e+01,2.434161e+01,2.435509e+01,2.433487e+01,2.444941e+01,2.439552e+01,2.442247e+01,2.439552e+01,2.444268e+01,2.444268e+01,2.440226e+01,2.442247e+01,2.447635e+01,2.443594e+01,2.459746e+01,2.442921e+01,2.442247e+01,2.463108e+01,2.439552e+01,2.435509e+01,2.444941e+01,2.443594e+01,2.436183e+01,2.436183e+01,2.436857e+01,2.454365e+01,2.441573e+01,2.447635e+01,2.437531e+01,2.436183e+01,2.446288e+01,2.446288e+01,2.461091e+01,2.444268e+01,2.460419e+01,2.457056e+01,2.443594e+01,2.449654e+01,2.461763e+01,2.450327e+01,2.436857e+01,2.452346e+01,2.451000e+01,2.446961e+01,2.441573e+01,2.458401e+01,2.461091e+01,2.457728e+01,2.448308e+01,2.455710e+01,2.449654e+01,2.461763e+01,2.465124e+01,2.454365e+01,2.451673e+01,2.455710e+01,2.442247e+01,2.452346e+01,2.457728e+01,2.457056e+01,2.465124e+01,2.441573e+01,2.452346e+01,2.447635e+01,2.447635e+01,2.453019e+01,2.446961e+01,2.449654e+01,2.461091e+01,2.461763e+01,2.456383e+01,2.463780e+01,2.451000e+01,2.452346e+01,2.442247e+01,2.453692e+01,2.456383e+01,2.451000e+01,2.439552e+01,2.456383e+01,2.458401e+01,2.457728e+01,2.465796e+01,2.459746e+01,2.453019e+01,2.438205e+01,2.452346e+01,2.459746e+01,2.461091e+01,2.459746e+01,2.473858e+01,2.467813e+01,2.446961e+01,2.448308e+01
2.346153e+01,2.366529e+01,2.367207e+01,2.364493e+01,2.370599e+01,2.371956e+01,2.387542e+01,2.382123e+01,2.397018e+01,2.395664e+01,2.414593e+01,2.422019e+01,2.417294e+01,2.424044e+01,2.426743e+01,2.413917e+01,2.407161e+01,2.409864e+01,2.405133e+01,2.418644e+01,2.420670e+01,2.419994e+01,2.419994e+01,2.417969e+01,2.397694e+01,2.412566e+01,2.394311e+01,2.397694e+01,2.397018e+01,2.376024e+01,2.374668e+01,2.381446e+01,2.370599e+01,2.341393e+01,2.357704e+01,2.356346e+01,2.354308e+01,2.354987e+01,2.342753e+01,2.343433e+01,2.350231e+01,2.356346e+01,2.341393e+01,2.346153e+01,2.348192e+01,2.349552e+01,2.346153e+01,2.354308e+01,2.350911e+01,2.355667e+01,2.347513e+01,2.359062e+01,2.362457e+01,2.359741e+01,2.351590e+01,2.361778e+01,2.358383e+01,2.365850e+01,2.374668e+01,2.366529e+01,2.380091e+01,2.384155e+01,2.378057e+01,2.388896e+01,2.386865e+01,2.394988e+01,2.405809e+01,2.435509e+01,2.448981e+01,2.435509e+01,2.468484e+01,2.464452e+01,2.457728e+01,2.452346e+01,2.412566e+01,2.427417e+01,2.407837e+01,2.422019e+01,2.427417e+01,2.417294e+01,2.421344e+01,2.432138e+01,2.422694e+01,2.426743e+01,2.425393e+01,2.430790e+01,2.471172e+01,2.471172e+01,2.481243e+01,2.518757e+01,2.510060e+01,2.526110e+01,2.520763e+01,2.490634e+01,2.481243e+01,2.459073e+01,2.453692e+01,2.447635e+01,2.424044e+01,2.416619e+01,2.390250e+01,2.385510e+01,2.369242e+01,2.361778e+01,2.362457e+01,2.350911e+01,2.346833e+01,2.338672e+01,2.337991e+01,2.337991e+01,2.350231e+01,2.338672e+01,2.346833e+01,2.330504e+01,2.338672e+01,2.342073e+01,2.344113e+01,2.340713e+01,2.348192e+01,2.343433e+01,2.341393e+01,2.340713e+01,2.349552e+01,2.352270e+01,2.351590e+01,2.350231e+01,2.348192e+01,2.348192e+01,2.359741e+01,2.350911e+01,2.359062e+01,2.349552e+01,2.367886e+01,2.382123e+01,2.362457e+01,2.341393e+01,2.344113e+01,2.361778e+01,2.356346e+01,2.360420e+01,2.367207e+01,2.367886e+01,2.373990e+01,2.385510e+01,2.366529e+01,2.412566e+01,2.430115e+01,2.459746e+01,2.463108e+01,2.427417e+01,2.403781e+01,2.406485e+01,2.407161e+01,2.429441e+01,2.453019e+01,2.503366e+01,2.532122e+01,2.544137e+01,2.573447e+01,2.588072e+01,2.588736e+01,2.586743e+01,2.584085e+01,2.586743e+01,2.568124e+01,2.560134e+01,2.546805e+01,2.548805e+01,2.528782e+01,2.502026e+01,2.478558e+01,2.472515e+01,2.446961e+01,2.425393e+01,2.422694e+01,2.440226e+01,2.463780e+01,2.465796e+01,2.435509e+01,2.432812e+01,2.432138e+01,2.461763e+01,2.443594e+01,2.446288e+01,2.446288e+01,2.463108e+01,2.468484e+01,2.471844e+01,2.455038e+01,2.465124e+01,2.449654e+01,2.428092e+01,2.420670e+01,2.421344e+01,2.418644e+01,2.409188e+01,2.436857e+01,2.445614e+01,2.452346e+01,2.446961e+01,2.461763e+01,2.453019e+01,2.438205e+01,2.453019e+01,2.430115e+01,2.425393e+01,2.442921e+01,2.431464e+01,2.424044e+01,2.403105e+01,2.390250e+01,2.384833e+01,2.382123e+01,2.377380e+01,2.373312e+01,2.375346e+01,2.367207e+01,2.366529e+01,2.359062e+01,2.366529e+01,2.357025e+01,2.350911e+01,2.340032e+01,2.352949e+01,2.350231e+01,2.364493e+01,2.357025e+01,2.352949e+01,2.350911e+01,2.367207e+01,2.350231e+01,2.349552e+01,2.369921e+01,2.368564e+01,2.352949e+01,2.374668e+01,2.365172e+01,2.363136e+01,2.369921e+01,2.359062e+01,2.357025e+01,2.369242e+01,2.371277e+01,2.359741e+01,2.369242e+01,2.362457e+01,2.367207e+01,2.369921e+01,2.366529e+01,2.363814e+01,2.365850e+01,2.361099e+01,2.363814e+01,2.366529e+01,2.363136e+01,2.364493e+01,2.371277e+01,2.362457e+01,2.373312e+01,2.382123e+01,2.378735e+01,2.369921e+01,2.372634e+01,2.371277e+01,2.376702e+01,2.382123e+01,2.381446e+01,2.393634e+01,2.389573e+01,2.407837e+01,2.389573e+01,2.394311e+01,2.381446e+01,2.388219e+01,2.406485e+01,2.397018e+01,2.392281e+01,2.382123e+01,2.382123e+01,2.388896e+01,2.399723e+01,2.393634e+01,2.396341e+01,2.405809e+01,2.396341e+01,2.392281e+01,2.392958e+01,2.392281e+01,2.413242e+01,2.396341e+01,2.412566e+01,2.411891e+01,2.419994e+01,2.399047e+01,2.419994e+01,2.400400e+01,2.410540e+01,2.413917e+01,2.405133e+01,2.418644e+01,2.421344e+01,2.417294e+01,2.424044e+01,2.426068e+01,2.426743e+01,2.424719e+01,2.426743e+01,2.406485e+01,2.413917e+01,2.411891e+01,2.421344e+01,2.392958e+01,2.387542e+01,2.389573e+01,2.390250e+01,2.386865e+01,2.373312e+01,2.384155e+01,2.394311e+01,2.390927e+01,2.389573e+01,2.382801e+01,2.391604e+01,2.391604e+01,2.417969e+01,2.409188e+01,2.405133e+01,2.405809e+01,2.412566e+01,2.412566e+01,2.412566e+01,2.415268e+01,2.417969e+01,2.410540e+01,2.412566e+01,2.415268e+01,2.408512e+01,2.410540e+01,2.414593e+01,2.411891e+01,2.391604e+01,2.389573e+01,2.397694e+01,2.390927e+01,2.401076e+01,2.376702e+01,2.375346e+01,2.374668e+01,2.375346e+01,2.377380e+01,2.359062e+01,2.342753e+01,2.344793e+01,2.339352e+01,2.340032e+01,2.341393e+01,2.348192e+01,2.335269e+01,2.328461e+01,2.344793e+01,2.344793e+01,2.370599e+01,2.377380e+01,2.406485e+01,2.421344e+01,2.415268e+01,2.444941e+01,2.417294e+01,2.408512e+01,2.399723e+01,2.368564e+01,2.378057e+01,2.401076e+01,2.404457e+01,2.429441e+01,2.436857e+01,2.432138e+01,2.441573e+01,2.447635e+01,2.441573e+01,2.464452e+01,2.448308e+01,2.457728e+01,2.453692e+01,2.435509e+01,2.455038e+01,2.435509e+01,2.437531e+01,2.444941e+01,2.443594e+01,2.440226e+01,2.432812e+01,2.443594e+01,2.437531e+01,2.440226e+01,2.438878e+01,2.441573e+01,2.450327e+01,2.444268e+01,2.455710e+01,2.427417e+01,2.407161e+01,2.404457e+01,2.408512e+01,2.399723e+01,2.403105e+01,2.370599e+01,2.427417e+01,2.424044e+01,2.430115e+01,2.424719e+01,2.428092e+01,2.431464e+01,2.442247e+01,2.434161e+01,2.444941e+01,2.439552e+01,2.441573e+01,2.452346e+01,2.445614e+01,2.451673e+01,2.440226e+01,2.452346e+01,2.462436e+01,2.448981e+01,2.444268e+01,2.441573e+01,2.455710e+01,2.459746e+01,2.455710e+01,2.465124e+01,2.455710e+01,2.459073e+01,2.467141e+01,2.463108e+01,2.458401e+01,2.457056e+01,2.459073e+01,2.467141e+01,2.470500e+01,2.462436e+01,2.469828e+01,2.463780e+01,2.465124e+01,2.465124e+01,2.469828e+01,2.464452e+01,2.455038e+01,2.451673e+01,2.463108e+01,2.451000e+01,2.465796e+01,2.481243e+01,2.465124e+01,2.470500e+01,2.461763e+01,2.462436e+01,2.462436e+01,2.465796e+01,2.459073e+01,2.464452e+01,2.470500e+01,2.462436e+01,2.455710e+01,2.459746e+01,2.461091e+01,2.466469e+01,2.459073e+01,2.449654e+01,2.450327e+01,2.449654e+01,2.458401e+01,2.455038e+01,2.445614e+01,2.441573e+01,2.457056e+01,2.442247e+01,2.453692e+01,2.440900e+01,2.443594e+01,2.452346e+01,2.436857e+01,2.451000e+01,2.444268e+01,2.447635e+01,2.469828e+01,2.474530e+01,2.498007e+01,2.499347e+01,2.495997e+01,2.479901e+01,2.491305e+01,2.447635e+01,2.397018e+01,2.369921e+01,2.386187e+01,2.417969e+01,2.436857e+01,2.446288e+01,2.446961e+01,2.448308e+01,2.453019e+01,2.442247e+01,2.444941e+01,2.442921e+01,2.453019e+01,2.441573e+01,2.447635e+01,2.425393e+01,2.423369e+01,2.399723e+01,2.382123e+01,2.425393e+01,2.500017e+01,2.510060e+01,2.544137e+01,2.549472e+01,2.560134e+01,2.566127e+01,2.568790e+01,2.571451e+01,2.556137e+01,2.560800e+01,2.560134e+01,2.554804e+01,2.550139e+01,2.532790e+01,2.510060e+01,2.502696e+01,2.499347e+01,2.451000e+01,2.433487e+01,2.423369e+01,2.448981e+01,2.436857e+01,2.435509e+01,2.436857e+01,2.442247e+01,2.442247e+01,2.442247e+01,2.445614e+01,2.442921e+01,2.446961e+01,2.444941e+01,2.444941e+01,2.435509e+01,2.433487e+01,2.441573e+01,2.436183e+01,2.436183e+01,2.450327e+01,2.462436e+01,2.445614e+01,2.439552e+01,2.431464e+01,2.435509e+01,2.444268e+01,2.446288e+01,2.444941e+01,2.444268e+01,2.427417e+01,2.455710e+01,2.442247e+01,2.443594e+01,2.457056e+01,2.441573e+01,2.460419e+01,2.444941e+01,2.444941e+01,2.445614e+01,2.437531e+01,2.441573e+01,2.435509e+01,2.440900e+01,2.438878e+01,2.435509e+01,2.439552e+01,2.456383e+01,2.442921e+01,2.458401e+01,2.448308e+01,2.446961e+01,2.448981e+01,2.449654e+01,2.446288e+01,2.450327e+01,2.440226e+01,2.451673e+01,2.444268e+01,2.439552e+01,2.435509e+01,2.457056e+01,2.455038e+01,2.455038e+01,2.456383e+01,2.447635e+01,2.444268e+01,2.450327e+01,2.455038e+01,2.461763e+01,2.463108e+01,2.443594e+01,2.452346e+01,2.459746e+01,2.449654e+01,2.453019e+01,2.451673e+01,2.450327e+01,2.450327e+01,2.449654e+01,2.445614e+01,2.448308e+01,2.457056e+01,2.453019e+01,2.451000e+01,2.447635e+01,2.463780e+01,2.455710e+01,2.446961e+01,2.455038e+01,2.458401e+01,2.451000e+01,2.436857e+01,2.445614e+01,2.463108e+01,2.457056e+01,2.454365e+01,2.457728e+01,2.459746e+01,2.438205e+01,2.459073e+01,2.460419e+01,2.463108e+01,2.452346e+01,2.439552e+01,2.444268e+01,2.473858e+01,2.469828e+01,2.463108e+01,2.442921e+01
2.364493e+01,2.363814e+01,2.371277e+01,2.374668e+01,2.392281e+01,2.381446e+01,2.397694e+01,2.393634e+01,2.404457e+01,2.403781e+01,2.420670e+01,2.427417e+01,2.419319e+01,2.420670e+01,2.410540e+01,2.413242e+01,2.410540e+01,2.385510e+01,2.411215e+01,2.410540e+01,2.413917e+01,2.414593e+01,2.399723e+01,2.401076e+01,2.411891e+01,2.394988e+01,2.406485e+01,2.380091e+01,2.382123e+01,2.375346e+01,2.381446e+01,2.375346e+01,2.377380e+01,2.355667e+01,2.334589e+01,2.352949e+01,2.352270e+01,2.341393e+01,2.342073e+01,2.352270e+01,2.348192e+01,2.346833e+01,2.341393e+01,2.340713e+01,2.340713e+01,2.335950e+01,2.337311e+01,2.346833e+01,2.351590e+01,2.345473e+01,2.349552e+01,2.350231e+01,2.350911e+01,2.357704e+01,2.382123e+01,2.375346e+01,2.361778e+01,2.354308e+01,2.358383e+01,2.354987e+01,2.361099e+01,2.364493e+01,2.373312e+01,2.373990e+01,2.375346e+01,2.378735e+01,2.404457e+01,2.407837e+01,2.414593e+01,2.419319e+01,2.453019e+01,2.449654e+01,2.464452e+01,2.424044e+01,2.418644e+01,2.408512e+01,2.417969e+01,2.418644e+01,2.419319e+01,2.421344e+01,2.429441e+01,2.426743e+01,2.418644e+01,2.426743e+01,2.428092e+01,2.428092e+01,2.433487e+01,2.466469e+01,2.495326e+01,2.501357e+01,2.501357e+01,2.514075e+01,2.518757e+01,2.502026e+01,2.479230e+01,2.479230e+01,2.473858e+01,2.459746e+01,2.428092e+01,2.421344e+01,2.384155e+01,2.388896e+01,2.381446e+01,2.365172e+01,2.352949e+01,2.361099e+01,2.344793e+01,2.342753e+01,2.340032e+01,2.341393e+01,2.344113e+01,2.344793e+01,2.329823e+01,2.337991e+01,2.335950e+01,2.349552e+01,2.357025e+01,2.346153e+01,2.349552e+01,2.352270e+01,2.337991e+01,2.352270e+01,2.352270e+01,2.349552e+01,2.348192e+01,2.346153e+01,2.350911e+01,2.350231e+01,2.350231e+01,2.368564e+01,2.356346e+01,2.346153e+01,2.352949e+01,2.373990e+01,2.357025e+01,2.358383e+01,2.351590e+01,2.370599e+01,2.366529e+01,2.352270e+01,2.367886e+01,2.348872e+01,2.385510e+01,2.364493e+01,2.386187e+01,2.387542e+01,2.411891e+01,2.438205e+01,2.462436e+01,2.436183e+01,2.407161e+01,2.394311e+01,2.394988e+01,2.408512e+01,2.434161e+01,2.458401e+01,2.497337e+01,2.503366e+01,2.537464e+01,2.550805e+01,2.570786e+01,2.574778e+01,2.567459e+01,2.573447e+01,2.567459e+01,2.559468e+01,2.529451e+01,2.528782e+01,2.520094e+01,2.478558e+01,2.479230e+01,2.455710e+01,2.440226e+01,2.424044e+01,2.442247e+01,2.436857e+01,2.487952e+01,2.440900e+01,2.424719e+01,2.409864e+01,2.407837e+01,2.410540e+01,2.424719e+01,2.428766e+01,2.442921e+01,2.440226e+01,2.431464e+01,2.449654e+01,2.435509e+01,2.432812e+01,2.420670e+01,2.433487e+01,2.417969e+01,2.413242e+01,2.417294e+01,2.408512e+01,2.408512e+01,2.412566e+01,2.440226e+01,2.453692e+01,2.432812e+01,2.430790e+01,2.435509e+01,2.424719e+01,2.440900e+01,2.426743e+01,2.411891e+01,2.408512e+01,2.405809e+01,2.404457e+01,2.392281e+01,2.386865e+01,2.376024e+01,2.385510e+01,2.386187e+01,2.376702e+01,2.378057e+01,2.367886e+01,2.369242e+01,2.361099e+01,2.362457e+01,2.359062e+01,2.347513e+01,2.365172e+01,2.367886e+01,2.363136e+01,2.360420e+01,2.352270e+01,2.367207e+01,2.371277e+01,2.369921e+01,2.364493e+01,2.372634e+01,2.357025e+01,2.369242e+01,2.370599e+01,2.370599e+01,2.366529e+01,2.366529e+01,2.375346e+01,2.379413e+01,2.380091e+01,2.376024e+01,2.379413e+01,2.358383e+01,2.373990e+01,2.368564e+01,2.377380e+01,2.382123e+01,2.373990e+01,2.376702e+01,2.390927e+01,2.388896e+01,2.378735e+01,2.388896e+01,2.385510e+01,2.389573e+01,2.382801e+01,2.390250e+01,2.394311e+01,2.392958e+01,2.394988e+01,2.416619e+01,2.389573e+01,2.411891e+01,2.403105e+01,2.390927e+01,2.408512e+01,2.414593e+01,2.409188e+01,2.411891e+01,2.417294e+01,2.409188e+01,2.416619e+01,2.408512e+01,2.410540e+01,2.411215e+01,2.406485e+01,2.411215e+01,2.405809e+01,2.404457e+01,2.401752e+01,2.403105e+01,2.411215e+01,2.415268e+01,2.403781e+01,2.419319e+01,2.409188e+01,2.423369e+01,2.414593e+01,2.412566e+01,2.419319e+01,2.415268e+01,2.413242e+01,2.411215e+01,2.420670e+01,2.410540e+01,2.423369e+01,2.417969e+01,2.420670e+01,2.415268e+01,2.422019e+01,2.426068e+01,2.437531e+01,2.429441e+01,2.429441e+01,2.426068e+01,2.415943e+01,2.427417e+01,2.411891e+01,2.392958e+01,2.389573e+01,2.386187e+01,2.388219e+01,2.387542e+01,2.390927e+01,2.388219e+01,2.381446e+01,2.393634e+01,2.386865e+01,2.385510e+01,2.377380e+01,2.400400e+01,2.382801e+01,2.399723e+01,2.388219e+01,2.400400e+01,2.395664e+01,2.409188e+01,2.405809e+01,2.407837e+01,2.405133e+01,2.406485e+01,2.416619e+01,2.413242e+01,2.413917e+01,2.411215e+01,2.409188e+01,2.410540e+01,2.409864e+01,2.392958e+01,2.390927e+01,2.392958e+01,2.390250e+01,2.378735e+01,2.384833e+01,2.367886e+01,2.374668e+01,2.367886e+01,2.347513e+01,2.352270e+01,2.350231e+01,2.359062e+01,2.317559e+01,2.336630e+01,2.329823e+01,2.329823e+01,2.336630e+01,2.341393e+01,2.336630e+01,2.354308e+01,2.394311e+01,2.406485e+01,2.411215e+01,2.405133e+01,2.415943e+01,2.420670e+01,2.413917e+01,2.381446e+01,2.383478e+01,2.379413e+01,2.379413e+01,2.380768e+01,2.385510e+01,2.411215e+01,2.419319e+01,2.430790e+01,2.438878e+01,2.426068e+01,2.455038e+01,2.461091e+01,2.463108e+01,2.459073e+01,2.452346e+01,2.459746e+01,2.446961e+01,2.444941e+01,2.451000e+01,2.452346e+01,2.442921e+01,2.453692e+01,2.444941e+01,2.452346e+01,2.456383e+01,2.445614e+01,2.446288e+01,2.456383e+01,2.459746e+01,2.451000e+01,2.439552e+01,2.451000e+01,2.421344e+01,2.411215e+01,2.409188e+01,2.412566e+01,2.409864e+01,2.409864e+01,2.450327e+01,2.453692e+01,2.435509e+01,2.466469e+01,2.451673e+01,2.450327e+01,2.456383e+01,2.450327e+01,2.453692e+01,2.449654e+01,2.457728e+01,2.454365e+01,2.462436e+01,2.463108e+01,2.443594e+01,2.452346e+01,2.459073e+01,2.457728e+01,2.459746e+01,2.461091e+01,2.458401e+01,2.463108e+01,2.456383e+01,2.454365e+01,2.464452e+01,2.467141e+01,2.463780e+01,2.466469e+01,2.464452e+01,2.461763e+01,2.459746e+01,2.462436e+01,2.463108e+01,2.461763e+01,2.476544e+01,2.467813e+01,2.467813e+01,2.468484e+01,2.466469e+01,2.460419e+01,2.464452e+01,2.453692e+01,2.470500e+01,2.465124e+01,2.461091e+01,2.467141e+01,2.457728e+01,2.465124e+01,2.461091e+01,2.463780e+01,2.463108e+01,2.463780e+01,2.466469e+01,2.462436e+01,2.467813e+01,2.448981e+01,2.455710e+01,2.444941e+01,2.476544e+01,2.454365e+01,2.459746e+01,2.461763e+01,2.462436e+01,2.447635e+01,2.445614e+01,2.455710e+01,2.457056e+01,2.451673e+01,2.445614e+01,2.459073e+01,2.459746e+01,2.440226e+01,2.455710e+01,2.457728e+01,2.445614e+01,2.444268e+01,2.457728e+01,2.457056e+01,2.458401e+01,2.477887e+01,2.478558e+01,2.510730e+01,2.493316e+01,2.497337e+01,2.510730e+01,2.480572e+01,2.426743e+01,2.380768e+01,2.380768e+01,2.418644e+01,2.416619e+01,2.448981e+01,2.450327e+01,2.448981e+01,2.454365e+01,2.456383e+01,2.442921e+01,2.451673e+01,2.453019e+01,2.440900e+01,2.430790e+01,2.417294e+01,2.422694e+01,2.392281e+01,2.391604e+01,2.430790e+01,2.504705e+01,2.548138e+01,2.552139e+01,2.546138e+01,2.568124e+01,2.554804e+01,2.564796e+01,2.564796e+01,2.564130e+01,2.555471e+01,2.560134e+01,2.532122e+01,2.532790e+01,2.516751e+01,2.496667e+01,2.487281e+01,2.471172e+01,2.453692e+01,2.436183e+01,2.442921e+01,2.438878e+01,2.441573e+01,2.438205e+01,2.444268e+01,2.447635e+01,2.441573e+01,2.438878e+01,2.430790e+01,2.440226e+01,2.437531e+01,2.441573e+01,2.440226e+01,2.436183e+01,2.438205e+01,2.444941e+01,2.432138e+01,2.435509e+01,2.438205e+01,2.445614e+01,2.430790e+01,2.442921e+01,2.440226e+01,2.434835e+01,2.441573e+01,2.431464e+01,2.444268e+01,2.446961e+01,2.456383e+01,2.444268e+01,2.444941e+01,2.443594e+01,2.442247e+01,2.443594e+01,2.446288e+01,2.443594e+01,2.438878e+01,2.441573e+01,2.444941e+01,2.448981e+01,2.441573e+01,2.449654e+01,2.436183e+01,2.436183e+01,2.446288e+01,2.438878e+01,2.453692e+01,2.437531e+01,2.434835e+01,2.442247e+01,2.445614e+01,2.435509e+01,2.444268e+01,2.439552e+01,2.458401e+01,2.451673e+01,2.457056e+01,2.452346e+01,2.438205e+01,2.458401e+01,2.453692e+01,2.454365e+01,2.439552e+01,2.450327e+01,2.452346e+01,2.459073e+01,2.446288e+01,2.441573e+01,2.442247e+01,2.440226e+01,2.453692e+01,2.453019e+01,2.451000e+01,2.448981e+01,2.465124e+01,2.448981e+01,2.448981e+01,2.452346e+01,2.441573e+01,2.453692e+01,2.459073e+01,2.448981e+01,2.460419e+01,2.455038e+01,2.456383e+01,2.459073e+01,2.443594e+01,2.448981e+01,2.436183e+01,2.461763e+01,2.439552e+01,2.439552e+01,2.458401e+01,2.454365e+01,2.457728e+01,2.461091e+01,2.442921e+01,2.445614e+01,2.448308e+01,2.442247e+01,2.442921e+01,2.444941e+01,2.448308e+01,2.448981e+01,2.451000e+01,2.469828e+01,2.459746e+01,2.440226e+01
2.370599e+01,2.363136e+01,2.367886e+01,2.372634e+01,2.388219e+01,2.373312e+01,2.385510e+01,2.404457e+01,2.408512e+01,2.399723e+01,2.414593e+01,2.424719e+01,2.405133e+01,2.417969e+01,2.422694e+01,2.392958e+01,2.401076e+01,2.401076e+01,2.408512e+01,2.393634e+01,2.385510e+01,2.397018e+01,2.418644e+01,2.382123e+01,2.394988e+01,2.376024e+01,2.394311e+01,2.376024e+01,2.377380e+01,2.375346e+01,2.368564e+01,2.355667e+01,2.360420e+01,2.353629e+01,2.340032e+01,2.339352e+01,2.351590e+01,2.343433e+01,2.336630e+01,2.332547e+01,2.340032e+01,2.357025e+01,2.342753e+01,2.356346e+01,2.337311e+01,2.340032e+01,2.346833e+01,2.339352e+01,2.350911e+01,2.337991e+01,2.348192e+01,2.352270e+01,2.375346e+01,2.364493e+01,2.355667e+01,2.346833e+01,2.344113e+01,2.362457e+01,2.351590e+01,2.359741e+01,2.350911e+01,2.370599e+01,2.372634e+01,2.373990e+01,2.386187e+01,2.378057e+01,2.388896e+01,2.403105e+01,2.405809e+01,2.403781e+01,2.403105e+01,2.430790e+01,2.443594e+01,2.417294e+01,2.412566e+01,2.405133e+01,2.413242e+01,2.415943e+01,2.424719e+01,2.420670e+01,2.418644e+01,2.418644e+01,2.441573e+01,2.400400e+01,2.415943e+01,2.428092e+01,2.426743e+01,2.453019e+01,2.473858e+01,2.498677e+01,2.505375e+01,2.516751e+01,2.508722e+01,2.494656e+01,2.494656e+01,2.484598e+01,2.461091e+01,2.458401e+01,2.455038e+01,2.417294e+01,2.415268e+01,2.401752e+01,2.383478e+01,2.360420e+01,2.362457e+01,2.342753e+01,2.342753e+01,2.348872e+01,2.347513e+01,2.337991e+01,2.340713e+01,2.343433e+01,2.349552e+01,2.329823e+01,2.345473e+01,2.345473e+01,2.344113e+01,2.350231e+01,2.349552e+01,2.359741e+01,2.352270e+01,2.359741e+01,2.353629e+01,2.351590e+01,2.350911e+01,2.351590e+01,2.354308e+01,2.345473e+01,2.354987e+01,2.360420e+01,2.360420e+01,2.357704e+01,2.363814e+01,2.358383e+01,2.350231e+01,2.356346e+01,2.359741e+01,2.357704e+01,2.357704e+01,2.359741e+01,2.365850e+01,2.354987e+01,2.354308e+01,2.369242e+01,2.371277e+01,2.386865e+01,2.404457e+01,2.421344e+01,2.450327e+01,2.453692e+01,2.412566e+01,2.397694e+01,2.394311e+01,2.392281e+01,2.407837e+01,2.420670e+01,2.459746e+01,2.473187e+01,2.506044e+01,2.532122e+01,2.543469e+01,2.534126e+01,2.562798e+01,2.560134e+01,2.536129e+01,2.535461e+01,2.519426e+01,2.510730e+01,2.497337e+01,2.479230e+01,2.451000e+01,2.441573e+01,2.446288e+01,2.424044e+01,2.429441e+01,2.448981e+01,2.487952e+01,2.410540e+01,2.402428e+01,2.400400e+01,2.388896e+01,2.411891e+01,2.397018e+01,2.409864e+01,2.412566e+01,2.407161e+01,2.430790e+01,2.428092e+01,2.427417e+01,2.428092e+01,2.419994e+01,2.422019e+01,2.417294e+01,2.406485e+01,2.419319e+01,2.411891e+01,2.408512e+01,2.411215e+01,2.415943e+01,2.434835e+01,2.425393e+01,2.430790e+01,2.420670e+01,2.409864e+01,2.417294e+01,2.417969e+01,2.398371e+01,2.409188e+01,2.407837e+01,2.392281e+01,2.392958e+01,2.388896e+01,2.396341e+01,2.387542e+01,2.392281e+01,2.378735e+01,2.368564e+01,2.369242e+01,2.368564e+01,2.380768e+01,2.361778e+01,2.363136e+01,2.362457e+01,2.392281e+01,2.378735e+01,2.384155e+01,2.372634e+01,2.349552e+01,2.373990e+01,2.374668e+01,2.373990e+01,2.382123e+01,2.376024e+01,2.374668e+01,2.382801e+01,2.384833e+01,2.392958e+01,2.390927e+01,2.409188e+01,2.392281e+01,2.372634e+01,2.390927e+01,2.403105e+01,2.399723e+01,2.403105e+01,2.408512e+01,2.390250e+01,2.382123e+01,2.394988e+01,2.392281e+01,2.399047e+01,2.401076e+01,2.386865e+01,2.394311e+01,2.401076e+01,2.410540e+01,2.397018e+01,2.413242e+01,2.397694e+01,2.408512e+01,2.395664e+01,2.418644e+01,2.417294e+01,2.415268e+01,2.420670e+01,2.429441e+01,2.428766e+01,2.418644e+01,2.434835e+01,2.411891e+01,2.417969e+01,2.417969e+01,2.422694e+01,2.413242e+01,2.410540e+01,2.429441e+01,2.414593e+01,2.420670e+01,2.422019e+01,2.424044e+01,2.425393e+01,2.428092e+01,2.433487e+01,2.428092e+01,2.417969e+01,2.415943e+01,2.436183e+01,2.426068e+01,2.427417e+01,2.423369e+01,2.414593e+01,2.424044e+01,2.414593e+01,2.413242e+01,2.419994e+01,2.410540e+01,2.424719e+01,2.422694e+01,2.403781e+01,2.414593e+01,2.407837e+01,2.428092e+01,2.420670e+01,2.427417e+01,2.426743e+01,2.426743e+01,2.424044e+01,2.426743e+01,2.407161e+01,2.404457e+01,2.392958e+01,2.390927e+01,2.388896e+01,2.388896e+01,2.384155e+01,2.388896e+01,2.390250e+01,2.397694e+01,2.392281e+01,2.375346e+01,2.382801e+01,2.357704e+01,2.383478e+01,2.390927e+01,2.387542e+01,2.388896e+01,2.415943e+01,2.399047e+01,2.403781e+01,2.413242e+01,2.411891e+01,2.410540e+01,2.411215e+01,2.418644e+01,2.399723e+01,2.392281e+01,2.410540e+01,2.407837e+01,2.415268e+01,2.390250e+01,2.410540e+01,2.388896e+01,2.400400e+01,2.399047e+01,2.376024e+01,2.372634e+01,2.377380e+01,2.366529e+01,2.346833e+01,2.346833e+01,2.341393e+01,2.342073e+01,2.340713e+01,2.318241e+01,2.329823e+01,2.338672e+01,2.332547e+01,2.332547e+01,2.331185e+01,2.349552e+01,2.365172e+01,2.395664e+01,2.405133e+01,2.392958e+01,2.390250e+01,2.392281e+01,2.411215e+01,2.390250e+01,2.373990e+01,2.382123e+01,2.376702e+01,2.362457e+01,2.373312e+01,2.372634e+01,2.357704e+01,2.363136e+01,2.391604e+01,2.407837e+01,2.427417e+01,2.430115e+01,2.430790e+01,2.455038e+01,2.462436e+01,2.448308e+01,2.440226e+01,2.441573e+01,2.445614e+01,2.449654e+01,2.449654e+01,2.442921e+01,2.451673e+01,2.453019e+01,2.446288e+01,2.457728e+01,2.453692e+01,2.448981e+01,2.473858e+01,2.461763e+01,2.443594e+01,2.452346e+01,2.454365e+01,2.431464e+01,2.436183e+01,2.416619e+01,2.438205e+01,2.438878e+01,2.431464e+01,2.440226e+01,2.451673e+01,2.454365e+01,2.452346e+01,2.453692e+01,2.442247e+01,2.446961e+01,2.453692e+01,2.464452e+01,2.461763e+01,2.466469e+01,2.464452e+01,2.462436e+01,2.464452e+01,2.463780e+01,2.463780e+01,2.456383e+01,2.454365e+01,2.450327e+01,2.465124e+01,2.459073e+01,2.454365e+01,2.461763e+01,2.455038e+01,2.469156e+01,2.461763e+01,2.471844e+01,2.461763e+01,2.463108e+01,2.460419e+01,2.461763e+01,2.465796e+01,2.467141e+01,2.473187e+01,2.461091e+01,2.469156e+01,2.471172e+01,2.467141e+01,2.457728e+01,2.464452e+01,2.466469e+01,2.464452e+01,2.462436e+01,2.469828e+01,2.453692e+01,2.478558e+01,2.472515e+01,2.473858e+01,2.467813e+01,2.450327e+01,2.446961e+01,2.463780e+01,2.461763e+01,2.467141e+01,2.465796e+01,2.465796e+01,2.454365e+01,2.459746e+01,2.457728e+01,2.463780e+01,2.453692e+01,2.474530e+01,2.460419e+01,2.461091e+01,2.464452e+01,2.456383e+01,2.459073e+01,2.454365e+01,2.456383e+01,2.451000e+01,2.456383e+01,2.444941e+01,2.448308e+01,2.444941e+01,2.444268e+01,2.449654e+01,2.441573e+01,2.456383e+01,2.458401e+01,2.473858e+01,2.478558e+01,2.501357e+01,2.522100e+01,2.513406e+01,2.506713e+01,2.498007e+01,2.446288e+01,2.397694e+01,2.393634e+01,2.443594e+01,2.428092e+01,2.442247e+01,2.454365e+01,2.441573e+01,2.455710e+01,2.453019e+01,2.442921e+01,2.438205e+01,2.452346e+01,2.433487e+01,2.449654e+01,2.417969e+01,2.410540e+01,2.394988e+01,2.396341e+01,2.428766e+01,2.495997e+01,2.552139e+01,2.556804e+01,2.560134e+01,2.558136e+01,2.570121e+01,2.570121e+01,2.566127e+01,2.558802e+01,2.551472e+01,2.554138e+01,2.548805e+01,2.534126e+01,2.516751e+01,2.490634e+01,2.465796e+01,2.444268e+01,2.444941e+01,2.440900e+01,2.427417e+01,2.441573e+01,2.440900e+01,2.435509e+01,2.436183e+01,2.451000e+01,2.442247e+01,2.433487e+01,2.440226e+01,2.442247e+01,2.432138e+01,2.440900e+01,2.439552e+01,2.433487e+01,2.431464e+01,2.438205e+01,2.430115e+01,2.431464e+01,2.430115e+01,2.429441e+01,2.435509e+01,2.445614e+01,2.433487e+01,2.441573e+01,2.458401e+01,2.443594e+01,2.441573e+01,2.443594e+01,2.442921e+01,2.440900e+01,2.453019e+01,2.440900e+01,2.442921e+01,2.448308e+01,2.444268e+01,2.446961e+01,2.440226e+01,2.444268e+01,2.441573e+01,2.439552e+01,2.440226e+01,2.439552e+01,2.438205e+01,2.438205e+01,2.438205e+01,2.439552e+01,2.442921e+01,2.457728e+01,2.462436e+01,2.433487e+01,2.461091e+01,2.439552e+01,2.452346e+01,2.441573e+01,2.442247e+01,2.451000e+01,2.459073e+01,2.457056e+01,2.460419e+01,2.436183e+01,2.449654e+01,2.448981e+01,2.452346e+01,2.452346e+01,2.455710e+01,2.457056e+01,2.453692e+01,2.445614e+01,2.448308e+01,2.453019e+01,2.458401e+01,2.457056e+01,2.439552e+01,2.438205e+01,2.448308e+01,2.447635e+01,2.448308e+01,2.453019e+01,2.448308e+01,2.454365e+01,2.448308e+01,2.453692e+01,2.449654e+01,2.457056e+01,2.456383e+01,2.460419e+01,2.457056e+01,2.448308e+01,2.444941e+01,2.460419e+01,2.438878e+01,2.440226e+01,2.447635e+01,2.459746e+01,2.459746e+01,2.460419e+01,2.463780e+01,2.463108e+01,2.457728e+01,2.457728e+01,2.446288e+01,2.448308e+01,2.453019e+01,2.448981e+01,2.446961e+01,2.453019e+01,2.461763e+01,2.465796e+01
2.363814e+01,2.369921e+01,2.371277e+01,2.376024e+01,2.390927e+01,2.400400e+01,2.400400e+01,2.399723e+01,2.404457e+01,2.396341e+01,2.415943e+01,2.415268e+01,2.415943e+01,2.403781e+01,2.386187e+01,2.388219e+01,2.389573e+01,2.384833e+01,2.404457e+01,2.399723e+01,2.397018e+01,2.394311e+01,2.380768e+01,2.384833e+01,2.382801e+01,2.374668e+01,2.378735e+01,2.374668e+01,2.376024e+01,2.359741e+01,2.376702e+01,2.357704e+01,2.331866e+01,2.352270e+01,2.349552e+01,2.360420e+01,2.333908e+01,2.337991e+01,2.344793e+01,2.346833e+01,2.340032e+01,2.342753e+01,2.338672e+01,2.353629e+01,2.340032e+01,2.345473e+01,2.345473e+01,2.352270e+01,2.346833e+01,2.341393e+01,2.342073e+01,2.344793e+01,2.346153e+01,2.348872e+01,2.342753e+01,2.347513e+01,2.342753e+01,2.359062e+01,2.348872e+01,2.350231e+01,2.353629e+01,2.352949e+01,2.370599e+01,2.367207e+01,2.361778e+01,2.377380e+01,2.393634e+01,2.390927e+01,2.403781e+01,2.411215e+01,2.406485e+01,2.418644e+01,2.425393e+01,2.413242e+01,2.417294e+01,2.417969e+01,2.431464e+01,2.407161e+01,2.425393e+01,2.424044e+01,2.422019e+01,2.427417e+01,2.428766e+01,2.412566e+01,2.414593e+01,2.422694e+01,2.417294e+01,2.453019e+01,2.459073e+01,2.482585e+01,2.498677e+01,2.497337e+01,2.503366e+01,2.500687e+01,2.484598e+01,2.481243e+01,2.465796e+01,2.458401e+01,2.452346e+01,2.421344e+01,2.419994e+01,2.403105e+01,2.378057e+01,2.369921e+01,2.371956e+01,2.356346e+01,2.349552e+01,2.349552e+01,2.337991e+01,2.346833e+01,2.347513e+01,2.350231e+01,2.346833e+01,2.343433e+01,2.350231e+01,2.339352e+01,2.345473e+01,2.343433e+01,2.341393e+01,2.352270e+01,2.353629e+01,2.355667e+01,2.336630e+01,2.353629e+01,2.350231e+01,2.363136e+01,2.350911e+01,2.361099e+01,2.359741e+01,2.360420e+01,2.359741e+01,2.355667e+01,2.352949e+01,2.354987e+01,2.369921e+01,2.346833e+01,2.352949e+01,2.358383e+01,2.370599e+01,2.352949e+01,2.366529e+01,2.340032e+01,2.353629e+01,2.357704e+01,2.360420e+01,2.385510e+01,2.382123e+01,2.405809e+01,2.424719e+01,2.462436e+01,2.437531e+01,2.412566e+01,2.404457e+01,2.392281e+01,2.392958e+01,2.417294e+01,2.413242e+01,2.444941e+01,2.480572e+01,2.494656e+01,2.519426e+01,2.533458e+01,2.535461e+01,2.534126e+01,2.513406e+01,2.518088e+01,2.520094e+01,2.481243e+01,2.475873e+01,2.462436e+01,2.449654e+01,2.421344e+01,2.404457e+01,2.432812e+01,2.455038e+01,2.487281e+01,2.443594e+01,2.411891e+01,2.389573e+01,2.405809e+01,2.397018e+01,2.403781e+01,2.393634e+01,2.399723e+01,2.407161e+01,2.395664e+01,2.412566e+01,2.419994e+01,2.429441e+01,2.427417e+01,2.422019e+01,2.422694e+01,2.420670e+01,2.401076e+01,2.407161e+01,2.409188e+01,2.411891e+01,2.411215e+01,2.407161e+01,2.405133e+01,2.407837e+01,2.415268e+01,2.396341e+01,2.403781e+01,2.415268e+01,2.394988e+01,2.392958e+01,2.393634e+01,2.396341e+01,2.394311e+01,2.394988e+01,2.391604e+01,2.387542e+01,2.390927e+01,2.390250e+01,2.390250e+01,2.390927e+01,2.386865e+01,2.384155e+01,2.369921e+01,2.393634e+01,2.372634e+01,2.394311e+01,2.407837e+01,2.407837e+01,2.397018e+01,2.398371e+01,2.403781e+01,2.405133e+01,2.399047e+01,2.403781e+01,2.401076e+01,2.417969e+01,2.415268e+01,2.412566e+01,2.420670e+01,2.413242e+01,2.411891e+01,2.421344e+01,2.415943e+01,2.422694e+01,2.409864e+01,2.409188e+01,2.409188e+01,2.423369e+01,2.421344e+01,2.415268e+01,2.415268e+01,2.413242e+01,2.411891e+01,2.432138e+01,2.405809e+01,2.429441e+01,2.428766e+01,2.409188e+01,2.424044e+01,2.422019e+01,2.428766e+01,2.424719e+01,2.437531e+01,2.431464e+01,2.436183e+01,2.429441e+01,2.426068e+01,2.430790e+01,2.426743e+01,2.440900e+01,2.434161e+01,2.424044e+01,2.439552e+01,2.440226e+01,2.435509e+01,2.435509e+01,2.439552e+01,2.430790e+01,2.424044e+01,2.417294e+01,2.432812e+01,2.424044e+01,2.425393e+01,2.426068e+01,2.424044e+01,2.423369e+01,2.417294e+01,2.434161e+01,2.423369e+01,2.424719e+01,2.420670e+01,2.428092e+01,2.419994e+01,2.421344e+01,2.426068e+01,2.415268e+01,2.411215e+01,2.410540e+01,2.422019e+01,2.424044e+01,2.424044e+01,2.411215e+01,2.413917e+01,2.409188e+01,2.416619e+01,2.403781e+01,2.412566e+01,2.428092e+01,2.409864e+01,2.407161e+01,2.409864e+01,2.404457e+01,2.405133e+01,2.383478e+01,2.389573e+01,2.392958e+01,2.386865e+01,2.388896e+01,2.392281e+01,2.401752e+01,2.394311e+01,2.390250e+01,2.381446e+01,2.390927e+01,2.381446e+01,2.381446e+01,2.401076e+01,2.401076e+01,2.404457e+01,2.400400e+01,2.407161e+01,2.417294e+01,2.414593e+01,2.417294e+01,2.411215e+01,2.424044e+01,2.417294e+01,2.411215e+01,2.415943e+01,2.417294e+01,2.415268e+01,2.416619e+01,2.417294e+01,2.405133e+01,2.384155e+01,2.396341e+01,2.383478e+01,2.379413e+01,2.375346e+01,2.378057e+01,2.359741e+01,2.342073e+01,2.340713e+01,2.343433e+01,2.342753e+01,2.343433e+01,2.316195e+01,2.317559e+01,2.315514e+01,2.331866e+01,2.345473e+01,2.331185e+01,2.357025e+01,2.357704e+01,2.371277e+01,2.399723e+01,2.382801e+01,2.372634e+01,2.369242e+01,2.382123e+01,2.370599e+01,2.382123e+01,2.378735e+01,2.366529e+01,2.357704e+01,2.354308e+01,2.352949e+01,2.353629e+01,2.344113e+01,2.382123e+01,2.387542e+01,2.422019e+01,2.426068e+01,2.444268e+01,2.438878e+01,2.450327e+01,2.463108e+01,2.442921e+01,2.439552e+01,2.434161e+01,2.443594e+01,2.447635e+01,2.452346e+01,2.456383e+01,2.442921e+01,2.457056e+01,2.457056e+01,2.448308e+01,2.450327e+01,2.450327e+01,2.457728e+01,2.454365e+01,2.460419e+01,2.467141e+01,2.455710e+01,2.445614e+01,2.441573e+01,2.440900e+01,2.443594e+01,2.455710e+01,2.452346e+01,2.453019e+01,2.448981e+01,2.467141e+01,2.463108e+01,2.464452e+01,2.466469e+01,2.457056e+01,2.460419e+01,2.459746e+01,2.463108e+01,2.461091e+01,2.462436e+01,2.463780e+01,2.460419e+01,2.460419e+01,2.446288e+01,2.460419e+01,2.461091e+01,2.469156e+01,2.465124e+01,2.466469e+01,2.453692e+01,2.454365e+01,2.464452e+01,2.460419e+01,2.461763e+01,2.463108e+01,2.461091e+01,2.461091e+01,2.460419e+01,2.463108e+01,2.460419e+01,2.465124e+01,2.467813e+01,2.455710e+01,2.461091e+01,2.463780e+01,2.467141e+01,2.466469e+01,2.460419e+01,2.465124e+01,2.466469e+01,2.465796e+01,2.457728e+01,2.463780e+01,2.467813e+01,2.473187e+01,2.461091e+01,2.466469e+01,2.465796e+01,2.456383e+01,2.464452e+01,2.457728e+01,2.462436e+01,2.467141e+01,2.449654e+01,2.456383e+01,2.465796e+01,2.455038e+01,2.454365e+01,2.459746e+01,2.461763e+01,2.455038e+01,2.446961e+01,2.452346e+01,2.463108e+01,2.458401e+01,2.456383e+01,2.455710e+01,2.450327e+01,2.463108e+01,2.449654e+01,2.463780e+01,2.456383e+01,2.451673e+01,2.457728e+01,2.450327e+01,2.459746e+01,2.473858e+01,2.479901e+01,2.513406e+01,2.528782e+01,2.525442e+01,2.524105e+01,2.524105e+01,2.487281e+01,2.430790e+01,2.438205e+01,2.445614e+01,2.442921e+01,2.448308e+01,2.446288e+01,2.454365e+01,2.454365e+01,2.442921e+01,2.441573e+01,2.440226e+01,2.444941e+01,2.434835e+01,2.424719e+01,2.417294e+01,2.403105e+01,2.390250e+01,2.393634e+01,2.449654e+01,2.524105e+01,2.546805e+01,2.566793e+01,2.577438e+01,2.575443e+01,2.574113e+01,2.570121e+01,2.574778e+01,2.564130e+01,2.562798e+01,2.558802e+01,2.551472e+01,2.532122e+01,2.513406e+01,2.485940e+01,2.481914e+01,2.446961e+01,2.436183e+01,2.440900e+01,2.436857e+01,2.442247e+01,2.440900e+01,2.431464e+01,2.442921e+01,2.446961e+01,2.442247e+01,2.439552e+01,2.445614e+01,2.447635e+01,2.438878e+01,2.431464e+01,2.434161e+01,2.431464e+01,2.443594e+01,2.428092e+01,2.425393e+01,2.444268e+01,2.434161e+01,2.434161e+01,2.443594e+01,2.441573e+01,2.440226e+01,2.441573e+01,2.439552e+01,2.434835e+01,2.442921e+01,2.435509e+01,2.435509e+01,2.448308e+01,2.451000e+01,2.442247e+01,2.452346e+01,2.442247e+01,2.444268e+01,2.441573e+01,2.452346e+01,2.438878e+01,2.438205e+01,2.442921e+01,2.444268e+01,2.450327e+01,2.442921e+01,2.449654e+01,2.446288e+01,2.449654e+01,2.445614e+01,2.455710e+01,2.443594e+01,2.443594e+01,2.444268e+01,2.446288e+01,2.446288e+01,2.442921e+01,2.454365e+01,2.440226e+01,2.459073e+01,2.457728e+01,2.444941e+01,2.437531e+01,2.459073e+01,2.459746e+01,2.459073e+01,2.446288e+01,2.456383e+01,2.456383e+01,2.453692e+01,2.455038e+01,2.442247e+01,2.459746e+01,2.465796e+01,2.446288e+01,2.444268e+01,2.446961e+01,2.462436e+01,2.442921e+01,2.450327e+01,2.459746e+01,2.458401e+01,2.464452e+01,2.453019e+01,2.451000e+01,2.453692e+01,2.459746e+01,2.467813e+01,2.465796e+01,2.452346e+01,2.451673e+01,2.445614e+01,2.448981e+01,2.444268e+01,2.452346e+01,2.452346e+01,2.445614e+01,2.461763e+01,2.462436e+01,2.458401e+01,2.451000e+01,2.459746e+01,2.469156e+01,2.447635e+01,2.453692e+01,2.451673e+01,2.470500e+01,2.453692e+01,2.447635e+01,2.457056e+01,2.465124e+01
2.377380e+01,2.372634e+01,2.389573e+01,2.388896e+01,2.397018e+01,2.394988e+01,2.404457e+01,2.398371e+01,2.396341e+01,2.396341e+01,2.396341e+01,2.394311e+01,2.394988e+01,2.397018e+01,2.369921e+01,2.397018e+01,2.380768e+01,2.367886e+01,2.378735e+01,2.378735e+01,2.378057e+01,2.383478e+01,2.374668e+01,2.384155e+01,2.382123e+01,2.378735e+01,2.377380e+01,2.355667e+01,2.359741e+01,2.359062e+01,2.359062e+01,2.356346e+01,2.352949e+01,2.346833e+01,2.340713e+01,2.348872e+01,2.343433e+01,2.337311e+01,2.344793e+01,2.340713e+01,2.357025e+01,2.344113e+01,2.346153e+01,2.336630e+01,2.335269e+01,2.340713e+01,2.347513e+01,2.345473e+01,2.345473e+01,2.341393e+01,2.345473e+01,2.350231e+01,2.352270e+01,2.347513e+01,2.354987e+01,2.341393e+01,2.338672e+01,2.354308e+01,2.352949e+01,2.360420e+01,2.361099e+01,2.349552e+01,2.360420e+01,2.346153e+01,2.365850e+01,2.365850e+01,2.371277e+01,2.392281e+01,2.390250e+01,2.375346e+01,2.384155e+01,2.410540e+01,2.422694e+01,2.422694e+01,2.405809e+01,2.402428e+01,2.436857e+01,2.424044e+01,2.430115e+01,2.443594e+01,2.438878e+01,2.415268e+01,2.399723e+01,2.384833e+01,2.401752e+01,2.415268e+01,2.416619e+01,2.424719e+01,2.445614e+01,2.457728e+01,2.470500e+01,2.501357e+01,2.481243e+01,2.475873e+01,2.474530e+01,2.466469e+01,2.444941e+01,2.447635e+01,2.449654e+01,2.436857e+01,2.404457e+01,2.392958e+01,2.399047e+01,2.377380e+01,2.373990e+01,2.347513e+01,2.338672e+01,2.327099e+01,2.337991e+01,2.346833e+01,2.349552e+01,2.354308e+01,2.345473e+01,2.347513e+01,2.348192e+01,2.357704e+01,2.346153e+01,2.344793e+01,2.352949e+01,2.354308e+01,2.350231e+01,2.365172e+01,2.350911e+01,2.347513e+01,2.356346e+01,2.354308e+01,2.364493e+01,2.361778e+01,2.348872e+01,2.345473e+01,2.357025e+01,2.356346e+01,2.358383e+01,2.361099e+01,2.348872e+01,2.352949e+01,2.345473e+01,2.354987e+01,2.358383e+01,2.354987e+01,2.348872e+01,2.365850e+01,2.384833e+01,2.365850e+01,2.372634e+01,2.376702e+01,2.398371e+01,2.403781e+01,2.412566e+01,2.425393e+01,2.444268e+01,2.417969e+01,2.399723e+01,2.388219e+01,2.382801e+01,2.394311e+01,2.404457e+01,2.423369e+01,2.426068e+01,2.455710e+01,2.471844e+01,2.499347e+01,2.493986e+01,2.514075e+01,2.492645e+01,2.485269e+01,2.493316e+01,2.475873e+01,2.465124e+01,2.444941e+01,2.405809e+01,2.405133e+01,2.407161e+01,2.424044e+01,2.455038e+01,2.454365e+01,2.407161e+01,2.408512e+01,2.393634e+01,2.387542e+01,2.385510e+01,2.376702e+01,2.380768e+01,2.388219e+01,2.380091e+01,2.397694e+01,2.394311e+01,2.402428e+01,2.402428e+01,2.424719e+01,2.426743e+01,2.428766e+01,2.416619e+01,2.407837e+01,2.410540e+01,2.405809e+01,2.409188e+01,2.409188e+01,2.397694e+01,2.393634e+01,2.414593e+01,2.398371e+01,2.392281e+01,2.395664e+01,2.380091e+01,2.386865e+01,2.387542e+01,2.384833e+01,2.381446e+01,2.390250e+01,2.391604e+01,2.389573e+01,2.392281e+01,2.399047e+01,2.399723e+01,2.394311e+01,2.405133e+01,2.403781e+01,2.399723e+01,2.417294e+01,2.402428e+01,2.403781e+01,2.399047e+01,2.410540e+01,2.411891e+01,2.409188e+01,2.407837e+01,2.432812e+01,2.430790e+01,2.408512e+01,2.411891e+01,2.412566e+01,2.419319e+01,2.415268e+01,2.430115e+01,2.424719e+01,2.424719e+01,2.428092e+01,2.434161e+01,2.422694e+01,2.432812e+01,2.427417e+01,2.434161e+01,2.432812e+01,2.415268e+01,2.427417e+01,2.430790e+01,2.427417e+01,2.429441e+01,2.419994e+01,2.432812e+01,2.431464e+01,2.436857e+01,2.429441e+01,2.423369e+01,2.429441e+01,2.432138e+01,2.437531e+01,2.434835e+01,2.433487e+01,2.433487e+01,2.437531e+01,2.428092e+01,2.438878e+01,2.436183e+01,2.421344e+01,2.428092e+01,2.431464e+01,2.440900e+01,2.442247e+01,2.442247e+01,2.433487e+01,2.437531e+01,2.434835e+01,2.432812e+01,2.436183e+01,2.434161e+01,2.417969e+01,2.425393e+01,2.426743e+01,2.423369e+01,2.419994e+01,2.422694e+01,2.424044e+01,2.405133e+01,2.434835e+01,2.412566e+01,2.432812e+01,2.434835e+01,2.419319e+01,2.417294e+01,2.421344e+01,2.408512e+01,2.411215e+01,2.400400e+01,2.405809e+01,2.407161e+01,2.391604e+01,2.373312e+01,2.371277e+01,2.384833e+01,2.401752e+01,2.392281e+01,2.413917e+01,2.428766e+01,2.419319e+01,2.408512e+01,2.405809e+01,2.403781e+01,2.387542e+01,2.392958e+01,2.389573e+01,2.384155e+01,2.384155e+01,2.388896e+01,2.386187e+01,2.397694e+01,2.392958e+01,2.394311e+01,2.387542e+01,2.393634e+01,2.382801e+01,2.380768e+01,2.387542e+01,2.390250e+01,2.403781e+01,2.405809e+01,2.403105e+01,2.423369e+01,2.422694e+01,2.412566e+01,2.417294e+01,2.421344e+01,2.421344e+01,2.401076e+01,2.414593e+01,2.422019e+01,2.402428e+01,2.412566e+01,2.397694e+01,2.408512e+01,2.388219e+01,2.387542e+01,2.378057e+01,2.377380e+01,2.357025e+01,2.360420e+01,2.348872e+01,2.348872e+01,2.344793e+01,2.341393e+01,2.342753e+01,2.312786e+01,2.313468e+01,2.319604e+01,2.328461e+01,2.324374e+01,2.320967e+01,2.331866e+01,2.351590e+01,2.338672e+01,2.367886e+01,2.373312e+01,2.361778e+01,2.369242e+01,2.363136e+01,2.375346e+01,2.363136e+01,2.376702e+01,2.367886e+01,2.359062e+01,2.348872e+01,2.345473e+01,2.337991e+01,2.328461e+01,2.338672e+01,2.361778e+01,2.394311e+01,2.395664e+01,2.397018e+01,2.405809e+01,2.431464e+01,2.411891e+01,2.442247e+01,2.442921e+01,2.437531e+01,2.425393e+01,2.434161e+01,2.440900e+01,2.455038e+01,2.448981e+01,2.460419e+01,2.445614e+01,2.457056e+01,2.449654e+01,2.458401e+01,2.463108e+01,2.459746e+01,2.455710e+01,2.457728e+01,2.460419e+01,2.458401e+01,2.448981e+01,2.461763e+01,2.464452e+01,2.460419e+01,2.453019e+01,2.467813e+01,2.457056e+01,2.455710e+01,2.456383e+01,2.459746e+01,2.465124e+01,2.466469e+01,2.459073e+01,2.466469e+01,2.458401e+01,2.467141e+01,2.457728e+01,2.465124e+01,2.461763e+01,2.465796e+01,2.456383e+01,2.457728e+01,2.461091e+01,2.459746e+01,2.459073e+01,2.458401e+01,2.465124e+01,2.467813e+01,2.454365e+01,2.465796e+01,2.461091e+01,2.472515e+01,2.464452e+01,2.462436e+01,2.463780e+01,2.463108e+01,2.467813e+01,2.461091e+01,2.465124e+01,2.467141e+01,2.455038e+01,2.475873e+01,2.458401e+01,2.459746e+01,2.456383e+01,2.463108e+01,2.464452e+01,2.460419e+01,2.471172e+01,2.459746e+01,2.458401e+01,2.456383e+01,2.466469e+01,2.465124e+01,2.462436e+01,2.457056e+01,2.459746e+01,2.458401e+01,2.453692e+01,2.459746e+01,2.459746e+01,2.469828e+01,2.461763e+01,2.457056e+01,2.451673e+01,2.457056e+01,2.459073e+01,2.460419e+01,2.463780e+01,2.459746e+01,2.455710e+01,2.454365e+01,2.449654e+01,2.452346e+01,2.451000e+01,2.440900e+01,2.446961e+01,2.448308e+01,2.448981e+01,2.458401e+01,2.448308e+01,2.453692e+01,2.442247e+01,2.455038e+01,2.461763e+01,2.489964e+01,2.520094e+01,2.522768e+01,2.536129e+01,2.555471e+01,2.521431e+01,2.518088e+01,2.475873e+01,2.451000e+01,2.467813e+01,2.450327e+01,2.448981e+01,2.440226e+01,2.453692e+01,2.455038e+01,2.443594e+01,2.448981e+01,2.436183e+01,2.443594e+01,2.426743e+01,2.413917e+01,2.401076e+01,2.391604e+01,2.390927e+01,2.397694e+01,2.492645e+01,2.527446e+01,2.555471e+01,2.565462e+01,2.570786e+01,2.576108e+01,2.566127e+01,2.572782e+01,2.574113e+01,2.556804e+01,2.562798e+01,2.557470e+01,2.526110e+01,2.527446e+01,2.493986e+01,2.485940e+01,2.449654e+01,2.431464e+01,2.432812e+01,2.443594e+01,2.443594e+01,2.456383e+01,2.429441e+01,2.439552e+01,2.442921e+01,2.436857e+01,2.438878e+01,2.436183e+01,2.438878e+01,2.442921e+01,2.437531e+01,2.437531e+01,2.434161e+01,2.412566e+01,2.402428e+01,2.418644e+01,2.410540e+01,2.442921e+01,2.436857e+01,2.427417e+01,2.442247e+01,2.441573e+01,2.444941e+01,2.444941e+01,2.443594e+01,2.440900e+01,2.437531e+01,2.438205e+01,2.439552e+01,2.436183e+01,2.434835e+01,2.453019e+01,2.438205e+01,2.451673e+01,2.439552e+01,2.445614e+01,2.448308e+01,2.449654e+01,2.430790e+01,2.447635e+01,2.449654e+01,2.442921e+01,2.436183e+01,2.445614e+01,2.450327e+01,2.443594e+01,2.450327e+01,2.446288e+01,2.436857e+01,2.447635e+01,2.442921e+01,2.446961e+01,2.452346e+01,2.448308e+01,2.444268e+01,2.456383e+01,2.442247e+01,2.461763e+01,2.442247e+01,2.455710e+01,2.455038e+01,2.458401e+01,2.451000e+01,2.455710e+01,2.449654e+01,2.450327e+01,2.452346e+01,2.443594e+01,2.446961e+01,2.444268e+01,2.455038e+01,2.448981e+01,2.466469e+01,2.448308e+01,2.451673e+01,2.444268e+01,2.442921e+01,2.443594e+01,2.448308e+01,2.444268e+01,2.451000e+01,2.452346e+01,2.440900e+01,2.455710e+01,2.442247e+01,2.440900e+01,2.462436e+01,2.459746e+01,2.456383e+01,2.449654e+01,2.450327e+01,2.442247e+01,2.449654e+01,2.447635e+01,2.452346e+01,2.446288e+01,2.464452e+01,2.451673e+01,2.462436e+01,2.449654e+01,2.453692e+01,2.452346e+01,2.453692e+01,2.456383e+01,2.457728e+01,2.454365e+01,2.440900e+01,2.467813e+01
2.368564e+01,2.373990e+01,2.388219e+01,2.386187e+01,2.388896e+01,2.397018e+01,2.384155e+01,2.393634e+01,2.393634e+01,2.373990e+01,2.382801e+01,2.378735e+01,2.383478e+01,2.373990e+01,2.383478e+01,2.380768e+01,2.368564e+01,2.367207e+01,2.344793e+01,2.358383e+01,2.373990e+01,2.369921e+01,2.381446e+01,2.372634e+01,2.373990e+01,2.373990e+01,2.380768e+01,2.373990e+01,2.354308e+01,2.355667e+01,2.372634e+01,2.351590e+01,2.352270e+01,2.350911e+01,2.349552e+01,2.351590e+01,2.343433e+01,2.343433e+01,2.349552e+01,2.357025e+01,2.356346e+01,2.343433e+01,2.333908e+01,2.333908e+01,2.354987e+01,2.346833e+01,2.344793e+01,2.342073e+01,2.344113e+01,2.346153e+01,2.350911e+01,2.353629e+01,2.345473e+01,2.337311e+01,2.348872e+01,2.349552e+01,2.361099e+01,2.359741e+01,2.343433e+01,2.337311e+01,2.335950e+01,2.343433e+01,2.360420e+01,2.352270e+01,2.369242e+01,2.363814e+01,2.369242e+01,2.354987e+01,2.373312e+01,2.371277e+01,2.379413e+01,2.382123e+01,2.403781e+01,2.406485e+01,2.408512e+01,2.428092e+01,2.417969e+01,2.438205e+01,2.435509e+01,2.450327e+01,2.414593e+01,2.381446e+01,2.399047e+01,2.402428e+01,2.373312e+01,2.413242e+01,2.417294e+01,2.419994e+01,2.439552e+01,2.452346e+01,2.459073e+01,2.461091e+01,2.472515e+01,2.471844e+01,2.463108e+01,2.444268e+01,2.443594e+01,2.434835e+01,2.395664e+01,2.411891e+01,2.398371e+01,2.398371e+01,2.393634e+01,2.373312e+01,2.373312e+01,2.358383e+01,2.350911e+01,2.344793e+01,2.345473e+01,2.355667e+01,2.354987e+01,2.348192e+01,2.348872e+01,2.354987e+01,2.351590e+01,2.345473e+01,2.346153e+01,2.355667e+01,2.352949e+01,2.347513e+01,2.340713e+01,2.349552e+01,2.349552e+01,2.361778e+01,2.357025e+01,2.360420e+01,2.348872e+01,2.346153e+01,2.364493e+01,2.357025e+01,2.354987e+01,2.362457e+01,2.352270e+01,2.357025e+01,2.361778e+01,2.346833e+01,2.356346e+01,2.353629e+01,2.373990e+01,2.348872e+01,2.369242e+01,2.366529e+01,2.367207e+01,2.374668e+01,2.368564e+01,2.378735e+01,2.380768e+01,2.382801e+01,2.410540e+01,2.406485e+01,2.426068e+01,2.426743e+01,2.416619e+01,2.415268e+01,2.400400e+01,2.395664e+01,2.408512e+01,2.397018e+01,2.404457e+01,2.418644e+01,2.450327e+01,2.454365e+01,2.467813e+01,2.466469e+01,2.462436e+01,2.464452e+01,2.460419e+01,2.440900e+01,2.419994e+01,2.399723e+01,2.403105e+01,2.406485e+01,2.400400e+01,2.431464e+01,2.447635e+01,2.413242e+01,2.382801e+01,2.382123e+01,2.393634e+01,2.380768e+01,2.392281e+01,2.382123e+01,2.386187e+01,2.388219e+01,2.382801e+01,2.380091e+01,2.398371e+01,2.405809e+01,2.403781e+01,2.434835e+01,2.421344e+01,2.430115e+01,2.428092e+01,2.415268e+01,2.416619e+01,2.414593e+01,2.406485e+01,2.410540e+01,2.406485e+01,2.391604e+01,2.392958e+01,2.404457e+01,2.387542e+01,2.391604e+01,2.386187e+01,2.378057e+01,2.367886e+01,2.389573e+01,2.389573e+01,2.390927e+01,2.390927e+01,2.390250e+01,2.405809e+01,2.403105e+01,2.401752e+01,2.411891e+01,2.422694e+01,2.419319e+01,2.428766e+01,2.430115e+01,2.426068e+01,2.430115e+01,2.429441e+01,2.413917e+01,2.435509e+01,2.432812e+01,2.431464e+01,2.433487e+01,2.431464e+01,2.438878e+01,2.447635e+01,2.440226e+01,2.436183e+01,2.430115e+01,2.442247e+01,2.420670e+01,2.436857e+01,2.434161e+01,2.432812e+01,2.428092e+01,2.455038e+01,2.429441e+01,2.440900e+01,2.442247e+01,2.433487e+01,2.436857e+01,2.423369e+01,2.432812e+01,2.433487e+01,2.439552e+01,2.434161e+01,2.437531e+01,2.426743e+01,2.426743e+01,2.432138e+01,2.429441e+01,2.435509e+01,2.432812e+01,2.437531e+01,2.439552e+01,2.438205e+01,2.435509e+01,2.435509e+01,2.436857e+01,2.438205e+01,2.434161e+01,2.438878e+01,2.444941e+01,2.424044e+01,2.444268e+01,2.433487e+01,2.435509e+01,2.440226e+01,2.434161e+01,2.430115e+01,2.428766e+01,2.426743e+01,2.426068e+01,2.422019e+01,2.424719e+01,2.432812e+01,2.437531e+01,2.437531e+01,2.435509e+01,2.425393e+01,2.436857e+01,2.415943e+01,2.422694e+01,2.410540e+01,2.415943e+01,2.418644e+01,2.406485e+01,2.403105e+01,2.386187e+01,2.386187e+01,2.403105e+01,2.386187e+01,2.355667e+01,2.369921e+01,2.373312e+01,2.361099e+01,2.366529e+01,2.394988e+01,2.411891e+01,2.425393e+01,2.419994e+01,2.396341e+01,2.387542e+01,2.386187e+01,2.403105e+01,2.398371e+01,2.366529e+01,2.386187e+01,2.382801e+01,2.394988e+01,2.407161e+01,2.407161e+01,2.423369e+01,2.433487e+01,2.424044e+01,2.399723e+01,2.394311e+01,2.388219e+01,2.393634e+01,2.394311e+01,2.395664e+01,2.399723e+01,2.408512e+01,2.392281e+01,2.407161e+01,2.409188e+01,2.413242e+01,2.407161e+01,2.401752e+01,2.401752e+01,2.406485e+01,2.403105e+01,2.405133e+01,2.405133e+01,2.404457e+01,2.405133e+01,2.384833e+01,2.380768e+01,2.357704e+01,2.364493e+01,2.365172e+01,2.359741e+01,2.358383e+01,2.342753e+01,2.341393e+01,2.346153e+01,2.338672e+01,2.311422e+01,2.309375e+01,2.333228e+01,2.324374e+01,2.328461e+01,2.328461e+01,2.323012e+01,2.333908e+01,2.347513e+01,2.366529e+01,2.356346e+01,2.358383e+01,2.364493e+01,2.372634e+01,2.367886e+01,2.371277e+01,2.367886e+01,2.355667e+01,2.342753e+01,2.333908e+01,2.323012e+01,2.326418e+01,2.344793e+01,2.349552e+01,2.357025e+01,2.386187e+01,2.390927e+01,2.415268e+01,2.398371e+01,2.397694e+01,2.407837e+01,2.432138e+01,2.432812e+01,2.424719e+01,2.422694e+01,2.438205e+01,2.437531e+01,2.442921e+01,2.427417e+01,2.446288e+01,2.458401e+01,2.456383e+01,2.450327e+01,2.449654e+01,2.461091e+01,2.457728e+01,2.463780e+01,2.461091e+01,2.461763e+01,2.454365e+01,2.445614e+01,2.461091e+01,2.463108e+01,2.462436e+01,2.457056e+01,2.456383e+01,2.457728e+01,2.457728e+01,2.457056e+01,2.463108e+01,2.461091e+01,2.462436e+01,2.463780e+01,2.461091e+01,2.460419e+01,2.460419e+01,2.456383e+01,2.465796e+01,2.467813e+01,2.468484e+01,2.462436e+01,2.457728e+01,2.462436e+01,2.463780e+01,2.465124e+01,2.460419e+01,2.462436e+01,2.462436e+01,2.465124e+01,2.458401e+01,2.465124e+01,2.475873e+01,2.471172e+01,2.461091e+01,2.467141e+01,2.463108e+01,2.469828e+01,2.461763e+01,2.457056e+01,2.463108e+01,2.468484e+01,2.455710e+01,2.456383e+01,2.457728e+01,2.465124e+01,2.460419e+01,2.461763e+01,2.461091e+01,2.464452e+01,2.460419e+01,2.465124e+01,2.466469e+01,2.465124e+01,2.453692e+01,2.456383e+01,2.461763e+01,2.452346e+01,2.458401e+01,2.458401e+01,2.460419e+01,2.461091e+01,2.459746e+01,2.461763e+01,2.454365e+01,2.456383e+01,2.461763e+01,2.457056e+01,2.461763e+01,2.459073e+01,2.461091e+01,2.452346e+01,2.448308e+01,2.453019e+01,2.471172e+01,2.446961e+01,2.451673e+01,2.449654e+01,2.457056e+01,2.445614e+01,2.448981e+01,2.456383e+01,2.446288e+01,2.457728e+01,2.461763e+01,2.470500e+01,2.486610e+01,2.530787e+01,2.548138e+01,2.548805e+01,2.564796e+01,2.569455e+01,2.534793e+01,2.521431e+01,2.506044e+01,2.487281e+01,2.467141e+01,2.464452e+01,2.467813e+01,2.449654e+01,2.442247e+01,2.443594e+01,2.440900e+01,2.437531e+01,2.453019e+01,2.424044e+01,2.412566e+01,2.422019e+01,2.390927e+01,2.391604e+01,2.433487e+01,2.512737e+01,2.556804e+01,2.552805e+01,2.574778e+01,2.569455e+01,2.575443e+01,2.566127e+01,2.564130e+01,2.564796e+01,2.552805e+01,2.542135e+01,2.536796e+01,2.542135e+01,2.518757e+01,2.494656e+01,2.477887e+01,2.451000e+01,2.433487e+01,2.409188e+01,2.438205e+01,2.422694e+01,2.438878e+01,2.433487e+01,2.442921e+01,2.437531e+01,2.444941e+01,2.437531e+01,2.436183e+01,2.440226e+01,2.438205e+01,2.455038e+01,2.430790e+01,2.436183e+01,2.414593e+01,2.399047e+01,2.391604e+01,2.419319e+01,2.426743e+01,2.449654e+01,2.436183e+01,2.428766e+01,2.436857e+01,2.433487e+01,2.440900e+01,2.442921e+01,2.446288e+01,2.438205e+01,2.438205e+01,2.442921e+01,2.434835e+01,2.435509e+01,2.438878e+01,2.445614e+01,2.438205e+01,2.438205e+01,2.442247e+01,2.441573e+01,2.453692e+01,2.446961e+01,2.440900e+01,2.440226e+01,2.444268e+01,2.447635e+01,2.446961e+01,2.447635e+01,2.444941e+01,2.456383e+01,2.451673e+01,2.446288e+01,2.448308e+01,2.449654e+01,2.451000e+01,2.450327e+01,2.455710e+01,2.446961e+01,2.453692e+01,2.457728e+01,2.452346e+01,2.459746e+01,2.442247e+01,2.461763e+01,2.453692e+01,2.455038e+01,2.456383e+01,2.440900e+01,2.452346e+01,2.453692e+01,2.455038e+01,2.457056e+01,2.451000e+01,2.445614e+01,2.452346e+01,2.448981e+01,2.458401e+01,2.446288e+01,2.447635e+01,2.461763e+01,2.459746e+01,2.451673e+01,2.472515e+01,2.450327e+01,2.446961e+01,2.456383e+01,2.461763e+01,2.449654e+01,2.451673e+01,2.463108e+01,2.457056e+01,2.446961e+01,2.456383e+01,2.445614e+01,2.447635e+01,2.463108e+01,2.451000e+01,2.454365e+01,2.462436e+01,2.448981e+01,2.443594e+01,2.454365e+01,2.457728e+01,2.457728e+01,2.455038e+01,2.454365e+01,2.451000e+01,2.449654e+01,2.444268e+01,2.457056e+01,2.455038e+01
2.386187e+01,2.373990e+01,2.376702e+01,2.376702e+01,2.376024e+01,2.384833e+01,2.374668e+01,2.388896e+01,2.384833e+01,2.373312e+01,2.369242e+01,2.371956e+01,2.361778e+01,2.366529e+01,2.370599e+01,2.360420e+01,2.365172e+01,2.360420e+01,2.358383e+01,2.359062e+01,2.368564e+01,2.374668e+01,2.359741e+01,2.378735e+01,2.371956e+01,2.373990e+01,2.378057e+01,2.354987e+01,2.353629e+01,2.355667e+01,2.359062e+01,2.353629e+01,2.360420e+01,2.348192e+01,2.346833e+01,2.352949e+01,2.348872e+01,2.341393e+01,2.335950e+01,2.351590e+01,2.340713e+01,2.331866e+01,2.342753e+01,2.337311e+01,2.346833e+01,2.341393e+01,2.340032e+01,2.346153e+01,2.341393e+01,2.352949e+01,2.341393e+01,2.352949e+01,2.354308e+01,2.356346e+01,2.341393e+01,2.342753e+01,2.349552e+01,2.344113e+01,2.342753e+01,2.346833e+01,2.342073e+01,2.354987e+01,2.356346e+01,2.356346e+01,2.363136e+01,2.363814e+01,2.365850e+01,2.367886e+01,2.371277e+01,2.373312e+01,2.376024e+01,2.394988e+01,2.398371e+01,2.402428e+01,2.394988e+01,2.409864e+01,2.438878e+01,2.436183e+01,2.446961e+01,2.437531e+01,2.410540e+01,2.383478e+01,2.392958e+01,2.380091e+01,2.394311e+01,2.399723e+01,2.416619e+01,2.414593e+01,2.430115e+01,2.436183e+01,2.448308e+01,2.449654e+01,2.444268e+01,2.457056e+01,2.432138e+01,2.422694e+01,2.422694e+01,2.418644e+01,2.413242e+01,2.411891e+01,2.394988e+01,2.396341e+01,2.371277e+01,2.360420e+01,2.361778e+01,2.349552e+01,2.354987e+01,2.361778e+01,2.338672e+01,2.349552e+01,2.352949e+01,2.356346e+01,2.348872e+01,2.350231e+01,2.361778e+01,2.359062e+01,2.351590e+01,2.348192e+01,2.350911e+01,2.356346e+01,2.359741e+01,2.356346e+01,2.352270e+01,2.372634e+01,2.359062e+01,2.351590e+01,2.361778e+01,2.357704e+01,2.371956e+01,2.368564e+01,2.355667e+01,2.363814e+01,2.361099e+01,2.352270e+01,2.364493e+01,2.367207e+01,2.359741e+01,2.376702e+01,2.369921e+01,2.369921e+01,2.368564e+01,2.381446e+01,2.384833e+01,2.369242e+01,2.384155e+01,2.385510e+01,2.386187e+01,2.382123e+01,2.406485e+01,2.407837e+01,2.421344e+01,2.423369e+01,2.435509e+01,2.422694e+01,2.416619e+01,2.385510e+01,2.390927e+01,2.394988e+01,2.406485e+01,2.406485e+01,2.415268e+01,2.421344e+01,2.419319e+01,2.419994e+01,2.430115e+01,2.418644e+01,2.416619e+01,2.420670e+01,2.398371e+01,2.400400e+01,2.390927e+01,2.395664e+01,2.397018e+01,2.410540e+01,2.396341e+01,2.384155e+01,2.390250e+01,2.385510e+01,2.388219e+01,2.390250e+01,2.380768e+01,2.384833e+01,2.378735e+01,2.385510e+01,2.381446e+01,2.380091e+01,2.390250e+01,2.400400e+01,2.409188e+01,2.415943e+01,2.430115e+01,2.433487e+01,2.424044e+01,2.435509e+01,2.392958e+01,2.414593e+01,2.407837e+01,2.403781e+01,2.392281e+01,2.403781e+01,2.397694e+01,2.388896e+01,2.393634e+01,2.390927e+01,2.387542e+01,2.390927e+01,2.392958e+01,2.391604e+01,2.391604e+01,2.405809e+01,2.408512e+01,2.417969e+01,2.418644e+01,2.426743e+01,2.424044e+01,2.419994e+01,2.435509e+01,2.435509e+01,2.433487e+01,2.431464e+01,2.434161e+01,2.434835e+01,2.434835e+01,2.430790e+01,2.433487e+01,2.421344e+01,2.427417e+01,2.432812e+01,2.436857e+01,2.438205e+01,2.435509e+01,2.438205e+01,2.439552e+01,2.430115e+01,2.428092e+01,2.442247e+01,2.438878e+01,2.448308e+01,2.429441e+01,2.438878e+01,2.433487e+01,2.428092e+01,2.436857e+01,2.438205e+01,2.434835e+01,2.433487e+01,2.434161e+01,2.427417e+01,2.430790e+01,2.434161e+01,2.435509e+01,2.435509e+01,2.446288e+01,2.433487e+01,2.436857e+01,2.446288e+01,2.436183e+01,2.436857e+01,2.444268e+01,2.426068e+01,2.432138e+01,2.436857e+01,2.436857e+01,2.438205e+01,2.434161e+01,2.438205e+01,2.432812e+01,2.431464e+01,2.432812e+01,2.432812e+01,2.443594e+01,2.442247e+01,2.440900e+01,2.424044e+01,2.439552e+01,2.429441e+01,2.426743e+01,2.428092e+01,2.423369e+01,2.452346e+01,2.425393e+01,2.426743e+01,2.438205e+01,2.404457e+01,2.428766e+01,2.428766e+01,2.411215e+01,2.421344e+01,2.414593e+01,2.413917e+01,2.409864e+01,2.405809e+01,2.392958e+01,2.390927e+01,2.362457e+01,2.367207e+01,2.373312e+01,2.371277e+01,2.361099e+01,2.384155e+01,2.388896e+01,2.369242e+01,2.392958e+01,2.390927e+01,2.373312e+01,2.374668e+01,2.377380e+01,2.392958e+01,2.386865e+01,2.386187e+01,2.384833e+01,2.383478e+01,2.385510e+01,2.382801e+01,2.394311e+01,2.419994e+01,2.448981e+01,2.450327e+01,2.426068e+01,2.426068e+01,2.419994e+01,2.386865e+01,2.384155e+01,2.397018e+01,2.398371e+01,2.399723e+01,2.404457e+01,2.401752e+01,2.405133e+01,2.409864e+01,2.409864e+01,2.390927e+01,2.397694e+01,2.395664e+01,2.407161e+01,2.386865e+01,2.402428e+01,2.394988e+01,2.384155e+01,2.382123e+01,2.378735e+01,2.378057e+01,2.384833e+01,2.395664e+01,2.387542e+01,2.392281e+01,2.365850e+01,2.359741e+01,2.336630e+01,2.320286e+01,2.319604e+01,2.338672e+01,2.316195e+01,2.312786e+01,2.310057e+01,2.328461e+01,2.330504e+01,2.325056e+01,2.337311e+01,2.335950e+01,2.356346e+01,2.356346e+01,2.354987e+01,2.364493e+01,2.362457e+01,2.376702e+01,2.375346e+01,2.379413e+01,2.380091e+01,2.372634e+01,2.348872e+01,2.350911e+01,2.330504e+01,2.326418e+01,2.330504e+01,2.331185e+01,2.345473e+01,2.362457e+01,2.380768e+01,2.391604e+01,2.395664e+01,2.417969e+01,2.432812e+01,2.444268e+01,2.439552e+01,2.427417e+01,2.435509e+01,2.423369e+01,2.434835e+01,2.428766e+01,2.448981e+01,2.438878e+01,2.451000e+01,2.453692e+01,2.458401e+01,2.458401e+01,2.458401e+01,2.463780e+01,2.457056e+01,2.467141e+01,2.461763e+01,2.460419e+01,2.454365e+01,2.461763e+01,2.459073e+01,2.459746e+01,2.471844e+01,2.471172e+01,2.467813e+01,2.452346e+01,2.450327e+01,2.461091e+01,2.457056e+01,2.467813e+01,2.461091e+01,2.461763e+01,2.465124e+01,2.466469e+01,2.473858e+01,2.473187e+01,2.466469e+01,2.467813e+01,2.461763e+01,2.459073e+01,2.462436e+01,2.459073e+01,2.461091e+01,2.456383e+01,2.461763e+01,2.457728e+01,2.462436e+01,2.460419e+01,2.461763e+01,2.460419e+01,2.462436e+01,2.461763e+01,2.464452e+01,2.462436e+01,2.463780e+01,2.465124e+01,2.463780e+01,2.461763e+01,2.454365e+01,2.455038e+01,2.456383e+01,2.456383e+01,2.457728e+01,2.457728e+01,2.466469e+01,2.459746e+01,2.463108e+01,2.458401e+01,2.459746e+01,2.461763e+01,2.459746e+01,2.459746e+01,2.455710e+01,2.453692e+01,2.452346e+01,2.452346e+01,2.459746e+01,2.454365e+01,2.456383e+01,2.457728e+01,2.457056e+01,2.455038e+01,2.463108e+01,2.460419e+01,2.460419e+01,2.457728e+01,2.451673e+01,2.457056e+01,2.455038e+01,2.461091e+01,2.451673e+01,2.453692e+01,2.448981e+01,2.450327e+01,2.454365e+01,2.458401e+01,2.455038e+01,2.455710e+01,2.451000e+01,2.456383e+01,2.465124e+01,2.456383e+01,2.500017e+01,2.517419e+01,2.521431e+01,2.558136e+01,2.572782e+01,2.564130e+01,2.544137e+01,2.572782e+01,2.536129e+01,2.524105e+01,2.502696e+01,2.490634e+01,2.464452e+01,2.467813e+01,2.442247e+01,2.452346e+01,2.448308e+01,2.438205e+01,2.435509e+01,2.446961e+01,2.428092e+01,2.424719e+01,2.398371e+01,2.400400e+01,2.442247e+01,2.533458e+01,2.536796e+01,2.562798e+01,2.578768e+01,2.572117e+01,2.570786e+01,2.572117e+01,2.562798e+01,2.566793e+01,2.566793e+01,2.556804e+01,2.532122e+01,2.516082e+01,2.532122e+01,2.512068e+01,2.506044e+01,2.468484e+01,2.465124e+01,2.429441e+01,2.431464e+01,2.428092e+01,2.450327e+01,2.434161e+01,2.436857e+01,2.448981e+01,2.439552e+01,2.438878e+01,2.434835e+01,2.456383e+01,2.437531e+01,2.451673e+01,2.442921e+01,2.458401e+01,2.440226e+01,2.415943e+01,2.392958e+01,2.391604e+01,2.420670e+01,2.443594e+01,2.450327e+01,2.446961e+01,2.452346e+01,2.439552e+01,2.438878e+01,2.445614e+01,2.439552e+01,2.438878e+01,2.445614e+01,2.436857e+01,2.438205e+01,2.436857e+01,2.436857e+01,2.436857e+01,2.450327e+01,2.440226e+01,2.439552e+01,2.445614e+01,2.436857e+01,2.451673e+01,2.442247e+01,2.440226e+01,2.446288e+01,2.447635e+01,2.440226e+01,2.448981e+01,2.446288e+01,2.452346e+01,2.447635e+01,2.449654e+01,2.451673e+01,2.450327e+01,2.459746e+01,2.442247e+01,2.442921e+01,2.459073e+01,2.440226e+01,2.452346e+01,2.444268e+01,2.447635e+01,2.450327e+01,2.451000e+01,2.462436e+01,2.447635e+01,2.437531e+01,2.456383e+01,2.449654e+01,2.453019e+01,2.455038e+01,2.437531e+01,2.452346e+01,2.442921e+01,2.444941e+01,2.448981e+01,2.452346e+01,2.449654e+01,2.444941e+01,2.448981e+01,2.451000e+01,2.464452e+01,2.452346e+01,2.445614e+01,2.453019e+01,2.452346e+01,2.451000e+01,2.452346e+01,2.453692e+01,2.443594e+01,2.449654e+01,2.462436e+01,2.448981e+01,2.450327e+01,2.452346e+01,2.451673e+01,2.454365e+01,2.461763e+01,2.461763e+01,2.459073e+01,2.451673e+01,2.442247e+01,2.464452e+01,2.456383e+01,2.457728e+01,2.449654e+01,2.452346e+01,2.446961e+01,2.454365e+01,2.453019e+01,2.453019e+01,2.461091e+01
2.365850e+01,2.367886e+01,2.362457e+01,2.367886e+01,2.376702e+01,2.373990e+01,2.369921e+01,2.361099e+01,2.376024e+01,2.371277e+01,2.367207e+01,2.367207e+01,2.361778e+01,2.377380e+01,2.363136e+01,2.359741e+01,2.361778e+01,2.355667e+01,2.358383e+01,2.361778e+01,2.364493e+01,2.371956e+01,2.371277e+01,2.369242e+01,2.357704e+01,2.355667e+01,2.359062e+01,2.352270e+01,2.350911e+01,2.353629e+01,2.354987e+01,2.354987e+01,2.352270e+01,2.353629e+01,2.342753e+01,2.355667e+01,2.357025e+01,2.340713e+01,2.337991e+01,2.357025e+01,2.340713e+01,2.347513e+01,2.342073e+01,2.358383e+01,2.349552e+01,2.347513e+01,2.342753e+01,2.341393e+01,2.346153e+01,2.344113e+01,2.346833e+01,2.336630e+01,2.351590e+01,2.352949e+01,2.356346e+01,2.357025e+01,2.344113e+01,2.354308e+01,2.354987e+01,2.355667e+01,2.335269e+01,2.351590e+01,2.355667e+01,2.357704e+01,2.359741e+01,2.358383e+01,2.363136e+01,2.363814e+01,2.353629e+01,2.372634e+01,2.371277e+01,2.390250e+01,2.402428e+01,2.401752e+01,2.405809e+01,2.416619e+01,2.440900e+01,2.430790e+01,2.448308e+01,2.409188e+01,2.380091e+01,2.376024e+01,2.382801e+01,2.376702e+01,2.403781e+01,2.403781e+01,2.405809e+01,2.412566e+01,2.407161e+01,2.424044e+01,2.438878e+01,2.442247e+01,2.418644e+01,2.422694e+01,2.420670e+01,2.404457e+01,2.407837e+01,2.404457e+01,2.384833e+01,2.370599e+01,2.386187e+01,2.365172e+01,2.359741e+01,2.359741e+01,2.355667e+01,2.355667e+01,2.360420e+01,2.360420e+01,2.358383e+01,2.352270e+01,2.357025e+01,2.353629e+01,2.381446e+01,2.356346e+01,2.352270e+01,2.359741e+01,2.370599e+01,2.360420e+01,2.382801e+01,2.381446e+01,2.377380e+01,2.383478e+01,2.362457e+01,2.371956e+01,2.371956e+01,2.376024e+01,2.365172e+01,2.378735e+01,2.379413e+01,2.369242e+01,2.390927e+01,2.376024e+01,2.362457e+01,2.384155e+01,2.379413e+01,2.365850e+01,2.388219e+01,2.372634e+01,2.378057e+01,2.376702e+01,2.379413e+01,2.390927e+01,2.374668e+01,2.392958e+01,2.403105e+01,2.392281e+01,2.383478e+01,2.409188e+01,2.406485e+01,2.407161e+01,2.417294e+01,2.419319e+01,2.420670e+01,2.424719e+01,2.403105e+01,2.403105e+01,2.399047e+01,2.394311e+01,2.397018e+01,2.388219e+01,2.392281e+01,2.401076e+01,2.410540e+01,2.409188e+01,2.405133e+01,2.405133e+01,2.390927e+01,2.382801e+01,2.388219e+01,2.390927e+01,2.379413e+01,2.367207e+01,2.371956e+01,2.378057e+01,2.373312e+01,2.410540e+01,2.382801e+01,2.388896e+01,2.381446e+01,2.402428e+01,2.389573e+01,2.383478e+01,2.394988e+01,2.392958e+01,2.392958e+01,2.383478e+01,2.401752e+01,2.391604e+01,2.428766e+01,2.430115e+01,2.428092e+01,2.424044e+01,2.434161e+01,2.422694e+01,2.419319e+01,2.413917e+01,2.413917e+01,2.419994e+01,2.398371e+01,2.417969e+01,2.401076e+01,2.398371e+01,2.409188e+01,2.390927e+01,2.403781e+01,2.390927e+01,2.403105e+01,2.411891e+01,2.411891e+01,2.424044e+01,2.425393e+01,2.432812e+01,2.425393e+01,2.430115e+01,2.432138e+01,2.434161e+01,2.436857e+01,2.436183e+01,2.435509e+01,2.434835e+01,2.436857e+01,2.433487e+01,2.434835e+01,2.439552e+01,2.436183e+01,2.440900e+01,2.440226e+01,2.434161e+01,2.434835e+01,2.428766e+01,2.436183e+01,2.444941e+01,2.440226e+01,2.433487e+01,2.438205e+01,2.434161e+01,2.454365e+01,2.448981e+01,2.426743e+01,2.446961e+01,2.434161e+01,2.438878e+01,2.463780e+01,2.436183e+01,2.424044e+01,2.432138e+01,2.444941e+01,2.433487e+01,2.436183e+01,2.440900e+01,2.440226e+01,2.435509e+01,2.444941e+01,2.436857e+01,2.442247e+01,2.427417e+01,2.440226e+01,2.441573e+01,2.438878e+01,2.433487e+01,2.432812e+01,2.448308e+01,2.446288e+01,2.434835e+01,2.437531e+01,2.427417e+01,2.436183e+01,2.438878e+01,2.434161e+01,2.441573e+01,2.441573e+01,2.440900e+01,2.435509e+01,2.434835e+01,2.440900e+01,2.436857e+01,2.437531e+01,2.430790e+01,2.434835e+01,2.422019e+01,2.428092e+01,2.417294e+01,2.431464e+01,2.435509e+01,2.422019e+01,2.426068e+01,2.405133e+01,2.407161e+01,2.395664e+01,2.409864e+01,2.385510e+01,2.386187e+01,2.378057e+01,2.370599e+01,2.363814e+01,2.352270e+01,2.365172e+01,2.376702e+01,2.384155e+01,2.413917e+01,2.411215e+01,2.388219e+01,2.388896e+01,2.388896e+01,2.369921e+01,2.373312e+01,2.374668e+01,2.375346e+01,2.362457e+01,2.388896e+01,2.399723e+01,2.389573e+01,2.382123e+01,2.385510e+01,2.409188e+01,2.449654e+01,2.480572e+01,2.518088e+01,2.510060e+01,2.444941e+01,2.418644e+01,2.383478e+01,2.382123e+01,2.383478e+01,2.378057e+01,2.397018e+01,2.397694e+01,2.394311e+01,2.386865e+01,2.392281e+01,2.385510e+01,2.388896e+01,2.395664e+01,2.394988e+01,2.404457e+01,2.381446e+01,2.390250e+01,2.373312e+01,2.369921e+01,2.373990e+01,2.381446e+01,2.377380e+01,2.386187e+01,2.401752e+01,2.451673e+01,2.453692e+01,2.407837e+01,2.376024e+01,2.329823e+01,2.320967e+01,2.324374e+01,2.322330e+01,2.308693e+01,2.326418e+01,2.323012e+01,2.332547e+01,2.335950e+01,2.356346e+01,2.356346e+01,2.364493e+01,2.363814e+01,2.389573e+01,2.358383e+01,2.359741e+01,2.366529e+01,2.384155e+01,2.373312e+01,2.370599e+01,2.376702e+01,2.357025e+01,2.356346e+01,2.345473e+01,2.338672e+01,2.338672e+01,2.325737e+01,2.342753e+01,2.345473e+01,2.350911e+01,2.373312e+01,2.373312e+01,2.394988e+01,2.409188e+01,2.443594e+01,2.449654e+01,2.445614e+01,2.435509e+01,2.432138e+01,2.405133e+01,2.417294e+01,2.425393e+01,2.429441e+01,2.444268e+01,2.444941e+01,2.445614e+01,2.456383e+01,2.443594e+01,2.459073e+01,2.449654e+01,2.463780e+01,2.450327e+01,2.462436e+01,2.454365e+01,2.458401e+01,2.457728e+01,2.457728e+01,2.457728e+01,2.451000e+01,2.473187e+01,2.464452e+01,2.471844e+01,2.455038e+01,2.461763e+01,2.459746e+01,2.459073e+01,2.455710e+01,2.455710e+01,2.457056e+01,2.455710e+01,2.469828e+01,2.467141e+01,2.473187e+01,2.456383e+01,2.453019e+01,2.456383e+01,2.453692e+01,2.457728e+01,2.455038e+01,2.456383e+01,2.465796e+01,2.465124e+01,2.461091e+01,2.458401e+01,2.455038e+01,2.461091e+01,2.463108e+01,2.458401e+01,2.463108e+01,2.459073e+01,2.463780e+01,2.462436e+01,2.458401e+01,2.454365e+01,2.453019e+01,2.457728e+01,2.455038e+01,2.456383e+01,2.458401e+01,2.457056e+01,2.454365e+01,2.461763e+01,2.470500e+01,2.459746e+01,2.459746e+01,2.471172e+01,2.465796e+01,2.457728e+01,2.456383e+01,2.456383e+01,2.454365e+01,2.458401e+01,2.455710e+01,2.457728e+01,2.455710e+01,2.455038e+01,2.455710e+01,2.460419e+01,2.461763e+01,2.458401e+01,2.461091e+01,2.461091e+01,2.457728e+01,2.460419e+01,2.451000e+01,2.461763e+01,2.456383e+01,2.454365e+01,2.446961e+01,2.451673e+01,2.452346e+01,2.453019e+01,2.455038e+01,2.457728e+01,2.453019e+01,2.451673e+01,2.453692e+01,2.487952e+01,2.510730e+01,2.516082e+01,2.538799e+01,2.578103e+01,2.575443e+01,2.584750e+01,2.574113e+01,2.570121e+01,2.565462e+01,2.535461e+01,2.537464e+01,2.520094e+01,2.476544e+01,2.450327e+01,2.457056e+01,2.444941e+01,2.451673e+01,2.449654e+01,2.451000e+01,2.453019e+01,2.424719e+01,2.421344e+01,2.396341e+01,2.446288e+01,2.504035e+01,2.557470e+01,2.575443e+01,2.582092e+01,2.572782e+01,2.580762e+01,2.579433e+01,2.581427e+01,2.568124e+01,2.571451e+01,2.550139e+01,2.548805e+01,2.539466e+01,2.530787e+01,2.507383e+01,2.526110e+01,2.493316e+01,2.471844e+01,2.471172e+01,2.454365e+01,2.415943e+01,2.442921e+01,2.436183e+01,2.451000e+01,2.438205e+01,2.442921e+01,2.438205e+01,2.438878e+01,2.440226e+01,2.446961e+01,2.438878e+01,2.436183e+01,2.476544e+01,2.475873e+01,2.457056e+01,2.409188e+01,2.413242e+01,2.430115e+01,2.440900e+01,2.428766e+01,2.440226e+01,2.446961e+01,2.432812e+01,2.442247e+01,2.437531e+01,2.429441e+01,2.445614e+01,2.452346e+01,2.442247e+01,2.436183e+01,2.435509e+01,2.437531e+01,2.436857e+01,2.457056e+01,2.451673e+01,2.449654e+01,2.450327e+01,2.437531e+01,2.443594e+01,2.446961e+01,2.444268e+01,2.442247e+01,2.445614e+01,2.446961e+01,2.442247e+01,2.447635e+01,2.444941e+01,2.445614e+01,2.447635e+01,2.454365e+01,2.445614e+01,2.441573e+01,2.442921e+01,2.444268e+01,2.440900e+01,2.448308e+01,2.443594e+01,2.450327e+01,2.444941e+01,2.444268e+01,2.453692e+01,2.446288e+01,2.450327e+01,2.449654e+01,2.448981e+01,2.448308e+01,2.446288e+01,2.444268e+01,2.463108e+01,2.443594e+01,2.455038e+01,2.439552e+01,2.459746e+01,2.446288e+01,2.465796e+01,2.449654e+01,2.463108e+01,2.444941e+01,2.448308e+01,2.451000e+01,2.456383e+01,2.451673e+01,2.447635e+01,2.454365e+01,2.470500e+01,2.449654e+01,2.454365e+01,2.448981e+01,2.447635e+01,2.446288e+01,2.443594e+01,2.448308e+01,2.446961e+01,2.453692e+01,2.458401e+01,2.450327e+01,2.456383e+01,2.457056e+01,2.455038e+01,2.454365e+01,2.456383e+01,2.466469e+01,2.453692e+01,2.445614e+01,2.449654e+01,2.455710e+01,2.449654e+01,2.456383e+01,2.455038e+01,2.460419e+01
2.371277e+01,2.364493e+01,2.369921e+01,2.359062e+01,2.365172e+01,2.377380e+01,2.361778e+01,2.363814e+01,2.363814e+01,2.359062e+01,2.352270e+01,2.350231e+01,2.362457e+01,2.350911e+01,2.358383e+01,2.350911e+01,2.359062e+01,2.360420e+01,2.354987e+01,2.356346e+01,2.370599e+01,2.360420e+01,2.363814e+01,2.359741e+01,2.367207e+01,2.348192e+01,2.363136e+01,2.364493e+01,2.353629e+01,2.363814e+01,2.361099e+01,2.346833e+01,2.346833e+01,2.350231e+01,2.350231e+01,2.358383e+01,2.342753e+01,2.338672e+01,2.340032e+01,2.343433e+01,2.343433e+01,2.344113e+01,2.359062e+01,2.352270e+01,2.344793e+01,2.342073e+01,2.337991e+01,2.345473e+01,2.344113e+01,2.351590e+01,2.354308e+01,2.335269e+01,2.350231e+01,2.343433e+01,2.357025e+01,2.348192e+01,2.349552e+01,2.343433e+01,2.347513e+01,2.348192e+01,2.337991e+01,2.340032e+01,2.353629e+01,2.355667e+01,2.346153e+01,2.360420e+01,2.358383e+01,2.367886e+01,2.357704e+01,2.373312e+01,2.397694e+01,2.386865e+01,2.396341e+01,2.396341e+01,2.404457e+01,2.415943e+01,2.437531e+01,2.448308e+01,2.425393e+01,2.390927e+01,2.382801e+01,2.388219e+01,2.380768e+01,2.393634e+01,2.413917e+01,2.413242e+01,2.399723e+01,2.406485e+01,2.409864e+01,2.410540e+01,2.416619e+01,2.398371e+01,2.401752e+01,2.419994e+01,2.396341e+01,2.401752e+01,2.391604e+01,2.384155e+01,2.374668e+01,2.373990e+01,2.370599e+01,2.371277e+01,2.369242e+01,2.358383e+01,2.360420e+01,2.347513e+01,2.354987e+01,2.361099e+01,2.359741e+01,2.380768e+01,2.379413e+01,2.397018e+01,2.384155e+01,2.374668e+01,2.373990e+01,2.384155e+01,2.399047e+01,2.399723e+01,2.388896e+01,2.388896e+01,2.388219e+01,2.382801e+01,2.378735e+01,2.396341e+01,2.380768e+01,2.381446e+01,2.401076e+01,2.405809e+01,2.391604e+01,2.392281e+01,2.390927e+01,2.388219e+01,2.384833e+01,2.394988e+01,2.397694e+01,2.371956e+01,2.382801e+01,2.411215e+01,2.395664e+01,2.392958e+01,2.394311e+01,2.407837e+01,2.419319e+01,2.427417e+01,2.414593e+01,2.409864e+01,2.425393e+01,2.427417e+01,2.421344e+01,2.430115e+01,2.430790e+01,2.434161e+01,2.426743e+01,2.416619e+01,2.417969e+01,2.418644e+01,2.422694e+01,2.398371e+01,2.403105e+01,2.402428e+01,2.404457e+01,2.403105e+01,2.407837e+01,2.401752e+01,2.419319e+01,2.402428e+01,2.392958e+01,2.385510e+01,2.388219e+01,2.371277e+01,2.365172e+01,2.365850e+01,2.380091e+01,2.382123e+01,2.397694e+01,2.406485e+01,2.399047e+01,2.403105e+01,2.402428e+01,2.394988e+01,2.397694e+01,2.403781e+01,2.407161e+01,2.413917e+01,2.411891e+01,2.414593e+01,2.413917e+01,2.428092e+01,2.432138e+01,2.430790e+01,2.440900e+01,2.428092e+01,2.435509e+01,2.434835e+01,2.426743e+01,2.424044e+01,2.426743e+01,2.422019e+01,2.420670e+01,2.422694e+01,2.412566e+01,2.403105e+01,2.391604e+01,2.411215e+01,2.415943e+01,2.403781e+01,2.425393e+01,2.437531e+01,2.438878e+01,2.424044e+01,2.440226e+01,2.439552e+01,2.434835e+01,2.438878e+01,2.434835e+01,2.434161e+01,2.442921e+01,2.446961e+01,2.443594e+01,2.440226e+01,2.434835e+01,2.437531e+01,2.435509e+01,2.438205e+01,2.428092e+01,2.440900e+01,2.444268e+01,2.430115e+01,2.428766e+01,2.430115e+01,2.434835e+01,2.436183e+01,2.436857e+01,2.434835e+01,2.431464e+01,2.430790e+01,2.445614e+01,2.441573e+01,2.452346e+01,2.452346e+01,2.440900e+01,2.441573e+01,2.442921e+01,2.436857e+01,2.430115e+01,2.444268e+01,2.444941e+01,2.431464e+01,2.439552e+01,2.438878e+01,2.442921e+01,2.434161e+01,2.443594e+01,2.436183e+01,2.437531e+01,2.439552e+01,2.437531e+01,2.439552e+01,2.435509e+01,2.437531e+01,2.442247e+01,2.442247e+01,2.444941e+01,2.445614e+01,2.440226e+01,2.438205e+01,2.440226e+01,2.438878e+01,2.440226e+01,2.435509e+01,2.440226e+01,2.441573e+01,2.438205e+01,2.437531e+01,2.440900e+01,2.429441e+01,2.434161e+01,2.443594e+01,2.430115e+01,2.441573e+01,2.442247e+01,2.432812e+01,2.414593e+01,2.422019e+01,2.422019e+01,2.419319e+01,2.405809e+01,2.399723e+01,2.390250e+01,2.394988e+01,2.390927e+01,2.381446e+01,2.368564e+01,2.365172e+01,2.345473e+01,2.347513e+01,2.378735e+01,2.379413e+01,2.401076e+01,2.397018e+01,2.394311e+01,2.386865e+01,2.373312e+01,2.363814e+01,2.363814e+01,2.363136e+01,2.371277e+01,2.364493e+01,2.374668e+01,2.373990e+01,2.390927e+01,2.402428e+01,2.399047e+01,2.405809e+01,2.444941e+01,2.486610e+01,2.542802e+01,2.580762e+01,2.540133e+01,2.477887e+01,2.420670e+01,2.394988e+01,2.383478e+01,2.381446e+01,2.386187e+01,2.398371e+01,2.389573e+01,2.389573e+01,2.399723e+01,2.374668e+01,2.388219e+01,2.384833e+01,2.387542e+01,2.388896e+01,2.375346e+01,2.380768e+01,2.371277e+01,2.378057e+01,2.365172e+01,2.370599e+01,2.379413e+01,2.382801e+01,2.403781e+01,2.443594e+01,2.455038e+01,2.464452e+01,2.447635e+01,2.377380e+01,2.346833e+01,2.317559e+01,2.327780e+01,2.322330e+01,2.333908e+01,2.320967e+01,2.329142e+01,2.329142e+01,2.361778e+01,2.363136e+01,2.365850e+01,2.382123e+01,2.398371e+01,2.371277e+01,2.392281e+01,2.384833e+01,2.382123e+01,2.382123e+01,2.368564e+01,2.380768e+01,2.367886e+01,2.373990e+01,2.353629e+01,2.337311e+01,2.346153e+01,2.338672e+01,2.344793e+01,2.342753e+01,2.350911e+01,2.359062e+01,2.357025e+01,2.360420e+01,2.379413e+01,2.393634e+01,2.397018e+01,2.413242e+01,2.439552e+01,2.451673e+01,2.425393e+01,2.405133e+01,2.407837e+01,2.414593e+01,2.425393e+01,2.440900e+01,2.440226e+01,2.448981e+01,2.446288e+01,2.440226e+01,2.451673e+01,2.451000e+01,2.462436e+01,2.455710e+01,2.461763e+01,2.459746e+01,2.455710e+01,2.458401e+01,2.461763e+01,2.457728e+01,2.458401e+01,2.463108e+01,2.453692e+01,2.467813e+01,2.460419e+01,2.453019e+01,2.453692e+01,2.455710e+01,2.453692e+01,2.461091e+01,2.453692e+01,2.454365e+01,2.452346e+01,2.467813e+01,2.467813e+01,2.448308e+01,2.448981e+01,2.454365e+01,2.452346e+01,2.459073e+01,2.452346e+01,2.460419e+01,2.454365e+01,2.450327e+01,2.456383e+01,2.465124e+01,2.467813e+01,2.459746e+01,2.464452e+01,2.469156e+01,2.462436e+01,2.449654e+01,2.462436e+01,2.464452e+01,2.457728e+01,2.452346e+01,2.454365e+01,2.457056e+01,2.457728e+01,2.453692e+01,2.456383e+01,2.464452e+01,2.454365e+01,2.454365e+01,2.458401e+01,2.465796e+01,2.467813e+01,2.456383e+01,2.457728e+01,2.459073e+01,2.459073e+01,2.449654e+01,2.455038e+01,2.448981e+01,2.458401e+01,2.453692e+01,2.457728e+01,2.455038e+01,2.457056e+01,2.452346e+01,2.457728e+01,2.454365e+01,2.461091e+01,2.434835e+01,2.462436e+01,2.463780e+01,2.468484e+01,2.453692e+01,2.455710e+01,2.454365e+01,2.455038e+01,2.455038e+01,2.455038e+01,2.451000e+01,2.455038e+01,2.455710e+01,2.451000e+01,2.454365e+01,2.478558e+01,2.514744e+01,2.547471e+01,2.550139e+01,2.551472e+01,2.580097e+01,2.575443e+01,2.589401e+01,2.572117e+01,2.588072e+01,2.564796e+01,2.536796e+01,2.535461e+01,2.530119e+01,2.498677e+01,2.475201e+01,2.448981e+01,2.447635e+01,2.452346e+01,2.453692e+01,2.442921e+01,2.440226e+01,2.429441e+01,2.438878e+01,2.450327e+01,2.541468e+01,2.556137e+01,2.579433e+01,2.582092e+01,2.580762e+01,2.582092e+01,2.581427e+01,2.584750e+01,2.587408e+01,2.571451e+01,2.555471e+01,2.557470e+01,2.552139e+01,2.553472e+01,2.529451e+01,2.518757e+01,2.519426e+01,2.510060e+01,2.489293e+01,2.463108e+01,2.453692e+01,2.434161e+01,2.437531e+01,2.439552e+01,2.434835e+01,2.434835e+01,2.435509e+01,2.442921e+01,2.436183e+01,2.444941e+01,2.435509e+01,2.451673e+01,2.480572e+01,2.481243e+01,2.479230e+01,2.459073e+01,2.442921e+01,2.440900e+01,2.435509e+01,2.440226e+01,2.438205e+01,2.442247e+01,2.436857e+01,2.451000e+01,2.440900e+01,2.448981e+01,2.439552e+01,2.449654e+01,2.451000e+01,2.453019e+01,2.436183e+01,2.434835e+01,2.443594e+01,2.438205e+01,2.438878e+01,2.455710e+01,2.443594e+01,2.436183e+01,2.455710e+01,2.452346e+01,2.445614e+01,2.432812e+01,2.444268e+01,2.444941e+01,2.446961e+01,2.444941e+01,2.448308e+01,2.453019e+01,2.456383e+01,2.446288e+01,2.448981e+01,2.454365e+01,2.451673e+01,2.449654e+01,2.448981e+01,2.453019e+01,2.432812e+01,2.451673e+01,2.442921e+01,2.452346e+01,2.448308e+01,2.453019e+01,2.459073e+01,2.459746e+01,2.447635e+01,2.453019e+01,2.457056e+01,2.441573e+01,2.445614e+01,2.445614e+01,2.446961e+01,2.462436e+01,2.448308e+01,2.448981e+01,2.450327e+01,2.473858e+01,2.448308e+01,2.448981e+01,2.461763e+01,2.452346e+01,2.449654e+01,2.452346e+01,2.458401e+01,2.457728e+01,2.442247e+01,2.443594e+01,2.442921e+01,2.448981e+01,2.453692e+01,2.447635e+01,2.448308e+01,2.447635e+01,2.450327e+01,2.451673e+01,2.445614e+01,2.457056e+01,2.456383e+01,2.449654e+01,2.453019e+01,2.438878e+01,2.462436e+01,2.438878e+01,2.444268e+01,2.456383e+01,2.468484e+01,2.459073e+01,2.458401e+01,2.452346e+01,2.450327e+01,2.451000e+01,2.457056e+01
2.351590e+01,2.352949e+01,2.358383e+01,2.357704e+01,2.361099e+01,2.356346e+01,2.360420e+01,2.359741e+01,2.363814e+01,2.358383e+01,2.365850e+01,2.352949e+01,2.358383e+01,2.353629e+01,2.350911e+01,2.353629e+01,2.359062e+01,2.352949e+01,2.345473e+01,2.358383e+01,2.360420e+01,2.365850e+01,2.348872e+01,2.353629e+01,2.357704e+01,2.359741e+01,2.363814e+01,2.342753e+01,2.360420e+01,2.359741e+01,2.344793e+01,2.351590e+01,2.355667e+01,2.353629e+01,2.349552e+01,2.346153e+01,2.354987e+01,2.342073e+01,2.354308e+01,2.355667e+01,2.348872e+01,2.346833e+01,2.342753e+01,2.342073e+01,2.340713e+01,2.344113e+01,2.342073e+01,2.350911e+01,2.349552e+01,2.348192e+01,2.351590e+01,2.350231e+01,2.358383e+01,2.356346e+01,2.352949e+01,2.348872e+01,2.352949e+01,2.344793e+01,2.346833e+01,2.351590e+01,2.352949e+01,2.353629e+01,2.353629e+01,2.350231e+01,2.358383e+01,2.363814e+01,2.357025e+01,2.355667e+01,2.364493e+01,2.394311e+01,2.372634e+01,2.399047e+01,2.411215e+01,2.409864e+01,2.410540e+01,2.414593e+01,2.437531e+01,2.446961e+01,2.403105e+01,2.385510e+01,2.365850e+01,2.376024e+01,2.384155e+01,2.384833e+01,2.401752e+01,2.401076e+01,2.407161e+01,2.399723e+01,2.404457e+01,2.392281e+01,2.394311e+01,2.382123e+01,2.397694e+01,2.374668e+01,2.375346e+01,2.387542e+01,2.369921e+01,2.354308e+01,2.375346e+01,2.369242e+01,2.373990e+01,2.372634e+01,2.367207e+01,2.363136e+01,2.377380e+01,2.357025e+01,2.363136e+01,2.363136e+01,2.384155e+01,2.381446e+01,2.399047e+01,2.387542e+01,2.399047e+01,2.400400e+01,2.397018e+01,2.413917e+01,2.399047e+01,2.411215e+01,2.416619e+01,2.405133e+01,2.401076e+01,2.405133e+01,2.408512e+01,2.413917e+01,2.424719e+01,2.401752e+01,2.411891e+01,2.418644e+01,2.413242e+01,2.414593e+01,2.409864e+01,2.425393e+01,2.401752e+01,2.407161e+01,2.411215e+01,2.412566e+01,2.424044e+01,2.419319e+01,2.419994e+01,2.410540e+01,2.415943e+01,2.415943e+01,2.428092e+01,2.430790e+01,2.451673e+01,2.439552e+01,2.440226e+01,2.438878e+01,2.439552e+01,2.436183e+01,2.443594e+01,2.440900e+01,2.434835e+01,2.433487e+01,2.427417e+01,2.419994e+01,2.410540e+01,2.424044e+01,2.401076e+01,2.403105e+01,2.405809e+01,2.384155e+01,2.398371e+01,2.401076e+01,2.390250e+01,2.385510e+01,2.387542e+01,2.388219e+01,2.366529e+01,2.348872e+01,2.336630e+01,2.375346e+01,2.397018e+01,2.413242e+01,2.408512e+01,2.430115e+01,2.412566e+01,2.424044e+01,2.409864e+01,2.411891e+01,2.428092e+01,2.425393e+01,2.426743e+01,2.431464e+01,2.442921e+01,2.411215e+01,2.428092e+01,2.440226e+01,2.444268e+01,2.444941e+01,2.440226e+01,2.436183e+01,2.439552e+01,2.425393e+01,2.430790e+01,2.420670e+01,2.438878e+01,2.430115e+01,2.424044e+01,2.418644e+01,2.416619e+01,2.413242e+01,2.426068e+01,2.433487e+01,2.438205e+01,2.438878e+01,2.440226e+01,2.440226e+01,2.440900e+01,2.442921e+01,2.439552e+01,2.437531e+01,2.436857e+01,2.441573e+01,2.436183e+01,2.444941e+01,2.438878e+01,2.436183e+01,2.438878e+01,2.438878e+01,2.437531e+01,2.455038e+01,2.437531e+01,2.441573e+01,2.436857e+01,2.436183e+01,2.436183e+01,2.432138e+01,2.444268e+01,2.434835e+01,2.436857e+01,2.449654e+01,2.434835e+01,2.445614e+01,2.437531e+01,2.444941e+01,2.442921e+01,2.440226e+01,2.444941e+01,2.440226e+01,2.442247e+01,2.434161e+01,2.442247e+01,2.434835e+01,2.446288e+01,2.437531e+01,2.446288e+01,2.436857e+01,2.434161e+01,2.437531e+01,2.441573e+01,2.422694e+01,2.445614e+01,2.446288e+01,2.438205e+01,2.439552e+01,2.429441e+01,2.438878e+01,2.447635e+01,2.446288e+01,2.448981e+01,2.442921e+01,2.428766e+01,2.434835e+01,2.436183e+01,2.443594e+01,2.429441e+01,2.437531e+01,2.432812e+01,2.438878e+01,2.439552e+01,2.432812e+01,2.436183e+01,2.435509e+01,2.432812e+01,2.428766e+01,2.438205e+01,2.432812e+01,2.426068e+01,2.422694e+01,2.415943e+01,2.434835e+01,2.426743e+01,2.428766e+01,2.405809e+01,2.405133e+01,2.406485e+01,2.401752e+01,2.402428e+01,2.393634e+01,2.401076e+01,2.390250e+01,2.371277e+01,2.369921e+01,2.378057e+01,2.381446e+01,2.383478e+01,2.377380e+01,2.387542e+01,2.397694e+01,2.405133e+01,2.397018e+01,2.378057e+01,2.386187e+01,2.361778e+01,2.359062e+01,2.361778e+01,2.360420e+01,2.352270e+01,2.364493e+01,2.364493e+01,2.393634e+01,2.407837e+01,2.396341e+01,2.419319e+01,2.472515e+01,2.515413e+01,2.545471e+01,2.538799e+01,2.473187e+01,2.435509e+01,2.419994e+01,2.417969e+01,2.407837e+01,2.398371e+01,2.414593e+01,2.397018e+01,2.389573e+01,2.372634e+01,2.378735e+01,2.373312e+01,2.390250e+01,2.376024e+01,2.373312e+01,2.360420e+01,2.360420e+01,2.373990e+01,2.388219e+01,2.382801e+01,2.374668e+01,2.378057e+01,2.390927e+01,2.429441e+01,2.437531e+01,2.448308e+01,2.426068e+01,2.388896e+01,2.354987e+01,2.354308e+01,2.338672e+01,2.346833e+01,2.342073e+01,2.348872e+01,2.335269e+01,2.335950e+01,2.356346e+01,2.363136e+01,2.386865e+01,2.394988e+01,2.407837e+01,2.419994e+01,2.399723e+01,2.410540e+01,2.390927e+01,2.392281e+01,2.367886e+01,2.369921e+01,2.370599e+01,2.352949e+01,2.347513e+01,2.330504e+01,2.336630e+01,2.346153e+01,2.344113e+01,2.346833e+01,2.347513e+01,2.370599e+01,2.363814e+01,2.359741e+01,2.362457e+01,2.374668e+01,2.363814e+01,2.371277e+01,2.381446e+01,2.414593e+01,2.419319e+01,2.405133e+01,2.399047e+01,2.390927e+01,2.405809e+01,2.424719e+01,2.440226e+01,2.445614e+01,2.450327e+01,2.448308e+01,2.451673e+01,2.462436e+01,2.448981e+01,2.451000e+01,2.459746e+01,2.453019e+01,2.456383e+01,2.455710e+01,2.465796e+01,2.451000e+01,2.454365e+01,2.454365e+01,2.473858e+01,2.453692e+01,2.459073e+01,2.451000e+01,2.457728e+01,2.457056e+01,2.454365e+01,2.457728e+01,2.451000e+01,2.467141e+01,2.455038e+01,2.448308e+01,2.455710e+01,2.453692e+01,2.451000e+01,2.449654e+01,2.467813e+01,2.447635e+01,2.453019e+01,2.440226e+01,2.444941e+01,2.455038e+01,2.451000e+01,2.460419e+01,2.448981e+01,2.453019e+01,2.466469e+01,2.438205e+01,2.459746e+01,2.463780e+01,2.459073e+01,2.458401e+01,2.452346e+01,2.453692e+01,2.456383e+01,2.453019e+01,2.455038e+01,2.455038e+01,2.456383e+01,2.455038e+01,2.449654e+01,2.458401e+01,2.455710e+01,2.461763e+01,2.454365e+01,2.461091e+01,2.459073e+01,2.453692e+01,2.450327e+01,2.455710e+01,2.455038e+01,2.461091e+01,2.460419e+01,2.453019e+01,2.461763e+01,2.457056e+01,2.456383e+01,2.455710e+01,2.433487e+01,2.449654e+01,2.449654e+01,2.461091e+01,2.455038e+01,2.462436e+01,2.486610e+01,2.493316e+01,2.478558e+01,2.457056e+01,2.469156e+01,2.454365e+01,2.454365e+01,2.456383e+01,2.456383e+01,2.454365e+01,2.455710e+01,2.456383e+01,2.467141e+01,2.510730e+01,2.550805e+01,2.549472e+01,2.571451e+01,2.572117e+01,2.576773e+01,2.579433e+01,2.594713e+01,2.592721e+01,2.594713e+01,2.577438e+01,2.564796e+01,2.554138e+01,2.550139e+01,2.523437e+01,2.501357e+01,2.475201e+01,2.451673e+01,2.453692e+01,2.431464e+01,2.450327e+01,2.432138e+01,2.440226e+01,2.486610e+01,2.532790e+01,2.557470e+01,2.564130e+01,2.582756e+01,2.581427e+01,2.592721e+01,2.580762e+01,2.577438e+01,2.584750e+01,2.586079e+01,2.572117e+01,2.554804e+01,2.551472e+01,2.541468e+01,2.546805e+01,2.532122e+01,2.518757e+01,2.519426e+01,2.512737e+01,2.495997e+01,2.489293e+01,2.459746e+01,2.452346e+01,2.451000e+01,2.445614e+01,2.435509e+01,2.451673e+01,2.437531e+01,2.434835e+01,2.446288e+01,2.450327e+01,2.454365e+01,2.481914e+01,2.492645e+01,2.503366e+01,2.477887e+01,2.482585e+01,2.457056e+01,2.439552e+01,2.440900e+01,2.440226e+01,2.444268e+01,2.432812e+01,2.436183e+01,2.446961e+01,2.440900e+01,2.438878e+01,2.429441e+01,2.434835e+01,2.446288e+01,2.434161e+01,2.452346e+01,2.442921e+01,2.442247e+01,2.444941e+01,2.445614e+01,2.447635e+01,2.448308e+01,2.445614e+01,2.442247e+01,2.458401e+01,2.457728e+01,2.441573e+01,2.447635e+01,2.451000e+01,2.447635e+01,2.445614e+01,2.461763e+01,2.460419e+01,2.463780e+01,2.448308e+01,2.447635e+01,2.445614e+01,2.455038e+01,2.449654e+01,2.444268e+01,2.441573e+01,2.450327e+01,2.449654e+01,2.447635e+01,2.453692e+01,2.451673e+01,2.445614e+01,2.452346e+01,2.448981e+01,2.451000e+01,2.458401e+01,2.460419e+01,2.458401e+01,2.448981e+01,2.442921e+01,2.460419e+01,2.444941e+01,2.451673e+01,2.457728e+01,2.453692e+01,2.455038e+01,2.449654e+01,2.456383e+01,2.453692e+01,2.463780e+01,2.452346e+01,2.457056e+01,2.455710e+01,2.456383e+01,2.442921e+01,2.455038e+01,2.457056e+01,2.448308e+01,2.459073e+01,2.455710e+01,2.450327e+01,2.446288e+01,2.468484e+01,2.443594e+01,2.449654e+01,2.446961e+01,2.454365e+01,2.446961e+01,2.459073e+01,2.463780e+01,2.440226e+01,2.462436e+01,2.469156e+01,2.471172e+01,2.455038e+01,2.463780e+01,2.459073e+01,2.453019e+01,2.447635e+01,2.447635e+01,2.453692e+01
2.363814e+01,2.353629e+01,2.354308e+01,2.360420e+01,2.354987e+01,2.359741e+01,2.359741e+01,2.353629e+01,2.361099e+01,2.361099e+01,2.347513e+01,2.352270e+01,2.331185e+01,2.359741e+01,2.354987e+01,2.352270e+01,2.354987e+01,2.352949e+01,2.350911e+01,2.350231e+01,2.363136e+01,2.362457e+01,2.353629e+01,2.352949e+01,2.349552e+01,2.354987e+01,2.350231e+01,2.346833e+01,2.360420e+01,2.353629e+01,2.359741e+01,2.353629e+01,2.359062e+01,2.363814e+01,2.352949e+01,2.354308e+01,2.352949e+01,2.354987e+01,2.344793e+01,2.352270e+01,2.345473e+01,2.352270e+01,2.359062e+01,2.351590e+01,2.345473e+01,2.345473e+01,2.351590e+01,2.374668e+01,2.369921e+01,2.348192e+01,2.351590e+01,2.351590e+01,2.351590e+01,2.360420e+01,2.360420e+01,2.366529e+01,2.359062e+01,2.370599e+01,2.356346e+01,2.357704e+01,2.351590e+01,2.352270e+01,2.351590e+01,2.359741e+01,2.354308e+01,2.361778e+01,2.359062e+01,2.366529e+01,2.393634e+01,2.383478e+01,2.417294e+01,2.400400e+01,2.407161e+01,2.407837e+01,2.414593e+01,2.426068e+01,2.451000e+01,2.435509e+01,2.406485e+01,2.384155e+01,2.371277e+01,2.382801e+01,2.401752e+01,2.396341e+01,2.401076e+01,2.397694e+01,2.380768e+01,2.401076e+01,2.375346e+01,2.371956e+01,2.372634e+01,2.373312e+01,2.380768e+01,2.380091e+01,2.373312e+01,2.382801e+01,2.365172e+01,2.373990e+01,2.376702e+01,2.370599e+01,2.374668e+01,2.375346e+01,2.373312e+01,2.378735e+01,2.371277e+01,2.363136e+01,2.386865e+01,2.386865e+01,2.400400e+01,2.389573e+01,2.418644e+01,2.418644e+01,2.424044e+01,2.425393e+01,2.428766e+01,2.434161e+01,2.434835e+01,2.428766e+01,2.434161e+01,2.412566e+01,2.426068e+01,2.432812e+01,2.436183e+01,2.428092e+01,2.428092e+01,2.419319e+01,2.430115e+01,2.436857e+01,2.439552e+01,2.423369e+01,2.434835e+01,2.437531e+01,2.440226e+01,2.433487e+01,2.434835e+01,2.438205e+01,2.436857e+01,2.447635e+01,2.434835e+01,2.437531e+01,2.438878e+01,2.441573e+01,2.455038e+01,2.432138e+01,2.436857e+01,2.448981e+01,2.444268e+01,2.451673e+01,2.454365e+01,2.448981e+01,2.442921e+01,2.439552e+01,2.442247e+01,2.437531e+01,2.429441e+01,2.422019e+01,2.411891e+01,2.407161e+01,2.404457e+01,2.389573e+01,2.396341e+01,2.389573e+01,2.367207e+01,2.387542e+01,2.390250e+01,2.371956e+01,2.368564e+01,2.348192e+01,2.360420e+01,2.364493e+01,2.377380e+01,2.396341e+01,2.429441e+01,2.432812e+01,2.428766e+01,2.435509e+01,2.428092e+01,2.444268e+01,2.446288e+01,2.422019e+01,2.445614e+01,2.439552e+01,2.419319e+01,2.429441e+01,2.444268e+01,2.436857e+01,2.439552e+01,2.436857e+01,2.446961e+01,2.446961e+01,2.436183e+01,2.444941e+01,2.440900e+01,2.438878e+01,2.426743e+01,2.437531e+01,2.426743e+01,2.427417e+01,2.439552e+01,2.424719e+01,2.436183e+01,2.422694e+01,2.437531e+01,2.451673e+01,2.438205e+01,2.453692e+01,2.440226e+01,2.439552e+01,2.422694e+01,2.440900e+01,2.442921e+01,2.443594e+01,2.439552e+01,2.435509e+01,2.441573e+01,2.437531e+01,2.438878e+01,2.438205e+01,2.441573e+01,2.436183e+01,2.446961e+01,2.441573e+01,2.436857e+01,2.439552e+01,2.440900e+01,2.436857e+01,2.438205e+01,2.441573e+01,2.435509e+01,2.436857e+01,2.430790e+01,2.438205e+01,2.438878e+01,2.444941e+01,2.437531e+01,2.435509e+01,2.433487e+01,2.441573e+01,2.439552e+01,2.441573e+01,2.444268e+01,2.441573e+01,2.457056e+01,2.442921e+01,2.440900e+01,2.444268e+01,2.438878e+01,2.443594e+01,2.439552e+01,2.440226e+01,2.437531e+01,2.439552e+01,2.438878e+01,2.436857e+01,2.443594e+01,2.440900e+01,2.440900e+01,2.442921e+01,2.436857e+01,2.435509e+01,2.437531e+01,2.431464e+01,2.433487e+01,2.432138e+01,2.434835e+01,2.436183e+01,2.439552e+01,2.437531e+01,2.435509e+01,2.438878e+01,2.434161e+01,2.432138e+01,2.444268e+01,2.442247e+01,2.438878e+01,2.438878e+01,2.440226e+01,2.428766e+01,2.430790e+01,2.436183e+01,2.432812e+01,2.425393e+01,2.426068e+01,2.425393e+01,2.422694e+01,2.422019e+01,2.412566e+01,2.407161e+01,2.390927e+01,2.405809e+01,2.392958e+01,2.398371e+01,2.392958e+01,2.399723e+01,2.391604e+01,2.390927e+01,2.390250e+01,2.385510e+01,2.389573e+01,2.400400e+01,2.401752e+01,2.395664e+01,2.387542e+01,2.387542e+01,2.373312e+01,2.361099e+01,2.354308e+01,2.351590e+01,2.363814e+01,2.362457e+01,2.361099e+01,2.386187e+01,2.397018e+01,2.415943e+01,2.418644e+01,2.440900e+01,2.465124e+01,2.480572e+01,2.479901e+01,2.479901e+01,2.426068e+01,2.419994e+01,2.440900e+01,2.427417e+01,2.407161e+01,2.417969e+01,2.401076e+01,2.397018e+01,2.388219e+01,2.390927e+01,2.392958e+01,2.388896e+01,2.390927e+01,2.374668e+01,2.368564e+01,2.365850e+01,2.380091e+01,2.373990e+01,2.380091e+01,2.376024e+01,2.393634e+01,2.411215e+01,2.395664e+01,2.391604e+01,2.382801e+01,2.368564e+01,2.358383e+01,2.355667e+01,2.337991e+01,2.337311e+01,2.336630e+01,2.336630e+01,2.337311e+01,2.352949e+01,2.359741e+01,2.384833e+01,2.386187e+01,2.394311e+01,2.400400e+01,2.405809e+01,2.407161e+01,2.407837e+01,2.415943e+01,2.406485e+01,2.394988e+01,2.367886e+01,2.374668e+01,2.352949e+01,2.357704e+01,2.340713e+01,2.344793e+01,2.348192e+01,2.352270e+01,2.359062e+01,2.347513e+01,2.350911e+01,2.365172e+01,2.372634e+01,2.369242e+01,2.354987e+01,2.369242e+01,2.380091e+01,2.373990e+01,2.392958e+01,2.388219e+01,2.390927e+01,2.389573e+01,2.395664e+01,2.404457e+01,2.413917e+01,2.431464e+01,2.446961e+01,2.444268e+01,2.453692e+01,2.446961e+01,2.440900e+01,2.446961e+01,2.464452e+01,2.451000e+01,2.459746e+01,2.456383e+01,2.468484e+01,2.460419e+01,2.457728e+01,2.461091e+01,2.459073e+01,2.451673e+01,2.452346e+01,2.447635e+01,2.458401e+01,2.448981e+01,2.456383e+01,2.452346e+01,2.455710e+01,2.454365e+01,2.451000e+01,2.447635e+01,2.452346e+01,2.456383e+01,2.469156e+01,2.461763e+01,2.461763e+01,2.467141e+01,2.451673e+01,2.454365e+01,2.457728e+01,2.445614e+01,2.451673e+01,2.440226e+01,2.458401e+01,2.456383e+01,2.450327e+01,2.451673e+01,2.466469e+01,2.465124e+01,2.461763e+01,2.450327e+01,2.448308e+01,2.457056e+01,2.460419e+01,2.455710e+01,2.457728e+01,2.457056e+01,2.441573e+01,2.438205e+01,2.453692e+01,2.454365e+01,2.457728e+01,2.446961e+01,2.456383e+01,2.466469e+01,2.455710e+01,2.453019e+01,2.455038e+01,2.454365e+01,2.455038e+01,2.449654e+01,2.455710e+01,2.461763e+01,2.451673e+01,2.450327e+01,2.444941e+01,2.455710e+01,2.461091e+01,2.455038e+01,2.461091e+01,2.453019e+01,2.443594e+01,2.460419e+01,2.465124e+01,2.491305e+01,2.521431e+01,2.522100e+01,2.513406e+01,2.507383e+01,2.463108e+01,2.457728e+01,2.469828e+01,2.457056e+01,2.452346e+01,2.460419e+01,2.466469e+01,2.495326e+01,2.516751e+01,2.564130e+01,2.564796e+01,2.582756e+01,2.574778e+01,2.578768e+01,2.579433e+01,2.600023e+01,2.606656e+01,2.605330e+01,2.578768e+01,2.587408e+01,2.572117e+01,2.577438e+01,2.559468e+01,2.554138e+01,2.548138e+01,2.492645e+01,2.481914e+01,2.473187e+01,2.457056e+01,2.479901e+01,2.480572e+01,2.522100e+01,2.558802e+01,2.558802e+01,2.588072e+01,2.583421e+01,2.608646e+01,2.580762e+01,2.592721e+01,2.582092e+01,2.580762e+01,2.578103e+01,2.577438e+01,2.553472e+01,2.548805e+01,2.558136e+01,2.548805e+01,2.550139e+01,2.541468e+01,2.532122e+01,2.517419e+01,2.498007e+01,2.495997e+01,2.487952e+01,2.488622e+01,2.477887e+01,2.483927e+01,2.457728e+01,2.483256e+01,2.468484e+01,2.483256e+01,2.483927e+01,2.489964e+01,2.489964e+01,2.498677e+01,2.512068e+01,2.492645e+01,2.502696e+01,2.488622e+01,2.469828e+01,2.461091e+01,2.454365e+01,2.442921e+01,2.442921e+01,2.433487e+01,2.442247e+01,2.453019e+01,2.437531e+01,2.439552e+01,2.427417e+01,2.434835e+01,2.443594e+01,2.424719e+01,2.440900e+01,2.450327e+01,2.439552e+01,2.443594e+01,2.441573e+01,2.440900e+01,2.440900e+01,2.443594e+01,2.446961e+01,2.440226e+01,2.452346e+01,2.444268e+01,2.431464e+01,2.452346e+01,2.434835e+01,2.446961e+01,2.442921e+01,2.446961e+01,2.452346e+01,2.449654e+01,2.445614e+01,2.461091e+01,2.451000e+01,2.442247e+01,2.455710e+01,2.455038e+01,2.453692e+01,2.451673e+01,2.452346e+01,2.451000e+01,2.450327e+01,2.456383e+01,2.448981e+01,2.453692e+01,2.452346e+01,2.453692e+01,2.452346e+01,2.443594e+01,2.453019e+01,2.444268e+01,2.449654e+01,2.460419e+01,2.457728e+01,2.451673e+01,2.457728e+01,2.456383e+01,2.451673e+01,2.469156e+01,2.452346e+01,2.446961e+01,2.462436e+01,2.455038e+01,2.455710e+01,2.451000e+01,2.450327e+01,2.453692e+01,2.456383e+01,2.448308e+01,2.457728e+01,2.459746e+01,2.451673e+01,2.450327e+01,2.449654e+01,2.451673e+01,2.451673e+01,2.448308e+01,2.442247e+01,2.450327e+01,2.467141e+01,2.461091e+01,2.457728e+01,2.458401e+01,2.458401e+01,2.448308e+01,2.463108e+01,2.470500e+01,2.462436e+01,2.452346e+01,2.445614e+01,2.459073e+01,2.445614e+01,2.458401e+01
2.360420e+01,2.353629e+01,2.344113e+01,2.354308e+01,2.359741e+01,2.353629e+01,2.351590e+01,2.352270e+01,2.359062e+01,2.349552e+01,2.355667e+01,2.338672e+01,2.358383e+01,2.356346e+01,2.328461e+01,2.355667e+01,2.353629e+01,2.354308e+01,2.348192e+01,2.365172e+01,2.354987e+01,2.351590e+01,2.354308e+01,2.359741e+01,2.350231e+01,2.350911e+01,2.344113e+01,2.361099e+01,2.367207e+01,2.359062e+01,2.358383e+01,2.356346e+01,2.373990e+01,2.350231e+01,2.354987e+01,2.357025e+01,2.361778e+01,2.361099e+01,2.344113e+01,2.359741e+01,2.347513e+01,2.361099e+01,2.356346e+01,2.358383e+01,2.355667e+01,2.358383e+01,2.362457e+01,2.357025e+01,2.359062e+01,2.359062e+01,2.373990e+01,2.357704e+01,2.373312e+01,2.372634e+01,2.358383e+01,2.359741e+01,2.355667e+01,2.365172e+01,2.374668e+01,2.351590e+01,2.357025e+01,2.359062e+01,2.356346e+01,2.362457e+01,2.363814e+01,2.363136e+01,2.360420e+01,2.354987e+01,2.382123e+01,2.405133e+01,2.411891e+01,2.403105e+01,2.394988e+01,2.389573e+01,2.415268e+01,2.432812e+01,2.426743e+01,2.415268e+01,2.391604e+01,2.375346e+01,2.390927e+01,2.401752e+01,2.403105e+01,2.404457e+01,2.398371e+01,2.386865e+01,2.376702e+01,2.389573e+01,2.382123e+01,2.375346e+01,2.368564e+01,2.367886e+01,2.361099e+01,2.365172e+01,2.365172e+01,2.364493e+01,2.360420e+01,2.367886e+01,2.376024e+01,2.369921e+01,2.373990e+01,2.373312e+01,2.372634e+01,2.373990e+01,2.386865e+01,2.391604e+01,2.386865e+01,2.393634e+01,2.399723e+01,2.422019e+01,2.421344e+01,2.436857e+01,2.440226e+01,2.429441e+01,2.442247e+01,2.434161e+01,2.440900e+01,2.432138e+01,2.436183e+01,2.448981e+01,2.442921e+01,2.442247e+01,2.445614e+01,2.434161e+01,2.432812e+01,2.440226e+01,2.438878e+01,2.442921e+01,2.438205e+01,2.449654e+01,2.436183e+01,2.442247e+01,2.440226e+01,2.436183e+01,2.449654e+01,2.437531e+01,2.452346e+01,2.453692e+01,2.445614e+01,2.455710e+01,2.442247e+01,2.455038e+01,2.457056e+01,2.464452e+01,2.450327e+01,2.457728e+01,2.455038e+01,2.451673e+01,2.453692e+01,2.456383e+01,2.441573e+01,2.454365e+01,2.444268e+01,2.443594e+01,2.437531e+01,2.411891e+01,2.422019e+01,2.394988e+01,2.399047e+01,2.389573e+01,2.388219e+01,2.374668e+01,2.382123e+01,2.366529e+01,2.365850e+01,2.364493e+01,2.364493e+01,2.363136e+01,2.367886e+01,2.404457e+01,2.418644e+01,2.430790e+01,2.438878e+01,2.452346e+01,2.442247e+01,2.444268e+01,2.442921e+01,2.442247e+01,2.438205e+01,2.447635e+01,2.446961e+01,2.442247e+01,2.451673e+01,2.440900e+01,2.447635e+01,2.443594e+01,2.445614e+01,2.451673e+01,2.444268e+01,2.440226e+01,2.438878e+01,2.455038e+01,2.438205e+01,2.435509e+01,2.436183e+01,2.432812e+01,2.423369e+01,2.434161e+01,2.438878e+01,2.438205e+01,2.436183e+01,2.435509e+01,2.434161e+01,2.436183e+01,2.433487e+01,2.431464e+01,2.444941e+01,2.439552e+01,2.440226e+01,2.440900e+01,2.440226e+01,2.436857e+01,2.441573e+01,2.436857e+01,2.438878e+01,2.440900e+01,2.439552e+01,2.447635e+01,2.437531e+01,2.440226e+01,2.448981e+01,2.442247e+01,2.438878e+01,2.436857e+01,2.438205e+01,2.439552e+01,2.423369e+01,2.442247e+01,2.434161e+01,2.440226e+01,2.448981e+01,2.419319e+01,2.436183e+01,2.438205e+01,2.437531e+01,2.436857e+01,2.440226e+01,2.443594e+01,2.444941e+01,2.446288e+01,2.441573e+01,2.442921e+01,2.453692e+01,2.441573e+01,2.430115e+01,2.438878e+01,2.437531e+01,2.442921e+01,2.436857e+01,2.436857e+01,2.436857e+01,2.429441e+01,2.438205e+01,2.422694e+01,2.443594e+01,2.440900e+01,2.442921e+01,2.437531e+01,2.424044e+01,2.435509e+01,2.444268e+01,2.437531e+01,2.438205e+01,2.436857e+01,2.444268e+01,2.446961e+01,2.436857e+01,2.434161e+01,2.438205e+01,2.433487e+01,2.436183e+01,2.437531e+01,2.438878e+01,2.433487e+01,2.430115e+01,2.426743e+01,2.434161e+01,2.426068e+01,2.425393e+01,2.420670e+01,2.424719e+01,2.426068e+01,2.417969e+01,2.432812e+01,2.413917e+01,2.418644e+01,2.402428e+01,2.401076e+01,2.405133e+01,2.401076e+01,2.404457e+01,2.404457e+01,2.425393e+01,2.424719e+01,2.404457e+01,2.405809e+01,2.390927e+01,2.397694e+01,2.403781e+01,2.399047e+01,2.401076e+01,2.397694e+01,2.384155e+01,2.376702e+01,2.384833e+01,2.370599e+01,2.380091e+01,2.364493e+01,2.348872e+01,2.355667e+01,2.361099e+01,2.361099e+01,2.361778e+01,2.384833e+01,2.403781e+01,2.415268e+01,2.418644e+01,2.428766e+01,2.437531e+01,2.437531e+01,2.436857e+01,2.439552e+01,2.441573e+01,2.440900e+01,2.447635e+01,2.435509e+01,2.435509e+01,2.409864e+01,2.405133e+01,2.391604e+01,2.377380e+01,2.392958e+01,2.393634e+01,2.404457e+01,2.389573e+01,2.371956e+01,2.376702e+01,2.379413e+01,2.374668e+01,2.382801e+01,2.406485e+01,2.382801e+01,2.363136e+01,2.382123e+01,2.360420e+01,2.357704e+01,2.354987e+01,2.352270e+01,2.339352e+01,2.337311e+01,2.335269e+01,2.345473e+01,2.354308e+01,2.380768e+01,2.384155e+01,2.398371e+01,2.383478e+01,2.390927e+01,2.388219e+01,2.390927e+01,2.420670e+01,2.431464e+01,2.414593e+01,2.413917e+01,2.382801e+01,2.387542e+01,2.363814e+01,2.369921e+01,2.378735e+01,2.346153e+01,2.369921e+01,2.362457e+01,2.361099e+01,2.363814e+01,2.380091e+01,2.377380e+01,2.375346e+01,2.386865e+01,2.369921e+01,2.363136e+01,2.361778e+01,2.371277e+01,2.361099e+01,2.395664e+01,2.373990e+01,2.391604e+01,2.386865e+01,2.388219e+01,2.407837e+01,2.409864e+01,2.424719e+01,2.435509e+01,2.440226e+01,2.436857e+01,2.439552e+01,2.443594e+01,2.441573e+01,2.455710e+01,2.453692e+01,2.454365e+01,2.457728e+01,2.456383e+01,2.457056e+01,2.455710e+01,2.453019e+01,2.451673e+01,2.449654e+01,2.454365e+01,2.455710e+01,2.461763e+01,2.452346e+01,2.452346e+01,2.458401e+01,2.449654e+01,2.457728e+01,2.450327e+01,2.451000e+01,2.451000e+01,2.451000e+01,2.453692e+01,2.455038e+01,2.455710e+01,2.461091e+01,2.463108e+01,2.446288e+01,2.445614e+01,2.453692e+01,2.450327e+01,2.450327e+01,2.449654e+01,2.461763e+01,2.448981e+01,2.447635e+01,2.462436e+01,2.448981e+01,2.447635e+01,2.461763e+01,2.457728e+01,2.453019e+01,2.453692e+01,2.456383e+01,2.446961e+01,2.455710e+01,2.455710e+01,2.451673e+01,2.457056e+01,2.443594e+01,2.451673e+01,2.451000e+01,2.453019e+01,2.465796e+01,2.453692e+01,2.454365e+01,2.453019e+01,2.453692e+01,2.453692e+01,2.456383e+01,2.447635e+01,2.450327e+01,2.454365e+01,2.447635e+01,2.449654e+01,2.455038e+01,2.455038e+01,2.469156e+01,2.462436e+01,2.464452e+01,2.466469e+01,2.475201e+01,2.483256e+01,2.522768e+01,2.522768e+01,2.549472e+01,2.547471e+01,2.536796e+01,2.500687e+01,2.484598e+01,2.500687e+01,2.486610e+01,2.501357e+01,2.500687e+01,2.540133e+01,2.560134e+01,2.554804e+01,2.579433e+01,2.582756e+01,2.582756e+01,2.578103e+01,2.583421e+01,2.592721e+01,2.601350e+01,2.598032e+01,2.596704e+01,2.606656e+01,2.608646e+01,2.586743e+01,2.580762e+01,2.563464e+01,2.558136e+01,2.554804e+01,2.546138e+01,2.530787e+01,2.523437e+01,2.521431e+01,2.538131e+01,2.559468e+01,2.559468e+01,2.589401e+01,2.583421e+01,2.583421e+01,2.583421e+01,2.585415e+01,2.582756e+01,2.584085e+01,2.588072e+01,2.590729e+01,2.593385e+01,2.574113e+01,2.582756e+01,2.573447e+01,2.546805e+01,2.542135e+01,2.539466e+01,2.536129e+01,2.536796e+01,2.516751e+01,2.518757e+01,2.507383e+01,2.498007e+01,2.498677e+01,2.492645e+01,2.489964e+01,2.491305e+01,2.500687e+01,2.498677e+01,2.509391e+01,2.503366e+01,2.490634e+01,2.516751e+01,2.503366e+01,2.503366e+01,2.493316e+01,2.490634e+01,2.481914e+01,2.467141e+01,2.444941e+01,2.442247e+01,2.418644e+01,2.434835e+01,2.438878e+01,2.436857e+01,2.420670e+01,2.435509e+01,2.436183e+01,2.436183e+01,2.434161e+01,2.441573e+01,2.444268e+01,2.440900e+01,2.440226e+01,2.438205e+01,2.439552e+01,2.444268e+01,2.443594e+01,2.457728e+01,2.443594e+01,2.455710e+01,2.459073e+01,2.446288e+01,2.443594e+01,2.437531e+01,2.444268e+01,2.424719e+01,2.440900e+01,2.454365e+01,2.440226e+01,2.457728e+01,2.445614e+01,2.438205e+01,2.438205e+01,2.446961e+01,2.453692e+01,2.453019e+01,2.430790e+01,2.451000e+01,2.451673e+01,2.449654e+01,2.453019e+01,2.445614e+01,2.455038e+01,2.442247e+01,2.456383e+01,2.442247e+01,2.453019e+01,2.446961e+01,2.448981e+01,2.445614e+01,2.459746e+01,2.456383e+01,2.442247e+01,2.451673e+01,2.457056e+01,2.442921e+01,2.451000e+01,2.458401e+01,2.449654e+01,2.453019e+01,2.448308e+01,2.442921e+01,2.446288e+01,2.432138e+01,2.454365e+01,2.442921e+01,2.453019e+01,2.448308e+01,2.453019e+01,2.451673e+01,2.457056e+01,2.445614e+01,2.445614e+01,2.449654e+01,2.442921e+01,2.436183e+01,2.447635e+01,2.455038e+01,2.449654e+01,2.459746e+01,2.444941e+01,2.458401e+01,2.453692e+01,2.457728e+01,2.458401e+01,2.447635e+01,2.454365e+01,2.448981e+01,2.448308e+01,2.446288e+01,2.441573e+01,2.446288e+01,2.461763e+01
2.369921e+01,2.354308e+01,2.354308e+01,2.366529e+01,2.361778e+01,2.354987e+01,2.365172e+01,2.359741e+01,2.351590e+01,2.345473e+01,2.347513e+01,2.343433e+01,2.355667e+01,2.348192e+01,2.348872e+01,2.354308e+01,2.354308e+01,2.366529e+01,2.366529e+01,2.355667e+01,2.355667e+01,2.362457e+01,2.359741e+01,2.367886e+01,2.371277e+01,2.370599e+01,2.372634e+01,2.371956e+01,2.372634e+01,2.378735e+01,2.363136e+01,2.349552e+01,2.361778e+01,2.390927e+01,2.359741e+01,2.356346e+01,2.392958e+01,2.368564e+01,2.379413e+01,2.372634e+01,2.381446e+01,2.365172e+01,2.352270e+01,2.377380e+01,2.378735e+01,2.358383e+01,2.381446e+01,2.373312e+01,2.375346e+01,2.371956e+01,2.373312e+01,2.373312e+01,2.366529e+01,2.368564e+01,2.373312e+01,2.373312e+01,2.376024e+01,2.378735e+01,2.378057e+01,2.378057e+01,2.361778e+01,2.373990e+01,2.380091e+01,2.371956e+01,2.366529e+01,2.361099e+01,2.385510e+01,2.389573e+01,2.394311e+01,2.412566e+01,2.427417e+01,2.409188e+01,2.415268e+01,2.397694e+01,2.413242e+01,2.419994e+01,2.416619e+01,2.401076e+01,2.394988e+01,2.365172e+01,2.392958e+01,2.397694e+01,2.397018e+01,2.394988e+01,2.389573e+01,2.386187e+01,2.375346e+01,2.368564e+01,2.363136e+01,2.378057e+01,2.377380e+01,2.368564e+01,2.359062e+01,2.355667e+01,2.355667e+01,2.371277e+01,2.376702e+01,2.357704e+01,2.372634e+01,2.377380e+01,2.379413e+01,2.388896e+01,2.403781e+01,2.386865e+01,2.386865e+01,2.401076e+01,2.390250e+01,2.398371e+01,2.398371e+01,2.411215e+01,2.438878e+01,2.434161e+01,2.437531e+01,2.432138e+01,2.444268e+01,2.447635e+01,2.445614e+01,2.451000e+01,2.448308e+01,2.449654e+01,2.446288e+01,2.450327e+01,2.443594e+01,2.441573e+01,2.455710e+01,2.440900e+01,2.455710e+01,2.465124e+01,2.455038e+01,2.453692e+01,2.446288e+01,2.456383e+01,2.450327e+01,2.459746e+01,2.448981e+01,2.455038e+01,2.460419e+01,2.455710e+01,2.455038e+01,2.464452e+01,2.442921e+01,2.468484e+01,2.459073e+01,2.459073e+01,2.460419e+01,2.459746e+01,2.457056e+01,2.455710e+01,2.458401e+01,2.465124e+01,2.455710e+01,2.461763e+01,2.445614e+01,2.440900e+01,2.445614e+01,2.439552e+01,2.448981e+01,2.424719e+01,2.403105e+01,2.423369e+01,2.405133e+01,2.394311e+01,2.392281e+01,2.391604e+01,2.386865e+01,2.395664e+01,2.404457e+01,2.407161e+01,2.424719e+01,2.428766e+01,2.429441e+01,2.451000e+01,2.440226e+01,2.457056e+01,2.447635e+01,2.444941e+01,2.448981e+01,2.449654e+01,2.445614e+01,2.447635e+01,2.455710e+01,2.453019e+01,2.451673e+01,2.448981e+01,2.451000e+01,2.451000e+01,2.445614e+01,2.446961e+01,2.451673e+01,2.440226e+01,2.447635e+01,2.450327e+01,2.443594e+01,2.440226e+01,2.448308e+01,2.464452e+01,2.434835e+01,2.434161e+01,2.444268e+01,2.441573e+01,2.441573e+01,2.442921e+01,2.436857e+01,2.438878e+01,2.451000e+01,2.438205e+01,2.437531e+01,2.436857e+01,2.444268e+01,2.441573e+01,2.438205e+01,2.444941e+01,2.438878e+01,2.444941e+01,2.443594e+01,2.445614e+01,2.428092e+01,2.440900e+01,2.453692e+01,2.441573e+01,2.443594e+01,2.431464e+01,2.433487e+01,2.449654e+01,2.446961e+01,2.438878e+01,2.440900e+01,2.435509e+01,2.442921e+01,2.432138e+01,2.437531e+01,2.438878e+01,2.436857e+01,2.440226e+01,2.439552e+01,2.440900e+01,2.446961e+01,2.448981e+01,2.444268e+01,2.446288e+01,2.446288e+01,2.443594e+01,2.444941e+01,2.438878e+01,2.444268e+01,2.439552e+01,2.438878e+01,2.438205e+01,2.438878e+01,2.431464e+01,2.436857e+01,2.446288e+01,2.440900e+01,2.437531e+01,2.432812e+01,2.444268e+01,2.444268e+01,2.442921e+01,2.448308e+01,2.434161e+01,2.435509e+01,2.434835e+01,2.430790e+01,2.430790e+01,2.422694e+01,2.446961e+01,2.434835e+01,2.436183e+01,2.434161e+01,2.437531e+01,2.440900e+01,2.442921e+01,2.442247e+01,2.435509e+01,2.426068e+01,2.434835e+01,2.436183e+01,2.421344e+01,2.431464e+01,2.428766e+01,2.432138e+01,2.424719e+01,2.430790e+01,2.428766e+01,2.414593e+01,2.426743e+01,2.419319e+01,2.405809e+01,2.402428e+01,2.402428e+01,2.430790e+01,2.477216e+01,2.475873e+01,2.473858e+01,2.440226e+01,2.470500e+01,2.440900e+01,2.415268e+01,2.401752e+01,2.400400e+01,2.394311e+01,2.390250e+01,2.390927e+01,2.385510e+01,2.393634e+01,2.380091e+01,2.386187e+01,2.373990e+01,2.380768e+01,2.378735e+01,2.382801e+01,2.395664e+01,2.361778e+01,2.365850e+01,2.377380e+01,2.413917e+01,2.409864e+01,2.414593e+01,2.393634e+01,2.421344e+01,2.469156e+01,2.452346e+01,2.467141e+01,2.447635e+01,2.453692e+01,2.440226e+01,2.436857e+01,2.420670e+01,2.424719e+01,2.400400e+01,2.407837e+01,2.406485e+01,2.405809e+01,2.419319e+01,2.423369e+01,2.403781e+01,2.422019e+01,2.402428e+01,2.383478e+01,2.361778e+01,2.382123e+01,2.369921e+01,2.361099e+01,2.367207e+01,2.394988e+01,2.376024e+01,2.376702e+01,2.387542e+01,2.365172e+01,2.361099e+01,2.342073e+01,2.340713e+01,2.357704e+01,2.383478e+01,2.382123e+01,2.378057e+01,2.388896e+01,2.399723e+01,2.402428e+01,2.386187e+01,2.408512e+01,2.415268e+01,2.401076e+01,2.371956e+01,2.373312e+01,2.364493e+01,2.375346e+01,2.373990e+01,2.380768e+01,2.383478e+01,2.391604e+01,2.385510e+01,2.392958e+01,2.398371e+01,2.388219e+01,2.388219e+01,2.382123e+01,2.382123e+01,2.397694e+01,2.384833e+01,2.348872e+01,2.335950e+01,2.354987e+01,2.359741e+01,2.365850e+01,2.389573e+01,2.386865e+01,2.395664e+01,2.408512e+01,2.430115e+01,2.424044e+01,2.434835e+01,2.454365e+01,2.456383e+01,2.468484e+01,2.459746e+01,2.442921e+01,2.442247e+01,2.451673e+01,2.454365e+01,2.455038e+01,2.456383e+01,2.455710e+01,2.454365e+01,2.461091e+01,2.455038e+01,2.455710e+01,2.451673e+01,2.458401e+01,2.455038e+01,2.448981e+01,2.452346e+01,2.448308e+01,2.455038e+01,2.456383e+01,2.465124e+01,2.467141e+01,2.460419e+01,2.451673e+01,2.448981e+01,2.458401e+01,2.461763e+01,2.457056e+01,2.451673e+01,2.454365e+01,2.446961e+01,2.457728e+01,2.453692e+01,2.453692e+01,2.452346e+01,2.453692e+01,2.453019e+01,2.462436e+01,2.449654e+01,2.454365e+01,2.455710e+01,2.453692e+01,2.451673e+01,2.459073e+01,2.453019e+01,2.451000e+01,2.455710e+01,2.456383e+01,2.456383e+01,2.442247e+01,2.456383e+01,2.457728e+01,2.453019e+01,2.463108e+01,2.449654e+01,2.457056e+01,2.451673e+01,2.453019e+01,2.455710e+01,2.453692e+01,2.448981e+01,2.453019e+01,2.451000e+01,2.446288e+01,2.448308e+01,2.456383e+01,2.455038e+01,2.448308e+01,2.473858e+01,2.473858e+01,2.476544e+01,2.512737e+01,2.506713e+01,2.512737e+01,2.528782e+01,2.548138e+01,2.546138e+01,2.560134e+01,2.565462e+01,2.563464e+01,2.564130e+01,2.560134e+01,2.562132e+01,2.562798e+01,2.572117e+01,2.573447e+01,2.580762e+01,2.593385e+01,2.581427e+01,2.600023e+01,2.592057e+01,2.604667e+01,2.614611e+01,2.603340e+01,2.605330e+01,2.606656e+01,2.609971e+01,2.610634e+01,2.611297e+01,2.605993e+01,2.613948e+01,2.594713e+01,2.574778e+01,2.581427e+01,2.556804e+01,2.557470e+01,2.557470e+01,2.558136e+01,2.559468e+01,2.563464e+01,2.586079e+01,2.587408e+01,2.589401e+01,2.599359e+01,2.597368e+01,2.596041e+01,2.593385e+01,2.586743e+01,2.586743e+01,2.585415e+01,2.588072e+01,2.590729e+01,2.580762e+01,2.579433e+01,2.578768e+01,2.547471e+01,2.556804e+01,2.548805e+01,2.523437e+01,2.520763e+01,2.527446e+01,2.512737e+01,2.521431e+01,2.509391e+01,2.512737e+01,2.491305e+01,2.507383e+01,2.510060e+01,2.502026e+01,2.504705e+01,2.517419e+01,2.516751e+01,2.512737e+01,2.514744e+01,2.509391e+01,2.500687e+01,2.490634e+01,2.487281e+01,2.474530e+01,2.454365e+01,2.418644e+01,2.445614e+01,2.436183e+01,2.440226e+01,2.436183e+01,2.443594e+01,2.445614e+01,2.436183e+01,2.430790e+01,2.436857e+01,2.438205e+01,2.445614e+01,2.439552e+01,2.440900e+01,2.442247e+01,2.438878e+01,2.441573e+01,2.446961e+01,2.456383e+01,2.442247e+01,2.453692e+01,2.451673e+01,2.453692e+01,2.444941e+01,2.440900e+01,2.446961e+01,2.440226e+01,2.447635e+01,2.453692e+01,2.449654e+01,2.450327e+01,2.459073e+01,2.459746e+01,2.453692e+01,2.442921e+01,2.459073e+01,2.442247e+01,2.440900e+01,2.451673e+01,2.454365e+01,2.454365e+01,2.436183e+01,2.444268e+01,2.457056e+01,2.451000e+01,2.441573e+01,2.436857e+01,2.455710e+01,2.457728e+01,2.459073e+01,2.460419e+01,2.457728e+01,2.453019e+01,2.453019e+01,2.452346e+01,2.451673e+01,2.456383e+01,2.457056e+01,2.457728e+01,2.453692e+01,2.457056e+01,2.448308e+01,2.450327e+01,2.456383e+01,2.454365e+01,2.455710e+01,2.453019e+01,2.453692e+01,2.448981e+01,2.442921e+01,2.450327e+01,2.460419e+01,2.461763e+01,2.453019e+01,2.441573e+01,2.450327e+01,2.442921e+01,2.451673e+01,2.447635e+01,2.446961e+01,2.450327e+01,2.451000e+01,2.456383e+01,2.457728e+01,2.467141e+01,2.450327e+01,2.454365e+01,2.453692e+01,2.453019e+01,2.454365e+01,2.448308e+01,2.452346e+01,2.447635e+01,2.447635e+01,2.468484e+01
2.359741e+01,2.358383e+01,2.363136e+01,2.353629e+01,2.362457e+01,2.354308e+01,2.360420e+01,2.369242e+01,2.349552e+01,2.369921e+01,2.361778e+01,2.355667e+01,2.362457e+01,2.360420e+01,2.355667e+01,2.373312e+01,2.390250e+01,2.357704e+01,2.366529e+01,2.357704e+01,2.370599e+01,2.382801e+01,2.367886e+01,2.369921e+01,2.362457e+01,2.372634e+01,2.371956e+01,2.372634e+01,2.373990e+01,2.378735e+01,2.380091e+01,2.386187e+01,2.392958e+01,2.393634e+01,2.369242e+01,2.395664e+01,2.390250e+01,2.379413e+01,2.392281e+01,2.393634e+01,2.390927e+01,2.377380e+01,2.390250e+01,2.380091e+01,2.381446e+01,2.386865e+01,2.382801e+01,2.403105e+01,2.392958e+01,2.388896e+01,2.377380e+01,2.399723e+01,2.397018e+01,2.398371e+01,2.394311e+01,2.394311e+01,2.371277e+01,2.390250e+01,2.412566e+01,2.379413e+01,2.383478e+01,2.397018e+01,2.379413e+01,2.390927e+01,2.376024e+01,2.382123e+01,2.376024e+01,2.384155e+01,2.401076e+01,2.412566e+01,2.398371e+01,2.385510e+01,2.401752e+01,2.392281e+01,2.424719e+01,2.413242e+01,2.413242e+01,2.377380e+01,2.378057e+01,2.381446e+01,2.397018e+01,2.401076e+01,2.396341e+01,2.392281e+01,2.379413e+01,2.376702e+01,2.380091e+01,2.373312e+01,2.369242e+01,2.363136e+01,2.353629e+01,2.360420e+01,2.354987e+01,2.360420e+01,2.359741e+01,2.355667e+01,2.365172e+01,2.384155e+01,2.391604e+01,2.390250e+01,2.391604e+01,2.402428e+01,2.399723e+01,2.406485e+01,2.397018e+01,2.388219e+01,2.403781e+01,2.401076e+01,2.401752e+01,2.411891e+01,2.434161e+01,2.442921e+01,2.441573e+01,2.447635e+01,2.453019e+01,2.443594e+01,2.444941e+01,2.438878e+01,2.449654e+01,2.448981e+01,2.445614e+01,2.449654e+01,2.441573e+01,2.450327e+01,2.455038e+01,2.444268e+01,2.455710e+01,2.457056e+01,2.456383e+01,2.456383e+01,2.453019e+01,2.453692e+01,2.455038e+01,2.463780e+01,2.461763e+01,2.463108e+01,2.444941e+01,2.453692e+01,2.456383e+01,2.463780e+01,2.465796e+01,2.464452e+01,2.466469e+01,2.458401e+01,2.462436e+01,2.453019e+01,2.465124e+01,2.463108e+01,2.458401e+01,2.452346e+01,2.456383e+01,2.455038e+01,2.457056e+01,2.452346e+01,2.448981e+01,2.452346e+01,2.440226e+01,2.453692e+01,2.432812e+01,2.436857e+01,2.431464e+01,2.424719e+01,2.417969e+01,2.418644e+01,2.428766e+01,2.440900e+01,2.444941e+01,2.443594e+01,2.444268e+01,2.442921e+01,2.455710e+01,2.433487e+01,2.448981e+01,2.453019e+01,2.457056e+01,2.448981e+01,2.446288e+01,2.448308e+01,2.455710e+01,2.448981e+01,2.444941e+01,2.448308e+01,2.449654e+01,2.452346e+01,2.447635e+01,2.451673e+01,2.451673e+01,2.445614e+01,2.457056e+01,2.444941e+01,2.437531e+01,2.442247e+01,2.442247e+01,2.437531e+01,2.443594e+01,2.446288e+01,2.436857e+01,2.436183e+01,2.448981e+01,2.439552e+01,2.436183e+01,2.436857e+01,2.436857e+01,2.442247e+01,2.452346e+01,2.440226e+01,2.451000e+01,2.452346e+01,2.453019e+01,2.449654e+01,2.446288e+01,2.438205e+01,2.442247e+01,2.438205e+01,2.439552e+01,2.449654e+01,2.442247e+01,2.453692e+01,2.442247e+01,2.439552e+01,2.436857e+01,2.448308e+01,2.446961e+01,2.432138e+01,2.438205e+01,2.442921e+01,2.439552e+01,2.438205e+01,2.440900e+01,2.432138e+01,2.437531e+01,2.429441e+01,2.440226e+01,2.425393e+01,2.450327e+01,2.436183e+01,2.446288e+01,2.430115e+01,2.443594e+01,2.446288e+01,2.444941e+01,2.435509e+01,2.444941e+01,2.442247e+01,2.440900e+01,2.439552e+01,2.438205e+01,2.438878e+01,2.436183e+01,2.436857e+01,2.446288e+01,2.438205e+01,2.453019e+01,2.439552e+01,2.442921e+01,2.436183e+01,2.446961e+01,2.440900e+01,2.436183e+01,2.428766e+01,2.434161e+01,2.435509e+01,2.447635e+01,2.447635e+01,2.428092e+01,2.444268e+01,2.446961e+01,2.431464e+01,2.428092e+01,2.433487e+01,2.442247e+01,2.431464e+01,2.434161e+01,2.440900e+01,2.443594e+01,2.424044e+01,2.435509e+01,2.425393e+01,2.427417e+01,2.428766e+01,2.427417e+01,2.422694e+01,2.428766e+01,2.420670e+01,2.422694e+01,2.420670e+01,2.417969e+01,2.415943e+01,2.405809e+01,2.406485e+01,2.432138e+01,2.481243e+01,2.493316e+01,2.486610e+01,2.491305e+01,2.526778e+01,2.507383e+01,2.468484e+01,2.423369e+01,2.401752e+01,2.391604e+01,2.389573e+01,2.390250e+01,2.372634e+01,2.380091e+01,2.380091e+01,2.399723e+01,2.382123e+01,2.383478e+01,2.391604e+01,2.377380e+01,2.409188e+01,2.388896e+01,2.378735e+01,2.382123e+01,2.383478e+01,2.404457e+01,2.396341e+01,2.387542e+01,2.411215e+01,2.452346e+01,2.460419e+01,2.475873e+01,2.482585e+01,2.453692e+01,2.436183e+01,2.436183e+01,2.438878e+01,2.431464e+01,2.416619e+01,2.422694e+01,2.390250e+01,2.386187e+01,2.389573e+01,2.401752e+01,2.422694e+01,2.419994e+01,2.407837e+01,2.388219e+01,2.393634e+01,2.382123e+01,2.373312e+01,2.367207e+01,2.354987e+01,2.371277e+01,2.376702e+01,2.393634e+01,2.392958e+01,2.365172e+01,2.372634e+01,2.359062e+01,2.352270e+01,2.362457e+01,2.363136e+01,2.357025e+01,2.374668e+01,2.379413e+01,2.379413e+01,2.382801e+01,2.400400e+01,2.389573e+01,2.378735e+01,2.357025e+01,2.357704e+01,2.341393e+01,2.361099e+01,2.359062e+01,2.376702e+01,2.387542e+01,2.404457e+01,2.407837e+01,2.369921e+01,2.380091e+01,2.386865e+01,2.389573e+01,2.388219e+01,2.411215e+01,2.403105e+01,2.416619e+01,2.386865e+01,2.365172e+01,2.351590e+01,2.333228e+01,2.335269e+01,2.352949e+01,2.364493e+01,2.390927e+01,2.406485e+01,2.405133e+01,2.417969e+01,2.433487e+01,2.450327e+01,2.430790e+01,2.456383e+01,2.444268e+01,2.453692e+01,2.461763e+01,2.442921e+01,2.448981e+01,2.444268e+01,2.448308e+01,2.454365e+01,2.453019e+01,2.453692e+01,2.453019e+01,2.453692e+01,2.449654e+01,2.451673e+01,2.455038e+01,2.452346e+01,2.455038e+01,2.450327e+01,2.461091e+01,2.459073e+01,2.449654e+01,2.458401e+01,2.459746e+01,2.459073e+01,2.457056e+01,2.467141e+01,2.450327e+01,2.463108e+01,2.457056e+01,2.444268e+01,2.446288e+01,2.461763e+01,2.446961e+01,2.455038e+01,2.451000e+01,2.454365e+01,2.450327e+01,2.448981e+01,2.459073e+01,2.463108e+01,2.459073e+01,2.449654e+01,2.449654e+01,2.456383e+01,2.453019e+01,2.449654e+01,2.457056e+01,2.446961e+01,2.455038e+01,2.452346e+01,2.452346e+01,2.450327e+01,2.455710e+01,2.448308e+01,2.457728e+01,2.444268e+01,2.453692e+01,2.451673e+01,2.461763e+01,2.430790e+01,2.451673e+01,2.461091e+01,2.448981e+01,2.449654e+01,2.447635e+01,2.450327e+01,2.446288e+01,2.448308e+01,2.455038e+01,2.463780e+01,2.473858e+01,2.502696e+01,2.504705e+01,2.510730e+01,2.519426e+01,2.535461e+01,2.555471e+01,2.544137e+01,2.562798e+01,2.562132e+01,2.582756e+01,2.591393e+01,2.581427e+01,2.598032e+01,2.580097e+01,2.609971e+01,2.591393e+01,2.594049e+01,2.592057e+01,2.599359e+01,2.611960e+01,2.615936e+01,2.617261e+01,2.616599e+01,2.612623e+01,2.614611e+01,2.613948e+01,2.606656e+01,2.609309e+01,2.611960e+01,2.615274e+01,2.600686e+01,2.611960e+01,2.592721e+01,2.573447e+01,2.571451e+01,2.568790e+01,2.578768e+01,2.568124e+01,2.578103e+01,2.580762e+01,2.592057e+01,2.592057e+01,2.590729e+01,2.590729e+01,2.592721e+01,2.590065e+01,2.590729e+01,2.591393e+01,2.586743e+01,2.589401e+01,2.588072e+01,2.594049e+01,2.592057e+01,2.561466e+01,2.566793e+01,2.557470e+01,2.548138e+01,2.552805e+01,2.524105e+01,2.526110e+01,2.534793e+01,2.533458e+01,2.521431e+01,2.502696e+01,2.520763e+01,2.508722e+01,2.515413e+01,2.506044e+01,2.502696e+01,2.507383e+01,2.502026e+01,2.504035e+01,2.501357e+01,2.515413e+01,2.514744e+01,2.510060e+01,2.489293e+01,2.479230e+01,2.471172e+01,2.446288e+01,2.426068e+01,2.424044e+01,2.441573e+01,2.434835e+01,2.442247e+01,2.443594e+01,2.442921e+01,2.419319e+01,2.435509e+01,2.449654e+01,2.442921e+01,2.444268e+01,2.445614e+01,2.440226e+01,2.441573e+01,2.456383e+01,2.439552e+01,2.444941e+01,2.443594e+01,2.445614e+01,2.450327e+01,2.445614e+01,2.445614e+01,2.453692e+01,2.455710e+01,2.438205e+01,2.438205e+01,2.435509e+01,2.453019e+01,2.444268e+01,2.452346e+01,2.444941e+01,2.447635e+01,2.459746e+01,2.435509e+01,2.462436e+01,2.454365e+01,2.455038e+01,2.453019e+01,2.455038e+01,2.447635e+01,2.457056e+01,2.455038e+01,2.440226e+01,2.431464e+01,2.444941e+01,2.455038e+01,2.456383e+01,2.457056e+01,2.455038e+01,2.448981e+01,2.461091e+01,2.451000e+01,2.457056e+01,2.448308e+01,2.464452e+01,2.447635e+01,2.459073e+01,2.453692e+01,2.448308e+01,2.457056e+01,2.450327e+01,2.451000e+01,2.455038e+01,2.465124e+01,2.453019e+01,2.465796e+01,2.450327e+01,2.448308e+01,2.460419e+01,2.444941e+01,2.451000e+01,2.450327e+01,2.449654e+01,2.443594e+01,2.454365e+01,2.451673e+01,2.442921e+01,2.452346e+01,2.450327e+01,2.451000e+01,2.455710e+01,2.443594e+01,2.455710e+01,2.463780e+01,2.455710e+01,2.454365e+01,2.454365e+01,2.442921e+01,2.453692e+01,2.440226e+01,2.445614e+01,2.461091e+01,2.465796e+01,2.462436e+01
2.374668e+01,2.356346e+01,2.354987e+01,2.357025e+01,2.365172e+01,2.363814e+01,2.367207e+01,2.364493e+01,2.371277e+01,2.371277e+01,2.375346e+01,2.382123e+01,2.367886e+01,2.342073e+01,2.378057e+01,2.375346e+01,2.358383e+01,2.388219e+01,2.392958e+01,2.392958e+01,2.374668e+01,2.396341e+01,2.395664e+01,2.396341e+01,2.370599e+01,2.371277e+01,2.401076e+01,2.405133e+01,2.403105e+01,2.406485e+01,2.406485e+01,2.388219e+01,2.409188e+01,2.405133e+01,2.397694e+01,2.422019e+01,2.398371e+01,2.391604e+01,2.391604e+01,2.417294e+01,2.397694e+01,2.393634e+01,2.403781e+01,2.404457e+01,2.418644e+01,2.417969e+01,2.427417e+01,2.407837e+01,2.417969e+01,2.418644e+01,2.407837e+01,2.403781e+01,2.413917e+01,2.411215e+01,2.405809e+01,2.388219e+01,2.416619e+01,2.417294e+01,2.409188e+01,2.405133e+01,2.403105e+01,2.407161e+01,2.413917e+01,2.413242e+01,2.405133e+01,2.401076e+01,2.403105e+01,2.397694e+01,2.396341e+01,2.418644e+01,2.398371e+01,2.374668e+01,2.382801e+01,2.403781e+01,2.405133e+01,2.380091e+01,2.384155e+01,2.376024e+01,2.376702e+01,2.392281e+01,2.411891e+01,2.392958e+01,2.392958e+01,2.396341e+01,2.382123e+01,2.378057e+01,2.382123e+01,2.378735e+01,2.367886e+01,2.364493e+01,2.367886e+01,2.359741e+01,2.363814e+01,2.362457e+01,2.364493e+01,2.365172e+01,2.378057e+01,2.382801e+01,2.391604e+01,2.398371e+01,2.399047e+01,2.414593e+01,2.409188e+01,2.405809e+01,2.403781e+01,2.396341e+01,2.403105e+01,2.402428e+01,2.405133e+01,2.408512e+01,2.432138e+01,2.444268e+01,2.446961e+01,2.444941e+01,2.444268e+01,2.430790e+01,2.440226e+01,2.445614e+01,2.444268e+01,2.461763e+01,2.446961e+01,2.461763e+01,2.448308e+01,2.452346e+01,2.447635e+01,2.456383e+01,2.455710e+01,2.452346e+01,2.450327e+01,2.456383e+01,2.455710e+01,2.455710e+01,2.455710e+01,2.460419e+01,2.455038e+01,2.459746e+01,2.446961e+01,2.457056e+01,2.457728e+01,2.453019e+01,2.457728e+01,2.458401e+01,2.463780e+01,2.462436e+01,2.465796e+01,2.467813e+01,2.453692e+01,2.452346e+01,2.466469e+01,2.449654e+01,2.466469e+01,2.463108e+01,2.453019e+01,2.461763e+01,2.460419e+01,2.451000e+01,2.455710e+01,2.453019e+01,2.453019e+01,2.441573e+01,2.429441e+01,2.448308e+01,2.432812e+01,2.449654e+01,2.442921e+01,2.442247e+01,2.443594e+01,2.444941e+01,2.455038e+01,2.442921e+01,2.455710e+01,2.451000e+01,2.448981e+01,2.455710e+01,2.448981e+01,2.445614e+01,2.449654e+01,2.449654e+01,2.451000e+01,2.448981e+01,2.451000e+01,2.445614e+01,2.454365e+01,2.431464e+01,2.451000e+01,2.446961e+01,2.459073e+01,2.444941e+01,2.441573e+01,2.459746e+01,2.456383e+01,2.442921e+01,2.442921e+01,2.448308e+01,2.438205e+01,2.447635e+01,2.449654e+01,2.447635e+01,2.439552e+01,2.447635e+01,2.444941e+01,2.442921e+01,2.438205e+01,2.438205e+01,2.436857e+01,2.443594e+01,2.430115e+01,2.439552e+01,2.440226e+01,2.442247e+01,2.446288e+01,2.443594e+01,2.442921e+01,2.439552e+01,2.440226e+01,2.442247e+01,2.442247e+01,2.440900e+01,2.441573e+01,2.444941e+01,2.447635e+01,2.436183e+01,2.433487e+01,2.435509e+01,2.442247e+01,2.433487e+01,2.434835e+01,2.432138e+01,2.440900e+01,2.432812e+01,2.438878e+01,2.437531e+01,2.441573e+01,2.441573e+01,2.437531e+01,2.447635e+01,2.435509e+01,2.445614e+01,2.438878e+01,2.442247e+01,2.433487e+01,2.446961e+01,2.440900e+01,2.441573e+01,2.443594e+01,2.438878e+01,2.441573e+01,2.444941e+01,2.431464e+01,2.431464e+01,2.440900e+01,2.437531e+01,2.433487e+01,2.439552e+01,2.436183e+01,2.438205e+01,2.438205e+01,2.433487e+01,2.442247e+01,2.451673e+01,2.440900e+01,2.438878e+01,2.442247e+01,2.436183e+01,2.440226e+01,2.436857e+01,2.438205e+01,2.438878e+01,2.440226e+01,2.428766e+01,2.430115e+01,2.440900e+01,2.440226e+01,2.428766e+01,2.427417e+01,2.429441e+01,2.435509e+01,2.430115e+01,2.426743e+01,2.436183e+01,2.432138e+01,2.430790e+01,2.430790e+01,2.415943e+01,2.413917e+01,2.421344e+01,2.416619e+01,2.418644e+01,2.415268e+01,2.418644e+01,2.457728e+01,2.471172e+01,2.481243e+01,2.487281e+01,2.495997e+01,2.512068e+01,2.499347e+01,2.468484e+01,2.437531e+01,2.427417e+01,2.396341e+01,2.397018e+01,2.376702e+01,2.369242e+01,2.378057e+01,2.372634e+01,2.407161e+01,2.397694e+01,2.386187e+01,2.388896e+01,2.394311e+01,2.407161e+01,2.397018e+01,2.391604e+01,2.399047e+01,2.385510e+01,2.391604e+01,2.394311e+01,2.389573e+01,2.411891e+01,2.442247e+01,2.448308e+01,2.477887e+01,2.483927e+01,2.453692e+01,2.447635e+01,2.435509e+01,2.439552e+01,2.434161e+01,2.430115e+01,2.408512e+01,2.384155e+01,2.371277e+01,2.386865e+01,2.386865e+01,2.396341e+01,2.395664e+01,2.397018e+01,2.415268e+01,2.412566e+01,2.382123e+01,2.385510e+01,2.370599e+01,2.364493e+01,2.376702e+01,2.385510e+01,2.406485e+01,2.398371e+01,2.393634e+01,2.375346e+01,2.369242e+01,2.363136e+01,2.348192e+01,2.343433e+01,2.355667e+01,2.359741e+01,2.376702e+01,2.390250e+01,2.378735e+01,2.367886e+01,2.334589e+01,2.335269e+01,2.331866e+01,2.331185e+01,2.338672e+01,2.376702e+01,2.381446e+01,2.394988e+01,2.384155e+01,2.410540e+01,2.395664e+01,2.378057e+01,2.354308e+01,2.365172e+01,2.391604e+01,2.396341e+01,2.406485e+01,2.402428e+01,2.405133e+01,2.419319e+01,2.394311e+01,2.353629e+01,2.352270e+01,2.350911e+01,2.345473e+01,2.363814e+01,2.388219e+01,2.389573e+01,2.415943e+01,2.409188e+01,2.437531e+01,2.439552e+01,2.437531e+01,2.450327e+01,2.438205e+01,2.434161e+01,2.455710e+01,2.446961e+01,2.447635e+01,2.454365e+01,2.461091e+01,2.446961e+01,2.455038e+01,2.451000e+01,2.453692e+01,2.452346e+01,2.453692e+01,2.457728e+01,2.452346e+01,2.453692e+01,2.456383e+01,2.459073e+01,2.453019e+01,2.448981e+01,2.449654e+01,2.457728e+01,2.460419e+01,2.458401e+01,2.451673e+01,2.457728e+01,2.448308e+01,2.451000e+01,2.462436e+01,2.463108e+01,2.444941e+01,2.463780e+01,2.451673e+01,2.448981e+01,2.451673e+01,2.452346e+01,2.446288e+01,2.456383e+01,2.456383e+01,2.454365e+01,2.455710e+01,2.448308e+01,2.453019e+01,2.440900e+01,2.458401e+01,2.450327e+01,2.457056e+01,2.453019e+01,2.452346e+01,2.456383e+01,2.441573e+01,2.451673e+01,2.451673e+01,2.452346e+01,2.455038e+01,2.453692e+01,2.444268e+01,2.461091e+01,2.450327e+01,2.453019e+01,2.451000e+01,2.448981e+01,2.437531e+01,2.448981e+01,2.448308e+01,2.444941e+01,2.450327e+01,2.444941e+01,2.449654e+01,2.459746e+01,2.468484e+01,2.470500e+01,2.479901e+01,2.494656e+01,2.526110e+01,2.538131e+01,2.554804e+01,2.561466e+01,2.564130e+01,2.566793e+01,2.593385e+01,2.599359e+01,2.607319e+01,2.613286e+01,2.594049e+01,2.595377e+01,2.611960e+01,2.616599e+01,2.610634e+01,2.599359e+01,2.617261e+01,2.626532e+01,2.620573e+01,2.618586e+01,2.616599e+01,2.615936e+01,2.615936e+01,2.611960e+01,2.621235e+01,2.616599e+01,2.614611e+01,2.604667e+01,2.600023e+01,2.590729e+01,2.592721e+01,2.566793e+01,2.567459e+01,2.580762e+01,2.572782e+01,2.567459e+01,2.584085e+01,2.588736e+01,2.588072e+01,2.593385e+01,2.584750e+01,2.590729e+01,2.590065e+01,2.590065e+01,2.578768e+01,2.592057e+01,2.593385e+01,2.586743e+01,2.589401e+01,2.594713e+01,2.577438e+01,2.578103e+01,2.553472e+01,2.548805e+01,2.538799e+01,2.530119e+01,2.528115e+01,2.532122e+01,2.528782e+01,2.530787e+01,2.510730e+01,2.503366e+01,2.510060e+01,2.501357e+01,2.508722e+01,2.499347e+01,2.491975e+01,2.495326e+01,2.505375e+01,2.512737e+01,2.488622e+01,2.485269e+01,2.487281e+01,2.479230e+01,2.471172e+01,2.441573e+01,2.421344e+01,2.430115e+01,2.437531e+01,2.436857e+01,2.440900e+01,2.440900e+01,2.444268e+01,2.440900e+01,2.431464e+01,2.436183e+01,2.445614e+01,2.440900e+01,2.440900e+01,2.445614e+01,2.455710e+01,2.450327e+01,2.448308e+01,2.451000e+01,2.451673e+01,2.450327e+01,2.451673e+01,2.449654e+01,2.445614e+01,2.448308e+01,2.453692e+01,2.443594e+01,2.453692e+01,2.444268e+01,2.448308e+01,2.439552e+01,2.448308e+01,2.457056e+01,2.441573e+01,2.454365e+01,2.446961e+01,2.456383e+01,2.439552e+01,2.440226e+01,2.443594e+01,2.453692e+01,2.445614e+01,2.453692e+01,2.456383e+01,2.458401e+01,2.455710e+01,2.440226e+01,2.448981e+01,2.444941e+01,2.454365e+01,2.457728e+01,2.457056e+01,2.459746e+01,2.453019e+01,2.436183e+01,2.443594e+01,2.461763e+01,2.466469e+01,2.446961e+01,2.456383e+01,2.446961e+01,2.455038e+01,2.459746e+01,2.450327e+01,2.465796e+01,2.446288e+01,2.454365e+01,2.451000e+01,2.448981e+01,2.453019e+01,2.449654e+01,2.448308e+01,2.442247e+01,2.448981e+01,2.448308e+01,2.448981e+01,2.443594e+01,2.440226e+01,2.445614e+01,2.451000e+01,2.447635e+01,2.447635e+01,2.446961e+01,2.481914e+01,2.449654e+01,2.459073e+01,2.458401e+01,2.458401e+01,2.455710e+01,2.450327e+01,2.455038e+01,2.442921e+01,2.446961e+01,2.466469e+01,2.452346e+01,2.449654e+01,2.445614e+01
2.375346e+01,2.384833e+01,2.395664e+01,2.389573e+01,2.365172e+01,2.380768e+01,2.376702e+01,2.383478e+01,2.390250e+01,2.386187e+01,2.387542e+01,2.375346e+01,2.392958e+01,2.391604e+01,2.399047e+01,2.394311e+01,2.397018e+01,2.397694e+01,2.399047e+01,2.397018e+01,2.397018e+01,2.401076e+01,2.407837e+01,2.405133e+01,2.403105e+01,2.405809e+01,2.406485e+01,2.406485e+01,2.410540e+01,2.430790e+01,2.426743e+01,2.424044e+01,2.423369e+01,2.405809e+01,2.407837e+01,2.426068e+01,2.424719e+01,2.426068e+01,2.433487e+01,2.428092e+01,2.419994e+01,2.419994e+01,2.420670e+01,2.421344e+01,2.431464e+01,2.423369e+01,2.418644e+01,2.419994e+01,2.419319e+01,2.408512e+01,2.424719e+01,2.419994e+01,2.419994e+01,2.410540e+01,2.419994e+01,2.417969e+01,2.410540e+01,2.426743e+01,2.420670e+01,2.412566e+01,2.432138e+01,2.419994e+01,2.401752e+01,2.417969e+01,2.407837e+01,2.414593e+01,2.408512e+01,2.407161e+01,2.395664e+01,2.384833e+01,2.383478e+01,2.376702e+01,2.383478e+01,2.387542e+01,2.381446e+01,2.377380e+01,2.378735e+01,2.378057e+01,2.376024e+01,2.394988e+01,2.405133e+01,2.393634e+01,2.392958e+01,2.387542e+01,2.392281e+01,2.372634e+01,2.380091e+01,2.367886e+01,2.369242e+01,2.363136e+01,2.362457e+01,2.364493e+01,2.361099e+01,2.380768e+01,2.381446e+01,2.369921e+01,2.383478e+01,2.400400e+01,2.398371e+01,2.401752e+01,2.411215e+01,2.403781e+01,2.409864e+01,2.404457e+01,2.415268e+01,2.426743e+01,2.415943e+01,2.414593e+01,2.415268e+01,2.423369e+01,2.434161e+01,2.443594e+01,2.443594e+01,2.453692e+01,2.446288e+01,2.442921e+01,2.459746e+01,2.456383e+01,2.453692e+01,2.448308e+01,2.449654e+01,2.448308e+01,2.447635e+01,2.450327e+01,2.446961e+01,2.456383e+01,2.456383e+01,2.457728e+01,2.449654e+01,2.451000e+01,2.457728e+01,2.455038e+01,2.454365e+01,2.462436e+01,2.457056e+01,2.448981e+01,2.446961e+01,2.458401e+01,2.459073e+01,2.453692e+01,2.461091e+01,2.457056e+01,2.460419e+01,2.457728e+01,2.461763e+01,2.460419e+01,2.460419e+01,2.466469e+01,2.461091e+01,2.455710e+01,2.453019e+01,2.454365e+01,2.446288e+01,2.452346e+01,2.451000e+01,2.459073e+01,2.452346e+01,2.451673e+01,2.434161e+01,2.444941e+01,2.453692e+01,2.451000e+01,2.446961e+01,2.444941e+01,2.447635e+01,2.453692e+01,2.453019e+01,2.449654e+01,2.454365e+01,2.457728e+01,2.456383e+01,2.451000e+01,2.451673e+01,2.451000e+01,2.459746e+01,2.451000e+01,2.450327e+01,2.455710e+01,2.448308e+01,2.445614e+01,2.455710e+01,2.458401e+01,2.453019e+01,2.450327e+01,2.444268e+01,2.446288e+01,2.445614e+01,2.427417e+01,2.443594e+01,2.439552e+01,2.444268e+01,2.456383e+01,2.442247e+01,2.444941e+01,2.436857e+01,2.436183e+01,2.436183e+01,2.433487e+01,2.435509e+01,2.445614e+01,2.442247e+01,2.428766e+01,2.446288e+01,2.439552e+01,2.437531e+01,2.455038e+01,2.438205e+01,2.455038e+01,2.435509e+01,2.439552e+01,2.446288e+01,2.440900e+01,2.444941e+01,2.435509e+01,2.441573e+01,2.442247e+01,2.440900e+01,2.442921e+01,2.436183e+01,2.438205e+01,2.439552e+01,2.432138e+01,2.431464e+01,2.436857e+01,2.435509e+01,2.444268e+01,2.440900e+01,2.432812e+01,2.442247e+01,2.430115e+01,2.442247e+01,2.430115e+01,2.424719e+01,2.442921e+01,2.426068e+01,2.432138e+01,2.442247e+01,2.427417e+01,2.446961e+01,2.438205e+01,2.440900e+01,2.444268e+01,2.444268e+01,2.439552e+01,2.439552e+01,2.440226e+01,2.438878e+01,2.438205e+01,2.438878e+01,2.436857e+01,2.434161e+01,2.439552e+01,2.439552e+01,2.438878e+01,2.436857e+01,2.436183e+01,2.432812e+01,2.439552e+01,2.440900e+01,2.428766e+01,2.442247e+01,2.432138e+01,2.438205e+01,2.436857e+01,2.433487e+01,2.431464e+01,2.439552e+01,2.445614e+01,2.430790e+01,2.434835e+01,2.432138e+01,2.427417e+01,2.430790e+01,2.433487e+01,2.433487e+01,2.436183e+01,2.436183e+01,2.432138e+01,2.429441e+01,2.426743e+01,2.428092e+01,2.428092e+01,2.428766e+01,2.419319e+01,2.419994e+01,2.414593e+01,2.407837e+01,2.417969e+01,2.415943e+01,2.411215e+01,2.420670e+01,2.456383e+01,2.471172e+01,2.491975e+01,2.474530e+01,2.459746e+01,2.453692e+01,2.415268e+01,2.407161e+01,2.400400e+01,2.397018e+01,2.394311e+01,2.366529e+01,2.368564e+01,2.372634e+01,2.367886e+01,2.380091e+01,2.382123e+01,2.383478e+01,2.389573e+01,2.380768e+01,2.384833e+01,2.394988e+01,2.397018e+01,2.394311e+01,2.397694e+01,2.400400e+01,2.393634e+01,2.392958e+01,2.411891e+01,2.432138e+01,2.451000e+01,2.432138e+01,2.453692e+01,2.451673e+01,2.430115e+01,2.436183e+01,2.437531e+01,2.434161e+01,2.424719e+01,2.387542e+01,2.375346e+01,2.365172e+01,2.367207e+01,2.387542e+01,2.386865e+01,2.403105e+01,2.395664e+01,2.406485e+01,2.417294e+01,2.427417e+01,2.391604e+01,2.373990e+01,2.355667e+01,2.375346e+01,2.363136e+01,2.367886e+01,2.363136e+01,2.369921e+01,2.357704e+01,2.347513e+01,2.352270e+01,2.354987e+01,2.361778e+01,2.380768e+01,2.369921e+01,2.363814e+01,2.341393e+01,2.331866e+01,2.310739e+01,2.313468e+01,2.312104e+01,2.316877e+01,2.348192e+01,2.330504e+01,2.354308e+01,2.365172e+01,2.371277e+01,2.372634e+01,2.401752e+01,2.391604e+01,2.380768e+01,2.344793e+01,2.345473e+01,2.352270e+01,2.378057e+01,2.388896e+01,2.388896e+01,2.388219e+01,2.385510e+01,2.371956e+01,2.367886e+01,2.361099e+01,2.352270e+01,2.353629e+01,2.365850e+01,2.390927e+01,2.392958e+01,2.399723e+01,2.416619e+01,2.434835e+01,2.440226e+01,2.438878e+01,2.439552e+01,2.453019e+01,2.448981e+01,2.451000e+01,2.443594e+01,2.444268e+01,2.450327e+01,2.460419e+01,2.447635e+01,2.446288e+01,2.447635e+01,2.453019e+01,2.455710e+01,2.453692e+01,2.450327e+01,2.451000e+01,2.451000e+01,2.446961e+01,2.442921e+01,2.455710e+01,2.449654e+01,2.448308e+01,2.453019e+01,2.457728e+01,2.455710e+01,2.446961e+01,2.459073e+01,2.454365e+01,2.450327e+01,2.450327e+01,2.449654e+01,2.455710e+01,2.447635e+01,2.442921e+01,2.441573e+01,2.445614e+01,2.422019e+01,2.450327e+01,2.454365e+01,2.456383e+01,2.457056e+01,2.459746e+01,2.440226e+01,2.455710e+01,2.440900e+01,2.456383e+01,2.455038e+01,2.454365e+01,2.438878e+01,2.440900e+01,2.446961e+01,2.457728e+01,2.455710e+01,2.453692e+01,2.457056e+01,2.438205e+01,2.441573e+01,2.451673e+01,2.448981e+01,2.442921e+01,2.434161e+01,2.440226e+01,2.448981e+01,2.444268e+01,2.449654e+01,2.445614e+01,2.451673e+01,2.445614e+01,2.459746e+01,2.454365e+01,2.444268e+01,2.446961e+01,2.465124e+01,2.487952e+01,2.498677e+01,2.515413e+01,2.526778e+01,2.542802e+01,2.560134e+01,2.565462e+01,2.590729e+01,2.594713e+01,2.613948e+01,2.607982e+01,2.621235e+01,2.609971e+01,2.614611e+01,2.616599e+01,2.617924e+01,2.616599e+01,2.616599e+01,2.617261e+01,2.617924e+01,2.619911e+01,2.620573e+01,2.612623e+01,2.616599e+01,2.616599e+01,2.628517e+01,2.611297e+01,2.610634e+01,2.609309e+01,2.612623e+01,2.600686e+01,2.579433e+01,2.592057e+01,2.570121e+01,2.570786e+01,2.562132e+01,2.585415e+01,2.582092e+01,2.587408e+01,2.586743e+01,2.584085e+01,2.587408e+01,2.590729e+01,2.588072e+01,2.588072e+01,2.594713e+01,2.576108e+01,2.592721e+01,2.590729e+01,2.588736e+01,2.582092e+01,2.568124e+01,2.572117e+01,2.562798e+01,2.555471e+01,2.556137e+01,2.536129e+01,2.534126e+01,2.528782e+01,2.523437e+01,2.522768e+01,2.518088e+01,2.514075e+01,2.516751e+01,2.492645e+01,2.510060e+01,2.500687e+01,2.493986e+01,2.498677e+01,2.500017e+01,2.479230e+01,2.510060e+01,2.489293e+01,2.485269e+01,2.481243e+01,2.457728e+01,2.441573e+01,2.426743e+01,2.424044e+01,2.421344e+01,2.431464e+01,2.442247e+01,2.439552e+01,2.434161e+01,2.436857e+01,2.434835e+01,2.443594e+01,2.438878e+01,2.444941e+01,2.440226e+01,2.437531e+01,2.440900e+01,2.442247e+01,2.432812e+01,2.448308e+01,2.450327e+01,2.434835e+01,2.444941e+01,2.434161e+01,2.442247e+01,2.438878e+01,2.440900e+01,2.453019e+01,2.449654e+01,2.454365e+01,2.440900e+01,2.440226e+01,2.453019e+01,2.453692e+01,2.450327e+01,2.437531e+01,2.444941e+01,2.455038e+01,2.450327e+01,2.444941e+01,2.444268e+01,2.448308e+01,2.450327e+01,2.440226e+01,2.457056e+01,2.457728e+01,2.454365e+01,2.444941e+01,2.449654e+01,2.454365e+01,2.452346e+01,2.446961e+01,2.429441e+01,2.456383e+01,2.452346e+01,2.453019e+01,2.453019e+01,2.451673e+01,2.452346e+01,2.446288e+01,2.438205e+01,2.457728e+01,2.448981e+01,2.446961e+01,2.451000e+01,2.448981e+01,2.451673e+01,2.457728e+01,2.453019e+01,2.447635e+01,2.447635e+01,2.443594e+01,2.441573e+01,2.446961e+01,2.450327e+01,2.446961e+01,2.452346e+01,2.451673e+01,2.451000e+01,2.454365e+01,2.453692e+01,2.452346e+01,2.461763e+01,2.448308e+01,2.451673e+01,2.440226e+01,2.453692e+01,2.449654e+01,2.453019e+01,2.458401e+01,2.426068e+01,2.424719e+01,2.465124e+01,2.454365e+01,2.450327e+01,2.436183e+01,2.449654e+01,2.460419e+01,2.469828e+01
2.394988e+01,2.407837e+01,2.399723e+01,2.400400e+01,2.398371e+01,2.411215e+01,2.407837e+01,2.409864e+01,2.407161e+01,2.399047e+01,2.394311e+01,2.407837e+01,2.388896e+01,2.401076e+01,2.403781e+01,2.428766e+01,2.430115e+01,2.401752e+01,2.412566e+01,2.421344e+01,2.420670e+01,2.435509e+01,2.419319e+01,2.407161e+01,2.417294e+01,2.419319e+01,2.432812e+01,2.430790e+01,2.430115e+01,2.446961e+01,2.430115e+01,2.436183e+01,2.444268e+01,2.419994e+01,2.424719e+01,2.429441e+01,2.427417e+01,2.455710e+01,2.428092e+01,2.422694e+01,2.434161e+01,2.431464e+01,2.434835e+01,2.423369e+01,2.429441e+01,2.431464e+01,2.433487e+01,2.433487e+01,2.440900e+01,2.440226e+01,2.420670e+01,2.437531e+01,2.425393e+01,2.419319e+01,2.422694e+01,2.452346e+01,2.428766e+01,2.425393e+01,2.430790e+01,2.419319e+01,2.433487e+01,2.419319e+01,2.432138e+01,2.416619e+01,2.424719e+01,2.421344e+01,2.411215e+01,2.426743e+01,2.404457e+01,2.394311e+01,2.374668e+01,2.394988e+01,2.373990e+01,2.376702e+01,2.381446e+01,2.382801e+01,2.380091e+01,2.368564e+01,2.359741e+01,2.388219e+01,2.405133e+01,2.411891e+01,2.400400e+01,2.393634e+01,2.395664e+01,2.386865e+01,2.381446e+01,2.367886e+01,2.367886e+01,2.364493e+01,2.365172e+01,2.371277e+01,2.375346e+01,2.391604e+01,2.385510e+01,2.388896e+01,2.400400e+01,2.397018e+01,2.386187e+01,2.405809e+01,2.423369e+01,2.410540e+01,2.424044e+01,2.415943e+01,2.420670e+01,2.424719e+01,2.419994e+01,2.420670e+01,2.438878e+01,2.431464e+01,2.459746e+01,2.448308e+01,2.459746e+01,2.444941e+01,2.442921e+01,2.457728e+01,2.445614e+01,2.449654e+01,2.445614e+01,2.444268e+01,2.457728e+01,2.452346e+01,2.451000e+01,2.452346e+01,2.461763e+01,2.448308e+01,2.465796e+01,2.461763e+01,2.465124e+01,2.448308e+01,2.448981e+01,2.458401e+01,2.456383e+01,2.449654e+01,2.449654e+01,2.458401e+01,2.456383e+01,2.452346e+01,2.455038e+01,2.455038e+01,2.459746e+01,2.465796e+01,2.459746e+01,2.464452e+01,2.453692e+01,2.458401e+01,2.463780e+01,2.467141e+01,2.471172e+01,2.461091e+01,2.466469e+01,2.457056e+01,2.455038e+01,2.457056e+01,2.456383e+01,2.450327e+01,2.459073e+01,2.453692e+01,2.459746e+01,2.440900e+01,2.446961e+01,2.455710e+01,2.441573e+01,2.454365e+01,2.446961e+01,2.453019e+01,2.452346e+01,2.457056e+01,2.443594e+01,2.460419e+01,2.453692e+01,2.459746e+01,2.448308e+01,2.453692e+01,2.449654e+01,2.457728e+01,2.451673e+01,2.447635e+01,2.458401e+01,2.455710e+01,2.444268e+01,2.456383e+01,2.448308e+01,2.456383e+01,2.454365e+01,2.443594e+01,2.442247e+01,2.446288e+01,2.442247e+01,2.443594e+01,2.442921e+01,2.440226e+01,2.438205e+01,2.446961e+01,2.449654e+01,2.441573e+01,2.440900e+01,2.447635e+01,2.446288e+01,2.441573e+01,2.443594e+01,2.444941e+01,2.463108e+01,2.442247e+01,2.442247e+01,2.436857e+01,2.442247e+01,2.448981e+01,2.432812e+01,2.440900e+01,2.444941e+01,2.443594e+01,2.446288e+01,2.442921e+01,2.434835e+01,2.457056e+01,2.443594e+01,2.438878e+01,2.440900e+01,2.442921e+01,2.444268e+01,2.445614e+01,2.442921e+01,2.439552e+01,2.438878e+01,2.437531e+01,2.440226e+01,2.436183e+01,2.436183e+01,2.437531e+01,2.429441e+01,2.444941e+01,2.444268e+01,2.430790e+01,2.440900e+01,2.442921e+01,2.437531e+01,2.442921e+01,2.440226e+01,2.440226e+01,2.443594e+01,2.431464e+01,2.440900e+01,2.435509e+01,2.432138e+01,2.442247e+01,2.438878e+01,2.441573e+01,2.441573e+01,2.440900e+01,2.434161e+01,2.440900e+01,2.437531e+01,2.443594e+01,2.440900e+01,2.436183e+01,2.433487e+01,2.432812e+01,2.454365e+01,2.444268e+01,2.442247e+01,2.433487e+01,2.442247e+01,2.429441e+01,2.440226e+01,2.442921e+01,2.440900e+01,2.441573e+01,2.442247e+01,2.440226e+01,2.433487e+01,2.438878e+01,2.440226e+01,2.437531e+01,2.440900e+01,2.428766e+01,2.424719e+01,2.433487e+01,2.435509e+01,2.422694e+01,2.430790e+01,2.430790e+01,2.428766e+01,2.428092e+01,2.424044e+01,2.419319e+01,2.422019e+01,2.411215e+01,2.415943e+01,2.418644e+01,2.415943e+01,2.431464e+01,2.440226e+01,2.461763e+01,2.465124e+01,2.442247e+01,2.411215e+01,2.417969e+01,2.404457e+01,2.417969e+01,2.395664e+01,2.398371e+01,2.378735e+01,2.363136e+01,2.369242e+01,2.359741e+01,2.380091e+01,2.368564e+01,2.373990e+01,2.378735e+01,2.380091e+01,2.394311e+01,2.401752e+01,2.426068e+01,2.425393e+01,2.424719e+01,2.403105e+01,2.408512e+01,2.430790e+01,2.426743e+01,2.426743e+01,2.418644e+01,2.427417e+01,2.433487e+01,2.429441e+01,2.423369e+01,2.433487e+01,2.427417e+01,2.415268e+01,2.399047e+01,2.384833e+01,2.379413e+01,2.378735e+01,2.390927e+01,2.398371e+01,2.401076e+01,2.396341e+01,2.415268e+01,2.418644e+01,2.436183e+01,2.432812e+01,2.405809e+01,2.373990e+01,2.372634e+01,2.365850e+01,2.351590e+01,2.346833e+01,2.341393e+01,2.346833e+01,2.367886e+01,2.353629e+01,2.353629e+01,2.359741e+01,2.362457e+01,2.365172e+01,2.341393e+01,2.314150e+01,2.325056e+01,2.308010e+01,2.303232e+01,2.312104e+01,2.314150e+01,2.320967e+01,2.333228e+01,2.359741e+01,2.373312e+01,2.367207e+01,2.381446e+01,2.373990e+01,2.386865e+01,2.392958e+01,2.358383e+01,2.342073e+01,2.340713e+01,2.329142e+01,2.369242e+01,2.382801e+01,2.352270e+01,2.378735e+01,2.388896e+01,2.376702e+01,2.376702e+01,2.374668e+01,2.380768e+01,2.363136e+01,2.373990e+01,2.388219e+01,2.394988e+01,2.418644e+01,2.423369e+01,2.437531e+01,2.438878e+01,2.440226e+01,2.436857e+01,2.451000e+01,2.445614e+01,2.451000e+01,2.448981e+01,2.450327e+01,2.449654e+01,2.451673e+01,2.448981e+01,2.444268e+01,2.449654e+01,2.454365e+01,2.449654e+01,2.444941e+01,2.450327e+01,2.454365e+01,2.448308e+01,2.435509e+01,2.454365e+01,2.450327e+01,2.442921e+01,2.454365e+01,2.451673e+01,2.451000e+01,2.452346e+01,2.453019e+01,2.450327e+01,2.451000e+01,2.451000e+01,2.450327e+01,2.448981e+01,2.448981e+01,2.456383e+01,2.445614e+01,2.457056e+01,2.442247e+01,2.451673e+01,2.442247e+01,2.446961e+01,2.459746e+01,2.459073e+01,2.448981e+01,2.456383e+01,2.446288e+01,2.454365e+01,2.444268e+01,2.451000e+01,2.449654e+01,2.460419e+01,2.443594e+01,2.452346e+01,2.450327e+01,2.452346e+01,2.448981e+01,2.453692e+01,2.449654e+01,2.450327e+01,2.457728e+01,2.445614e+01,2.453019e+01,2.444941e+01,2.453019e+01,2.448981e+01,2.446961e+01,2.447635e+01,2.444268e+01,2.447635e+01,2.444268e+01,2.451000e+01,2.444268e+01,2.456383e+01,2.438878e+01,2.465796e+01,2.467141e+01,2.483927e+01,2.524105e+01,2.517419e+01,2.537464e+01,2.562798e+01,2.572117e+01,2.592057e+01,2.600686e+01,2.618586e+01,2.615274e+01,2.616599e+01,2.619248e+01,2.621898e+01,2.623222e+01,2.617261e+01,2.620573e+01,2.617261e+01,2.618586e+01,2.615274e+01,2.616599e+01,2.636456e+01,2.617261e+01,2.618586e+01,2.615274e+01,2.614611e+01,2.621898e+01,2.613286e+01,2.598032e+01,2.617924e+01,2.617261e+01,2.592057e+01,2.585415e+01,2.567459e+01,2.570121e+01,2.573447e+01,2.586743e+01,2.586079e+01,2.589401e+01,2.598032e+01,2.583421e+01,2.590729e+01,2.591393e+01,2.591393e+01,2.582092e+01,2.588072e+01,2.578103e+01,2.598032e+01,2.578768e+01,2.592057e+01,2.597368e+01,2.576108e+01,2.568790e+01,2.572117e+01,2.552805e+01,2.545471e+01,2.541468e+01,2.522100e+01,2.524773e+01,2.502026e+01,2.525442e+01,2.499347e+01,2.517419e+01,2.506713e+01,2.502026e+01,2.508722e+01,2.496667e+01,2.489293e+01,2.489293e+01,2.478558e+01,2.489964e+01,2.469828e+01,2.473858e+01,2.450327e+01,2.454365e+01,2.436183e+01,2.419319e+01,2.415268e+01,2.411891e+01,2.427417e+01,2.434161e+01,2.440900e+01,2.426068e+01,2.434835e+01,2.440900e+01,2.444268e+01,2.438878e+01,2.460419e+01,2.442921e+01,2.444268e+01,2.446961e+01,2.444941e+01,2.446961e+01,2.440226e+01,2.439552e+01,2.449654e+01,2.449654e+01,2.440900e+01,2.453019e+01,2.448308e+01,2.451673e+01,2.458401e+01,2.442247e+01,2.445614e+01,2.453692e+01,2.440900e+01,2.449654e+01,2.439552e+01,2.451673e+01,2.454365e+01,2.453019e+01,2.446288e+01,2.456383e+01,2.463108e+01,2.442921e+01,2.441573e+01,2.448308e+01,2.453692e+01,2.455038e+01,2.455038e+01,2.453019e+01,2.450327e+01,2.455038e+01,2.463780e+01,2.453692e+01,2.459746e+01,2.461763e+01,2.452346e+01,2.453019e+01,2.449654e+01,2.430790e+01,2.448981e+01,2.449654e+01,2.449654e+01,2.451673e+01,2.451000e+01,2.444268e+01,2.458401e+01,2.455038e+01,2.461763e+01,2.450327e+01,2.451673e+01,2.449654e+01,2.446961e+01,2.449654e+01,2.442247e+01,2.460419e+01,2.455710e+01,2.457056e+01,2.455710e+01,2.444268e+01,2.455710e+01,2.447635e+01,2.453019e+01,2.445614e+01,2.459073e+01,2.448308e+01,2.459746e+01,2.463108e+01,2.462436e+01,2.452346e+01,2.466469e+01,2.463108e+01,2.455710e+01,2.459073e+01,2.461091e+01,2.454365e+01,2.444268e+01,2.455710e+01,2.461763e+01,2.455038e+01,2.470500e+01,2.453019e+01,2.464452e+01
2.422019e+01,2.407161e+01,2.404457e+01,2.413917e+01,2.424719e+01,2.417294e+01,2.415268e+01,2.416619e+01,2.429441e+01,2.412566e+01,2.426068e+01,2.431464e+01,2.436183e+01,2.417969e+01,2.435509e+01,2.424719e+01,2.429441e+01,2.436183e+01,2.425393e+01,2.430790e+01,2.424044e+01,2.436857e+01,2.443594e+01,2.438878e+01,2.438205e+01,2.467813e+01,2.438205e+01,2.436857e+01,2.437531e+01,2.435509e+01,2.432138e+01,2.445614e+01,2.448981e+01,2.429441e+01,2.436857e+01,2.456383e+01,2.446288e+01,2.448308e+01,2.453019e+01,2.446961e+01,2.442921e+01,2.438878e+01,2.450327e+01,2.431464e+01,2.434161e+01,2.434161e+01,2.436857e+01,2.440226e+01,2.439552e+01,2.424044e+01,2.425393e+01,2.422694e+01,2.441573e+01,2.422019e+01,2.432812e+01,2.431464e+01,2.409864e+01,2.432812e+01,2.432812e+01,2.424719e+01,2.433487e+01,2.439552e+01,2.431464e+01,2.433487e+01,2.432812e+01,2.422019e+01,2.417294e+01,2.417294e+01,2.420670e+01,2.403781e+01,2.399723e+01,2.384155e+01,2.380768e+01,2.371956e+01,2.383478e+01,2.399047e+01,2.400400e+01,2.377380e+01,2.389573e+01,2.401752e+01,2.412566e+01,2.409188e+01,2.397694e+01,2.408512e+01,2.396341e+01,2.368564e+01,2.402428e+01,2.387542e+01,2.384833e+01,2.403781e+01,2.397694e+01,2.390250e+01,2.391604e+01,2.393634e+01,2.392958e+01,2.395664e+01,2.409864e+01,2.422019e+01,2.423369e+01,2.426068e+01,2.437531e+01,2.426743e+01,2.419319e+01,2.422019e+01,2.427417e+01,2.422019e+01,2.436857e+01,2.434161e+01,2.429441e+01,2.434161e+01,2.444268e+01,2.441573e+01,2.430790e+01,2.452346e+01,2.445614e+01,2.461763e+01,2.447635e+01,2.452346e+01,2.452346e+01,2.457728e+01,2.453019e+01,2.449654e+01,2.449654e+01,2.450327e+01,2.451673e+01,2.449654e+01,2.448308e+01,2.451673e+01,2.451000e+01,2.447635e+01,2.448308e+01,2.452346e+01,2.460419e+01,2.445614e+01,2.452346e+01,2.456383e+01,2.453019e+01,2.457056e+01,2.459073e+01,2.461091e+01,2.458401e+01,2.457056e+01,2.457056e+01,2.461091e+01,2.462436e+01,2.461091e+01,2.463108e+01,2.461091e+01,2.447635e+01,2.467141e+01,2.459746e+01,2.452346e+01,2.466469e+01,2.459746e+01,2.456383e+01,2.462436e+01,2.461091e+01,2.463108e+01,2.463108e+01,2.451000e+01,2.446961e+01,2.450327e+01,2.446288e+01,2.456383e+01,2.459073e+01,2.457728e+01,2.459073e+01,2.451000e+01,2.461763e+01,2.463108e+01,2.455038e+01,2.456383e+01,2.459746e+01,2.458401e+01,2.450327e+01,2.448981e+01,2.456383e+01,2.456383e+01,2.448981e+01,2.450327e+01,2.457056e+01,2.455710e+01,2.442921e+01,2.441573e+01,2.451673e+01,2.457056e+01,2.442921e+01,2.459073e+01,2.444941e+01,2.442921e+01,2.451673e+01,2.435509e+01,2.434161e+01,2.434835e+01,2.439552e+01,2.436857e+01,2.451000e+01,2.445614e+01,2.450327e+01,2.432138e+01,2.446961e+01,2.448981e+01,2.444268e+01,2.431464e+01,2.446288e+01,2.443594e+01,2.430115e+01,2.442247e+01,2.429441e+01,2.428766e+01,2.447635e+01,2.443594e+01,2.443594e+01,2.440900e+01,2.441573e+01,2.441573e+01,2.440900e+01,2.442921e+01,2.440900e+01,2.436183e+01,2.445614e+01,2.455038e+01,2.439552e+01,2.437531e+01,2.433487e+01,2.433487e+01,2.434835e+01,2.436183e+01,2.433487e+01,2.433487e+01,2.441573e+01,2.431464e+01,2.437531e+01,2.446961e+01,2.444941e+01,2.436857e+01,2.437531e+01,2.436183e+01,2.440226e+01,2.440226e+01,2.432812e+01,2.442247e+01,2.433487e+01,2.436183e+01,2.434161e+01,2.436857e+01,2.440226e+01,2.441573e+01,2.436183e+01,2.435509e+01,2.432138e+01,2.430115e+01,2.442921e+01,2.438878e+01,2.442921e+01,2.442247e+01,2.435509e+01,2.434161e+01,2.428092e+01,2.437531e+01,2.448308e+01,2.433487e+01,2.441573e+01,2.436183e+01,2.442921e+01,2.439552e+01,2.442921e+01,2.432138e+01,2.430790e+01,2.429441e+01,2.432138e+01,2.432138e+01,2.428766e+01,2.440900e+01,2.438878e+01,2.435509e+01,2.435509e+01,2.428092e+01,2.428092e+01,2.435509e+01,2.430790e+01,2.431464e+01,2.427417e+01,2.416619e+01,2.432138e+01,2.425393e+01,2.426743e+01,2.410540e+01,2.411215e+01,2.392958e+01,2.405133e+01,2.424044e+01,2.438205e+01,2.408512e+01,2.434161e+01,2.408512e+01,2.403781e+01,2.399723e+01,2.403781e+01,2.415268e+01,2.426068e+01,2.426068e+01,2.407837e+01,2.382123e+01,2.371277e+01,2.368564e+01,2.354987e+01,2.353629e+01,2.348872e+01,2.361778e+01,2.381446e+01,2.385510e+01,2.421344e+01,2.418644e+01,2.441573e+01,2.438205e+01,2.438205e+01,2.428092e+01,2.432138e+01,2.428092e+01,2.405809e+01,2.409188e+01,2.408512e+01,2.419319e+01,2.433487e+01,2.432138e+01,2.431464e+01,2.427417e+01,2.415943e+01,2.397018e+01,2.389573e+01,2.388896e+01,2.420670e+01,2.457728e+01,2.461091e+01,2.452346e+01,2.430115e+01,2.432812e+01,2.445614e+01,2.431464e+01,2.444941e+01,2.415268e+01,2.399723e+01,2.373312e+01,2.345473e+01,2.342073e+01,2.337991e+01,2.339352e+01,2.340713e+01,2.345473e+01,2.350911e+01,2.358383e+01,2.355667e+01,2.356346e+01,2.340713e+01,2.311422e+01,2.310057e+01,2.310057e+01,2.300501e+01,2.285467e+01,2.312786e+01,2.298452e+01,2.343433e+01,2.352270e+01,2.385510e+01,2.373312e+01,2.363814e+01,2.372634e+01,2.367886e+01,2.370599e+01,2.381446e+01,2.340713e+01,2.340713e+01,2.331185e+01,2.336630e+01,2.359062e+01,2.355667e+01,2.348192e+01,2.367886e+01,2.389573e+01,2.382801e+01,2.380768e+01,2.384833e+01,2.391604e+01,2.373312e+01,2.376024e+01,2.387542e+01,2.412566e+01,2.420670e+01,2.434835e+01,2.438878e+01,2.437531e+01,2.438878e+01,2.440900e+01,2.447635e+01,2.456383e+01,2.455038e+01,2.445614e+01,2.445614e+01,2.446288e+01,2.454365e+01,2.441573e+01,2.455710e+01,2.452346e+01,2.442921e+01,2.449654e+01,2.459073e+01,2.457728e+01,2.449654e+01,2.442921e+01,2.438878e+01,2.440900e+01,2.457728e+01,2.446288e+01,2.448308e+01,2.457056e+01,2.442921e+01,2.451673e+01,2.451000e+01,2.456383e+01,2.452346e+01,2.450327e+01,2.448308e+01,2.453019e+01,2.458401e+01,2.453019e+01,2.451000e+01,2.453692e+01,2.448981e+01,2.440900e+01,2.455710e+01,2.447635e+01,2.442921e+01,2.456383e+01,2.446961e+01,2.454365e+01,2.444268e+01,2.444941e+01,2.444268e+01,2.441573e+01,2.450327e+01,2.457056e+01,2.451673e+01,2.461763e+01,2.467141e+01,2.457728e+01,2.453692e+01,2.455710e+01,2.437531e+01,2.446288e+01,2.464452e+01,2.444268e+01,2.452346e+01,2.446288e+01,2.447635e+01,2.438205e+01,2.451000e+01,2.451673e+01,2.447635e+01,2.445614e+01,2.447635e+01,2.444268e+01,2.458401e+01,2.438878e+01,2.439552e+01,2.456383e+01,2.447635e+01,2.465796e+01,2.490634e+01,2.510730e+01,2.543469e+01,2.564796e+01,2.570121e+01,2.589401e+01,2.607982e+01,2.608646e+01,2.610634e+01,2.617261e+01,2.632487e+01,2.625208e+01,2.617261e+01,2.619248e+01,2.616599e+01,2.613948e+01,2.624546e+01,2.639100e+01,2.612623e+01,2.630502e+01,2.633149e+01,2.618586e+01,2.614611e+01,2.617261e+01,2.610634e+01,2.616599e+01,2.605993e+01,2.607982e+01,2.615936e+01,2.590065e+01,2.584750e+01,2.590065e+01,2.576773e+01,2.577438e+01,2.575443e+01,2.577438e+01,2.585415e+01,2.576108e+01,2.582756e+01,2.585415e+01,2.588072e+01,2.589401e+01,2.580762e+01,2.598696e+01,2.582092e+01,2.584085e+01,2.585415e+01,2.592057e+01,2.590065e+01,2.573447e+01,2.572117e+01,2.568790e+01,2.546138e+01,2.542802e+01,2.542135e+01,2.526778e+01,2.526778e+01,2.519426e+01,2.521431e+01,2.524105e+01,2.516751e+01,2.500017e+01,2.487952e+01,2.482585e+01,2.489964e+01,2.469828e+01,2.468484e+01,2.468484e+01,2.470500e+01,2.461091e+01,2.479230e+01,2.440900e+01,2.449654e+01,2.432138e+01,2.428766e+01,2.390927e+01,2.407837e+01,2.426068e+01,2.442921e+01,2.431464e+01,2.440900e+01,2.433487e+01,2.439552e+01,2.436183e+01,2.433487e+01,2.439552e+01,2.436183e+01,2.442247e+01,2.445614e+01,2.449654e+01,2.459073e+01,2.440226e+01,2.457728e+01,2.450327e+01,2.453692e+01,2.450327e+01,2.448308e+01,2.448308e+01,2.446288e+01,2.442247e+01,2.445614e+01,2.448308e+01,2.451000e+01,2.451000e+01,2.452346e+01,2.448981e+01,2.448981e+01,2.439552e+01,2.455710e+01,2.451673e+01,2.448981e+01,2.461091e+01,2.448308e+01,2.453692e+01,2.440900e+01,2.440900e+01,2.459073e+01,2.455710e+01,2.452346e+01,2.451000e+01,2.455038e+01,2.446288e+01,2.451000e+01,2.443594e+01,2.457056e+01,2.450327e+01,2.457728e+01,2.451000e+01,2.460419e+01,2.456383e+01,2.452346e+01,2.457728e+01,2.449654e+01,2.457728e+01,2.434835e+01,2.456383e+01,2.461763e+01,2.448308e+01,2.451673e+01,2.451000e+01,2.453692e+01,2.451000e+01,2.447635e+01,2.442921e+01,2.453019e+01,2.453019e+01,2.438205e+01,2.455710e+01,2.461763e+01,2.437531e+01,2.458401e+01,2.457728e+01,2.456383e+01,2.451000e+01,2.453692e+01,2.446961e+01,2.455038e+01,2.448308e+01,2.455038e+01,2.455710e+01,2.453019e+01,2.453019e+01,2.457728e+01,2.444941e+01,2.440900e+01,2.457056e+01,2.448981e+01,2.461091e+01,2.448308e+01,2.448308e+01,2.458401e+01,2.458401e+01
2.447635e+01,2.420670e+01,2.438205e+01,2.442921e+01,2.443594e+01,2.437531e+01,2.433487e+01,2.432138e+01,2.435509e+01,2.433487e+01,2.447635e+01,2.452346e+01,2.442247e+01,2.436183e+01,2.466469e+01,2.446961e+01,2.457056e+01,2.446961e+01,2.448981e+01,2.442921e+01,2.448308e+01,2.447635e+01,2.444941e+01,2.434835e+01,2.442921e+01,2.440226e+01,2.446961e+01,2.445614e+01,2.441573e+01,2.448981e+01,2.428766e+01,2.450327e+01,2.444941e+01,2.442247e+01,2.444941e+01,2.452346e+01,2.436857e+01,2.442247e+01,2.449654e+01,2.451673e+01,2.444268e+01,2.439552e+01,2.447635e+01,2.436857e+01,2.434161e+01,2.435509e+01,2.438205e+01,2.442921e+01,2.436183e+01,2.438878e+01,2.443594e+01,2.434161e+01,2.442247e+01,2.444268e+01,2.440900e+01,2.424044e+01,2.409864e+01,2.434161e+01,2.434161e+01,2.432138e+01,2.429441e+01,2.428092e+01,2.432812e+01,2.437531e+01,2.436183e+01,2.427417e+01,2.428766e+01,2.428092e+01,2.402428e+01,2.401752e+01,2.376024e+01,2.375346e+01,2.390927e+01,2.392281e+01,2.415943e+01,2.419319e+01,2.397018e+01,2.389573e+01,2.391604e+01,2.405133e+01,2.415943e+01,2.427417e+01,2.444941e+01,2.424719e+01,2.399723e+01,2.398371e+01,2.413917e+01,2.417294e+01,2.404457e+01,2.413242e+01,2.411891e+01,2.403781e+01,2.413242e+01,2.422694e+01,2.424719e+01,2.424044e+01,2.423369e+01,2.428092e+01,2.423369e+01,2.433487e+01,2.422694e+01,2.428766e+01,2.438205e+01,2.440900e+01,2.436183e+01,2.437531e+01,2.436183e+01,2.439552e+01,2.440900e+01,2.438878e+01,2.442247e+01,2.433487e+01,2.465796e+01,2.447635e+01,2.456383e+01,2.465124e+01,2.430790e+01,2.459073e+01,2.459746e+01,2.459073e+01,2.453692e+01,2.453692e+01,2.452346e+01,2.453019e+01,2.455038e+01,2.461763e+01,2.448981e+01,2.466469e+01,2.448981e+01,2.460419e+01,2.458401e+01,2.456383e+01,2.450327e+01,2.457728e+01,2.453692e+01,2.448981e+01,2.451000e+01,2.459746e+01,2.462436e+01,2.457728e+01,2.470500e+01,2.458401e+01,2.457056e+01,2.465124e+01,2.452346e+01,2.461091e+01,2.461763e+01,2.473858e+01,2.463780e+01,2.462436e+01,2.462436e+01,2.460419e+01,2.464452e+01,2.463108e+01,2.464452e+01,2.470500e+01,2.454365e+01,2.458401e+01,2.446288e+01,2.458401e+01,2.462436e+01,2.449654e+01,2.460419e+01,2.461763e+01,2.455710e+01,2.452346e+01,2.451000e+01,2.461763e+01,2.463108e+01,2.457728e+01,2.451673e+01,2.459073e+01,2.452346e+01,2.456383e+01,2.455710e+01,2.466469e+01,2.470500e+01,2.449654e+01,2.458401e+01,2.446288e+01,2.462436e+01,2.453692e+01,2.456383e+01,2.453019e+01,2.445614e+01,2.455038e+01,2.442921e+01,2.447635e+01,2.449654e+01,2.452346e+01,2.446288e+01,2.440226e+01,2.444941e+01,2.438205e+01,2.439552e+01,2.445614e+01,2.445614e+01,2.436857e+01,2.448308e+01,2.449654e+01,2.451673e+01,2.451673e+01,2.431464e+01,2.430790e+01,2.424719e+01,2.432138e+01,2.448308e+01,2.438205e+01,2.443594e+01,2.446961e+01,2.442921e+01,2.444268e+01,2.442921e+01,2.443594e+01,2.442921e+01,2.441573e+01,2.434161e+01,2.438878e+01,2.442247e+01,2.441573e+01,2.446961e+01,2.437531e+01,2.441573e+01,2.438205e+01,2.439552e+01,2.436183e+01,2.444268e+01,2.442247e+01,2.440900e+01,2.434161e+01,2.427417e+01,2.447635e+01,2.441573e+01,2.441573e+01,2.448981e+01,2.436183e+01,2.444268e+01,2.440226e+01,2.442921e+01,2.444268e+01,2.446961e+01,2.438878e+01,2.431464e+01,2.439552e+01,2.435509e+01,2.442921e+01,2.440226e+01,2.439552e+01,2.434161e+01,2.438878e+01,2.437531e+01,2.434161e+01,2.447635e+01,2.444268e+01,2.441573e+01,2.434161e+01,2.442247e+01,2.435509e+01,2.435509e+01,2.417969e+01,2.436857e+01,2.434161e+01,2.436857e+01,2.442921e+01,2.437531e+01,2.437531e+01,2.434835e+01,2.444941e+01,2.438205e+01,2.436183e+01,2.435509e+01,2.438878e+01,2.428766e+01,2.435509e+01,2.441573e+01,2.429441e+01,2.430790e+01,2.426068e+01,2.427417e+01,2.428766e+01,2.438205e+01,2.427417e+01,2.431464e+01,2.432138e+01,2.411215e+01,2.423369e+01,2.421344e+01,2.415943e+01,2.409864e+01,2.410540e+01,2.404457e+01,2.418644e+01,2.411891e+01,2.410540e+01,2.414593e+01,2.400400e+01,2.397694e+01,2.400400e+01,2.400400e+01,2.399723e+01,2.399723e+01,2.400400e+01,2.427417e+01,2.397018e+01,2.380768e+01,2.368564e+01,2.365172e+01,2.350911e+01,2.345473e+01,2.354987e+01,2.346153e+01,2.388219e+01,2.397018e+01,2.426068e+01,2.442247e+01,2.440900e+01,2.428766e+01,2.427417e+01,2.430115e+01,2.430115e+01,2.426068e+01,2.421344e+01,2.418644e+01,2.431464e+01,2.429441e+01,2.446288e+01,2.436183e+01,2.434161e+01,2.419994e+01,2.405133e+01,2.396341e+01,2.402428e+01,2.451000e+01,2.502026e+01,2.534793e+01,2.520094e+01,2.481914e+01,2.446961e+01,2.432812e+01,2.427417e+01,2.415268e+01,2.411215e+01,2.384833e+01,2.376024e+01,2.361099e+01,2.345473e+01,2.322330e+01,2.338672e+01,2.344793e+01,2.338672e+01,2.354308e+01,2.352949e+01,2.351590e+01,2.354987e+01,2.329823e+01,2.313468e+01,2.315514e+01,2.297086e+01,2.305280e+01,2.297769e+01,2.316195e+01,2.339352e+01,2.356346e+01,2.382801e+01,2.401076e+01,2.382123e+01,2.365172e+01,2.349552e+01,2.361778e+01,2.369921e+01,2.377380e+01,2.355667e+01,2.340713e+01,2.333228e+01,2.340032e+01,2.347513e+01,2.364493e+01,2.367886e+01,2.362457e+01,2.388219e+01,2.427417e+01,2.403105e+01,2.399723e+01,2.391604e+01,2.387542e+01,2.402428e+01,2.404457e+01,2.417294e+01,2.436857e+01,2.438205e+01,2.434835e+01,2.437531e+01,2.446288e+01,2.440900e+01,2.454365e+01,2.449654e+01,2.447635e+01,2.447635e+01,2.451000e+01,2.453019e+01,2.450327e+01,2.444941e+01,2.457056e+01,2.446288e+01,2.444268e+01,2.438878e+01,2.450327e+01,2.442921e+01,2.449654e+01,2.448981e+01,2.460419e+01,2.451673e+01,2.439552e+01,2.451000e+01,2.456383e+01,2.452346e+01,2.452346e+01,2.450327e+01,2.454365e+01,2.448308e+01,2.449654e+01,2.450327e+01,2.452346e+01,2.449654e+01,2.455710e+01,2.449654e+01,2.446288e+01,2.453019e+01,2.440900e+01,2.444268e+01,2.454365e+01,2.455710e+01,2.458401e+01,2.459073e+01,2.457728e+01,2.446961e+01,2.441573e+01,2.442247e+01,2.450327e+01,2.443594e+01,2.457056e+01,2.453019e+01,2.469828e+01,2.469828e+01,2.471172e+01,2.459746e+01,2.457728e+01,2.459073e+01,2.446961e+01,2.446961e+01,2.457728e+01,2.452346e+01,2.444268e+01,2.454365e+01,2.446288e+01,2.453019e+01,2.444941e+01,2.453019e+01,2.448308e+01,2.448308e+01,2.446288e+01,2.442921e+01,2.451000e+01,2.437531e+01,2.451000e+01,2.438878e+01,2.451673e+01,2.450327e+01,2.462436e+01,2.490634e+01,2.538799e+01,2.570121e+01,2.565462e+01,2.588736e+01,2.605993e+01,2.609309e+01,2.622560e+01,2.625870e+01,2.625870e+01,2.624546e+01,2.621235e+01,2.617924e+01,2.615274e+01,2.618586e+01,2.622560e+01,2.620573e+01,2.621235e+01,2.626532e+01,2.615274e+01,2.619911e+01,2.616599e+01,2.609309e+01,2.612623e+01,2.598032e+01,2.613286e+01,2.592721e+01,2.606656e+01,2.606656e+01,2.583421e+01,2.581427e+01,2.582092e+01,2.577438e+01,2.571451e+01,2.574113e+01,2.587408e+01,2.578768e+01,2.575443e+01,2.576108e+01,2.580097e+01,2.580762e+01,2.581427e+01,2.583421e+01,2.580097e+01,2.582756e+01,2.586743e+01,2.573447e+01,2.573447e+01,2.578103e+01,2.574113e+01,2.552139e+01,2.547471e+01,2.544137e+01,2.539466e+01,2.524105e+01,2.526778e+01,2.534793e+01,2.522768e+01,2.508722e+01,2.518088e+01,2.501357e+01,2.501357e+01,2.495997e+01,2.458401e+01,2.469828e+01,2.465124e+01,2.466469e+01,2.446288e+01,2.457056e+01,2.443594e+01,2.410540e+01,2.420670e+01,2.408512e+01,2.411215e+01,2.394988e+01,2.422019e+01,2.433487e+01,2.434161e+01,2.439552e+01,2.436183e+01,2.435509e+01,2.438205e+01,2.446288e+01,2.439552e+01,2.440900e+01,2.446288e+01,2.440900e+01,2.444268e+01,2.444268e+01,2.446288e+01,2.440900e+01,2.441573e+01,2.443594e+01,2.446961e+01,2.449654e+01,2.463780e+01,2.453692e+01,2.445614e+01,2.444941e+01,2.444941e+01,2.455710e+01,2.446961e+01,2.451000e+01,2.451673e+01,2.453019e+01,2.442247e+01,2.453692e+01,2.453692e+01,2.453692e+01,2.439552e+01,2.451000e+01,2.455710e+01,2.452346e+01,2.441573e+01,2.446288e+01,2.459746e+01,2.454365e+01,2.453692e+01,2.459746e+01,2.454365e+01,2.452346e+01,2.453019e+01,2.457056e+01,2.442247e+01,2.446961e+01,2.443594e+01,2.447635e+01,2.454365e+01,2.454365e+01,2.452346e+01,2.455710e+01,2.463108e+01,2.462436e+01,2.463780e+01,2.463108e+01,2.453692e+01,2.448308e+01,2.447635e+01,2.455710e+01,2.448981e+01,2.446288e+01,2.452346e+01,2.440900e+01,2.457056e+01,2.457056e+01,2.455038e+01,2.456383e+01,2.451673e+01,2.438878e+01,2.457728e+01,2.448981e+01,2.458401e+01,2.460419e+01,2.442921e+01,2.462436e+01,2.458401e+01,2.454365e+01,2.456383e+01,2.455710e+01,2.448308e+01,2.460419e+01,2.461763e+01,2.446961e+01,2.460419e+01,2.461091e+01,2.459073e+01,2.450327e+01,2.446961e+01,2.469156e+01,2.452346e+01,2.452346e+01
2.439552e+01,2.434161e+01,2.444941e+01,2.451000e+01,2.446961e+01,2.435509e+01,2.455710e+01,2.429441e+01,2.438205e+01,2.451000e+01,2.446288e+01,2.437531e+01,2.451673e+01,2.440900e+01,2.459073e+01,2.437531e+01,2.445614e+01,2.446961e+01,2.440900e+01,2.451000e+01,2.444941e+01,2.444941e+01,2.440226e+01,2.447635e+01,2.455038e+01,2.453692e+01,2.428766e+01,2.431464e+01,2.447635e+01,2.446288e+01,2.442921e+01,2.451000e+01,2.452346e+01,2.449654e+01,2.446961e+01,2.453019e+01,2.452346e+01,2.451673e+01,2.451000e+01,2.435509e+01,2.458401e+01,2.439552e+01,2.446961e+01,2.446288e+01,2.445614e+01,2.436183e+01,2.444941e+01,2.444268e+01,2.434161e+01,2.440900e+01,2.435509e+01,2.441573e+01,2.444941e+01,2.443594e+01,2.444941e+01,2.442247e+01,2.444268e+01,2.436857e+01,2.436857e+01,2.431464e+01,2.434161e+01,2.434161e+01,2.432812e+01,2.430790e+01,2.437531e+01,2.437531e+01,2.428092e+01,2.417969e+01,2.424044e+01,2.420670e+01,2.403781e+01,2.406485e+01,2.400400e+01,2.417969e+01,2.418644e+01,2.417969e+01,2.410540e+01,2.390250e+01,2.398371e+01,2.420670e+01,2.419319e+01,2.431464e+01,2.428092e+01,2.426068e+01,2.428092e+01,2.426068e+01,2.409864e+01,2.412566e+01,2.426068e+01,2.403781e+01,2.432812e+01,2.426743e+01,2.429441e+01,2.420670e+01,2.429441e+01,2.422694e+01,2.430115e+01,2.426743e+01,2.430115e+01,2.436183e+01,2.446288e+01,2.446961e+01,2.439552e+01,2.444941e+01,2.439552e+01,2.444268e+01,2.440226e+01,2.440226e+01,2.453019e+01,2.442921e+01,2.443594e+01,2.463780e+01,2.444268e+01,2.444941e+01,2.446288e+01,2.459746e+01,2.450327e+01,2.461763e+01,2.451673e+01,2.452346e+01,2.459746e+01,2.451000e+01,2.451673e+01,2.449654e+01,2.451673e+01,2.451000e+01,2.444268e+01,2.448308e+01,2.449654e+01,2.450327e+01,2.457056e+01,2.454365e+01,2.449654e+01,2.456383e+01,2.462436e+01,2.469828e+01,2.456383e+01,2.459073e+01,2.470500e+01,2.469156e+01,2.458401e+01,2.471172e+01,2.461091e+01,2.459073e+01,2.462436e+01,2.463108e+01,2.461091e+01,2.465796e+01,2.472515e+01,2.452346e+01,2.464452e+01,2.463780e+01,2.461091e+01,2.472515e+01,2.463108e+01,2.449654e+01,2.455038e+01,2.461763e+01,2.447635e+01,2.465796e+01,2.444941e+01,2.459746e+01,2.455038e+01,2.465124e+01,2.462436e+01,2.459073e+01,2.458401e+01,2.463780e+01,2.459073e+01,2.463108e+01,2.458401e+01,2.454365e+01,2.453019e+01,2.457728e+01,2.457056e+01,2.457728e+01,2.453019e+01,2.447635e+01,2.448308e+01,2.459073e+01,2.447635e+01,2.459746e+01,2.457056e+01,2.455038e+01,2.456383e+01,2.444268e+01,2.450327e+01,2.446961e+01,2.455038e+01,2.453019e+01,2.451000e+01,2.445614e+01,2.440226e+01,2.451673e+01,2.444268e+01,2.449654e+01,2.451000e+01,2.450327e+01,2.452346e+01,2.448308e+01,2.452346e+01,2.452346e+01,2.448308e+01,2.441573e+01,2.453019e+01,2.444268e+01,2.446961e+01,2.441573e+01,2.448308e+01,2.440226e+01,2.438878e+01,2.439552e+01,2.444268e+01,2.440900e+01,2.444268e+01,2.443594e+01,2.451673e+01,2.432138e+01,2.437531e+01,2.438878e+01,2.444268e+01,2.430790e+01,2.441573e+01,2.438878e+01,2.444941e+01,2.436857e+01,2.438878e+01,2.432812e+01,2.436183e+01,2.468484e+01,2.446961e+01,2.438878e+01,2.434835e+01,2.441573e+01,2.441573e+01,2.436857e+01,2.439552e+01,2.448308e+01,2.443594e+01,2.444268e+01,2.434835e+01,2.440226e+01,2.445614e+01,2.440226e+01,2.439552e+01,2.438205e+01,2.438878e+01,2.439552e+01,2.436183e+01,2.439552e+01,2.448981e+01,2.444268e+01,2.437531e+01,2.432812e+01,2.441573e+01,2.436857e+01,2.439552e+01,2.439552e+01,2.437531e+01,2.438205e+01,2.438878e+01,2.434161e+01,2.444941e+01,2.438878e+01,2.437531e+01,2.437531e+01,2.431464e+01,2.440900e+01,2.432812e+01,2.433487e+01,2.448308e+01,2.432812e+01,2.443594e+01,2.436183e+01,2.440226e+01,2.441573e+01,2.440900e+01,2.438878e+01,2.434835e+01,2.428092e+01,2.430790e+01,2.440900e+01,2.426068e+01,2.425393e+01,2.420670e+01,2.421344e+01,2.432138e+01,2.409864e+01,2.420670e+01,2.419994e+01,2.408512e+01,2.408512e+01,2.417294e+01,2.411891e+01,2.409188e+01,2.388896e+01,2.394988e+01,2.373312e+01,2.369921e+01,2.373312e+01,2.363814e+01,2.373312e+01,2.369242e+01,2.379413e+01,2.383478e+01,2.370599e+01,2.360420e+01,2.354987e+01,2.369242e+01,2.348192e+01,2.377380e+01,2.398371e+01,2.405809e+01,2.436857e+01,2.449654e+01,2.441573e+01,2.429441e+01,2.421344e+01,2.402428e+01,2.424719e+01,2.432138e+01,2.424719e+01,2.424719e+01,2.426068e+01,2.432812e+01,2.430115e+01,2.433487e+01,2.431464e+01,2.419319e+01,2.393634e+01,2.388896e+01,2.419994e+01,2.443594e+01,2.476544e+01,2.485940e+01,2.484598e+01,2.480572e+01,2.446288e+01,2.441573e+01,2.430115e+01,2.407837e+01,2.406485e+01,2.399723e+01,2.390250e+01,2.362457e+01,2.356346e+01,2.346833e+01,2.355667e+01,2.352949e+01,2.357025e+01,2.353629e+01,2.363814e+01,2.336630e+01,2.317559e+01,2.299818e+01,2.303232e+01,2.303232e+01,2.311422e+01,2.319604e+01,2.340032e+01,2.340032e+01,2.348872e+01,2.385510e+01,2.392281e+01,2.399723e+01,2.390250e+01,2.382123e+01,2.371956e+01,2.373990e+01,2.388219e+01,2.367886e+01,2.342753e+01,2.345473e+01,2.343433e+01,2.359062e+01,2.361778e+01,2.361778e+01,2.355667e+01,2.351590e+01,2.361778e+01,2.411215e+01,2.407837e+01,2.414593e+01,2.405809e+01,2.401076e+01,2.419319e+01,2.416619e+01,2.419319e+01,2.417969e+01,2.438205e+01,2.435509e+01,2.438205e+01,2.444268e+01,2.438205e+01,2.449654e+01,2.441573e+01,2.448308e+01,2.453692e+01,2.452346e+01,2.456383e+01,2.457728e+01,2.453692e+01,2.449654e+01,2.449654e+01,2.455038e+01,2.439552e+01,2.450327e+01,2.460419e+01,2.451000e+01,2.443594e+01,2.450327e+01,2.443594e+01,2.444268e+01,2.456383e+01,2.450327e+01,2.452346e+01,2.452346e+01,2.451673e+01,2.451673e+01,2.441573e+01,2.465124e+01,2.445614e+01,2.429441e+01,2.455038e+01,2.448981e+01,2.449654e+01,2.447635e+01,2.442921e+01,2.436183e+01,2.456383e+01,2.457728e+01,2.441573e+01,2.442247e+01,2.458401e+01,2.458401e+01,2.456383e+01,2.448981e+01,2.453692e+01,2.448308e+01,2.444941e+01,2.457728e+01,2.467813e+01,2.468484e+01,2.473858e+01,2.470500e+01,2.485940e+01,2.473187e+01,2.461763e+01,2.464452e+01,2.446961e+01,2.459073e+01,2.446288e+01,2.457056e+01,2.446288e+01,2.443594e+01,2.451673e+01,2.452346e+01,2.452346e+01,2.448308e+01,2.438878e+01,2.448308e+01,2.457056e+01,2.441573e+01,2.454365e+01,2.451673e+01,2.436857e+01,2.432138e+01,2.456383e+01,2.452346e+01,2.481243e+01,2.516082e+01,2.552139e+01,2.565462e+01,2.593385e+01,2.606656e+01,2.620573e+01,2.622560e+01,2.627194e+01,2.621235e+01,2.626532e+01,2.620573e+01,2.627855e+01,2.618586e+01,2.627194e+01,2.620573e+01,2.621235e+01,2.621235e+01,2.625870e+01,2.620573e+01,2.620573e+01,2.617924e+01,2.602013e+01,2.605993e+01,2.616599e+01,2.603340e+01,2.594049e+01,2.602013e+01,2.607982e+01,2.602677e+01,2.582756e+01,2.591393e+01,2.579433e+01,2.575443e+01,2.584750e+01,2.578768e+01,2.593385e+01,2.576108e+01,2.586743e+01,2.584085e+01,2.563464e+01,2.588072e+01,2.576108e+01,2.584085e+01,2.580762e+01,2.574113e+01,2.574778e+01,2.572782e+01,2.565462e+01,2.563464e+01,2.560134e+01,2.544137e+01,2.544804e+01,2.543469e+01,2.525442e+01,2.520763e+01,2.518088e+01,2.519426e+01,2.521431e+01,2.515413e+01,2.499347e+01,2.481914e+01,2.491305e+01,2.463108e+01,2.457056e+01,2.451673e+01,2.455038e+01,2.440226e+01,2.438878e+01,2.414593e+01,2.429441e+01,2.411215e+01,2.385510e+01,2.383478e+01,2.386187e+01,2.412566e+01,2.429441e+01,2.440900e+01,2.438205e+01,2.439552e+01,2.436183e+01,2.448981e+01,2.448981e+01,2.432812e+01,2.446288e+01,2.448981e+01,2.445614e+01,2.441573e+01,2.457728e+01,2.443594e+01,2.440900e+01,2.438878e+01,2.456383e+01,2.442921e+01,2.448308e+01,2.448981e+01,2.442921e+01,2.451673e+01,2.454365e+01,2.455038e+01,2.457728e+01,2.448981e+01,2.456383e+01,2.451673e+01,2.455038e+01,2.453019e+01,2.453692e+01,2.453019e+01,2.453692e+01,2.454365e+01,2.452346e+01,2.438878e+01,2.456383e+01,2.454365e+01,2.455038e+01,2.459746e+01,2.465124e+01,2.455038e+01,2.453019e+01,2.464452e+01,2.451000e+01,2.454365e+01,2.456383e+01,2.460419e+01,2.445614e+01,2.461763e+01,2.460419e+01,2.451673e+01,2.457056e+01,2.460419e+01,2.448308e+01,2.454365e+01,2.453019e+01,2.467813e+01,2.467141e+01,2.459073e+01,2.448981e+01,2.455038e+01,2.461763e+01,2.442247e+01,2.458401e+01,2.458401e+01,2.457056e+01,2.459073e+01,2.458401e+01,2.461091e+01,2.454365e+01,2.455710e+01,2.457728e+01,2.452346e+01,2.457728e+01,2.456383e+01,2.457728e+01,2.428766e+01,2.454365e+01,2.463108e+01,2.463108e+01,2.457728e+01,2.463780e+01,2.459073e+01,2.457728e+01,2.462436e+01,2.453019e+01,2.456383e+01,2.451673e+01,2.448981e+01,2.459746e+01,2.465124e+01,2.456383e+01,2.471172e+01,2.453692e+01
2.451673e+01,2.448981e+01,2.448981e+01,2.457728e+01,2.455038e+01,2.448981e+01,2.440226e+01,2.436857e+01,2.434835e+01,2.463780e+01,2.442921e+01,2.448308e+01,2.443594e+01,2.458401e+01,2.439552e+01,2.448308e+01,2.455038e+01,2.447635e+01,2.444268e+01,2.448308e+01,2.444941e+01,2.452346e+01,2.451000e+01,2.447635e+01,2.449654e+01,2.448981e+01,2.450327e+01,2.449654e+01,2.447635e+01,2.432138e+01,2.431464e+01,2.453019e+01,2.455038e+01,2.451673e+01,2.441573e+01,2.438878e+01,2.458401e+01,2.446288e+01,2.448308e+01,2.461763e+01,2.446288e+01,2.446961e+01,2.450327e+01,2.441573e+01,2.445614e+01,2.444268e+01,2.443594e+01,2.443594e+01,2.439552e+01,2.444941e+01,2.440900e+01,2.434835e+01,2.431464e+01,2.438878e+01,2.444268e+01,2.438205e+01,2.438205e+01,2.440900e+01,2.433487e+01,2.437531e+01,2.431464e+01,2.434835e+01,2.434161e+01,2.432812e+01,2.426743e+01,2.435509e+01,2.425393e+01,2.401752e+01,2.430790e+01,2.407161e+01,2.418644e+01,2.396341e+01,2.419319e+01,2.423369e+01,2.424719e+01,2.426743e+01,2.411891e+01,2.394311e+01,2.391604e+01,2.423369e+01,2.426068e+01,2.432812e+01,2.432812e+01,2.434835e+01,2.434835e+01,2.428092e+01,2.415943e+01,2.428766e+01,2.433487e+01,2.435509e+01,2.432812e+01,2.421344e+01,2.426068e+01,2.429441e+01,2.438878e+01,2.433487e+01,2.433487e+01,2.434835e+01,2.440226e+01,2.443594e+01,2.437531e+01,2.430115e+01,2.440226e+01,2.436857e+01,2.448981e+01,2.443594e+01,2.450327e+01,2.450327e+01,2.451673e+01,2.446288e+01,2.443594e+01,2.445614e+01,2.444268e+01,2.452346e+01,2.442247e+01,2.448308e+01,2.460419e+01,2.458401e+01,2.454365e+01,2.454365e+01,2.462436e+01,2.451673e+01,2.451000e+01,2.445614e+01,2.453692e+01,2.451673e+01,2.446288e+01,2.459073e+01,2.450327e+01,2.451000e+01,2.447635e+01,2.451673e+01,2.454365e+01,2.458401e+01,2.453019e+01,2.463108e+01,2.451000e+01,2.461763e+01,2.452346e+01,2.461091e+01,2.464452e+01,2.440900e+01,2.468484e+01,2.462436e+01,2.465796e+01,2.464452e+01,2.461763e+01,2.459073e+01,2.458401e+01,2.463780e+01,2.462436e+01,2.462436e+01,2.463108e+01,2.461763e+01,2.457728e+01,2.460419e+01,2.465796e+01,2.463780e+01,2.463108e+01,2.463108e+01,2.465124e+01,2.456383e+01,2.462436e+01,2.461091e+01,2.456383e+01,2.457728e+01,2.455038e+01,2.444941e+01,2.458401e+01,2.459746e+01,2.457728e+01,2.461763e+01,2.460419e+01,2.461763e+01,2.458401e+01,2.458401e+01,2.452346e+01,2.455038e+01,2.444941e+01,2.457728e+01,2.439552e+01,2.453692e+01,2.457728e+01,2.461091e+01,2.453019e+01,2.455038e+01,2.455038e+01,2.451000e+01,2.448308e+01,2.448308e+01,2.448308e+01,2.441573e+01,2.444941e+01,2.440900e+01,2.448308e+01,2.447635e+01,2.449654e+01,2.449654e+01,2.444268e+01,2.438205e+01,2.451000e+01,2.448308e+01,2.442921e+01,2.428092e+01,2.452346e+01,2.429441e+01,2.444941e+01,2.430790e+01,2.440226e+01,2.442921e+01,2.434835e+01,2.451000e+01,2.442247e+01,2.446288e+01,2.441573e+01,2.452346e+01,2.432812e+01,2.453692e+01,2.439552e+01,2.440226e+01,2.434835e+01,2.440900e+01,2.444268e+01,2.440900e+01,2.437531e+01,2.436857e+01,2.436183e+01,2.436857e+01,2.446288e+01,2.433487e+01,2.448981e+01,2.449654e+01,2.425393e+01,2.446961e+01,2.438878e+01,2.437531e+01,2.436183e+01,2.434161e+01,2.443594e+01,2.440226e+01,2.444268e+01,2.451000e+01,2.437531e+01,2.440900e+01,2.439552e+01,2.440226e+01,2.437531e+01,2.434161e+01,2.440226e+01,2.430790e+01,2.442247e+01,2.434835e+01,2.446961e+01,2.433487e+01,2.433487e+01,2.436857e+01,2.438878e+01,2.438878e+01,2.436183e+01,2.436857e+01,2.428766e+01,2.437531e+01,2.431464e+01,2.433487e+01,2.432138e+01,2.429441e+01,2.431464e+01,2.435509e+01,2.434835e+01,2.442921e+01,2.438878e+01,2.442247e+01,2.428092e+01,2.440900e+01,2.436183e+01,2.431464e+01,2.428092e+01,2.433487e+01,2.425393e+01,2.426068e+01,2.426068e+01,2.424044e+01,2.422019e+01,2.421344e+01,2.422019e+01,2.419319e+01,2.422019e+01,2.410540e+01,2.429441e+01,2.415268e+01,2.406485e+01,2.411891e+01,2.413917e+01,2.409864e+01,2.405809e+01,2.380091e+01,2.378735e+01,2.371956e+01,2.369921e+01,2.371956e+01,2.371956e+01,2.363136e+01,2.378735e+01,2.378735e+01,2.369242e+01,2.372634e+01,2.352949e+01,2.354308e+01,2.360420e+01,2.378735e+01,2.381446e+01,2.403781e+01,2.426743e+01,2.442247e+01,2.447635e+01,2.424719e+01,2.414593e+01,2.403105e+01,2.394311e+01,2.390250e+01,2.403105e+01,2.417294e+01,2.420670e+01,2.429441e+01,2.413917e+01,2.411891e+01,2.407161e+01,2.392958e+01,2.373312e+01,2.371956e+01,2.369242e+01,2.392281e+01,2.429441e+01,2.434161e+01,2.451673e+01,2.454365e+01,2.440226e+01,2.405133e+01,2.386865e+01,2.406485e+01,2.403105e+01,2.403781e+01,2.411891e+01,2.399723e+01,2.389573e+01,2.372634e+01,2.386865e+01,2.376024e+01,2.393634e+01,2.378057e+01,2.366529e+01,2.361099e+01,2.345473e+01,2.318923e+01,2.304598e+01,2.308693e+01,2.305963e+01,2.314150e+01,2.344113e+01,2.349552e+01,2.348192e+01,2.375346e+01,2.393634e+01,2.406485e+01,2.401076e+01,2.394311e+01,2.371956e+01,2.395664e+01,2.395664e+01,2.369921e+01,2.359062e+01,2.357025e+01,2.344113e+01,2.358383e+01,2.358383e+01,2.339352e+01,2.348192e+01,2.343433e+01,2.343433e+01,2.343433e+01,2.342753e+01,2.372634e+01,2.373312e+01,2.390927e+01,2.406485e+01,2.408512e+01,2.427417e+01,2.420670e+01,2.419994e+01,2.433487e+01,2.442921e+01,2.443594e+01,2.452346e+01,2.441573e+01,2.437531e+01,2.453692e+01,2.444941e+01,2.446961e+01,2.448308e+01,2.450327e+01,2.450327e+01,2.441573e+01,2.442247e+01,2.440226e+01,2.436183e+01,2.440226e+01,2.442921e+01,2.448308e+01,2.438878e+01,2.448981e+01,2.440900e+01,2.446961e+01,2.444268e+01,2.451673e+01,2.448981e+01,2.453019e+01,2.451000e+01,2.451673e+01,2.451000e+01,2.446961e+01,2.451673e+01,2.446288e+01,2.448308e+01,2.440226e+01,2.433487e+01,2.447635e+01,2.446961e+01,2.436183e+01,2.442921e+01,2.440900e+01,2.440900e+01,2.442247e+01,2.457728e+01,2.440900e+01,2.440900e+01,2.457728e+01,2.442247e+01,2.440900e+01,2.431464e+01,2.445614e+01,2.450327e+01,2.455710e+01,2.467813e+01,2.469828e+01,2.489293e+01,2.492645e+01,2.489293e+01,2.473858e+01,2.451673e+01,2.464452e+01,2.461091e+01,2.453019e+01,2.457728e+01,2.442921e+01,2.448308e+01,2.447635e+01,2.453019e+01,2.444941e+01,2.442921e+01,2.444268e+01,2.444268e+01,2.439552e+01,2.442921e+01,2.448308e+01,2.446288e+01,2.446961e+01,2.436857e+01,2.447635e+01,2.461763e+01,2.475201e+01,2.490634e+01,2.547471e+01,2.588072e+01,2.597368e+01,2.611297e+01,2.607982e+01,2.619911e+01,2.623222e+01,2.625208e+01,2.627194e+01,2.626532e+01,2.618586e+01,2.613286e+01,2.628517e+01,2.613948e+01,2.604667e+01,2.623884e+01,2.608646e+01,2.613286e+01,2.618586e+01,2.616599e+01,2.604004e+01,2.593385e+01,2.602013e+01,2.596704e+01,2.591393e+01,2.590729e+01,2.576773e+01,2.572782e+01,2.575443e+01,2.572782e+01,2.577438e+01,2.564796e+01,2.572117e+01,2.577438e+01,2.571451e+01,2.568790e+01,2.578103e+01,2.584750e+01,2.576773e+01,2.586743e+01,2.584750e+01,2.572782e+01,2.564130e+01,2.553472e+01,2.570786e+01,2.562132e+01,2.563464e+01,2.548805e+01,2.545471e+01,2.553472e+01,2.528115e+01,2.536796e+01,2.523437e+01,2.524105e+01,2.521431e+01,2.507383e+01,2.507383e+01,2.502026e+01,2.479901e+01,2.473858e+01,2.483256e+01,2.452346e+01,2.446961e+01,2.434161e+01,2.423369e+01,2.419319e+01,2.411215e+01,2.408512e+01,2.389573e+01,2.382801e+01,2.382801e+01,2.384155e+01,2.384833e+01,2.426068e+01,2.426068e+01,2.443594e+01,2.445614e+01,2.438878e+01,2.438205e+01,2.438205e+01,2.446961e+01,2.432812e+01,2.436183e+01,2.441573e+01,2.457728e+01,2.443594e+01,2.426743e+01,2.454365e+01,2.439552e+01,2.457728e+01,2.449654e+01,2.440900e+01,2.446961e+01,2.445614e+01,2.444941e+01,2.444268e+01,2.448308e+01,2.442921e+01,2.457728e+01,2.446288e+01,2.455710e+01,2.442921e+01,2.444941e+01,2.453019e+01,2.438205e+01,2.453692e+01,2.438878e+01,2.452346e+01,2.451673e+01,2.438205e+01,2.459073e+01,2.440226e+01,2.457728e+01,2.449654e+01,2.441573e+01,2.443594e+01,2.453019e+01,2.450327e+01,2.452346e+01,2.451000e+01,2.453019e+01,2.455710e+01,2.456383e+01,2.453019e+01,2.467813e+01,2.460419e+01,2.450327e+01,2.453692e+01,2.452346e+01,2.450327e+01,2.451673e+01,2.454365e+01,2.460419e+01,2.453019e+01,2.465124e+01,2.446961e+01,2.440226e+01,2.463108e+01,2.447635e+01,2.442921e+01,2.457728e+01,2.458401e+01,2.451000e+01,2.457056e+01,2.457728e+01,2.451673e+01,2.459746e+01,2.451673e+01,2.460419e+01,2.458401e+01,2.446288e+01,2.451000e+01,2.459073e+01,2.452346e+01,2.455038e+01,2.455710e+01,2.451673e+01,2.455038e+01,2.454365e+01,2.455710e+01,2.449654e+01,2.455710e+01,2.451673e+01,2.460419e+01,2.461091e+01,2.446961e+01,2.450327e+01,2.456383e+01,2.447635e+01
2.460419e+01,2.441573e+01,2.458401e+01,2.455710e+01,2.454365e+01,2.455710e+01,2.440226e+01,2.444268e+01,2.452346e+01,2.451000e+01,2.465124e+01,2.446961e+01,2.452346e+01,2.455038e+01,2.457056e+01,2.450327e+01,2.456383e+01,2.458401e+01,2.460419e+01,2.443594e+01,2.461091e+01,2.459073e+01,2.444268e+01,2.442247e+01,2.448308e+01,2.455710e+01,2.446961e+01,2.454365e+01,2.453019e+01,2.444941e+01,2.443594e+01,2.444268e+01,2.444941e+01,2.446288e+01,2.446288e+01,2.438205e+01,2.455038e+01,2.437531e+01,2.442921e+01,2.448308e+01,2.448308e+01,2.450327e+01,2.451673e+01,2.442921e+01,2.440226e+01,2.443594e+01,2.444268e+01,2.444268e+01,2.436183e+01,2.444268e+01,2.444941e+01,2.432812e+01,2.434835e+01,2.440900e+01,2.439552e+01,2.444268e+01,2.438878e+01,2.433487e+01,2.440900e+01,2.435509e+01,2.432812e+01,2.424719e+01,2.435509e+01,2.427417e+01,2.442921e+01,2.436183e+01,2.440226e+01,2.413917e+01,2.408512e+01,2.422019e+01,2.424044e+01,2.430790e+01,2.430115e+01,2.426068e+01,2.423369e+01,2.430115e+01,2.418644e+01,2.382801e+01,2.389573e+01,2.412566e+01,2.433487e+01,2.428092e+01,2.434835e+01,2.438205e+01,2.424044e+01,2.423369e+01,2.431464e+01,2.434161e+01,2.427417e+01,2.430790e+01,2.432138e+01,2.434161e+01,2.430790e+01,2.427417e+01,2.436857e+01,2.430790e+01,2.446961e+01,2.440900e+01,2.445614e+01,2.444941e+01,2.435509e+01,2.441573e+01,2.442921e+01,2.442247e+01,2.440900e+01,2.447635e+01,2.443594e+01,2.438878e+01,2.446961e+01,2.449654e+01,2.451000e+01,2.442247e+01,2.451673e+01,2.438205e+01,2.445614e+01,2.438205e+01,2.440900e+01,2.453692e+01,2.446961e+01,2.446288e+01,2.455710e+01,2.453692e+01,2.448981e+01,2.451673e+01,2.450327e+01,2.453019e+01,2.449654e+01,2.445614e+01,2.459746e+01,2.451000e+01,2.456383e+01,2.446961e+01,2.451000e+01,2.446288e+01,2.453019e+01,2.461091e+01,2.459746e+01,2.463108e+01,2.465796e+01,2.456383e+01,2.460419e+01,2.460419e+01,2.461763e+01,2.464452e+01,2.461091e+01,2.464452e+01,2.462436e+01,2.460419e+01,2.463108e+01,2.457728e+01,2.459073e+01,2.476544e+01,2.461763e+01,2.457056e+01,2.464452e+01,2.459746e+01,2.461091e+01,2.464452e+01,2.460419e+01,2.461763e+01,2.460419e+01,2.459073e+01,2.456383e+01,2.465124e+01,2.469828e+01,2.454365e+01,2.454365e+01,2.467813e+01,2.459073e+01,2.467813e+01,2.463108e+01,2.457728e+01,2.453692e+01,2.430790e+01,2.458401e+01,2.458401e+01,2.457728e+01,2.451000e+01,2.457056e+01,2.444268e+01,2.460419e+01,2.456383e+01,2.453692e+01,2.449654e+01,2.444941e+01,2.446288e+01,2.450327e+01,2.454365e+01,2.454365e+01,2.444941e+01,2.455710e+01,2.450327e+01,2.447635e+01,2.444941e+01,2.452346e+01,2.442247e+01,2.441573e+01,2.451000e+01,2.446288e+01,2.440226e+01,2.450327e+01,2.444941e+01,2.446961e+01,2.452346e+01,2.450327e+01,2.453692e+01,2.440900e+01,2.432812e+01,2.432138e+01,2.448981e+01,2.440900e+01,2.440226e+01,2.447635e+01,2.448308e+01,2.445614e+01,2.452346e+01,2.445614e+01,2.440226e+01,2.439552e+01,2.434835e+01,2.433487e+01,2.438205e+01,2.445614e+01,2.432138e+01,2.438878e+01,2.440226e+01,2.435509e+01,2.434835e+01,2.446288e+01,2.436857e+01,2.439552e+01,2.451000e+01,2.441573e+01,2.436183e+01,2.436857e+01,2.436183e+01,2.434835e+01,2.436857e+01,2.438205e+01,2.440900e+01,2.442247e+01,2.437531e+01,2.434835e+01,2.436857e+01,2.439552e+01,2.438878e+01,2.432812e+01,2.433487e+01,2.442921e+01,2.443594e+01,2.432138e+01,2.444268e+01,2.436857e+01,2.441573e+01,2.440226e+01,2.434835e+01,2.432138e+01,2.438205e+01,2.432812e+01,2.438878e+01,2.430790e+01,2.436857e+01,2.436857e+01,2.432812e+01,2.436183e+01,2.441573e+01,2.440226e+01,2.441573e+01,2.440226e+01,2.444941e+01,2.432812e+01,2.432138e+01,2.432138e+01,2.436857e+01,2.440226e+01,2.432812e+01,2.432138e+01,2.427417e+01,2.426068e+01,2.427417e+01,2.424719e+01,2.422019e+01,2.429441e+01,2.422694e+01,2.430115e+01,2.421344e+01,2.417969e+01,2.422694e+01,2.422694e+01,2.412566e+01,2.410540e+01,2.410540e+01,2.408512e+01,2.409864e+01,2.409188e+01,2.399047e+01,2.376024e+01,2.381446e+01,2.365850e+01,2.385510e+01,2.381446e+01,2.365172e+01,2.372634e+01,2.361778e+01,2.358383e+01,2.357704e+01,2.350911e+01,2.359062e+01,2.369242e+01,2.376024e+01,2.380091e+01,2.400400e+01,2.409188e+01,2.420670e+01,2.444941e+01,2.432812e+01,2.413242e+01,2.417294e+01,2.405809e+01,2.405133e+01,2.407161e+01,2.411891e+01,2.407161e+01,2.407837e+01,2.422019e+01,2.399723e+01,2.379413e+01,2.377380e+01,2.361778e+01,2.363136e+01,2.361778e+01,2.365850e+01,2.389573e+01,2.393634e+01,2.394311e+01,2.391604e+01,2.376702e+01,2.373990e+01,2.388896e+01,2.382801e+01,2.409188e+01,2.414593e+01,2.411891e+01,2.411215e+01,2.399723e+01,2.393634e+01,2.395664e+01,2.396341e+01,2.396341e+01,2.400400e+01,2.384833e+01,2.342073e+01,2.352270e+01,2.325056e+01,2.312786e+01,2.310739e+01,2.312786e+01,2.333228e+01,2.340713e+01,2.343433e+01,2.363136e+01,2.369242e+01,2.401076e+01,2.399047e+01,2.387542e+01,2.371956e+01,2.353629e+01,2.384155e+01,2.390250e+01,2.397018e+01,2.372634e+01,2.361778e+01,2.362457e+01,2.349552e+01,2.345473e+01,2.361099e+01,2.373312e+01,2.395664e+01,2.372634e+01,2.353629e+01,2.359741e+01,2.419319e+01,2.411891e+01,2.391604e+01,2.404457e+01,2.411215e+01,2.400400e+01,2.419319e+01,2.426743e+01,2.434835e+01,2.438205e+01,2.438205e+01,2.444941e+01,2.431464e+01,2.441573e+01,2.440900e+01,2.443594e+01,2.444268e+01,2.445614e+01,2.446961e+01,2.448308e+01,2.443594e+01,2.446961e+01,2.446961e+01,2.440226e+01,2.432138e+01,2.434161e+01,2.441573e+01,2.444941e+01,2.446961e+01,2.450327e+01,2.453019e+01,2.456383e+01,2.436857e+01,2.445614e+01,2.435509e+01,2.447635e+01,2.451000e+01,2.448981e+01,2.442921e+01,2.455038e+01,2.446288e+01,2.457056e+01,2.446288e+01,2.451000e+01,2.448981e+01,2.438878e+01,2.445614e+01,2.443594e+01,2.441573e+01,2.444268e+01,2.455038e+01,2.440226e+01,2.458401e+01,2.446288e+01,2.444941e+01,2.442247e+01,2.428766e+01,2.440226e+01,2.428766e+01,2.444268e+01,2.440900e+01,2.465796e+01,2.463108e+01,2.473187e+01,2.490634e+01,2.498007e+01,2.501357e+01,2.492645e+01,2.469156e+01,2.469828e+01,2.465124e+01,2.454365e+01,2.454365e+01,2.455038e+01,2.444941e+01,2.442247e+01,2.449654e+01,2.440226e+01,2.438878e+01,2.449654e+01,2.440900e+01,2.457728e+01,2.440226e+01,2.442921e+01,2.462436e+01,2.435509e+01,2.437531e+01,2.448981e+01,2.472515e+01,2.530787e+01,2.556804e+01,2.586743e+01,2.597368e+01,2.621898e+01,2.623884e+01,2.602677e+01,2.623222e+01,2.617261e+01,2.623884e+01,2.612623e+01,2.612623e+01,2.610634e+01,2.605993e+01,2.621898e+01,2.620573e+01,2.622560e+01,2.608646e+01,2.617924e+01,2.604004e+01,2.616599e+01,2.599359e+01,2.590729e+01,2.586079e+01,2.582756e+01,2.592057e+01,2.597368e+01,2.604004e+01,2.570786e+01,2.575443e+01,2.580097e+01,2.572782e+01,2.564130e+01,2.569455e+01,2.578768e+01,2.568790e+01,2.566127e+01,2.565462e+01,2.568124e+01,2.576773e+01,2.553472e+01,2.570786e+01,2.563464e+01,2.551472e+01,2.558136e+01,2.572782e+01,2.571451e+01,2.548805e+01,2.549472e+01,2.542802e+01,2.546805e+01,2.530119e+01,2.525442e+01,2.518088e+01,2.538799e+01,2.531454e+01,2.508052e+01,2.494656e+01,2.483927e+01,2.479901e+01,2.473858e+01,2.461763e+01,2.447635e+01,2.444941e+01,2.424044e+01,2.417969e+01,2.415943e+01,2.392958e+01,2.387542e+01,2.384155e+01,2.384833e+01,2.384833e+01,2.382801e+01,2.386865e+01,2.426068e+01,2.435509e+01,2.440226e+01,2.444941e+01,2.446961e+01,2.445614e+01,2.451673e+01,2.444941e+01,2.444941e+01,2.448308e+01,2.451000e+01,2.441573e+01,2.436183e+01,2.457056e+01,2.435509e+01,2.440226e+01,2.456383e+01,2.456383e+01,2.444268e+01,2.459073e+01,2.444941e+01,2.453019e+01,2.455710e+01,2.442247e+01,2.445614e+01,2.451673e+01,2.451673e+01,2.445614e+01,2.446288e+01,2.455710e+01,2.449654e+01,2.453019e+01,2.454365e+01,2.450327e+01,2.448981e+01,2.440226e+01,2.449654e+01,2.438205e+01,2.457056e+01,2.444941e+01,2.455710e+01,2.444268e+01,2.454365e+01,2.456383e+01,2.452346e+01,2.451000e+01,2.450327e+01,2.445614e+01,2.452346e+01,2.451000e+01,2.453692e+01,2.450327e+01,2.469828e+01,2.470500e+01,2.447635e+01,2.455038e+01,2.446961e+01,2.450327e+01,2.446288e+01,2.459746e+01,2.461091e+01,2.440226e+01,2.453692e+01,2.436857e+01,2.448308e+01,2.443594e+01,2.456383e+01,2.456383e+01,2.457728e+01,2.455710e+01,2.453692e+01,2.452346e+01,2.447635e+01,2.448308e+01,2.463108e+01,2.456383e+01,2.444268e+01,2.448981e+01,2.443594e+01,2.455710e+01,2.464452e+01,2.453019e+01,2.459746e+01,2.455710e+01,2.459746e+01,2.453019e+01,2.458401e+01,2.459746e+01,2.452346e+01,2.451673e+01,2.464452e+01,2.454365e+01,2.452346e+01,2.455038e+01,2.458401e+01,2.451673e+01
2.438205e+01,2.455038e+01,2.459746e+01,2.449654e+01,2.455038e+01,2.449654e+01,2.451673e+01,2.456383e+01,2.455038e+01,2.452346e+01,2.444941e+01,2.458401e+01,2.453019e+01,2.459073e+01,2.461091e+01,2.448308e+01,2.445614e+01,2.453692e+01,2.449654e+01,2.460419e+01,2.457728e+01,2.459746e+01,2.457056e+01,2.457728e+01,2.444941e+01,2.444268e+01,2.449654e+01,2.461091e+01,2.446961e+01,2.441573e+01,2.455038e+01,2.455038e+01,2.457728e+01,2.455038e+01,2.449654e+01,2.449654e+01,2.455710e+01,2.452346e+01,2.459746e+01,2.446288e+01,2.451000e+01,2.449654e+01,2.449654e+01,2.450327e+01,2.448981e+01,2.443594e+01,2.436183e+01,2.448308e+01,2.444941e+01,2.451673e+01,2.442921e+01,2.436857e+01,2.444941e+01,2.441573e+01,2.436183e+01,2.441573e+01,2.434161e+01,2.440900e+01,2.434835e+01,2.436857e+01,2.432812e+01,2.432138e+01,2.430115e+01,2.442921e+01,2.439552e+01,2.445614e+01,2.430115e+01,2.409864e+01,2.415268e+01,2.418644e+01,2.428766e+01,2.423369e+01,2.420670e+01,2.428766e+01,2.430115e+01,2.434161e+01,2.416619e+01,2.392281e+01,2.394311e+01,2.405809e+01,2.434161e+01,2.434835e+01,2.434161e+01,2.429441e+01,2.434161e+01,2.428092e+01,2.425393e+01,2.426743e+01,2.430115e+01,2.433487e+01,2.435509e+01,2.419994e+01,2.443594e+01,2.437531e+01,2.436183e+01,2.444268e+01,2.441573e+01,2.435509e+01,2.436857e+01,2.436183e+01,2.434835e+01,2.442247e+01,2.442247e+01,2.448981e+01,2.444268e+01,2.444268e+01,2.445614e+01,2.451000e+01,2.444268e+01,2.442921e+01,2.440900e+01,2.446961e+01,2.440226e+01,2.442921e+01,2.456383e+01,2.446288e+01,2.451673e+01,2.450327e+01,2.452346e+01,2.448981e+01,2.456383e+01,2.456383e+01,2.455710e+01,2.454365e+01,2.452346e+01,2.451000e+01,2.448981e+01,2.448308e+01,2.444268e+01,2.453019e+01,2.444268e+01,2.448981e+01,2.454365e+01,2.453019e+01,2.460419e+01,2.455038e+01,2.457056e+01,2.465124e+01,2.444268e+01,2.457056e+01,2.464452e+01,2.442921e+01,2.459746e+01,2.463780e+01,2.461763e+01,2.464452e+01,2.460419e+01,2.454365e+01,2.465124e+01,2.470500e+01,2.459746e+01,2.463780e+01,2.459073e+01,2.461091e+01,2.467141e+01,2.459073e+01,2.457728e+01,2.455710e+01,2.462436e+01,2.463108e+01,2.463780e+01,2.457728e+01,2.468484e+01,2.461091e+01,2.471172e+01,2.467141e+01,2.457056e+01,2.459746e+01,2.458401e+01,2.463780e+01,2.463780e+01,2.459746e+01,2.459073e+01,2.451673e+01,2.457056e+01,2.457056e+01,2.461763e+01,2.455038e+01,2.451673e+01,2.451673e+01,2.442247e+01,2.455710e+01,2.458401e+01,2.459746e+01,2.444268e+01,2.461763e+01,2.456383e+01,2.448981e+01,2.443594e+01,2.440226e+01,2.463108e+01,2.449654e+01,2.444268e+01,2.444268e+01,2.445614e+01,2.445614e+01,2.438205e+01,2.446961e+01,2.448308e+01,2.452346e+01,2.452346e+01,2.445614e+01,2.429441e+01,2.439552e+01,2.445614e+01,2.437531e+01,2.440226e+01,2.440900e+01,2.438878e+01,2.440900e+01,2.442247e+01,2.446288e+01,2.449654e+01,2.436183e+01,2.440900e+01,2.448308e+01,2.443594e+01,2.442921e+01,2.438205e+01,2.437531e+01,2.435509e+01,2.441573e+01,2.432812e+01,2.442247e+01,2.430790e+01,2.434835e+01,2.437531e+01,2.436183e+01,2.444268e+01,2.446288e+01,2.446961e+01,2.434835e+01,2.437531e+01,2.434161e+01,2.436183e+01,2.436183e+01,2.436857e+01,2.436857e+01,2.436857e+01,2.432138e+01,2.441573e+01,2.442247e+01,2.439552e+01,2.442921e+01,2.438878e+01,2.420670e+01,2.437531e+01,2.439552e+01,2.442247e+01,2.440226e+01,2.437531e+01,2.442247e+01,2.426743e+01,2.421344e+01,2.434835e+01,2.432812e+01,2.440900e+01,2.436857e+01,2.443594e+01,2.442921e+01,2.431464e+01,2.438205e+01,2.434835e+01,2.441573e+01,2.442247e+01,2.445614e+01,2.449654e+01,2.436857e+01,2.443594e+01,2.435509e+01,2.428092e+01,2.441573e+01,2.428092e+01,2.442921e+01,2.440900e+01,2.431464e+01,2.431464e+01,2.430115e+01,2.439552e+01,2.430115e+01,2.433487e+01,2.432812e+01,2.431464e+01,2.420670e+01,2.426743e+01,2.417969e+01,2.422694e+01,2.420670e+01,2.413242e+01,2.415268e+01,2.406485e+01,2.407837e+01,2.385510e+01,2.402428e+01,2.421344e+01,2.417969e+01,2.386865e+01,2.376702e+01,2.384833e+01,2.385510e+01,2.373990e+01,2.376702e+01,2.370599e+01,2.369242e+01,2.357704e+01,2.352270e+01,2.352949e+01,2.350911e+01,2.350911e+01,2.369242e+01,2.390250e+01,2.411891e+01,2.434161e+01,2.430790e+01,2.426743e+01,2.438878e+01,2.459746e+01,2.442921e+01,2.430115e+01,2.431464e+01,2.429441e+01,2.424719e+01,2.428766e+01,2.424044e+01,2.427417e+01,2.419994e+01,2.384833e+01,2.395664e+01,2.382801e+01,2.369242e+01,2.366529e+01,2.381446e+01,2.365172e+01,2.363814e+01,2.362457e+01,2.363814e+01,2.360420e+01,2.361099e+01,2.368564e+01,2.361099e+01,2.403105e+01,2.408512e+01,2.403105e+01,2.409864e+01,2.408512e+01,2.413242e+01,2.409188e+01,2.413242e+01,2.409188e+01,2.409864e+01,2.394311e+01,2.357704e+01,2.353629e+01,2.323693e+01,2.344113e+01,2.314832e+01,2.343433e+01,2.346153e+01,2.358383e+01,2.350231e+01,2.366529e+01,2.364493e+01,2.385510e+01,2.377380e+01,2.397018e+01,2.388896e+01,2.394988e+01,2.398371e+01,2.378735e+01,2.364493e+01,2.373990e+01,2.378735e+01,2.359741e+01,2.349552e+01,2.344113e+01,2.347513e+01,2.408512e+01,2.455710e+01,2.419994e+01,2.369242e+01,2.371277e+01,2.445614e+01,2.480572e+01,2.431464e+01,2.390927e+01,2.397018e+01,2.388219e+01,2.425393e+01,2.422019e+01,2.428092e+01,2.436183e+01,2.450327e+01,2.434835e+01,2.453692e+01,2.442247e+01,2.437531e+01,2.444941e+01,2.432138e+01,2.446961e+01,2.450327e+01,2.445614e+01,2.446288e+01,2.443594e+01,2.439552e+01,2.451000e+01,2.451673e+01,2.444268e+01,2.449654e+01,2.444941e+01,2.451000e+01,2.448981e+01,2.447635e+01,2.444941e+01,2.440900e+01,2.451673e+01,2.442921e+01,2.450327e+01,2.444268e+01,2.449654e+01,2.446288e+01,2.445614e+01,2.453019e+01,2.446288e+01,2.436183e+01,2.444268e+01,2.446288e+01,2.451000e+01,2.440226e+01,2.441573e+01,2.439552e+01,2.442921e+01,2.448308e+01,2.439552e+01,2.447635e+01,2.442921e+01,2.444941e+01,2.453019e+01,2.454365e+01,2.434161e+01,2.428766e+01,2.436857e+01,2.432138e+01,2.458401e+01,2.468484e+01,2.478558e+01,2.503366e+01,2.500687e+01,2.494656e+01,2.504705e+01,2.510060e+01,2.486610e+01,2.479901e+01,2.467813e+01,2.448981e+01,2.460419e+01,2.452346e+01,2.442921e+01,2.444941e+01,2.448981e+01,2.444268e+01,2.443594e+01,2.441573e+01,2.442921e+01,2.442247e+01,2.442247e+01,2.437531e+01,2.455038e+01,2.439552e+01,2.465124e+01,2.507383e+01,2.530119e+01,2.567459e+01,2.594049e+01,2.618586e+01,2.617924e+01,2.610634e+01,2.623884e+01,2.623222e+01,2.616599e+01,2.616599e+01,2.606656e+01,2.614611e+01,2.618586e+01,2.617261e+01,2.615936e+01,2.612623e+01,2.621898e+01,2.619911e+01,2.604667e+01,2.606656e+01,2.617261e+01,2.604004e+01,2.586079e+01,2.597368e+01,2.584750e+01,2.588072e+01,2.571451e+01,2.579433e+01,2.568790e+01,2.586079e+01,2.570786e+01,2.573447e+01,2.584085e+01,2.568790e+01,2.572782e+01,2.568124e+01,2.575443e+01,2.572117e+01,2.554804e+01,2.558136e+01,2.568124e+01,2.552805e+01,2.558136e+01,2.571451e+01,2.552139e+01,2.557470e+01,2.551472e+01,2.552805e+01,2.533458e+01,2.540801e+01,2.538131e+01,2.529451e+01,2.526778e+01,2.507383e+01,2.509391e+01,2.513406e+01,2.489293e+01,2.481914e+01,2.489293e+01,2.477887e+01,2.461763e+01,2.461763e+01,2.432812e+01,2.441573e+01,2.430790e+01,2.393634e+01,2.389573e+01,2.403781e+01,2.396341e+01,2.413242e+01,2.427417e+01,2.434835e+01,2.405809e+01,2.405133e+01,2.433487e+01,2.427417e+01,2.450327e+01,2.430790e+01,2.442247e+01,2.430790e+01,2.429441e+01,2.444268e+01,2.447635e+01,2.438205e+01,2.444268e+01,2.448981e+01,2.437531e+01,2.438205e+01,2.444941e+01,2.435509e+01,2.434161e+01,2.440226e+01,2.445614e+01,2.464452e+01,2.446961e+01,2.451673e+01,2.443594e+01,2.455038e+01,2.444268e+01,2.447635e+01,2.460419e+01,2.461763e+01,2.453019e+01,2.451673e+01,2.447635e+01,2.448981e+01,2.455038e+01,2.472515e+01,2.451673e+01,2.456383e+01,2.448981e+01,2.453692e+01,2.444268e+01,2.442921e+01,2.455710e+01,2.442921e+01,2.452346e+01,2.455710e+01,2.450327e+01,2.459746e+01,2.455710e+01,2.450327e+01,2.453019e+01,2.448308e+01,2.451000e+01,2.453692e+01,2.461763e+01,2.451000e+01,2.450327e+01,2.451000e+01,2.449654e+01,2.457056e+01,2.446961e+01,2.460419e+01,2.446288e+01,2.441573e+01,2.441573e+01,2.422019e+01,2.453019e+01,2.451000e+01,2.456383e+01,2.451000e+01,2.458401e+01,2.458401e+01,2.455038e+01,2.466469e+01,2.447635e+01,2.460419e+01,2.464452e+01,2.457056e+01,2.451000e+01,2.443594e+01,2.446288e+01,2.440226e+01,2.458401e+01,2.452346e+01,2.454365e+01,2.460419e+01,2.455038e+01,2.457728e+01,2.451000e+01,2.450327e+01,2.461091e+01,2.451000e+01,2.458401e+01,2.453692e+01,2.473858e+01,2.459073e+01,2.457728e+01,2.453019e+01
2.449654e+01,2.447635e+01,2.450327e+01,2.457056e+01,2.452346e+01,2.455038e+01,2.453019e+01,2.448981e+01,2.459073e+01,2.455038e+01,2.453019e+01,2.444941e+01,2.455710e+01,2.456383e+01,2.455710e+01,2.456383e+01,2.459746e+01,2.438205e+01,2.448981e+01,2.459073e+01,2.457728e+01,2.455710e+01,2.449654e+01,2.462436e+01,2.457728e+01,2.457056e+01,2.451673e+01,2.450327e+01,2.455038e+01,2.452346e+01,2.456383e+01,2.452346e+01,2.458401e+01,2.455038e+01,2.442921e+01,2.444941e+01,2.459746e+01,2.453019e+01,2.456383e+01,2.455038e+01,2.451000e+01,2.451673e+01,2.441573e+01,2.453019e+01,2.457056e+01,2.441573e+01,2.446288e+01,2.445614e+01,2.433487e+01,2.444268e+01,2.440226e+01,2.441573e+01,2.453019e+01,2.435509e+01,2.430115e+01,2.436183e+01,2.432138e+01,2.440226e+01,2.436857e+01,2.432812e+01,2.431464e+01,2.445614e+01,2.434835e+01,2.440900e+01,2.426068e+01,2.436183e+01,2.433487e+01,2.420670e+01,2.414593e+01,2.430115e+01,2.436183e+01,2.424044e+01,2.430115e+01,2.425393e+01,2.424719e+01,2.418644e+01,2.413242e+01,2.413917e+01,2.394311e+01,2.424044e+01,2.419994e+01,2.436183e+01,2.436183e+01,2.436183e+01,2.428092e+01,2.430115e+01,2.437531e+01,2.430790e+01,2.428766e+01,2.430115e+01,2.438878e+01,2.451673e+01,2.420670e+01,2.426743e+01,2.456383e+01,2.435509e+01,2.446961e+01,2.439552e+01,2.433487e+01,2.439552e+01,2.442247e+01,2.441573e+01,2.442247e+01,2.443594e+01,2.442921e+01,2.448981e+01,2.451673e+01,2.445614e+01,2.444941e+01,2.442247e+01,2.441573e+01,2.446961e+01,2.437531e+01,2.437531e+01,2.438205e+01,2.448981e+01,2.442921e+01,2.450327e+01,2.457728e+01,2.445614e+01,2.451673e+01,2.441573e+01,2.451673e+01,2.455038e+01,2.454365e+01,2.446961e+01,2.449654e+01,2.452346e+01,2.449654e+01,2.446961e+01,2.444941e+01,2.453019e+01,2.455710e+01,2.449654e+01,2.461763e+01,2.451673e+01,2.449654e+01,2.453019e+01,2.446961e+01,2.451673e+01,2.460419e+01,2.462436e+01,2.460419e+01,2.463780e+01,2.453692e+01,2.457728e+01,2.461763e+01,2.463108e+01,2.444268e+01,2.455038e+01,2.442921e+01,2.457728e+01,2.464452e+01,2.459746e+01,2.454365e+01,2.459073e+01,2.461763e+01,2.448981e+01,2.453019e+01,2.465796e+01,2.464452e+01,2.458401e+01,2.464452e+01,2.457728e+01,2.467141e+01,2.464452e+01,2.461091e+01,2.465796e+01,2.461763e+01,2.454365e+01,2.458401e+01,2.451673e+01,2.447635e+01,2.463108e+01,2.453692e+01,2.451673e+01,2.447635e+01,2.457728e+01,2.451000e+01,2.455038e+01,2.454365e+01,2.448308e+01,2.455710e+01,2.446288e+01,2.459073e+01,2.442247e+01,2.443594e+01,2.457728e+01,2.457728e+01,2.450327e+01,2.455710e+01,2.446961e+01,2.450327e+01,2.444941e+01,2.446961e+01,2.444268e+01,2.453019e+01,2.452346e+01,2.440226e+01,2.442921e+01,2.441573e+01,2.446288e+01,2.446961e+01,2.432138e+01,2.444941e+01,2.446961e+01,2.459073e+01,2.440226e+01,2.442921e+01,2.442247e+01,2.444268e+01,2.448308e+01,2.444268e+01,2.445614e+01,2.445614e+01,2.444941e+01,2.441573e+01,2.451673e+01,2.440900e+01,2.440226e+01,2.440900e+01,2.438878e+01,2.445614e+01,2.447635e+01,2.442247e+01,2.438878e+01,2.441573e+01,2.438205e+01,2.433487e+01,2.438205e+01,2.444268e+01,2.446288e+01,2.437531e+01,2.439552e+01,2.436183e+01,2.434161e+01,2.440226e+01,2.433487e+01,2.443594e+01,2.440226e+01,2.434835e+01,2.427417e+01,2.427417e+01,2.440226e+01,2.435509e+01,2.433487e+01,2.436857e+01,2.432138e+01,2.430115e+01,2.434835e+01,2.436183e+01,2.432812e+01,2.440226e+01,2.434161e+01,2.440226e+01,2.437531e+01,2.435509e+01,2.442247e+01,2.437531e+01,2.438205e+01,2.447635e+01,2.432812e+01,2.431464e+01,2.438205e+01,2.447635e+01,2.438878e+01,2.442247e+01,2.455710e+01,2.435509e+01,2.436857e+01,2.432812e+01,2.432812e+01,2.437531e+01,2.442921e+01,2.426743e+01,2.430790e+01,2.428092e+01,2.425393e+01,2.430790e+01,2.428092e+01,2.430790e+01,2.419994e+01,2.422694e+01,2.428092e+01,2.429441e+01,2.428092e+01,2.411891e+01,2.415268e+01,2.427417e+01,2.404457e+01,2.387542e+01,2.400400e+01,2.386187e+01,2.371277e+01,2.390927e+01,2.382801e+01,2.388896e+01,2.386187e+01,2.385510e+01,2.401076e+01,2.387542e+01,2.407161e+01,2.406485e+01,2.395664e+01,2.382801e+01,2.351590e+01,2.350911e+01,2.371277e+01,2.375346e+01,2.375346e+01,2.424719e+01,2.427417e+01,2.436857e+01,2.448981e+01,2.444941e+01,2.444941e+01,2.444268e+01,2.433487e+01,2.431464e+01,2.427417e+01,2.426743e+01,2.417294e+01,2.437531e+01,2.422694e+01,2.434161e+01,2.424719e+01,2.417294e+01,2.421344e+01,2.415943e+01,2.389573e+01,2.388896e+01,2.387542e+01,2.365172e+01,2.378057e+01,2.365850e+01,2.363136e+01,2.344113e+01,2.361099e+01,2.349552e+01,2.350911e+01,2.350911e+01,2.357704e+01,2.356346e+01,2.375346e+01,2.393634e+01,2.407161e+01,2.407161e+01,2.415268e+01,2.429441e+01,2.415943e+01,2.414593e+01,2.405809e+01,2.365850e+01,2.350231e+01,2.353629e+01,2.344793e+01,2.357704e+01,2.386187e+01,2.386187e+01,2.357704e+01,2.363136e+01,2.363814e+01,2.381446e+01,2.378057e+01,2.394311e+01,2.398371e+01,2.397018e+01,2.397694e+01,2.365850e+01,2.356346e+01,2.359741e+01,2.367207e+01,2.351590e+01,2.350911e+01,2.337991e+01,2.366529e+01,2.394311e+01,2.404457e+01,2.390250e+01,2.377380e+01,2.376702e+01,2.399723e+01,2.425393e+01,2.437531e+01,2.397694e+01,2.388219e+01,2.376702e+01,2.402428e+01,2.423369e+01,2.430790e+01,2.451673e+01,2.451000e+01,2.428092e+01,2.442921e+01,2.449654e+01,2.442247e+01,2.445614e+01,2.444941e+01,2.446288e+01,2.446961e+01,2.447635e+01,2.453019e+01,2.451673e+01,2.452346e+01,2.438205e+01,2.447635e+01,2.446288e+01,2.447635e+01,2.448308e+01,2.445614e+01,2.449654e+01,2.451673e+01,2.443594e+01,2.447635e+01,2.447635e+01,2.448308e+01,2.439552e+01,2.440900e+01,2.443594e+01,2.439552e+01,2.449654e+01,2.452346e+01,2.434835e+01,2.437531e+01,2.450327e+01,2.436857e+01,2.440900e+01,2.440226e+01,2.445614e+01,2.443594e+01,2.438205e+01,2.442247e+01,2.443594e+01,2.442247e+01,2.440900e+01,2.458401e+01,2.438878e+01,2.446288e+01,2.430115e+01,2.437531e+01,2.435509e+01,2.440900e+01,2.453692e+01,2.455038e+01,2.473187e+01,2.489293e+01,2.493986e+01,2.503366e+01,2.510060e+01,2.526778e+01,2.507383e+01,2.510060e+01,2.478558e+01,2.454365e+01,2.461763e+01,2.448981e+01,2.446288e+01,2.442247e+01,2.445614e+01,2.444268e+01,2.446961e+01,2.442247e+01,2.442921e+01,2.424044e+01,2.439552e+01,2.451000e+01,2.434835e+01,2.448981e+01,2.489293e+01,2.525442e+01,2.546138e+01,2.566127e+01,2.588736e+01,2.601350e+01,2.612623e+01,2.620573e+01,2.613286e+01,2.615936e+01,2.614611e+01,2.619911e+01,2.616599e+01,2.608646e+01,2.606656e+01,2.607982e+01,2.607319e+01,2.607319e+01,2.597368e+01,2.615936e+01,2.604667e+01,2.593385e+01,2.595377e+01,2.600686e+01,2.592721e+01,2.590729e+01,2.581427e+01,2.586079e+01,2.573447e+01,2.570121e+01,2.574113e+01,2.570786e+01,2.572117e+01,2.566793e+01,2.568124e+01,2.576108e+01,2.559468e+01,2.554138e+01,2.553472e+01,2.560134e+01,2.556804e+01,2.548805e+01,2.553472e+01,2.553472e+01,2.550805e+01,2.550139e+01,2.554804e+01,2.549472e+01,2.544137e+01,2.545471e+01,2.546805e+01,2.540133e+01,2.525442e+01,2.522768e+01,2.510060e+01,2.503366e+01,2.503366e+01,2.493986e+01,2.487952e+01,2.485269e+01,2.478558e+01,2.479230e+01,2.459073e+01,2.451000e+01,2.436183e+01,2.415268e+01,2.403781e+01,2.399047e+01,2.381446e+01,2.402428e+01,2.401752e+01,2.431464e+01,2.432138e+01,2.430790e+01,2.437531e+01,2.421344e+01,2.426743e+01,2.435509e+01,2.436183e+01,2.439552e+01,2.436183e+01,2.440226e+01,2.442921e+01,2.452346e+01,2.444268e+01,2.442921e+01,2.444268e+01,2.448308e+01,2.446961e+01,2.442921e+01,2.457056e+01,2.450327e+01,2.431464e+01,2.448981e+01,2.453692e+01,2.448981e+01,2.449654e+01,2.441573e+01,2.450327e+01,2.452346e+01,2.444941e+01,2.447635e+01,2.455710e+01,2.448981e+01,2.451673e+01,2.453019e+01,2.455038e+01,2.451673e+01,2.453692e+01,2.449654e+01,2.450327e+01,2.452346e+01,2.456383e+01,2.463780e+01,2.455710e+01,2.456383e+01,2.456383e+01,2.448981e+01,2.458401e+01,2.448308e+01,2.448308e+01,2.452346e+01,2.448981e+01,2.451673e+01,2.451673e+01,2.453019e+01,2.436183e+01,2.458401e+01,2.441573e+01,2.450327e+01,2.450327e+01,2.452346e+01,2.450327e+01,2.448981e+01,2.461091e+01,2.451000e+01,2.452346e+01,2.444941e+01,2.457728e+01,2.442921e+01,2.448308e+01,2.459073e+01,2.458401e+01,2.458401e+01,2.452346e+01,2.455710e+01,2.442247e+01,2.451000e+01,2.451673e+01,2.455038e+01,2.445614e+01,2.445614e+01,2.446288e+01,2.440900e+01,2.458401e+01,2.447635e+01,2.459073e+01,2.448981e+01,2.458401e+01,2.453019e+01,2.444941e+01,2.460419e+01,2.461763e+01,2.463780e+01,2.448981e+01,2.453019e+01,2.448308e+01,2.453692e+01,2.460419e+01,2.451673e+01,2.453692e+01,2.454365e+01
2.453019e+01,2.448308e+01,2.459073e+01,2.463108e+01,2.456383e+01,2.472515e+01,2.455710e+01,2.453019e+01,2.446288e+01,2.455038e+01,2.457056e+01,2.451673e+01,2.471844e+01,2.451673e+01,2.455038e+01,2.461763e+01,2.455710e+01,2.428092e+01,2.457056e+01,2.453019e+01,2.451673e+01,2.454365e+01,2.444941e+01,2.463108e+01,2.444941e+01,2.459073e+01,2.442247e+01,2.455038e+01,2.447635e+01,2.455038e+01,2.454365e+01,2.455038e+01,2.449654e+01,2.457728e+01,2.446288e+01,2.449654e+01,2.455710e+01,2.454365e+01,2.451673e+01,2.457056e+01,2.438878e+01,2.439552e+01,2.446961e+01,2.447635e+01,2.453692e+01,2.453019e+01,2.436857e+01,2.434835e+01,2.453692e+01,2.444941e+01,2.442247e+01,2.439552e+01,2.449654e+01,2.417294e+01,2.448981e+01,2.444268e+01,2.421344e+01,2.441573e+01,2.446961e+01,2.440900e+01,2.442921e+01,2.430790e+01,2.455710e+01,2.430790e+01,2.432812e+01,2.444268e+01,2.436183e+01,2.440900e+01,2.428766e+01,2.424044e+01,2.428766e+01,2.430115e+01,2.422019e+01,2.428092e+01,2.428766e+01,2.422019e+01,2.416619e+01,2.412566e+01,2.390250e+01,2.416619e+01,2.422019e+01,2.434161e+01,2.436183e+01,2.435509e+01,2.436183e+01,2.439552e+01,2.438878e+01,2.436183e+01,2.425393e+01,2.438205e+01,2.433487e+01,2.422694e+01,2.455710e+01,2.426743e+01,2.428092e+01,2.426743e+01,2.444268e+01,2.442921e+01,2.443594e+01,2.442921e+01,2.446961e+01,2.456383e+01,2.440900e+01,2.441573e+01,2.440226e+01,2.439552e+01,2.444268e+01,2.443594e+01,2.445614e+01,2.447635e+01,2.445614e+01,2.450327e+01,2.438878e+01,2.446288e+01,2.442247e+01,2.446288e+01,2.454365e+01,2.451000e+01,2.447635e+01,2.454365e+01,2.448308e+01,2.456383e+01,2.455710e+01,2.455038e+01,2.444268e+01,2.456383e+01,2.455038e+01,2.451000e+01,2.451673e+01,2.453019e+01,2.445614e+01,2.446961e+01,2.454365e+01,2.459746e+01,2.452346e+01,2.461763e+01,2.452346e+01,2.448308e+01,2.447635e+01,2.447635e+01,2.461091e+01,2.461763e+01,2.451000e+01,2.460419e+01,2.457056e+01,2.463108e+01,2.456383e+01,2.461763e+01,2.456383e+01,2.464452e+01,2.455710e+01,2.459073e+01,2.459073e+01,2.455038e+01,2.457728e+01,2.460419e+01,2.462436e+01,2.455038e+01,2.463780e+01,2.467141e+01,2.468484e+01,2.463780e+01,2.465124e+01,2.463780e+01,2.459746e+01,2.455710e+01,2.468484e+01,2.461763e+01,2.459746e+01,2.460419e+01,2.448981e+01,2.452346e+01,2.451000e+01,2.461763e+01,2.459073e+01,2.451673e+01,2.457728e+01,2.451000e+01,2.455710e+01,2.457728e+01,2.456383e+01,2.453692e+01,2.459746e+01,2.459746e+01,2.459746e+01,2.455710e+01,2.449654e+01,2.459073e+01,2.459073e+01,2.447635e+01,2.449654e+01,2.454365e+01,2.449654e+01,2.453692e+01,2.436857e+01,2.453019e+01,2.444268e+01,2.428766e+01,2.452346e+01,2.454365e+01,2.449654e+01,2.453692e+01,2.443594e+01,2.440226e+01,2.440226e+01,2.450327e+01,2.440226e+01,2.439552e+01,2.442921e+01,2.436857e+01,2.442921e+01,2.443594e+01,2.447635e+01,2.444268e+01,2.435509e+01,2.448981e+01,2.432812e+01,2.448981e+01,2.440226e+01,2.443594e+01,2.445614e+01,2.432138e+01,2.429441e+01,2.433487e+01,2.435509e+01,2.439552e+01,2.426068e+01,2.437531e+01,2.442247e+01,2.445614e+01,2.443594e+01,2.438878e+01,2.438878e+01,2.439552e+01,2.435509e+01,2.437531e+01,2.431464e+01,2.436857e+01,2.449654e+01,2.440226e+01,2.440900e+01,2.444941e+01,2.426743e+01,2.436857e+01,2.424044e+01,2.427417e+01,2.438205e+01,2.432138e+01,2.438878e+01,2.437531e+01,2.438205e+01,2.441573e+01,2.440226e+01,2.440226e+01,2.438205e+01,2.432138e+01,2.428766e+01,2.435509e+01,2.428092e+01,2.437531e+01,2.441573e+01,2.440226e+01,2.436857e+01,2.449654e+01,2.440226e+01,2.444941e+01,2.438878e+01,2.442247e+01,2.434161e+01,2.434835e+01,2.432812e+01,2.432812e+01,2.430790e+01,2.428766e+01,2.441573e+01,2.428092e+01,2.428092e+01,2.429441e+01,2.428766e+01,2.421344e+01,2.432138e+01,2.439552e+01,2.426743e+01,2.425393e+01,2.410540e+01,2.425393e+01,2.428766e+01,2.419994e+01,2.417969e+01,2.405809e+01,2.400400e+01,2.399723e+01,2.380768e+01,2.379413e+01,2.384833e+01,2.386865e+01,2.392281e+01,2.392958e+01,2.386865e+01,2.387542e+01,2.407161e+01,2.407161e+01,2.406485e+01,2.388896e+01,2.370599e+01,2.363136e+01,2.367207e+01,2.384155e+01,2.382123e+01,2.407161e+01,2.410540e+01,2.432138e+01,2.435509e+01,2.453019e+01,2.465796e+01,2.484598e+01,2.470500e+01,2.473187e+01,2.473187e+01,2.467813e+01,2.412566e+01,2.417294e+01,2.423369e+01,2.436183e+01,2.438205e+01,2.440900e+01,2.434835e+01,2.432812e+01,2.423369e+01,2.440226e+01,2.418644e+01,2.409864e+01,2.409188e+01,2.384155e+01,2.380768e+01,2.361099e+01,2.358383e+01,2.354987e+01,2.350231e+01,2.350911e+01,2.352270e+01,2.350231e+01,2.353629e+01,2.354308e+01,2.375346e+01,2.384833e+01,2.403105e+01,2.411215e+01,2.411215e+01,2.430115e+01,2.449654e+01,2.446961e+01,2.402428e+01,2.359062e+01,2.365172e+01,2.369921e+01,2.399723e+01,2.421344e+01,2.420670e+01,2.394988e+01,2.378735e+01,2.371277e+01,2.378057e+01,2.399047e+01,2.397018e+01,2.397018e+01,2.397018e+01,2.395664e+01,2.363814e+01,2.363814e+01,2.367886e+01,2.365172e+01,2.342073e+01,2.340713e+01,2.337991e+01,2.337991e+01,2.366529e+01,2.373990e+01,2.368564e+01,2.359062e+01,2.351590e+01,2.357025e+01,2.390927e+01,2.392281e+01,2.390927e+01,2.386187e+01,2.394988e+01,2.413917e+01,2.422019e+01,2.429441e+01,2.437531e+01,2.438205e+01,2.438878e+01,2.444941e+01,2.433487e+01,2.441573e+01,2.446288e+01,2.442921e+01,2.446288e+01,2.446961e+01,2.444268e+01,2.434161e+01,2.453019e+01,2.453692e+01,2.451673e+01,2.448308e+01,2.449654e+01,2.450327e+01,2.448981e+01,2.449654e+01,2.451000e+01,2.445614e+01,2.444268e+01,2.443594e+01,2.451673e+01,2.445614e+01,2.447635e+01,2.442921e+01,2.453019e+01,2.452346e+01,2.452346e+01,2.448308e+01,2.447635e+01,2.434835e+01,2.451673e+01,2.438205e+01,2.442921e+01,2.440226e+01,2.442921e+01,2.445614e+01,2.437531e+01,2.442921e+01,2.449654e+01,2.448308e+01,2.439552e+01,2.448308e+01,2.444941e+01,2.437531e+01,2.444268e+01,2.442247e+01,2.436183e+01,2.442247e+01,2.434161e+01,2.444941e+01,2.473187e+01,2.494656e+01,2.506044e+01,2.524773e+01,2.512737e+01,2.530787e+01,2.531454e+01,2.533458e+01,2.522768e+01,2.500017e+01,2.483927e+01,2.461091e+01,2.448981e+01,2.455038e+01,2.447635e+01,2.453019e+01,2.449654e+01,2.442921e+01,2.443594e+01,2.451000e+01,2.452346e+01,2.451000e+01,2.453019e+01,2.489964e+01,2.530119e+01,2.557470e+01,2.569455e+01,2.590065e+01,2.588736e+01,2.590065e+01,2.617924e+01,2.625870e+01,2.621235e+01,2.625208e+01,2.621898e+01,2.616599e+01,2.607982e+01,2.621898e+01,2.613286e+01,2.606656e+01,2.607982e+01,2.605330e+01,2.620573e+01,2.602677e+01,2.598032e+01,2.602013e+01,2.591393e+01,2.597368e+01,2.591393e+01,2.565462e+01,2.583421e+01,2.570121e+01,2.586743e+01,2.570121e+01,2.570786e+01,2.570121e+01,2.569455e+01,2.559468e+01,2.566793e+01,2.566793e+01,2.546138e+01,2.553472e+01,2.551472e+01,2.550139e+01,2.551472e+01,2.552805e+01,2.551472e+01,2.548805e+01,2.546138e+01,2.536796e+01,2.550805e+01,2.545471e+01,2.532122e+01,2.550805e+01,2.540133e+01,2.526110e+01,2.534793e+01,2.526110e+01,2.524105e+01,2.495326e+01,2.500687e+01,2.495997e+01,2.484598e+01,2.474530e+01,2.469156e+01,2.459073e+01,2.458401e+01,2.447635e+01,2.436183e+01,2.407161e+01,2.403105e+01,2.388219e+01,2.380768e+01,2.397018e+01,2.427417e+01,2.432812e+01,2.432812e+01,2.430115e+01,2.435509e+01,2.440900e+01,2.434835e+01,2.441573e+01,2.448981e+01,2.448308e+01,2.446288e+01,2.439552e+01,2.444268e+01,2.442247e+01,2.446961e+01,2.436183e+01,2.446288e+01,2.442247e+01,2.441573e+01,2.446288e+01,2.446961e+01,2.451673e+01,2.453019e+01,2.448981e+01,2.446961e+01,2.442921e+01,2.448981e+01,2.440226e+01,2.451000e+01,2.453019e+01,2.456383e+01,2.455038e+01,2.454365e+01,2.462436e+01,2.457728e+01,2.453692e+01,2.447635e+01,2.465124e+01,2.451000e+01,2.449654e+01,2.451000e+01,2.457728e+01,2.454365e+01,2.452346e+01,2.453692e+01,2.443594e+01,2.439552e+01,2.461763e+01,2.448308e+01,2.451673e+01,2.451673e+01,2.442921e+01,2.459746e+01,2.452346e+01,2.450327e+01,2.444268e+01,2.459073e+01,2.455710e+01,2.466469e+01,2.463108e+01,2.448308e+01,2.464452e+01,2.454365e+01,2.457056e+01,2.474530e+01,2.449654e+01,2.455038e+01,2.457056e+01,2.453019e+01,2.446288e+01,2.446961e+01,2.460419e+01,2.459073e+01,2.450327e+01,2.455710e+01,2.461763e+01,2.454365e+01,2.455038e+01,2.461091e+01,2.444941e+01,2.460419e+01,2.449654e+01,2.451000e+01,2.458401e+01,2.456383e+01,2.459073e+01,2.447635e+01,2.447635e+01,2.453692e+01,2.460419e+01,2.457056e+01,2.463108e+01,2.458401e+01,2.461763e+01,2.463780e+01,2.457056e+01,2.450327e+01,2.457728e+01,2.451673e+01,2.453019e+01,2.453692e+01,2.457728e+01
2.438878e+01,2.459746e+01,2.462436e+01,2.461091e+01,2.446961e+01,2.463780e+01,2.463780e+01,2.458401e+01,2.449654e+01,2.460419e+01,2.446288e+01,2.457056e+01,2.465124e+01,2.464452e+01,2.454365e+01,2.450327e+01,2.462436e+01,2.448308e+01,2.459746e+01,2.455038e+01,2.455038e+01,2.457056e+01,2.442247e+01,2.461091e+01,2.453692e+01,2.444941e+01,2.446961e+01,2.455038e+01,2.455710e+01,2.449654e+01,2.452346e+01,2.454365e+01,2.459746e+01,2.450327e+01,2.438205e+01,2.445614e+01,2.453019e+01,2.463780e+01,2.446288e+01,2.454365e+01,2.452346e+01,2.453692e+01,2.449654e+01,2.438205e+01,2.441573e+01,2.434835e+01,2.433487e+01,2.440226e+01,2.444268e+01,2.455710e+01,2.436183e+01,2.437531e+01,2.440226e+01,2.448981e+01,2.438205e+01,2.448981e+01,2.440900e+01,2.442247e+01,2.442247e+01,2.446288e+01,2.442247e+01,2.432138e+01,2.446961e+01,2.431464e+01,2.435509e+01,2.439552e+01,2.436183e+01,2.417969e+01,2.437531e+01,2.429441e+01,2.444268e+01,2.430115e+01,2.437531e+01,2.433487e+01,2.414593e+01,2.430790e+01,2.433487e+01,2.411891e+01,2.409188e+01,2.394988e+01,2.415943e+01,2.436857e+01,2.431464e+01,2.434161e+01,2.433487e+01,2.415943e+01,2.432138e+01,2.422694e+01,2.425393e+01,2.441573e+01,2.448308e+01,2.440900e+01,2.446288e+01,2.444268e+01,2.427417e+01,2.437531e+01,2.441573e+01,2.434161e+01,2.442921e+01,2.436183e+01,2.452346e+01,2.453692e+01,2.454365e+01,2.446961e+01,2.444268e+01,2.435509e+01,2.438205e+01,2.438878e+01,2.436183e+01,2.444941e+01,2.451000e+01,2.449654e+01,2.446288e+01,2.437531e+01,2.451000e+01,2.444268e+01,2.445614e+01,2.451000e+01,2.455038e+01,2.450327e+01,2.434161e+01,2.451673e+01,2.444941e+01,2.442247e+01,2.454365e+01,2.448308e+01,2.453019e+01,2.441573e+01,2.451673e+01,2.452346e+01,2.453019e+01,2.444941e+01,2.453692e+01,2.460419e+01,2.453019e+01,2.450327e+01,2.450327e+01,2.451000e+01,2.449654e+01,2.463780e+01,2.448308e+01,2.462436e+01,2.458401e+01,2.460419e+01,2.466469e+01,2.454365e+01,2.462436e+01,2.471844e+01,2.455038e+01,2.457056e+01,2.455710e+01,2.456383e+01,2.460419e+01,2.456383e+01,2.460419e+01,2.463780e+01,2.455710e+01,2.454365e+01,2.463780e+01,2.456383e+01,2.463108e+01,2.458401e+01,2.459746e+01,2.465124e+01,2.459073e+01,2.459073e+01,2.455038e+01,2.457056e+01,2.461763e+01,2.461091e+01,2.472515e+01,2.463780e+01,2.446961e+01,2.449654e+01,2.462436e+01,2.458401e+01,2.461091e+01,2.459073e+01,2.452346e+01,2.459073e+01,2.456383e+01,2.461091e+01,2.429441e+01,2.443594e+01,2.444268e+01,2.447635e+01,2.446961e+01,2.455710e+01,2.447635e+01,2.450327e+01,2.449654e+01,2.451000e+01,2.447635e+01,2.448981e+01,2.442921e+01,2.454365e+01,2.456383e+01,2.435509e+01,2.448308e+01,2.438205e+01,2.457056e+01,2.455710e+01,2.442247e+01,2.445614e+01,2.449654e+01,2.447635e+01,2.441573e+01,2.444941e+01,2.459746e+01,2.442921e+01,2.439552e+01,2.453019e+01,2.437531e+01,2.453692e+01,2.436857e+01,2.446288e+01,2.441573e+01,2.448308e+01,2.438878e+01,2.438878e+01,2.436857e+01,2.439552e+01,2.437531e+01,2.439552e+01,2.436857e+01,2.428766e+01,2.438878e+01,2.430115e+01,2.436183e+01,2.434161e+01,2.433487e+01,2.438205e+01,2.437531e+01,2.438205e+01,2.434835e+01,2.432812e+01,2.445614e+01,2.443594e+01,2.446961e+01,2.444941e+01,2.446961e+01,2.436183e+01,2.435509e+01,2.444941e+01,2.444268e+01,2.437531e+01,2.424044e+01,2.438878e+01,2.434161e+01,2.436857e+01,2.440226e+01,2.440226e+01,2.434835e+01,2.440900e+01,2.428092e+01,2.426743e+01,2.432812e+01,2.436857e+01,2.436857e+01,2.440226e+01,2.435509e+01,2.438878e+01,2.439552e+01,2.435509e+01,2.442921e+01,2.434835e+01,2.438878e+01,2.438205e+01,2.435509e+01,2.436183e+01,2.449654e+01,2.426743e+01,2.438205e+01,2.432812e+01,2.430790e+01,2.432812e+01,2.429441e+01,2.425393e+01,2.427417e+01,2.430115e+01,2.420670e+01,2.431464e+01,2.426068e+01,2.432812e+01,2.425393e+01,2.425393e+01,2.427417e+01,2.424719e+01,2.405809e+01,2.400400e+01,2.403781e+01,2.399047e+01,2.386187e+01,2.397694e+01,2.399723e+01,2.401076e+01,2.401076e+01,2.393634e+01,2.404457e+01,2.447635e+01,2.448308e+01,2.423369e+01,2.374668e+01,2.358383e+01,2.348872e+01,2.357025e+01,2.364493e+01,2.368564e+01,2.361778e+01,2.392958e+01,2.415268e+01,2.409188e+01,2.432812e+01,2.443594e+01,2.453692e+01,2.469156e+01,2.530119e+01,2.574113e+01,2.548805e+01,2.467141e+01,2.422694e+01,2.409188e+01,2.419319e+01,2.428766e+01,2.435509e+01,2.440900e+01,2.436183e+01,2.439552e+01,2.440900e+01,2.442921e+01,2.440226e+01,2.417969e+01,2.392958e+01,2.390927e+01,2.391604e+01,2.368564e+01,2.354987e+01,2.348192e+01,2.350911e+01,2.352270e+01,2.349552e+01,2.349552e+01,2.351590e+01,2.349552e+01,2.376024e+01,2.378057e+01,2.382801e+01,2.411215e+01,2.409864e+01,2.421344e+01,2.408512e+01,2.392281e+01,2.390927e+01,2.382123e+01,2.395664e+01,2.403781e+01,2.421344e+01,2.416619e+01,2.401076e+01,2.405133e+01,2.382123e+01,2.403781e+01,2.413242e+01,2.438205e+01,2.414593e+01,2.401752e+01,2.407837e+01,2.397694e+01,2.367886e+01,2.354308e+01,2.354308e+01,2.346833e+01,2.363136e+01,2.340713e+01,2.349552e+01,2.366529e+01,2.365172e+01,2.361099e+01,2.365172e+01,2.341393e+01,2.335269e+01,2.346833e+01,2.356346e+01,2.354987e+01,2.352270e+01,2.376702e+01,2.405133e+01,2.416619e+01,2.433487e+01,2.447635e+01,2.424044e+01,2.447635e+01,2.434161e+01,2.442921e+01,2.443594e+01,2.441573e+01,2.441573e+01,2.442921e+01,2.461091e+01,2.444941e+01,2.453692e+01,2.451000e+01,2.451673e+01,2.450327e+01,2.450327e+01,2.448981e+01,2.436857e+01,2.447635e+01,2.445614e+01,2.451673e+01,2.450327e+01,2.444268e+01,2.443594e+01,2.448981e+01,2.453019e+01,2.446288e+01,2.434835e+01,2.451000e+01,2.444941e+01,2.441573e+01,2.453692e+01,2.438878e+01,2.450327e+01,2.438878e+01,2.446961e+01,2.450327e+01,2.442921e+01,2.438878e+01,2.434835e+01,2.439552e+01,2.438205e+01,2.446961e+01,2.442247e+01,2.441573e+01,2.446288e+01,2.441573e+01,2.442921e+01,2.438878e+01,2.438205e+01,2.443594e+01,2.439552e+01,2.432812e+01,2.442247e+01,2.439552e+01,2.451673e+01,2.487952e+01,2.492645e+01,2.507383e+01,2.536129e+01,2.534793e+01,2.562132e+01,2.545471e+01,2.564796e+01,2.561466e+01,2.545471e+01,2.528115e+01,2.503366e+01,2.482585e+01,2.459073e+01,2.444941e+01,2.448308e+01,2.446961e+01,2.447635e+01,2.447635e+01,2.450327e+01,2.451673e+01,2.499347e+01,2.559468e+01,2.562798e+01,2.576773e+01,2.590065e+01,2.591393e+01,2.601350e+01,2.589401e+01,2.620573e+01,2.617261e+01,2.615936e+01,2.614611e+01,2.602013e+01,2.609971e+01,2.605330e+01,2.604004e+01,2.609309e+01,2.611960e+01,2.604667e+01,2.602013e+01,2.602677e+01,2.610634e+01,2.602677e+01,2.600686e+01,2.597368e+01,2.601350e+01,2.586079e+01,2.598032e+01,2.576108e+01,2.576773e+01,2.577438e+01,2.570121e+01,2.570121e+01,2.570121e+01,2.567459e+01,2.562132e+01,2.564796e+01,2.552139e+01,2.547471e+01,2.531454e+01,2.528115e+01,2.531454e+01,2.535461e+01,2.530787e+01,2.534126e+01,2.525442e+01,2.541468e+01,2.514075e+01,2.531454e+01,2.546138e+01,2.526778e+01,2.524773e+01,2.525442e+01,2.522768e+01,2.522768e+01,2.503366e+01,2.501357e+01,2.498677e+01,2.483256e+01,2.487952e+01,2.459746e+01,2.465124e+01,2.463108e+01,2.460419e+01,2.451673e+01,2.420670e+01,2.419319e+01,2.411215e+01,2.385510e+01,2.379413e+01,2.390250e+01,2.397694e+01,2.421344e+01,2.431464e+01,2.442921e+01,2.448981e+01,2.435509e+01,2.437531e+01,2.437531e+01,2.434161e+01,2.437531e+01,2.432812e+01,2.430115e+01,2.440900e+01,2.435509e+01,2.439552e+01,2.447635e+01,2.448981e+01,2.450327e+01,2.442921e+01,2.449654e+01,2.452346e+01,2.446288e+01,2.451673e+01,2.451000e+01,2.447635e+01,2.448981e+01,2.450327e+01,2.443594e+01,2.448981e+01,2.451673e+01,2.448981e+01,2.445614e+01,2.458401e+01,2.447635e+01,2.455038e+01,2.455710e+01,2.455038e+01,2.444268e+01,2.446961e+01,2.462436e+01,2.455038e+01,2.453692e+01,2.459746e+01,2.449654e+01,2.454365e+01,2.459073e+01,2.459746e+01,2.448308e+01,2.445614e+01,2.448308e+01,2.453019e+01,2.442247e+01,2.453692e+01,2.442921e+01,2.446961e+01,2.455038e+01,2.453692e+01,2.455710e+01,2.452346e+01,2.466469e+01,2.450327e+01,2.453019e+01,2.459073e+01,2.459073e+01,2.454365e+01,2.459746e+01,2.453019e+01,2.448308e+01,2.437531e+01,2.457728e+01,2.457728e+01,2.462436e+01,2.453692e+01,2.448308e+01,2.451673e+01,2.449654e+01,2.460419e+01,2.460419e+01,2.453019e+01,2.469828e+01,2.457056e+01,2.449654e+01,2.457728e+01,2.442247e+01,2.460419e+01,2.453019e+01,2.461091e+01,2.435509e+01,2.453692e+01,2.437531e+01,2.453019e+01,2.457056e+01,2.461763e+01,2.438205e+01,2.463108e+01,2.458401e+01,2.445614e+01,2.446961e+01,2.463780e+01,2.461763e+01,2.455710e+01,2.458401e+01,2.459746e+01
2.442247e+01,2.460419e+01,2.452346e+01,2.448308e+01,2.448981e+01,2.447635e+01,2.464452e+01,2.455710e+01,2.454365e+01,2.453019e+01,2.454365e+01,2.452346e+01,2.461091e+01,2.452346e+01,2.466469e+01,2.448981e+01,2.459746e+01,2.460419e+01,2.459073e+01,2.455710e+01,2.457056e+01,2.445614e+01,2.465124e+01,2.459073e+01,2.455710e+01,2.456383e+01,2.446961e+01,2.446961e+01,2.445614e+01,2.455038e+01,2.461091e+01,2.453019e+01,2.457056e+01,2.451673e+01,2.451673e+01,2.456383e+01,2.461091e+01,2.460419e+01,2.451000e+01,2.458401e+01,2.443594e+01,2.444941e+01,2.451673e+01,2.446288e+01,2.453019e+01,2.446288e+01,2.444268e+01,2.445614e+01,2.438205e+01,2.442247e+01,2.446961e+01,2.431464e+01,2.444268e+01,2.436183e+01,2.422019e+01,2.444268e+01,2.438205e+01,2.431464e+01,2.442921e+01,2.440900e+01,2.441573e+01,2.449654e+01,2.453019e+01,2.442921e+01,2.440900e+01,2.434835e+01,2.436857e+01,2.435509e+01,2.435509e+01,2.433487e+01,2.436183e+01,2.425393e+01,2.428766e+01,2.436857e+01,2.440900e+01,2.422019e+01,2.434835e+01,2.411215e+01,2.394988e+01,2.405133e+01,2.412566e+01,2.434835e+01,2.432812e+01,2.435509e+01,2.436857e+01,2.426068e+01,2.440900e+01,2.438878e+01,2.430790e+01,2.438205e+01,2.430115e+01,2.433487e+01,2.448308e+01,2.446288e+01,2.444941e+01,2.442921e+01,2.440226e+01,2.436183e+01,2.441573e+01,2.426068e+01,2.443594e+01,2.445614e+01,2.453019e+01,2.433487e+01,2.432138e+01,2.432812e+01,2.438205e+01,2.444268e+01,2.447635e+01,2.449654e+01,2.448308e+01,2.438878e+01,2.445614e+01,2.451000e+01,2.453692e+01,2.448981e+01,2.449654e+01,2.451673e+01,2.450327e+01,2.453019e+01,2.452346e+01,2.452346e+01,2.449654e+01,2.454365e+01,2.447635e+01,2.448308e+01,2.449654e+01,2.452346e+01,2.452346e+01,2.454365e+01,2.453692e+01,2.458401e+01,2.454365e+01,2.460419e+01,2.451000e+01,2.450327e+01,2.454365e+01,2.455710e+01,2.445614e+01,2.450327e+01,2.464452e+01,2.461763e+01,2.459746e+01,2.463108e+01,2.459746e+01,2.461091e+01,2.461091e+01,2.458401e+01,2.463780e+01,2.455038e+01,2.455710e+01,2.459746e+01,2.463780e+01,2.457728e+01,2.464452e+01,2.464452e+01,2.452346e+01,2.465124e+01,2.455038e+01,2.455710e+01,2.463780e+01,2.459746e+01,2.458401e+01,2.457056e+01,2.464452e+01,2.464452e+01,2.462436e+01,2.465124e+01,2.453019e+01,2.453019e+01,2.460419e+01,2.463108e+01,2.447635e+01,2.469828e+01,2.463780e+01,2.446288e+01,2.447635e+01,2.458401e+01,2.453019e+01,2.440226e+01,2.455710e+01,2.457056e+01,2.455710e+01,2.459073e+01,2.451673e+01,2.447635e+01,2.449654e+01,2.455710e+01,2.450327e+01,2.453019e+01,2.453692e+01,2.439552e+01,2.442247e+01,2.453019e+01,2.438205e+01,2.453692e+01,2.448308e+01,2.459746e+01,2.457728e+01,2.459073e+01,2.441573e+01,2.446961e+01,2.446961e+01,2.444941e+01,2.447635e+01,2.436183e+01,2.440900e+01,2.440900e+01,2.432812e+01,2.455038e+01,2.439552e+01,2.433487e+01,2.443594e+01,2.448308e+01,2.440226e+01,2.449654e+01,2.443594e+01,2.439552e+01,2.446288e+01,2.437531e+01,2.428766e+01,2.443594e+01,2.441573e+01,2.443594e+01,2.432138e+01,2.440226e+01,2.443594e+01,2.440226e+01,2.438878e+01,2.442247e+01,2.439552e+01,2.440226e+01,2.444268e+01,2.435509e+01,2.430790e+01,2.440900e+01,2.431464e+01,2.438205e+01,2.442247e+01,2.448308e+01,2.438878e+01,2.444941e+01,2.443594e+01,2.442247e+01,2.436183e+01,2.438205e+01,2.431464e+01,2.432812e+01,2.443594e+01,2.442921e+01,2.438878e+01,2.438878e+01,2.440226e+01,2.434161e+01,2.438205e+01,2.438205e+01,2.438205e+01,2.444941e+01,2.438205e+01,2.446961e+01,2.438878e+01,2.435509e+01,2.442921e+01,2.443594e+01,2.433487e+01,2.441573e+01,2.446288e+01,2.430790e+01,2.436183e+01,2.437531e+01,2.441573e+01,2.432138e+01,2.439552e+01,2.438205e+01,2.426743e+01,2.438878e+01,2.435509e+01,2.431464e+01,2.432138e+01,2.432138e+01,2.438205e+01,2.431464e+01,2.433487e+01,2.430790e+01,2.421344e+01,2.425393e+01,2.428092e+01,2.417294e+01,2.408512e+01,2.405133e+01,2.426743e+01,2.388219e+01,2.382123e+01,2.404457e+01,2.428766e+01,2.426068e+01,2.436183e+01,2.436857e+01,2.504035e+01,2.503366e+01,2.427417e+01,2.384155e+01,2.354987e+01,2.351590e+01,2.363136e+01,2.357704e+01,2.359062e+01,2.371956e+01,2.373312e+01,2.445614e+01,2.474530e+01,2.498677e+01,2.493316e+01,2.461091e+01,2.465796e+01,2.469828e+01,2.505375e+01,2.512737e+01,2.439552e+01,2.426743e+01,2.413917e+01,2.398371e+01,2.390927e+01,2.409864e+01,2.423369e+01,2.435509e+01,2.433487e+01,2.422019e+01,2.407161e+01,2.404457e+01,2.402428e+01,2.379413e+01,2.385510e+01,2.370599e+01,2.387542e+01,2.376702e+01,2.374668e+01,2.389573e+01,2.366529e+01,2.349552e+01,2.359062e+01,2.371956e+01,2.372634e+01,2.376024e+01,2.376702e+01,2.384833e+01,2.406485e+01,2.413917e+01,2.422019e+01,2.389573e+01,2.392958e+01,2.380091e+01,2.392958e+01,2.389573e+01,2.392958e+01,2.425393e+01,2.426068e+01,2.421344e+01,2.415268e+01,2.413242e+01,2.415943e+01,2.419319e+01,2.455710e+01,2.450327e+01,2.424719e+01,2.422019e+01,2.415268e+01,2.405809e+01,2.400400e+01,2.371277e+01,2.371277e+01,2.370599e+01,2.344793e+01,2.346833e+01,2.344793e+01,2.368564e+01,2.360420e+01,2.361099e+01,2.359062e+01,2.359062e+01,2.342753e+01,2.346153e+01,2.348872e+01,2.344793e+01,2.333228e+01,2.350911e+01,2.407161e+01,2.425393e+01,2.422694e+01,2.440226e+01,2.447635e+01,2.447635e+01,2.435509e+01,2.443594e+01,2.436183e+01,2.442921e+01,2.442247e+01,2.439552e+01,2.440900e+01,2.437531e+01,2.446961e+01,2.442921e+01,2.434835e+01,2.434835e+01,2.441573e+01,2.449654e+01,2.452346e+01,2.438205e+01,2.454365e+01,2.451673e+01,2.437531e+01,2.440226e+01,2.440900e+01,2.451673e+01,2.444268e+01,2.444941e+01,2.446288e+01,2.452346e+01,2.435509e+01,2.451000e+01,2.451673e+01,2.449654e+01,2.442921e+01,2.443594e+01,2.448308e+01,2.434835e+01,2.440226e+01,2.444268e+01,2.444268e+01,2.440226e+01,2.446961e+01,2.436183e+01,2.443594e+01,2.437531e+01,2.438205e+01,2.441573e+01,2.438205e+01,2.442921e+01,2.442247e+01,2.440226e+01,2.441573e+01,2.429441e+01,2.442247e+01,2.438205e+01,2.455038e+01,2.483256e+01,2.487281e+01,2.510730e+01,2.548138e+01,2.544804e+01,2.574113e+01,2.564130e+01,2.587408e+01,2.604667e+01,2.589401e+01,2.587408e+01,2.563464e+01,2.564130e+01,2.526778e+01,2.491305e+01,2.486610e+01,2.484598e+01,2.479901e+01,2.477887e+01,2.499347e+01,2.530119e+01,2.567459e+01,2.568790e+01,2.594049e+01,2.600023e+01,2.592057e+01,2.621235e+01,2.620573e+01,2.605330e+01,2.615274e+01,2.614611e+01,2.613948e+01,2.609309e+01,2.617261e+01,2.600023e+01,2.601350e+01,2.596041e+01,2.594049e+01,2.593385e+01,2.607982e+01,2.608646e+01,2.606656e+01,2.603340e+01,2.598696e+01,2.594049e+01,2.587408e+01,2.592057e+01,2.585415e+01,2.584085e+01,2.581427e+01,2.572782e+01,2.579433e+01,2.572782e+01,2.568124e+01,2.563464e+01,2.566793e+01,2.556137e+01,2.560134e+01,2.544137e+01,2.534126e+01,2.547471e+01,2.522768e+01,2.510060e+01,2.518088e+01,2.528782e+01,2.509391e+01,2.511399e+01,2.522100e+01,2.514075e+01,2.520763e+01,2.534126e+01,2.525442e+01,2.518757e+01,2.519426e+01,2.520763e+01,2.522100e+01,2.522768e+01,2.487952e+01,2.488622e+01,2.482585e+01,2.492645e+01,2.477887e+01,2.463780e+01,2.465124e+01,2.459746e+01,2.441573e+01,2.440900e+01,2.411215e+01,2.409864e+01,2.377380e+01,2.377380e+01,2.376702e+01,2.430790e+01,2.430790e+01,2.437531e+01,2.434161e+01,2.439552e+01,2.448981e+01,2.438205e+01,2.450327e+01,2.436857e+01,2.436183e+01,2.436857e+01,2.453019e+01,2.452346e+01,2.455710e+01,2.438205e+01,2.455038e+01,2.444268e+01,2.443594e+01,2.442921e+01,2.443594e+01,2.448981e+01,2.456383e+01,2.444268e+01,2.451000e+01,2.446288e+01,2.455710e+01,2.449654e+01,2.450327e+01,2.450327e+01,2.444268e+01,2.453019e+01,2.448981e+01,2.459073e+01,2.454365e+01,2.442921e+01,2.450327e+01,2.451000e+01,2.450327e+01,2.435509e+01,2.459746e+01,2.457728e+01,2.444941e+01,2.455038e+01,2.448981e+01,2.459073e+01,2.458401e+01,2.457056e+01,2.436183e+01,2.434161e+01,2.453692e+01,2.465796e+01,2.438205e+01,2.440226e+01,2.442921e+01,2.459746e+01,2.459073e+01,2.448308e+01,2.473187e+01,2.461763e+01,2.451000e+01,2.465796e+01,2.456383e+01,2.462436e+01,2.453019e+01,2.456383e+01,2.454365e+01,2.455038e+01,2.455038e+01,2.453692e+01,2.454365e+01,2.457728e+01,2.447635e+01,2.450327e+01,2.461763e+01,2.461091e+01,2.451673e+01,2.461763e+01,2.457056e+01,2.457056e+01,2.452346e+01,2.448308e+01,2.455710e+01,2.457056e+01,2.459073e+01,2.447635e+01,2.459073e+01,2.461091e+01,2.442247e+01,2.459073e+01,2.458401e+01,2.443594e+01,2.458401e+01,2.459073e+01,2.458401e+01,2.463108e+01,2.459073e+01,2.465796e+01,2.447635e+01,2.460419e+01,2.456383e+01,2.458401e+01,2.460419e+01,2.459746e+01
2.449654e+01,2.446961e+01,2.448981e+01,2.461091e+01,2.454365e+01,2.451000e+01,2.449654e+01,2.448308e+01,2.451000e+01,2.451000e+01,2.449654e+01,2.446961e+01,2.453019e+01,2.454365e+01,2.451673e+01,2.451000e+01,2.454365e+01,2.458401e+01,2.456383e+01,2.448308e+01,2.445614e+01,2.458401e+01,2.455710e+01,2.447635e+01,2.466469e+01,2.456383e+01,2.446288e+01,2.454365e+01,2.460419e+01,2.447635e+01,2.453692e+01,2.456383e+01,2.444941e+01,2.449654e+01,2.448981e+01,2.444941e+01,2.442921e+01,2.447635e+01,2.444268e+01,2.447635e+01,2.441573e+01,2.451000e+01,2.451000e+01,2.450327e+01,2.446288e+01,2.448981e+01,2.451673e+01,2.444268e+01,2.438878e+01,2.442247e+01,2.440900e+01,2.440900e+01,2.442921e+01,2.440226e+01,2.440900e+01,2.447635e+01,2.442921e+01,2.441573e+01,2.440900e+01,2.419994e+01,2.435509e+01,2.438878e+01,2.438205e+01,2.438205e+01,2.448981e+01,2.437531e+01,2.444268e+01,2.433487e+01,2.433487e+01,2.430115e+01,2.426068e+01,2.430790e+01,2.435509e+01,2.419994e+01,2.420670e+01,2.433487e+01,2.415268e+01,2.411891e+01,2.386865e+01,2.393634e+01,2.423369e+01,2.425393e+01,2.447635e+01,2.432138e+01,2.425393e+01,2.426743e+01,2.422694e+01,2.434835e+01,2.443594e+01,2.444941e+01,2.448308e+01,2.448981e+01,2.436183e+01,2.443594e+01,2.436857e+01,2.431464e+01,2.442247e+01,2.442247e+01,2.438878e+01,2.438878e+01,2.430115e+01,2.441573e+01,2.440226e+01,2.436857e+01,2.436183e+01,2.436857e+01,2.437531e+01,2.435509e+01,2.446288e+01,2.441573e+01,2.439552e+01,2.444268e+01,2.444268e+01,2.446961e+01,2.438878e+01,2.444941e+01,2.448308e+01,2.443594e+01,2.453019e+01,2.444268e+01,2.451000e+01,2.431464e+01,2.449654e+01,2.454365e+01,2.446288e+01,2.454365e+01,2.445614e+01,2.452346e+01,2.437531e+01,2.451000e+01,2.449654e+01,2.447635e+01,2.448981e+01,2.446961e+01,2.456383e+01,2.462436e+01,2.450327e+01,2.449654e+01,2.452346e+01,2.444941e+01,2.461091e+01,2.461763e+01,2.461763e+01,2.465124e+01,2.459073e+01,2.457728e+01,2.457056e+01,2.457056e+01,2.453019e+01,2.454365e+01,2.453692e+01,2.455038e+01,2.463108e+01,2.462436e+01,2.453019e+01,2.459073e+01,2.451000e+01,2.465124e+01,2.455710e+01,2.457728e+01,2.459746e+01,2.451000e+01,2.453692e+01,2.461763e+01,2.453692e+01,2.464452e+01,2.456383e+01,2.459073e+01,2.463780e+01,2.463108e+01,2.455038e+01,2.461091e+01,2.451000e+01,2.448981e+01,2.461763e+01,2.446288e+01,2.463108e+01,2.458401e+01,2.458401e+01,2.453692e+01,2.446288e+01,2.459073e+01,2.459746e+01,2.457728e+01,2.453019e+01,2.448981e+01,2.455038e+01,2.450327e+01,2.448981e+01,2.448308e+01,2.457056e+01,2.452346e+01,2.443594e+01,2.454365e+01,2.456383e+01,2.453692e+01,2.451673e+01,2.446288e+01,2.446288e+01,2.440900e+01,2.441573e+01,2.444268e+01,2.451673e+01,2.444941e+01,2.442247e+01,2.442921e+01,2.449654e+01,2.440900e+01,2.436857e+01,2.438205e+01,2.450327e+01,2.434161e+01,2.440900e+01,2.444268e+01,2.440900e+01,2.449654e+01,2.431464e+01,2.450327e+01,2.451000e+01,2.442921e+01,2.440900e+01,2.441573e+01,2.440900e+01,2.436183e+01,2.428766e+01,2.438205e+01,2.426743e+01,2.439552e+01,2.440900e+01,2.442247e+01,2.432138e+01,2.436857e+01,2.437531e+01,2.436183e+01,2.435509e+01,2.431464e+01,2.441573e+01,2.448308e+01,2.444941e+01,2.435509e+01,2.432138e+01,2.447635e+01,2.445614e+01,2.432138e+01,2.443594e+01,2.444268e+01,2.445614e+01,2.436857e+01,2.441573e+01,2.438878e+01,2.437531e+01,2.439552e+01,2.436857e+01,2.442921e+01,2.438878e+01,2.447635e+01,2.437531e+01,2.432812e+01,2.436857e+01,2.439552e+01,2.434161e+01,2.435509e+01,2.444268e+01,2.435509e+01,2.436857e+01,2.444941e+01,2.445614e+01,2.442921e+01,2.437531e+01,2.440226e+01,2.440900e+01,2.432138e+01,2.434161e+01,2.431464e+01,2.429441e+01,2.431464e+01,2.428766e+01,2.431464e+01,2.429441e+01,2.430790e+01,2.431464e+01,2.426743e+01,2.427417e+01,2.426743e+01,2.426068e+01,2.420670e+01,2.412566e+01,2.422694e+01,2.409864e+01,2.397018e+01,2.404457e+01,2.398371e+01,2.397694e+01,2.398371e+01,2.425393e+01,2.427417e+01,2.501357e+01,2.550805e+01,2.534126e+01,2.436183e+01,2.372634e+01,2.366529e+01,2.357704e+01,2.348192e+01,2.401752e+01,2.369242e+01,2.360420e+01,2.361099e+01,2.369921e+01,2.407837e+01,2.497337e+01,2.506044e+01,2.465796e+01,2.401076e+01,2.406485e+01,2.403781e+01,2.403781e+01,2.413917e+01,2.415943e+01,2.417969e+01,2.382801e+01,2.383478e+01,2.373312e+01,2.419319e+01,2.432812e+01,2.446288e+01,2.432812e+01,2.398371e+01,2.394311e+01,2.390250e+01,2.385510e+01,2.365850e+01,2.363814e+01,2.371277e+01,2.365850e+01,2.380768e+01,2.379413e+01,2.397018e+01,2.389573e+01,2.375346e+01,2.385510e+01,2.382801e+01,2.400400e+01,2.409188e+01,2.411891e+01,2.409864e+01,2.403105e+01,2.385510e+01,2.394988e+01,2.395664e+01,2.388219e+01,2.363136e+01,2.403781e+01,2.405133e+01,2.426068e+01,2.425393e+01,2.428766e+01,2.422694e+01,2.413242e+01,2.416619e+01,2.420670e+01,2.422019e+01,2.414593e+01,2.415268e+01,2.410540e+01,2.399723e+01,2.385510e+01,2.366529e+01,2.371956e+01,2.348872e+01,2.361778e+01,2.337311e+01,2.335269e+01,2.338672e+01,2.338672e+01,2.364493e+01,2.365850e+01,2.352949e+01,2.387542e+01,2.411215e+01,2.388896e+01,2.360420e+01,2.362457e+01,2.357704e+01,2.334589e+01,2.354987e+01,2.399723e+01,2.424044e+01,2.421344e+01,2.426068e+01,2.436857e+01,2.438205e+01,2.432812e+01,2.440226e+01,2.435509e+01,2.441573e+01,2.435509e+01,2.438205e+01,2.445614e+01,2.439552e+01,2.441573e+01,2.434161e+01,2.434161e+01,2.440226e+01,2.436857e+01,2.440900e+01,2.433487e+01,2.449654e+01,2.451673e+01,2.451000e+01,2.429441e+01,2.450327e+01,2.443594e+01,2.448981e+01,2.449654e+01,2.453692e+01,2.451000e+01,2.432812e+01,2.447635e+01,2.452346e+01,2.437531e+01,2.451673e+01,2.436857e+01,2.449654e+01,2.434835e+01,2.436857e+01,2.443594e+01,2.432138e+01,2.442247e+01,2.432812e+01,2.434835e+01,2.444268e+01,2.443594e+01,2.444268e+01,2.442921e+01,2.438878e+01,2.439552e+01,2.442921e+01,2.438205e+01,2.440226e+01,2.438205e+01,2.428766e+01,2.430115e+01,2.434835e+01,2.451000e+01,2.488622e+01,2.503366e+01,2.527446e+01,2.528782e+01,2.562132e+01,2.569455e+01,2.596041e+01,2.604004e+01,2.609309e+01,2.623884e+01,2.603340e+01,2.608646e+01,2.627855e+01,2.596041e+01,2.592057e+01,2.579433e+01,2.558136e+01,2.542802e+01,2.576773e+01,2.591393e+01,2.594049e+01,2.600686e+01,2.594713e+01,2.598696e+01,2.598696e+01,2.599359e+01,2.620573e+01,2.619911e+01,2.615936e+01,2.617924e+01,2.617261e+01,2.607319e+01,2.616599e+01,2.606656e+01,2.604667e+01,2.592721e+01,2.584085e+01,2.588072e+01,2.584085e+01,2.596041e+01,2.583421e+01,2.604667e+01,2.593385e+01,2.582092e+01,2.597368e+01,2.597368e+01,2.583421e+01,2.581427e+01,2.568790e+01,2.580762e+01,2.575443e+01,2.572117e+01,2.579433e+01,2.572782e+01,2.571451e+01,2.564130e+01,2.549472e+01,2.543469e+01,2.544137e+01,2.527446e+01,2.530119e+01,2.531454e+01,2.514744e+01,2.512068e+01,2.510730e+01,2.510730e+01,2.526110e+01,2.502026e+01,2.507383e+01,2.514744e+01,2.523437e+01,2.524773e+01,2.516082e+01,2.518088e+01,2.523437e+01,2.512068e+01,2.491305e+01,2.485269e+01,2.485269e+01,2.479230e+01,2.473187e+01,2.457056e+01,2.463108e+01,2.461763e+01,2.455710e+01,2.438878e+01,2.415943e+01,2.415943e+01,2.406485e+01,2.375346e+01,2.376024e+01,2.399723e+01,2.426068e+01,2.422019e+01,2.442921e+01,2.431464e+01,2.426743e+01,2.441573e+01,2.439552e+01,2.452346e+01,2.435509e+01,2.444268e+01,2.438878e+01,2.439552e+01,2.438878e+01,2.440226e+01,2.442921e+01,2.444268e+01,2.446288e+01,2.448981e+01,2.452346e+01,2.447635e+01,2.448308e+01,2.436857e+01,2.453692e+01,2.455038e+01,2.448308e+01,2.451673e+01,2.451000e+01,2.441573e+01,2.440900e+01,2.457728e+01,2.448308e+01,2.453692e+01,2.451000e+01,2.455038e+01,2.447635e+01,2.451673e+01,2.453692e+01,2.454365e+01,2.444941e+01,2.458401e+01,2.453019e+01,2.450327e+01,2.447635e+01,2.457728e+01,2.455038e+01,2.457056e+01,2.456383e+01,2.461763e+01,2.451000e+01,2.466469e+01,2.455038e+01,2.461091e+01,2.455710e+01,2.446961e+01,2.457056e+01,2.465124e+01,2.454365e+01,2.442921e+01,2.446288e+01,2.448308e+01,2.445614e+01,2.453692e+01,2.459073e+01,2.450327e+01,2.451673e+01,2.453692e+01,2.454365e+01,2.457056e+01,2.447635e+01,2.459073e+01,2.457056e+01,2.457728e+01,2.459073e+01,2.458401e+01,2.461763e+01,2.455710e+01,2.458401e+01,2.457056e+01,2.453692e+01,2.455038e+01,2.442921e+01,2.459746e+01,2.439552e+01,2.455710e+01,2.456383e+01,2.450327e+01,2.460419e+01,2.456383e+01,2.432812e+01,2.457056e+01,2.459073e+01,2.456383e+01,2.459746e+01,2.455710e+01,2.463108e+01,2.461091e+01,2.461763e+01,2.461763e+01,2.444941e+01,2.457056e+01,2.462436e+01,2.457728e+01,2.460419e+01
2.449654e+01,2.448308e+01,2.442247e+01,2.449654e+01,2.446288e+01,2.455038e+01,2.455038e+01,2.452346e+01,2.444268e+01,2.453019e+01,2.458401e+01,2.448981e+01,2.447635e+01,2.449654e+01,2.449654e+01,2.447635e+01,2.446288e+01,2.448981e+01,2.457056e+01,2.446288e+01,2.443594e+01,2.458401e+01,2.454365e+01,2.460419e+01,2.455710e+01,2.453692e+01,2.448981e+01,2.454365e+01,2.443594e+01,2.453692e+01,2.456383e+01,2.459746e+01,2.461091e+01,2.455038e+01,2.437531e+01,2.448308e+01,2.445614e+01,2.448981e+01,2.448308e+01,2.444941e+01,2.444268e+01,2.463780e+01,2.444268e+01,2.449654e+01,2.453019e+01,2.446288e+01,2.434835e+01,2.434161e+01,2.445614e+01,2.440900e+01,2.443594e+01,2.440900e+01,2.444268e+01,2.441573e+01,2.445614e+01,2.436857e+01,2.444941e+01,2.444268e+01,2.462436e+01,2.439552e+01,2.437531e+01,2.439552e+01,2.440900e+01,2.442921e+01,2.442247e+01,2.439552e+01,2.442921e+01,2.433487e+01,2.433487e+01,2.432812e+01,2.426743e+01,2.428766e+01,2.432812e+01,2.427417e+01,2.406485e+01,2.419994e+01,2.425393e+01,2.420670e+01,2.408512e+01,2.390250e+01,2.388219e+01,2.418644e+01,2.432812e+01,2.436183e+01,2.433487e+01,2.422694e+01,2.444941e+01,2.440226e+01,2.430790e+01,2.438878e+01,2.436183e+01,2.435509e+01,2.446288e+01,2.433487e+01,2.434835e+01,2.433487e+01,2.428766e+01,2.441573e+01,2.433487e+01,2.436857e+01,2.444941e+01,2.430115e+01,2.440226e+01,2.438205e+01,2.437531e+01,2.435509e+01,2.440226e+01,2.433487e+01,2.437531e+01,2.440226e+01,2.442247e+01,2.448981e+01,2.440900e+01,2.442247e+01,2.440900e+01,2.441573e+01,2.453019e+01,2.450327e+01,2.440900e+01,2.451673e+01,2.441573e+01,2.450327e+01,2.449654e+01,2.446961e+01,2.444268e+01,2.444941e+01,2.450327e+01,2.449654e+01,2.449654e+01,2.448981e+01,2.452346e+01,2.457056e+01,2.447635e+01,2.459746e+01,2.451673e+01,2.448981e+01,2.453019e+01,2.452346e+01,2.444941e+01,2.451673e+01,2.451673e+01,2.467813e+01,2.453692e+01,2.462436e+01,2.467141e+01,2.454365e+01,2.465124e+01,2.458401e+01,2.453019e+01,2.458401e+01,2.451673e+01,2.463780e+01,2.451673e+01,2.465124e+01,2.452346e+01,2.451673e+01,2.459073e+01,2.459746e+01,2.455710e+01,2.455710e+01,2.459746e+01,2.459746e+01,2.458401e+01,2.469828e+01,2.462436e+01,2.451673e+01,2.461091e+01,2.458401e+01,2.452346e+01,2.463780e+01,2.458401e+01,2.460419e+01,2.455038e+01,2.453019e+01,2.457728e+01,2.463108e+01,2.458401e+01,2.461763e+01,2.440226e+01,2.454365e+01,2.445614e+01,2.463108e+01,2.461091e+01,2.457728e+01,2.456383e+01,2.450327e+01,2.452346e+01,2.450327e+01,2.446961e+01,2.448308e+01,2.449654e+01,2.444941e+01,2.438205e+01,2.434835e+01,2.441573e+01,2.447635e+01,2.453019e+01,2.448308e+01,2.446288e+01,2.442921e+01,2.446288e+01,2.444268e+01,2.445614e+01,2.446288e+01,2.450327e+01,2.438878e+01,2.448308e+01,2.452346e+01,2.442921e+01,2.441573e+01,2.457728e+01,2.444268e+01,2.440226e+01,2.434835e+01,2.436183e+01,2.439552e+01,2.444268e+01,2.442247e+01,2.432812e+01,2.436183e+01,2.434835e+01,2.441573e+01,2.425393e+01,2.430115e+01,2.428092e+01,2.439552e+01,2.425393e+01,2.441573e+01,2.441573e+01,2.434835e+01,2.442921e+01,2.440900e+01,2.437531e+01,2.439552e+01,2.434161e+01,2.435509e+01,2.431464e+01,2.443594e+01,2.442921e+01,2.443594e+01,2.442247e+01,2.436857e+01,2.443594e+01,2.438205e+01,2.429441e+01,2.433487e+01,2.436857e+01,2.413917e+01,2.444268e+01,2.431464e+01,2.432812e+01,2.436857e+01,2.438878e+01,2.437531e+01,2.424044e+01,2.450327e+01,2.431464e+01,2.430790e+01,2.437531e+01,2.439552e+01,2.440900e+01,2.442247e+01,2.443594e+01,2.430115e+01,2.445614e+01,2.443594e+01,2.446288e+01,2.444941e+01,2.443594e+01,2.443594e+01,2.440226e+01,2.435509e+01,2.428766e+01,2.437531e+01,2.430115e+01,2.428092e+01,2.427417e+01,2.435509e+01,2.427417e+01,2.424044e+01,2.428092e+01,2.433487e+01,2.432138e+01,2.425393e+01,2.426068e+01,2.424044e+01,2.424044e+01,2.431464e+01,2.386187e+01,2.389573e+01,2.377380e+01,2.387542e+01,2.394311e+01,2.397018e+01,2.422019e+01,2.498007e+01,2.549472e+01,2.534126e+01,2.430115e+01,2.388896e+01,2.351590e+01,2.355667e+01,2.359741e+01,2.352949e+01,2.352949e+01,2.347513e+01,2.327780e+01,2.349552e+01,2.369921e+01,2.367207e+01,2.390250e+01,2.384833e+01,2.365850e+01,2.364493e+01,2.360420e+01,2.354308e+01,2.365850e+01,2.403105e+01,2.405133e+01,2.382123e+01,2.406485e+01,2.405133e+01,2.398371e+01,2.420670e+01,2.407161e+01,2.418644e+01,2.397018e+01,2.406485e+01,2.379413e+01,2.372634e+01,2.367207e+01,2.361778e+01,2.386865e+01,2.386187e+01,2.389573e+01,2.390250e+01,2.410540e+01,2.409864e+01,2.425393e+01,2.417294e+01,2.409188e+01,2.426068e+01,2.426743e+01,2.425393e+01,2.423369e+01,2.411215e+01,2.407161e+01,2.405133e+01,2.386187e+01,2.384833e+01,2.361778e+01,2.390250e+01,2.417969e+01,2.424044e+01,2.427417e+01,2.426068e+01,2.409188e+01,2.422019e+01,2.415943e+01,2.404457e+01,2.411215e+01,2.410540e+01,2.419994e+01,2.414593e+01,2.380768e+01,2.369242e+01,2.361099e+01,2.335950e+01,2.341393e+01,2.342073e+01,2.335950e+01,2.336630e+01,2.335269e+01,2.337991e+01,2.364493e+01,2.380768e+01,2.343433e+01,2.348872e+01,2.388219e+01,2.389573e+01,2.411891e+01,2.415943e+01,2.388219e+01,2.378057e+01,2.356346e+01,2.373990e+01,2.396341e+01,2.426743e+01,2.427417e+01,2.432812e+01,2.438878e+01,2.444268e+01,2.436183e+01,2.440226e+01,2.442247e+01,2.438878e+01,2.439552e+01,2.452346e+01,2.439552e+01,2.442247e+01,2.434835e+01,2.438205e+01,2.449654e+01,2.438878e+01,2.445614e+01,2.446961e+01,2.437531e+01,2.444268e+01,2.444268e+01,2.448981e+01,2.448981e+01,2.441573e+01,2.441573e+01,2.444268e+01,2.439552e+01,2.433487e+01,2.436183e+01,2.453019e+01,2.437531e+01,2.446961e+01,2.436857e+01,2.444268e+01,2.436857e+01,2.436857e+01,2.436857e+01,2.441573e+01,2.452346e+01,2.446288e+01,2.446288e+01,2.438878e+01,2.444268e+01,2.432138e+01,2.434835e+01,2.446288e+01,2.440226e+01,2.436857e+01,2.440900e+01,2.441573e+01,2.439552e+01,2.436183e+01,2.437531e+01,2.426068e+01,2.425393e+01,2.432138e+01,2.455038e+01,2.477887e+01,2.518757e+01,2.522100e+01,2.550139e+01,2.570786e+01,2.574778e+01,2.600023e+01,2.616599e+01,2.623222e+01,2.625870e+01,2.623884e+01,2.626532e+01,2.629841e+01,2.628517e+01,2.631826e+01,2.630502e+01,2.619248e+01,2.603340e+01,2.609309e+01,2.627194e+01,2.625208e+01,2.627855e+01,2.628517e+01,2.633810e+01,2.619911e+01,2.618586e+01,2.620573e+01,2.622560e+01,2.615274e+01,2.617924e+01,2.617261e+01,2.610634e+01,2.615936e+01,2.604004e+01,2.611297e+01,2.586743e+01,2.590065e+01,2.580762e+01,2.582092e+01,2.584750e+01,2.580762e+01,2.583421e+01,2.579433e+01,2.596041e+01,2.588072e+01,2.596041e+01,2.592721e+01,2.570121e+01,2.579433e+01,2.579433e+01,2.574778e+01,2.572117e+01,2.569455e+01,2.551472e+01,2.572117e+01,2.564130e+01,2.546805e+01,2.544137e+01,2.535461e+01,2.513406e+01,2.516082e+01,2.518088e+01,2.498677e+01,2.494656e+01,2.487952e+01,2.508052e+01,2.508722e+01,2.504705e+01,2.505375e+01,2.499347e+01,2.501357e+01,2.522768e+01,2.514075e+01,2.518757e+01,2.495997e+01,2.489964e+01,2.483927e+01,2.484598e+01,2.471172e+01,2.471172e+01,2.490634e+01,2.472515e+01,2.464452e+01,2.467141e+01,2.457056e+01,2.442921e+01,2.418644e+01,2.422694e+01,2.400400e+01,2.382801e+01,2.394311e+01,2.396341e+01,2.434835e+01,2.431464e+01,2.436183e+01,2.436183e+01,2.436183e+01,2.437531e+01,2.438205e+01,2.447635e+01,2.438205e+01,2.436857e+01,2.436857e+01,2.436183e+01,2.442921e+01,2.442921e+01,2.442247e+01,2.449654e+01,2.443594e+01,2.443594e+01,2.453692e+01,2.455710e+01,2.449654e+01,2.449654e+01,2.448308e+01,2.455710e+01,2.454365e+01,2.457056e+01,2.453019e+01,2.446288e+01,2.446961e+01,2.456383e+01,2.442921e+01,2.453019e+01,2.453692e+01,2.453019e+01,2.451000e+01,2.457056e+01,2.451673e+01,2.444268e+01,2.457728e+01,2.457056e+01,2.458401e+01,2.453692e+01,2.446961e+01,2.453019e+01,2.457056e+01,2.444941e+01,2.459746e+01,2.461091e+01,2.446288e+01,2.455038e+01,2.448981e+01,2.457056e+01,2.454365e+01,2.444268e+01,2.447635e+01,2.444941e+01,2.453019e+01,2.455710e+01,2.447635e+01,2.453019e+01,2.468484e+01,2.449654e+01,2.455038e+01,2.447635e+01,2.450327e+01,2.453692e+01,2.452346e+01,2.453019e+01,2.455710e+01,2.442921e+01,2.457056e+01,2.458401e+01,2.459073e+01,2.429441e+01,2.445614e+01,2.448308e+01,2.459073e+01,2.457728e+01,2.455710e+01,2.455710e+01,2.456383e+01,2.465124e+01,2.451673e+01,2.446288e+01,2.451673e+01,2.461763e+01,2.461091e+01,2.453692e+01,2.448308e+01,2.442921e+01,2.453019e+01,2.463780e+01,2.459746e+01,2.455038e+01,2.453019e+01,2.442921e+01,2.463780e+01,2.452346e+01,2.453692e+01,2.459073e+01,2.449654e+01,2.462436e+01,2.465796e+01
2.448308e+01,2.454365e+01,2.449654e+01,2.451000e+01,2.448308e+01,2.455038e+01,2.454365e+01,2.451000e+01,2.454365e+01,2.448308e+01,2.448308e+01,2.455038e+01,2.460419e+01,2.451000e+01,2.452346e+01,2.451673e+01,2.454365e+01,2.453692e+01,2.472515e+01,2.445614e+01,2.445614e+01,2.448981e+01,2.444941e+01,2.442921e+01,2.457056e+01,2.442921e+01,2.448981e+01,2.455710e+01,2.444268e+01,2.462436e+01,2.440226e+01,2.461091e+01,2.443594e+01,2.457728e+01,2.448981e+01,2.444268e+01,2.449654e+01,2.453019e+01,2.451673e+01,2.446288e+01,2.448308e+01,2.451673e+01,2.442921e+01,2.445614e+01,2.452346e+01,2.451000e+01,2.447635e+01,2.453019e+01,2.430790e+01,2.438205e+01,2.462436e+01,2.439552e+01,2.442247e+01,2.442921e+01,2.444941e+01,2.445614e+01,2.440900e+01,2.444268e+01,2.446288e+01,2.438205e+01,2.438878e+01,2.441573e+01,2.439552e+01,2.440900e+01,2.439552e+01,2.444268e+01,2.436183e+01,2.435509e+01,2.432138e+01,2.432812e+01,2.428092e+01,2.426068e+01,2.426743e+01,2.417969e+01,2.420670e+01,2.420670e+01,2.419319e+01,2.411215e+01,2.405809e+01,2.392958e+01,2.390927e+01,2.397694e+01,2.448981e+01,2.436857e+01,2.431464e+01,2.434161e+01,2.424719e+01,2.434161e+01,2.423369e+01,2.433487e+01,2.437531e+01,2.445614e+01,2.430790e+01,2.433487e+01,2.434161e+01,2.444268e+01,2.437531e+01,2.435509e+01,2.442921e+01,2.435509e+01,2.438205e+01,2.439552e+01,2.439552e+01,2.434835e+01,2.436857e+01,2.441573e+01,2.442921e+01,2.443594e+01,2.438205e+01,2.437531e+01,2.436857e+01,2.441573e+01,2.441573e+01,2.440900e+01,2.432138e+01,2.445614e+01,2.440226e+01,2.437531e+01,2.453019e+01,2.454365e+01,2.440900e+01,2.451673e+01,2.447635e+01,2.437531e+01,2.451673e+01,2.444268e+01,2.452346e+01,2.448308e+01,2.447635e+01,2.446961e+01,2.448981e+01,2.440226e+01,2.448308e+01,2.455038e+01,2.449654e+01,2.448308e+01,2.444268e+01,2.457728e+01,2.455038e+01,2.457056e+01,2.456383e+01,2.449654e+01,2.446961e+01,2.446288e+01,2.441573e+01,2.454365e+01,2.457056e+01,2.455710e+01,2.457056e+01,2.469828e+01,2.458401e+01,2.466469e+01,2.462436e+01,2.457728e+01,2.453019e+01,2.454365e+01,2.451673e+01,2.468484e+01,2.455038e+01,2.468484e+01,2.461763e+01,2.455710e+01,2.456383e+01,2.457728e+01,2.445614e+01,2.461763e+01,2.453019e+01,2.452346e+01,2.456383e+01,2.461091e+01,2.459073e+01,2.456383e+01,2.455038e+01,2.465796e+01,2.452346e+01,2.463108e+01,2.455038e+01,2.462436e+01,2.465796e+01,2.467141e+01,2.460419e+01,2.464452e+01,2.457728e+01,2.453692e+01,2.452346e+01,2.452346e+01,2.458401e+01,2.450327e+01,2.446961e+01,2.455038e+01,2.453692e+01,2.444941e+01,2.469156e+01,2.442921e+01,2.444941e+01,2.442921e+01,2.446288e+01,2.446288e+01,2.441573e+01,2.442247e+01,2.446961e+01,2.446288e+01,2.443594e+01,2.451673e+01,2.455038e+01,2.442247e+01,2.443594e+01,2.442921e+01,2.438878e+01,2.444268e+01,2.432812e+01,2.442921e+01,2.442921e+01,2.441573e+01,2.450327e+01,2.438205e+01,2.447635e+01,2.448308e+01,2.448981e+01,2.440900e+01,2.432812e+01,2.440226e+01,2.442921e+01,2.435509e+01,2.438205e+01,2.431464e+01,2.438205e+01,2.441573e+01,2.424719e+01,2.440900e+01,2.438878e+01,2.401752e+01,2.445614e+01,2.438878e+01,2.434835e+01,2.440226e+01,2.432812e+01,2.441573e+01,2.439552e+01,2.437531e+01,2.438878e+01,2.440900e+01,2.442921e+01,2.432138e+01,2.439552e+01,2.436183e+01,2.422694e+01,2.442921e+01,2.409188e+01,2.438878e+01,2.434835e+01,2.428766e+01,2.431464e+01,2.434161e+01,2.436183e+01,2.432138e+01,2.430115e+01,2.447635e+01,2.431464e+01,2.442247e+01,2.437531e+01,2.443594e+01,2.445614e+01,2.442921e+01,2.446961e+01,2.444941e+01,2.446288e+01,2.434835e+01,2.443594e+01,2.435509e+01,2.439552e+01,2.442247e+01,2.437531e+01,2.433487e+01,2.438205e+01,2.432812e+01,2.428092e+01,2.434835e+01,2.439552e+01,2.427417e+01,2.428092e+01,2.435509e+01,2.428092e+01,2.431464e+01,2.427417e+01,2.427417e+01,2.417294e+01,2.419994e+01,2.431464e+01,2.386187e+01,2.379413e+01,2.371956e+01,2.376024e+01,2.396341e+01,2.471844e+01,2.526110e+01,2.485940e+01,2.410540e+01,2.376024e+01,2.355667e+01,2.351590e+01,2.352270e+01,2.367207e+01,2.353629e+01,2.330504e+01,2.320967e+01,2.332547e+01,2.350911e+01,2.346153e+01,2.347513e+01,2.340032e+01,2.363136e+01,2.346833e+01,2.360420e+01,2.350911e+01,2.357704e+01,2.361099e+01,2.366529e+01,2.366529e+01,2.415268e+01,2.472515e+01,2.506044e+01,2.471844e+01,2.449654e+01,2.450327e+01,2.417969e+01,2.414593e+01,2.383478e+01,2.369242e+01,2.359741e+01,2.360420e+01,2.362457e+01,2.384155e+01,2.389573e+01,2.388896e+01,2.407837e+01,2.438878e+01,2.437531e+01,2.423369e+01,2.425393e+01,2.419319e+01,2.408512e+01,2.407161e+01,2.384833e+01,2.417969e+01,2.405133e+01,2.411891e+01,2.388219e+01,2.388219e+01,2.386865e+01,2.385510e+01,2.394988e+01,2.430790e+01,2.448308e+01,2.426068e+01,2.428092e+01,2.451000e+01,2.407837e+01,2.411891e+01,2.414593e+01,2.418644e+01,2.408512e+01,2.411891e+01,2.380768e+01,2.335950e+01,2.348192e+01,2.340713e+01,2.336630e+01,2.330504e+01,2.340713e+01,2.335950e+01,2.339352e+01,2.337991e+01,2.340032e+01,2.337991e+01,2.340713e+01,2.343433e+01,2.342073e+01,2.354987e+01,2.389573e+01,2.410540e+01,2.426743e+01,2.411891e+01,2.412566e+01,2.415943e+01,2.398371e+01,2.398371e+01,2.434835e+01,2.425393e+01,2.433487e+01,2.441573e+01,2.438205e+01,2.434835e+01,2.446961e+01,2.445614e+01,2.438205e+01,2.443594e+01,2.442921e+01,2.438205e+01,2.440226e+01,2.451673e+01,2.438205e+01,2.442921e+01,2.437531e+01,2.446288e+01,2.439552e+01,2.446288e+01,2.443594e+01,2.429441e+01,2.432812e+01,2.430115e+01,2.439552e+01,2.446288e+01,2.446961e+01,2.436183e+01,2.438878e+01,2.436183e+01,2.437531e+01,2.446961e+01,2.436183e+01,2.450327e+01,2.437531e+01,2.437531e+01,2.443594e+01,2.444941e+01,2.439552e+01,2.444941e+01,2.433487e+01,2.437531e+01,2.431464e+01,2.432138e+01,2.434161e+01,2.439552e+01,2.438878e+01,2.436183e+01,2.441573e+01,2.440226e+01,2.433487e+01,2.430115e+01,2.440226e+01,2.440900e+01,2.437531e+01,2.427417e+01,2.434161e+01,2.448981e+01,2.479230e+01,2.517419e+01,2.542802e+01,2.558802e+01,2.586743e+01,2.604004e+01,2.622560e+01,2.627194e+01,2.621898e+01,2.646370e+01,2.646370e+01,2.646370e+01,2.646370e+01,2.648352e+01,2.641744e+01,2.631826e+01,2.646370e+01,2.638439e+01,2.632487e+01,2.623884e+01,2.627855e+01,2.637117e+01,2.633810e+01,2.625208e+01,2.622560e+01,2.622560e+01,2.617924e+01,2.611297e+01,2.613948e+01,2.612623e+01,2.625870e+01,2.612623e+01,2.609309e+01,2.613948e+01,2.594713e+01,2.595377e+01,2.576108e+01,2.584750e+01,2.582092e+01,2.580762e+01,2.572782e+01,2.585415e+01,2.584085e+01,2.574778e+01,2.578768e+01,2.582092e+01,2.582756e+01,2.583421e+01,2.574113e+01,2.578768e+01,2.563464e+01,2.579433e+01,2.571451e+01,2.546805e+01,2.551472e+01,2.548805e+01,2.551472e+01,2.537464e+01,2.533458e+01,2.518757e+01,2.511399e+01,2.507383e+01,2.495997e+01,2.492645e+01,2.501357e+01,2.494656e+01,2.497337e+01,2.498677e+01,2.488622e+01,2.495997e+01,2.491975e+01,2.502026e+01,2.509391e+01,2.513406e+01,2.487952e+01,2.489293e+01,2.486610e+01,2.477216e+01,2.483927e+01,2.466469e+01,2.473858e+01,2.470500e+01,2.471172e+01,2.455710e+01,2.448981e+01,2.442247e+01,2.434161e+01,2.432138e+01,2.406485e+01,2.381446e+01,2.378057e+01,2.388896e+01,2.418644e+01,2.434835e+01,2.438878e+01,2.426068e+01,2.437531e+01,2.444268e+01,2.432812e+01,2.426743e+01,2.448981e+01,2.451673e+01,2.452346e+01,2.439552e+01,2.443594e+01,2.439552e+01,2.453692e+01,2.422019e+01,2.440226e+01,2.440900e+01,2.440900e+01,2.461763e+01,2.431464e+01,2.447635e+01,2.458401e+01,2.444941e+01,2.446288e+01,2.457728e+01,2.452346e+01,2.451000e+01,2.449654e+01,2.451673e+01,2.447635e+01,2.454365e+01,2.449654e+01,2.450327e+01,2.468484e+01,2.449654e+01,2.453019e+01,2.453019e+01,2.446961e+01,2.457728e+01,2.454365e+01,2.453692e+01,2.439552e+01,2.452346e+01,2.447635e+01,2.455710e+01,2.452346e+01,2.455710e+01,2.447635e+01,2.455038e+01,2.445614e+01,2.449654e+01,2.441573e+01,2.456383e+01,2.447635e+01,2.450327e+01,2.451000e+01,2.453692e+01,2.453692e+01,2.449654e+01,2.457056e+01,2.456383e+01,2.454365e+01,2.438205e+01,2.457056e+01,2.453019e+01,2.456383e+01,2.459746e+01,2.452346e+01,2.455710e+01,2.456383e+01,2.450327e+01,2.453019e+01,2.460419e+01,2.449654e+01,2.459073e+01,2.471172e+01,2.464452e+01,2.461091e+01,2.454365e+01,2.464452e+01,2.451673e+01,2.450327e+01,2.470500e+01,2.455710e+01,2.457728e+01,2.458401e+01,2.435509e+01,2.457056e+01,2.452346e+01,2.459073e+01,2.455710e+01,2.440226e+01,2.440226e+01,2.461091e+01,2.457056e+01,2.443594e+01,2.446961e+01,2.455710e+01,2.457056e+01,2.453019e+01,2.447635e+01,2.471844e+01
2.446961e+01,2.446288e+01,2.440226e+01,2.453019e+01,2.457728e+01,2.453692e+01,2.451000e+01,2.448981e+01,2.448308e+01,2.457728e+01,2.448308e+01,2.451673e+01,2.448981e+01,2.444941e+01,2.444941e+01,2.442921e+01,2.446288e+01,2.442921e+01,2.446961e+01,2.455710e+01,2.445614e+01,2.444941e+01,2.442921e+01,2.443594e+01,2.451673e+01,2.450327e+01,2.454365e+01,2.457056e+01,2.446961e+01,2.456383e+01,2.450327e+01,2.444268e+01,2.457056e+01,2.455710e+01,2.440226e+01,2.453019e+01,2.451673e+01,2.447635e+01,2.453019e+01,2.445614e+01,2.446961e+01,2.442921e+01,2.444268e+01,2.438205e+01,2.412566e+01,2.448308e+01,2.448308e+01,2.443594e+01,2.440226e+01,2.442247e+01,2.443594e+01,2.461763e+01,2.440900e+01,2.446961e+01,2.442921e+01,2.434161e+01,2.439552e+01,2.444268e+01,2.442247e+01,2.439552e+01,2.438878e+01,2.440900e+01,2.440226e+01,2.437531e+01,2.432138e+01,2.440226e+01,2.417969e+01,2.413242e+01,2.427417e+01,2.430115e+01,2.435509e+01,2.425393e+01,2.425393e+01,2.419994e+01,2.415943e+01,2.422694e+01,2.422694e+01,2.422019e+01,2.409188e+01,2.400400e+01,2.390250e+01,2.405809e+01,2.436857e+01,2.436183e+01,2.431464e+01,2.426068e+01,2.431464e+01,2.426743e+01,2.423369e+01,2.422694e+01,2.426068e+01,2.430115e+01,2.436857e+01,2.430115e+01,2.433487e+01,2.431464e+01,2.434161e+01,2.442247e+01,2.428766e+01,2.434835e+01,2.437531e+01,2.442247e+01,2.447635e+01,2.434835e+01,2.442921e+01,2.438878e+01,2.434835e+01,2.440226e+01,2.434161e+01,2.442921e+01,2.439552e+01,2.437531e+01,2.444268e+01,2.431464e+01,2.431464e+01,2.440900e+01,2.439552e+01,2.441573e+01,2.440226e+01,2.439552e+01,2.432812e+01,2.443594e+01,2.440900e+01,2.434161e+01,2.437531e+01,2.441573e+01,2.452346e+01,2.448981e+01,2.449654e+01,2.445614e+01,2.447635e+01,2.444268e+01,2.450327e+01,2.450327e+01,2.442921e+01,2.441573e+01,2.455710e+01,2.445614e+01,2.439552e+01,2.460419e+01,2.443594e+01,2.466469e+01,2.446961e+01,2.448308e+01,2.447635e+01,2.442247e+01,2.453019e+01,2.454365e+01,2.452346e+01,2.448981e+01,2.453692e+01,2.451000e+01,2.448981e+01,2.449654e+01,2.458401e+01,2.457728e+01,2.456383e+01,2.459073e+01,2.442247e+01,2.461763e+01,2.459073e+01,2.463780e+01,2.457056e+01,2.458401e+01,2.455038e+01,2.455038e+01,2.459746e+01,2.461091e+01,2.460419e+01,2.457056e+01,2.459073e+01,2.455038e+01,2.451673e+01,2.456383e+01,2.455038e+01,2.457728e+01,2.464452e+01,2.442247e+01,2.459746e+01,2.460419e+01,2.457728e+01,2.464452e+01,2.458401e+01,2.448308e+01,2.453692e+01,2.454365e+01,2.447635e+01,2.448308e+01,2.448981e+01,2.447635e+01,2.448981e+01,2.435509e+01,2.457056e+01,2.468484e+01,2.443594e+01,2.442247e+01,2.435509e+01,2.446288e+01,2.444268e+01,2.441573e+01,2.442921e+01,2.437531e+01,2.443594e+01,2.452346e+01,2.448308e+01,2.446288e+01,2.441573e+01,2.442921e+01,2.438878e+01,2.438878e+01,2.455038e+01,2.448308e+01,2.438878e+01,2.442247e+01,2.442921e+01,2.436183e+01,2.449654e+01,2.440900e+01,2.434161e+01,2.442921e+01,2.429441e+01,2.444268e+01,2.433487e+01,2.444268e+01,2.446961e+01,2.433487e+01,2.433487e+01,2.437531e+01,2.437531e+01,2.440900e+01,2.438878e+01,2.439552e+01,2.434835e+01,2.434835e+01,2.439552e+01,2.439552e+01,2.440900e+01,2.432138e+01,2.443594e+01,2.435509e+01,2.432138e+01,2.436857e+01,2.430790e+01,2.426743e+01,2.440226e+01,2.444268e+01,2.444268e+01,2.432812e+01,2.434835e+01,2.436183e+01,2.435509e+01,2.442247e+01,2.435509e+01,2.431464e+01,2.429441e+01,2.453019e+01,2.444268e+01,2.430790e+01,2.430115e+01,2.438878e+01,2.446961e+01,2.444268e+01,2.426068e+01,2.428092e+01,2.426068e+01,2.443594e+01,2.439552e+01,2.436183e+01,2.436857e+01,2.436857e+01,2.437531e+01,2.436857e+01,2.430115e+01,2.428092e+01,2.428092e+01,2.432138e+01,2.433487e+01,2.426068e+01,2.409864e+01,2.428092e+01,2.417969e+01,2.424044e+01,2.428092e+01,2.422694e+01,2.424044e+01,2.427417e+01,2.415268e+01,2.420670e+01,2.413242e+01,2.399047e+01,2.365172e+01,2.366529e+01,2.378057e+01,2.420670e+01,2.419994e+01,2.396341e+01,2.391604e+01,2.384155e+01,2.364493e+01,2.368564e+01,2.333228e+01,2.333908e+01,2.331185e+01,2.321649e+01,2.319604e+01,2.341393e+01,2.336630e+01,2.343433e+01,2.339352e+01,2.337311e+01,2.336630e+01,2.352270e+01,2.353629e+01,2.326418e+01,2.325737e+01,2.355667e+01,2.353629e+01,2.357704e+01,2.365172e+01,2.421344e+01,2.523437e+01,2.528115e+01,2.528115e+01,2.560134e+01,2.527446e+01,2.454365e+01,2.390927e+01,2.367207e+01,2.357025e+01,2.341393e+01,2.365172e+01,2.367207e+01,2.374668e+01,2.393634e+01,2.394988e+01,2.407837e+01,2.489964e+01,2.489293e+01,2.426743e+01,2.412566e+01,2.389573e+01,2.380091e+01,2.383478e+01,2.385510e+01,2.404457e+01,2.405809e+01,2.407161e+01,2.405809e+01,2.402428e+01,2.413242e+01,2.421344e+01,2.435509e+01,2.459746e+01,2.460419e+01,2.448981e+01,2.461763e+01,2.426743e+01,2.417969e+01,2.407837e+01,2.407161e+01,2.403781e+01,2.384155e+01,2.373312e+01,2.366529e+01,2.363136e+01,2.335269e+01,2.344113e+01,2.327780e+01,2.334589e+01,2.337311e+01,2.334589e+01,2.339352e+01,2.337991e+01,2.339352e+01,2.341393e+01,2.341393e+01,2.345473e+01,2.342753e+01,2.376702e+01,2.382123e+01,2.364493e+01,2.411215e+01,2.381446e+01,2.401076e+01,2.385510e+01,2.417969e+01,2.420670e+01,2.424044e+01,2.431464e+01,2.430115e+01,2.429441e+01,2.440900e+01,2.434835e+01,2.431464e+01,2.439552e+01,2.442921e+01,2.438205e+01,2.436183e+01,2.418644e+01,2.441573e+01,2.440226e+01,2.436857e+01,2.434161e+01,2.442247e+01,2.440226e+01,2.442921e+01,2.431464e+01,2.441573e+01,2.437531e+01,2.442921e+01,2.438205e+01,2.434161e+01,2.442921e+01,2.441573e+01,2.440226e+01,2.438205e+01,2.438878e+01,2.438205e+01,2.440900e+01,2.448308e+01,2.440900e+01,2.436857e+01,2.440900e+01,2.437531e+01,2.431464e+01,2.440226e+01,2.432138e+01,2.429441e+01,2.430115e+01,2.431464e+01,2.428092e+01,2.441573e+01,2.442921e+01,2.439552e+01,2.434161e+01,2.438878e+01,2.434835e+01,2.433487e+01,2.434161e+01,2.428092e+01,2.442247e+01,2.438878e+01,2.434835e+01,2.432812e+01,2.449654e+01,2.480572e+01,2.525442e+01,2.546138e+01,2.552805e+01,2.592721e+01,2.595377e+01,2.617924e+01,2.619911e+01,2.641744e+01,2.622560e+01,2.649673e+01,2.647691e+01,2.648352e+01,2.647031e+01,2.645709e+01,2.645049e+01,2.645049e+01,2.635794e+01,2.637778e+01,2.634472e+01,2.637117e+01,2.635794e+01,2.639100e+01,2.629841e+01,2.618586e+01,2.623884e+01,2.622560e+01,2.611960e+01,2.608646e+01,2.609309e+01,2.618586e+01,2.612623e+01,2.600686e+01,2.606656e+01,2.606656e+01,2.604667e+01,2.584085e+01,2.584085e+01,2.580762e+01,2.571451e+01,2.556804e+01,2.560800e+01,2.572117e+01,2.559468e+01,2.573447e+01,2.568124e+01,2.574113e+01,2.568124e+01,2.594713e+01,2.578103e+01,2.570121e+01,2.557470e+01,2.562798e+01,2.549472e+01,2.546138e+01,2.542135e+01,2.529451e+01,2.524773e+01,2.502696e+01,2.490634e+01,2.487952e+01,2.502696e+01,2.485940e+01,2.488622e+01,2.505375e+01,2.489964e+01,2.494656e+01,2.491305e+01,2.495326e+01,2.512068e+01,2.493986e+01,2.500017e+01,2.503366e+01,2.483927e+01,2.483927e+01,2.481914e+01,2.485269e+01,2.457728e+01,2.466469e+01,2.461091e+01,2.469828e+01,2.477216e+01,2.442921e+01,2.452346e+01,2.436857e+01,2.431464e+01,2.434835e+01,2.421344e+01,2.411215e+01,2.394988e+01,2.392958e+01,2.351590e+01,2.419994e+01,2.435509e+01,2.432138e+01,2.440900e+01,2.438878e+01,2.428092e+01,2.426068e+01,2.432812e+01,2.430115e+01,2.434835e+01,2.431464e+01,2.438205e+01,2.440226e+01,2.438205e+01,2.399047e+01,2.380768e+01,2.412566e+01,2.409864e+01,2.438878e+01,2.434161e+01,2.442921e+01,2.448981e+01,2.439552e+01,2.446961e+01,2.454365e+01,2.451673e+01,2.444268e+01,2.442921e+01,2.456383e+01,2.435509e+01,2.444268e+01,2.449654e+01,2.448308e+01,2.448308e+01,2.452346e+01,2.446961e+01,2.452346e+01,2.444268e+01,2.451673e+01,2.451000e+01,2.450327e+01,2.452346e+01,2.436183e+01,2.451000e+01,2.448981e+01,2.446961e+01,2.448981e+01,2.450327e+01,2.452346e+01,2.450327e+01,2.450327e+01,2.459073e+01,2.437531e+01,2.451673e+01,2.443594e+01,2.444941e+01,2.445614e+01,2.448308e+01,2.451000e+01,2.451673e+01,2.455710e+01,2.456383e+01,2.462436e+01,2.450327e+01,2.444268e+01,2.459746e+01,2.453692e+01,2.457728e+01,2.446288e+01,2.444941e+01,2.456383e+01,2.452346e+01,2.457056e+01,2.459073e+01,2.455038e+01,2.450327e+01,2.463780e+01,2.467141e+01,2.471172e+01,2.441573e+01,2.457056e+01,2.461763e+01,2.453019e+01,2.451000e+01,2.455710e+01,2.451673e+01,2.452346e+01,2.452346e+01,2.444941e+01,2.454365e+01,2.445614e+01,2.446288e+01,2.449654e+01,2.440226e+01,2.448308e+01,2.456383e+01,2.449654e+01,2.448308e+01,2.452346e+01,2.445614e+01,2.459073e+01,2.457728e+01,2.465796e+01
2.451000e+01,2.451000e+01,2.454365e+01,2.456383e+01,2.442921e+01,2.453019e+01,2.447635e+01,2.449654e+01,2.454365e+01,2.460419e+01,2.446961e+01,2.461091e+01,2.457728e+01,2.441573e+01,2.452346e+01,2.446961e+01,2.457728e+01,2.451000e+01,2.442247e+01,2.473187e+01,2.440900e+01,2.453019e+01,2.463780e+01,2.446961e+01,2.454365e+01,2.451000e+01,2.448981e+01,2.448308e+01,2.445614e+01,2.455710e+01,2.438878e+01,2.451673e+01,2.446288e+01,2.453692e+01,2.454365e+01,2.454365e+01,2.453019e+01,2.460419e+01,2.454365e+01,2.450327e+01,2.443594e+01,2.448308e+01,2.442921e+01,2.446961e+01,2.441573e+01,2.442247e+01,2.446288e+01,2.444941e+01,2.445614e+01,2.441573e+01,2.446961e+01,2.446961e+01,2.442921e+01,2.446288e+01,2.445614e+01,2.453692e+01,2.448981e+01,2.444941e+01,2.442921e+01,2.444941e+01,2.450327e+01,2.439552e+01,2.444941e+01,2.439552e+01,2.442247e+01,2.440226e+01,2.440900e+01,2.439552e+01,2.426068e+01,2.427417e+01,2.432138e+01,2.444941e+01,2.428092e+01,2.430115e+01,2.421344e+01,2.430790e+01,2.422694e+01,2.424044e+01,2.422019e+01,2.397018e+01,2.402428e+01,2.405809e+01,2.432138e+01,2.440900e+01,2.438205e+01,2.426743e+01,2.434835e+01,2.426743e+01,2.431464e+01,2.423369e+01,2.439552e+01,2.436183e+01,2.437531e+01,2.432812e+01,2.441573e+01,2.436857e+01,2.431464e+01,2.433487e+01,2.436857e+01,2.436857e+01,2.434835e+01,2.432138e+01,2.438205e+01,2.446961e+01,2.441573e+01,2.441573e+01,2.434161e+01,2.458401e+01,2.434161e+01,2.437531e+01,2.431464e+01,2.448981e+01,2.447635e+01,2.438205e+01,2.445614e+01,2.446961e+01,2.465124e+01,2.447635e+01,2.457056e+01,2.450327e+01,2.444268e+01,2.451000e+01,2.448981e+01,2.453692e+01,2.448308e+01,2.446961e+01,2.451000e+01,2.450327e+01,2.447635e+01,2.449654e+01,2.440226e+01,2.448308e+01,2.450327e+01,2.451673e+01,2.449654e+01,2.453692e+01,2.450327e+01,2.453692e+01,2.462436e+01,2.465796e+01,2.447635e+01,2.455710e+01,2.444268e+01,2.447635e+01,2.465796e+01,2.458401e+01,2.455710e+01,2.460419e+01,2.468484e+01,2.468484e+01,2.461763e+01,2.453692e+01,2.455710e+01,2.462436e+01,2.467813e+01,2.459746e+01,2.476544e+01,2.456383e+01,2.457728e+01,2.455038e+01,2.455038e+01,2.469828e+01,2.461091e+01,2.455710e+01,2.454365e+01,2.451673e+01,2.452346e+01,2.457056e+01,2.458401e+01,2.460419e+01,2.456383e+01,2.460419e+01,2.453692e+01,2.458401e+01,2.462436e+01,2.457056e+01,2.465796e+01,2.449654e+01,2.461763e+01,2.450327e+01,2.461091e+01,2.454365e+01,2.453692e+01,2.455038e+01,2.457056e+01,2.451673e+01,2.451673e+01,2.449654e+01,2.455038e+01,2.444268e+01,2.448981e+01,2.454365e+01,2.441573e+01,2.446288e+01,2.450327e+01,2.450327e+01,2.446961e+01,2.444941e+01,2.441573e+01,2.448308e+01,2.434161e+01,2.455038e+01,2.451673e+01,2.453692e+01,2.448981e+01,2.446288e+01,2.440900e+01,2.461091e+01,2.436857e+01,2.442921e+01,2.443594e+01,2.442921e+01,2.452346e+01,2.434835e+01,2.435509e+01,2.451673e+01,2.437531e+01,2.443594e+01,2.434835e+01,2.434835e+01,2.432812e+01,2.434835e+01,2.436183e+01,2.437531e+01,2.441573e+01,2.444941e+01,2.435509e+01,2.441573e+01,2.440226e+01,2.446961e+01,2.446961e+01,2.444941e+01,2.433487e+01,2.432812e+01,2.429441e+01,2.434161e+01,2.442247e+01,2.441573e+01,2.439552e+01,2.437531e+01,2.443594e+01,2.432138e+01,2.436183e+01,2.437531e+01,2.450327e+01,2.440226e+01,2.434835e+01,2.440226e+01,2.446288e+01,2.430790e+01,2.430115e+01,2.440226e+01,2.436857e+01,2.431464e+01,2.451673e+01,2.438878e+01,2.438878e+01,2.434161e+01,2.435509e+01,2.444268e+01,2.427417e+01,2.426743e+01,2.446961e+01,2.442921e+01,2.442247e+01,2.436183e+01,2.435509e+01,2.429441e+01,2.438205e+01,2.433487e+01,2.457056e+01,2.434835e+01,2.436183e+01,2.434161e+01,2.428766e+01,2.431464e+01,2.430115e+01,2.430115e+01,2.426068e+01,2.423369e+01,2.430115e+01,2.428092e+01,2.429441e+01,2.422694e+01,2.424719e+01,2.422694e+01,2.420670e+01,2.424044e+01,2.412566e+01,2.386187e+01,2.379413e+01,2.361099e+01,2.348192e+01,2.343433e+01,2.349552e+01,2.347513e+01,2.389573e+01,2.382801e+01,2.366529e+01,2.323693e+01,2.342073e+01,2.318923e+01,2.324374e+01,2.310739e+01,2.317559e+01,2.317559e+01,2.317559e+01,2.329823e+01,2.318923e+01,2.334589e+01,2.339352e+01,2.328461e+01,2.335950e+01,2.329142e+01,2.346153e+01,2.354308e+01,2.352949e+01,2.355667e+01,2.382123e+01,2.405133e+01,2.438205e+01,2.436183e+01,2.473187e+01,2.451673e+01,2.424044e+01,2.404457e+01,2.389573e+01,2.350231e+01,2.323012e+01,2.321649e+01,2.357025e+01,2.359062e+01,2.380091e+01,2.387542e+01,2.381446e+01,2.361099e+01,2.401076e+01,2.426068e+01,2.401076e+01,2.386865e+01,2.380768e+01,2.378735e+01,2.360420e+01,2.360420e+01,2.362457e+01,2.403781e+01,2.413242e+01,2.411215e+01,2.407161e+01,2.413917e+01,2.445614e+01,2.442921e+01,2.451673e+01,2.463108e+01,2.443594e+01,2.446288e+01,2.426068e+01,2.405133e+01,2.367886e+01,2.367886e+01,2.367207e+01,2.354987e+01,2.367207e+01,2.359062e+01,2.336630e+01,2.333228e+01,2.338672e+01,2.337991e+01,2.332547e+01,2.340713e+01,2.341393e+01,2.361778e+01,2.346833e+01,2.365850e+01,2.374668e+01,2.375346e+01,2.375346e+01,2.392281e+01,2.416619e+01,2.408512e+01,2.367207e+01,2.384833e+01,2.373312e+01,2.399047e+01,2.414593e+01,2.417294e+01,2.431464e+01,2.428092e+01,2.432812e+01,2.436183e+01,2.434161e+01,2.432812e+01,2.443594e+01,2.434161e+01,2.435509e+01,2.434161e+01,2.432812e+01,2.436857e+01,2.434161e+01,2.442921e+01,2.446961e+01,2.443594e+01,2.442921e+01,2.440900e+01,2.441573e+01,2.440900e+01,2.440226e+01,2.434835e+01,2.449654e+01,2.438205e+01,2.442247e+01,2.440900e+01,2.446961e+01,2.442247e+01,2.440226e+01,2.436857e+01,2.442921e+01,2.439552e+01,2.438878e+01,2.438205e+01,2.438878e+01,2.437531e+01,2.436857e+01,2.435509e+01,2.431464e+01,2.439552e+01,2.438878e+01,2.434161e+01,2.436857e+01,2.435509e+01,2.435509e+01,2.438205e+01,2.439552e+01,2.442921e+01,2.443594e+01,2.430115e+01,2.438878e+01,2.446288e+01,2.430115e+01,2.440226e+01,2.438205e+01,2.434835e+01,2.420670e+01,2.431464e+01,2.442921e+01,2.482585e+01,2.522100e+01,2.545471e+01,2.565462e+01,2.585415e+01,2.615936e+01,2.623884e+01,2.629841e+01,2.644388e+01,2.647691e+01,2.658255e+01,2.647691e+01,2.660895e+01,2.645709e+01,2.646370e+01,2.643727e+01,2.649012e+01,2.639100e+01,2.656275e+01,2.646370e+01,2.633149e+01,2.634472e+01,2.633810e+01,2.619248e+01,2.629841e+01,2.618586e+01,2.611297e+01,2.603340e+01,2.598032e+01,2.622560e+01,2.607982e+01,2.607319e+01,2.609971e+01,2.611297e+01,2.600686e+01,2.607319e+01,2.585415e+01,2.580097e+01,2.577438e+01,2.570786e+01,2.578768e+01,2.564796e+01,2.550805e+01,2.562798e+01,2.568124e+01,2.580097e+01,2.582756e+01,2.564130e+01,2.564130e+01,2.568790e+01,2.574113e+01,2.576773e+01,2.561466e+01,2.553472e+01,2.535461e+01,2.536796e+01,2.532122e+01,2.530119e+01,2.511399e+01,2.512068e+01,2.491975e+01,2.489293e+01,2.483256e+01,2.492645e+01,2.493316e+01,2.493316e+01,2.511399e+01,2.497337e+01,2.509391e+01,2.493316e+01,2.481243e+01,2.492645e+01,2.495326e+01,2.490634e+01,2.491975e+01,2.473187e+01,2.477887e+01,2.467813e+01,2.471844e+01,2.471172e+01,2.458401e+01,2.449654e+01,2.449654e+01,2.446961e+01,2.444941e+01,2.437531e+01,2.432812e+01,2.438205e+01,2.430115e+01,2.435509e+01,2.419319e+01,2.419319e+01,2.421344e+01,2.420670e+01,2.439552e+01,2.422694e+01,2.446288e+01,2.425393e+01,2.417969e+01,2.425393e+01,2.417294e+01,2.450327e+01,2.447635e+01,2.433487e+01,2.403105e+01,2.377380e+01,2.363136e+01,2.361099e+01,2.348872e+01,2.386865e+01,2.417294e+01,2.426743e+01,2.446961e+01,2.446288e+01,2.453019e+01,2.451000e+01,2.457728e+01,2.453692e+01,2.445614e+01,2.446288e+01,2.451000e+01,2.455038e+01,2.448308e+01,2.455038e+01,2.459746e+01,2.449654e+01,2.455038e+01,2.451000e+01,2.451000e+01,2.452346e+01,2.457728e+01,2.438878e+01,2.459073e+01,2.454365e+01,2.453019e+01,2.447635e+01,2.446961e+01,2.440226e+01,2.440226e+01,2.447635e+01,2.451000e+01,2.461091e+01,2.451673e+01,2.459073e+01,2.448981e+01,2.451000e+01,2.448981e+01,2.447635e+01,2.455038e+01,2.450327e+01,2.446961e+01,2.448981e+01,2.456383e+01,2.445614e+01,2.461091e+01,2.461763e+01,2.459073e+01,2.444941e+01,2.460419e+01,2.457056e+01,2.436857e+01,2.455710e+01,2.456383e+01,2.452346e+01,2.459746e+01,2.457728e+01,2.460419e+01,2.449654e+01,2.447635e+01,2.461091e+01,2.465796e+01,2.462436e+01,2.460419e+01,2.446288e+01,2.462436e+01,2.455038e+01,2.451000e+01,2.465124e+01,2.447635e+01,2.462436e+01,2.446961e+01,2.448308e+01,2.447635e+01,2.447635e+01,2.458401e+01,2.465124e+01,2.457728e+01,2.460419e+01,2.459073e+01,2.463108e+01,2.463108e+01,2.456383e+01,2.456383e+01,2.455710e+01,2.463780e+01
2.448308e+01,2.444941e+01,2.453692e+01,2.459746e+01,2.447635e+01,2.447635e+01,2.455710e+01,2.448308e+01,2.447635e+01,2.456383e+01,2.449654e+01,2.465796e+01,2.448308e+01,2.448308e+01,2.453019e+01,2.453019e+01,2.451000e+01,2.447635e+01,2.448981e+01,2.448308e+01,2.447635e+01,2.446288e+01,2.444941e+01,2.449654e+01,2.453019e+01,2.447635e+01,2.446961e+01,2.449654e+01,2.457056e+01,2.438878e+01,2.439552e+01,2.446288e+01,2.444268e+01,2.454365e+01,2.434835e+01,2.459073e+01,2.461763e+01,2.442247e+01,2.448981e+01,2.455038e+01,2.446961e+01,2.450327e+01,2.452346e+01,2.446961e+01,2.447635e+01,2.445614e+01,2.419319e+01,2.441573e+01,2.444268e+01,2.444268e+01,2.442247e+01,2.458401e+01,2.446288e+01,2.440226e+01,2.444268e+01,2.440226e+01,2.446288e+01,2.440226e+01,2.444268e+01,2.441573e+01,2.435509e+01,2.439552e+01,2.441573e+01,2.440900e+01,2.438205e+01,2.430790e+01,2.433487e+01,2.427417e+01,2.438878e+01,2.429441e+01,2.430115e+01,2.432812e+01,2.440900e+01,2.428766e+01,2.426068e+01,2.424044e+01,2.423369e+01,2.442247e+01,2.426068e+01,2.418644e+01,2.392958e+01,2.409188e+01,2.418644e+01,2.427417e+01,2.426743e+01,2.419319e+01,2.424719e+01,2.422694e+01,2.434835e+01,2.424044e+01,2.430790e+01,2.431464e+01,2.431464e+01,2.432812e+01,2.430115e+01,2.432138e+01,2.434161e+01,2.436183e+01,2.440226e+01,2.436183e+01,2.436857e+01,2.433487e+01,2.434835e+01,2.436857e+01,2.434161e+01,2.435509e+01,2.435509e+01,2.444941e+01,2.438205e+01,2.436183e+01,2.446288e+01,2.448981e+01,2.438205e+01,2.432812e+01,2.432138e+01,2.459073e+01,2.440226e+01,2.455710e+01,2.441573e+01,2.444268e+01,2.453692e+01,2.452346e+01,2.438878e+01,2.451673e+01,2.451673e+01,2.453019e+01,2.442921e+01,2.446961e+01,2.434835e+01,2.449654e+01,2.444941e+01,2.448308e+01,2.442247e+01,2.453019e+01,2.459073e+01,2.448981e+01,2.461091e+01,2.455038e+01,2.459746e+01,2.452346e+01,2.449654e+01,2.453692e+01,2.448981e+01,2.460419e+01,2.463780e+01,2.462436e+01,2.457728e+01,2.453019e+01,2.455710e+01,2.452346e+01,2.466469e+01,2.465796e+01,2.458401e+01,2.461763e+01,2.456383e+01,2.457728e+01,2.457728e+01,2.461091e+01,2.452346e+01,2.458401e+01,2.457728e+01,2.455710e+01,2.461091e+01,2.457056e+01,2.457056e+01,2.459746e+01,2.461091e+01,2.457056e+01,2.458401e+01,2.457056e+01,2.462436e+01,2.463108e+01,2.457728e+01,2.460419e+01,2.464452e+01,2.467141e+01,2.455710e+01,2.467813e+01,2.469828e+01,2.469828e+01,2.453019e+01,2.467141e+01,2.455038e+01,2.452346e+01,2.456383e+01,2.451000e+01,2.451673e+01,2.455038e+01,2.448981e+01,2.444268e+01,2.451000e+01,2.448981e+01,2.450327e+01,2.455710e+01,2.451673e+01,2.451673e+01,2.450327e+01,2.432138e+01,2.442247e+01,2.450327e+01,2.452346e+01,2.434835e+01,2.444941e+01,2.450327e+01,2.453692e+01,2.448308e+01,2.455710e+01,2.436857e+01,2.443594e+01,2.424044e+01,2.447635e+01,2.444268e+01,2.442247e+01,2.435509e+01,2.452346e+01,2.440900e+01,2.434161e+01,2.451673e+01,2.436183e+01,2.433487e+01,2.436857e+01,2.444941e+01,2.440900e+01,2.444941e+01,2.438878e+01,2.431464e+01,2.441573e+01,2.442921e+01,2.438878e+01,2.445614e+01,2.434835e+01,2.442247e+01,2.443594e+01,2.433487e+01,2.432138e+01,2.436183e+01,2.438878e+01,2.432138e+01,2.441573e+01,2.442921e+01,2.444268e+01,2.446288e+01,2.436857e+01,2.441573e+01,2.440226e+01,2.440900e+01,2.455038e+01,2.432812e+01,2.434835e+01,2.432138e+01,2.438205e+01,2.439552e+01,2.426068e+01,2.433487e+01,2.437531e+01,2.439552e+01,2.437531e+01,2.444268e+01,2.435509e+01,2.434835e+01,2.443594e+01,2.447635e+01,2.438878e+01,2.444268e+01,2.435509e+01,2.435509e+01,2.443594e+01,2.434161e+01,2.437531e+01,2.436857e+01,2.453692e+01,2.438878e+01,2.438205e+01,2.428766e+01,2.432138e+01,2.434161e+01,2.432812e+01,2.437531e+01,2.433487e+01,2.434835e+01,2.430790e+01,2.427417e+01,2.424044e+01,2.424044e+01,2.426068e+01,2.422019e+01,2.430115e+01,2.419319e+01,2.414593e+01,2.409188e+01,2.376024e+01,2.358383e+01,2.344113e+01,2.340032e+01,2.332547e+01,2.359062e+01,2.382801e+01,2.369242e+01,2.342753e+01,2.334589e+01,2.316877e+01,2.331866e+01,2.314832e+01,2.303915e+01,2.309375e+01,2.316195e+01,2.318241e+01,2.316877e+01,2.312104e+01,2.320967e+01,2.328461e+01,2.328461e+01,2.340032e+01,2.354987e+01,2.355667e+01,2.353629e+01,2.351590e+01,2.384155e+01,2.357025e+01,2.361778e+01,2.371956e+01,2.383478e+01,2.373312e+01,2.387542e+01,2.392958e+01,2.394988e+01,2.386187e+01,2.346153e+01,2.340713e+01,2.358383e+01,2.379413e+01,2.372634e+01,2.391604e+01,2.376702e+01,2.380091e+01,2.359062e+01,2.378735e+01,2.391604e+01,2.394311e+01,2.378057e+01,2.374668e+01,2.378057e+01,2.351590e+01,2.351590e+01,2.361778e+01,2.371277e+01,2.388219e+01,2.411215e+01,2.412566e+01,2.413917e+01,2.426743e+01,2.426743e+01,2.424719e+01,2.411215e+01,2.420670e+01,2.417969e+01,2.396341e+01,2.369242e+01,2.342073e+01,2.340032e+01,2.338672e+01,2.337311e+01,2.335950e+01,2.332547e+01,2.357704e+01,2.333228e+01,2.352949e+01,2.346153e+01,2.357704e+01,2.340713e+01,2.358383e+01,2.359741e+01,2.370599e+01,2.373312e+01,2.353629e+01,2.356346e+01,2.357025e+01,2.376024e+01,2.430790e+01,2.475201e+01,2.415943e+01,2.388219e+01,2.367207e+01,2.400400e+01,2.409864e+01,2.419319e+01,2.422694e+01,2.430115e+01,2.430790e+01,2.432138e+01,2.440226e+01,2.442921e+01,2.445614e+01,2.448308e+01,2.429441e+01,2.446961e+01,2.431464e+01,2.444941e+01,2.440900e+01,2.445614e+01,2.444941e+01,2.444941e+01,2.432138e+01,2.441573e+01,2.431464e+01,2.442247e+01,2.446288e+01,2.438878e+01,2.443594e+01,2.438205e+01,2.440900e+01,2.439552e+01,2.440226e+01,2.444941e+01,2.440900e+01,2.438878e+01,2.441573e+01,2.445614e+01,2.442247e+01,2.436857e+01,2.448308e+01,2.442247e+01,2.438205e+01,2.437531e+01,2.442247e+01,2.436857e+01,2.433487e+01,2.429441e+01,2.434161e+01,2.440900e+01,2.429441e+01,2.438205e+01,2.436857e+01,2.443594e+01,2.443594e+01,2.428766e+01,2.432812e+01,2.438205e+01,2.440226e+01,2.442921e+01,2.440226e+01,2.439552e+01,2.434835e+01,2.440900e+01,2.452346e+01,2.482585e+01,2.502696e+01,2.550139e+01,2.560800e+01,2.582092e+01,2.602677e+01,2.631164e+01,2.640422e+01,2.645709e+01,2.645709e+01,2.647031e+01,2.647031e+01,2.647691e+01,2.647691e+01,2.646370e+01,2.656275e+01,2.642405e+01,2.642405e+01,2.652975e+01,2.633810e+01,2.643066e+01,2.632487e+01,2.631826e+01,2.629841e+01,2.618586e+01,2.612623e+01,2.610634e+01,2.607982e+01,2.608646e+01,2.603340e+01,2.611960e+01,2.606656e+01,2.612623e+01,2.590729e+01,2.610634e+01,2.590729e+01,2.578768e+01,2.583421e+01,2.579433e+01,2.592721e+01,2.558802e+01,2.567459e+01,2.550139e+01,2.550139e+01,2.551472e+01,2.566127e+01,2.567459e+01,2.558136e+01,2.565462e+01,2.560134e+01,2.546805e+01,2.556137e+01,2.550139e+01,2.548805e+01,2.536796e+01,2.532122e+01,2.522100e+01,2.519426e+01,2.515413e+01,2.496667e+01,2.504705e+01,2.487281e+01,2.491975e+01,2.495997e+01,2.498677e+01,2.501357e+01,2.500017e+01,2.507383e+01,2.494656e+01,2.491975e+01,2.493986e+01,2.487281e+01,2.483256e+01,2.484598e+01,2.468484e+01,2.481243e+01,2.475873e+01,2.469828e+01,2.462436e+01,2.452346e+01,2.457728e+01,2.452346e+01,2.445614e+01,2.441573e+01,2.435509e+01,2.432812e+01,2.432812e+01,2.434835e+01,2.432138e+01,2.424719e+01,2.429441e+01,2.438878e+01,2.460419e+01,2.444941e+01,2.440900e+01,2.451673e+01,2.453692e+01,2.440900e+01,2.426743e+01,2.426743e+01,2.423369e+01,2.428766e+01,2.422694e+01,2.380091e+01,2.371277e+01,2.369242e+01,2.363814e+01,2.340713e+01,2.380768e+01,2.382123e+01,2.432138e+01,2.428092e+01,2.442921e+01,2.444941e+01,2.451673e+01,2.450327e+01,2.443594e+01,2.446961e+01,2.459746e+01,2.443594e+01,2.443594e+01,2.444268e+01,2.453692e+01,2.448981e+01,2.455710e+01,2.455038e+01,2.464452e+01,2.451673e+01,2.459746e+01,2.453019e+01,2.459073e+01,2.457056e+01,2.461763e+01,2.445614e+01,2.446288e+01,2.453692e+01,2.456383e+01,2.441573e+01,2.455038e+01,2.452346e+01,2.454365e+01,2.448308e+01,2.454365e+01,2.457056e+01,2.459746e+01,2.464452e+01,2.444268e+01,2.450327e+01,2.451000e+01,2.443594e+01,2.446961e+01,2.456383e+01,2.464452e+01,2.452346e+01,2.455038e+01,2.455038e+01,2.459746e+01,2.455710e+01,2.461091e+01,2.455038e+01,2.457056e+01,2.469156e+01,2.465796e+01,2.448981e+01,2.458401e+01,2.455038e+01,2.458401e+01,2.443594e+01,2.455710e+01,2.456383e+01,2.458401e+01,2.463108e+01,2.457728e+01,2.456383e+01,2.455710e+01,2.457056e+01,2.455038e+01,2.459073e+01,2.450327e+01,2.465796e+01,2.457728e+01,2.446961e+01,2.453692e+01,2.447635e+01,2.451673e+01,2.459073e+01,2.450327e+01,2.442921e+01,2.444268e+01,2.455038e+01,2.453692e+01,2.449654e+01,2.443594e+01,2.459073e+01,2.439552e+01
2.443594e+01,2.450327e+01,2.451000e+01,2.453019e+01,2.442921e+01,2.453019e+01,2.449654e+01,2.448308e+01,2.445614e+01,2.448308e+01,2.447635e+01,2.450327e+01,2.453692e+01,2.467813e+01,2.453692e+01,2.443594e+01,2.451000e+01,2.451000e+01,2.448981e+01,2.445614e+01,2.450327e+01,2.450327e+01,2.450327e+01,2.444268e+01,2.445614e+01,2.446288e+01,2.448308e+01,2.475873e+01,2.447635e+01,2.468484e+01,2.451000e+01,2.455710e+01,2.444941e+01,2.452346e+01,2.454365e+01,2.456383e+01,2.451673e+01,2.442921e+01,2.440900e+01,2.453692e+01,2.440226e+01,2.451000e+01,2.456383e+01,2.445614e+01,2.448981e+01,2.446288e+01,2.442921e+01,2.440900e+01,2.444268e+01,2.444268e+01,2.445614e+01,2.441573e+01,2.443594e+01,2.435509e+01,2.436183e+01,2.446961e+01,2.442921e+01,2.438205e+01,2.444941e+01,2.436183e+01,2.438878e+01,2.439552e+01,2.440226e+01,2.430790e+01,2.442921e+01,2.440900e+01,2.436857e+01,2.440226e+01,2.446288e+01,2.417969e+01,2.428092e+01,2.433487e+01,2.436183e+01,2.428092e+01,2.426068e+01,2.424044e+01,2.417294e+01,2.430790e+01,2.425393e+01,2.411215e+01,2.394988e+01,2.407837e+01,2.424044e+01,2.415268e+01,2.428766e+01,2.415943e+01,2.432138e+01,2.428092e+01,2.438878e+01,2.440226e+01,2.432138e+01,2.432138e+01,2.434835e+01,2.434835e+01,2.432138e+01,2.427417e+01,2.436857e+01,2.438878e+01,2.438878e+01,2.430790e+01,2.435509e+01,2.436857e+01,2.457728e+01,2.436183e+01,2.435509e+01,2.434835e+01,2.438878e+01,2.444268e+01,2.442247e+01,2.444268e+01,2.449654e+01,2.444268e+01,2.438878e+01,2.440226e+01,2.451673e+01,2.440900e+01,2.440900e+01,2.440900e+01,2.438205e+01,2.439552e+01,2.448308e+01,2.452346e+01,2.444941e+01,2.444941e+01,2.450327e+01,2.437531e+01,2.448981e+01,2.448981e+01,2.461091e+01,2.449654e+01,2.443594e+01,2.448308e+01,2.459746e+01,2.450327e+01,2.451000e+01,2.458401e+01,2.448981e+01,2.463108e+01,2.456383e+01,2.451673e+01,2.451000e+01,2.451673e+01,2.446288e+01,2.448981e+01,2.451673e+01,2.450327e+01,2.464452e+01,2.453019e+01,2.459746e+01,2.455710e+01,2.463780e+01,2.467141e+01,2.457728e+01,2.464452e+01,2.451673e+01,2.445614e+01,2.457056e+01,2.453019e+01,2.471172e+01,2.471172e+01,2.466469e+01,2.460419e+01,2.475201e+01,2.470500e+01,2.457056e+01,2.456383e+01,2.453019e+01,2.459073e+01,2.462436e+01,2.453692e+01,2.459746e+01,2.456383e+01,2.460419e+01,2.457056e+01,2.457056e+01,2.457056e+01,2.464452e+01,2.456383e+01,2.465796e+01,2.453692e+01,2.467141e+01,2.456383e+01,2.457728e+01,2.451000e+01,2.458401e+01,2.455710e+01,2.452346e+01,2.457728e+01,2.447635e+01,2.451000e+01,2.455038e+01,2.469828e+01,2.446288e+01,2.453019e+01,2.450327e+01,2.454365e+01,2.451000e+01,2.447635e+01,2.448308e+01,2.445614e+01,2.447635e+01,2.453692e+01,2.459746e+01,2.430115e+01,2.457056e+01,2.446288e+01,2.451673e+01,2.451673e+01,2.443594e+01,2.442921e+01,2.442921e+01,2.447635e+01,2.451673e+01,2.446288e+01,2.444941e+01,2.445614e+01,2.445614e+01,2.448308e+01,2.451000e+01,2.453692e+01,2.441573e+01,2.443594e+01,2.442247e+01,2.428766e+01,2.437531e+01,2.443594e+01,2.444268e+01,2.441573e+01,2.447635e+01,2.435509e+01,2.436183e+01,2.439552e+01,2.437531e+01,2.436183e+01,2.434835e+01,2.440226e+01,2.441573e+01,2.442921e+01,2.434161e+01,2.432138e+01,2.439552e+01,2.434161e+01,2.439552e+01,2.435509e+01,2.446288e+01,2.429441e+01,2.441573e+01,2.436183e+01,2.434835e+01,2.439552e+01,2.439552e+01,2.444941e+01,2.440900e+01,2.438205e+01,2.438878e+01,2.432138e+01,2.438205e+01,2.436183e+01,2.444268e+01,2.438878e+01,2.451000e+01,2.433487e+01,2.438205e+01,2.434161e+01,2.440900e+01,2.440226e+01,2.445614e+01,2.427417e+01,2.442921e+01,2.435509e+01,2.440900e+01,2.438205e+01,2.437531e+01,2.444268e+01,2.433487e+01,2.438205e+01,2.433487e+01,2.432138e+01,2.432812e+01,2.430790e+01,2.429441e+01,2.432812e+01,2.428092e+01,2.428092e+01,2.424719e+01,2.428766e+01,2.422019e+01,2.427417e+01,2.407161e+01,2.406485e+01,2.380091e+01,2.359062e+01,2.331185e+01,2.339352e+01,2.355667e+01,2.386865e+01,2.388219e+01,2.384833e+01,2.354308e+01,2.338672e+01,2.346153e+01,2.336630e+01,2.313468e+01,2.317559e+01,2.309375e+01,2.312786e+01,2.314832e+01,2.316195e+01,2.319604e+01,2.320286e+01,2.355667e+01,2.338672e+01,2.371277e+01,2.369921e+01,2.375346e+01,2.350231e+01,2.354308e+01,2.352949e+01,2.357025e+01,2.359062e+01,2.360420e+01,2.354987e+01,2.376702e+01,2.384833e+01,2.396341e+01,2.394988e+01,2.403105e+01,2.404457e+01,2.388896e+01,2.391604e+01,2.392958e+01,2.408512e+01,2.394988e+01,2.393634e+01,2.397694e+01,2.384155e+01,2.379413e+01,2.392958e+01,2.385510e+01,2.368564e+01,2.377380e+01,2.378735e+01,2.378057e+01,2.349552e+01,2.353629e+01,2.359062e+01,2.365172e+01,2.401752e+01,2.392281e+01,2.404457e+01,2.416619e+01,2.426743e+01,2.426068e+01,2.425393e+01,2.398371e+01,2.367207e+01,2.355667e+01,2.346833e+01,2.343433e+01,2.342753e+01,2.336630e+01,2.329823e+01,2.335269e+01,2.358383e+01,2.352270e+01,2.374668e+01,2.382123e+01,2.376024e+01,2.369921e+01,2.353629e+01,2.354987e+01,2.340032e+01,2.346833e+01,2.340032e+01,2.348872e+01,2.347513e+01,2.344113e+01,2.351590e+01,2.371277e+01,2.439552e+01,2.427417e+01,2.395664e+01,2.373990e+01,2.360420e+01,2.391604e+01,2.390927e+01,2.424044e+01,2.432138e+01,2.433487e+01,2.448308e+01,2.430790e+01,2.432812e+01,2.447635e+01,2.428092e+01,2.448981e+01,2.444268e+01,2.434835e+01,2.430790e+01,2.432812e+01,2.432138e+01,2.448981e+01,2.446288e+01,2.442921e+01,2.437531e+01,2.442247e+01,2.443594e+01,2.438205e+01,2.443594e+01,2.437531e+01,2.444941e+01,2.433487e+01,2.442247e+01,2.438205e+01,2.444268e+01,2.443594e+01,2.446288e+01,2.448308e+01,2.443594e+01,2.446288e+01,2.449654e+01,2.436183e+01,2.444941e+01,2.434835e+01,2.438878e+01,2.432138e+01,2.430790e+01,2.432138e+01,2.430790e+01,2.432138e+01,2.415268e+01,2.432812e+01,2.439552e+01,2.444268e+01,2.438205e+01,2.442921e+01,2.426743e+01,2.444941e+01,2.447635e+01,2.446288e+01,2.436857e+01,2.441573e+01,2.439552e+01,2.438878e+01,2.430790e+01,2.453692e+01,2.489964e+01,2.498677e+01,2.548138e+01,2.568790e+01,2.601350e+01,2.607982e+01,2.608646e+01,2.621235e+01,2.626532e+01,2.645709e+01,2.638439e+01,2.648352e+01,2.647691e+01,2.645709e+01,2.645709e+01,2.645049e+01,2.660895e+01,2.647691e+01,2.629841e+01,2.642405e+01,2.631826e+01,2.637778e+01,2.621898e+01,2.619911e+01,2.626532e+01,2.620573e+01,2.619248e+01,2.606656e+01,2.609309e+01,2.594713e+01,2.608646e+01,2.604667e+01,2.608646e+01,2.591393e+01,2.590729e+01,2.588736e+01,2.586743e+01,2.584750e+01,2.581427e+01,2.564130e+01,2.553472e+01,2.556804e+01,2.547471e+01,2.546805e+01,2.544137e+01,2.546138e+01,2.542135e+01,2.537464e+01,2.556137e+01,2.557470e+01,2.548138e+01,2.556137e+01,2.550805e+01,2.552805e+01,2.537464e+01,2.530787e+01,2.498677e+01,2.514744e+01,2.509391e+01,2.498007e+01,2.495326e+01,2.502696e+01,2.489964e+01,2.498677e+01,2.496667e+01,2.506713e+01,2.508722e+01,2.500017e+01,2.501357e+01,2.500687e+01,2.485269e+01,2.489964e+01,2.493986e+01,2.491305e+01,2.483256e+01,2.467813e+01,2.449654e+01,2.465796e+01,2.446961e+01,2.459073e+01,2.448308e+01,2.454365e+01,2.438878e+01,2.436183e+01,2.442921e+01,2.448308e+01,2.441573e+01,2.442247e+01,2.432812e+01,2.436183e+01,2.444268e+01,2.442921e+01,2.458401e+01,2.456383e+01,2.459073e+01,2.454365e+01,2.463780e+01,2.463780e+01,2.446961e+01,2.429441e+01,2.426068e+01,2.414593e+01,2.411891e+01,2.412566e+01,2.368564e+01,2.380091e+01,2.370599e+01,2.377380e+01,2.371277e+01,2.380091e+01,2.417294e+01,2.430790e+01,2.469828e+01,2.446961e+01,2.446961e+01,2.448308e+01,2.436857e+01,2.459073e+01,2.445614e+01,2.444268e+01,2.457728e+01,2.455710e+01,2.455038e+01,2.455038e+01,2.454365e+01,2.463780e+01,2.453692e+01,2.448981e+01,2.444941e+01,2.448981e+01,2.455038e+01,2.448981e+01,2.455038e+01,2.453692e+01,2.443594e+01,2.456383e+01,2.453019e+01,2.453019e+01,2.451673e+01,2.463780e+01,2.451000e+01,2.452346e+01,2.459073e+01,2.456383e+01,2.452346e+01,2.459073e+01,2.455710e+01,2.463780e+01,2.444941e+01,2.469828e+01,2.470500e+01,2.469828e+01,2.459746e+01,2.459746e+01,2.444941e+01,2.445614e+01,2.461091e+01,2.457728e+01,2.448981e+01,2.458401e+01,2.460419e+01,2.436183e+01,2.457056e+01,2.457056e+01,2.453019e+01,2.451000e+01,2.454365e+01,2.446961e+01,2.447635e+01,2.457728e+01,2.461091e+01,2.454365e+01,2.446961e+01,2.453692e+01,2.461091e+01,2.469828e+01,2.465124e+01,2.448981e+01,2.467813e+01,2.453019e+01,2.467813e+01,2.447635e+01,2.459746e+01,2.448308e+01,2.453019e+01,2.448981e+01,2.446961e+01,2.454365e+01,2.451000e+01,2.452346e+01,2.453019e+01,2.459073e+01,2.462436e+01,2.466469e+01,2.467141e+01
2.450327e+01,2.443594e+01,2.443594e+01,2.444941e+01,2.451673e+01,2.451673e+01,2.445614e+01,2.448981e+01,2.444941e+01,2.455710e+01,2.448308e+01,2.449654e+01,2.447635e+01,2.443594e+01,2.454365e+01,2.438878e+01,2.439552e+01,2.445614e+01,2.428766e+01,2.442921e+01,2.455710e+01,2.451000e+01,2.442247e+01,2.458401e+01,2.446961e+01,2.453019e+01,2.447635e+01,2.448981e+01,2.445614e+01,2.448308e+01,2.467813e+01,2.454365e+01,2.442247e+01,2.454365e+01,2.451000e+01,2.438205e+01,2.446961e+01,2.453019e+01,2.455710e+01,2.453692e+01,2.451000e+01,2.448981e+01,2.446961e+01,2.448308e+01,2.448308e+01,2.444941e+01,2.440900e+01,2.444941e+01,2.442921e+01,2.447635e+01,2.448981e+01,2.435509e+01,2.435509e+01,2.451000e+01,2.448308e+01,2.442247e+01,2.438205e+01,2.435509e+01,2.434835e+01,2.435509e+01,2.446288e+01,2.436183e+01,2.436857e+01,2.432138e+01,2.440226e+01,2.443594e+01,2.438205e+01,2.424044e+01,2.428092e+01,2.424044e+01,2.443594e+01,2.432138e+01,2.426068e+01,2.433487e+01,2.421344e+01,2.434835e+01,2.419994e+01,2.422694e+01,2.418644e+01,2.409864e+01,2.394311e+01,2.405809e+01,2.419994e+01,2.425393e+01,2.434835e+01,2.426743e+01,2.433487e+01,2.428092e+01,2.430790e+01,2.426743e+01,2.434161e+01,2.442247e+01,2.424719e+01,2.430790e+01,2.436183e+01,2.426068e+01,2.435509e+01,2.415943e+01,2.444268e+01,2.430790e+01,2.432138e+01,2.434161e+01,2.432138e+01,2.438878e+01,2.437531e+01,2.436857e+01,2.436857e+01,2.443594e+01,2.438205e+01,2.417969e+01,2.446288e+01,2.446961e+01,2.441573e+01,2.447635e+01,2.438878e+01,2.440900e+01,2.436857e+01,2.441573e+01,2.441573e+01,2.443594e+01,2.442921e+01,2.440900e+01,2.451000e+01,2.439552e+01,2.441573e+01,2.437531e+01,2.446961e+01,2.451673e+01,2.446288e+01,2.445614e+01,2.448981e+01,2.448308e+01,2.457728e+01,2.451673e+01,2.445614e+01,2.451673e+01,2.451000e+01,2.446961e+01,2.452346e+01,2.453019e+01,2.449654e+01,2.455038e+01,2.450327e+01,2.453692e+01,2.448981e+01,2.455038e+01,2.447635e+01,2.447635e+01,2.466469e+01,2.465124e+01,2.454365e+01,2.462436e+01,2.455038e+01,2.455710e+01,2.455710e+01,2.444941e+01,2.458401e+01,2.450327e+01,2.455710e+01,2.453019e+01,2.459746e+01,2.444941e+01,2.457056e+01,2.458401e+01,2.451000e+01,2.453692e+01,2.454365e+01,2.453692e+01,2.457728e+01,2.452346e+01,2.455710e+01,2.458401e+01,2.461091e+01,2.459746e+01,2.459073e+01,2.459746e+01,2.451673e+01,2.453692e+01,2.451673e+01,2.469156e+01,2.451000e+01,2.451000e+01,2.441573e+01,2.456383e+01,2.450327e+01,2.452346e+01,2.448981e+01,2.451000e+01,2.455710e+01,2.457056e+01,2.444268e+01,2.450327e+01,2.452346e+01,2.449654e+01,2.453692e+01,2.451000e+01,2.445614e+01,2.441573e+01,2.449654e+01,2.448308e+01,2.444941e+01,2.444941e+01,2.452346e+01,2.444268e+01,2.444941e+01,2.434835e+01,2.455038e+01,2.448981e+01,2.445614e+01,2.446961e+01,2.442921e+01,2.441573e+01,2.447635e+01,2.446961e+01,2.436857e+01,2.451000e+01,2.437531e+01,2.434835e+01,2.435509e+01,2.439552e+01,2.441573e+01,2.441573e+01,2.432812e+01,2.442247e+01,2.443594e+01,2.433487e+01,2.440900e+01,2.432138e+01,2.430790e+01,2.438205e+01,2.428092e+01,2.442921e+01,2.437531e+01,2.438205e+01,2.439552e+01,2.440226e+01,2.437531e+01,2.442921e+01,2.442921e+01,2.442921e+01,2.449654e+01,2.428092e+01,2.436857e+01,2.444941e+01,2.440900e+01,2.421344e+01,2.437531e+01,2.419994e+01,2.442921e+01,2.424044e+01,2.441573e+01,2.428766e+01,2.447635e+01,2.434835e+01,2.435509e+01,2.433487e+01,2.435509e+01,2.439552e+01,2.434835e+01,2.430115e+01,2.432138e+01,2.434835e+01,2.440900e+01,2.433487e+01,2.436857e+01,2.447635e+01,2.428766e+01,2.430790e+01,2.445614e+01,2.440226e+01,2.440900e+01,2.434835e+01,2.437531e+01,2.438205e+01,2.434835e+01,2.435509e+01,2.429441e+01,2.435509e+01,2.435509e+01,2.428092e+01,2.432138e+01,2.429441e+01,2.437531e+01,2.423369e+01,2.435509e+01,2.423369e+01,2.427417e+01,2.417969e+01,2.419994e+01,2.402428e+01,2.373990e+01,2.340713e+01,2.329142e+01,2.348192e+01,2.365172e+01,2.386865e+01,2.397018e+01,2.388896e+01,2.347513e+01,2.355667e+01,2.357704e+01,2.338672e+01,2.325056e+01,2.316195e+01,2.308693e+01,2.308010e+01,2.317559e+01,2.320967e+01,2.333908e+01,2.342753e+01,2.358383e+01,2.365172e+01,2.381446e+01,2.380768e+01,2.397694e+01,2.377380e+01,2.357025e+01,2.332547e+01,2.338672e+01,2.348192e+01,2.361778e+01,2.359741e+01,2.374668e+01,2.365172e+01,2.378735e+01,2.391604e+01,2.398371e+01,2.403781e+01,2.402428e+01,2.413242e+01,2.415943e+01,2.412566e+01,2.402428e+01,2.421344e+01,2.397694e+01,2.388219e+01,2.380091e+01,2.395664e+01,2.379413e+01,2.350231e+01,2.372634e+01,2.377380e+01,2.383478e+01,2.365172e+01,2.337311e+01,2.342753e+01,2.361778e+01,2.405133e+01,2.405809e+01,2.402428e+01,2.420670e+01,2.408512e+01,2.431464e+01,2.390927e+01,2.374668e+01,2.354308e+01,2.375346e+01,2.369242e+01,2.374668e+01,2.371277e+01,2.344113e+01,2.342073e+01,2.373312e+01,2.385510e+01,2.377380e+01,2.382801e+01,2.411215e+01,2.393634e+01,2.361778e+01,2.356346e+01,2.316877e+01,2.313468e+01,2.320286e+01,2.320967e+01,2.323693e+01,2.328461e+01,2.309375e+01,2.324374e+01,2.362457e+01,2.403105e+01,2.390927e+01,2.386187e+01,2.368564e+01,2.367886e+01,2.405133e+01,2.397694e+01,2.424044e+01,2.419994e+01,2.428092e+01,2.430115e+01,2.434161e+01,2.428766e+01,2.432812e+01,2.432812e+01,2.432812e+01,2.432138e+01,2.430790e+01,2.435509e+01,2.428092e+01,2.435509e+01,2.440900e+01,2.432812e+01,2.444941e+01,2.441573e+01,2.433487e+01,2.440226e+01,2.442921e+01,2.436183e+01,2.438878e+01,2.444941e+01,2.447635e+01,2.434161e+01,2.436857e+01,2.442921e+01,2.442247e+01,2.440226e+01,2.439552e+01,2.440226e+01,2.452346e+01,2.436857e+01,2.432138e+01,2.445614e+01,2.436183e+01,2.442247e+01,2.441573e+01,2.423369e+01,2.436857e+01,2.433487e+01,2.427417e+01,2.429441e+01,2.433487e+01,2.433487e+01,2.442921e+01,2.443594e+01,2.426068e+01,2.439552e+01,2.431464e+01,2.434161e+01,2.432812e+01,2.437531e+01,2.444268e+01,2.431464e+01,2.439552e+01,2.431464e+01,2.437531e+01,2.482585e+01,2.506044e+01,2.544804e+01,2.568790e+01,2.584750e+01,2.609309e+01,2.606656e+01,2.635133e+01,2.617924e+01,2.645709e+01,2.623884e+01,2.647031e+01,2.637117e+01,2.626532e+01,2.643727e+01,2.631826e+01,2.657595e+01,2.635794e+01,2.630502e+01,2.632487e+01,2.640422e+01,2.635133e+01,2.619248e+01,2.611297e+01,2.612623e+01,2.624546e+01,2.613286e+01,2.594713e+01,2.609971e+01,2.602013e+01,2.595377e+01,2.590729e+01,2.592721e+01,2.593385e+01,2.588072e+01,2.585415e+01,2.587408e+01,2.572782e+01,2.563464e+01,2.584085e+01,2.563464e+01,2.559468e+01,2.548805e+01,2.534126e+01,2.523437e+01,2.562798e+01,2.545471e+01,2.530787e+01,2.538131e+01,2.544804e+01,2.540801e+01,2.544804e+01,2.539466e+01,2.534793e+01,2.519426e+01,2.514744e+01,2.522768e+01,2.495326e+01,2.495326e+01,2.506044e+01,2.486610e+01,2.489964e+01,2.500017e+01,2.502026e+01,2.500687e+01,2.508052e+01,2.507383e+01,2.506044e+01,2.495326e+01,2.495326e+01,2.485940e+01,2.473858e+01,2.472515e+01,2.467813e+01,2.467141e+01,2.465796e+01,2.464452e+01,2.467141e+01,2.446961e+01,2.453692e+01,2.448308e+01,2.444941e+01,2.436183e+01,2.443594e+01,2.430790e+01,2.424719e+01,2.432138e+01,2.431464e+01,2.436183e+01,2.431464e+01,2.437531e+01,2.433487e+01,2.439552e+01,2.460419e+01,2.459746e+01,2.457728e+01,2.461091e+01,2.446288e+01,2.451673e+01,2.452346e+01,2.425393e+01,2.422694e+01,2.412566e+01,2.376024e+01,2.371277e+01,2.374668e+01,2.374668e+01,2.361778e+01,2.364493e+01,2.365172e+01,2.413917e+01,2.443594e+01,2.445614e+01,2.442921e+01,2.446288e+01,2.446288e+01,2.450327e+01,2.454365e+01,2.454365e+01,2.438205e+01,2.444941e+01,2.451000e+01,2.441573e+01,2.442921e+01,2.452346e+01,2.454365e+01,2.445614e+01,2.451673e+01,2.451000e+01,2.457728e+01,2.447635e+01,2.454365e+01,2.449654e+01,2.446961e+01,2.455038e+01,2.443594e+01,2.448981e+01,2.449654e+01,2.448981e+01,2.448308e+01,2.452346e+01,2.452346e+01,2.461091e+01,2.457056e+01,2.452346e+01,2.461091e+01,2.459746e+01,2.441573e+01,2.461091e+01,2.451673e+01,2.448981e+01,2.447635e+01,2.447635e+01,2.444268e+01,2.446288e+01,2.459073e+01,2.460419e+01,2.459746e+01,2.456383e+01,2.455710e+01,2.456383e+01,2.455038e+01,2.465796e+01,2.446961e+01,2.455710e+01,2.461763e+01,2.448981e+01,2.446961e+01,2.451673e+01,2.455038e+01,2.461091e+01,2.459073e+01,2.457056e+01,2.459073e+01,2.445614e+01,2.465124e+01,2.454365e+01,2.451000e+01,2.456383e+01,2.449654e+01,2.448981e+01,2.454365e+01,2.455710e+01,2.443594e+01,2.450327e+01,2.449654e+01,2.443594e+01,2.449654e+01,2.452346e+01,2.455038e+01,2.446961e+01,2.453019e+01,2.457728e+01,2.440226e+01,2.460419e+01
2.444941e+01,2.450327e+01,2.442921e+01,2.448308e+01,2.450327e+01,2.458401e+01,2.445614e+01,2.442921e+01,2.446288e+01,2.463108e+01,2.448981e+01,2.448981e+01,2.460419e+01,2.440226e+01,2.444941e+01,2.442921e+01,2.446961e+01,2.446288e+01,2.447635e+01,2.441573e+01,2.455710e+01,2.439552e+01,2.446961e+01,2.452346e+01,2.452346e+01,2.444941e+01,2.446288e+01,2.440900e+01,2.446961e+01,2.450327e+01,2.446288e+01,2.452346e+01,2.460419e+01,2.446961e+01,2.453019e+01,2.438878e+01,2.435509e+01,2.450327e+01,2.442247e+01,2.448981e+01,2.450327e+01,2.449654e+01,2.451000e+01,2.448308e+01,2.440900e+01,2.459746e+01,2.444941e+01,2.440900e+01,2.441573e+01,2.442247e+01,2.437531e+01,2.443594e+01,2.443594e+01,2.437531e+01,2.436183e+01,2.451000e+01,2.438878e+01,2.433487e+01,2.440226e+01,2.441573e+01,2.441573e+01,2.434835e+01,2.430790e+01,2.446288e+01,2.454365e+01,2.438878e+01,2.432138e+01,2.434835e+01,2.432138e+01,2.436857e+01,2.430790e+01,2.437531e+01,2.422019e+01,2.432812e+01,2.422694e+01,2.432812e+01,2.430115e+01,2.419319e+01,2.422019e+01,2.424044e+01,2.409188e+01,2.396341e+01,2.403105e+01,2.420670e+01,2.432812e+01,2.433487e+01,2.426743e+01,2.427417e+01,2.433487e+01,2.428092e+01,2.428092e+01,2.430115e+01,2.434161e+01,2.426743e+01,2.426068e+01,2.436857e+01,2.434835e+01,2.435509e+01,2.436857e+01,2.435509e+01,2.434835e+01,2.435509e+01,2.439552e+01,2.435509e+01,2.440226e+01,2.442921e+01,2.437531e+01,2.428766e+01,2.438205e+01,2.440226e+01,2.439552e+01,2.443594e+01,2.440226e+01,2.431464e+01,2.438205e+01,2.428766e+01,2.440226e+01,2.445614e+01,2.440900e+01,2.438878e+01,2.443594e+01,2.442247e+01,2.445614e+01,2.451000e+01,2.448981e+01,2.434161e+01,2.451673e+01,2.451000e+01,2.449654e+01,2.448308e+01,2.446288e+01,2.444941e+01,2.446961e+01,2.448981e+01,2.454365e+01,2.443594e+01,2.444268e+01,2.451000e+01,2.443594e+01,2.453692e+01,2.459073e+01,2.458401e+01,2.454365e+01,2.454365e+01,2.453019e+01,2.451673e+01,2.449654e+01,2.458401e+01,2.440900e+01,2.457728e+01,2.452346e+01,2.459073e+01,2.461091e+01,2.446961e+01,2.459073e+01,2.457056e+01,2.453692e+01,2.454365e+01,2.461091e+01,2.461763e+01,2.453019e+01,2.473858e+01,2.449654e+01,2.457056e+01,2.457056e+01,2.459073e+01,2.453692e+01,2.457056e+01,2.458401e+01,2.455710e+01,2.459073e+01,2.456383e+01,2.455038e+01,2.461763e+01,2.457728e+01,2.460419e+01,2.453692e+01,2.444941e+01,2.450327e+01,2.454365e+01,2.451673e+01,2.464452e+01,2.451673e+01,2.451000e+01,2.452346e+01,2.449654e+01,2.453692e+01,2.458401e+01,2.457728e+01,2.458401e+01,2.447635e+01,2.452346e+01,2.448981e+01,2.453692e+01,2.452346e+01,2.432138e+01,2.455038e+01,2.446961e+01,2.444268e+01,2.446961e+01,2.453019e+01,2.448308e+01,2.453019e+01,2.456383e+01,2.449654e+01,2.430790e+01,2.442921e+01,2.448308e+01,2.452346e+01,2.446961e+01,2.447635e+01,2.445614e+01,2.439552e+01,2.444268e+01,2.444941e+01,2.441573e+01,2.445614e+01,2.451000e+01,2.440226e+01,2.440226e+01,2.432812e+01,2.442921e+01,2.440900e+01,2.442921e+01,2.443594e+01,2.430115e+01,2.433487e+01,2.437531e+01,2.440226e+01,2.440226e+01,2.440226e+01,2.435509e+01,2.439552e+01,2.435509e+01,2.434161e+01,2.441573e+01,2.439552e+01,2.443594e+01,2.428092e+01,2.436857e+01,2.448308e+01,2.433487e+01,2.436183e+01,2.424719e+01,2.429441e+01,2.436857e+01,2.430790e+01,2.435509e+01,2.440226e+01,2.443594e+01,2.436857e+01,2.432812e+01,2.434161e+01,2.431464e+01,2.432138e+01,2.436857e+01,2.434161e+01,2.441573e+01,2.435509e+01,2.436183e+01,2.437531e+01,2.436183e+01,2.438205e+01,2.435509e+01,2.434161e+01,2.438205e+01,2.428766e+01,2.443594e+01,2.438878e+01,2.436183e+01,2.436183e+01,2.437531e+01,2.438205e+01,2.434835e+01,2.440226e+01,2.437531e+01,2.424719e+01,2.434161e+01,2.432138e+01,2.434161e+01,2.436857e+01,2.436857e+01,2.431464e+01,2.415268e+01,2.434161e+01,2.413242e+01,2.422694e+01,2.417294e+01,2.410540e+01,2.382123e+01,2.354987e+01,2.343433e+01,2.354308e+01,2.380768e+01,2.379413e+01,2.399723e+01,2.389573e+01,2.363136e+01,2.344113e+01,2.342073e+01,2.342753e+01,2.336630e+01,2.329823e+01,2.314832e+01,2.320967e+01,2.317559e+01,2.312104e+01,2.314150e+01,2.316877e+01,2.356346e+01,2.348192e+01,2.381446e+01,2.428092e+01,2.424044e+01,2.417294e+01,2.351590e+01,2.337991e+01,2.330504e+01,2.346833e+01,2.359741e+01,2.350231e+01,2.342753e+01,2.359741e+01,2.339352e+01,2.363814e+01,2.336630e+01,2.373312e+01,2.366529e+01,2.378057e+01,2.404457e+01,2.403781e+01,2.397018e+01,2.393634e+01,2.415268e+01,2.436857e+01,2.430115e+01,2.423369e+01,2.408512e+01,2.404457e+01,2.387542e+01,2.390250e+01,2.402428e+01,2.374668e+01,2.376024e+01,2.332547e+01,2.331185e+01,2.366529e+01,2.379413e+01,2.410540e+01,2.402428e+01,2.428766e+01,2.407161e+01,2.385510e+01,2.372634e+01,2.355667e+01,2.374668e+01,2.415943e+01,2.428766e+01,2.396341e+01,2.424044e+01,2.431464e+01,2.401076e+01,2.402428e+01,2.402428e+01,2.367886e+01,2.365172e+01,2.366529e+01,2.363814e+01,2.383478e+01,2.351590e+01,2.346833e+01,2.326418e+01,2.328461e+01,2.335269e+01,2.320967e+01,2.325056e+01,2.318241e+01,2.328461e+01,2.366529e+01,2.455710e+01,2.456383e+01,2.407161e+01,2.377380e+01,2.382123e+01,2.386865e+01,2.411891e+01,2.426743e+01,2.427417e+01,2.432812e+01,2.433487e+01,2.427417e+01,2.428092e+01,2.437531e+01,2.432138e+01,2.433487e+01,2.435509e+01,2.429441e+01,2.430115e+01,2.436183e+01,2.438878e+01,2.434835e+01,2.438205e+01,2.441573e+01,2.442247e+01,2.443594e+01,2.440226e+01,2.440900e+01,2.436857e+01,2.443594e+01,2.426743e+01,2.429441e+01,2.444268e+01,2.437531e+01,2.432138e+01,2.439552e+01,2.428092e+01,2.443594e+01,2.440900e+01,2.435509e+01,2.434161e+01,2.439552e+01,2.442921e+01,2.421344e+01,2.438205e+01,2.438205e+01,2.430115e+01,2.426068e+01,2.432812e+01,2.435509e+01,2.436857e+01,2.436857e+01,2.439552e+01,2.426743e+01,2.442921e+01,2.441573e+01,2.428092e+01,2.438878e+01,2.425393e+01,2.428766e+01,2.445614e+01,2.432812e+01,2.432138e+01,2.433487e+01,2.436857e+01,2.426068e+01,2.448981e+01,2.500017e+01,2.522768e+01,2.564130e+01,2.569455e+01,2.604667e+01,2.602677e+01,2.625870e+01,2.642405e+01,2.630502e+01,2.636456e+01,2.645049e+01,2.644388e+01,2.638439e+01,2.641084e+01,2.638439e+01,2.645709e+01,2.621898e+01,2.622560e+01,2.628517e+01,2.623222e+01,2.617924e+01,2.615274e+01,2.613286e+01,2.619248e+01,2.597368e+01,2.607982e+01,2.595377e+01,2.604667e+01,2.595377e+01,2.585415e+01,2.587408e+01,2.584750e+01,2.583421e+01,2.592057e+01,2.588072e+01,2.583421e+01,2.588072e+01,2.584750e+01,2.580097e+01,2.566793e+01,2.558136e+01,2.545471e+01,2.534793e+01,2.515413e+01,2.538131e+01,2.528782e+01,2.531454e+01,2.538131e+01,2.525442e+01,2.544137e+01,2.536796e+01,2.533458e+01,2.515413e+01,2.516751e+01,2.524773e+01,2.498007e+01,2.494656e+01,2.495326e+01,2.493316e+01,2.493316e+01,2.494656e+01,2.502026e+01,2.498677e+01,2.499347e+01,2.503366e+01,2.505375e+01,2.493986e+01,2.489293e+01,2.484598e+01,2.470500e+01,2.473187e+01,2.468484e+01,2.459746e+01,2.463108e+01,2.464452e+01,2.464452e+01,2.445614e+01,2.448981e+01,2.441573e+01,2.455710e+01,2.442247e+01,2.453019e+01,2.427417e+01,2.430790e+01,2.427417e+01,2.422694e+01,2.426068e+01,2.426743e+01,2.430115e+01,2.440900e+01,2.442921e+01,2.455038e+01,2.455038e+01,2.443594e+01,2.449654e+01,2.448308e+01,2.444941e+01,2.444941e+01,2.426068e+01,2.418644e+01,2.405133e+01,2.401076e+01,2.369242e+01,2.370599e+01,2.359062e+01,2.367886e+01,2.353629e+01,2.352949e+01,2.380091e+01,2.396341e+01,2.446288e+01,2.433487e+01,2.446961e+01,2.430115e+01,2.449654e+01,2.446288e+01,2.439552e+01,2.444268e+01,2.457056e+01,2.444268e+01,2.457728e+01,2.459746e+01,2.460419e+01,2.442921e+01,2.454365e+01,2.454365e+01,2.443594e+01,2.467141e+01,2.480572e+01,2.444268e+01,2.457728e+01,2.452346e+01,2.444941e+01,2.459746e+01,2.447635e+01,2.448308e+01,2.449654e+01,2.451000e+01,2.450327e+01,2.448981e+01,2.450327e+01,2.446288e+01,2.449654e+01,2.445614e+01,2.469828e+01,2.463108e+01,2.456383e+01,2.463108e+01,2.446288e+01,2.462436e+01,2.451673e+01,2.456383e+01,2.467813e+01,2.445614e+01,2.445614e+01,2.448308e+01,2.458401e+01,2.458401e+01,2.454365e+01,2.455710e+01,2.461091e+01,2.444268e+01,2.451000e+01,2.464452e+01,2.459073e+01,2.451000e+01,2.448981e+01,2.461091e+01,2.459073e+01,2.457056e+01,2.457728e+01,2.453692e+01,2.455710e+01,2.452346e+01,2.454365e+01,2.457056e+01,2.455038e+01,2.446288e+01,2.462436e+01,2.448981e+01,2.461091e+01,2.451673e+01,2.457728e+01,2.461763e+01,2.446288e+01,2.450327e+01,2.448308e+01,2.448308e+01,2.455710e+01,2.487281e+01,2.458401e+01,2.469828e+01,2.461763e+01,2.436857e+01
2.451000e+01,2.442921e+01,2.441573e+01,2.448981e+01,2.449654e+01,2.439552e+01,2.443594e+01,2.452346e+01,2.451000e+01,2.450327e+01,2.452346e+01,2.448308e+01,2.444268e+01,2.441573e+01,2.441573e+01,2.439552e+01,2.444941e+01,2.450327e+01,2.436183e+01,2.444268e+01,2.452346e+01,2.454365e+01,2.441573e+01,2.451000e+01,2.446961e+01,2.445614e+01,2.444941e+01,2.442921e+01,2.453019e+01,2.444941e+01,2.448308e+01,2.442247e+01,2.468484e+01,2.452346e+01,2.451000e+01,2.436183e+01,2.446961e+01,2.441573e+01,2.446288e+01,2.447635e+01,2.447635e+01,2.447635e+01,2.445614e+01,2.448308e+01,2.444268e+01,2.442247e+01,2.442921e+01,2.440900e+01,2.445614e+01,2.439552e+01,2.439552e+01,2.435509e+01,2.449654e+01,2.441573e+01,2.444268e+01,2.437531e+01,2.418644e+01,2.436183e+01,2.434835e+01,2.430115e+01,2.430115e+01,2.442247e+01,2.436183e+01,2.445614e+01,2.452346e+01,2.428092e+01,2.434161e+01,2.434835e+01,2.433487e+01,2.430115e+01,2.436183e+01,2.434161e+01,2.429441e+01,2.425393e+01,2.426743e+01,2.424719e+01,2.430790e+01,2.429441e+01,2.421344e+01,2.420670e+01,2.392958e+01,2.406485e+01,2.407161e+01,2.434835e+01,2.425393e+01,2.432812e+01,2.428092e+01,2.432138e+01,2.426743e+01,2.424044e+01,2.438878e+01,2.437531e+01,2.436183e+01,2.428092e+01,2.425393e+01,2.424044e+01,2.428766e+01,2.436857e+01,2.431464e+01,2.437531e+01,2.427417e+01,2.433487e+01,2.432812e+01,2.442921e+01,2.438205e+01,2.433487e+01,2.440226e+01,2.442247e+01,2.435509e+01,2.435509e+01,2.443594e+01,2.430790e+01,2.435509e+01,2.446288e+01,2.438878e+01,2.442921e+01,2.446288e+01,2.442247e+01,2.450327e+01,2.438878e+01,2.438205e+01,2.443594e+01,2.434161e+01,2.436183e+01,2.445614e+01,2.432138e+01,2.446288e+01,2.447635e+01,2.442921e+01,2.442247e+01,2.439552e+01,2.444941e+01,2.441573e+01,2.443594e+01,2.444268e+01,2.446961e+01,2.445614e+01,2.448981e+01,2.438878e+01,2.453019e+01,2.447635e+01,2.456383e+01,2.452346e+01,2.455710e+01,2.449654e+01,2.452346e+01,2.452346e+01,2.451000e+01,2.448308e+01,2.460419e+01,2.455710e+01,2.459073e+01,2.461763e+01,2.458401e+01,2.451673e+01,2.443594e+01,2.444941e+01,2.453692e+01,2.459073e+01,2.459073e+01,2.461763e+01,2.462436e+01,2.459073e+01,2.468484e+01,2.440900e+01,2.444268e+01,2.456383e+01,2.463108e+01,2.455710e+01,2.449654e+01,2.456383e+01,2.460419e+01,2.455038e+01,2.455038e+01,2.460419e+01,2.455038e+01,2.454365e+01,2.446288e+01,2.447635e+01,2.450327e+01,2.448308e+01,2.457056e+01,2.453692e+01,2.444941e+01,2.450327e+01,2.448981e+01,2.457728e+01,2.455710e+01,2.457728e+01,2.450327e+01,2.457056e+01,2.451000e+01,2.443594e+01,2.434161e+01,2.451000e+01,2.453019e+01,2.455710e+01,2.453019e+01,2.449654e+01,2.439552e+01,2.444941e+01,2.446961e+01,2.442921e+01,2.450327e+01,2.448308e+01,2.434835e+01,2.449654e+01,2.435509e+01,2.452346e+01,2.445614e+01,2.442921e+01,2.438878e+01,2.446288e+01,2.444941e+01,2.446288e+01,2.436183e+01,2.434835e+01,2.441573e+01,2.445614e+01,2.443594e+01,2.440226e+01,2.436183e+01,2.442921e+01,2.443594e+01,2.442921e+01,2.432138e+01,2.435509e+01,2.442247e+01,2.438205e+01,2.442247e+01,2.439552e+01,2.439552e+01,2.439552e+01,2.439552e+01,2.437531e+01,2.432138e+01,2.436857e+01,2.427417e+01,2.442921e+01,2.442921e+01,2.438878e+01,2.422694e+01,2.439552e+01,2.436857e+01,2.435509e+01,2.431464e+01,2.437531e+01,2.438205e+01,2.434161e+01,2.434161e+01,2.434835e+01,2.438205e+01,2.434835e+01,2.433487e+01,2.437531e+01,2.432138e+01,2.434161e+01,2.432138e+01,2.440900e+01,2.439552e+01,2.428092e+01,2.434835e+01,2.431464e+01,2.432138e+01,2.434835e+01,2.436183e+01,2.431464e+01,2.425393e+01,2.436183e+01,2.436183e+01,2.442921e+01,2.442921e+01,2.437531e+01,2.435509e+01,2.435509e+01,2.430790e+01,2.439552e+01,2.428092e+01,2.424719e+01,2.430790e+01,2.434161e+01,2.426068e+01,2.435509e+01,2.435509e+01,2.416619e+01,2.415943e+01,2.428766e+01,2.409188e+01,2.406485e+01,2.379413e+01,2.363136e+01,2.373312e+01,2.384155e+01,2.378057e+01,2.380091e+01,2.384155e+01,2.367207e+01,2.364493e+01,2.363136e+01,2.345473e+01,2.361099e+01,2.348872e+01,2.329823e+01,2.322330e+01,2.320286e+01,2.313468e+01,2.316877e+01,2.314832e+01,2.347513e+01,2.359062e+01,2.401076e+01,2.405809e+01,2.380768e+01,2.360420e+01,2.348192e+01,2.336630e+01,2.327780e+01,2.329823e+01,2.357704e+01,2.339352e+01,2.349552e+01,2.329142e+01,2.332547e+01,2.329142e+01,2.337311e+01,2.333908e+01,2.333228e+01,2.325056e+01,2.342073e+01,2.388219e+01,2.419319e+01,2.387542e+01,2.387542e+01,2.413242e+01,2.429441e+01,2.417969e+01,2.415268e+01,2.405133e+01,2.413917e+01,2.416619e+01,2.388896e+01,2.379413e+01,2.352270e+01,2.369242e+01,2.346833e+01,2.335950e+01,2.337311e+01,2.372634e+01,2.385510e+01,2.384833e+01,2.406485e+01,2.403105e+01,2.384833e+01,2.384155e+01,2.385510e+01,2.399047e+01,2.428092e+01,2.430115e+01,2.453019e+01,2.430115e+01,2.446288e+01,2.444941e+01,2.442921e+01,2.396341e+01,2.365172e+01,2.354308e+01,2.362457e+01,2.356346e+01,2.363136e+01,2.361778e+01,2.359062e+01,2.352270e+01,2.340713e+01,2.334589e+01,2.323693e+01,2.335950e+01,2.323012e+01,2.340032e+01,2.356346e+01,2.370599e+01,2.423369e+01,2.442247e+01,2.419319e+01,2.390250e+01,2.426068e+01,2.421344e+01,2.427417e+01,2.432812e+01,2.426068e+01,2.429441e+01,2.434161e+01,2.425393e+01,2.428092e+01,2.434161e+01,2.430115e+01,2.434161e+01,2.428766e+01,2.429441e+01,2.440900e+01,2.438205e+01,2.436857e+01,2.438205e+01,2.432812e+01,2.440900e+01,2.427417e+01,2.438878e+01,2.427417e+01,2.436183e+01,2.437531e+01,2.434161e+01,2.441573e+01,2.442247e+01,2.434835e+01,2.438878e+01,2.435509e+01,2.448308e+01,2.434161e+01,2.438205e+01,2.434835e+01,2.430790e+01,2.424719e+01,2.430790e+01,2.438205e+01,2.435509e+01,2.434161e+01,2.438878e+01,2.428766e+01,2.428092e+01,2.425393e+01,2.435509e+01,2.440900e+01,2.436183e+01,2.444268e+01,2.430115e+01,2.433487e+01,2.413242e+01,2.420670e+01,2.415943e+01,2.430790e+01,2.431464e+01,2.431464e+01,2.430790e+01,2.431464e+01,2.434161e+01,2.432812e+01,2.465124e+01,2.501357e+01,2.555471e+01,2.566793e+01,2.603340e+01,2.608646e+01,2.601350e+01,2.622560e+01,2.624546e+01,2.637117e+01,2.634472e+01,2.646370e+01,2.653635e+01,2.640422e+01,2.627194e+01,2.639100e+01,2.636456e+01,2.629179e+01,2.633810e+01,2.642405e+01,2.617924e+01,2.619911e+01,2.615274e+01,2.606656e+01,2.611297e+01,2.596704e+01,2.597368e+01,2.586743e+01,2.590729e+01,2.592721e+01,2.601350e+01,2.592721e+01,2.593385e+01,2.589401e+01,2.584750e+01,2.583421e+01,2.575443e+01,2.572782e+01,2.567459e+01,2.562798e+01,2.555471e+01,2.552805e+01,2.556804e+01,2.532790e+01,2.524105e+01,2.516082e+01,2.532790e+01,2.527446e+01,2.514744e+01,2.523437e+01,2.512737e+01,2.530787e+01,2.534793e+01,2.516751e+01,2.513406e+01,2.496667e+01,2.491975e+01,2.492645e+01,2.493316e+01,2.489293e+01,2.497337e+01,2.495997e+01,2.493986e+01,2.500017e+01,2.504035e+01,2.502026e+01,2.504705e+01,2.496667e+01,2.481243e+01,2.495326e+01,2.468484e+01,2.473858e+01,2.457056e+01,2.466469e+01,2.462436e+01,2.446961e+01,2.443594e+01,2.442247e+01,2.441573e+01,2.440900e+01,2.419319e+01,2.440900e+01,2.439552e+01,2.422019e+01,2.439552e+01,2.430790e+01,2.440226e+01,2.426743e+01,2.431464e+01,2.426743e+01,2.429441e+01,2.438205e+01,2.428766e+01,2.431464e+01,2.442247e+01,2.442247e+01,2.430790e+01,2.424719e+01,2.396341e+01,2.420670e+01,2.401076e+01,2.389573e+01,2.376702e+01,2.369242e+01,2.358383e+01,2.360420e+01,2.352270e+01,2.365850e+01,2.358383e+01,2.380091e+01,2.399723e+01,2.419994e+01,2.436183e+01,2.444268e+01,2.448308e+01,2.434161e+01,2.444268e+01,2.448981e+01,2.447635e+01,2.445614e+01,2.451000e+01,2.457728e+01,2.453692e+01,2.446288e+01,2.441573e+01,2.446961e+01,2.453019e+01,2.449654e+01,2.451673e+01,2.447635e+01,2.443594e+01,2.456383e+01,2.450327e+01,2.455038e+01,2.456383e+01,2.455038e+01,2.449654e+01,2.449654e+01,2.444941e+01,2.450327e+01,2.452346e+01,2.452346e+01,2.444268e+01,2.440226e+01,2.448308e+01,2.459073e+01,2.440900e+01,2.461091e+01,2.440900e+01,2.459746e+01,2.455038e+01,2.452346e+01,2.448308e+01,2.456383e+01,2.452346e+01,2.460419e+01,2.457728e+01,2.458401e+01,2.454365e+01,2.452346e+01,2.451000e+01,2.461091e+01,2.448308e+01,2.450327e+01,2.455710e+01,2.464452e+01,2.450327e+01,2.448981e+01,2.449654e+01,2.451673e+01,2.460419e+01,2.455710e+01,2.444268e+01,2.448308e+01,2.448308e+01,2.452346e+01,2.451000e+01,2.458401e+01,2.459073e+01,2.459073e+01,2.455038e+01,2.459746e+01,2.455710e+01,2.448308e+01,2.451000e+01,2.448308e+01,2.445614e+01,2.457728e+01,2.459746e+01,2.456383e+01,2.459746e+01,2.460419e+01,2.461091e+01,2.444268e+01,2.453019e+01
2.448981e+01,2.431464e+01,2.445614e+01,2.444268e+01,2.448308e+01,2.448981e+01,2.440226e+01,2.448308e+01,2.455710e+01,2.446961e+01,2.446961e+01,2.451673e+01,2.434835e+01,2.451000e+01,2.435509e+01,2.437531e+01,2.430790e+01,2.438878e+01,2.436857e+01,2.439552e+01,2.441573e+01,2.454365e+01,2.453692e+01,2.451000e+01,2.449654e+01,2.442921e+01,2.440226e+01,2.446961e+01,2.452346e+01,2.432812e+01,2.448981e+01,2.452346e+01,2.457056e+01,2.446288e+01,2.446288e+01,2.441573e+01,2.447635e+01,2.443594e+01,2.449654e+01,2.450327e+01,2.446288e+01,2.444941e+01,2.450327e+01,2.446288e+01,2.444941e+01,2.467813e+01,2.442921e+01,2.445614e+01,2.455038e+01,2.453019e+01,2.455038e+01,2.457056e+01,2.444941e+01,2.446961e+01,2.442921e+01,2.450327e+01,2.441573e+01,2.432138e+01,2.440900e+01,2.458401e+01,2.442247e+01,2.438878e+01,2.428092e+01,2.439552e+01,2.438205e+01,2.434835e+01,2.444941e+01,2.434161e+01,2.436857e+01,2.434835e+01,2.432812e+01,2.436183e+01,2.436183e+01,2.431464e+01,2.434161e+01,2.431464e+01,2.427417e+01,2.428092e+01,2.424719e+01,2.415268e+01,2.413242e+01,2.390927e+01,2.397694e+01,2.416619e+01,2.433487e+01,2.434161e+01,2.426068e+01,2.436857e+01,2.436183e+01,2.419994e+01,2.434835e+01,2.417294e+01,2.444268e+01,2.430115e+01,2.426068e+01,2.424719e+01,2.436857e+01,2.438205e+01,2.435509e+01,2.430790e+01,2.436857e+01,2.434161e+01,2.440226e+01,2.423369e+01,2.438878e+01,2.432812e+01,2.438205e+01,2.436857e+01,2.438205e+01,2.434835e+01,2.447635e+01,2.433487e+01,2.437531e+01,2.431464e+01,2.446288e+01,2.428092e+01,2.447635e+01,2.442921e+01,2.442921e+01,2.438205e+01,2.440900e+01,2.447635e+01,2.442247e+01,2.435509e+01,2.436183e+01,2.435509e+01,2.450327e+01,2.448308e+01,2.445614e+01,2.442247e+01,2.441573e+01,2.440226e+01,2.440226e+01,2.451000e+01,2.440900e+01,2.454365e+01,2.443594e+01,2.445614e+01,2.451673e+01,2.451673e+01,2.442921e+01,2.458401e+01,2.454365e+01,2.451673e+01,2.447635e+01,2.446961e+01,2.454365e+01,2.458401e+01,2.456383e+01,2.459746e+01,2.445614e+01,2.455038e+01,2.453019e+01,2.453019e+01,2.461763e+01,2.452346e+01,2.468484e+01,2.446288e+01,2.462436e+01,2.459073e+01,2.447635e+01,2.467141e+01,2.446288e+01,2.429441e+01,2.451673e+01,2.455038e+01,2.463108e+01,2.457728e+01,2.458401e+01,2.452346e+01,2.457728e+01,2.450327e+01,2.456383e+01,2.459746e+01,2.456383e+01,2.450327e+01,2.453692e+01,2.451673e+01,2.452346e+01,2.461091e+01,2.453019e+01,2.460419e+01,2.459073e+01,2.463108e+01,2.454365e+01,2.450327e+01,2.470500e+01,2.459073e+01,2.454365e+01,2.453019e+01,2.454365e+01,2.449654e+01,2.459746e+01,2.436183e+01,2.448981e+01,2.440226e+01,2.453019e+01,2.455038e+01,2.446961e+01,2.457728e+01,2.454365e+01,2.450327e+01,2.455038e+01,2.440900e+01,2.455710e+01,2.437531e+01,2.446288e+01,2.444941e+01,2.447635e+01,2.448308e+01,2.436183e+01,2.441573e+01,2.446961e+01,2.446961e+01,2.438878e+01,2.443594e+01,2.444941e+01,2.455710e+01,2.444268e+01,2.433487e+01,2.441573e+01,2.447635e+01,2.440900e+01,2.430115e+01,2.438878e+01,2.436183e+01,2.438205e+01,2.442247e+01,2.442921e+01,2.430115e+01,2.435509e+01,2.444268e+01,2.436183e+01,2.442247e+01,2.441573e+01,2.440226e+01,2.436857e+01,2.440226e+01,2.438205e+01,2.435509e+01,2.449654e+01,2.438205e+01,2.428092e+01,2.434835e+01,2.436183e+01,2.430115e+01,2.425393e+01,2.431464e+01,2.433487e+01,2.441573e+01,2.441573e+01,2.432138e+01,2.426743e+01,2.433487e+01,2.436857e+01,2.441573e+01,2.436857e+01,2.433487e+01,2.434835e+01,2.435509e+01,2.430790e+01,2.426068e+01,2.419994e+01,2.435509e+01,2.436183e+01,2.432812e+01,2.440226e+01,2.438878e+01,2.443594e+01,2.444941e+01,2.436857e+01,2.438205e+01,2.434161e+01,2.433487e+01,2.437531e+01,2.437531e+01,2.436857e+01,2.426743e+01,2.436857e+01,2.436183e+01,2.430790e+01,2.436857e+01,2.431464e+01,2.415268e+01,2.414593e+01,2.430790e+01,2.427417e+01,2.413242e+01,2.407837e+01,2.386865e+01,2.374668e+01,2.376024e+01,2.372634e+01,2.397018e+01,2.367207e+01,2.364493e+01,2.363814e+01,2.364493e+01,2.364493e+01,2.369921e+01,2.364493e+01,2.357025e+01,2.360420e+01,2.340032e+01,2.337311e+01,2.313468e+01,2.314150e+01,2.328461e+01,2.359062e+01,2.403105e+01,2.401076e+01,2.346833e+01,2.334589e+01,2.334589e+01,2.326418e+01,2.331866e+01,2.329823e+01,2.330504e+01,2.342073e+01,2.344793e+01,2.357704e+01,2.339352e+01,2.325737e+01,2.327780e+01,2.328461e+01,2.325737e+01,2.333908e+01,2.330504e+01,2.317559e+01,2.380768e+01,2.404457e+01,2.401752e+01,2.405133e+01,2.412566e+01,2.413917e+01,2.413917e+01,2.412566e+01,2.401076e+01,2.428766e+01,2.407837e+01,2.407837e+01,2.371277e+01,2.386187e+01,2.371277e+01,2.368564e+01,2.369242e+01,2.361778e+01,2.373990e+01,2.371956e+01,2.390927e+01,2.399047e+01,2.386865e+01,2.376702e+01,2.370599e+01,2.374668e+01,2.371956e+01,2.369242e+01,2.395664e+01,2.380768e+01,2.396341e+01,2.401076e+01,2.424719e+01,2.411891e+01,2.390250e+01,2.389573e+01,2.382801e+01,2.384155e+01,2.392281e+01,2.377380e+01,2.393634e+01,2.393634e+01,2.388896e+01,2.353629e+01,2.354308e+01,2.341393e+01,2.334589e+01,2.342753e+01,2.362457e+01,2.365172e+01,2.380768e+01,2.449654e+01,2.573447e+01,2.572117e+01,2.455038e+01,2.424044e+01,2.427417e+01,2.427417e+01,2.430790e+01,2.437531e+01,2.435509e+01,2.433487e+01,2.434161e+01,2.435509e+01,2.434161e+01,2.439552e+01,2.430790e+01,2.430115e+01,2.431464e+01,2.432812e+01,2.440226e+01,2.440226e+01,2.440226e+01,2.434161e+01,2.432138e+01,2.427417e+01,2.438878e+01,2.424044e+01,2.430790e+01,2.436183e+01,2.433487e+01,2.442247e+01,2.444941e+01,2.434835e+01,2.436857e+01,2.441573e+01,2.437531e+01,2.438205e+01,2.438878e+01,2.437531e+01,2.437531e+01,2.434161e+01,2.426743e+01,2.434835e+01,2.430115e+01,2.427417e+01,2.424719e+01,2.430115e+01,2.442921e+01,2.434161e+01,2.436183e+01,2.436857e+01,2.422694e+01,2.425393e+01,2.438878e+01,2.434835e+01,2.444941e+01,2.421344e+01,2.432138e+01,2.434835e+01,2.431464e+01,2.434161e+01,2.435509e+01,2.436183e+01,2.434161e+01,2.437531e+01,2.440900e+01,2.517419e+01,2.573447e+01,2.597368e+01,2.603340e+01,2.622560e+01,2.600023e+01,2.635133e+01,2.631164e+01,2.635794e+01,2.633149e+01,2.647031e+01,2.643066e+01,2.645709e+01,2.637117e+01,2.639100e+01,2.633810e+01,2.633810e+01,2.619248e+01,2.631164e+01,2.623222e+01,2.608646e+01,2.602013e+01,2.602013e+01,2.600686e+01,2.603340e+01,2.578103e+01,2.594713e+01,2.582092e+01,2.588736e+01,2.596041e+01,2.592057e+01,2.589401e+01,2.586743e+01,2.584750e+01,2.582756e+01,2.577438e+01,2.578768e+01,2.559468e+01,2.560134e+01,2.542802e+01,2.550805e+01,2.537464e+01,2.531454e+01,2.532122e+01,2.523437e+01,2.510730e+01,2.501357e+01,2.523437e+01,2.502026e+01,2.521431e+01,2.524105e+01,2.516751e+01,2.500017e+01,2.505375e+01,2.505375e+01,2.488622e+01,2.479230e+01,2.489964e+01,2.487281e+01,2.483256e+01,2.491305e+01,2.494656e+01,2.497337e+01,2.497337e+01,2.498677e+01,2.504035e+01,2.485269e+01,2.482585e+01,2.473187e+01,2.481243e+01,2.467813e+01,2.444941e+01,2.463108e+01,2.444268e+01,2.445614e+01,2.444268e+01,2.442247e+01,2.434161e+01,2.436857e+01,2.425393e+01,2.426743e+01,2.437531e+01,2.422019e+01,2.417969e+01,2.430790e+01,2.434161e+01,2.419319e+01,2.428092e+01,2.418644e+01,2.418644e+01,2.425393e+01,2.438205e+01,2.435509e+01,2.404457e+01,2.426068e+01,2.438205e+01,2.401752e+01,2.386187e+01,2.399047e+01,2.392281e+01,2.380091e+01,2.365172e+01,2.363136e+01,2.368564e+01,2.368564e+01,2.376024e+01,2.384833e+01,2.379413e+01,2.376702e+01,2.390250e+01,2.412566e+01,2.445614e+01,2.440900e+01,2.448981e+01,2.438205e+01,2.450327e+01,2.436183e+01,2.441573e+01,2.446288e+01,2.458401e+01,2.446961e+01,2.451673e+01,2.455710e+01,2.453019e+01,2.454365e+01,2.448308e+01,2.451673e+01,2.454365e+01,2.454365e+01,2.445614e+01,2.447635e+01,2.457056e+01,2.446288e+01,2.453019e+01,2.456383e+01,2.455038e+01,2.447635e+01,2.461763e+01,2.451000e+01,2.454365e+01,2.451000e+01,2.461091e+01,2.461763e+01,2.448981e+01,2.450327e+01,2.455710e+01,2.457056e+01,2.463780e+01,2.461091e+01,2.456383e+01,2.455038e+01,2.447635e+01,2.450327e+01,2.455710e+01,2.451673e+01,2.434835e+01,2.437531e+01,2.454365e+01,2.453692e+01,2.452346e+01,2.447635e+01,2.440226e+01,2.440226e+01,2.456383e+01,2.462436e+01,2.463108e+01,2.445614e+01,2.465796e+01,2.459073e+01,2.447635e+01,2.442921e+01,2.458401e+01,2.460419e+01,2.455710e+01,2.457056e+01,2.455710e+01,2.441573e+01,2.445614e+01,2.461763e+01,2.448981e+01,2.448308e+01,2.448981e+01,2.457056e+01,2.459073e+01,2.453692e+01,2.440900e+01,2.461763e+01,2.457728e+01,2.454365e+01,2.448308e+01,2.454365e+01,2.450327e+01,2.449654e+01,2.456383e+01
2.450327e+01,2.442247e+01,2.448308e+01,2.444268e+01,2.453692e+01,2.457056e+01,2.455038e+01,2.446288e+01,2.449654e+01,2.434835e+01,2.449654e+01,2.454365e+01,2.448981e+01,2.453019e+01,2.457728e+01,2.451000e+01,2.447635e+01,2.440226e+01,2.444268e+01,2.453692e+01,2.449654e+01,2.453692e+01,2.450327e+01,2.436183e+01,2.451673e+01,2.453019e+01,2.445614e+01,2.451673e+01,2.440226e+01,2.446288e+01,2.451673e+01,2.448981e+01,2.449654e+01,2.449654e+01,2.446288e+01,2.446288e+01,2.448981e+01,2.435509e+01,2.446961e+01,2.442921e+01,2.448308e+01,2.447635e+01,2.448981e+01,2.451673e+01,2.449654e+01,2.440226e+01,2.436857e+01,2.449654e+01,2.441573e+01,2.437531e+01,2.436183e+01,2.448308e+01,2.438878e+01,2.444268e+01,2.442921e+01,2.431464e+01,2.446288e+01,2.448308e+01,2.444941e+01,2.456383e+01,2.439552e+01,2.457728e+01,2.440226e+01,2.431464e+01,2.446288e+01,2.445614e+01,2.436857e+01,2.436183e+01,2.433487e+01,2.434161e+01,2.433487e+01,2.434835e+01,2.434161e+01,2.438205e+01,2.434835e+01,2.432138e+01,2.428092e+01,2.418644e+01,2.423369e+01,2.422019e+01,2.421344e+01,2.404457e+01,2.390927e+01,2.413242e+01,2.419994e+01,2.433487e+01,2.434835e+01,2.432138e+01,2.423369e+01,2.420670e+01,2.435509e+01,2.428092e+01,2.431464e+01,2.428092e+01,2.427417e+01,2.435509e+01,2.429441e+01,2.426068e+01,2.443594e+01,2.432138e+01,2.427417e+01,2.432138e+01,2.435509e+01,2.432812e+01,2.436857e+01,2.438205e+01,2.434161e+01,2.438878e+01,2.437531e+01,2.432812e+01,2.436183e+01,2.437531e+01,2.445614e+01,2.433487e+01,2.442921e+01,2.440226e+01,2.433487e+01,2.443594e+01,2.446288e+01,2.451673e+01,2.433487e+01,2.453692e+01,2.444941e+01,2.444268e+01,2.436857e+01,2.448308e+01,2.449654e+01,2.447635e+01,2.446288e+01,2.444941e+01,2.447635e+01,2.450327e+01,2.440226e+01,2.440226e+01,2.453692e+01,2.446288e+01,2.444941e+01,2.442921e+01,2.450327e+01,2.450327e+01,2.441573e+01,2.452346e+01,2.444268e+01,2.455710e+01,2.451673e+01,2.451000e+01,2.455710e+01,2.448308e+01,2.457728e+01,2.458401e+01,2.440226e+01,2.445614e+01,2.446288e+01,2.451000e+01,2.461091e+01,2.468484e+01,2.440900e+01,2.464452e+01,2.461763e+01,2.459073e+01,2.457056e+01,2.460419e+01,2.453692e+01,2.460419e+01,2.456383e+01,2.434835e+01,2.457056e+01,2.459073e+01,2.457056e+01,2.460419e+01,2.461091e+01,2.461091e+01,2.448308e+01,2.455038e+01,2.455710e+01,2.455038e+01,2.454365e+01,2.461091e+01,2.452346e+01,2.443594e+01,2.450327e+01,2.466469e+01,2.448981e+01,2.465124e+01,2.451673e+01,2.457056e+01,2.457056e+01,2.457728e+01,2.455038e+01,2.451673e+01,2.457728e+01,2.456383e+01,2.457728e+01,2.448308e+01,2.443594e+01,2.461091e+01,2.453019e+01,2.452346e+01,2.446288e+01,2.453692e+01,2.437531e+01,2.442921e+01,2.446288e+01,2.451000e+01,2.447635e+01,2.443594e+01,2.436183e+01,2.451000e+01,2.419994e+01,2.449654e+01,2.455038e+01,2.441573e+01,2.445614e+01,2.455038e+01,2.444941e+01,2.447635e+01,2.438878e+01,2.444941e+01,2.444268e+01,2.436183e+01,2.436183e+01,2.436183e+01,2.451000e+01,2.438878e+01,2.428766e+01,2.438878e+01,2.444941e+01,2.443594e+01,2.442921e+01,2.438205e+01,2.446961e+01,2.440226e+01,2.440900e+01,2.437531e+01,2.439552e+01,2.436857e+01,2.440900e+01,2.439552e+01,2.439552e+01,2.439552e+01,2.438878e+01,2.441573e+01,2.442247e+01,2.433487e+01,2.439552e+01,2.437531e+01,2.432812e+01,2.438205e+01,2.430790e+01,2.431464e+01,2.436183e+01,2.440226e+01,2.429441e+01,2.439552e+01,2.438205e+01,2.434835e+01,2.432812e+01,2.440226e+01,2.444268e+01,2.434835e+01,2.432812e+01,2.423369e+01,2.419319e+01,2.432812e+01,2.444941e+01,2.440226e+01,2.438878e+01,2.434835e+01,2.433487e+01,2.443594e+01,2.446288e+01,2.437531e+01,2.432812e+01,2.444268e+01,2.432812e+01,2.433487e+01,2.432812e+01,2.426068e+01,2.437531e+01,2.440900e+01,2.435509e+01,2.436183e+01,2.412566e+01,2.433487e+01,2.432812e+01,2.428766e+01,2.424044e+01,2.413917e+01,2.383478e+01,2.409188e+01,2.427417e+01,2.392281e+01,2.386865e+01,2.391604e+01,2.358383e+01,2.336630e+01,2.337991e+01,2.336630e+01,2.346153e+01,2.349552e+01,2.408512e+01,2.362457e+01,2.330504e+01,2.326418e+01,2.340032e+01,2.316195e+01,2.329823e+01,2.333908e+01,2.354987e+01,2.352949e+01,2.343433e+01,2.333908e+01,2.335950e+01,2.328461e+01,2.316195e+01,2.316877e+01,2.335269e+01,2.340713e+01,2.341393e+01,2.343433e+01,2.340713e+01,2.339352e+01,2.346153e+01,2.333908e+01,2.326418e+01,2.319604e+01,2.324374e+01,2.318241e+01,2.318923e+01,2.350911e+01,2.387542e+01,2.408512e+01,2.456383e+01,2.436183e+01,2.424044e+01,2.413917e+01,2.414593e+01,2.417294e+01,2.413242e+01,2.427417e+01,2.405133e+01,2.413917e+01,2.410540e+01,2.385510e+01,2.369921e+01,2.370599e+01,2.371956e+01,2.376702e+01,2.375346e+01,2.380091e+01,2.405133e+01,2.414593e+01,2.394988e+01,2.374668e+01,2.331866e+01,2.337991e+01,2.335950e+01,2.336630e+01,2.344113e+01,2.343433e+01,2.357704e+01,2.409864e+01,2.458401e+01,2.463780e+01,2.448981e+01,2.426068e+01,2.451000e+01,2.450327e+01,2.415268e+01,2.443594e+01,2.405809e+01,2.405809e+01,2.403781e+01,2.394988e+01,2.377380e+01,2.358383e+01,2.354308e+01,2.357704e+01,2.348192e+01,2.374668e+01,2.417969e+01,2.572782e+01,2.654295e+01,2.571451e+01,2.475873e+01,2.442247e+01,2.428092e+01,2.434835e+01,2.443594e+01,2.436183e+01,2.427417e+01,2.430790e+01,2.431464e+01,2.432138e+01,2.429441e+01,2.437531e+01,2.430115e+01,2.427417e+01,2.429441e+01,2.429441e+01,2.432138e+01,2.438878e+01,2.427417e+01,2.441573e+01,2.436183e+01,2.439552e+01,2.436857e+01,2.432138e+01,2.435509e+01,2.430115e+01,2.434161e+01,2.430115e+01,2.434161e+01,2.434161e+01,2.430115e+01,2.440900e+01,2.436183e+01,2.441573e+01,2.427417e+01,2.426068e+01,2.438205e+01,2.434835e+01,2.432138e+01,2.430790e+01,2.426068e+01,2.434161e+01,2.433487e+01,2.433487e+01,2.419319e+01,2.412566e+01,2.426743e+01,2.432812e+01,2.441573e+01,2.444941e+01,2.426068e+01,2.440900e+01,2.431464e+01,2.429441e+01,2.426068e+01,2.430790e+01,2.431464e+01,2.421344e+01,2.421344e+01,2.438205e+01,2.437531e+01,2.486610e+01,2.540133e+01,2.574778e+01,2.615274e+01,2.602677e+01,2.616599e+01,2.633149e+01,2.633149e+01,2.638439e+01,2.634472e+01,2.643066e+01,2.639100e+01,2.637778e+01,2.629841e+01,2.625870e+01,2.630502e+01,2.640422e+01,2.627194e+01,2.628517e+01,2.619911e+01,2.615274e+01,2.609309e+01,2.614611e+01,2.609309e+01,2.609309e+01,2.595377e+01,2.586743e+01,2.589401e+01,2.595377e+01,2.583421e+01,2.595377e+01,2.589401e+01,2.581427e+01,2.596704e+01,2.584750e+01,2.582092e+01,2.578103e+01,2.580097e+01,2.561466e+01,2.558136e+01,2.561466e+01,2.548805e+01,2.544137e+01,2.543469e+01,2.529451e+01,2.526778e+01,2.522100e+01,2.504035e+01,2.487952e+01,2.518757e+01,2.521431e+01,2.517419e+01,2.503366e+01,2.506044e+01,2.502026e+01,2.485269e+01,2.488622e+01,2.483256e+01,2.490634e+01,2.489964e+01,2.451000e+01,2.487281e+01,2.495326e+01,2.496667e+01,2.498007e+01,2.498007e+01,2.497337e+01,2.483256e+01,2.483256e+01,2.459073e+01,2.464452e+01,2.457056e+01,2.463780e+01,2.452346e+01,2.444268e+01,2.456383e+01,2.436183e+01,2.436857e+01,2.433487e+01,2.446961e+01,2.425393e+01,2.419994e+01,2.423369e+01,2.418644e+01,2.438205e+01,2.421344e+01,2.441573e+01,2.410540e+01,2.416619e+01,2.414593e+01,2.414593e+01,2.412566e+01,2.409188e+01,2.401752e+01,2.401076e+01,2.384155e+01,2.401076e+01,2.394311e+01,2.378057e+01,2.392958e+01,2.377380e+01,2.396341e+01,2.400400e+01,2.383478e+01,2.410540e+01,2.412566e+01,2.397694e+01,2.402428e+01,2.393634e+01,2.380768e+01,2.386187e+01,2.400400e+01,2.434161e+01,2.448308e+01,2.451673e+01,2.450327e+01,2.450327e+01,2.448308e+01,2.438878e+01,2.454365e+01,2.445614e+01,2.448981e+01,2.451673e+01,2.452346e+01,2.455038e+01,2.452346e+01,2.453692e+01,2.449654e+01,2.446961e+01,2.452346e+01,2.442247e+01,2.457056e+01,2.452346e+01,2.453019e+01,2.455710e+01,2.459073e+01,2.444941e+01,2.453019e+01,2.457728e+01,2.451673e+01,2.459073e+01,2.451673e+01,2.461763e+01,2.460419e+01,2.447635e+01,2.445614e+01,2.459073e+01,2.436183e+01,2.461763e+01,2.454365e+01,2.457728e+01,2.453019e+01,2.453692e+01,2.464452e+01,2.453692e+01,2.461763e+01,2.453019e+01,2.455710e+01,2.460419e+01,2.448981e+01,2.457728e+01,2.463108e+01,2.458401e+01,2.458401e+01,2.459073e+01,2.447635e+01,2.448308e+01,2.447635e+01,2.456383e+01,2.447635e+01,2.443594e+01,2.444268e+01,2.459073e+01,2.459746e+01,2.448981e+01,2.463780e+01,2.446961e+01,2.442247e+01,2.461091e+01,2.438878e+01,2.442921e+01,2.459073e+01,2.451000e+01,2.455710e+01,2.437531e+01,2.441573e+01,2.463780e+01,2.459746e+01,2.457728e+01,2.460419e+01,2.453019e+01,2.447635e+01,2.442247e+01,2.460419e+01,2.465124e+01
2.456383e+01,2.446288e+01,2.455710e+01,2.445614e+01,2.455038e+01,2.457056e+01,2.442921e+01,2.448981e+01,2.449654e+01,2.450327e+01,2.446961e+01,2.444941e+01,2.454365e+01,2.449654e+01,2.436857e+01,2.446288e+01,2.438878e+01,2.440900e+01,2.445614e+01,2.439552e+01,2.450327e+01,2.451673e+01,2.450327e+01,2.455710e+01,2.457728e+01,2.440226e+01,2.459073e+01,2.437531e+01,2.450327e+01,2.453692e+01,2.448308e+01,2.445614e+01,2.457056e+01,2.448981e+01,2.443594e+01,2.444941e+01,2.443594e+01,2.443594e+01,2.444941e+01,2.440900e+01,2.442921e+01,2.452346e+01,2.453019e+01,2.446288e+01,2.442247e+01,2.451673e+01,2.447635e+01,2.446288e+01,2.448308e+01,2.432138e+01,2.448308e+01,2.445614e+01,2.454365e+01,2.448981e+01,2.441573e+01,2.442247e+01,2.449654e+01,2.438205e+01,2.442921e+01,2.444941e+01,2.440226e+01,2.440226e+01,2.444941e+01,2.442247e+01,2.429441e+01,2.444268e+01,2.440900e+01,2.441573e+01,2.442247e+01,2.439552e+01,2.434835e+01,2.431464e+01,2.434835e+01,2.432138e+01,2.432138e+01,2.419994e+01,2.434161e+01,2.432138e+01,2.427417e+01,2.420670e+01,2.417294e+01,2.399047e+01,2.394311e+01,2.401752e+01,2.428766e+01,2.406485e+01,2.434161e+01,2.430115e+01,2.432812e+01,2.430790e+01,2.436183e+01,2.433487e+01,2.430115e+01,2.430115e+01,2.427417e+01,2.430790e+01,2.442247e+01,2.429441e+01,2.436183e+01,2.435509e+01,2.435509e+01,2.438205e+01,2.438205e+01,2.439552e+01,2.430790e+01,2.436183e+01,2.436183e+01,2.432138e+01,2.434161e+01,2.434835e+01,2.417294e+01,2.434161e+01,2.444941e+01,2.429441e+01,2.446288e+01,2.433487e+01,2.448981e+01,2.444941e+01,2.445614e+01,2.442921e+01,2.444941e+01,2.436857e+01,2.440226e+01,2.442247e+01,2.443594e+01,2.437531e+01,2.444941e+01,2.446961e+01,2.449654e+01,2.448981e+01,2.436857e+01,2.440900e+01,2.452346e+01,2.438878e+01,2.454365e+01,2.453692e+01,2.447635e+01,2.446961e+01,2.444941e+01,2.444941e+01,2.446288e+01,2.446288e+01,2.459746e+01,2.455710e+01,2.453019e+01,2.452346e+01,2.436857e+01,2.457056e+01,2.458401e+01,2.445614e+01,2.455710e+01,2.444268e+01,2.448981e+01,2.455038e+01,2.456383e+01,2.458401e+01,2.449654e+01,2.447635e+01,2.455038e+01,2.465124e+01,2.448308e+01,2.449654e+01,2.454365e+01,2.453019e+01,2.453019e+01,2.469156e+01,2.462436e+01,2.470500e+01,2.457056e+01,2.446288e+01,2.464452e+01,2.446288e+01,2.451673e+01,2.446961e+01,2.452346e+01,2.451673e+01,2.452346e+01,2.457056e+01,2.448308e+01,2.444941e+01,2.446961e+01,2.463780e+01,2.463108e+01,2.448981e+01,2.451000e+01,2.456383e+01,2.451673e+01,2.455710e+01,2.457056e+01,2.455710e+01,2.446961e+01,2.448981e+01,2.451673e+01,2.453019e+01,2.461091e+01,2.451673e+01,2.451000e+01,2.441573e+01,2.451673e+01,2.438878e+01,2.451000e+01,2.452346e+01,2.440226e+01,2.455038e+01,2.449654e+01,2.451000e+01,2.451000e+01,2.442921e+01,2.438878e+01,2.445614e+01,2.446961e+01,2.440226e+01,2.441573e+01,2.444941e+01,2.446288e+01,2.453692e+01,2.463108e+01,2.455710e+01,2.445614e+01,2.436183e+01,2.438878e+01,2.433487e+01,2.442921e+01,2.434835e+01,2.431464e+01,2.441573e+01,2.435509e+01,2.430790e+01,2.446288e+01,2.446288e+01,2.442921e+01,2.428092e+01,2.447635e+01,2.435509e+01,2.438205e+01,2.438205e+01,2.440226e+01,2.439552e+01,2.436183e+01,2.436183e+01,2.422694e+01,2.435509e+01,2.440226e+01,2.426743e+01,2.441573e+01,2.440226e+01,2.436183e+01,2.431464e+01,2.439552e+01,2.428092e+01,2.431464e+01,2.440900e+01,2.441573e+01,2.429441e+01,2.435509e+01,2.432138e+01,2.430115e+01,2.439552e+01,2.432812e+01,2.443594e+01,2.427417e+01,2.442921e+01,2.438205e+01,2.438205e+01,2.432138e+01,2.431464e+01,2.442921e+01,2.431464e+01,2.442921e+01,2.442247e+01,2.434835e+01,2.446288e+01,2.445614e+01,2.440900e+01,2.436857e+01,2.437531e+01,2.432812e+01,2.417294e+01,2.436857e+01,2.434161e+01,2.438878e+01,2.413242e+01,2.428766e+01,2.432138e+01,2.427417e+01,2.422694e+01,2.428092e+01,2.403781e+01,2.384155e+01,2.405133e+01,2.428092e+01,2.392958e+01,2.387542e+01,2.348872e+01,2.346153e+01,2.340032e+01,2.339352e+01,2.335950e+01,2.322330e+01,2.332547e+01,2.333908e+01,2.326418e+01,2.325056e+01,2.319604e+01,2.320967e+01,2.337311e+01,2.335269e+01,2.333908e+01,2.342073e+01,2.325737e+01,2.336630e+01,2.334589e+01,2.316877e+01,2.314832e+01,2.318923e+01,2.346153e+01,2.335269e+01,2.335950e+01,2.334589e+01,2.337311e+01,2.346833e+01,2.346833e+01,2.357704e+01,2.341393e+01,2.332547e+01,2.330504e+01,2.337311e+01,2.333908e+01,2.364493e+01,2.383478e+01,2.373990e+01,2.388896e+01,2.435509e+01,2.452346e+01,2.454365e+01,2.430790e+01,2.434161e+01,2.419319e+01,2.423369e+01,2.427417e+01,2.424719e+01,2.409864e+01,2.397694e+01,2.386865e+01,2.397694e+01,2.367207e+01,2.379413e+01,2.400400e+01,2.400400e+01,2.399723e+01,2.415943e+01,2.417969e+01,2.438205e+01,2.421344e+01,2.406485e+01,2.369242e+01,2.348872e+01,2.339352e+01,2.341393e+01,2.342753e+01,2.384833e+01,2.451673e+01,2.509391e+01,2.543469e+01,2.568790e+01,2.579433e+01,2.580097e+01,2.554138e+01,2.481243e+01,2.470500e+01,2.417969e+01,2.396341e+01,2.383478e+01,2.370599e+01,2.367207e+01,2.340713e+01,2.316877e+01,2.344793e+01,2.323012e+01,2.345473e+01,2.378057e+01,2.449654e+01,2.609971e+01,2.617924e+01,2.477216e+01,2.447635e+01,2.428092e+01,2.434835e+01,2.441573e+01,2.435509e+01,2.437531e+01,2.441573e+01,2.432138e+01,2.430115e+01,2.427417e+01,2.430790e+01,2.428766e+01,2.432138e+01,2.430790e+01,2.436857e+01,2.439552e+01,2.428766e+01,2.430790e+01,2.433487e+01,2.432138e+01,2.432138e+01,2.431464e+01,2.436183e+01,2.447635e+01,2.429441e+01,2.438878e+01,2.435509e+01,2.438878e+01,2.429441e+01,2.442247e+01,2.439552e+01,2.436857e+01,2.430790e+01,2.436183e+01,2.436857e+01,2.434835e+01,2.431464e+01,2.409188e+01,2.431464e+01,2.447635e+01,2.444941e+01,2.452346e+01,2.457728e+01,2.467813e+01,2.436857e+01,2.438205e+01,2.438878e+01,2.435509e+01,2.440900e+01,2.430115e+01,2.428766e+01,2.438878e+01,2.439552e+01,2.436183e+01,2.433487e+01,2.435509e+01,2.431464e+01,2.440226e+01,2.438205e+01,2.465796e+01,2.539466e+01,2.590065e+01,2.607319e+01,2.609309e+01,2.613948e+01,2.633810e+01,2.633149e+01,2.629841e+01,2.640422e+01,2.639100e+01,2.639761e+01,2.632487e+01,2.643727e+01,2.633149e+01,2.635794e+01,2.630502e+01,2.621898e+01,2.627855e+01,2.618586e+01,2.619248e+01,2.618586e+01,2.621235e+01,2.606656e+01,2.602677e+01,2.591393e+01,2.591393e+01,2.586079e+01,2.585415e+01,2.578768e+01,2.583421e+01,2.579433e+01,2.577438e+01,2.588072e+01,2.579433e+01,2.580097e+01,2.580762e+01,2.579433e+01,2.581427e+01,2.577438e+01,2.564796e+01,2.550805e+01,2.551472e+01,2.544804e+01,2.557470e+01,2.522100e+01,2.524105e+01,2.487952e+01,2.500687e+01,2.500687e+01,2.482585e+01,2.498007e+01,2.483927e+01,2.493316e+01,2.493986e+01,2.471172e+01,2.494656e+01,2.485940e+01,2.487952e+01,2.486610e+01,2.465124e+01,2.487281e+01,2.487952e+01,2.495326e+01,2.489964e+01,2.496667e+01,2.498677e+01,2.481243e+01,2.492645e+01,2.481914e+01,2.473187e+01,2.457056e+01,2.464452e+01,2.453692e+01,2.450327e+01,2.440900e+01,2.449654e+01,2.440900e+01,2.429441e+01,2.427417e+01,2.442921e+01,2.419319e+01,2.424044e+01,2.422694e+01,2.430115e+01,2.422694e+01,2.424044e+01,2.428766e+01,2.392281e+01,2.406485e+01,2.404457e+01,2.411891e+01,2.399047e+01,2.409188e+01,2.383478e+01,2.386865e+01,2.381446e+01,2.380091e+01,2.365172e+01,2.361099e+01,2.370599e+01,2.378057e+01,2.396341e+01,2.394311e+01,2.404457e+01,2.423369e+01,2.409188e+01,2.416619e+01,2.409864e+01,2.409864e+01,2.390250e+01,2.387542e+01,2.419994e+01,2.428092e+01,2.431464e+01,2.441573e+01,2.443594e+01,2.436857e+01,2.436857e+01,2.440900e+01,2.452346e+01,2.448981e+01,2.447635e+01,2.448981e+01,2.451673e+01,2.453692e+01,2.453692e+01,2.452346e+01,2.450327e+01,2.447635e+01,2.452346e+01,2.453692e+01,2.455038e+01,2.455710e+01,2.455710e+01,2.453692e+01,2.449654e+01,2.453692e+01,2.452346e+01,2.451000e+01,2.454365e+01,2.448981e+01,2.450327e+01,2.453692e+01,2.442921e+01,2.452346e+01,2.453019e+01,2.456383e+01,2.457056e+01,2.457728e+01,2.447635e+01,2.452346e+01,2.457728e+01,2.457056e+01,2.453692e+01,2.452346e+01,2.444268e+01,2.455710e+01,2.448308e+01,2.442921e+01,2.451673e+01,2.443594e+01,2.463108e+01,2.442921e+01,2.447635e+01,2.443594e+01,2.443594e+01,2.453019e+01,2.444268e+01,2.455710e+01,2.462436e+01,2.459746e+01,2.454365e+01,2.449654e+01,2.461091e+01,2.446961e+01,2.445614e+01,2.454365e+01,2.444941e+01,2.446961e+01,2.453692e+01,2.457728e+01,2.448981e+01,2.455038e+01,2.457056e+01,2.449654e+01,2.451000e+01,2.437531e+01,2.437531e+01,2.452346e+01,2.450327e+01,2.459746e+01,2.456383e+01,2.448981e+01,2.457056e+01,2.449654e+01
2.459746e+01,2.446288e+01,2.448308e+01,2.446288e+01,2.446961e+01,2.442247e+01,2.453692e+01,2.457728e+01,2.451000e+01,2.448308e+01,2.449654e+01,2.453692e+01,2.451673e+01,2.449654e+01,2.455038e+01,2.448981e+01,2.440226e+01,2.441573e+01,2.445614e+01,2.444268e+01,2.454365e+01,2.442921e+01,2.441573e+01,2.457728e+01,2.455710e+01,2.447635e+01,2.438205e+01,2.450327e+01,2.460419e+01,2.448981e+01,2.440900e+01,2.448308e+01,2.441573e+01,2.450327e+01,2.440226e+01,2.445614e+01,2.442921e+01,2.447635e+01,2.458401e+01,2.444941e+01,2.442921e+01,2.443594e+01,2.441573e+01,2.453692e+01,2.453692e+01,2.440226e+01,2.439552e+01,2.446961e+01,2.448981e+01,2.450327e+01,2.449654e+01,2.445614e+01,2.443594e+01,2.440900e+01,2.447635e+01,2.442921e+01,2.454365e+01,2.444268e+01,2.453692e+01,2.439552e+01,2.435509e+01,2.441573e+01,2.446288e+01,2.445614e+01,2.446288e+01,2.444268e+01,2.442921e+01,2.433487e+01,2.446288e+01,2.440900e+01,2.446961e+01,2.434835e+01,2.444941e+01,2.442247e+01,2.439552e+01,2.428766e+01,2.430790e+01,2.463108e+01,2.433487e+01,2.428766e+01,2.418644e+01,2.416619e+01,2.394311e+01,2.394311e+01,2.424719e+01,2.394988e+01,2.427417e+01,2.428092e+01,2.424044e+01,2.422694e+01,2.423369e+01,2.426743e+01,2.432812e+01,2.440900e+01,2.429441e+01,2.428766e+01,2.427417e+01,2.428092e+01,2.433487e+01,2.430115e+01,2.433487e+01,2.434835e+01,2.437531e+01,2.440900e+01,2.432138e+01,2.441573e+01,2.438878e+01,2.430790e+01,2.435509e+01,2.435509e+01,2.434161e+01,2.433487e+01,2.440900e+01,2.442247e+01,2.451000e+01,2.430115e+01,2.430790e+01,2.434161e+01,2.433487e+01,2.436183e+01,2.436857e+01,2.440226e+01,2.436857e+01,2.451673e+01,2.440900e+01,2.437531e+01,2.452346e+01,2.446961e+01,2.438878e+01,2.437531e+01,2.442247e+01,2.452346e+01,2.440226e+01,2.439552e+01,2.439552e+01,2.441573e+01,2.440900e+01,2.447635e+01,2.439552e+01,2.448981e+01,2.461091e+01,2.448981e+01,2.451673e+01,2.452346e+01,2.452346e+01,2.451673e+01,2.449654e+01,2.455038e+01,2.455710e+01,2.455038e+01,2.441573e+01,2.455038e+01,2.451673e+01,2.458401e+01,2.458401e+01,2.467813e+01,2.459073e+01,2.453019e+01,2.447635e+01,2.458401e+01,2.457056e+01,2.454365e+01,2.460419e+01,2.453692e+01,2.455038e+01,2.455038e+01,2.456383e+01,2.470500e+01,2.450327e+01,2.461763e+01,2.455710e+01,2.447635e+01,2.452346e+01,2.459746e+01,2.453692e+01,2.452346e+01,2.461091e+01,2.463108e+01,2.446288e+01,2.457056e+01,2.459073e+01,2.452346e+01,2.450327e+01,2.451000e+01,2.446961e+01,2.459746e+01,2.457056e+01,2.453019e+01,2.454365e+01,2.458401e+01,2.455710e+01,2.456383e+01,2.460419e+01,2.451673e+01,2.451000e+01,2.446288e+01,2.444268e+01,2.449654e+01,2.453692e+01,2.448981e+01,2.453692e+01,2.449654e+01,2.438205e+01,2.446288e+01,2.447635e+01,2.446288e+01,2.443594e+01,2.447635e+01,2.451000e+01,2.442247e+01,2.440900e+01,2.442921e+01,2.445614e+01,2.444941e+01,2.442247e+01,2.442921e+01,2.446288e+01,2.457056e+01,2.442921e+01,2.444268e+01,2.444941e+01,2.446961e+01,2.442921e+01,2.434835e+01,2.441573e+01,2.439552e+01,2.444941e+01,2.440226e+01,2.435509e+01,2.436857e+01,2.438878e+01,2.438878e+01,2.442247e+01,2.440226e+01,2.434161e+01,2.438878e+01,2.424719e+01,2.433487e+01,2.440226e+01,2.445614e+01,2.437531e+01,2.436857e+01,2.439552e+01,2.437531e+01,2.440226e+01,2.431464e+01,2.428766e+01,2.426743e+01,2.430115e+01,2.428092e+01,2.433487e+01,2.425393e+01,2.445614e+01,2.441573e+01,2.448981e+01,2.433487e+01,2.440226e+01,2.434835e+01,2.438878e+01,2.434835e+01,2.426743e+01,2.427417e+01,2.441573e+01,2.440900e+01,2.435509e+01,2.441573e+01,2.440226e+01,2.436857e+01,2.431464e+01,2.434835e+01,2.445614e+01,2.444941e+01,2.432812e+01,2.435509e+01,2.435509e+01,2.433487e+01,2.432138e+01,2.432812e+01,2.438878e+01,2.434161e+01,2.419319e+01,2.429441e+01,2.434835e+01,2.436183e+01,2.430790e+01,2.419994e+01,2.409188e+01,2.394988e+01,2.370599e+01,2.383478e+01,2.381446e+01,2.395664e+01,2.377380e+01,2.354987e+01,2.345473e+01,2.335269e+01,2.335269e+01,2.328461e+01,2.323012e+01,2.322330e+01,2.313468e+01,2.316877e+01,2.337311e+01,2.338672e+01,2.335269e+01,2.335269e+01,2.355667e+01,2.334589e+01,2.331866e+01,2.316195e+01,2.322330e+01,2.312786e+01,2.317559e+01,2.329823e+01,2.332547e+01,2.338672e+01,2.332547e+01,2.335269e+01,2.337311e+01,2.339352e+01,2.352270e+01,2.370599e+01,2.383478e+01,2.380768e+01,2.361099e+01,2.361099e+01,2.361778e+01,2.387542e+01,2.402428e+01,2.392281e+01,2.388219e+01,2.390927e+01,2.390927e+01,2.409188e+01,2.435509e+01,2.426068e+01,2.434835e+01,2.413917e+01,2.412566e+01,2.412566e+01,2.411215e+01,2.405133e+01,2.409864e+01,2.419319e+01,2.401752e+01,2.396341e+01,2.404457e+01,2.396341e+01,2.398371e+01,2.406485e+01,2.409188e+01,2.406485e+01,2.448981e+01,2.444941e+01,2.444941e+01,2.409188e+01,2.405133e+01,2.376024e+01,2.373312e+01,2.350231e+01,2.385510e+01,2.481914e+01,2.507383e+01,2.458401e+01,2.483256e+01,2.525442e+01,2.482585e+01,2.449654e+01,2.449654e+01,2.422694e+01,2.398371e+01,2.364493e+01,2.365850e+01,2.370599e+01,2.368564e+01,2.346833e+01,2.333228e+01,2.317559e+01,2.316877e+01,2.319604e+01,2.367207e+01,2.394311e+01,2.492645e+01,2.570121e+01,2.491305e+01,2.477887e+01,2.432812e+01,2.434835e+01,2.438878e+01,2.426068e+01,2.435509e+01,2.428766e+01,2.428766e+01,2.433487e+01,2.428092e+01,2.430115e+01,2.442921e+01,2.430115e+01,2.430790e+01,2.442921e+01,2.428766e+01,2.424719e+01,2.438878e+01,2.425393e+01,2.432812e+01,2.433487e+01,2.428092e+01,2.431464e+01,2.426743e+01,2.432138e+01,2.436183e+01,2.440900e+01,2.420670e+01,2.436183e+01,2.430790e+01,2.433487e+01,2.439552e+01,2.438878e+01,2.427417e+01,2.436857e+01,2.428766e+01,2.438878e+01,2.432138e+01,2.430790e+01,2.430115e+01,2.459746e+01,2.478558e+01,2.489964e+01,2.491305e+01,2.488622e+01,2.469156e+01,2.459073e+01,2.465124e+01,2.473858e+01,2.443594e+01,2.439552e+01,2.439552e+01,2.437531e+01,2.436857e+01,2.446288e+01,2.458401e+01,2.463108e+01,2.475201e+01,2.506044e+01,2.564130e+01,2.592057e+01,2.619911e+01,2.621898e+01,2.621898e+01,2.631826e+01,2.636456e+01,2.633810e+01,2.638439e+01,2.636456e+01,2.640422e+01,2.641084e+01,2.639761e+01,2.636456e+01,2.620573e+01,2.627855e+01,2.627855e+01,2.619911e+01,2.616599e+01,2.627194e+01,2.609309e+01,2.611960e+01,2.615936e+01,2.615274e+01,2.605330e+01,2.593385e+01,2.602677e+01,2.589401e+01,2.589401e+01,2.575443e+01,2.582756e+01,2.592721e+01,2.578768e+01,2.576108e+01,2.592057e+01,2.579433e+01,2.580097e+01,2.575443e+01,2.561466e+01,2.576108e+01,2.554138e+01,2.551472e+01,2.550139e+01,2.542802e+01,2.522768e+01,2.504705e+01,2.508052e+01,2.492645e+01,2.487952e+01,2.484598e+01,2.479230e+01,2.479230e+01,2.493316e+01,2.492645e+01,2.477887e+01,2.493986e+01,2.485940e+01,2.487952e+01,2.482585e+01,2.484598e+01,2.466469e+01,2.469156e+01,2.473858e+01,2.493986e+01,2.496667e+01,2.494656e+01,2.475201e+01,2.488622e+01,2.488622e+01,2.482585e+01,2.461091e+01,2.471172e+01,2.459746e+01,2.457728e+01,2.443594e+01,2.446961e+01,2.441573e+01,2.441573e+01,2.432138e+01,2.426743e+01,2.422019e+01,2.428766e+01,2.408512e+01,2.422019e+01,2.419319e+01,2.425393e+01,2.422694e+01,2.404457e+01,2.407837e+01,2.394988e+01,2.388219e+01,2.392958e+01,2.376702e+01,2.380091e+01,2.380768e+01,2.355667e+01,2.357704e+01,2.340713e+01,2.344793e+01,2.348192e+01,2.359741e+01,2.364493e+01,2.380768e+01,2.382801e+01,2.411215e+01,2.405809e+01,2.395664e+01,2.432812e+01,2.414593e+01,2.409188e+01,2.399723e+01,2.386187e+01,2.388219e+01,2.423369e+01,2.434835e+01,2.452346e+01,2.451673e+01,2.451000e+01,2.449654e+01,2.447635e+01,2.443594e+01,2.445614e+01,2.455038e+01,2.450327e+01,2.449654e+01,2.451000e+01,2.438878e+01,2.451000e+01,2.452346e+01,2.440226e+01,2.446288e+01,2.451673e+01,2.448308e+01,2.451000e+01,2.441573e+01,2.448308e+01,2.450327e+01,2.453019e+01,2.453019e+01,2.452346e+01,2.450327e+01,2.457056e+01,2.453692e+01,2.454365e+01,2.446288e+01,2.442921e+01,2.454365e+01,2.461091e+01,2.436183e+01,2.451000e+01,2.458401e+01,2.449654e+01,2.459073e+01,2.445614e+01,2.452346e+01,2.458401e+01,2.457056e+01,2.458401e+01,2.449654e+01,2.448308e+01,2.452346e+01,2.457056e+01,2.456383e+01,2.455038e+01,2.454365e+01,2.452346e+01,2.451000e+01,2.461763e+01,2.454365e+01,2.445614e+01,2.465124e+01,2.460419e+01,2.457728e+01,2.464452e+01,2.463108e+01,2.451000e+01,2.449654e+01,2.443594e+01,2.453692e+01,2.448981e+01,2.449654e+01,2.455038e+01,2.455710e+01,2.448981e+01,2.449654e+01,2.455038e+01,2.438878e+01,2.463780e+01,2.457728e+01,2.461763e+01,2.463108e+01,2.451673e+01,2.451673e+01,2.457056e+01,2.460419e+01,2.457728e+01
2.444941e+01,2.444941e+01,2.432812e+01,2.444268e+01,2.448308e+01,2.435509e+01,2.439552e+01,2.427417e+01,2.443594e+01,2.449654e+01,2.436857e+01,2.443594e+01,2.451000e+01,2.453019e+01,2.442247e+01,2.436183e+01,2.454365e+01,2.448308e+01,2.442921e+01,2.436857e+01,2.441573e+01,2.443594e+01,2.451000e+01,2.443594e+01,2.443594e+01,2.458401e+01,2.457056e+01,2.447635e+01,2.448308e+01,2.446961e+01,2.445614e+01,2.446288e+01,2.443594e+01,2.444941e+01,2.438878e+01,2.455038e+01,2.437531e+01,2.471172e+01,2.441573e+01,2.449654e+01,2.436857e+01,2.450327e+01,2.443594e+01,2.446961e+01,2.442247e+01,2.444268e+01,2.440900e+01,2.442247e+01,2.434161e+01,2.442247e+01,2.440226e+01,2.443594e+01,2.446961e+01,2.457056e+01,2.441573e+01,2.450327e+01,2.448981e+01,2.438205e+01,2.439552e+01,2.452346e+01,2.449654e+01,2.451000e+01,2.432138e+01,2.438878e+01,2.444941e+01,2.445614e+01,2.442921e+01,2.446288e+01,2.438878e+01,2.438205e+01,2.446961e+01,2.442921e+01,2.436183e+01,2.431464e+01,2.439552e+01,2.432138e+01,2.432812e+01,2.432138e+01,2.434161e+01,2.421344e+01,2.424719e+01,2.419994e+01,2.384155e+01,2.398371e+01,2.399047e+01,2.427417e+01,2.424044e+01,2.423369e+01,2.430115e+01,2.424044e+01,2.434835e+01,2.442247e+01,2.424044e+01,2.431464e+01,2.441573e+01,2.432138e+01,2.426743e+01,2.431464e+01,2.434161e+01,2.436857e+01,2.437531e+01,2.434835e+01,2.431464e+01,2.440226e+01,2.441573e+01,2.442247e+01,2.438878e+01,2.425393e+01,2.433487e+01,2.434161e+01,2.444941e+01,2.433487e+01,2.435509e+01,2.443594e+01,2.431464e+01,2.430790e+01,2.430790e+01,2.442247e+01,2.446288e+01,2.441573e+01,2.438878e+01,2.439552e+01,2.433487e+01,2.438878e+01,2.436857e+01,2.434161e+01,2.438205e+01,2.448981e+01,2.436183e+01,2.447635e+01,2.438205e+01,2.441573e+01,2.437531e+01,2.441573e+01,2.441573e+01,2.440226e+01,2.446961e+01,2.448981e+01,2.442247e+01,2.449654e+01,2.445614e+01,2.436183e+01,2.451000e+01,2.451673e+01,2.453019e+01,2.450327e+01,2.458401e+01,2.451000e+01,2.451673e+01,2.446961e+01,2.455038e+01,2.455038e+01,2.453019e+01,2.458401e+01,2.454365e+01,2.453019e+01,2.449654e+01,2.454365e+01,2.460419e+01,2.458401e+01,2.448308e+01,2.457728e+01,2.448981e+01,2.453692e+01,2.455038e+01,2.458401e+01,2.457728e+01,2.452346e+01,2.461091e+01,2.461763e+01,2.443594e+01,2.451000e+01,2.461763e+01,2.450327e+01,2.451673e+01,2.451673e+01,2.464452e+01,2.448308e+01,2.456383e+01,2.457056e+01,2.455038e+01,2.445614e+01,2.453692e+01,2.455038e+01,2.446288e+01,2.458401e+01,2.455710e+01,2.459073e+01,2.453019e+01,2.431464e+01,2.450327e+01,2.448981e+01,2.451673e+01,2.452346e+01,2.451000e+01,2.447635e+01,2.447635e+01,2.446961e+01,2.436183e+01,2.450327e+01,2.450327e+01,2.448981e+01,2.447635e+01,2.443594e+01,2.453019e+01,2.444941e+01,2.447635e+01,2.441573e+01,2.455038e+01,2.443594e+01,2.447635e+01,2.443594e+01,2.441573e+01,2.442921e+01,2.440900e+01,2.446961e+01,2.444941e+01,2.443594e+01,2.440226e+01,2.441573e+01,2.448308e+01,2.435509e+01,2.434161e+01,2.446961e+01,2.442247e+01,2.440900e+01,2.436857e+01,2.429441e+01,2.442921e+01,2.441573e+01,2.434161e+01,2.446288e+01,2.439552e+01,2.435509e+01,2.441573e+01,2.442247e+01,2.419994e+01,2.426068e+01,2.438878e+01,2.442247e+01,2.432138e+01,2.440226e+01,2.434161e+01,2.442247e+01,2.428766e+01,2.424719e+01,2.431464e+01,2.442247e+01,2.434161e+01,2.426068e+01,2.428092e+01,2.433487e+01,2.430115e+01,2.433487e+01,2.429441e+01,2.429441e+01,2.432812e+01,2.433487e+01,2.430790e+01,2.446961e+01,2.433487e+01,2.428092e+01,2.442921e+01,2.436183e+01,2.441573e+01,2.433487e+01,2.430115e+01,2.432138e+01,2.431464e+01,2.436857e+01,2.431464e+01,2.430115e+01,2.430115e+01,2.434161e+01,2.436183e+01,2.438878e+01,2.434835e+01,2.440900e+01,2.438205e+01,2.432812e+01,2.424044e+01,2.430790e+01,2.418644e+01,2.428092e+01,2.410540e+01,2.411891e+01,2.410540e+01,2.376702e+01,2.351590e+01,2.359062e+01,2.371277e+01,2.364493e+01,2.378735e+01,2.348872e+01,2.334589e+01,2.341393e+01,2.346833e+01,2.324374e+01,2.329823e+01,2.325056e+01,2.357025e+01,2.357704e+01,2.354987e+01,2.347513e+01,2.339352e+01,2.349552e+01,2.351590e+01,2.346833e+01,2.320286e+01,2.314150e+01,2.321649e+01,2.334589e+01,2.329142e+01,2.320286e+01,2.335950e+01,2.337311e+01,2.335950e+01,2.350911e+01,2.337311e+01,2.354308e+01,2.392958e+01,2.437531e+01,2.499347e+01,2.498677e+01,2.429441e+01,2.401076e+01,2.399723e+01,2.401076e+01,2.412566e+01,2.400400e+01,2.373312e+01,2.386187e+01,2.430790e+01,2.434161e+01,2.379413e+01,2.382801e+01,2.398371e+01,2.411891e+01,2.392958e+01,2.392958e+01,2.388219e+01,2.386865e+01,2.415268e+01,2.431464e+01,2.426068e+01,2.422019e+01,2.423369e+01,2.419994e+01,2.422019e+01,2.440900e+01,2.430115e+01,2.399723e+01,2.426068e+01,2.415268e+01,2.426068e+01,2.397018e+01,2.388219e+01,2.388896e+01,2.371277e+01,2.361099e+01,2.380091e+01,2.400400e+01,2.401076e+01,2.401076e+01,2.409864e+01,2.410540e+01,2.409864e+01,2.405133e+01,2.405809e+01,2.378057e+01,2.359062e+01,2.356346e+01,2.363814e+01,2.359741e+01,2.381446e+01,2.378057e+01,2.342073e+01,2.331866e+01,2.316195e+01,2.319604e+01,2.338672e+01,2.339352e+01,2.383478e+01,2.463780e+01,2.487952e+01,2.438205e+01,2.447635e+01,2.423369e+01,2.435509e+01,2.423369e+01,2.437531e+01,2.426068e+01,2.424044e+01,2.430790e+01,2.428766e+01,2.432138e+01,2.424719e+01,2.432138e+01,2.431464e+01,2.422694e+01,2.428092e+01,2.440900e+01,2.426068e+01,2.431464e+01,2.431464e+01,2.430790e+01,2.426743e+01,2.432138e+01,2.440900e+01,2.427417e+01,2.432812e+01,2.436183e+01,2.436857e+01,2.435509e+01,2.434835e+01,2.435509e+01,2.437531e+01,2.423369e+01,2.439552e+01,2.430115e+01,2.422019e+01,2.451673e+01,2.432138e+01,2.432812e+01,2.456383e+01,2.488622e+01,2.544137e+01,2.551472e+01,2.562798e+01,2.569455e+01,2.551472e+01,2.551472e+01,2.552139e+01,2.517419e+01,2.500017e+01,2.484598e+01,2.485940e+01,2.486610e+01,2.489293e+01,2.489293e+01,2.532790e+01,2.534793e+01,2.560134e+01,2.572782e+01,2.585415e+01,2.605330e+01,2.623884e+01,2.623884e+01,2.633810e+01,2.628517e+01,2.640422e+01,2.637778e+01,2.637778e+01,2.644388e+01,2.635794e+01,2.639100e+01,2.643066e+01,2.631164e+01,2.619911e+01,2.622560e+01,2.627855e+01,2.615274e+01,2.627855e+01,2.612623e+01,2.620573e+01,2.603340e+01,2.615274e+01,2.615274e+01,2.597368e+01,2.587408e+01,2.594713e+01,2.585415e+01,2.578103e+01,2.562798e+01,2.560134e+01,2.581427e+01,2.578103e+01,2.575443e+01,2.577438e+01,2.580097e+01,2.574113e+01,2.558136e+01,2.561466e+01,2.558136e+01,2.548805e+01,2.546805e+01,2.550139e+01,2.545471e+01,2.523437e+01,2.517419e+01,2.516082e+01,2.515413e+01,2.500017e+01,2.481914e+01,2.485940e+01,2.474530e+01,2.469828e+01,2.469828e+01,2.470500e+01,2.485940e+01,2.480572e+01,2.473858e+01,2.467141e+01,2.460419e+01,2.485940e+01,2.467141e+01,2.461763e+01,2.489293e+01,2.486610e+01,2.483256e+01,2.478558e+01,2.471844e+01,2.467813e+01,2.471844e+01,2.464452e+01,2.455710e+01,2.451000e+01,2.439552e+01,2.443594e+01,2.435509e+01,2.440226e+01,2.440226e+01,2.422019e+01,2.417294e+01,2.407837e+01,2.409188e+01,2.401752e+01,2.408512e+01,2.409188e+01,2.417294e+01,2.401076e+01,2.403781e+01,2.391604e+01,2.387542e+01,2.378735e+01,2.374668e+01,2.382801e+01,2.361099e+01,2.365850e+01,2.342753e+01,2.342073e+01,2.340713e+01,2.339352e+01,2.346153e+01,2.350231e+01,2.338672e+01,2.376702e+01,2.377380e+01,2.396341e+01,2.395664e+01,2.411891e+01,2.402428e+01,2.410540e+01,2.399047e+01,2.393634e+01,2.401752e+01,2.390927e+01,2.379413e+01,2.421344e+01,2.445614e+01,2.451673e+01,2.448981e+01,2.451000e+01,2.447635e+01,2.452346e+01,2.451000e+01,2.446961e+01,2.450327e+01,2.452346e+01,2.456383e+01,2.448981e+01,2.453692e+01,2.450327e+01,2.448981e+01,2.445614e+01,2.453019e+01,2.449654e+01,2.456383e+01,2.467813e+01,2.444268e+01,2.452346e+01,2.442247e+01,2.457728e+01,2.451000e+01,2.457728e+01,2.452346e+01,2.455710e+01,2.451673e+01,2.452346e+01,2.453019e+01,2.438878e+01,2.444268e+01,2.456383e+01,2.459746e+01,2.457728e+01,2.450327e+01,2.460419e+01,2.452346e+01,2.452346e+01,2.459073e+01,2.455710e+01,2.457728e+01,2.457056e+01,2.455038e+01,2.453019e+01,2.442247e+01,2.467141e+01,2.455038e+01,2.451000e+01,2.451000e+01,2.451000e+01,2.452346e+01,2.451000e+01,2.461091e+01,2.468484e+01,2.452346e+01,2.449654e+01,2.461763e+01,2.455710e+01,2.446288e+01,2.447635e+01,2.455038e+01,2.444268e+01,2.446961e+01,2.457728e+01,2.451673e+01,2.456383e+01,2.453019e+01,2.449654e+01,2.451000e+01,2.454365e+01,2.446288e+01,2.413917e+01,2.438878e+01,2.451000e+01,2.451000e+01,2.460419e+01,2.454365e+01,2.442247e+01,2.447635e+01
2.440226e+01,2.444941e+01,2.444268e+01,2.444941e+01,2.440900e+01,2.430115e+01,2.452346e+01,2.433487e+01,2.449654e+01,2.444941e+01,2.445614e+01,2.440226e+01,2.439552e+01,2.435509e+01,2.438205e+01,2.433487e+01,2.435509e+01,2.437531e+01,2.438205e+01,2.449654e+01,2.441573e+01,2.441573e+01,2.442921e+01,2.457728e+01,2.444268e+01,2.440900e+01,2.426743e+01,2.446288e+01,2.448308e+01,2.446961e+01,2.438878e+01,2.442921e+01,2.433487e+01,2.444941e+01,2.440900e+01,2.445614e+01,2.440226e+01,2.438205e+01,2.446288e+01,2.440226e+01,2.446288e+01,2.445614e+01,2.450327e+01,2.438878e+01,2.436857e+01,2.436183e+01,2.436857e+01,2.440226e+01,2.442247e+01,2.442247e+01,2.448308e+01,2.440900e+01,2.450327e+01,2.446961e+01,2.436183e+01,2.448981e+01,2.438205e+01,2.447635e+01,2.451000e+01,2.437531e+01,2.448308e+01,2.432812e+01,2.438878e+01,2.440226e+01,2.447635e+01,2.441573e+01,2.446961e+01,2.430790e+01,2.436857e+01,2.431464e+01,2.440226e+01,2.435509e+01,2.429441e+01,2.434161e+01,2.436857e+01,2.436183e+01,2.423369e+01,2.430790e+01,2.423369e+01,2.425393e+01,2.432138e+01,2.415943e+01,2.390250e+01,2.395664e+01,2.419319e+01,2.427417e+01,2.426068e+01,2.428766e+01,2.411215e+01,2.427417e+01,2.422694e+01,2.432138e+01,2.434835e+01,2.429441e+01,2.424719e+01,2.425393e+01,2.428766e+01,2.426743e+01,2.432138e+01,2.432138e+01,2.434161e+01,2.426743e+01,2.436183e+01,2.435509e+01,2.431464e+01,2.425393e+01,2.422019e+01,2.429441e+01,2.428092e+01,2.436183e+01,2.434161e+01,2.436857e+01,2.434835e+01,2.432812e+01,2.440226e+01,2.438878e+01,2.444941e+01,2.447635e+01,2.445614e+01,2.444268e+01,2.439552e+01,2.438205e+01,2.436857e+01,2.438878e+01,2.434161e+01,2.434835e+01,2.439552e+01,2.442921e+01,2.436857e+01,2.442247e+01,2.432138e+01,2.441573e+01,2.442921e+01,2.439552e+01,2.445614e+01,2.438205e+01,2.442921e+01,2.449654e+01,2.453692e+01,2.436183e+01,2.445614e+01,2.448308e+01,2.446288e+01,2.446961e+01,2.449654e+01,2.426068e+01,2.440900e+01,2.454365e+01,2.448308e+01,2.454365e+01,2.436857e+01,2.458401e+01,2.448308e+01,2.442921e+01,2.448308e+01,2.446961e+01,2.458401e+01,2.448308e+01,2.449654e+01,2.457056e+01,2.457056e+01,2.456383e+01,2.449654e+01,2.458401e+01,2.455710e+01,2.456383e+01,2.459073e+01,2.456383e+01,2.455710e+01,2.446961e+01,2.447635e+01,2.447635e+01,2.463780e+01,2.446961e+01,2.447635e+01,2.463108e+01,2.450327e+01,2.451000e+01,2.449654e+01,2.459073e+01,2.452346e+01,2.455710e+01,2.461763e+01,2.450327e+01,2.457728e+01,2.453692e+01,2.446288e+01,2.452346e+01,2.455710e+01,2.452346e+01,2.446961e+01,2.452346e+01,2.447635e+01,2.448981e+01,2.448308e+01,2.449654e+01,2.452346e+01,2.449654e+01,2.446961e+01,2.448981e+01,2.448308e+01,2.449654e+01,2.446288e+01,2.436857e+01,2.444941e+01,2.443594e+01,2.446961e+01,2.442247e+01,2.441573e+01,2.446961e+01,2.444268e+01,2.444268e+01,2.445614e+01,2.445614e+01,2.446961e+01,2.443594e+01,2.442247e+01,2.436183e+01,2.438205e+01,2.452346e+01,2.440226e+01,2.436857e+01,2.444941e+01,2.438878e+01,2.436183e+01,2.435509e+01,2.432138e+01,2.427417e+01,2.440900e+01,2.431464e+01,2.430115e+01,2.436857e+01,2.433487e+01,2.430115e+01,2.428766e+01,2.437531e+01,2.434835e+01,2.428092e+01,2.436183e+01,2.438205e+01,2.439552e+01,2.450327e+01,2.437531e+01,2.436857e+01,2.429441e+01,2.430115e+01,2.426743e+01,2.430790e+01,2.432138e+01,2.434835e+01,2.426743e+01,2.424719e+01,2.434161e+01,2.415943e+01,2.418644e+01,2.430790e+01,2.428766e+01,2.426743e+01,2.428766e+01,2.429441e+01,2.432812e+01,2.428766e+01,2.430790e+01,2.438205e+01,2.430115e+01,2.438878e+01,2.432812e+01,2.436857e+01,2.433487e+01,2.434835e+01,2.428092e+01,2.435509e+01,2.438205e+01,2.431464e+01,2.422694e+01,2.434161e+01,2.424044e+01,2.423369e+01,2.433487e+01,2.417969e+01,2.419319e+01,2.432138e+01,2.429441e+01,2.420670e+01,2.424719e+01,2.422019e+01,2.390927e+01,2.367886e+01,2.339352e+01,2.337311e+01,2.369921e+01,2.370599e+01,2.372634e+01,2.359741e+01,2.322330e+01,2.339352e+01,2.333228e+01,2.337311e+01,2.353629e+01,2.359741e+01,2.392281e+01,2.394988e+01,2.398371e+01,2.401076e+01,2.365172e+01,2.324374e+01,2.312104e+01,2.320967e+01,2.302550e+01,2.308010e+01,2.319604e+01,2.307328e+01,2.322330e+01,2.313468e+01,2.315514e+01,2.314150e+01,2.310739e+01,2.330504e+01,2.355667e+01,2.366529e+01,2.409864e+01,2.523437e+01,2.617261e+01,2.614611e+01,2.528115e+01,2.436183e+01,2.407837e+01,2.402428e+01,2.392281e+01,2.370599e+01,2.365172e+01,2.376702e+01,2.437531e+01,2.466469e+01,2.403781e+01,2.366529e+01,2.373312e+01,2.373312e+01,2.352949e+01,2.373312e+01,2.383478e+01,2.406485e+01,2.423369e+01,2.423369e+01,2.420670e+01,2.421344e+01,2.457728e+01,2.445614e+01,2.434161e+01,2.444268e+01,2.419319e+01,2.388896e+01,2.386865e+01,2.409188e+01,2.382123e+01,2.374668e+01,2.347513e+01,2.342753e+01,2.340713e+01,2.340032e+01,2.346153e+01,2.344113e+01,2.346153e+01,2.358383e+01,2.350911e+01,2.354308e+01,2.355667e+01,2.360420e+01,2.355667e+01,2.341393e+01,2.344113e+01,2.342753e+01,2.346153e+01,2.348872e+01,2.335950e+01,2.331185e+01,2.344113e+01,2.329142e+01,2.307328e+01,2.309375e+01,2.305963e+01,2.336630e+01,2.362457e+01,2.400400e+01,2.423369e+01,2.429441e+01,2.424044e+01,2.423369e+01,2.423369e+01,2.426068e+01,2.421344e+01,2.426743e+01,2.421344e+01,2.426068e+01,2.432812e+01,2.432138e+01,2.417969e+01,2.425393e+01,2.432138e+01,2.423369e+01,2.429441e+01,2.422694e+01,2.430790e+01,2.434161e+01,2.422019e+01,2.434835e+01,2.424719e+01,2.412566e+01,2.424044e+01,2.431464e+01,2.420670e+01,2.436857e+01,2.424044e+01,2.435509e+01,2.432138e+01,2.428766e+01,2.435509e+01,2.421344e+01,2.437531e+01,2.422019e+01,2.426743e+01,2.436857e+01,2.428092e+01,2.430115e+01,2.469828e+01,2.528115e+01,2.567459e+01,2.573447e+01,2.582756e+01,2.596704e+01,2.609971e+01,2.605993e+01,2.607319e+01,2.586079e+01,2.587408e+01,2.585415e+01,2.558802e+01,2.543469e+01,2.556804e+01,2.562798e+01,2.543469e+01,2.566793e+01,2.571451e+01,2.576108e+01,2.580762e+01,2.587408e+01,2.604667e+01,2.625208e+01,2.626532e+01,2.632487e+01,2.635133e+01,2.632487e+01,2.643727e+01,2.642405e+01,2.637778e+01,2.633149e+01,2.627194e+01,2.629841e+01,2.628517e+01,2.617924e+01,2.616599e+01,2.613286e+01,2.615274e+01,2.613948e+01,2.611960e+01,2.594713e+01,2.597368e+01,2.596704e+01,2.596704e+01,2.587408e+01,2.576773e+01,2.567459e+01,2.559468e+01,2.563464e+01,2.560134e+01,2.560134e+01,2.562132e+01,2.563464e+01,2.560134e+01,2.562798e+01,2.554138e+01,2.554138e+01,2.567459e+01,2.552139e+01,2.550805e+01,2.535461e+01,2.524773e+01,2.524105e+01,2.520763e+01,2.510730e+01,2.489293e+01,2.497337e+01,2.484598e+01,2.486610e+01,2.471172e+01,2.467813e+01,2.467813e+01,2.461091e+01,2.457728e+01,2.460419e+01,2.473187e+01,2.469156e+01,2.457728e+01,2.457728e+01,2.457056e+01,2.470500e+01,2.464452e+01,2.472515e+01,2.474530e+01,2.461091e+01,2.465796e+01,2.475201e+01,2.453692e+01,2.461763e+01,2.458401e+01,2.438205e+01,2.438205e+01,2.435509e+01,2.422694e+01,2.421344e+01,2.428766e+01,2.429441e+01,2.422694e+01,2.416619e+01,2.410540e+01,2.409864e+01,2.407161e+01,2.417294e+01,2.407837e+01,2.409864e+01,2.394311e+01,2.380091e+01,2.388219e+01,2.369921e+01,2.365172e+01,2.365172e+01,2.355667e+01,2.350911e+01,2.334589e+01,2.334589e+01,2.331185e+01,2.333908e+01,2.330504e+01,2.342073e+01,2.340032e+01,2.345473e+01,2.353629e+01,2.354308e+01,2.367886e+01,2.399047e+01,2.394988e+01,2.394988e+01,2.400400e+01,2.417294e+01,2.399047e+01,2.392958e+01,2.386865e+01,2.380768e+01,2.392281e+01,2.413917e+01,2.448981e+01,2.434161e+01,2.448308e+01,2.442921e+01,2.448981e+01,2.443594e+01,2.440900e+01,2.447635e+01,2.440900e+01,2.438205e+01,2.447635e+01,2.452346e+01,2.451673e+01,2.448308e+01,2.447635e+01,2.451000e+01,2.451000e+01,2.460419e+01,2.444268e+01,2.448981e+01,2.458401e+01,2.451000e+01,2.455038e+01,2.451673e+01,2.451000e+01,2.449654e+01,2.445614e+01,2.452346e+01,2.455038e+01,2.448308e+01,2.463780e+01,2.438205e+01,2.460419e+01,2.446961e+01,2.459073e+01,2.444941e+01,2.446961e+01,2.454365e+01,2.459746e+01,2.435509e+01,2.455710e+01,2.448981e+01,2.451673e+01,2.442247e+01,2.451000e+01,2.447635e+01,2.446288e+01,2.446961e+01,2.453692e+01,2.446288e+01,2.446288e+01,2.446961e+01,2.450327e+01,2.448981e+01,2.451673e+01,2.446288e+01,2.451000e+01,2.448981e+01,2.452346e+01,2.453692e+01,2.454365e+01,2.450327e+01,2.451000e+01,2.442921e+01,2.450327e+01,2.437531e+01,2.457056e+01,2.434835e+01,2.456383e+01,2.444268e+01,2.448308e+01,2.463780e+01,2.447635e+01,2.453692e+01,2.459073e+01,2.455038e+01,2.455038e+01,2.453019e+01,2.440226e+01,2.443594e+01
2.443594e+01,2.436183e+01,2.440226e+01,2.446288e+01,2.438878e+01,2.444268e+01,2.436183e+01,2.448981e+01,2.445614e+01,2.431464e+01,2.430115e+01,2.449654e+01,2.443594e+01,2.451673e+01,2.448981e+01,2.450327e+01,2.449654e+01,2.445614e+01,2.455038e+01,2.440900e+01,2.441573e+01,2.447635e+01,2.440900e+01,2.445614e+01,2.455038e+01,2.446288e+01,2.437531e+01,2.448308e+01,2.447635e+01,2.442921e+01,2.445614e+01,2.439552e+01,2.443594e+01,2.448308e+01,2.448981e+01,2.438205e+01,2.446961e+01,2.446288e+01,2.447635e+01,2.443594e+01,2.448981e+01,2.444941e+01,2.450327e+01,2.442247e+01,2.440226e+01,2.438205e+01,2.438878e+01,2.437531e+01,2.440226e+01,2.442247e+01,2.447635e+01,2.444941e+01,2.444268e+01,2.439552e+01,2.430790e+01,2.434835e+01,2.440900e+01,2.441573e+01,2.442921e+01,2.430790e+01,2.451000e+01,2.432138e+01,2.442247e+01,2.441573e+01,2.442921e+01,2.432812e+01,2.445614e+01,2.431464e+01,2.438205e+01,2.437531e+01,2.432138e+01,2.428092e+01,2.428092e+01,2.440226e+01,2.430115e+01,2.431464e+01,2.432138e+01,2.430115e+01,2.422694e+01,2.428766e+01,2.417294e+01,2.416619e+01,2.415943e+01,2.394311e+01,2.382801e+01,2.419319e+01,2.422694e+01,2.424044e+01,2.424719e+01,2.420670e+01,2.426068e+01,2.428766e+01,2.423369e+01,2.426068e+01,2.435509e+01,2.428766e+01,2.419994e+01,2.422019e+01,2.432138e+01,2.425393e+01,2.434161e+01,2.435509e+01,2.437531e+01,2.433487e+01,2.436857e+01,2.430790e+01,2.425393e+01,2.425393e+01,2.438878e+01,2.440226e+01,2.428092e+01,2.432812e+01,2.442247e+01,2.433487e+01,2.432138e+01,2.437531e+01,2.440226e+01,2.443594e+01,2.442921e+01,2.440226e+01,2.447635e+01,2.440226e+01,2.436857e+01,2.436857e+01,2.440900e+01,2.436857e+01,2.447635e+01,2.432812e+01,2.452346e+01,2.439552e+01,2.448981e+01,2.442247e+01,2.439552e+01,2.456383e+01,2.437531e+01,2.441573e+01,2.444941e+01,2.440900e+01,2.446288e+01,2.446961e+01,2.454365e+01,2.446288e+01,2.448981e+01,2.448981e+01,2.447635e+01,2.455038e+01,2.451000e+01,2.457056e+01,2.455038e+01,2.453019e+01,2.454365e+01,2.455038e+01,2.457728e+01,2.448981e+01,2.453692e+01,2.459073e+01,2.447635e+01,2.445614e+01,2.448308e+01,2.454365e+01,2.458401e+01,2.450327e+01,2.461091e+01,2.455710e+01,2.457056e+01,2.453019e+01,2.455710e+01,2.434835e+01,2.452346e+01,2.448308e+01,2.448308e+01,2.466469e+01,2.465124e+01,2.447635e+01,2.463780e+01,2.454365e+01,2.450327e+01,2.449654e+01,2.475201e+01,2.449654e+01,2.456383e+01,2.451000e+01,2.449654e+01,2.458401e+01,2.453692e+01,2.452346e+01,2.455710e+01,2.460419e+01,2.458401e+01,2.453019e+01,2.446288e+01,2.451673e+01,2.447635e+01,2.445614e+01,2.453019e+01,2.455710e+01,2.448308e+01,2.452346e+01,2.451000e+01,2.463780e+01,2.436183e+01,2.447635e+01,2.448981e+01,2.444268e+01,2.446288e+01,2.452346e+01,2.447635e+01,2.446288e+01,2.452346e+01,2.444941e+01,2.443594e+01,2.444941e+01,2.444941e+01,2.445614e+01,2.445614e+01,2.442921e+01,2.448981e+01,2.445614e+01,2.439552e+01,2.444941e+01,2.438878e+01,2.439552e+01,2.436183e+01,2.438205e+01,2.436183e+01,2.427417e+01,2.430790e+01,2.431464e+01,2.433487e+01,2.435509e+01,2.434835e+01,2.436857e+01,2.437531e+01,2.430115e+01,2.442921e+01,2.434161e+01,2.427417e+01,2.447635e+01,2.446288e+01,2.438205e+01,2.440226e+01,2.430790e+01,2.434835e+01,2.431464e+01,2.427417e+01,2.432138e+01,2.457728e+01,2.428092e+01,2.440900e+01,2.430790e+01,2.427417e+01,2.425393e+01,2.432812e+01,2.438205e+01,2.431464e+01,2.432812e+01,2.436183e+01,2.438205e+01,2.432812e+01,2.444268e+01,2.430115e+01,2.429441e+01,2.442247e+01,2.434835e+01,2.436857e+01,2.436857e+01,2.436183e+01,2.438205e+01,2.432138e+01,2.436183e+01,2.438878e+01,2.430115e+01,2.435509e+01,2.439552e+01,2.436857e+01,2.438205e+01,2.419319e+01,2.432812e+01,2.430790e+01,2.432812e+01,2.428092e+01,2.431464e+01,2.430115e+01,2.423369e+01,2.399047e+01,2.399047e+01,2.397694e+01,2.360420e+01,2.352949e+01,2.323693e+01,2.361778e+01,2.372634e+01,2.361778e+01,2.346153e+01,2.344793e+01,2.340032e+01,2.348192e+01,2.367886e+01,2.379413e+01,2.415943e+01,2.415943e+01,2.405809e+01,2.409188e+01,2.474530e+01,2.426743e+01,2.346153e+01,2.316195e+01,2.311422e+01,2.301184e+01,2.318923e+01,2.332547e+01,2.297769e+01,2.281363e+01,2.281363e+01,2.280679e+01,2.314832e+01,2.314150e+01,2.335950e+01,2.384833e+01,2.439552e+01,2.522768e+01,2.554138e+01,2.602013e+01,2.514075e+01,2.436857e+01,2.410540e+01,2.371956e+01,2.367886e+01,2.365172e+01,2.349552e+01,2.367886e+01,2.367886e+01,2.378057e+01,2.364493e+01,2.363814e+01,2.355667e+01,2.368564e+01,2.357025e+01,2.351590e+01,2.350911e+01,2.350911e+01,2.381446e+01,2.403105e+01,2.401076e+01,2.424719e+01,2.455710e+01,2.451673e+01,2.430115e+01,2.446288e+01,2.457056e+01,2.436183e+01,2.404457e+01,2.386187e+01,2.384155e+01,2.355667e+01,2.351590e+01,2.364493e+01,2.339352e+01,2.343433e+01,2.345473e+01,2.342073e+01,2.347513e+01,2.344793e+01,2.367207e+01,2.351590e+01,2.354987e+01,2.405133e+01,2.392958e+01,2.376702e+01,2.367207e+01,2.359741e+01,2.361778e+01,2.329823e+01,2.356346e+01,2.345473e+01,2.336630e+01,2.323693e+01,2.314832e+01,2.301867e+01,2.301867e+01,2.327780e+01,2.353629e+01,2.333228e+01,2.357025e+01,2.392958e+01,2.397694e+01,2.422019e+01,2.425393e+01,2.415268e+01,2.424719e+01,2.428092e+01,2.425393e+01,2.431464e+01,2.430790e+01,2.435509e+01,2.426743e+01,2.431464e+01,2.428766e+01,2.431464e+01,2.422019e+01,2.425393e+01,2.428766e+01,2.425393e+01,2.427417e+01,2.428092e+01,2.430115e+01,2.424719e+01,2.425393e+01,2.419994e+01,2.425393e+01,2.433487e+01,2.428092e+01,2.435509e+01,2.432812e+01,2.432812e+01,2.430115e+01,2.437531e+01,2.419319e+01,2.437531e+01,2.428766e+01,2.432138e+01,2.434161e+01,2.434835e+01,2.453019e+01,2.526110e+01,2.553472e+01,2.584750e+01,2.599359e+01,2.583421e+01,2.623884e+01,2.615936e+01,2.626532e+01,2.629841e+01,2.645709e+01,2.617924e+01,2.613948e+01,2.614611e+01,2.612623e+01,2.574778e+01,2.566793e+01,2.566127e+01,2.560800e+01,2.561466e+01,2.576773e+01,2.592057e+01,2.588736e+01,2.604667e+01,2.602677e+01,2.628517e+01,2.635133e+01,2.637117e+01,2.631826e+01,2.637778e+01,2.643727e+01,2.628517e+01,2.623884e+01,2.620573e+01,2.619248e+01,2.622560e+01,2.615274e+01,2.615936e+01,2.614611e+01,2.607982e+01,2.599359e+01,2.611297e+01,2.609971e+01,2.602013e+01,2.592721e+01,2.592057e+01,2.594713e+01,2.587408e+01,2.578768e+01,2.562798e+01,2.555471e+01,2.551472e+01,2.558136e+01,2.560800e+01,2.563464e+01,2.564796e+01,2.564796e+01,2.558802e+01,2.558136e+01,2.547471e+01,2.552805e+01,2.550805e+01,2.550805e+01,2.523437e+01,2.518088e+01,2.523437e+01,2.522768e+01,2.515413e+01,2.489293e+01,2.489293e+01,2.475201e+01,2.479230e+01,2.449654e+01,2.453692e+01,2.453019e+01,2.454365e+01,2.451673e+01,2.459073e+01,2.457056e+01,2.465124e+01,2.455710e+01,2.455038e+01,2.452346e+01,2.463108e+01,2.455038e+01,2.453019e+01,2.465124e+01,2.471172e+01,2.471172e+01,2.456383e+01,2.453692e+01,2.448981e+01,2.431464e+01,2.423369e+01,2.422019e+01,2.419319e+01,2.421344e+01,2.433487e+01,2.415268e+01,2.426068e+01,2.413917e+01,2.401752e+01,2.398371e+01,2.403105e+01,2.401076e+01,2.383478e+01,2.391604e+01,2.378735e+01,2.392958e+01,2.380091e+01,2.365850e+01,2.375346e+01,2.375346e+01,2.358383e+01,2.333228e+01,2.329823e+01,2.332547e+01,2.308693e+01,2.330504e+01,2.325737e+01,2.335269e+01,2.337991e+01,2.333228e+01,2.339352e+01,2.365850e+01,2.361778e+01,2.397694e+01,2.396341e+01,2.397018e+01,2.398371e+01,2.397694e+01,2.398371e+01,2.391604e+01,2.390927e+01,2.387542e+01,2.404457e+01,2.390927e+01,2.427417e+01,2.442921e+01,2.443594e+01,2.440226e+01,2.445614e+01,2.442247e+01,2.455710e+01,2.442247e+01,2.442921e+01,2.451000e+01,2.444941e+01,2.443594e+01,2.453692e+01,2.444268e+01,2.445614e+01,2.449654e+01,2.444941e+01,2.448308e+01,2.453019e+01,2.446288e+01,2.445614e+01,2.457056e+01,2.440900e+01,2.457728e+01,2.457728e+01,2.449654e+01,2.443594e+01,2.453692e+01,2.447635e+01,2.453019e+01,2.439552e+01,2.436183e+01,2.457056e+01,2.449654e+01,2.442921e+01,2.442247e+01,2.458401e+01,2.449654e+01,2.466469e+01,2.451000e+01,2.459073e+01,2.441573e+01,2.452346e+01,2.453019e+01,2.446288e+01,2.450327e+01,2.448308e+01,2.448308e+01,2.465796e+01,2.465124e+01,2.461091e+01,2.463108e+01,2.448308e+01,2.451000e+01,2.459073e+01,2.440900e+01,2.438205e+01,2.440900e+01,2.459746e+01,2.453692e+01,2.453019e+01,2.451673e+01,2.454365e+01,2.451673e+01,2.446961e+01,2.453692e+01,2.434835e+01,2.444941e+01,2.459746e+01,2.458401e+01,2.442921e+01,2.451673e+01,2.461763e+01,2.448308e+01,2.437531e+01,2.463780e+01,2.451673e+01,2.455038e+01,2.442247e+01,2.439552e+01
2.430115e+01,2.425393e+01,2.438205e+01,2.433487e+01,2.437531e+01,2.438878e+01,2.442921e+01,2.441573e+01,2.436857e+01,2.445614e+01,2.439552e+01,2.438878e+01,2.434161e+01,2.438878e+01,2.434161e+01,2.438205e+01,2.446961e+01,2.449654e+01,2.441573e+01,2.453692e+01,2.451673e+01,2.444268e+01,2.444941e+01,2.444268e+01,2.444941e+01,2.441573e+01,2.446961e+01,2.445614e+01,2.441573e+01,2.446961e+01,2.443594e+01,2.451000e+01,2.446961e+01,2.444941e+01,2.448308e+01,2.451673e+01,2.442247e+01,2.438205e+01,2.442921e+01,2.445614e+01,2.442247e+01,2.442247e+01,2.436183e+01,2.439552e+01,2.434835e+01,2.437531e+01,2.457056e+01,2.441573e+01,2.455710e+01,2.442247e+01,2.442921e+01,2.439552e+01,2.434835e+01,2.448981e+01,2.443594e+01,2.448308e+01,2.440226e+01,2.439552e+01,2.444941e+01,2.430115e+01,2.444268e+01,2.434161e+01,2.431464e+01,2.438878e+01,2.443594e+01,2.440900e+01,2.439552e+01,2.440900e+01,2.440226e+01,2.432812e+01,2.425393e+01,2.431464e+01,2.419319e+01,2.432812e+01,2.430115e+01,2.440900e+01,2.428766e+01,2.422694e+01,2.434161e+01,2.439552e+01,2.426743e+01,2.422694e+01,2.399047e+01,2.399723e+01,2.398371e+01,2.420670e+01,2.419319e+01,2.428766e+01,2.432138e+01,2.419994e+01,2.429441e+01,2.426068e+01,2.420670e+01,2.432138e+01,2.434835e+01,2.425393e+01,2.424044e+01,2.427417e+01,2.428766e+01,2.424719e+01,2.434161e+01,2.440226e+01,2.430115e+01,2.426743e+01,2.432812e+01,2.429441e+01,2.423369e+01,2.428092e+01,2.420670e+01,2.442247e+01,2.428092e+01,2.442247e+01,2.436857e+01,2.432812e+01,2.436857e+01,2.440226e+01,2.437531e+01,2.436183e+01,2.438205e+01,2.440226e+01,2.440900e+01,2.440226e+01,2.442247e+01,2.446961e+01,2.443594e+01,2.432138e+01,2.432812e+01,2.434161e+01,2.451000e+01,2.440900e+01,2.438878e+01,2.449654e+01,2.434835e+01,2.438205e+01,2.442247e+01,2.448981e+01,2.454365e+01,2.450327e+01,2.442247e+01,2.450327e+01,2.438878e+01,2.449654e+01,2.453019e+01,2.448308e+01,2.450327e+01,2.446961e+01,2.448308e+01,2.453692e+01,2.449654e+01,2.444941e+01,2.444941e+01,2.457728e+01,2.451673e+01,2.457056e+01,2.460419e+01,2.436857e+01,2.443594e+01,2.457056e+01,2.460419e+01,2.452346e+01,2.458401e+01,2.457728e+01,2.448308e+01,2.450327e+01,2.460419e+01,2.455038e+01,2.449654e+01,2.453692e+01,2.450327e+01,2.451000e+01,2.448308e+01,2.452346e+01,2.468484e+01,2.452346e+01,2.456383e+01,2.456383e+01,2.448308e+01,2.452346e+01,2.452346e+01,2.451673e+01,2.455710e+01,2.455038e+01,2.455038e+01,2.457056e+01,2.444941e+01,2.457056e+01,2.458401e+01,2.453692e+01,2.453692e+01,2.445614e+01,2.440900e+01,2.445614e+01,2.442247e+01,2.453692e+01,2.447635e+01,2.452346e+01,2.450327e+01,2.451000e+01,2.451673e+01,2.432812e+01,2.448308e+01,2.446288e+01,2.451000e+01,2.448308e+01,2.448981e+01,2.449654e+01,2.445614e+01,2.440226e+01,2.443594e+01,2.441573e+01,2.444941e+01,2.446288e+01,2.443594e+01,2.444941e+01,2.439552e+01,2.442247e+01,2.440900e+01,2.440226e+01,2.443594e+01,2.436857e+01,2.453692e+01,2.441573e+01,2.440226e+01,2.439552e+01,2.438878e+01,2.434161e+01,2.432812e+01,2.438878e+01,2.440226e+01,2.434835e+01,2.436857e+01,2.438878e+01,2.436857e+01,2.434835e+01,2.432138e+01,2.432138e+01,2.422019e+01,2.436183e+01,2.438205e+01,2.438205e+01,2.440226e+01,2.443594e+01,2.442921e+01,2.433487e+01,2.432138e+01,2.436857e+01,2.440226e+01,2.436857e+01,2.429441e+01,2.432812e+01,2.433487e+01,2.430790e+01,2.429441e+01,2.435509e+01,2.429441e+01,2.422019e+01,2.426743e+01,2.445614e+01,2.432812e+01,2.431464e+01,2.432138e+01,2.434835e+01,2.432138e+01,2.436183e+01,2.444941e+01,2.434835e+01,2.441573e+01,2.437531e+01,2.428092e+01,2.442921e+01,2.440900e+01,2.442921e+01,2.440226e+01,2.422019e+01,2.438205e+01,2.433487e+01,2.423369e+01,2.434161e+01,2.441573e+01,2.434835e+01,2.430115e+01,2.434835e+01,2.430115e+01,2.429441e+01,2.421344e+01,2.401752e+01,2.391604e+01,2.367886e+01,2.360420e+01,2.363136e+01,2.359741e+01,2.368564e+01,2.389573e+01,2.387542e+01,2.373990e+01,2.368564e+01,2.344793e+01,2.368564e+01,2.392281e+01,2.424044e+01,2.489964e+01,2.430115e+01,2.398371e+01,2.393634e+01,2.391604e+01,2.357025e+01,2.318241e+01,2.306645e+01,2.303915e+01,2.303915e+01,2.302550e+01,2.292987e+01,2.281363e+01,2.282047e+01,2.285467e+01,2.310057e+01,2.315514e+01,2.345473e+01,2.401076e+01,2.533458e+01,2.538131e+01,2.477887e+01,2.458401e+01,2.407161e+01,2.404457e+01,2.403105e+01,2.369242e+01,2.348872e+01,2.349552e+01,2.352949e+01,2.373312e+01,2.372634e+01,2.363814e+01,2.350231e+01,2.338672e+01,2.350911e+01,2.357704e+01,2.348872e+01,2.350231e+01,2.339352e+01,2.324374e+01,2.323693e+01,2.347513e+01,2.357704e+01,2.373312e+01,2.412566e+01,2.417969e+01,2.433487e+01,2.432138e+01,2.431464e+01,2.423369e+01,2.399723e+01,2.420670e+01,2.384155e+01,2.325737e+01,2.328461e+01,2.323693e+01,2.348192e+01,2.352949e+01,2.346833e+01,2.363814e+01,2.348872e+01,2.368564e+01,2.363136e+01,2.360420e+01,2.394311e+01,2.455038e+01,2.456383e+01,2.431464e+01,2.420670e+01,2.379413e+01,2.369921e+01,2.364493e+01,2.360420e+01,2.348872e+01,2.352949e+01,2.353629e+01,2.313468e+01,2.273835e+01,2.299135e+01,2.311422e+01,2.327099e+01,2.340713e+01,2.346153e+01,2.345473e+01,2.379413e+01,2.415268e+01,2.411215e+01,2.415943e+01,2.421344e+01,2.415943e+01,2.436183e+01,2.419319e+01,2.427417e+01,2.424044e+01,2.423369e+01,2.429441e+01,2.430790e+01,2.429441e+01,2.426743e+01,2.421344e+01,2.424719e+01,2.423369e+01,2.425393e+01,2.430115e+01,2.427417e+01,2.426743e+01,2.427417e+01,2.428766e+01,2.422019e+01,2.433487e+01,2.424044e+01,2.430115e+01,2.432812e+01,2.415943e+01,2.430115e+01,2.430115e+01,2.428766e+01,2.432138e+01,2.426743e+01,2.434161e+01,2.426743e+01,2.438205e+01,2.480572e+01,2.544137e+01,2.574778e+01,2.592057e+01,2.598032e+01,2.616599e+01,2.629179e+01,2.628517e+01,2.629841e+01,2.641084e+01,2.648352e+01,2.629179e+01,2.631164e+01,2.631164e+01,2.633149e+01,2.629841e+01,2.618586e+01,2.617261e+01,2.604667e+01,2.578768e+01,2.585415e+01,2.588072e+01,2.604667e+01,2.623222e+01,2.627855e+01,2.633149e+01,2.632487e+01,2.628517e+01,2.631164e+01,2.647031e+01,2.633810e+01,2.633149e+01,2.629179e+01,2.624546e+01,2.622560e+01,2.621898e+01,2.626532e+01,2.618586e+01,2.613286e+01,2.611297e+01,2.609971e+01,2.611297e+01,2.594713e+01,2.588736e+01,2.576773e+01,2.586079e+01,2.587408e+01,2.577438e+01,2.571451e+01,2.565462e+01,2.568124e+01,2.557470e+01,2.552139e+01,2.564130e+01,2.546138e+01,2.532790e+01,2.560800e+01,2.548805e+01,2.548138e+01,2.538799e+01,2.549472e+01,2.536796e+01,2.531454e+01,2.530119e+01,2.536796e+01,2.514075e+01,2.515413e+01,2.515413e+01,2.503366e+01,2.487281e+01,2.477887e+01,2.468484e+01,2.447635e+01,2.441573e+01,2.447635e+01,2.448308e+01,2.451673e+01,2.453019e+01,2.453019e+01,2.458401e+01,2.449654e+01,2.442921e+01,2.443594e+01,2.438205e+01,2.465796e+01,2.450327e+01,2.460419e+01,2.459073e+01,2.452346e+01,2.452346e+01,2.451673e+01,2.445614e+01,2.422019e+01,2.419319e+01,2.422019e+01,2.413242e+01,2.429441e+01,2.418644e+01,2.414593e+01,2.412566e+01,2.403781e+01,2.402428e+01,2.397018e+01,2.380768e+01,2.385510e+01,2.409188e+01,2.377380e+01,2.382801e+01,2.373312e+01,2.369921e+01,2.367207e+01,2.366529e+01,2.335950e+01,2.344113e+01,2.332547e+01,2.333908e+01,2.334589e+01,2.313468e+01,2.318923e+01,2.335269e+01,2.337311e+01,2.336630e+01,2.333228e+01,2.360420e+01,2.357704e+01,2.371277e+01,2.390927e+01,2.390927e+01,2.388896e+01,2.398371e+01,2.407161e+01,2.399047e+01,2.406485e+01,2.407161e+01,2.405809e+01,2.420670e+01,2.428766e+01,2.434161e+01,2.446961e+01,2.442921e+01,2.440900e+01,2.441573e+01,2.446288e+01,2.448981e+01,2.451000e+01,2.440226e+01,2.447635e+01,2.450327e+01,2.439552e+01,2.449654e+01,2.451673e+01,2.448308e+01,2.444268e+01,2.449654e+01,2.461091e+01,2.443594e+01,2.451673e+01,2.443594e+01,2.459073e+01,2.454365e+01,2.455710e+01,2.450327e+01,2.457056e+01,2.448308e+01,2.457728e+01,2.453692e+01,2.451000e+01,2.444941e+01,2.438878e+01,2.455038e+01,2.448308e+01,2.446288e+01,2.442247e+01,2.457728e+01,2.465796e+01,2.460419e+01,2.446961e+01,2.447635e+01,2.447635e+01,2.451673e+01,2.450327e+01,2.453019e+01,2.455038e+01,2.445614e+01,2.458401e+01,2.456383e+01,2.452346e+01,2.455710e+01,2.448981e+01,2.448981e+01,2.448981e+01,2.447635e+01,2.449654e+01,2.445614e+01,2.444941e+01,2.442921e+01,2.451000e+01,2.459073e+01,2.448981e+01,2.449654e+01,2.451000e+01,2.450327e+01,2.449654e+01,2.442247e+01,2.459746e+01,2.442247e+01,2.461091e+01,2.446288e+01,2.444941e+01,2.453692e+01,2.460419e+01,2.446288e+01,2.448308e+01,2.448308e+01,2.445614e+01,2.436183e+01,2.444268e+01
2.426743e+01,2.441573e+01,2.440900e+01,2.439552e+01,2.436183e+01,2.442247e+01,2.443594e+01,2.436183e+01,2.436183e+01,2.439552e+01,2.442921e+01,2.441573e+01,2.438205e+01,2.436857e+01,2.436183e+01,2.443594e+01,2.446288e+01,2.444268e+01,2.448308e+01,2.450327e+01,2.448981e+01,2.446288e+01,2.444941e+01,2.444268e+01,2.443594e+01,2.442921e+01,2.451673e+01,2.440226e+01,2.450327e+01,2.446288e+01,2.447635e+01,2.443594e+01,2.457728e+01,2.440226e+01,2.439552e+01,2.438878e+01,2.442247e+01,2.439552e+01,2.455038e+01,2.436857e+01,2.441573e+01,2.440226e+01,2.436857e+01,2.436857e+01,2.437531e+01,2.438205e+01,2.444941e+01,2.440900e+01,2.438878e+01,2.444941e+01,2.438878e+01,2.444941e+01,2.453692e+01,2.436857e+01,2.430790e+01,2.445614e+01,2.442921e+01,2.440226e+01,2.442247e+01,2.446961e+01,2.453692e+01,2.434835e+01,2.446288e+01,2.448981e+01,2.437531e+01,2.441573e+01,2.440900e+01,2.437531e+01,2.434161e+01,2.422019e+01,2.445614e+01,2.430790e+01,2.433487e+01,2.431464e+01,2.422694e+01,2.435509e+01,2.446288e+01,2.429441e+01,2.433487e+01,2.422019e+01,2.438878e+01,2.424719e+01,2.419319e+01,2.399047e+01,2.418644e+01,2.417294e+01,2.418644e+01,2.448981e+01,2.432138e+01,2.416619e+01,2.415943e+01,2.436857e+01,2.430115e+01,2.435509e+01,2.434835e+01,2.430790e+01,2.429441e+01,2.428092e+01,2.423369e+01,2.432138e+01,2.430790e+01,2.439552e+01,2.436183e+01,2.434161e+01,2.432812e+01,2.430790e+01,2.434161e+01,2.444268e+01,2.442921e+01,2.423369e+01,2.435509e+01,2.431464e+01,2.431464e+01,2.432138e+01,2.432138e+01,2.438205e+01,2.436857e+01,2.436857e+01,2.440226e+01,2.438878e+01,2.443594e+01,2.438205e+01,2.437531e+01,2.439552e+01,2.436857e+01,2.434835e+01,2.446288e+01,2.442247e+01,2.432138e+01,2.448308e+01,2.436857e+01,2.446961e+01,2.447635e+01,2.447635e+01,2.453019e+01,2.446961e+01,2.455710e+01,2.445614e+01,2.445614e+01,2.447635e+01,2.448981e+01,2.445614e+01,2.442247e+01,2.449654e+01,2.449654e+01,2.448981e+01,2.444941e+01,2.451673e+01,2.456383e+01,2.450327e+01,2.453019e+01,2.455038e+01,2.454365e+01,2.457728e+01,2.444941e+01,2.441573e+01,2.445614e+01,2.450327e+01,2.450327e+01,2.455710e+01,2.457728e+01,2.442921e+01,2.458401e+01,2.459746e+01,2.450327e+01,2.453692e+01,2.448308e+01,2.454365e+01,2.451000e+01,2.466469e+01,2.459746e+01,2.449654e+01,2.449654e+01,2.453019e+01,2.456383e+01,2.455038e+01,2.451000e+01,2.455038e+01,2.453692e+01,2.449654e+01,2.465796e+01,2.453692e+01,2.451000e+01,2.458401e+01,2.456383e+01,2.455038e+01,2.459746e+01,2.451673e+01,2.454365e+01,2.452346e+01,2.455710e+01,2.442921e+01,2.455038e+01,2.453019e+01,2.453692e+01,2.447635e+01,2.451673e+01,2.451000e+01,2.451673e+01,2.448308e+01,2.449654e+01,2.451673e+01,2.443594e+01,2.450327e+01,2.451000e+01,2.443594e+01,2.444941e+01,2.445614e+01,2.445614e+01,2.442921e+01,2.445614e+01,2.444268e+01,2.444268e+01,2.447635e+01,2.439552e+01,2.443594e+01,2.438878e+01,2.438878e+01,2.438878e+01,2.444941e+01,2.437531e+01,2.444268e+01,2.434161e+01,2.437531e+01,2.438878e+01,2.436183e+01,2.437531e+01,2.436183e+01,2.438205e+01,2.434161e+01,2.440900e+01,2.437531e+01,2.448981e+01,2.430790e+01,2.434161e+01,2.443594e+01,2.422694e+01,2.438878e+01,2.434161e+01,2.438205e+01,2.435509e+01,2.432812e+01,2.438205e+01,2.432812e+01,2.436857e+01,2.438205e+01,2.434835e+01,2.433487e+01,2.440226e+01,2.438878e+01,2.433487e+01,2.438205e+01,2.438878e+01,2.437531e+01,2.435509e+01,2.430790e+01,2.434835e+01,2.446288e+01,2.430790e+01,2.428092e+01,2.430115e+01,2.427417e+01,2.428766e+01,2.437531e+01,2.430790e+01,2.438878e+01,2.436183e+01,2.438878e+01,2.440900e+01,2.444268e+01,2.445614e+01,2.442921e+01,2.438878e+01,2.440226e+01,2.436183e+01,2.435509e+01,2.438878e+01,2.436183e+01,2.436857e+01,2.433487e+01,2.430790e+01,2.420670e+01,2.430115e+01,2.424044e+01,2.418644e+01,2.415943e+01,2.405133e+01,2.402428e+01,2.392958e+01,2.370599e+01,2.371956e+01,2.400400e+01,2.405133e+01,2.403781e+01,2.372634e+01,2.355667e+01,2.361099e+01,2.360420e+01,2.399047e+01,2.494656e+01,2.514075e+01,2.422694e+01,2.376024e+01,2.383478e+01,2.361778e+01,2.362457e+01,2.337991e+01,2.317559e+01,2.317559e+01,2.298452e+01,2.295037e+01,2.281363e+01,2.290937e+01,2.297086e+01,2.307328e+01,2.309375e+01,2.311422e+01,2.335269e+01,2.354987e+01,2.398371e+01,2.382123e+01,2.395664e+01,2.390927e+01,2.376702e+01,2.370599e+01,2.354987e+01,2.350911e+01,2.371277e+01,2.381446e+01,2.390250e+01,2.384833e+01,2.362457e+01,2.346153e+01,2.333908e+01,2.359741e+01,2.349552e+01,2.406485e+01,2.434835e+01,2.351590e+01,2.350231e+01,2.352270e+01,2.348872e+01,2.349552e+01,2.361099e+01,2.390250e+01,2.407161e+01,2.419319e+01,2.426743e+01,2.432138e+01,2.429441e+01,2.390927e+01,2.352949e+01,2.357704e+01,2.361099e+01,2.344793e+01,2.325737e+01,2.342073e+01,2.395664e+01,2.384833e+01,2.352270e+01,2.350911e+01,2.345473e+01,2.365172e+01,2.369242e+01,2.394311e+01,2.463780e+01,2.469156e+01,2.485269e+01,2.481914e+01,2.480572e+01,2.447635e+01,2.384833e+01,2.382123e+01,2.365850e+01,2.354987e+01,2.357025e+01,2.375346e+01,2.352949e+01,2.318241e+01,2.327780e+01,2.326418e+01,2.327099e+01,2.343433e+01,2.367207e+01,2.359741e+01,2.378057e+01,2.399723e+01,2.422019e+01,2.419994e+01,2.426068e+01,2.424044e+01,2.426068e+01,2.429441e+01,2.430115e+01,2.421344e+01,2.423369e+01,2.424044e+01,2.423369e+01,2.422019e+01,2.422019e+01,2.422019e+01,2.429441e+01,2.429441e+01,2.428766e+01,2.428766e+01,2.428092e+01,2.419994e+01,2.422019e+01,2.411215e+01,2.422694e+01,2.428092e+01,2.426743e+01,2.426743e+01,2.426743e+01,2.436183e+01,2.433487e+01,2.426743e+01,2.434835e+01,2.432138e+01,2.432138e+01,2.442247e+01,2.442921e+01,2.451000e+01,2.516751e+01,2.564130e+01,2.594713e+01,2.608646e+01,2.601350e+01,2.630502e+01,2.631826e+01,2.629841e+01,2.649012e+01,2.629179e+01,2.645709e+01,2.639100e+01,2.645709e+01,2.646370e+01,2.633149e+01,2.635794e+01,2.629841e+01,2.631164e+01,2.631164e+01,2.629841e+01,2.629179e+01,2.635794e+01,2.629179e+01,2.615274e+01,2.625208e+01,2.643066e+01,2.629179e+01,2.631826e+01,2.640422e+01,2.627194e+01,2.631826e+01,2.633149e+01,2.622560e+01,2.616599e+01,2.619911e+01,2.620573e+01,2.620573e+01,2.615274e+01,2.612623e+01,2.608646e+01,2.602677e+01,2.604004e+01,2.594713e+01,2.591393e+01,2.587408e+01,2.580762e+01,2.586743e+01,2.578103e+01,2.570121e+01,2.568124e+01,2.566127e+01,2.546138e+01,2.548805e+01,2.546138e+01,2.543469e+01,2.552139e+01,2.538131e+01,2.548138e+01,2.546805e+01,2.540801e+01,2.550139e+01,2.529451e+01,2.534793e+01,2.529451e+01,2.530787e+01,2.510060e+01,2.514075e+01,2.500687e+01,2.479901e+01,2.483927e+01,2.483927e+01,2.469828e+01,2.444268e+01,2.444941e+01,2.452346e+01,2.430790e+01,2.451000e+01,2.441573e+01,2.436183e+01,2.438878e+01,2.438878e+01,2.451000e+01,2.442921e+01,2.441573e+01,2.454365e+01,2.457728e+01,2.444268e+01,2.469156e+01,2.453019e+01,2.444941e+01,2.443594e+01,2.424719e+01,2.417969e+01,2.413917e+01,2.421344e+01,2.413917e+01,2.415943e+01,2.403105e+01,2.424719e+01,2.405809e+01,2.413242e+01,2.397694e+01,2.399047e+01,2.411215e+01,2.383478e+01,2.381446e+01,2.376024e+01,2.370599e+01,2.374668e+01,2.365850e+01,2.360420e+01,2.361099e+01,2.346153e+01,2.337991e+01,2.338672e+01,2.333228e+01,2.332547e+01,2.329142e+01,2.332547e+01,2.329823e+01,2.337311e+01,2.335950e+01,2.337991e+01,2.337991e+01,2.346833e+01,2.367886e+01,2.376702e+01,2.387542e+01,2.369921e+01,2.392281e+01,2.391604e+01,2.404457e+01,2.395664e+01,2.409864e+01,2.412566e+01,2.414593e+01,2.433487e+01,2.436183e+01,2.445614e+01,2.460419e+01,2.454365e+01,2.449654e+01,2.438205e+01,2.467141e+01,2.438878e+01,2.460419e+01,2.452346e+01,2.447635e+01,2.447635e+01,2.442921e+01,2.442247e+01,2.442247e+01,2.447635e+01,2.447635e+01,2.459073e+01,2.453019e+01,2.453692e+01,2.448308e+01,2.453019e+01,2.449654e+01,2.452346e+01,2.453692e+01,2.443594e+01,2.453692e+01,2.447635e+01,2.455038e+01,2.448308e+01,2.451673e+01,2.448981e+01,2.446961e+01,2.446961e+01,2.448981e+01,2.456383e+01,2.459073e+01,2.450327e+01,2.469828e+01,2.467813e+01,2.455038e+01,2.453019e+01,2.453019e+01,2.456383e+01,2.446961e+01,2.450327e+01,2.454365e+01,2.463108e+01,2.463780e+01,2.449654e+01,2.451000e+01,2.461091e+01,2.452346e+01,2.451000e+01,2.451673e+01,2.446288e+01,2.451000e+01,2.448981e+01,2.452346e+01,2.462436e+01,2.453019e+01,2.448981e+01,2.450327e+01,2.452346e+01,2.451673e+01,2.436857e+01,2.446288e+01,2.441573e+01,2.455038e+01,2.441573e+01,2.464452e+01,2.455038e+01,2.463780e+01,2.450327e+01,2.445614e+01,2.451000e+01,2.461091e+01,2.449654e+01,2.440900e+01,2.446288e+01
2.427417e+01,2.442247e+01,2.433487e+01,2.444268e+01,2.442247e+01,2.447635e+01,2.440226e+01,2.440226e+01,2.438205e+01,2.438205e+01,2.435509e+01,2.457056e+01,2.448981e+01,2.447635e+01,2.446288e+01,2.434835e+01,2.444941e+01,2.444941e+01,2.440900e+01,2.448308e+01,2.448308e+01,2.445614e+01,2.444941e+01,2.442247e+01,2.446288e+01,2.446288e+01,2.448981e+01,2.450327e+01,2.446961e+01,2.447635e+01,2.444268e+01,2.441573e+01,2.442921e+01,2.446961e+01,2.448981e+01,2.442921e+01,2.437531e+01,2.438878e+01,2.438878e+01,2.453692e+01,2.438205e+01,2.451000e+01,2.451673e+01,2.442921e+01,2.446961e+01,2.440226e+01,2.440226e+01,2.444268e+01,2.442921e+01,2.441573e+01,2.456383e+01,2.441573e+01,2.450327e+01,2.441573e+01,2.440900e+01,2.448981e+01,2.439552e+01,2.456383e+01,2.434835e+01,2.440900e+01,2.435509e+01,2.452346e+01,2.447635e+01,2.442921e+01,2.443594e+01,2.446961e+01,2.438205e+01,2.441573e+01,2.437531e+01,2.433487e+01,2.441573e+01,2.438205e+01,2.435509e+01,2.433487e+01,2.446288e+01,2.433487e+01,2.419319e+01,2.436183e+01,2.428092e+01,2.420670e+01,2.438878e+01,2.422694e+01,2.424044e+01,2.400400e+01,2.418644e+01,2.417969e+01,2.436183e+01,2.422019e+01,2.437531e+01,2.432138e+01,2.424044e+01,2.425393e+01,2.434835e+01,2.434835e+01,2.434835e+01,2.431464e+01,2.421344e+01,2.442921e+01,2.436857e+01,2.444268e+01,2.424044e+01,2.434835e+01,2.428092e+01,2.439552e+01,2.445614e+01,2.427417e+01,2.434161e+01,2.431464e+01,2.425393e+01,2.431464e+01,2.451673e+01,2.448308e+01,2.433487e+01,2.428766e+01,2.424719e+01,2.437531e+01,2.438205e+01,2.436857e+01,2.441573e+01,2.441573e+01,2.437531e+01,2.447635e+01,2.443594e+01,2.436183e+01,2.438878e+01,2.435509e+01,2.432812e+01,2.440226e+01,2.452346e+01,2.438205e+01,2.444268e+01,2.438878e+01,2.439552e+01,2.454365e+01,2.448981e+01,2.447635e+01,2.455710e+01,2.442921e+01,2.442247e+01,2.448981e+01,2.446961e+01,2.446961e+01,2.449654e+01,2.451673e+01,2.426743e+01,2.449654e+01,2.446288e+01,2.439552e+01,2.451673e+01,2.444941e+01,2.455710e+01,2.455710e+01,2.457056e+01,2.463780e+01,2.458401e+01,2.461091e+01,2.451673e+01,2.455038e+01,2.436857e+01,2.455038e+01,2.457728e+01,2.455038e+01,2.451673e+01,2.458401e+01,2.454365e+01,2.454365e+01,2.457056e+01,2.448981e+01,2.467141e+01,2.451673e+01,2.452346e+01,2.451000e+01,2.448308e+01,2.430790e+01,2.461091e+01,2.458401e+01,2.454365e+01,2.458401e+01,2.449654e+01,2.453692e+01,2.452346e+01,2.457056e+01,2.450327e+01,2.457728e+01,2.457728e+01,2.455038e+01,2.457728e+01,2.471844e+01,2.452346e+01,2.456383e+01,2.442247e+01,2.453692e+01,2.446288e+01,2.448981e+01,2.448308e+01,2.450327e+01,2.447635e+01,2.452346e+01,2.454365e+01,2.457056e+01,2.450327e+01,2.448308e+01,2.455710e+01,2.445614e+01,2.442247e+01,2.444941e+01,2.440226e+01,2.450327e+01,2.449654e+01,2.446961e+01,2.442921e+01,2.445614e+01,2.446288e+01,2.445614e+01,2.446961e+01,2.441573e+01,2.449654e+01,2.445614e+01,2.442921e+01,2.448981e+01,2.453019e+01,2.453019e+01,2.437531e+01,2.440900e+01,2.438205e+01,2.445614e+01,2.433487e+01,2.434835e+01,2.438205e+01,2.443594e+01,2.438878e+01,2.438878e+01,2.442247e+01,2.416619e+01,2.436183e+01,2.430115e+01,2.432138e+01,2.438205e+01,2.434835e+01,2.439552e+01,2.444941e+01,2.432812e+01,2.433487e+01,2.432138e+01,2.430790e+01,2.434161e+01,2.432138e+01,2.438205e+01,2.439552e+01,2.430115e+01,2.434161e+01,2.441573e+01,2.434835e+01,2.428766e+01,2.435509e+01,2.438878e+01,2.434161e+01,2.434835e+01,2.421344e+01,2.427417e+01,2.448308e+01,2.430790e+01,2.429441e+01,2.434835e+01,2.430115e+01,2.434161e+01,2.442921e+01,2.432138e+01,2.446288e+01,2.444268e+01,2.442247e+01,2.442247e+01,2.441573e+01,2.445614e+01,2.436183e+01,2.423369e+01,2.411215e+01,2.432138e+01,2.430790e+01,2.438205e+01,2.436183e+01,2.434161e+01,2.433487e+01,2.434835e+01,2.431464e+01,2.420670e+01,2.446961e+01,2.419319e+01,2.404457e+01,2.369921e+01,2.363136e+01,2.379413e+01,2.442247e+01,2.413242e+01,2.371956e+01,2.360420e+01,2.369921e+01,2.368564e+01,2.411215e+01,2.432812e+01,2.401076e+01,2.361099e+01,2.343433e+01,2.363136e+01,2.350231e+01,2.341393e+01,2.365172e+01,2.337991e+01,2.316195e+01,2.305963e+01,2.317559e+01,2.318923e+01,2.296403e+01,2.310739e+01,2.308693e+01,2.314150e+01,2.337311e+01,2.335950e+01,2.340713e+01,2.353629e+01,2.367886e+01,2.376702e+01,2.376024e+01,2.367207e+01,2.346833e+01,2.369242e+01,2.371956e+01,2.404457e+01,2.403781e+01,2.371956e+01,2.335269e+01,2.333908e+01,2.329142e+01,2.329823e+01,2.327780e+01,2.344113e+01,2.348872e+01,2.419319e+01,2.453692e+01,2.430790e+01,2.434161e+01,2.399047e+01,2.394311e+01,2.392281e+01,2.382801e+01,2.413917e+01,2.416619e+01,2.411215e+01,2.387542e+01,2.383478e+01,2.386865e+01,2.379413e+01,2.382801e+01,2.358383e+01,2.337991e+01,2.333228e+01,2.352949e+01,2.415943e+01,2.393634e+01,2.377380e+01,2.382801e+01,2.346833e+01,2.370599e+01,2.415268e+01,2.435509e+01,2.522100e+01,2.535461e+01,2.532122e+01,2.504705e+01,2.457056e+01,2.416619e+01,2.382801e+01,2.380091e+01,2.434161e+01,2.434161e+01,2.412566e+01,2.394988e+01,2.384833e+01,2.369921e+01,2.368564e+01,2.340713e+01,2.334589e+01,2.348192e+01,2.349552e+01,2.347513e+01,2.376702e+01,2.390250e+01,2.418644e+01,2.424044e+01,2.417969e+01,2.420670e+01,2.426743e+01,2.430115e+01,2.433487e+01,2.420670e+01,2.426068e+01,2.424719e+01,2.422694e+01,2.425393e+01,2.432138e+01,2.424044e+01,2.434161e+01,2.428766e+01,2.428092e+01,2.430790e+01,2.424719e+01,2.428092e+01,2.425393e+01,2.428092e+01,2.424719e+01,2.424719e+01,2.428766e+01,2.422694e+01,2.434835e+01,2.433487e+01,2.427417e+01,2.435509e+01,2.439552e+01,2.455038e+01,2.454365e+01,2.463780e+01,2.469828e+01,2.510060e+01,2.547471e+01,2.590065e+01,2.592721e+01,2.623884e+01,2.627194e+01,2.630502e+01,2.641084e+01,2.639761e+01,2.641744e+01,2.637117e+01,2.646370e+01,2.637117e+01,2.631164e+01,2.644388e+01,2.640422e+01,2.633149e+01,2.638439e+01,2.638439e+01,2.625870e+01,2.627194e+01,2.619911e+01,2.614611e+01,2.629841e+01,2.625208e+01,2.633149e+01,2.629841e+01,2.625870e+01,2.626532e+01,2.626532e+01,2.615936e+01,2.627855e+01,2.625208e+01,2.609309e+01,2.629179e+01,2.619248e+01,2.605330e+01,2.617261e+01,2.610634e+01,2.609971e+01,2.612623e+01,2.602677e+01,2.600023e+01,2.586079e+01,2.592057e+01,2.586743e+01,2.588736e+01,2.569455e+01,2.578103e+01,2.574778e+01,2.565462e+01,2.548805e+01,2.548805e+01,2.548805e+01,2.546138e+01,2.540133e+01,2.543469e+01,2.542135e+01,2.536796e+01,2.530787e+01,2.537464e+01,2.536796e+01,2.542135e+01,2.534793e+01,2.528782e+01,2.514744e+01,2.512068e+01,2.508722e+01,2.508722e+01,2.507383e+01,2.500017e+01,2.486610e+01,2.468484e+01,2.452346e+01,2.438205e+01,2.433487e+01,2.424044e+01,2.432138e+01,2.415268e+01,2.417294e+01,2.436857e+01,2.424719e+01,2.435509e+01,2.421344e+01,2.431464e+01,2.442921e+01,2.437531e+01,2.453019e+01,2.451673e+01,2.440900e+01,2.436857e+01,2.436857e+01,2.419994e+01,2.414593e+01,2.395664e+01,2.407837e+01,2.408512e+01,2.403105e+01,2.404457e+01,2.409188e+01,2.399047e+01,2.398371e+01,2.390927e+01,2.379413e+01,2.383478e+01,2.373990e+01,2.374668e+01,2.379413e+01,2.377380e+01,2.367207e+01,2.366529e+01,2.364493e+01,2.347513e+01,2.349552e+01,2.340032e+01,2.315514e+01,2.336630e+01,2.336630e+01,2.339352e+01,2.328461e+01,2.331185e+01,2.352270e+01,2.340713e+01,2.338672e+01,2.336630e+01,2.340713e+01,2.359062e+01,2.361099e+01,2.371277e+01,2.388219e+01,2.396341e+01,2.393634e+01,2.410540e+01,2.409864e+01,2.392958e+01,2.407837e+01,2.413242e+01,2.417969e+01,2.437531e+01,2.450327e+01,2.445614e+01,2.453019e+01,2.442921e+01,2.455710e+01,2.440226e+01,2.443594e+01,2.449654e+01,2.451673e+01,2.448981e+01,2.444268e+01,2.442247e+01,2.450327e+01,2.444268e+01,2.461763e+01,2.461091e+01,2.448308e+01,2.444941e+01,2.454365e+01,2.453019e+01,2.446288e+01,2.453019e+01,2.453692e+01,2.453692e+01,2.461763e+01,2.453019e+01,2.454365e+01,2.450327e+01,2.461091e+01,2.445614e+01,2.446288e+01,2.453019e+01,2.459073e+01,2.453692e+01,2.444941e+01,2.450327e+01,2.454365e+01,2.455710e+01,2.467141e+01,2.459746e+01,2.455710e+01,2.455710e+01,2.463780e+01,2.450327e+01,2.441573e+01,2.444941e+01,2.448308e+01,2.451673e+01,2.451000e+01,2.452346e+01,2.455038e+01,2.452346e+01,2.451000e+01,2.450327e+01,2.459073e+01,2.444268e+01,2.455710e+01,2.450327e+01,2.457728e+01,2.458401e+01,2.462436e+01,2.450327e+01,2.451673e+01,2.437531e+01,2.450327e+01,2.437531e+01,2.461091e+01,2.461763e+01,2.464452e+01,2.444941e+01,2.452346e+01,2.442247e+01,2.455038e+01,2.457728e+01,2.444268e+01,2.449654e+01,2.449654e+01,2.453019e+01,2.445614e+01
2.444941e+01,2.444268e+01,2.446288e+01,2.443594e+01,2.438205e+01,2.444941e+01,2.442247e+01,2.450327e+01,2.433487e+01,2.444941e+01,2.430115e+01,2.453692e+01,2.453019e+01,2.442247e+01,2.446288e+01,2.453019e+01,2.434835e+01,2.433487e+01,2.433487e+01,2.446961e+01,2.453019e+01,2.453019e+01,2.447635e+01,2.442247e+01,2.444941e+01,2.446961e+01,2.444268e+01,2.437531e+01,2.442247e+01,2.453692e+01,2.449654e+01,2.441573e+01,2.445614e+01,2.457056e+01,2.444941e+01,2.448981e+01,2.432812e+01,2.444268e+01,2.440226e+01,2.436857e+01,2.441573e+01,2.440900e+01,2.440226e+01,2.448308e+01,2.439552e+01,2.444941e+01,2.442921e+01,2.441573e+01,2.444268e+01,2.443594e+01,2.434835e+01,2.441573e+01,2.445614e+01,2.443594e+01,2.449654e+01,2.436857e+01,2.448981e+01,2.453019e+01,2.442921e+01,2.442921e+01,2.444941e+01,2.443594e+01,2.450327e+01,2.446961e+01,2.446961e+01,2.442921e+01,2.461763e+01,2.458401e+01,2.433487e+01,2.435509e+01,2.438205e+01,2.417294e+01,2.434161e+01,2.445614e+01,2.436183e+01,2.431464e+01,2.440226e+01,2.444268e+01,2.435509e+01,2.427417e+01,2.436857e+01,2.440226e+01,2.401076e+01,2.403781e+01,2.401752e+01,2.420670e+01,2.415943e+01,2.438205e+01,2.419994e+01,2.434835e+01,2.438878e+01,2.430790e+01,2.416619e+01,2.436183e+01,2.433487e+01,2.428092e+01,2.430115e+01,2.434835e+01,2.429441e+01,2.431464e+01,2.421344e+01,2.436857e+01,2.424044e+01,2.440226e+01,2.434835e+01,2.426068e+01,2.428766e+01,2.428766e+01,2.426068e+01,2.437531e+01,2.434835e+01,2.435509e+01,2.434161e+01,2.433487e+01,2.444268e+01,2.436183e+01,2.433487e+01,2.441573e+01,2.442921e+01,2.456383e+01,2.438878e+01,2.442247e+01,2.442921e+01,2.446288e+01,2.438878e+01,2.434835e+01,2.446961e+01,2.448981e+01,2.450327e+01,2.439552e+01,2.440226e+01,2.446961e+01,2.443594e+01,2.447635e+01,2.453019e+01,2.445614e+01,2.454365e+01,2.451000e+01,2.450327e+01,2.451673e+01,2.446961e+01,2.447635e+01,2.448981e+01,2.451000e+01,2.455038e+01,2.453692e+01,2.455710e+01,2.451000e+01,2.452346e+01,2.442247e+01,2.447635e+01,2.458401e+01,2.458401e+01,2.456383e+01,2.457056e+01,2.454365e+01,2.451000e+01,2.455038e+01,2.443594e+01,2.459746e+01,2.446288e+01,2.451000e+01,2.456383e+01,2.453019e+01,2.463780e+01,2.449654e+01,2.449654e+01,2.465124e+01,2.448308e+01,2.453692e+01,2.447635e+01,2.451000e+01,2.454365e+01,2.451000e+01,2.456383e+01,2.461091e+01,2.453019e+01,2.467813e+01,2.463108e+01,2.450327e+01,2.452346e+01,2.468484e+01,2.459746e+01,2.451673e+01,2.454365e+01,2.450327e+01,2.454365e+01,2.453019e+01,2.466469e+01,2.448308e+01,2.456383e+01,2.467141e+01,2.457056e+01,2.448981e+01,2.451000e+01,2.451000e+01,2.452346e+01,2.444941e+01,2.456383e+01,2.455710e+01,2.455710e+01,2.452346e+01,2.454365e+01,2.446288e+01,2.450327e+01,2.444941e+01,2.445614e+01,2.448981e+01,2.448981e+01,2.446288e+01,2.445614e+01,2.448308e+01,2.448981e+01,2.443594e+01,2.448981e+01,2.440900e+01,2.443594e+01,2.453692e+01,2.454365e+01,2.457056e+01,2.437531e+01,2.442247e+01,2.441573e+01,2.440226e+01,2.436857e+01,2.446961e+01,2.442921e+01,2.432138e+01,2.439552e+01,2.442921e+01,2.438205e+01,2.447635e+01,2.441573e+01,2.446288e+01,2.442247e+01,2.433487e+01,2.438205e+01,2.436183e+01,2.438205e+01,2.439552e+01,2.440226e+01,2.444268e+01,2.428766e+01,2.444941e+01,2.441573e+01,2.433487e+01,2.436857e+01,2.435509e+01,2.433487e+01,2.432138e+01,2.438205e+01,2.435509e+01,2.432812e+01,2.434835e+01,2.435509e+01,2.432812e+01,2.434835e+01,2.427417e+01,2.434835e+01,2.444941e+01,2.433487e+01,2.432812e+01,2.417294e+01,2.442247e+01,2.439552e+01,2.442921e+01,2.437531e+01,2.429441e+01,2.444268e+01,2.442921e+01,2.441573e+01,2.442247e+01,2.440900e+01,2.441573e+01,2.422694e+01,2.437531e+01,2.438205e+01,2.441573e+01,2.423369e+01,2.435509e+01,2.436183e+01,2.434835e+01,2.432812e+01,2.419319e+01,2.423369e+01,2.440900e+01,2.446288e+01,2.417969e+01,2.365172e+01,2.363136e+01,2.385510e+01,2.399047e+01,2.442247e+01,2.381446e+01,2.363814e+01,2.361778e+01,2.371277e+01,2.397018e+01,2.396341e+01,2.373312e+01,2.366529e+01,2.360420e+01,2.335950e+01,2.323012e+01,2.325056e+01,2.337991e+01,2.364493e+01,2.361778e+01,2.354308e+01,2.349552e+01,2.351590e+01,2.350231e+01,2.340032e+01,2.343433e+01,2.345473e+01,2.342753e+01,2.340032e+01,2.347513e+01,2.355667e+01,2.357704e+01,2.355667e+01,2.361778e+01,2.359062e+01,2.348192e+01,2.366529e+01,2.376024e+01,2.399723e+01,2.403105e+01,2.369242e+01,2.333908e+01,2.329823e+01,2.322330e+01,2.322330e+01,2.311422e+01,2.327099e+01,2.307328e+01,2.332547e+01,2.352270e+01,2.401752e+01,2.434835e+01,2.417294e+01,2.422694e+01,2.430790e+01,2.432812e+01,2.428766e+01,2.435509e+01,2.443594e+01,2.415268e+01,2.386187e+01,2.382801e+01,2.369921e+01,2.389573e+01,2.385510e+01,2.378735e+01,2.380768e+01,2.362457e+01,2.368564e+01,2.377380e+01,2.430790e+01,2.462436e+01,2.434161e+01,2.386865e+01,2.396341e+01,2.451673e+01,2.469156e+01,2.495997e+01,2.458401e+01,2.434161e+01,2.425393e+01,2.434161e+01,2.424044e+01,2.416619e+01,2.415943e+01,2.469156e+01,2.558802e+01,2.597368e+01,2.558802e+01,2.522100e+01,2.463780e+01,2.436857e+01,2.435509e+01,2.384155e+01,2.335950e+01,2.356346e+01,2.359062e+01,2.380768e+01,2.407837e+01,2.416619e+01,2.437531e+01,2.428092e+01,2.431464e+01,2.420670e+01,2.433487e+01,2.436183e+01,2.419319e+01,2.440226e+01,2.439552e+01,2.418644e+01,2.419994e+01,2.428092e+01,2.417969e+01,2.440226e+01,2.428092e+01,2.429441e+01,2.429441e+01,2.431464e+01,2.424719e+01,2.415268e+01,2.409188e+01,2.422019e+01,2.435509e+01,2.427417e+01,2.436857e+01,2.437531e+01,2.426068e+01,2.432812e+01,2.476544e+01,2.516751e+01,2.520763e+01,2.523437e+01,2.533458e+01,2.536129e+01,2.586079e+01,2.594713e+01,2.609309e+01,2.616599e+01,2.635133e+01,2.633149e+01,2.623884e+01,2.632487e+01,2.633149e+01,2.643066e+01,2.641084e+01,2.647691e+01,2.643066e+01,2.645709e+01,2.648352e+01,2.636456e+01,2.641744e+01,2.637117e+01,2.633810e+01,2.634472e+01,2.637117e+01,2.625870e+01,2.631164e+01,2.628517e+01,2.643727e+01,2.639100e+01,2.632487e+01,2.633149e+01,2.627194e+01,2.626532e+01,2.618586e+01,2.613286e+01,2.616599e+01,2.614611e+01,2.609309e+01,2.605330e+01,2.605993e+01,2.598032e+01,2.609309e+01,2.600686e+01,2.602013e+01,2.604004e+01,2.602013e+01,2.583421e+01,2.590065e+01,2.593385e+01,2.574113e+01,2.568790e+01,2.568124e+01,2.566127e+01,2.570121e+01,2.566793e+01,2.566793e+01,2.546138e+01,2.548805e+01,2.531454e+01,2.540133e+01,2.540133e+01,2.526778e+01,2.534126e+01,2.535461e+01,2.522100e+01,2.521431e+01,2.524105e+01,2.535461e+01,2.520094e+01,2.504705e+01,2.508722e+01,2.512737e+01,2.500017e+01,2.490634e+01,2.483256e+01,2.478558e+01,2.465124e+01,2.440900e+01,2.433487e+01,2.420670e+01,2.422694e+01,2.428766e+01,2.424719e+01,2.419994e+01,2.416619e+01,2.416619e+01,2.417969e+01,2.431464e+01,2.440900e+01,2.435509e+01,2.433487e+01,2.435509e+01,2.439552e+01,2.421344e+01,2.411891e+01,2.409864e+01,2.410540e+01,2.419994e+01,2.396341e+01,2.400400e+01,2.403781e+01,2.404457e+01,2.398371e+01,2.409188e+01,2.382123e+01,2.404457e+01,2.376024e+01,2.376702e+01,2.368564e+01,2.373312e+01,2.363814e+01,2.360420e+01,2.379413e+01,2.349552e+01,2.359062e+01,2.361099e+01,2.342073e+01,2.332547e+01,2.336630e+01,2.333228e+01,2.340032e+01,2.345473e+01,2.347513e+01,2.335269e+01,2.338672e+01,2.341393e+01,2.333908e+01,2.331866e+01,2.335950e+01,2.370599e+01,2.356346e+01,2.379413e+01,2.391604e+01,2.390250e+01,2.382801e+01,2.403781e+01,2.401752e+01,2.413242e+01,2.415943e+01,2.432138e+01,2.445614e+01,2.438205e+01,2.434835e+01,2.444268e+01,2.444268e+01,2.438878e+01,2.457728e+01,2.438878e+01,2.438878e+01,2.444941e+01,2.459073e+01,2.446288e+01,2.447635e+01,2.455038e+01,2.453019e+01,2.446288e+01,2.446961e+01,2.444941e+01,2.461763e+01,2.448308e+01,2.459746e+01,2.446961e+01,2.453692e+01,2.455710e+01,2.448308e+01,2.454365e+01,2.449654e+01,2.454365e+01,2.457056e+01,2.450327e+01,2.453019e+01,2.454365e+01,2.451000e+01,2.445614e+01,2.446961e+01,2.453019e+01,2.448308e+01,2.455710e+01,2.457056e+01,2.454365e+01,2.447635e+01,2.453019e+01,2.452346e+01,2.459073e+01,2.454365e+01,2.462436e+01,2.459073e+01,2.449654e+01,2.442247e+01,2.450327e+01,2.457056e+01,2.454365e+01,2.459746e+01,2.453019e+01,2.448981e+01,2.456383e+01,2.462436e+01,2.452346e+01,2.451673e+01,2.447635e+01,2.453692e+01,2.442247e+01,2.447635e+01,2.469156e+01,2.468484e+01,2.447635e+01,2.451000e+01,2.461091e+01,2.455710e+01,2.465796e+01,2.451673e+01,2.446961e+01,2.443594e+01,2.446961e+01,2.444941e+01,2.446288e+01,2.461763e+01,2.461091e+01,2.447635e+01,2.451673e+01,2.443594e+01
2.436183e+01,2.431464e+01,2.436857e+01,2.442247e+01,2.438878e+01,2.455710e+01,2.428092e+01,2.446288e+01,2.437531e+01,2.436183e+01,2.445614e+01,2.446288e+01,2.457056e+01,2.448308e+01,2.453692e+01,2.432812e+01,2.448308e+01,2.434161e+01,2.445614e+01,2.447635e+01,2.449654e+01,2.450327e+01,2.446961e+01,2.440226e+01,2.441573e+01,2.445614e+01,2.450327e+01,2.444268e+01,2.444268e+01,2.451000e+01,2.434835e+01,2.456383e+01,2.440900e+01,2.442247e+01,2.446961e+01,2.440226e+01,2.439552e+01,2.440226e+01,2.439552e+01,2.454365e+01,2.422694e+01,2.440900e+01,2.441573e+01,2.444941e+01,2.446961e+01,2.443594e+01,2.438878e+01,2.438878e+01,2.446288e+01,2.451000e+01,2.444268e+01,2.441573e+01,2.454365e+01,2.445614e+01,2.449654e+01,2.432812e+01,2.448308e+01,2.442921e+01,2.438878e+01,2.446961e+01,2.448981e+01,2.443594e+01,2.446288e+01,2.442247e+01,2.446961e+01,2.448308e+01,2.442921e+01,2.448981e+01,2.436857e+01,2.436857e+01,2.434835e+01,2.434835e+01,2.436857e+01,2.450327e+01,2.438205e+01,2.432138e+01,2.446961e+01,2.437531e+01,2.426743e+01,2.429441e+01,2.426068e+01,2.422694e+01,2.418644e+01,2.402428e+01,2.409188e+01,2.428092e+01,2.422019e+01,2.434835e+01,2.420670e+01,2.430115e+01,2.440226e+01,2.423369e+01,2.428092e+01,2.428092e+01,2.421344e+01,2.431464e+01,2.433487e+01,2.429441e+01,2.432812e+01,2.439552e+01,2.439552e+01,2.427417e+01,2.428092e+01,2.422019e+01,2.428766e+01,2.438205e+01,2.440900e+01,2.430790e+01,2.430115e+01,2.432138e+01,2.440226e+01,2.426068e+01,2.426743e+01,2.434835e+01,2.446288e+01,2.435509e+01,2.431464e+01,2.440226e+01,2.440900e+01,2.440900e+01,2.440226e+01,2.435509e+01,2.438878e+01,2.435509e+01,2.432812e+01,2.445614e+01,2.434835e+01,2.441573e+01,2.438205e+01,2.448308e+01,2.453692e+01,2.439552e+01,2.445614e+01,2.442247e+01,2.434161e+01,2.449654e+01,2.456383e+01,2.453019e+01,2.438878e+01,2.448981e+01,2.448981e+01,2.450327e+01,2.451000e+01,2.455710e+01,2.453692e+01,2.443594e+01,2.453019e+01,2.453019e+01,2.461091e+01,2.451673e+01,2.452346e+01,2.454365e+01,2.446961e+01,2.447635e+01,2.463108e+01,2.438205e+01,2.458401e+01,2.455038e+01,2.445614e+01,2.454365e+01,2.459746e+01,2.441573e+01,2.464452e+01,2.462436e+01,2.450327e+01,2.452346e+01,2.449654e+01,2.460419e+01,2.444941e+01,2.451000e+01,2.453692e+01,2.446961e+01,2.459746e+01,2.450327e+01,2.463108e+01,2.449654e+01,2.459073e+01,2.463108e+01,2.456383e+01,2.461091e+01,2.448981e+01,2.455710e+01,2.449654e+01,2.451673e+01,2.453692e+01,2.451673e+01,2.451673e+01,2.457728e+01,2.459073e+01,2.457056e+01,2.467141e+01,2.455038e+01,2.453692e+01,2.453692e+01,2.451000e+01,2.453019e+01,2.454365e+01,2.461091e+01,2.457728e+01,2.450327e+01,2.452346e+01,2.451673e+01,2.446961e+01,2.453019e+01,2.447635e+01,2.450327e+01,2.436857e+01,2.439552e+01,2.446288e+01,2.448308e+01,2.448308e+01,2.448308e+01,2.444268e+01,2.442247e+01,2.453692e+01,2.452346e+01,2.453019e+01,2.446288e+01,2.444268e+01,2.450327e+01,2.450327e+01,2.441573e+01,2.436183e+01,2.436183e+01,2.442247e+01,2.427417e+01,2.436857e+01,2.444941e+01,2.435509e+01,2.438878e+01,2.439552e+01,2.444941e+01,2.444941e+01,2.431464e+01,2.428766e+01,2.438878e+01,2.438205e+01,2.438205e+01,2.440226e+01,2.440226e+01,2.440226e+01,2.423369e+01,2.438205e+01,2.432138e+01,2.429441e+01,2.436857e+01,2.432812e+01,2.436183e+01,2.435509e+01,2.433487e+01,2.432138e+01,2.428092e+01,2.435509e+01,2.427417e+01,2.432138e+01,2.434161e+01,2.435509e+01,2.428092e+01,2.433487e+01,2.428092e+01,2.431464e+01,2.435509e+01,2.438205e+01,2.434161e+01,2.436857e+01,2.434835e+01,2.434835e+01,2.437531e+01,2.438878e+01,2.443594e+01,2.442247e+01,2.441573e+01,2.442247e+01,2.440900e+01,2.448981e+01,2.438878e+01,2.421344e+01,2.434161e+01,2.440226e+01,2.426068e+01,2.437531e+01,2.430115e+01,2.417969e+01,2.424044e+01,2.418644e+01,2.416619e+01,2.395664e+01,2.394311e+01,2.377380e+01,2.340713e+01,2.367886e+01,2.414593e+01,2.414593e+01,2.367886e+01,2.334589e+01,2.357704e+01,2.368564e+01,2.371956e+01,2.373312e+01,2.361778e+01,2.341393e+01,2.344793e+01,2.326418e+01,2.323693e+01,2.302550e+01,2.323693e+01,2.342073e+01,2.360420e+01,2.364493e+01,2.367886e+01,2.364493e+01,2.369242e+01,2.365850e+01,2.367886e+01,2.375346e+01,2.361099e+01,2.350911e+01,2.357704e+01,2.357704e+01,2.347513e+01,2.327780e+01,2.353629e+01,2.382123e+01,2.397018e+01,2.411215e+01,2.410540e+01,2.375346e+01,2.352949e+01,2.333228e+01,2.310057e+01,2.297086e+01,2.320967e+01,2.323012e+01,2.327099e+01,2.329823e+01,2.328461e+01,2.351590e+01,2.379413e+01,2.412566e+01,2.483256e+01,2.495997e+01,2.512737e+01,2.495326e+01,2.519426e+01,2.479230e+01,2.452346e+01,2.417969e+01,2.384833e+01,2.382801e+01,2.378057e+01,2.369921e+01,2.378057e+01,2.387542e+01,2.394311e+01,2.381446e+01,2.375346e+01,2.388896e+01,2.369242e+01,2.401752e+01,2.455710e+01,2.431464e+01,2.458401e+01,2.488622e+01,2.471172e+01,2.431464e+01,2.412566e+01,2.406485e+01,2.413242e+01,2.429441e+01,2.434835e+01,2.461763e+01,2.438205e+01,2.386865e+01,2.380091e+01,2.407161e+01,2.438205e+01,2.494656e+01,2.520763e+01,2.494656e+01,2.440226e+01,2.449654e+01,2.412566e+01,2.372634e+01,2.379413e+01,2.376024e+01,2.394311e+01,2.409864e+01,2.411891e+01,2.421344e+01,2.425393e+01,2.424044e+01,2.424719e+01,2.432812e+01,2.426743e+01,2.424044e+01,2.430115e+01,2.419994e+01,2.422694e+01,2.419319e+01,2.421344e+01,2.432812e+01,2.419994e+01,2.424719e+01,2.423369e+01,2.423369e+01,2.428766e+01,2.424044e+01,2.428092e+01,2.424044e+01,2.424044e+01,2.428766e+01,2.424044e+01,2.428766e+01,2.427417e+01,2.424044e+01,2.447635e+01,2.499347e+01,2.536796e+01,2.564130e+01,2.596704e+01,2.597368e+01,2.608646e+01,2.604667e+01,2.627855e+01,2.609309e+01,2.614611e+01,2.615274e+01,2.620573e+01,2.622560e+01,2.631164e+01,2.630502e+01,2.627855e+01,2.638439e+01,2.644388e+01,2.643727e+01,2.638439e+01,2.641084e+01,2.636456e+01,2.638439e+01,2.636456e+01,2.635794e+01,2.633810e+01,2.635133e+01,2.628517e+01,2.628517e+01,2.623884e+01,2.625870e+01,2.622560e+01,2.625208e+01,2.623884e+01,2.621235e+01,2.618586e+01,2.622560e+01,2.604004e+01,2.617261e+01,2.608646e+01,2.617924e+01,2.592057e+01,2.604667e+01,2.602013e+01,2.604667e+01,2.601350e+01,2.584085e+01,2.598696e+01,2.589401e+01,2.588736e+01,2.591393e+01,2.582756e+01,2.580762e+01,2.570786e+01,2.568124e+01,2.560800e+01,2.552805e+01,2.560134e+01,2.554138e+01,2.547471e+01,2.537464e+01,2.528782e+01,2.528115e+01,2.526778e+01,2.532122e+01,2.517419e+01,2.520094e+01,2.516751e+01,2.526110e+01,2.522100e+01,2.508052e+01,2.522100e+01,2.506713e+01,2.506044e+01,2.504035e+01,2.502696e+01,2.491305e+01,2.485940e+01,2.479901e+01,2.446288e+01,2.440226e+01,2.440900e+01,2.424044e+01,2.422019e+01,2.398371e+01,2.401076e+01,2.417294e+01,2.412566e+01,2.415268e+01,2.409864e+01,2.408512e+01,2.405809e+01,2.438878e+01,2.409188e+01,2.415943e+01,2.431464e+01,2.411891e+01,2.401076e+01,2.409864e+01,2.399723e+01,2.394988e+01,2.390250e+01,2.390927e+01,2.400400e+01,2.397018e+01,2.404457e+01,2.403105e+01,2.399047e+01,2.382801e+01,2.370599e+01,2.374668e+01,2.368564e+01,2.365172e+01,2.371277e+01,2.368564e+01,2.368564e+01,2.354308e+01,2.357025e+01,2.349552e+01,2.340032e+01,2.342753e+01,2.344113e+01,2.340713e+01,2.341393e+01,2.333908e+01,2.348192e+01,2.342073e+01,2.346153e+01,2.335950e+01,2.335269e+01,2.336630e+01,2.348872e+01,2.364493e+01,2.377380e+01,2.377380e+01,2.378735e+01,2.375346e+01,2.374668e+01,2.394311e+01,2.408512e+01,2.413242e+01,2.453692e+01,2.454365e+01,2.444268e+01,2.448981e+01,2.451000e+01,2.451000e+01,2.448308e+01,2.453692e+01,2.459073e+01,2.451000e+01,2.444268e+01,2.449654e+01,2.443594e+01,2.450327e+01,2.449654e+01,2.452346e+01,2.444941e+01,2.447635e+01,2.445614e+01,2.446288e+01,2.459073e+01,2.454365e+01,2.453692e+01,2.435509e+01,2.451673e+01,2.453019e+01,2.449654e+01,2.453692e+01,2.445614e+01,2.452346e+01,2.453692e+01,2.454365e+01,2.467141e+01,2.462436e+01,2.457056e+01,2.454365e+01,2.447635e+01,2.442921e+01,2.452346e+01,2.449654e+01,2.448308e+01,2.445614e+01,2.446961e+01,2.456383e+01,2.459746e+01,2.462436e+01,2.459746e+01,2.457728e+01,2.455710e+01,2.448981e+01,2.454365e+01,2.450327e+01,2.458401e+01,2.451673e+01,2.449654e+01,2.459746e+01,2.458401e+01,2.448981e+01,2.443594e+01,2.451000e+01,2.462436e+01,2.449654e+01,2.450327e+01,2.446288e+01,2.451673e+01,2.447635e+01,2.445614e+01,2.440226e+01,2.440900e+01,2.459746e+01,2.449654e+01,2.464452e+01,2.448981e+01,2.456383e+01,2.445614e+01,2.444941e+01,2.460419e+01,2.447635e+01,2.434161e+01,2.437531e+01,2.444941e+01,2.445614e+01,2.445614e+01
2.434835e+01,2.432138e+01,2.435509e+01,2.440226e+01,2.438878e+01,2.440226e+01,2.438878e+01,2.443594e+01,2.448981e+01,2.428766e+01,2.434835e+01,2.430115e+01,2.431464e+01,2.428092e+01,2.451673e+01,2.434161e+01,2.434835e+01,2.438878e+01,2.427417e+01,2.430790e+01,2.450327e+01,2.435509e+01,2.434835e+01,2.434835e+01,2.442247e+01,2.443594e+01,2.437531e+01,2.430790e+01,2.436183e+01,2.434161e+01,2.441573e+01,2.443594e+01,2.441573e+01,2.444268e+01,2.450327e+01,2.444268e+01,2.443594e+01,2.433487e+01,2.441573e+01,2.448308e+01,2.440900e+01,2.440226e+01,2.441573e+01,2.438878e+01,2.446961e+01,2.441573e+01,2.424044e+01,2.442247e+01,2.436183e+01,2.444268e+01,2.447635e+01,2.435509e+01,2.448308e+01,2.442921e+01,2.434161e+01,2.444941e+01,2.443594e+01,2.438878e+01,2.441573e+01,2.447635e+01,2.445614e+01,2.448308e+01,2.451000e+01,2.448981e+01,2.440900e+01,2.441573e+01,2.438878e+01,2.436857e+01,2.438205e+01,2.430115e+01,2.434161e+01,2.435509e+01,2.451673e+01,2.434161e+01,2.432812e+01,2.454365e+01,2.434835e+01,2.424719e+01,2.434161e+01,2.422019e+01,2.420670e+01,2.424719e+01,2.397694e+01,2.384833e+01,2.415943e+01,2.415268e+01,2.436183e+01,2.438878e+01,2.442921e+01,2.426068e+01,2.420670e+01,2.425393e+01,2.429441e+01,2.433487e+01,2.424044e+01,2.429441e+01,2.428092e+01,2.427417e+01,2.434161e+01,2.426743e+01,2.424719e+01,2.436857e+01,2.442921e+01,2.410540e+01,2.440226e+01,2.436183e+01,2.428766e+01,2.434835e+01,2.430115e+01,2.436183e+01,2.438878e+01,2.435509e+01,2.432138e+01,2.440226e+01,2.443594e+01,2.432138e+01,2.432812e+01,2.436183e+01,2.436857e+01,2.438878e+01,2.419994e+01,2.438205e+01,2.436183e+01,2.431464e+01,2.437531e+01,2.435509e+01,2.446961e+01,2.443594e+01,2.430115e+01,2.447635e+01,2.449654e+01,2.444941e+01,2.438205e+01,2.443594e+01,2.447635e+01,2.434161e+01,2.444941e+01,2.430115e+01,2.449654e+01,2.448308e+01,2.444268e+01,2.446961e+01,2.455710e+01,2.450327e+01,2.444268e+01,2.459073e+01,2.451673e+01,2.442921e+01,2.451673e+01,2.447635e+01,2.452346e+01,2.446288e+01,2.454365e+01,2.461091e+01,2.453692e+01,2.451000e+01,2.456383e+01,2.432812e+01,2.455710e+01,2.455038e+01,2.453692e+01,2.442247e+01,2.452346e+01,2.452346e+01,2.453019e+01,2.448981e+01,2.448981e+01,2.469828e+01,2.454365e+01,2.453692e+01,2.451000e+01,2.452346e+01,2.452346e+01,2.449654e+01,2.449654e+01,2.449654e+01,2.455038e+01,2.453692e+01,2.451673e+01,2.454365e+01,2.453692e+01,2.446961e+01,2.453019e+01,2.451000e+01,2.451000e+01,2.453019e+01,2.451000e+01,2.452346e+01,2.450327e+01,2.460419e+01,2.462436e+01,2.454365e+01,2.453692e+01,2.453019e+01,2.451673e+01,2.452346e+01,2.440226e+01,2.444941e+01,2.445614e+01,2.461763e+01,2.451000e+01,2.455038e+01,2.451000e+01,2.448981e+01,2.449654e+01,2.448981e+01,2.451673e+01,2.449654e+01,2.451673e+01,2.448308e+01,2.449654e+01,2.452346e+01,2.450327e+01,2.455710e+01,2.451673e+01,2.442247e+01,2.449654e+01,2.433487e+01,2.442921e+01,2.455038e+01,2.449654e+01,2.440226e+01,2.447635e+01,2.440900e+01,2.445614e+01,2.442247e+01,2.433487e+01,2.434161e+01,2.441573e+01,2.440226e+01,2.434835e+01,2.434835e+01,2.429441e+01,2.437531e+01,2.438878e+01,2.442247e+01,2.435509e+01,2.439552e+01,2.439552e+01,2.438878e+01,2.440900e+01,2.424044e+01,2.430790e+01,2.430790e+01,2.433487e+01,2.430790e+01,2.432138e+01,2.436857e+01,2.432138e+01,2.434835e+01,2.425393e+01,2.436183e+01,2.427417e+01,2.426743e+01,2.431464e+01,2.433487e+01,2.433487e+01,2.430790e+01,2.431464e+01,2.433487e+01,2.438205e+01,2.435509e+01,2.434835e+01,2.436857e+01,2.436183e+01,2.436183e+01,2.436183e+01,2.436183e+01,2.430790e+01,2.427417e+01,2.428092e+01,2.426068e+01,2.442247e+01,2.436183e+01,2.439552e+01,2.435509e+01,2.427417e+01,2.427417e+01,2.438878e+01,2.433487e+01,2.434835e+01,2.417969e+01,2.433487e+01,2.419994e+01,2.418644e+01,2.412566e+01,2.371277e+01,2.365850e+01,2.382123e+01,2.366529e+01,2.395664e+01,2.395664e+01,2.365850e+01,2.358383e+01,2.359062e+01,2.346153e+01,2.348192e+01,2.364493e+01,2.370599e+01,2.344793e+01,2.337991e+01,2.339352e+01,2.326418e+01,2.328461e+01,2.332547e+01,2.335269e+01,2.341393e+01,2.339352e+01,2.343433e+01,2.344793e+01,2.347513e+01,2.367207e+01,2.376024e+01,2.361099e+01,2.371277e+01,2.375346e+01,2.371277e+01,2.359062e+01,2.371277e+01,2.384833e+01,2.397018e+01,2.370599e+01,2.405133e+01,2.410540e+01,2.419994e+01,2.398371e+01,2.372634e+01,2.354308e+01,2.346833e+01,2.329142e+01,2.329823e+01,2.306645e+01,2.319604e+01,2.329142e+01,2.350911e+01,2.350231e+01,2.351590e+01,2.379413e+01,2.469828e+01,2.516082e+01,2.542135e+01,2.520763e+01,2.521431e+01,2.493986e+01,2.446961e+01,2.384155e+01,2.378057e+01,2.369921e+01,2.352270e+01,2.348192e+01,2.368564e+01,2.401752e+01,2.443594e+01,2.382123e+01,2.378735e+01,2.399723e+01,2.409188e+01,2.407837e+01,2.394988e+01,2.392281e+01,2.395664e+01,2.420670e+01,2.421344e+01,2.423369e+01,2.423369e+01,2.428092e+01,2.427417e+01,2.457056e+01,2.483256e+01,2.537464e+01,2.506044e+01,2.415268e+01,2.361778e+01,2.355667e+01,2.380768e+01,2.363814e+01,2.383478e+01,2.386187e+01,2.414593e+01,2.390927e+01,2.389573e+01,2.384155e+01,2.367207e+01,2.376024e+01,2.363814e+01,2.383478e+01,2.407837e+01,2.423369e+01,2.422694e+01,2.415268e+01,2.427417e+01,2.424719e+01,2.426068e+01,2.428092e+01,2.432812e+01,2.417294e+01,2.419994e+01,2.422019e+01,2.431464e+01,2.424719e+01,2.420670e+01,2.406485e+01,2.408512e+01,2.425393e+01,2.424044e+01,2.426068e+01,2.420670e+01,2.423369e+01,2.414593e+01,2.417294e+01,2.420670e+01,2.420670e+01,2.424044e+01,2.421344e+01,2.421344e+01,2.442247e+01,2.495326e+01,2.533458e+01,2.551472e+01,2.564130e+01,2.597368e+01,2.600686e+01,2.629841e+01,2.613948e+01,2.586743e+01,2.590065e+01,2.605993e+01,2.599359e+01,2.615274e+01,2.606656e+01,2.619248e+01,2.624546e+01,2.626532e+01,2.619911e+01,2.626532e+01,2.621235e+01,2.637117e+01,2.635794e+01,2.637778e+01,2.635133e+01,2.633149e+01,2.623884e+01,2.621898e+01,2.620573e+01,2.631826e+01,2.643066e+01,2.627194e+01,2.627194e+01,2.614611e+01,2.623884e+01,2.615936e+01,2.620573e+01,2.614611e+01,2.623222e+01,2.619248e+01,2.602013e+01,2.604667e+01,2.598696e+01,2.592721e+01,2.598696e+01,2.583421e+01,2.585415e+01,2.587408e+01,2.579433e+01,2.583421e+01,2.575443e+01,2.584085e+01,2.585415e+01,2.581427e+01,2.558802e+01,2.557470e+01,2.560134e+01,2.547471e+01,2.548138e+01,2.542135e+01,2.536129e+01,2.542802e+01,2.528782e+01,2.528115e+01,2.518088e+01,2.511399e+01,2.516082e+01,2.508052e+01,2.506044e+01,2.516082e+01,2.512068e+01,2.508722e+01,2.505375e+01,2.495997e+01,2.484598e+01,2.503366e+01,2.486610e+01,2.477887e+01,2.464452e+01,2.453692e+01,2.436183e+01,2.436857e+01,2.429441e+01,2.424719e+01,2.412566e+01,2.417294e+01,2.398371e+01,2.396341e+01,2.395664e+01,2.383478e+01,2.398371e+01,2.409188e+01,2.397694e+01,2.409188e+01,2.411891e+01,2.414593e+01,2.418644e+01,2.403105e+01,2.401752e+01,2.415943e+01,2.385510e+01,2.395664e+01,2.392958e+01,2.390250e+01,2.388219e+01,2.384833e+01,2.389573e+01,2.389573e+01,2.386187e+01,2.397694e+01,2.367886e+01,2.375346e+01,2.366529e+01,2.365172e+01,2.364493e+01,2.371277e+01,2.352949e+01,2.357704e+01,2.350911e+01,2.348192e+01,2.352270e+01,2.329142e+01,2.331185e+01,2.340032e+01,2.346833e+01,2.340713e+01,2.344113e+01,2.343433e+01,2.337991e+01,2.342753e+01,2.344793e+01,2.339352e+01,2.340713e+01,2.358383e+01,2.357704e+01,2.365850e+01,2.375346e+01,2.376702e+01,2.383478e+01,2.402428e+01,2.421344e+01,2.439552e+01,2.426743e+01,2.438878e+01,2.450327e+01,2.439552e+01,2.449654e+01,2.442247e+01,2.452346e+01,2.444268e+01,2.442921e+01,2.440900e+01,2.450327e+01,2.438878e+01,2.451000e+01,2.444268e+01,2.451673e+01,2.453692e+01,2.446961e+01,2.444941e+01,2.449654e+01,2.455710e+01,2.444268e+01,2.463780e+01,2.455710e+01,2.447635e+01,2.436183e+01,2.451673e+01,2.451000e+01,2.455038e+01,2.448308e+01,2.446288e+01,2.453019e+01,2.439552e+01,2.434161e+01,2.439552e+01,2.463780e+01,2.456383e+01,2.440900e+01,2.449654e+01,2.449654e+01,2.444268e+01,2.457056e+01,2.430790e+01,2.456383e+01,2.449654e+01,2.437531e+01,2.448308e+01,2.445614e+01,2.446288e+01,2.448981e+01,2.454365e+01,2.444268e+01,2.446961e+01,2.449654e+01,2.445614e+01,2.443594e+01,2.455710e+01,2.444268e+01,2.459746e+01,2.456383e+01,2.447635e+01,2.447635e+01,2.453692e+01,2.449654e+01,2.457056e+01,2.446288e+01,2.445614e+01,2.464452e+01,2.442247e+01,2.426068e+01,2.450327e+01,2.450327e+01,2.442247e+01,2.441573e+01,2.457056e+01,2.446288e+01,2.446288e+01,2.449654e+01,2.442247e+01,2.446961e+01,2.445614e+01,2.442921e+01,2.438205e+01,2.439552e+01
2.426068e+01,2.435509e+01,2.442921e+01,2.430115e+01,2.426743e+01,2.436857e+01,2.438205e+01,2.438205e+01,2.430115e+01,2.436857e+01,2.438878e+01,2.431464e+01,2.432138e+01,2.434161e+01,2.426743e+01,2.433487e+01,2.432138e+01,2.441573e+01,2.440900e+01,2.442921e+01,2.434835e+01,2.430790e+01,2.451000e+01,2.434161e+01,2.440900e+01,2.438878e+01,2.444941e+01,2.432138e+01,2.438205e+01,2.444941e+01,2.438205e+01,2.449654e+01,2.436857e+01,2.438878e+01,2.436857e+01,2.434835e+01,2.444941e+01,2.431464e+01,2.429441e+01,2.438205e+01,2.438205e+01,2.439552e+01,2.443594e+01,2.441573e+01,2.440226e+01,2.438205e+01,2.446961e+01,2.442247e+01,2.444268e+01,2.444268e+01,2.442247e+01,2.446288e+01,2.432812e+01,2.432138e+01,2.441573e+01,2.443594e+01,2.434835e+01,2.436183e+01,2.442247e+01,2.449654e+01,2.443594e+01,2.435509e+01,2.446961e+01,2.448981e+01,2.442921e+01,2.440226e+01,2.436183e+01,2.439552e+01,2.433487e+01,2.436183e+01,2.438205e+01,2.445614e+01,2.432812e+01,2.432138e+01,2.430790e+01,2.436183e+01,2.436183e+01,2.427417e+01,2.435509e+01,2.440900e+01,2.421344e+01,2.426068e+01,2.401076e+01,2.380768e+01,2.405809e+01,2.417969e+01,2.432812e+01,2.434161e+01,2.426068e+01,2.430115e+01,2.429441e+01,2.426743e+01,2.425393e+01,2.430115e+01,2.427417e+01,2.434161e+01,2.436183e+01,2.431464e+01,2.434161e+01,2.422694e+01,2.423369e+01,2.428766e+01,2.440226e+01,2.420670e+01,2.440900e+01,2.433487e+01,2.423369e+01,2.429441e+01,2.429441e+01,2.436857e+01,2.434161e+01,2.432812e+01,2.434835e+01,2.431464e+01,2.440226e+01,2.435509e+01,2.446961e+01,2.442247e+01,2.438878e+01,2.427417e+01,2.436857e+01,2.437531e+01,2.435509e+01,2.432138e+01,2.447635e+01,2.437531e+01,2.434161e+01,2.439552e+01,2.444268e+01,2.441573e+01,2.448981e+01,2.431464e+01,2.435509e+01,2.446288e+01,2.447635e+01,2.446288e+01,2.438878e+01,2.438205e+01,2.441573e+01,2.431464e+01,2.437531e+01,2.424719e+01,2.442921e+01,2.447635e+01,2.447635e+01,2.445614e+01,2.450327e+01,2.454365e+01,2.446961e+01,2.455038e+01,2.445614e+01,2.444268e+01,2.452346e+01,2.453692e+01,2.446288e+01,2.441573e+01,2.451000e+01,2.453692e+01,2.455038e+01,2.453019e+01,2.455038e+01,2.449654e+01,2.446288e+01,2.444941e+01,2.444268e+01,2.444941e+01,2.448981e+01,2.449654e+01,2.453019e+01,2.453019e+01,2.457728e+01,2.450327e+01,2.450327e+01,2.450327e+01,2.453019e+01,2.456383e+01,2.455038e+01,2.457056e+01,2.453692e+01,2.454365e+01,2.448981e+01,2.455038e+01,2.454365e+01,2.447635e+01,2.452346e+01,2.452346e+01,2.453692e+01,2.448308e+01,2.453019e+01,2.447635e+01,2.463108e+01,2.448308e+01,2.453019e+01,2.450327e+01,2.442921e+01,2.448981e+01,2.451000e+01,2.444268e+01,2.442921e+01,2.449654e+01,2.448308e+01,2.454365e+01,2.448981e+01,2.449654e+01,2.457056e+01,2.448981e+01,2.449654e+01,2.440900e+01,2.448981e+01,2.448981e+01,2.466469e+01,2.451673e+01,2.451673e+01,2.454365e+01,2.438878e+01,2.455710e+01,2.440900e+01,2.443594e+01,2.444941e+01,2.438878e+01,2.438878e+01,2.442247e+01,2.432138e+01,2.441573e+01,2.439552e+01,2.448981e+01,2.436183e+01,2.441573e+01,2.440900e+01,2.435509e+01,2.435509e+01,2.434835e+01,2.437531e+01,2.436857e+01,2.430115e+01,2.434835e+01,2.436183e+01,2.439552e+01,2.439552e+01,2.441573e+01,2.435509e+01,2.438205e+01,2.424044e+01,2.428092e+01,2.433487e+01,2.429441e+01,2.433487e+01,2.424044e+01,2.432812e+01,2.433487e+01,2.437531e+01,2.428766e+01,2.440226e+01,2.435509e+01,2.428092e+01,2.432812e+01,2.446288e+01,2.434835e+01,2.439552e+01,2.430115e+01,2.427417e+01,2.430790e+01,2.429441e+01,2.439552e+01,2.438205e+01,2.434835e+01,2.429441e+01,2.434835e+01,2.442247e+01,2.426743e+01,2.435509e+01,2.427417e+01,2.438205e+01,2.438205e+01,2.428092e+01,2.436183e+01,2.428766e+01,2.438205e+01,2.433487e+01,2.432138e+01,2.434161e+01,2.432138e+01,2.411891e+01,2.416619e+01,2.414593e+01,2.399047e+01,2.377380e+01,2.363814e+01,2.366529e+01,2.380768e+01,2.348192e+01,2.337311e+01,2.349552e+01,2.363814e+01,2.371956e+01,2.354987e+01,2.344113e+01,2.370599e+01,2.375346e+01,2.370599e+01,2.357025e+01,2.376024e+01,2.357025e+01,2.339352e+01,2.333908e+01,2.324374e+01,2.325056e+01,2.355667e+01,2.342073e+01,2.339352e+01,2.338672e+01,2.330504e+01,2.336630e+01,2.332547e+01,2.366529e+01,2.373990e+01,2.390927e+01,2.372634e+01,2.388219e+01,2.388219e+01,2.390250e+01,2.374668e+01,2.400400e+01,2.420670e+01,2.423369e+01,2.397018e+01,2.403105e+01,2.403781e+01,2.359062e+01,2.330504e+01,2.350911e+01,2.357025e+01,2.354987e+01,2.344113e+01,2.350911e+01,2.348872e+01,2.350231e+01,2.402428e+01,2.471172e+01,2.505375e+01,2.497337e+01,2.468484e+01,2.408512e+01,2.381446e+01,2.370599e+01,2.376024e+01,2.365850e+01,2.375346e+01,2.369921e+01,2.401752e+01,2.403105e+01,2.444941e+01,2.442247e+01,2.407161e+01,2.430115e+01,2.496667e+01,2.564796e+01,2.550805e+01,2.438878e+01,2.393634e+01,2.389573e+01,2.388896e+01,2.422019e+01,2.471172e+01,2.457728e+01,2.493316e+01,2.470500e+01,2.492645e+01,2.504705e+01,2.479901e+01,2.403781e+01,2.367886e+01,2.361778e+01,2.362457e+01,2.350911e+01,2.360420e+01,2.367886e+01,2.382801e+01,2.388219e+01,2.363136e+01,2.352949e+01,2.376702e+01,2.378735e+01,2.376702e+01,2.357704e+01,2.373312e+01,2.401076e+01,2.405809e+01,2.424044e+01,2.430790e+01,2.421344e+01,2.424044e+01,2.417294e+01,2.428092e+01,2.424044e+01,2.432138e+01,2.419319e+01,2.417969e+01,2.418644e+01,2.421344e+01,2.434835e+01,2.419319e+01,2.418644e+01,2.426068e+01,2.416619e+01,2.432812e+01,2.427417e+01,2.428092e+01,2.422019e+01,2.411215e+01,2.425393e+01,2.404457e+01,2.422019e+01,2.424044e+01,2.436183e+01,2.438205e+01,2.478558e+01,2.520763e+01,2.536796e+01,2.550139e+01,2.563464e+01,2.595377e+01,2.589401e+01,2.561466e+01,2.554804e+01,2.561466e+01,2.570121e+01,2.584750e+01,2.576108e+01,2.604004e+01,2.621898e+01,2.605330e+01,2.618586e+01,2.619248e+01,2.618586e+01,2.621898e+01,2.623884e+01,2.631164e+01,2.628517e+01,2.627194e+01,2.626532e+01,2.615274e+01,2.629841e+01,2.630502e+01,2.617924e+01,2.622560e+01,2.625208e+01,2.624546e+01,2.623222e+01,2.623884e+01,2.617924e+01,2.623222e+01,2.617924e+01,2.604667e+01,2.621235e+01,2.610634e+01,2.602677e+01,2.592721e+01,2.600686e+01,2.601350e+01,2.584750e+01,2.584085e+01,2.584085e+01,2.580097e+01,2.583421e+01,2.580097e+01,2.580762e+01,2.568790e+01,2.548805e+01,2.551472e+01,2.541468e+01,2.544137e+01,2.545471e+01,2.547471e+01,2.522768e+01,2.528782e+01,2.532790e+01,2.519426e+01,2.526110e+01,2.508052e+01,2.505375e+01,2.502026e+01,2.506044e+01,2.502696e+01,2.508052e+01,2.519426e+01,2.492645e+01,2.498677e+01,2.494656e+01,2.495326e+01,2.497337e+01,2.480572e+01,2.474530e+01,2.467813e+01,2.448981e+01,2.451000e+01,2.426068e+01,2.426743e+01,2.417294e+01,2.411215e+01,2.403781e+01,2.403781e+01,2.394311e+01,2.399047e+01,2.390927e+01,2.409188e+01,2.392958e+01,2.394988e+01,2.394311e+01,2.397018e+01,2.405133e+01,2.390250e+01,2.424044e+01,2.385510e+01,2.386187e+01,2.380768e+01,2.390250e+01,2.391604e+01,2.394311e+01,2.392958e+01,2.372634e+01,2.397018e+01,2.382801e+01,2.405133e+01,2.386187e+01,2.368564e+01,2.366529e+01,2.365850e+01,2.376702e+01,2.365172e+01,2.361778e+01,2.355667e+01,2.348192e+01,2.349552e+01,2.349552e+01,2.339352e+01,2.343433e+01,2.343433e+01,2.347513e+01,2.342753e+01,2.337991e+01,2.344793e+01,2.349552e+01,2.335950e+01,2.348872e+01,2.340032e+01,2.342073e+01,2.338672e+01,2.344113e+01,2.347513e+01,2.357025e+01,2.360420e+01,2.376702e+01,2.402428e+01,2.431464e+01,2.425393e+01,2.434161e+01,2.443594e+01,2.455710e+01,2.446961e+01,2.449654e+01,2.431464e+01,2.443594e+01,2.442247e+01,2.449654e+01,2.440900e+01,2.455038e+01,2.440900e+01,2.443594e+01,2.447635e+01,2.442921e+01,2.432138e+01,2.444268e+01,2.456383e+01,2.456383e+01,2.444268e+01,2.449654e+01,2.453692e+01,2.449654e+01,2.450327e+01,2.450327e+01,2.452346e+01,2.448981e+01,2.448981e+01,2.434835e+01,2.448981e+01,2.453692e+01,2.455038e+01,2.451000e+01,2.447635e+01,2.457056e+01,2.457728e+01,2.446961e+01,2.444268e+01,2.460419e+01,2.451673e+01,2.451673e+01,2.451673e+01,2.445614e+01,2.444268e+01,2.446288e+01,2.432812e+01,2.447635e+01,2.465124e+01,2.446961e+01,2.450327e+01,2.448308e+01,2.447635e+01,2.448981e+01,2.438205e+01,2.449654e+01,2.445614e+01,2.456383e+01,2.454365e+01,2.442921e+01,2.445614e+01,2.457056e+01,2.448308e+01,2.446961e+01,2.451000e+01,2.448981e+01,2.446961e+01,2.436183e+01,2.448308e+01,2.451673e+01,2.440226e+01,2.451000e+01,2.445614e+01,2.431464e+01,2.441573e+01,2.442921e+01,2.439552e+01,2.445614e+01,2.463108e+01,2.440900e+01,2.443594e+01,2.442921e+01,2.436183e+01,2.440900e+01,2.435509e+01
2.434161e+01,2.429441e+01,2.428092e+01,2.428766e+01,2.427417e+01,2.432812e+01,2.435509e+01,2.440900e+01,2.436857e+01,2.437531e+01,2.434835e+01,2.434835e+01,2.432138e+01,2.440226e+01,2.433487e+01,2.436857e+01,2.440226e+01,2.442247e+01,2.438205e+01,2.434835e+01,2.449654e+01,2.433487e+01,2.445614e+01,2.430790e+01,2.430115e+01,2.442247e+01,2.438205e+01,2.446288e+01,2.443594e+01,2.442921e+01,2.438878e+01,2.449654e+01,2.441573e+01,2.442247e+01,2.448981e+01,2.445614e+01,2.440226e+01,2.440900e+01,2.435509e+01,2.442921e+01,2.446288e+01,2.441573e+01,2.436857e+01,2.435509e+01,2.446288e+01,2.441573e+01,2.449654e+01,2.444268e+01,2.446961e+01,2.445614e+01,2.446288e+01,2.442921e+01,2.432138e+01,2.448308e+01,2.432138e+01,2.446288e+01,2.446961e+01,2.443594e+01,2.442921e+01,2.448308e+01,2.446288e+01,2.453019e+01,2.445614e+01,2.448308e+01,2.440226e+01,2.440900e+01,2.448308e+01,2.452346e+01,2.437531e+01,2.429441e+01,2.437531e+01,2.435509e+01,2.451000e+01,2.433487e+01,2.434835e+01,2.441573e+01,2.436857e+01,2.427417e+01,2.427417e+01,2.438205e+01,2.426068e+01,2.442247e+01,2.388896e+01,2.386187e+01,2.430115e+01,2.433487e+01,2.424044e+01,2.437531e+01,2.438878e+01,2.428092e+01,2.431464e+01,2.432138e+01,2.435509e+01,2.427417e+01,2.430115e+01,2.442247e+01,2.436183e+01,2.427417e+01,2.429441e+01,2.432138e+01,2.430115e+01,2.439552e+01,2.428766e+01,2.440900e+01,2.444941e+01,2.439552e+01,2.419994e+01,2.420670e+01,2.430115e+01,2.432812e+01,2.433487e+01,2.432812e+01,2.432138e+01,2.424044e+01,2.432138e+01,2.436183e+01,2.430115e+01,2.432138e+01,2.429441e+01,2.427417e+01,2.438878e+01,2.437531e+01,2.448981e+01,2.442921e+01,2.434161e+01,2.436183e+01,2.440900e+01,2.444268e+01,2.446288e+01,2.430790e+01,2.446961e+01,2.430790e+01,2.444268e+01,2.439552e+01,2.440226e+01,2.441573e+01,2.442921e+01,2.445614e+01,2.442921e+01,2.451000e+01,2.448308e+01,2.442247e+01,2.444268e+01,2.451673e+01,2.459746e+01,2.453692e+01,2.447635e+01,2.444941e+01,2.448308e+01,2.456383e+01,2.453692e+01,2.446961e+01,2.442921e+01,2.463108e+01,2.453692e+01,2.451673e+01,2.447635e+01,2.453692e+01,2.449654e+01,2.457056e+01,2.450327e+01,2.455710e+01,2.461763e+01,2.442921e+01,2.461091e+01,2.466469e+01,2.450327e+01,2.454365e+01,2.453692e+01,2.462436e+01,2.451673e+01,2.455710e+01,2.451000e+01,2.449654e+01,2.449654e+01,2.459073e+01,2.447635e+01,2.448981e+01,2.453019e+01,2.455038e+01,2.466469e+01,2.446288e+01,2.465124e+01,2.466469e+01,2.455710e+01,2.446961e+01,2.451673e+01,2.467141e+01,2.456383e+01,2.449654e+01,2.451673e+01,2.451000e+01,2.453019e+01,2.456383e+01,2.451673e+01,2.453692e+01,2.447635e+01,2.451673e+01,2.453019e+01,2.449654e+01,2.457728e+01,2.453019e+01,2.449654e+01,2.448981e+01,2.452346e+01,2.450327e+01,2.440900e+01,2.452346e+01,2.450327e+01,2.450327e+01,2.451673e+01,2.454365e+01,2.447635e+01,2.453019e+01,2.452346e+01,2.442247e+01,2.446288e+01,2.450327e+01,2.437531e+01,2.451000e+01,2.446288e+01,2.443594e+01,2.448981e+01,2.439552e+01,2.437531e+01,2.438205e+01,2.440900e+01,2.439552e+01,2.444268e+01,2.434161e+01,2.432812e+01,2.434161e+01,2.432138e+01,2.439552e+01,2.438878e+01,2.441573e+01,2.435509e+01,2.440900e+01,2.443594e+01,2.436857e+01,2.441573e+01,2.422694e+01,2.429441e+01,2.430115e+01,2.434161e+01,2.432812e+01,2.434835e+01,2.438205e+01,2.423369e+01,2.432138e+01,2.426743e+01,2.434835e+01,2.424044e+01,2.436857e+01,2.438878e+01,2.423369e+01,2.430790e+01,2.437531e+01,2.438878e+01,2.430790e+01,2.433487e+01,2.431464e+01,2.438878e+01,2.433487e+01,2.439552e+01,2.432812e+01,2.440226e+01,2.434835e+01,2.434161e+01,2.425393e+01,2.430115e+01,2.433487e+01,2.430790e+01,2.429441e+01,2.436857e+01,2.430115e+01,2.444268e+01,2.431464e+01,2.434161e+01,2.431464e+01,2.437531e+01,2.428092e+01,2.420670e+01,2.419319e+01,2.415943e+01,2.380768e+01,2.381446e+01,2.380768e+01,2.367886e+01,2.378735e+01,2.361778e+01,2.364493e+01,2.363814e+01,2.403105e+01,2.397694e+01,2.365172e+01,2.371956e+01,2.386187e+01,2.388896e+01,2.395664e+01,2.382801e+01,2.377380e+01,2.374668e+01,2.350231e+01,2.354308e+01,2.329142e+01,2.343433e+01,2.342753e+01,2.333908e+01,2.333228e+01,2.340713e+01,2.333228e+01,2.324374e+01,2.323693e+01,2.335950e+01,2.376024e+01,2.394311e+01,2.397694e+01,2.380091e+01,2.377380e+01,2.387542e+01,2.399723e+01,2.420670e+01,2.406485e+01,2.402428e+01,2.403105e+01,2.497337e+01,2.530787e+01,2.438205e+01,2.400400e+01,2.432138e+01,2.413242e+01,2.400400e+01,2.354987e+01,2.344793e+01,2.328461e+01,2.334589e+01,2.377380e+01,2.401076e+01,2.401076e+01,2.400400e+01,2.385510e+01,2.364493e+01,2.365850e+01,2.373990e+01,2.368564e+01,2.369921e+01,2.404457e+01,2.407837e+01,2.482585e+01,2.532122e+01,2.490634e+01,2.403105e+01,2.373990e+01,2.373990e+01,2.446961e+01,2.618586e+01,2.645709e+01,2.475873e+01,2.394311e+01,2.451673e+01,2.444268e+01,2.512737e+01,2.580762e+01,2.580762e+01,2.520763e+01,2.470500e+01,2.428092e+01,2.442247e+01,2.399723e+01,2.345473e+01,2.345473e+01,2.346153e+01,2.384833e+01,2.383478e+01,2.377380e+01,2.361099e+01,2.361778e+01,2.388896e+01,2.367207e+01,2.403781e+01,2.450327e+01,2.449654e+01,2.398371e+01,2.365850e+01,2.377380e+01,2.403105e+01,2.407161e+01,2.413242e+01,2.424044e+01,2.411215e+01,2.424719e+01,2.427417e+01,2.416619e+01,2.425393e+01,2.431464e+01,2.422694e+01,2.421344e+01,2.432812e+01,2.424719e+01,2.424719e+01,2.421344e+01,2.433487e+01,2.421344e+01,2.413917e+01,2.421344e+01,2.418644e+01,2.419319e+01,2.421344e+01,2.419994e+01,2.422694e+01,2.408512e+01,2.419319e+01,2.426743e+01,2.432812e+01,2.446961e+01,2.468484e+01,2.494656e+01,2.515413e+01,2.501357e+01,2.508722e+01,2.508722e+01,2.498677e+01,2.479230e+01,2.477887e+01,2.495326e+01,2.550805e+01,2.554804e+01,2.570121e+01,2.566793e+01,2.594713e+01,2.590065e+01,2.605993e+01,2.609971e+01,2.607319e+01,2.607319e+01,2.619911e+01,2.603340e+01,2.603340e+01,2.628517e+01,2.622560e+01,2.621235e+01,2.620573e+01,2.625870e+01,2.620573e+01,2.617924e+01,2.620573e+01,2.613948e+01,2.620573e+01,2.621898e+01,2.622560e+01,2.620573e+01,2.613948e+01,2.629841e+01,2.607982e+01,2.612623e+01,2.606656e+01,2.610634e+01,2.604004e+01,2.606656e+01,2.590065e+01,2.584085e+01,2.584750e+01,2.584750e+01,2.584750e+01,2.576108e+01,2.558136e+01,2.571451e+01,2.575443e+01,2.547471e+01,2.537464e+01,2.538131e+01,2.543469e+01,2.532122e+01,2.521431e+01,2.521431e+01,2.514744e+01,2.529451e+01,2.513406e+01,2.507383e+01,2.506713e+01,2.502696e+01,2.503366e+01,2.494656e+01,2.493986e+01,2.498677e+01,2.497337e+01,2.491305e+01,2.489293e+01,2.500017e+01,2.490634e+01,2.486610e+01,2.471172e+01,2.456383e+01,2.457056e+01,2.452346e+01,2.428092e+01,2.449654e+01,2.415268e+01,2.405133e+01,2.406485e+01,2.395664e+01,2.390250e+01,2.390927e+01,2.389573e+01,2.384155e+01,2.377380e+01,2.382801e+01,2.387542e+01,2.414593e+01,2.407161e+01,2.408512e+01,2.398371e+01,2.388219e+01,2.387542e+01,2.392958e+01,2.388219e+01,2.380768e+01,2.379413e+01,2.390250e+01,2.396341e+01,2.382801e+01,2.373990e+01,2.380768e+01,2.373312e+01,2.380091e+01,2.368564e+01,2.369921e+01,2.375346e+01,2.362457e+01,2.357025e+01,2.350231e+01,2.354308e+01,2.350231e+01,2.347513e+01,2.350231e+01,2.344113e+01,2.336630e+01,2.337991e+01,2.339352e+01,2.336630e+01,2.349552e+01,2.349552e+01,2.351590e+01,2.345473e+01,2.347513e+01,2.349552e+01,2.357025e+01,2.350231e+01,2.359741e+01,2.358383e+01,2.378057e+01,2.401076e+01,2.431464e+01,2.442247e+01,2.436857e+01,2.439552e+01,2.427417e+01,2.452346e+01,2.453692e+01,2.449654e+01,2.440226e+01,2.443594e+01,2.451000e+01,2.449654e+01,2.442921e+01,2.448981e+01,2.444268e+01,2.442247e+01,2.460419e+01,2.446288e+01,2.444268e+01,2.448308e+01,2.443594e+01,2.451673e+01,2.446961e+01,2.444268e+01,2.440226e+01,2.452346e+01,2.450327e+01,2.450327e+01,2.433487e+01,2.452346e+01,2.450327e+01,2.457728e+01,2.434835e+01,2.445614e+01,2.452346e+01,2.442921e+01,2.453019e+01,2.455710e+01,2.455038e+01,2.464452e+01,2.448308e+01,2.453019e+01,2.453019e+01,2.446288e+01,2.444268e+01,2.448308e+01,2.447635e+01,2.454365e+01,2.457728e+01,2.444268e+01,2.453019e+01,2.445614e+01,2.451000e+01,2.446288e+01,2.446961e+01,2.442921e+01,2.440226e+01,2.447635e+01,2.438878e+01,2.457728e+01,2.446961e+01,2.460419e+01,2.446288e+01,2.448308e+01,2.449654e+01,2.457728e+01,2.448308e+01,2.452346e+01,2.446961e+01,2.455038e+01,2.438205e+01,2.436857e+01,2.441573e+01,2.438878e+01,2.446961e+01,2.443594e+01,2.452346e+01,2.447635e+01,2.444941e+01,2.459746e+01,2.441573e+01,2.440900e+01,2.439552e+01,2.443594e+01,2.436857e+01,2.436857e+01,2.424044e+01
2.424044e+01,2.440226e+01,2.421344e+01,2.427417e+01,2.426068e+01,2.439552e+01,2.446288e+01,2.428766e+01,2.438878e+01,2.430115e+01,2.438878e+01,2.443594e+01,2.445614e+01,2.434835e+01,2.434835e+01,2.446961e+01,2.438878e+01,2.449654e+01,2.450327e+01,2.435509e+01,2.445614e+01,2.448981e+01,2.429441e+01,2.432138e+01,2.438878e+01,2.434835e+01,2.444941e+01,2.431464e+01,2.446961e+01,2.440900e+01,2.438878e+01,2.428092e+01,2.441573e+01,2.429441e+01,2.442921e+01,2.440226e+01,2.438205e+01,2.443594e+01,2.451000e+01,2.438878e+01,2.446288e+01,2.440900e+01,2.438878e+01,2.444941e+01,2.438205e+01,2.438878e+01,2.438878e+01,2.447635e+01,2.444941e+01,2.443594e+01,2.450327e+01,2.449654e+01,2.448308e+01,2.454365e+01,2.446288e+01,2.438878e+01,2.443594e+01,2.440226e+01,2.450327e+01,2.454365e+01,2.440226e+01,2.448308e+01,2.445614e+01,2.442247e+01,2.451000e+01,2.449654e+01,2.453019e+01,2.442247e+01,2.452346e+01,2.448981e+01,2.442247e+01,2.433487e+01,2.443594e+01,2.444941e+01,2.452346e+01,2.436857e+01,2.438205e+01,2.436183e+01,2.426743e+01,2.422694e+01,2.430790e+01,2.422694e+01,2.392281e+01,2.388896e+01,2.419319e+01,2.428092e+01,2.434835e+01,2.434835e+01,2.430790e+01,2.429441e+01,2.440900e+01,2.432138e+01,2.435509e+01,2.430115e+01,2.431464e+01,2.436183e+01,2.430115e+01,2.437531e+01,2.434161e+01,2.429441e+01,2.430790e+01,2.429441e+01,2.439552e+01,2.438878e+01,2.434835e+01,2.426068e+01,2.434835e+01,2.435509e+01,2.433487e+01,2.434161e+01,2.431464e+01,2.430115e+01,2.426068e+01,2.435509e+01,2.432138e+01,2.434161e+01,2.432138e+01,2.432812e+01,2.434161e+01,2.440226e+01,2.426743e+01,2.436857e+01,2.439552e+01,2.430790e+01,2.439552e+01,2.436857e+01,2.440900e+01,2.442247e+01,2.444941e+01,2.447635e+01,2.439552e+01,2.445614e+01,2.448981e+01,2.442921e+01,2.443594e+01,2.427417e+01,2.445614e+01,2.455710e+01,2.446961e+01,2.450327e+01,2.450327e+01,2.446288e+01,2.453692e+01,2.457728e+01,2.449654e+01,2.452346e+01,2.444268e+01,2.444268e+01,2.453019e+01,2.455710e+01,2.443594e+01,2.454365e+01,2.449654e+01,2.448308e+01,2.458401e+01,2.444941e+01,2.459746e+01,2.451000e+01,2.452346e+01,2.450327e+01,2.442921e+01,2.447635e+01,2.444941e+01,2.465124e+01,2.453692e+01,2.448308e+01,2.468484e+01,2.455710e+01,2.453692e+01,2.459746e+01,2.451000e+01,2.451673e+01,2.461763e+01,2.448981e+01,2.454365e+01,2.457056e+01,2.455038e+01,2.453692e+01,2.453019e+01,2.449654e+01,2.451673e+01,2.451673e+01,2.467813e+01,2.460419e+01,2.460419e+01,2.459073e+01,2.455038e+01,2.455710e+01,2.451673e+01,2.452346e+01,2.459073e+01,2.450327e+01,2.457728e+01,2.456383e+01,2.454365e+01,2.453692e+01,2.450327e+01,2.461091e+01,2.446288e+01,2.451673e+01,2.453019e+01,2.450327e+01,2.455710e+01,2.455038e+01,2.447635e+01,2.448308e+01,2.450327e+01,2.453692e+01,2.454365e+01,2.455710e+01,2.449654e+01,2.457056e+01,2.448981e+01,2.452346e+01,2.456383e+01,2.446288e+01,2.452346e+01,2.461091e+01,2.446288e+01,2.446961e+01,2.451673e+01,2.440226e+01,2.442247e+01,2.449654e+01,2.438205e+01,2.443594e+01,2.442921e+01,2.444941e+01,2.451000e+01,2.432138e+01,2.444268e+01,2.432812e+01,2.442247e+01,2.440226e+01,2.442247e+01,2.441573e+01,2.451000e+01,2.434835e+01,2.436857e+01,2.443594e+01,2.441573e+01,2.436183e+01,2.438878e+01,2.444268e+01,2.446961e+01,2.432138e+01,2.436857e+01,2.434161e+01,2.431464e+01,2.430115e+01,2.438205e+01,2.438205e+01,2.430790e+01,2.435509e+01,2.443594e+01,2.428092e+01,2.447635e+01,2.431464e+01,2.431464e+01,2.434161e+01,2.430115e+01,2.428766e+01,2.430790e+01,2.437531e+01,2.444941e+01,2.429441e+01,2.442921e+01,2.434835e+01,2.434835e+01,2.429441e+01,2.429441e+01,2.431464e+01,2.438878e+01,2.429441e+01,2.439552e+01,2.431464e+01,2.436183e+01,2.436183e+01,2.434161e+01,2.433487e+01,2.445614e+01,2.419319e+01,2.430115e+01,2.426068e+01,2.413242e+01,2.382123e+01,2.379413e+01,2.382123e+01,2.361778e+01,2.370599e+01,2.368564e+01,2.383478e+01,2.392958e+01,2.399723e+01,2.363814e+01,2.382123e+01,2.403105e+01,2.405133e+01,2.377380e+01,2.407161e+01,2.394311e+01,2.353629e+01,2.359062e+01,2.340713e+01,2.347513e+01,2.341393e+01,2.359062e+01,2.360420e+01,2.342073e+01,2.334589e+01,2.330504e+01,2.323012e+01,2.329142e+01,2.335269e+01,2.339352e+01,2.377380e+01,2.382123e+01,2.398371e+01,2.394311e+01,2.392958e+01,2.417969e+01,2.417294e+01,2.399047e+01,2.399723e+01,2.363814e+01,2.350911e+01,2.402428e+01,2.483927e+01,2.456383e+01,2.454365e+01,2.455710e+01,2.463108e+01,2.465124e+01,2.407161e+01,2.354987e+01,2.351590e+01,2.348872e+01,2.354308e+01,2.359741e+01,2.363136e+01,2.380091e+01,2.390250e+01,2.384155e+01,2.358383e+01,2.370599e+01,2.372634e+01,2.377380e+01,2.396341e+01,2.436183e+01,2.486610e+01,2.492645e+01,2.405809e+01,2.383478e+01,2.357704e+01,2.375346e+01,2.373990e+01,2.423369e+01,2.489293e+01,2.448308e+01,2.444941e+01,2.483256e+01,2.456383e+01,2.491305e+01,2.491305e+01,2.451673e+01,2.447635e+01,2.477216e+01,2.451000e+01,2.425393e+01,2.369242e+01,2.344113e+01,2.345473e+01,2.371956e+01,2.413917e+01,2.470500e+01,2.446288e+01,2.360420e+01,2.348192e+01,2.337311e+01,2.342073e+01,2.402428e+01,2.502026e+01,2.560800e+01,2.417969e+01,2.365850e+01,2.379413e+01,2.403781e+01,2.420670e+01,2.413917e+01,2.426743e+01,2.426068e+01,2.422019e+01,2.419319e+01,2.426068e+01,2.429441e+01,2.424044e+01,2.426743e+01,2.418644e+01,2.424044e+01,2.419319e+01,2.428766e+01,2.430790e+01,2.431464e+01,2.419319e+01,2.435509e+01,2.428766e+01,2.420670e+01,2.416619e+01,2.430115e+01,2.420670e+01,2.423369e+01,2.427417e+01,2.419319e+01,2.425393e+01,2.424044e+01,2.436183e+01,2.467141e+01,2.467813e+01,2.488622e+01,2.495326e+01,2.470500e+01,2.455710e+01,2.454365e+01,2.434161e+01,2.450327e+01,2.473858e+01,2.517419e+01,2.539466e+01,2.545471e+01,2.564130e+01,2.557470e+01,2.586743e+01,2.591393e+01,2.594713e+01,2.613286e+01,2.619911e+01,2.623884e+01,2.623222e+01,2.615274e+01,2.617261e+01,2.619911e+01,2.617261e+01,2.623884e+01,2.621898e+01,2.623222e+01,2.620573e+01,2.615274e+01,2.635794e+01,2.617261e+01,2.621898e+01,2.614611e+01,2.613286e+01,2.613948e+01,2.615274e+01,2.612623e+01,2.610634e+01,2.608646e+01,2.613286e+01,2.598032e+01,2.610634e+01,2.592721e+01,2.589401e+01,2.594049e+01,2.588072e+01,2.584750e+01,2.571451e+01,2.556804e+01,2.562798e+01,2.564796e+01,2.540801e+01,2.548805e+01,2.538131e+01,2.515413e+01,2.526110e+01,2.526110e+01,2.521431e+01,2.522768e+01,2.526778e+01,2.504035e+01,2.505375e+01,2.505375e+01,2.503366e+01,2.501357e+01,2.504035e+01,2.493986e+01,2.494656e+01,2.493316e+01,2.494656e+01,2.475873e+01,2.479230e+01,2.475873e+01,2.473187e+01,2.472515e+01,2.468484e+01,2.440226e+01,2.455038e+01,2.448308e+01,2.440226e+01,2.422694e+01,2.393634e+01,2.407161e+01,2.401752e+01,2.393634e+01,2.386865e+01,2.390927e+01,2.373312e+01,2.380091e+01,2.384155e+01,2.383478e+01,2.377380e+01,2.399047e+01,2.391604e+01,2.379413e+01,2.378057e+01,2.380091e+01,2.384155e+01,2.373990e+01,2.374668e+01,2.371956e+01,2.379413e+01,2.376024e+01,2.376702e+01,2.372634e+01,2.394311e+01,2.377380e+01,2.371277e+01,2.370599e+01,2.368564e+01,2.365172e+01,2.364493e+01,2.361778e+01,2.365172e+01,2.360420e+01,2.343433e+01,2.350911e+01,2.354308e+01,2.344113e+01,2.344113e+01,2.338672e+01,2.336630e+01,2.348872e+01,2.349552e+01,2.340032e+01,2.342073e+01,2.344793e+01,2.346153e+01,2.354987e+01,2.359062e+01,2.353629e+01,2.351590e+01,2.359062e+01,2.399723e+01,2.433487e+01,2.443594e+01,2.438205e+01,2.440900e+01,2.438878e+01,2.432812e+01,2.441573e+01,2.454365e+01,2.449654e+01,2.437531e+01,2.430790e+01,2.455710e+01,2.448981e+01,2.446961e+01,2.446961e+01,2.449654e+01,2.453692e+01,2.456383e+01,2.438878e+01,2.450327e+01,2.448981e+01,2.444268e+01,2.448308e+01,2.453019e+01,2.454365e+01,2.451673e+01,2.442247e+01,2.442247e+01,2.455710e+01,2.458401e+01,2.451000e+01,2.444268e+01,2.451673e+01,2.451673e+01,2.446288e+01,2.447635e+01,2.451673e+01,2.440900e+01,2.446288e+01,2.442247e+01,2.461091e+01,2.451000e+01,2.443594e+01,2.450327e+01,2.453692e+01,2.449654e+01,2.446961e+01,2.446288e+01,2.444268e+01,2.446288e+01,2.440900e+01,2.475201e+01,2.448981e+01,2.457056e+01,2.446961e+01,2.453019e+01,2.453692e+01,2.442921e+01,2.442921e+01,2.442247e+01,2.462436e+01,2.458401e+01,2.455710e+01,2.459746e+01,2.448981e+01,2.453019e+01,2.456383e+01,2.446961e+01,2.447635e+01,2.446288e+01,2.436857e+01,2.444268e+01,2.446961e+01,2.439552e+01,2.455038e+01,2.440900e+01,2.442247e+01,2.445614e+01,2.443594e+01,2.453692e+01,2.446288e+01,2.445614e+01,2.444268e+01,2.439552e+01,2.438878e+01,2.443594e+01,2.443594e+01,2.443594e+01
2.426068e+01,2.422019e+01,2.431464e+01,2.434161e+01,2.441573e+01,2.422694e+01,2.432138e+01,2.445614e+01,2.438878e+01,2.435509e+01,2.428766e+01,2.445614e+01,2.432812e+01,2.436183e+01,2.444941e+01,2.440900e+01,2.446961e+01,2.448981e+01,2.439552e+01,2.438878e+01,2.436183e+01,2.438878e+01,2.439552e+01,2.430790e+01,2.431464e+01,2.438878e+01,2.436183e+01,2.445614e+01,2.436183e+01,2.449654e+01,2.455038e+01,2.442247e+01,2.451000e+01,2.434835e+01,2.440226e+01,2.441573e+01,2.441573e+01,2.443594e+01,2.436857e+01,2.440226e+01,2.438205e+01,2.451673e+01,2.445614e+01,2.437531e+01,2.436857e+01,2.432812e+01,2.436183e+01,2.442921e+01,2.440900e+01,2.442247e+01,2.439552e+01,2.439552e+01,2.438878e+01,2.435509e+01,2.447635e+01,2.449654e+01,2.444268e+01,2.445614e+01,2.448308e+01,2.445614e+01,2.438878e+01,2.442921e+01,2.447635e+01,2.446961e+01,2.445614e+01,2.444268e+01,2.450327e+01,2.444268e+01,2.447635e+01,2.442247e+01,2.442921e+01,2.434835e+01,2.437531e+01,2.442247e+01,2.438878e+01,2.433487e+01,2.450327e+01,2.430115e+01,2.434161e+01,2.430790e+01,2.428092e+01,2.416619e+01,2.398371e+01,2.407161e+01,2.411215e+01,2.422694e+01,2.438205e+01,2.436857e+01,2.434835e+01,2.426743e+01,2.430115e+01,2.456383e+01,2.430790e+01,2.436183e+01,2.428766e+01,2.427417e+01,2.432812e+01,2.426068e+01,2.432138e+01,2.427417e+01,2.432138e+01,2.426068e+01,2.438878e+01,2.428766e+01,2.433487e+01,2.428766e+01,2.432812e+01,2.434161e+01,2.430790e+01,2.433487e+01,2.434161e+01,2.440226e+01,2.436183e+01,2.435509e+01,2.428766e+01,2.432138e+01,2.418644e+01,2.434161e+01,2.435509e+01,2.440900e+01,2.428766e+01,2.440226e+01,2.438878e+01,2.435509e+01,2.431464e+01,2.440226e+01,2.440900e+01,2.440226e+01,2.440900e+01,2.440226e+01,2.444941e+01,2.430790e+01,2.441573e+01,2.444941e+01,2.444268e+01,2.442921e+01,2.442921e+01,2.441573e+01,2.445614e+01,2.450327e+01,2.448308e+01,2.423369e+01,2.453019e+01,2.451673e+01,2.451000e+01,2.452346e+01,2.448308e+01,2.445614e+01,2.434835e+01,2.456383e+01,2.450327e+01,2.451673e+01,2.445614e+01,2.443594e+01,2.450327e+01,2.448308e+01,2.446288e+01,2.446961e+01,2.454365e+01,2.448981e+01,2.453692e+01,2.441573e+01,2.442247e+01,2.458401e+01,2.444268e+01,2.453019e+01,2.451673e+01,2.454365e+01,2.453692e+01,2.442921e+01,2.460419e+01,2.451000e+01,2.455038e+01,2.457728e+01,2.454365e+01,2.458401e+01,2.454365e+01,2.458401e+01,2.451673e+01,2.457056e+01,2.444941e+01,2.452346e+01,2.459746e+01,2.455710e+01,2.459746e+01,2.459746e+01,2.456383e+01,2.450327e+01,2.448308e+01,2.457728e+01,2.443594e+01,2.449654e+01,2.448981e+01,2.449654e+01,2.446961e+01,2.438878e+01,2.452346e+01,2.452346e+01,2.451000e+01,2.459746e+01,2.454365e+01,2.459746e+01,2.456383e+01,2.452346e+01,2.451000e+01,2.449654e+01,2.449654e+01,2.453019e+01,2.460419e+01,2.455710e+01,2.461763e+01,2.451673e+01,2.452346e+01,2.449654e+01,2.448981e+01,2.444941e+01,2.442921e+01,2.448981e+01,2.449654e+01,2.448308e+01,2.442921e+01,2.429441e+01,2.451000e+01,2.439552e+01,2.438878e+01,2.441573e+01,2.440900e+01,2.442247e+01,2.441573e+01,2.441573e+01,2.432812e+01,2.441573e+01,2.449654e+01,2.441573e+01,2.439552e+01,2.438878e+01,2.433487e+01,2.449654e+01,2.437531e+01,2.448981e+01,2.448981e+01,2.448981e+01,2.436183e+01,2.446288e+01,2.427417e+01,2.430115e+01,2.438205e+01,2.440900e+01,2.434161e+01,2.428092e+01,2.439552e+01,2.428766e+01,2.432812e+01,2.433487e+01,2.438205e+01,2.427417e+01,2.426743e+01,2.423369e+01,2.437531e+01,2.439552e+01,2.431464e+01,2.438878e+01,2.430790e+01,2.444268e+01,2.430790e+01,2.433487e+01,2.438205e+01,2.430790e+01,2.430115e+01,2.432138e+01,2.426743e+01,2.428766e+01,2.434161e+01,2.426743e+01,2.430790e+01,2.426743e+01,2.431464e+01,2.423369e+01,2.438205e+01,2.419319e+01,2.432812e+01,2.422019e+01,2.422019e+01,2.419319e+01,2.389573e+01,2.355667e+01,2.357025e+01,2.376702e+01,2.376702e+01,2.369242e+01,2.373990e+01,2.384155e+01,2.405133e+01,2.395664e+01,2.385510e+01,2.403781e+01,2.406485e+01,2.389573e+01,2.382801e+01,2.391604e+01,2.368564e+01,2.342753e+01,2.344793e+01,2.342073e+01,2.355667e+01,2.344113e+01,2.342753e+01,2.354987e+01,2.335950e+01,2.333228e+01,2.327099e+01,2.333908e+01,2.332547e+01,2.320967e+01,2.359741e+01,2.369242e+01,2.389573e+01,2.387542e+01,2.387542e+01,2.397018e+01,2.394988e+01,2.396341e+01,2.361099e+01,2.355667e+01,2.348192e+01,2.340713e+01,2.356346e+01,2.395664e+01,2.448308e+01,2.435509e+01,2.402428e+01,2.393634e+01,2.390250e+01,2.349552e+01,2.350231e+01,2.327099e+01,2.333908e+01,2.369921e+01,2.336630e+01,2.341393e+01,2.361099e+01,2.386187e+01,2.360420e+01,2.358383e+01,2.359741e+01,2.354987e+01,2.367207e+01,2.373312e+01,2.436183e+01,2.410540e+01,2.374668e+01,2.382123e+01,2.378057e+01,2.360420e+01,2.412566e+01,2.376024e+01,2.375346e+01,2.378057e+01,2.388896e+01,2.445614e+01,2.455710e+01,2.480572e+01,2.464452e+01,2.489964e+01,2.469156e+01,2.417969e+01,2.405809e+01,2.389573e+01,2.347513e+01,2.346833e+01,2.344793e+01,2.344793e+01,2.359741e+01,2.347513e+01,2.374668e+01,2.444941e+01,2.359741e+01,2.344793e+01,2.323693e+01,2.344793e+01,2.375346e+01,2.500687e+01,2.655615e+01,2.502696e+01,2.386865e+01,2.393634e+01,2.410540e+01,2.412566e+01,2.419994e+01,2.420670e+01,2.422694e+01,2.428092e+01,2.429441e+01,2.419319e+01,2.417294e+01,2.426743e+01,2.419319e+01,2.422019e+01,2.420670e+01,2.428092e+01,2.428766e+01,2.422019e+01,2.426743e+01,2.426743e+01,2.422019e+01,2.416619e+01,2.417294e+01,2.431464e+01,2.418644e+01,2.417969e+01,2.409188e+01,2.426068e+01,2.422019e+01,2.422694e+01,2.422019e+01,2.423369e+01,2.434835e+01,2.457728e+01,2.455038e+01,2.452346e+01,2.434835e+01,2.430115e+01,2.431464e+01,2.432138e+01,2.434161e+01,2.442247e+01,2.503366e+01,2.532122e+01,2.548138e+01,2.541468e+01,2.558802e+01,2.560134e+01,2.584085e+01,2.583421e+01,2.616599e+01,2.603340e+01,2.607982e+01,2.611297e+01,2.605330e+01,2.617261e+01,2.620573e+01,2.598032e+01,2.616599e+01,2.611297e+01,2.613286e+01,2.613286e+01,2.613286e+01,2.611297e+01,2.615936e+01,2.614611e+01,2.618586e+01,2.617261e+01,2.622560e+01,2.611960e+01,2.605330e+01,2.611297e+01,2.617261e+01,2.615936e+01,2.611297e+01,2.595377e+01,2.595377e+01,2.584085e+01,2.594049e+01,2.578103e+01,2.576108e+01,2.578103e+01,2.562798e+01,2.554804e+01,2.552139e+01,2.552805e+01,2.542135e+01,2.516751e+01,2.520094e+01,2.514075e+01,2.519426e+01,2.519426e+01,2.520763e+01,2.509391e+01,2.506044e+01,2.508052e+01,2.501357e+01,2.496667e+01,2.484598e+01,2.496667e+01,2.484598e+01,2.475873e+01,2.494656e+01,2.490634e+01,2.485269e+01,2.480572e+01,2.458401e+01,2.467813e+01,2.451673e+01,2.450327e+01,2.449654e+01,2.441573e+01,2.440900e+01,2.430115e+01,2.429441e+01,2.409188e+01,2.390927e+01,2.390927e+01,2.359741e+01,2.389573e+01,2.360420e+01,2.357704e+01,2.363814e+01,2.363814e+01,2.386865e+01,2.366529e+01,2.391604e+01,2.376702e+01,2.376024e+01,2.380768e+01,2.381446e+01,2.376702e+01,2.369921e+01,2.364493e+01,2.376024e+01,2.392958e+01,2.399047e+01,2.371277e+01,2.378735e+01,2.377380e+01,2.367207e+01,2.372634e+01,2.374668e+01,2.361778e+01,2.346153e+01,2.357704e+01,2.356346e+01,2.363136e+01,2.350911e+01,2.346833e+01,2.342073e+01,2.346153e+01,2.344793e+01,2.340713e+01,2.343433e+01,2.341393e+01,2.335950e+01,2.329823e+01,2.353629e+01,2.342753e+01,2.350911e+01,2.340032e+01,2.346833e+01,2.348192e+01,2.353629e+01,2.357704e+01,2.393634e+01,2.423369e+01,2.432138e+01,2.432812e+01,2.451000e+01,2.444941e+01,2.448308e+01,2.436857e+01,2.442247e+01,2.451673e+01,2.439552e+01,2.452346e+01,2.454365e+01,2.432138e+01,2.448308e+01,2.433487e+01,2.443594e+01,2.452346e+01,2.441573e+01,2.451673e+01,2.456383e+01,2.437531e+01,2.453019e+01,2.453692e+01,2.453019e+01,2.455710e+01,2.451673e+01,2.438205e+01,2.443594e+01,2.451673e+01,2.456383e+01,2.449654e+01,2.460419e+01,2.446288e+01,2.453019e+01,2.453019e+01,2.443594e+01,2.451000e+01,2.451000e+01,2.439552e+01,2.445614e+01,2.438878e+01,2.443594e+01,2.451673e+01,2.436183e+01,2.449654e+01,2.448308e+01,2.449654e+01,2.451673e+01,2.444268e+01,2.440226e+01,2.455038e+01,2.448308e+01,2.447635e+01,2.458401e+01,2.458401e+01,2.445614e+01,2.427417e+01,2.456383e+01,2.444941e+01,2.444268e+01,2.457056e+01,2.446961e+01,2.449654e+01,2.456383e+01,2.439552e+01,2.448981e+01,2.444941e+01,2.444941e+01,2.448308e+01,2.446961e+01,2.440226e+01,2.446288e+01,2.453692e+01,2.433487e+01,2.447635e+01,2.440900e+01,2.453692e+01,2.448308e+01,2.452346e+01,2.457728e+01,2.434835e+01,2.444941e+01,2.444268e+01,2.435509e+01,2.441573e+01,2.432138e+01,2.454365e+01,2.430790e+01,2.445614e+01
2.434161e+01,2.434161e+01,2.434835e+01,2.431464e+01,2.431464e+01,2.422694e+01,2.424044e+01,2.431464e+01,2.442247e+01,2.424719e+01,2.437531e+01,2.441573e+01,2.440900e+01,2.430790e+01,2.432812e+01,2.439552e+01,2.419994e+01,2.425393e+01,2.438878e+01,2.428092e+01,2.450327e+01,2.442921e+01,2.432812e+01,2.439552e+01,2.438878e+01,2.436183e+01,2.436183e+01,2.437531e+01,2.446288e+01,2.437531e+01,2.438205e+01,2.438205e+01,2.450327e+01,2.444941e+01,2.448981e+01,2.441573e+01,2.444941e+01,2.438205e+01,2.448308e+01,2.429441e+01,2.440226e+01,2.438878e+01,2.436857e+01,2.445614e+01,2.430115e+01,2.440226e+01,2.441573e+01,2.442247e+01,2.444941e+01,2.424044e+01,2.428766e+01,2.446961e+01,2.440900e+01,2.440226e+01,2.443594e+01,2.442921e+01,2.445614e+01,2.441573e+01,2.450327e+01,2.440226e+01,2.439552e+01,2.444941e+01,2.442247e+01,2.447635e+01,2.444941e+01,2.440226e+01,2.445614e+01,2.446288e+01,2.448981e+01,2.439552e+01,2.442921e+01,2.434835e+01,2.442921e+01,2.444268e+01,2.440900e+01,2.440900e+01,2.449654e+01,2.438205e+01,2.434835e+01,2.432812e+01,2.441573e+01,2.432138e+01,2.411891e+01,2.387542e+01,2.411891e+01,2.426743e+01,2.436183e+01,2.432812e+01,2.424044e+01,2.438205e+01,2.431464e+01,2.431464e+01,2.431464e+01,2.444268e+01,2.431464e+01,2.430790e+01,2.428766e+01,2.429441e+01,2.433487e+01,2.446288e+01,2.432138e+01,2.444941e+01,2.429441e+01,2.434161e+01,2.419319e+01,2.428092e+01,2.425393e+01,2.428092e+01,2.433487e+01,2.430790e+01,2.430790e+01,2.432138e+01,2.425393e+01,2.430790e+01,2.430790e+01,2.438205e+01,2.430115e+01,2.444268e+01,2.435509e+01,2.436857e+01,2.440226e+01,2.444941e+01,2.429441e+01,2.430790e+01,2.433487e+01,2.454365e+01,2.437531e+01,2.438205e+01,2.430115e+01,2.441573e+01,2.440226e+01,2.442247e+01,2.441573e+01,2.442247e+01,2.439552e+01,2.440226e+01,2.443594e+01,2.448308e+01,2.448308e+01,2.447635e+01,2.454365e+01,2.448981e+01,2.437531e+01,2.443594e+01,2.448981e+01,2.437531e+01,2.446961e+01,2.443594e+01,2.444941e+01,2.443594e+01,2.453692e+01,2.444268e+01,2.444268e+01,2.443594e+01,2.450327e+01,2.440226e+01,2.459746e+01,2.461091e+01,2.447635e+01,2.442247e+01,2.458401e+01,2.441573e+01,2.444941e+01,2.461091e+01,2.442921e+01,2.455710e+01,2.448308e+01,2.441573e+01,2.464452e+01,2.448981e+01,2.454365e+01,2.452346e+01,2.446288e+01,2.451673e+01,2.453019e+01,2.445614e+01,2.445614e+01,2.457728e+01,2.455038e+01,2.448981e+01,2.457728e+01,2.449654e+01,2.460419e+01,2.457728e+01,2.467813e+01,2.465796e+01,2.457728e+01,2.468484e+01,2.457056e+01,2.446288e+01,2.451000e+01,2.459746e+01,2.446288e+01,2.436183e+01,2.448981e+01,2.450327e+01,2.440226e+01,2.452346e+01,2.446961e+01,2.451673e+01,2.455710e+01,2.451000e+01,2.448981e+01,2.452346e+01,2.451673e+01,2.453019e+01,2.453692e+01,2.449654e+01,2.453019e+01,2.451000e+01,2.448981e+01,2.452346e+01,2.446961e+01,2.448308e+01,2.441573e+01,2.451000e+01,2.443594e+01,2.447635e+01,2.446961e+01,2.444268e+01,2.444941e+01,2.447635e+01,2.438205e+01,2.446288e+01,2.444941e+01,2.436857e+01,2.438205e+01,2.444268e+01,2.442921e+01,2.446961e+01,2.441573e+01,2.440226e+01,2.438205e+01,2.436857e+01,2.440226e+01,2.433487e+01,2.436183e+01,2.435509e+01,2.447635e+01,2.436857e+01,2.436183e+01,2.446288e+01,2.434835e+01,2.422019e+01,2.436857e+01,2.430115e+01,2.435509e+01,2.434161e+01,2.435509e+01,2.435509e+01,2.440226e+01,2.428092e+01,2.432138e+01,2.436857e+01,2.432812e+01,2.430115e+01,2.428766e+01,2.439552e+01,2.420670e+01,2.438878e+01,2.426743e+01,2.428766e+01,2.444268e+01,2.434835e+01,2.431464e+01,2.429441e+01,2.434161e+01,2.429441e+01,2.433487e+01,2.434161e+01,2.434835e+01,2.434835e+01,2.436183e+01,2.430790e+01,2.434161e+01,2.430115e+01,2.434835e+01,2.431464e+01,2.432138e+01,2.433487e+01,2.414593e+01,2.419319e+01,2.422694e+01,2.415268e+01,2.371956e+01,2.353629e+01,2.357025e+01,2.363136e+01,2.369242e+01,2.368564e+01,2.365850e+01,2.407161e+01,2.399723e+01,2.406485e+01,2.408512e+01,2.403781e+01,2.391604e+01,2.388896e+01,2.391604e+01,2.360420e+01,2.353629e+01,2.348872e+01,2.342073e+01,2.343433e+01,2.339352e+01,2.346833e+01,2.344793e+01,2.336630e+01,2.336630e+01,2.363136e+01,2.337991e+01,2.316877e+01,2.348872e+01,2.341393e+01,2.350911e+01,2.371956e+01,2.363136e+01,2.365850e+01,2.355667e+01,2.356346e+01,2.368564e+01,2.373312e+01,2.372634e+01,2.345473e+01,2.339352e+01,2.358383e+01,2.377380e+01,2.375346e+01,2.366529e+01,2.367207e+01,2.389573e+01,2.374668e+01,2.366529e+01,2.357704e+01,2.352949e+01,2.351590e+01,2.339352e+01,2.365850e+01,2.337311e+01,2.318923e+01,2.339352e+01,2.345473e+01,2.333908e+01,2.353629e+01,2.359741e+01,2.371956e+01,2.373312e+01,2.358383e+01,2.353629e+01,2.354308e+01,2.384155e+01,2.384833e+01,2.386187e+01,2.371956e+01,2.384833e+01,2.373990e+01,2.410540e+01,2.442247e+01,2.392281e+01,2.393634e+01,2.436857e+01,2.449654e+01,2.430115e+01,2.463780e+01,2.450327e+01,2.409188e+01,2.390250e+01,2.388219e+01,2.409864e+01,2.375346e+01,2.371277e+01,2.365172e+01,2.357025e+01,2.351590e+01,2.372634e+01,2.405133e+01,2.353629e+01,2.328461e+01,2.328461e+01,2.328461e+01,2.373990e+01,2.479230e+01,2.662214e+01,2.587408e+01,2.445614e+01,2.418644e+01,2.419994e+01,2.417969e+01,2.422019e+01,2.426743e+01,2.420670e+01,2.421344e+01,2.419994e+01,2.428766e+01,2.423369e+01,2.424719e+01,2.406485e+01,2.426068e+01,2.428092e+01,2.416619e+01,2.418644e+01,2.420670e+01,2.417969e+01,2.423369e+01,2.427417e+01,2.413242e+01,2.417294e+01,2.419994e+01,2.430790e+01,2.422019e+01,2.413242e+01,2.424044e+01,2.416619e+01,2.424044e+01,2.422019e+01,2.419994e+01,2.424719e+01,2.426743e+01,2.431464e+01,2.424719e+01,2.422694e+01,2.419319e+01,2.418644e+01,2.437531e+01,2.446288e+01,2.471844e+01,2.495997e+01,2.527446e+01,2.543469e+01,2.545471e+01,2.546138e+01,2.562132e+01,2.563464e+01,2.592057e+01,2.578768e+01,2.592721e+01,2.586079e+01,2.597368e+01,2.597368e+01,2.599359e+01,2.609971e+01,2.616599e+01,2.616599e+01,2.604667e+01,2.607982e+01,2.607319e+01,2.611960e+01,2.612623e+01,2.609971e+01,2.598696e+01,2.613948e+01,2.607982e+01,2.615936e+01,2.629841e+01,2.598032e+01,2.612623e+01,2.617924e+01,2.608646e+01,2.604667e+01,2.607319e+01,2.600023e+01,2.592057e+01,2.596041e+01,2.593385e+01,2.586743e+01,2.576773e+01,2.568790e+01,2.581427e+01,2.557470e+01,2.550805e+01,2.548138e+01,2.537464e+01,2.517419e+01,2.520094e+01,2.526778e+01,2.514075e+01,2.514075e+01,2.506044e+01,2.508052e+01,2.504035e+01,2.495326e+01,2.482585e+01,2.481914e+01,2.479901e+01,2.476544e+01,2.476544e+01,2.469828e+01,2.462436e+01,2.464452e+01,2.459746e+01,2.470500e+01,2.455710e+01,2.449654e+01,2.448308e+01,2.436857e+01,2.440226e+01,2.441573e+01,2.417294e+01,2.416619e+01,2.405133e+01,2.388219e+01,2.386187e+01,2.384833e+01,2.384155e+01,2.357704e+01,2.364493e+01,2.351590e+01,2.364493e+01,2.365850e+01,2.373312e+01,2.373990e+01,2.373312e+01,2.376024e+01,2.365172e+01,2.369921e+01,2.359062e+01,2.382123e+01,2.371277e+01,2.378057e+01,2.368564e+01,2.380091e+01,2.369921e+01,2.373990e+01,2.369921e+01,2.367886e+01,2.367207e+01,2.342753e+01,2.365172e+01,2.354987e+01,2.363814e+01,2.352949e+01,2.359062e+01,2.344793e+01,2.353629e+01,2.330504e+01,2.337991e+01,2.320286e+01,2.331185e+01,2.342753e+01,2.329823e+01,2.338672e+01,2.340713e+01,2.338672e+01,2.337311e+01,2.341393e+01,2.340032e+01,2.337991e+01,2.353629e+01,2.390250e+01,2.401752e+01,2.430115e+01,2.429441e+01,2.430115e+01,2.444268e+01,2.438205e+01,2.444268e+01,2.441573e+01,2.444941e+01,2.461763e+01,2.447635e+01,2.438878e+01,2.446961e+01,2.442921e+01,2.440226e+01,2.453019e+01,2.430115e+01,2.441573e+01,2.442247e+01,2.442247e+01,2.453692e+01,2.457056e+01,2.455710e+01,2.446961e+01,2.443594e+01,2.452346e+01,2.443594e+01,2.448981e+01,2.446961e+01,2.455038e+01,2.440900e+01,2.454365e+01,2.458401e+01,2.460419e+01,2.457056e+01,2.447635e+01,2.453692e+01,2.440226e+01,2.451673e+01,2.444268e+01,2.437531e+01,2.434161e+01,2.451000e+01,2.451673e+01,2.450327e+01,2.449654e+01,2.446961e+01,2.446961e+01,2.448308e+01,2.448308e+01,2.429441e+01,2.436183e+01,2.447635e+01,2.443594e+01,2.452346e+01,2.453019e+01,2.457056e+01,2.448981e+01,2.440226e+01,2.456383e+01,2.443594e+01,2.436857e+01,2.435509e+01,2.448981e+01,2.457056e+01,2.445614e+01,2.440900e+01,2.444268e+01,2.443594e+01,2.442247e+01,2.448981e+01,2.451673e+01,2.447635e+01,2.450327e+01,2.448308e+01,2.442921e+01,2.442921e+01,2.444941e+01,2.441573e+01,2.442921e+01,2.453692e+01,2.450327e+01,2.444941e+01,2.451000e+01,2.444941e+01,2.442247e+01,2.438205e+01,2.422019e+01,2.431464e+01,2.430790e+01,2.433487e+01
2.436183e+01,2.438205e+01,2.438205e+01,2.421344e+01,2.436183e+01,2.433487e+01,2.433487e+01,2.434835e+01,2.428092e+01,2.438878e+01,2.440900e+01,2.426068e+01,2.419319e+01,2.444268e+01,2.428766e+01,2.423369e+01,2.425393e+01,2.421344e+01,2.437531e+01,2.441573e+01,2.440226e+01,2.435509e+01,2.439552e+01,2.440900e+01,2.433487e+01,2.434835e+01,2.436857e+01,2.438205e+01,2.436183e+01,2.439552e+01,2.441573e+01,2.446288e+01,2.428092e+01,2.442921e+01,2.446288e+01,2.447635e+01,2.446288e+01,2.438878e+01,2.436183e+01,2.439552e+01,2.445614e+01,2.442247e+01,2.445614e+01,2.438878e+01,2.443594e+01,2.439552e+01,2.444268e+01,2.438878e+01,2.440900e+01,2.439552e+01,2.438878e+01,2.455038e+01,2.439552e+01,2.442921e+01,2.442921e+01,2.451673e+01,2.446961e+01,2.448981e+01,2.433487e+01,2.439552e+01,2.442921e+01,2.437531e+01,2.436857e+01,2.437531e+01,2.442921e+01,2.441573e+01,2.444941e+01,2.446288e+01,2.440226e+01,2.436857e+01,2.440226e+01,2.434835e+01,2.437531e+01,2.438878e+01,2.444268e+01,2.439552e+01,2.440900e+01,2.443594e+01,2.436183e+01,2.443594e+01,2.442247e+01,2.433487e+01,2.405809e+01,2.388219e+01,2.397694e+01,2.422694e+01,2.437531e+01,2.435509e+01,2.431464e+01,2.430115e+01,2.434161e+01,2.445614e+01,2.441573e+01,2.438205e+01,2.432812e+01,2.436183e+01,2.442921e+01,2.433487e+01,2.444268e+01,2.434835e+01,2.444268e+01,2.426068e+01,2.446961e+01,2.423369e+01,2.426068e+01,2.427417e+01,2.432138e+01,2.433487e+01,2.434161e+01,2.429441e+01,2.432812e+01,2.426068e+01,2.428092e+01,2.426068e+01,2.426743e+01,2.428766e+01,2.436857e+01,2.441573e+01,2.431464e+01,2.435509e+01,2.440900e+01,2.432812e+01,2.432138e+01,2.438878e+01,2.434161e+01,2.430115e+01,2.434835e+01,2.439552e+01,2.436857e+01,2.434835e+01,2.438878e+01,2.441573e+01,2.432138e+01,2.441573e+01,2.444941e+01,2.441573e+01,2.446288e+01,2.442921e+01,2.444268e+01,2.446961e+01,2.447635e+01,2.446288e+01,2.452346e+01,2.451673e+01,2.432812e+01,2.455710e+01,2.442921e+01,2.452346e+01,2.448308e+01,2.442247e+01,2.448308e+01,2.452346e+01,2.443594e+01,2.442921e+01,2.441573e+01,2.441573e+01,2.444268e+01,2.457056e+01,2.434835e+01,2.449654e+01,2.442247e+01,2.443594e+01,2.453019e+01,2.447635e+01,2.454365e+01,2.452346e+01,2.452346e+01,2.443594e+01,2.454365e+01,2.463108e+01,2.458401e+01,2.457728e+01,2.453019e+01,2.446288e+01,2.452346e+01,2.457728e+01,2.455710e+01,2.445614e+01,2.444941e+01,2.454365e+01,2.466469e+01,2.455038e+01,2.453019e+01,2.455710e+01,2.454365e+01,2.451000e+01,2.458401e+01,2.460419e+01,2.448308e+01,2.443594e+01,2.446288e+01,2.451673e+01,2.457728e+01,2.448308e+01,2.446961e+01,2.452346e+01,2.448981e+01,2.451000e+01,2.450327e+01,2.455038e+01,2.448981e+01,2.455038e+01,2.455038e+01,2.459746e+01,2.453019e+01,2.457056e+01,2.448308e+01,2.454365e+01,2.451673e+01,2.452346e+01,2.454365e+01,2.444941e+01,2.448308e+01,2.444941e+01,2.452346e+01,2.454365e+01,2.448981e+01,2.440900e+01,2.444268e+01,2.444268e+01,2.444268e+01,2.451673e+01,2.444268e+01,2.440900e+01,2.440226e+01,2.443594e+01,2.437531e+01,2.446961e+01,2.444941e+01,2.444941e+01,2.432138e+01,2.441573e+01,2.438205e+01,2.432138e+01,2.437531e+01,2.437531e+01,2.451673e+01,2.438878e+01,2.441573e+01,2.451000e+01,2.450327e+01,2.436857e+01,2.448308e+01,2.447635e+01,2.433487e+01,2.437531e+01,2.440226e+01,2.432138e+01,2.434161e+01,2.433487e+01,2.434835e+01,2.434835e+01,2.429441e+01,2.434161e+01,2.431464e+01,2.430790e+01,2.428766e+01,2.422694e+01,2.422694e+01,2.438205e+01,2.440900e+01,2.439552e+01,2.440226e+01,2.422019e+01,2.438878e+01,2.435509e+01,2.428766e+01,2.433487e+01,2.440900e+01,2.424044e+01,2.433487e+01,2.430790e+01,2.422019e+01,2.436857e+01,2.431464e+01,2.427417e+01,2.426068e+01,2.430115e+01,2.434161e+01,2.434161e+01,2.427417e+01,2.426068e+01,2.415943e+01,2.412566e+01,2.382801e+01,2.354987e+01,2.372634e+01,2.363814e+01,2.374668e+01,2.386187e+01,2.373990e+01,2.377380e+01,2.402428e+01,2.409864e+01,2.401076e+01,2.391604e+01,2.390250e+01,2.369921e+01,2.357704e+01,2.352949e+01,2.359062e+01,2.348192e+01,2.354308e+01,2.337311e+01,2.350231e+01,2.350231e+01,2.351590e+01,2.344793e+01,2.361099e+01,2.354987e+01,2.326418e+01,2.345473e+01,2.343433e+01,2.350231e+01,2.369921e+01,2.369242e+01,2.367886e+01,2.367207e+01,2.399047e+01,2.407837e+01,2.392958e+01,2.384833e+01,2.346833e+01,2.331866e+01,2.338672e+01,2.344793e+01,2.352949e+01,2.379413e+01,2.402428e+01,2.401752e+01,2.404457e+01,2.394311e+01,2.371956e+01,2.370599e+01,2.344793e+01,2.347513e+01,2.346833e+01,2.348872e+01,2.344113e+01,2.337991e+01,2.345473e+01,2.342753e+01,2.361778e+01,2.378735e+01,2.371956e+01,2.361778e+01,2.354308e+01,2.363814e+01,2.363136e+01,2.382801e+01,2.385510e+01,2.383478e+01,2.386865e+01,2.369242e+01,2.346833e+01,2.364493e+01,2.371277e+01,2.390927e+01,2.366529e+01,2.359741e+01,2.359741e+01,2.404457e+01,2.456383e+01,2.457728e+01,2.423369e+01,2.393634e+01,2.381446e+01,2.385510e+01,2.409188e+01,2.369242e+01,2.368564e+01,2.375346e+01,2.371277e+01,2.361099e+01,2.345473e+01,2.374668e+01,2.357025e+01,2.337991e+01,2.336630e+01,2.369242e+01,2.376702e+01,2.446961e+01,2.629841e+01,2.681986e+01,2.500017e+01,2.445614e+01,2.443594e+01,2.436183e+01,2.424044e+01,2.422019e+01,2.419994e+01,2.424719e+01,2.428766e+01,2.426743e+01,2.417969e+01,2.422694e+01,2.414593e+01,2.418644e+01,2.415943e+01,2.415943e+01,2.427417e+01,2.421344e+01,2.419319e+01,2.404457e+01,2.417294e+01,2.413242e+01,2.427417e+01,2.424044e+01,2.419319e+01,2.413242e+01,2.425393e+01,2.422694e+01,2.420670e+01,2.420670e+01,2.424044e+01,2.418644e+01,2.423369e+01,2.425393e+01,2.421344e+01,2.424044e+01,2.433487e+01,2.444268e+01,2.453692e+01,2.453019e+01,2.458401e+01,2.502696e+01,2.500017e+01,2.511399e+01,2.510060e+01,2.512068e+01,2.544137e+01,2.542135e+01,2.543469e+01,2.554138e+01,2.577438e+01,2.574113e+01,2.575443e+01,2.609971e+01,2.607319e+01,2.586079e+01,2.604667e+01,2.613286e+01,2.606656e+01,2.612623e+01,2.598696e+01,2.603340e+01,2.599359e+01,2.605993e+01,2.597368e+01,2.595377e+01,2.611960e+01,2.604004e+01,2.604004e+01,2.601350e+01,2.604004e+01,2.602677e+01,2.600686e+01,2.596041e+01,2.598696e+01,2.592721e+01,2.596704e+01,2.590729e+01,2.589401e+01,2.589401e+01,2.575443e+01,2.577438e+01,2.583421e+01,2.562132e+01,2.560134e+01,2.544137e+01,2.544137e+01,2.527446e+01,2.520094e+01,2.514744e+01,2.512737e+01,2.512737e+01,2.510060e+01,2.518088e+01,2.513406e+01,2.511399e+01,2.500017e+01,2.487281e+01,2.465796e+01,2.492645e+01,2.467141e+01,2.457056e+01,2.467813e+01,2.461763e+01,2.445614e+01,2.458401e+01,2.456383e+01,2.450327e+01,2.447635e+01,2.439552e+01,2.439552e+01,2.439552e+01,2.436857e+01,2.400400e+01,2.416619e+01,2.409864e+01,2.392958e+01,2.384155e+01,2.382123e+01,2.361778e+01,2.356346e+01,2.362457e+01,2.350231e+01,2.371277e+01,2.369242e+01,2.365850e+01,2.350231e+01,2.373312e+01,2.371956e+01,2.365850e+01,2.359741e+01,2.353629e+01,2.364493e+01,2.369921e+01,2.357025e+01,2.367207e+01,2.376702e+01,2.369242e+01,2.373990e+01,2.367207e+01,2.368564e+01,2.369242e+01,2.363136e+01,2.353629e+01,2.363136e+01,2.364493e+01,2.355667e+01,2.348192e+01,2.344113e+01,2.344113e+01,2.344793e+01,2.337991e+01,2.327099e+01,2.330504e+01,2.331185e+01,2.327099e+01,2.332547e+01,2.337311e+01,2.344113e+01,2.336630e+01,2.337311e+01,2.338672e+01,2.354308e+01,2.371277e+01,2.413242e+01,2.440900e+01,2.432812e+01,2.444941e+01,2.430115e+01,2.440226e+01,2.444268e+01,2.446288e+01,2.440900e+01,2.444941e+01,2.441573e+01,2.449654e+01,2.440226e+01,2.452346e+01,2.451673e+01,2.446961e+01,2.447635e+01,2.444941e+01,2.446288e+01,2.441573e+01,2.457056e+01,2.436183e+01,2.444268e+01,2.453019e+01,2.442247e+01,2.452346e+01,2.447635e+01,2.444941e+01,2.452346e+01,2.445614e+01,2.454365e+01,2.457056e+01,2.457056e+01,2.447635e+01,2.446288e+01,2.442247e+01,2.451000e+01,2.442921e+01,2.440226e+01,2.444268e+01,2.430790e+01,2.418644e+01,2.420670e+01,2.436183e+01,2.430115e+01,2.443594e+01,2.432138e+01,2.438878e+01,2.447635e+01,2.443594e+01,2.437531e+01,2.413917e+01,2.428766e+01,2.436183e+01,2.440900e+01,2.455710e+01,2.447635e+01,2.440226e+01,2.450327e+01,2.451673e+01,2.440226e+01,2.452346e+01,2.451000e+01,2.482585e+01,2.446288e+01,2.449654e+01,2.451000e+01,2.444941e+01,2.450327e+01,2.454365e+01,2.424044e+01,2.446961e+01,2.437531e+01,2.446288e+01,2.443594e+01,2.446288e+01,2.439552e+01,2.440900e+01,2.439552e+01,2.438878e+01,2.440900e+01,2.430790e+01,2.432138e+01,2.446961e+01,2.442247e+01,2.446288e+01,2.448981e+01,2.438878e+01,2.426743e+01,2.432138e+01,2.432138e+01,2.417969e+01
2.436183e+01,2.439552e+01,2.427417e+01,2.442247e+01,2.428766e+01,2.437531e+01,2.434161e+01,2.422694e+01,2.426743e+01,2.444268e+01,2.430115e+01,2.419319e+01,2.439552e+01,2.425393e+01,2.431464e+01,2.435509e+01,2.433487e+01,2.436857e+01,2.424044e+01,2.438878e+01,2.433487e+01,2.432138e+01,2.437531e+01,2.434161e+01,2.436857e+01,2.433487e+01,2.438205e+01,2.437531e+01,2.436857e+01,2.436857e+01,2.447635e+01,2.446961e+01,2.436857e+01,2.446961e+01,2.446961e+01,2.441573e+01,2.422019e+01,2.433487e+01,2.441573e+01,2.439552e+01,2.441573e+01,2.434161e+01,2.446288e+01,2.440900e+01,2.431464e+01,2.438878e+01,2.447635e+01,2.433487e+01,2.436183e+01,2.422019e+01,2.439552e+01,2.440900e+01,2.430115e+01,2.433487e+01,2.442247e+01,2.437531e+01,2.445614e+01,2.453019e+01,2.448308e+01,2.444268e+01,2.448308e+01,2.434161e+01,2.441573e+01,2.436183e+01,2.434161e+01,2.448308e+01,2.435509e+01,2.445614e+01,2.436857e+01,2.443594e+01,2.436183e+01,2.428766e+01,2.432138e+01,2.442921e+01,2.442921e+01,2.442921e+01,2.441573e+01,2.434161e+01,2.418644e+01,2.434161e+01,2.433487e+01,2.439552e+01,2.415268e+01,2.397018e+01,2.392281e+01,2.405133e+01,2.429441e+01,2.435509e+01,2.429441e+01,2.434835e+01,2.436183e+01,2.428766e+01,2.432812e+01,2.435509e+01,2.432138e+01,2.423369e+01,2.444268e+01,2.436857e+01,2.443594e+01,2.442247e+01,2.433487e+01,2.422694e+01,2.432138e+01,2.426743e+01,2.430790e+01,2.424719e+01,2.434161e+01,2.430790e+01,2.430115e+01,2.428092e+01,2.426743e+01,2.426743e+01,2.426068e+01,2.426068e+01,2.427417e+01,2.438878e+01,2.424719e+01,2.430790e+01,2.439552e+01,2.433487e+01,2.441573e+01,2.431464e+01,2.436857e+01,2.428766e+01,2.431464e+01,2.432812e+01,2.435509e+01,2.437531e+01,2.433487e+01,2.434161e+01,2.434835e+01,2.440226e+01,2.440226e+01,2.438878e+01,2.445614e+01,2.430790e+01,2.440900e+01,2.453692e+01,2.446288e+01,2.447635e+01,2.448981e+01,2.455038e+01,2.454365e+01,2.445614e+01,2.443594e+01,2.453692e+01,2.449654e+01,2.441573e+01,2.439552e+01,2.454365e+01,2.449654e+01,2.438205e+01,2.449654e+01,2.441573e+01,2.450327e+01,2.444268e+01,2.436183e+01,2.455038e+01,2.458401e+01,2.463108e+01,2.449654e+01,2.449654e+01,2.449654e+01,2.455710e+01,2.442921e+01,2.444268e+01,2.442247e+01,2.442921e+01,2.443594e+01,2.455710e+01,2.458401e+01,2.454365e+01,2.451673e+01,2.452346e+01,2.461763e+01,2.449654e+01,2.452346e+01,2.440900e+01,2.451673e+01,2.453019e+01,2.455710e+01,2.448981e+01,2.455710e+01,2.452346e+01,2.458401e+01,2.452346e+01,2.447635e+01,2.446288e+01,2.446288e+01,2.448981e+01,2.455710e+01,2.459746e+01,2.452346e+01,2.448981e+01,2.446961e+01,2.444941e+01,2.444941e+01,2.460419e+01,2.443594e+01,2.457728e+01,2.460419e+01,2.455710e+01,2.461091e+01,2.457056e+01,2.451000e+01,2.453019e+01,2.452346e+01,2.455710e+01,2.451673e+01,2.449654e+01,2.457056e+01,2.449654e+01,2.451673e+01,2.438878e+01,2.446288e+01,2.446288e+01,2.448308e+01,2.432138e+01,2.434835e+01,2.441573e+01,2.444941e+01,2.446961e+01,2.448981e+01,2.448308e+01,2.442921e+01,2.438205e+01,2.438205e+01,2.440900e+01,2.447635e+01,2.440900e+01,2.436857e+01,2.440900e+01,2.437531e+01,2.437531e+01,2.446288e+01,2.448308e+01,2.446288e+01,2.440900e+01,2.448308e+01,2.443594e+01,2.452346e+01,2.448308e+01,2.444941e+01,2.434835e+01,2.432812e+01,2.432812e+01,2.417969e+01,2.440226e+01,2.437531e+01,2.432812e+01,2.437531e+01,2.432138e+01,2.433487e+01,2.438878e+01,2.431464e+01,2.426068e+01,2.430115e+01,2.428766e+01,2.421344e+01,2.442921e+01,2.432138e+01,2.434161e+01,2.430790e+01,2.431464e+01,2.432138e+01,2.432138e+01,2.431464e+01,2.432138e+01,2.429441e+01,2.434161e+01,2.431464e+01,2.432138e+01,2.432812e+01,2.433487e+01,2.430115e+01,2.432812e+01,2.432138e+01,2.428766e+01,2.433487e+01,2.425393e+01,2.428092e+01,2.432138e+01,2.405809e+01,2.411215e+01,2.369921e+01,2.372634e+01,2.355667e+01,2.360420e+01,2.373990e+01,2.365850e+01,2.366529e+01,2.359741e+01,2.380768e+01,2.409864e+01,2.378735e+01,2.409864e+01,2.392281e+01,2.343433e+01,2.345473e+01,2.348872e+01,2.354308e+01,2.349552e+01,2.353629e+01,2.341393e+01,2.348872e+01,2.344793e+01,2.339352e+01,2.361778e+01,2.346153e+01,2.335950e+01,2.337311e+01,2.359062e+01,2.344113e+01,2.342073e+01,2.354308e+01,2.371956e+01,2.377380e+01,2.424044e+01,2.453019e+01,2.424044e+01,2.375346e+01,2.344793e+01,2.336630e+01,2.348872e+01,2.348872e+01,2.346833e+01,2.346833e+01,2.379413e+01,2.434835e+01,2.481243e+01,2.438205e+01,2.404457e+01,2.390927e+01,2.372634e+01,2.337991e+01,2.339352e+01,2.337991e+01,2.348192e+01,2.348192e+01,2.345473e+01,2.354308e+01,2.346153e+01,2.359062e+01,2.346833e+01,2.335269e+01,2.355667e+01,2.348192e+01,2.371956e+01,2.436857e+01,2.385510e+01,2.386187e+01,2.365850e+01,2.358383e+01,2.407161e+01,2.371956e+01,2.371277e+01,2.378735e+01,2.363136e+01,2.335950e+01,2.322330e+01,2.342753e+01,2.359741e+01,2.471844e+01,2.577438e+01,2.578103e+01,2.506713e+01,2.440900e+01,2.479230e+01,2.452346e+01,2.405809e+01,2.394311e+01,2.378057e+01,2.417969e+01,2.366529e+01,2.344113e+01,2.335950e+01,2.357704e+01,2.367886e+01,2.337991e+01,2.352270e+01,2.377380e+01,2.407161e+01,2.540801e+01,2.665512e+01,2.550139e+01,2.452346e+01,2.442247e+01,2.429441e+01,2.419319e+01,2.431464e+01,2.414593e+01,2.417294e+01,2.426068e+01,2.427417e+01,2.423369e+01,2.416619e+01,2.422694e+01,2.429441e+01,2.416619e+01,2.415943e+01,2.422019e+01,2.414593e+01,2.411891e+01,2.415268e+01,2.420670e+01,2.423369e+01,2.412566e+01,2.426068e+01,2.414593e+01,2.415268e+01,2.416619e+01,2.419994e+01,2.429441e+01,2.415943e+01,2.422019e+01,2.428092e+01,2.426068e+01,2.423369e+01,2.426068e+01,2.411215e+01,2.423369e+01,2.450327e+01,2.468484e+01,2.474530e+01,2.508722e+01,2.516082e+01,2.502026e+01,2.506044e+01,2.502026e+01,2.512068e+01,2.518088e+01,2.520763e+01,2.547471e+01,2.562132e+01,2.565462e+01,2.574778e+01,2.568124e+01,2.580097e+01,2.590065e+01,2.588736e+01,2.602677e+01,2.600023e+01,2.599359e+01,2.599359e+01,2.602677e+01,2.582756e+01,2.604004e+01,2.592057e+01,2.596704e+01,2.591393e+01,2.600686e+01,2.595377e+01,2.610634e+01,2.603340e+01,2.601350e+01,2.604004e+01,2.597368e+01,2.594049e+01,2.579433e+01,2.582092e+01,2.593385e+01,2.590065e+01,2.580762e+01,2.574113e+01,2.575443e+01,2.556804e+01,2.568124e+01,2.561466e+01,2.552139e+01,2.543469e+01,2.526778e+01,2.536129e+01,2.516751e+01,2.516751e+01,2.514744e+01,2.511399e+01,2.512737e+01,2.510060e+01,2.502696e+01,2.491305e+01,2.501357e+01,2.497337e+01,2.484598e+01,2.468484e+01,2.467813e+01,2.465124e+01,2.466469e+01,2.457056e+01,2.459746e+01,2.449654e+01,2.448308e+01,2.434835e+01,2.446288e+01,2.434835e+01,2.439552e+01,2.436857e+01,2.430115e+01,2.422019e+01,2.411891e+01,2.401752e+01,2.391604e+01,2.381446e+01,2.378735e+01,2.354308e+01,2.335269e+01,2.357025e+01,2.342753e+01,2.350231e+01,2.350231e+01,2.354987e+01,2.351590e+01,2.359741e+01,2.361778e+01,2.359062e+01,2.350231e+01,2.362457e+01,2.368564e+01,2.370599e+01,2.364493e+01,2.358383e+01,2.369921e+01,2.367207e+01,2.367207e+01,2.365850e+01,2.365172e+01,2.361778e+01,2.354987e+01,2.354308e+01,2.352949e+01,2.354987e+01,2.344793e+01,2.354987e+01,2.342753e+01,2.348192e+01,2.331866e+01,2.337991e+01,2.332547e+01,2.329142e+01,2.335950e+01,2.328461e+01,2.331185e+01,2.332547e+01,2.342753e+01,2.333908e+01,2.338672e+01,2.340713e+01,2.378735e+01,2.431464e+01,2.438878e+01,2.442921e+01,2.440900e+01,2.445614e+01,2.446961e+01,2.446961e+01,2.448308e+01,2.442921e+01,2.442247e+01,2.445614e+01,2.443594e+01,2.444941e+01,2.448981e+01,2.453692e+01,2.443594e+01,2.444941e+01,2.453019e+01,2.453692e+01,2.449654e+01,2.446961e+01,2.441573e+01,2.438205e+01,2.449654e+01,2.455710e+01,2.441573e+01,2.448981e+01,2.447635e+01,2.451000e+01,2.453692e+01,2.453692e+01,2.453692e+01,2.455038e+01,2.444268e+01,2.443594e+01,2.453019e+01,2.458401e+01,2.438878e+01,2.436857e+01,2.392958e+01,2.393634e+01,2.394988e+01,2.397694e+01,2.403105e+01,2.423369e+01,2.426743e+01,2.418644e+01,2.426068e+01,2.422019e+01,2.442921e+01,2.405809e+01,2.405133e+01,2.400400e+01,2.403781e+01,2.428766e+01,2.435509e+01,2.440226e+01,2.448981e+01,2.444941e+01,2.445614e+01,2.442247e+01,2.432812e+01,2.438205e+01,2.438878e+01,2.452346e+01,2.457728e+01,2.453019e+01,2.444941e+01,2.446288e+01,2.448308e+01,2.453019e+01,2.451000e+01,2.447635e+01,2.436857e+01,2.450327e+01,2.444941e+01,2.440900e+01,2.448308e+01,2.441573e+01,2.442247e+01,2.444941e+01,2.436183e+01,2.443594e+01,2.440226e+01,2.437531e+01,2.439552e+01,2.442921e+01,2.422019e+01,2.432138e+01,2.424719e+01,2.434161e+01,2.432812e+01,2.433487e+01
2.431464e+01,2.430790e+01,2.429441e+01,2.435509e+01,2.431464e+01,2.424719e+01,2.436857e+01,2.429441e+01,2.428092e+01,2.438205e+01,2.421344e+01,2.429441e+01,2.436183e+01,2.444941e+01,2.417969e+01,2.440900e+01,2.434161e+01,2.431464e+01,2.440900e+01,2.439552e+01,2.442921e+01,2.434161e+01,2.430115e+01,2.440226e+01,2.434161e+01,2.435509e+01,2.435509e+01,2.433487e+01,2.445614e+01,2.440900e+01,2.446288e+01,2.438205e+01,2.447635e+01,2.442921e+01,2.438205e+01,2.445614e+01,2.430115e+01,2.442247e+01,2.430790e+01,2.447635e+01,2.437531e+01,2.441573e+01,2.434161e+01,2.436857e+01,2.432138e+01,2.440900e+01,2.450327e+01,2.432812e+01,2.437531e+01,2.436857e+01,2.437531e+01,2.439552e+01,2.438878e+01,2.435509e+01,2.443594e+01,2.436857e+01,2.447635e+01,2.444941e+01,2.433487e+01,2.449654e+01,2.440226e+01,2.450327e+01,2.434835e+01,2.437531e+01,2.436183e+01,2.440900e+01,2.443594e+01,2.442921e+01,2.454365e+01,2.440226e+01,2.453692e+01,2.441573e+01,2.445614e+01,2.434835e+01,2.442247e+01,2.436857e+01,2.438205e+01,2.438205e+01,2.433487e+01,2.434835e+01,2.430790e+01,2.435509e+01,2.422694e+01,2.395664e+01,2.388219e+01,2.417969e+01,2.415943e+01,2.426068e+01,2.430790e+01,2.426068e+01,2.434835e+01,2.434161e+01,2.438878e+01,2.430790e+01,2.432812e+01,2.425393e+01,2.427417e+01,2.432812e+01,2.426068e+01,2.432812e+01,2.426743e+01,2.426068e+01,2.434161e+01,2.424044e+01,2.424044e+01,2.426743e+01,2.426743e+01,2.428092e+01,2.429441e+01,2.431464e+01,2.428092e+01,2.426068e+01,2.428766e+01,2.430115e+01,2.428092e+01,2.430790e+01,2.427417e+01,2.430115e+01,2.435509e+01,2.436183e+01,2.442247e+01,2.429441e+01,2.441573e+01,2.432138e+01,2.430115e+01,2.433487e+01,2.435509e+01,2.434161e+01,2.436183e+01,2.439552e+01,2.437531e+01,2.439552e+01,2.433487e+01,2.433487e+01,2.435509e+01,2.436857e+01,2.438205e+01,2.434161e+01,2.447635e+01,2.448308e+01,2.447635e+01,2.446288e+01,2.438205e+01,2.436857e+01,2.434835e+01,2.444268e+01,2.456383e+01,2.434835e+01,2.452346e+01,2.445614e+01,2.446288e+01,2.450327e+01,2.446288e+01,2.443594e+01,2.442921e+01,2.454365e+01,2.448308e+01,2.452346e+01,2.457056e+01,2.449654e+01,2.451673e+01,2.442921e+01,2.444268e+01,2.445614e+01,2.448981e+01,2.450327e+01,2.446288e+01,2.451673e+01,2.443594e+01,2.457056e+01,2.453692e+01,2.457728e+01,2.448308e+01,2.444941e+01,2.453692e+01,2.446961e+01,2.445614e+01,2.447635e+01,2.450327e+01,2.446961e+01,2.451673e+01,2.459073e+01,2.454365e+01,2.461763e+01,2.454365e+01,2.459746e+01,2.453019e+01,2.457056e+01,2.451673e+01,2.446961e+01,2.448308e+01,2.444941e+01,2.459746e+01,2.459746e+01,2.460419e+01,2.441573e+01,2.451000e+01,2.446961e+01,2.451000e+01,2.451000e+01,2.448981e+01,2.456383e+01,2.451673e+01,2.450327e+01,2.455710e+01,2.450327e+01,2.447635e+01,2.444268e+01,2.443594e+01,2.452346e+01,2.453692e+01,2.447635e+01,2.434835e+01,2.450327e+01,2.451000e+01,2.449654e+01,2.446288e+01,2.443594e+01,2.441573e+01,2.451673e+01,2.446961e+01,2.441573e+01,2.440226e+01,2.439552e+01,2.445614e+01,2.436857e+01,2.438205e+01,2.437531e+01,2.440226e+01,2.452346e+01,2.454365e+01,2.448981e+01,2.446961e+01,2.430790e+01,2.440900e+01,2.440900e+01,2.447635e+01,2.444268e+01,2.445614e+01,2.444268e+01,2.434835e+01,2.445614e+01,2.439552e+01,2.436857e+01,2.445614e+01,2.447635e+01,2.430115e+01,2.433487e+01,2.432138e+01,2.439552e+01,2.436183e+01,2.434835e+01,2.432138e+01,2.429441e+01,2.436183e+01,2.428766e+01,2.430115e+01,2.432138e+01,2.431464e+01,2.426068e+01,2.434835e+01,2.426743e+01,2.435509e+01,2.424044e+01,2.435509e+01,2.433487e+01,2.434161e+01,2.429441e+01,2.421344e+01,2.438878e+01,2.436857e+01,2.434835e+01,2.432812e+01,2.435509e+01,2.415943e+01,2.432812e+01,2.432138e+01,2.432138e+01,2.428766e+01,2.422019e+01,2.419319e+01,2.425393e+01,2.415268e+01,2.410540e+01,2.373990e+01,2.364493e+01,2.369242e+01,2.368564e+01,2.372634e+01,2.353629e+01,2.348872e+01,2.328461e+01,2.353629e+01,2.362457e+01,2.352949e+01,2.417294e+01,2.401752e+01,2.350911e+01,2.347513e+01,2.348192e+01,2.334589e+01,2.344113e+01,2.342753e+01,2.335269e+01,2.334589e+01,2.339352e+01,2.355667e+01,2.343433e+01,2.332547e+01,2.342753e+01,2.352949e+01,2.348192e+01,2.346833e+01,2.354987e+01,2.362457e+01,2.363136e+01,2.382123e+01,2.408512e+01,2.399723e+01,2.424719e+01,2.398371e+01,2.333228e+01,2.346153e+01,2.350911e+01,2.340713e+01,2.331866e+01,2.331866e+01,2.354987e+01,2.413917e+01,2.540133e+01,2.609971e+01,2.524105e+01,2.388896e+01,2.354987e+01,2.358383e+01,2.359062e+01,2.347513e+01,2.344793e+01,2.343433e+01,2.352270e+01,2.363136e+01,2.345473e+01,2.350231e+01,2.338672e+01,2.338672e+01,2.343433e+01,2.340032e+01,2.360420e+01,2.386187e+01,2.383478e+01,2.362457e+01,2.349552e+01,2.364493e+01,2.402428e+01,2.406485e+01,2.411215e+01,2.430115e+01,2.382801e+01,2.331866e+01,2.317559e+01,2.318241e+01,2.340713e+01,2.375346e+01,2.427417e+01,2.443594e+01,2.481914e+01,2.510060e+01,2.584085e+01,2.609309e+01,2.514744e+01,2.486610e+01,2.500017e+01,2.460419e+01,2.417969e+01,2.380768e+01,2.333228e+01,2.333228e+01,2.359741e+01,2.371277e+01,2.346833e+01,2.359741e+01,2.415943e+01,2.541468e+01,2.584085e+01,2.579433e+01,2.458401e+01,2.446961e+01,2.423369e+01,2.428766e+01,2.432812e+01,2.424044e+01,2.419994e+01,2.422694e+01,2.430115e+01,2.418644e+01,2.422019e+01,2.419994e+01,2.420670e+01,2.409188e+01,2.414593e+01,2.418644e+01,2.406485e+01,2.420670e+01,2.418644e+01,2.414593e+01,2.408512e+01,2.413242e+01,2.415943e+01,2.407161e+01,2.414593e+01,2.422019e+01,2.417294e+01,2.417294e+01,2.419319e+01,2.416619e+01,2.420670e+01,2.420670e+01,2.420670e+01,2.422694e+01,2.424044e+01,2.433487e+01,2.433487e+01,2.453019e+01,2.471172e+01,2.504705e+01,2.498677e+01,2.494656e+01,2.508722e+01,2.516751e+01,2.498007e+01,2.495997e+01,2.519426e+01,2.520094e+01,2.546138e+01,2.562132e+01,2.573447e+01,2.589401e+01,2.595377e+01,2.591393e+01,2.591393e+01,2.590729e+01,2.593385e+01,2.595377e+01,2.584750e+01,2.595377e+01,2.598696e+01,2.594049e+01,2.602677e+01,2.593385e+01,2.589401e+01,2.593385e+01,2.600686e+01,2.592721e+01,2.594713e+01,2.599359e+01,2.594049e+01,2.592057e+01,2.576773e+01,2.573447e+01,2.578768e+01,2.588736e+01,2.575443e+01,2.570121e+01,2.569455e+01,2.570121e+01,2.560800e+01,2.560134e+01,2.549472e+01,2.555471e+01,2.555471e+01,2.533458e+01,2.524105e+01,2.518088e+01,2.515413e+01,2.530787e+01,2.510730e+01,2.481243e+01,2.505375e+01,2.508052e+01,2.489293e+01,2.483927e+01,2.479901e+01,2.469156e+01,2.487952e+01,2.457728e+01,2.457056e+01,2.461091e+01,2.462436e+01,2.447635e+01,2.442921e+01,2.445614e+01,2.443594e+01,2.434835e+01,2.431464e+01,2.434161e+01,2.431464e+01,2.418644e+01,2.408512e+01,2.399723e+01,2.415268e+01,2.395664e+01,2.382801e+01,2.379413e+01,2.358383e+01,2.344113e+01,2.356346e+01,2.356346e+01,2.348872e+01,2.348872e+01,2.346833e+01,2.354987e+01,2.358383e+01,2.366529e+01,2.360420e+01,2.352949e+01,2.345473e+01,2.356346e+01,2.352949e+01,2.346153e+01,2.360420e+01,2.348192e+01,2.361099e+01,2.366529e+01,2.363814e+01,2.358383e+01,2.353629e+01,2.338672e+01,2.344113e+01,2.351590e+01,2.355667e+01,2.354308e+01,2.354987e+01,2.343433e+01,2.344113e+01,2.329142e+01,2.334589e+01,2.333228e+01,2.323693e+01,2.326418e+01,2.321649e+01,2.333228e+01,2.326418e+01,2.330504e+01,2.352949e+01,2.374668e+01,2.384155e+01,2.413917e+01,2.431464e+01,2.446288e+01,2.442247e+01,2.443594e+01,2.425393e+01,2.438878e+01,2.444268e+01,2.436183e+01,2.441573e+01,2.444268e+01,2.444941e+01,2.444268e+01,2.444268e+01,2.451673e+01,2.453692e+01,2.438878e+01,2.413917e+01,2.451000e+01,2.453692e+01,2.454365e+01,2.445614e+01,2.448981e+01,2.459746e+01,2.446288e+01,2.449654e+01,2.445614e+01,2.455038e+01,2.454365e+01,2.447635e+01,2.443594e+01,2.444268e+01,2.447635e+01,2.452346e+01,2.440226e+01,2.457728e+01,2.443594e+01,2.455710e+01,2.428766e+01,2.388219e+01,2.388219e+01,2.370599e+01,2.369242e+01,2.365850e+01,2.358383e+01,2.369242e+01,2.373990e+01,2.373990e+01,2.369242e+01,2.394988e+01,2.411891e+01,2.401752e+01,2.378057e+01,2.408512e+01,2.424719e+01,2.434161e+01,2.443594e+01,2.453692e+01,2.446961e+01,2.447635e+01,2.448981e+01,2.450327e+01,2.437531e+01,2.437531e+01,2.434835e+01,2.457728e+01,2.453019e+01,2.452346e+01,2.439552e+01,2.446288e+01,2.441573e+01,2.436857e+01,2.449654e+01,2.440900e+01,2.434835e+01,2.437531e+01,2.434835e+01,2.437531e+01,2.438205e+01,2.438205e+01,2.435509e+01,2.415268e+01,2.438878e+01,2.435509e+01,2.440900e+01,2.443594e+01,2.447635e+01,2.447635e+01,2.432138e+01,2.422694e+01,2.432812e+01,2.434161e+01,2.412566e+01,2.432138e+01
2.413242e+01,2.437531e+01,2.427417e+01,2.421344e+01,2.434161e+01,2.428092e+01,2.432138e+01,2.426068e+01,2.426743e+01,2.427417e+01,2.424044e+01,2.430790e+01,2.424719e+01,2.431464e+01,2.440226e+01,2.444268e+01,2.427417e+01,2.422694e+01,2.444268e+01,2.438878e+01,2.444268e+01,2.437531e+01,2.433487e+01,2.432138e+01,2.441573e+01,2.436857e+01,2.435509e+01,2.446288e+01,2.437531e+01,2.435509e+01,2.442247e+01,2.431464e+01,2.438878e+01,2.444941e+01,2.440226e+01,2.446961e+01,2.445614e+01,2.436183e+01,2.436857e+01,2.433487e+01,2.436857e+01,2.436183e+01,2.436857e+01,2.428766e+01,2.440226e+01,2.426068e+01,2.434161e+01,2.436857e+01,2.439552e+01,2.440900e+01,2.440226e+01,2.415943e+01,2.453019e+01,2.436857e+01,2.430790e+01,2.434835e+01,2.451673e+01,2.440226e+01,2.439552e+01,2.444941e+01,2.443594e+01,2.451673e+01,2.450327e+01,2.451673e+01,2.436183e+01,2.434835e+01,2.430115e+01,2.453692e+01,2.439552e+01,2.438878e+01,2.429441e+01,2.444941e+01,2.427417e+01,2.443594e+01,2.445614e+01,2.435509e+01,2.436857e+01,2.432812e+01,2.432812e+01,2.438205e+01,2.434161e+01,2.438205e+01,2.430790e+01,2.394311e+01,2.373990e+01,2.400400e+01,2.428092e+01,2.430790e+01,2.433487e+01,2.432138e+01,2.432812e+01,2.430115e+01,2.434161e+01,2.436857e+01,2.428766e+01,2.434161e+01,2.443594e+01,2.429441e+01,2.428766e+01,2.426743e+01,2.434161e+01,2.433487e+01,2.428766e+01,2.428766e+01,2.428092e+01,2.430115e+01,2.437531e+01,2.430790e+01,2.436183e+01,2.432138e+01,2.429441e+01,2.430115e+01,2.430790e+01,2.432812e+01,2.428092e+01,2.433487e+01,2.431464e+01,2.436857e+01,2.438205e+01,2.438878e+01,2.444941e+01,2.426068e+01,2.436857e+01,2.432138e+01,2.424719e+01,2.442921e+01,2.436857e+01,2.430115e+01,2.433487e+01,2.434835e+01,2.439552e+01,2.440900e+01,2.441573e+01,2.432138e+01,2.442921e+01,2.436183e+01,2.432812e+01,2.436183e+01,2.438878e+01,2.442921e+01,2.435509e+01,2.448981e+01,2.442921e+01,2.452346e+01,2.440900e+01,2.438878e+01,2.446288e+01,2.453019e+01,2.430790e+01,2.452346e+01,2.454365e+01,2.440900e+01,2.427417e+01,2.444941e+01,2.440226e+01,2.444268e+01,2.454365e+01,2.448308e+01,2.449654e+01,2.453019e+01,2.451673e+01,2.448308e+01,2.451673e+01,2.446288e+01,2.449654e+01,2.451000e+01,2.444941e+01,2.453019e+01,2.445614e+01,2.444268e+01,2.444941e+01,2.452346e+01,2.448981e+01,2.445614e+01,2.450327e+01,2.461091e+01,2.450327e+01,2.449654e+01,2.464452e+01,2.452346e+01,2.463780e+01,2.452346e+01,2.463108e+01,2.458401e+01,2.452346e+01,2.451673e+01,2.460419e+01,2.451673e+01,2.448981e+01,2.453019e+01,2.460419e+01,2.459746e+01,2.442247e+01,2.459073e+01,2.446961e+01,2.452346e+01,2.448981e+01,2.450327e+01,2.457728e+01,2.449654e+01,2.451673e+01,2.446961e+01,2.455710e+01,2.457728e+01,2.461091e+01,2.455038e+01,2.454365e+01,2.449654e+01,2.448981e+01,2.440900e+01,2.451000e+01,2.450327e+01,2.446288e+01,2.451000e+01,2.450327e+01,2.452346e+01,2.446961e+01,2.444268e+01,2.439552e+01,2.451673e+01,2.438878e+01,2.446288e+01,2.451000e+01,2.444941e+01,2.447635e+01,2.444941e+01,2.442247e+01,2.453019e+01,2.449654e+01,2.456383e+01,2.452346e+01,2.443594e+01,2.446288e+01,2.430115e+01,2.440900e+01,2.444268e+01,2.440900e+01,2.442921e+01,2.442921e+01,2.450327e+01,2.440900e+01,2.442247e+01,2.439552e+01,2.439552e+01,2.444941e+01,2.434835e+01,2.437531e+01,2.432812e+01,2.434161e+01,2.435509e+01,2.435509e+01,2.435509e+01,2.430115e+01,2.434835e+01,2.424044e+01,2.436857e+01,2.432812e+01,2.432812e+01,2.437531e+01,2.440226e+01,2.433487e+01,2.457056e+01,2.427417e+01,2.434835e+01,2.432138e+01,2.429441e+01,2.434161e+01,2.439552e+01,2.425393e+01,2.426068e+01,2.430115e+01,2.430115e+01,2.433487e+01,2.438878e+01,2.432138e+01,2.432812e+01,2.432812e+01,2.433487e+01,2.432812e+01,2.424719e+01,2.429441e+01,2.428092e+01,2.421344e+01,2.415943e+01,2.371277e+01,2.372634e+01,2.369242e+01,2.382801e+01,2.370599e+01,2.362457e+01,2.345473e+01,2.328461e+01,2.354987e+01,2.369921e+01,2.378057e+01,2.386865e+01,2.372634e+01,2.346833e+01,2.346833e+01,2.347513e+01,2.327780e+01,2.313468e+01,2.319604e+01,2.327099e+01,2.326418e+01,2.343433e+01,2.333228e+01,2.344793e+01,2.342753e+01,2.354308e+01,2.357025e+01,2.358383e+01,2.377380e+01,2.377380e+01,2.367207e+01,2.363136e+01,2.382801e+01,2.370599e+01,2.373312e+01,2.373990e+01,2.362457e+01,2.398371e+01,2.428092e+01,2.378057e+01,2.331185e+01,2.329823e+01,2.330504e+01,2.354308e+01,2.356346e+01,2.386865e+01,2.448308e+01,2.462436e+01,2.372634e+01,2.357704e+01,2.410540e+01,2.499347e+01,2.431464e+01,2.363136e+01,2.363814e+01,2.380091e+01,2.363814e+01,2.346833e+01,2.343433e+01,2.367886e+01,2.365850e+01,2.335950e+01,2.340713e+01,2.332547e+01,2.329823e+01,2.335950e+01,2.335269e+01,2.370599e+01,2.370599e+01,2.441573e+01,2.474530e+01,2.506044e+01,2.421344e+01,2.346153e+01,2.352949e+01,2.335269e+01,2.326418e+01,2.331185e+01,2.331866e+01,2.344113e+01,2.371277e+01,2.409864e+01,2.500017e+01,2.543469e+01,2.542135e+01,2.520094e+01,2.582756e+01,2.693173e+01,2.643066e+01,2.500017e+01,2.419319e+01,2.380091e+01,2.354987e+01,2.361778e+01,2.372634e+01,2.378735e+01,2.357704e+01,2.422694e+01,2.530787e+01,2.535461e+01,2.576773e+01,2.472515e+01,2.440226e+01,2.428092e+01,2.435509e+01,2.416619e+01,2.403781e+01,2.428092e+01,2.420670e+01,2.405133e+01,2.412566e+01,2.419994e+01,2.415943e+01,2.418644e+01,2.420670e+01,2.429441e+01,2.425393e+01,2.430790e+01,2.419319e+01,2.420670e+01,2.414593e+01,2.414593e+01,2.413242e+01,2.416619e+01,2.414593e+01,2.415268e+01,2.417294e+01,2.415268e+01,2.415943e+01,2.413242e+01,2.421344e+01,2.419319e+01,2.425393e+01,2.424044e+01,2.421344e+01,2.421344e+01,2.432812e+01,2.441573e+01,2.415268e+01,2.432812e+01,2.447635e+01,2.453692e+01,2.471844e+01,2.462436e+01,2.492645e+01,2.488622e+01,2.495326e+01,2.514075e+01,2.518088e+01,2.551472e+01,2.554138e+01,2.570121e+01,2.597368e+01,2.594713e+01,2.578768e+01,2.595377e+01,2.588736e+01,2.593385e+01,2.595377e+01,2.592721e+01,2.596041e+01,2.598032e+01,2.596704e+01,2.593385e+01,2.596041e+01,2.595377e+01,2.589401e+01,2.585415e+01,2.600686e+01,2.582756e+01,2.579433e+01,2.585415e+01,2.594049e+01,2.573447e+01,2.576773e+01,2.577438e+01,2.554138e+01,2.575443e+01,2.567459e+01,2.563464e+01,2.560800e+01,2.559468e+01,2.558136e+01,2.546805e+01,2.550805e+01,2.542802e+01,2.528115e+01,2.544137e+01,2.526110e+01,2.498007e+01,2.506713e+01,2.506713e+01,2.500017e+01,2.497337e+01,2.505375e+01,2.500017e+01,2.483256e+01,2.482585e+01,2.483927e+01,2.481243e+01,2.475873e+01,2.475201e+01,2.465124e+01,2.459746e+01,2.459073e+01,2.460419e+01,2.443594e+01,2.426068e+01,2.432812e+01,2.432812e+01,2.429441e+01,2.426743e+01,2.413242e+01,2.401752e+01,2.403781e+01,2.400400e+01,2.386865e+01,2.369242e+01,2.384155e+01,2.359062e+01,2.365850e+01,2.331866e+01,2.339352e+01,2.338672e+01,2.342073e+01,2.334589e+01,2.345473e+01,2.346153e+01,2.351590e+01,2.356346e+01,2.360420e+01,2.350911e+01,2.342753e+01,2.357704e+01,2.348192e+01,2.365850e+01,2.355667e+01,2.357704e+01,2.363136e+01,2.352270e+01,2.357025e+01,2.365850e+01,2.365172e+01,2.342753e+01,2.352949e+01,2.347513e+01,2.347513e+01,2.356346e+01,2.331866e+01,2.344113e+01,2.334589e+01,2.335269e+01,2.325056e+01,2.324374e+01,2.324374e+01,2.328461e+01,2.320286e+01,2.335950e+01,2.357025e+01,2.409864e+01,2.409864e+01,2.411215e+01,2.437531e+01,2.448308e+01,2.440900e+01,2.448981e+01,2.441573e+01,2.444268e+01,2.447635e+01,2.445614e+01,2.448308e+01,2.444268e+01,2.445614e+01,2.442921e+01,2.445614e+01,2.451000e+01,2.456383e+01,2.440226e+01,2.442247e+01,2.455038e+01,2.449654e+01,2.446961e+01,2.458401e+01,2.446288e+01,2.449654e+01,2.448308e+01,2.454365e+01,2.452346e+01,2.446961e+01,2.452346e+01,2.452346e+01,2.441573e+01,2.451673e+01,2.453019e+01,2.447635e+01,2.438205e+01,2.455710e+01,2.454365e+01,2.444941e+01,2.440226e+01,2.426068e+01,2.390250e+01,2.380768e+01,2.367207e+01,2.369921e+01,2.369921e+01,2.367886e+01,2.367207e+01,2.366529e+01,2.366529e+01,2.367886e+01,2.367207e+01,2.377380e+01,2.369921e+01,2.364493e+01,2.401076e+01,2.431464e+01,2.434835e+01,2.451673e+01,2.455038e+01,2.460419e+01,2.449654e+01,2.445614e+01,2.445614e+01,2.446288e+01,2.443594e+01,2.436857e+01,2.465124e+01,2.446288e+01,2.444268e+01,2.446288e+01,2.439552e+01,2.432138e+01,2.438205e+01,2.440226e+01,2.453692e+01,2.436183e+01,2.441573e+01,2.438205e+01,2.444268e+01,2.438205e+01,2.434835e+01,2.440900e+01,2.441573e+01,2.441573e+01,2.440900e+01,2.442247e+01,2.441573e+01,2.436183e+01,2.432812e+01,2.429441e+01,2.431464e+01,2.434835e+01,2.431464e+01,2.424044e+01,2.430115e+01
2.434161e+01,2.423369e+01,2.440226e+01,2.432812e+01,2.436857e+01,2.433487e+01,2.430115e+01,2.432138e+01,2.431464e+01,2.434835e+01,2.417969e+01,2.426743e+01,2.441573e+01,2.442247e+01,2.429441e+01,2.442921e+01,2.434835e+01,2.422694e+01,2.427417e+01,2.435509e+01,2.429441e+01,2.431464e+01,2.429441e+01,2.442921e+01,2.436183e+01,2.435509e+01,2.438205e+01,2.432812e+01,2.448308e+01,2.444268e+01,2.445614e+01,2.431464e+01,2.433487e+01,2.443594e+01,2.440900e+01,2.441573e+01,2.442247e+01,2.442247e+01,2.443594e+01,2.432812e+01,2.431464e+01,2.438878e+01,2.438878e+01,2.438878e+01,2.436183e+01,2.435509e+01,2.437531e+01,2.449654e+01,2.444268e+01,2.450327e+01,2.449654e+01,2.436857e+01,2.433487e+01,2.440226e+01,2.442247e+01,2.454365e+01,2.452346e+01,2.449654e+01,2.448981e+01,2.447635e+01,2.442921e+01,2.434161e+01,2.449654e+01,2.440900e+01,2.431464e+01,2.450327e+01,2.442247e+01,2.435509e+01,2.442247e+01,2.455038e+01,2.443594e+01,2.446288e+01,2.440226e+01,2.440900e+01,2.439552e+01,2.444941e+01,2.446288e+01,2.436857e+01,2.435509e+01,2.434161e+01,2.433487e+01,2.433487e+01,2.429441e+01,2.399723e+01,2.390250e+01,2.403105e+01,2.430115e+01,2.436857e+01,2.428766e+01,2.438205e+01,2.436857e+01,2.448308e+01,2.455038e+01,2.438878e+01,2.435509e+01,2.438205e+01,2.436857e+01,2.432138e+01,2.430790e+01,2.430790e+01,2.431464e+01,2.422694e+01,2.432138e+01,2.426068e+01,2.426068e+01,2.434835e+01,2.425393e+01,2.439552e+01,2.432812e+01,2.426743e+01,2.429441e+01,2.429441e+01,2.434161e+01,2.433487e+01,2.434161e+01,2.439552e+01,2.440226e+01,2.435509e+01,2.441573e+01,2.430790e+01,2.444941e+01,2.440900e+01,2.440900e+01,2.430790e+01,2.440900e+01,2.440900e+01,2.439552e+01,2.438205e+01,2.434835e+01,2.439552e+01,2.431464e+01,2.440226e+01,2.435509e+01,2.435509e+01,2.437531e+01,2.446288e+01,2.448981e+01,2.450327e+01,2.439552e+01,2.443594e+01,2.446961e+01,2.447635e+01,2.451000e+01,2.451673e+01,2.441573e+01,2.445614e+01,2.455710e+01,2.457056e+01,2.448308e+01,2.442247e+01,2.455038e+01,2.449654e+01,2.430790e+01,2.452346e+01,2.453692e+01,2.441573e+01,2.438205e+01,2.445614e+01,2.451000e+01,2.453692e+01,2.451673e+01,2.457728e+01,2.448981e+01,2.444268e+01,2.449654e+01,2.449654e+01,2.447635e+01,2.450327e+01,2.448981e+01,2.450327e+01,2.463108e+01,2.450327e+01,2.444941e+01,2.445614e+01,2.451673e+01,2.449654e+01,2.448981e+01,2.446961e+01,2.463108e+01,2.455710e+01,2.463780e+01,2.454365e+01,2.459073e+01,2.452346e+01,2.458401e+01,2.455710e+01,2.451673e+01,2.452346e+01,2.448981e+01,2.462436e+01,2.463108e+01,2.458401e+01,2.446961e+01,2.459073e+01,2.449654e+01,2.455038e+01,2.453692e+01,2.452346e+01,2.448308e+01,2.457056e+01,2.455038e+01,2.454365e+01,2.449654e+01,2.454365e+01,2.455038e+01,2.456383e+01,2.456383e+01,2.457056e+01,2.454365e+01,2.455038e+01,2.456383e+01,2.439552e+01,2.450327e+01,2.447635e+01,2.451673e+01,2.453692e+01,2.445614e+01,2.449654e+01,2.446961e+01,2.446288e+01,2.453019e+01,2.453019e+01,2.446961e+01,2.449654e+01,2.445614e+01,2.438205e+01,2.443594e+01,2.457728e+01,2.443594e+01,2.455038e+01,2.436183e+01,2.446961e+01,2.446961e+01,2.446288e+01,2.444268e+01,2.444941e+01,2.447635e+01,2.444268e+01,2.453019e+01,2.444941e+01,2.442247e+01,2.444941e+01,2.438205e+01,2.440900e+01,2.446288e+01,2.429441e+01,2.433487e+01,2.434161e+01,2.437531e+01,2.433487e+01,2.438205e+01,2.430790e+01,2.434835e+01,2.436857e+01,2.438205e+01,2.433487e+01,2.426743e+01,2.442921e+01,2.440226e+01,2.431464e+01,2.432812e+01,2.428766e+01,2.442921e+01,2.432138e+01,2.438205e+01,2.437531e+01,2.426068e+01,2.441573e+01,2.424719e+01,2.435509e+01,2.440226e+01,2.438205e+01,2.418644e+01,2.436183e+01,2.434161e+01,2.429441e+01,2.430115e+01,2.427417e+01,2.426743e+01,2.425393e+01,2.437531e+01,2.421344e+01,2.419994e+01,2.427417e+01,2.394311e+01,2.390250e+01,2.379413e+01,2.394311e+01,2.427417e+01,2.424719e+01,2.417969e+01,2.371956e+01,2.374668e+01,2.376702e+01,2.385510e+01,2.379413e+01,2.353629e+01,2.347513e+01,2.349552e+01,2.344113e+01,2.344113e+01,2.329142e+01,2.326418e+01,2.326418e+01,2.341393e+01,2.359741e+01,2.342073e+01,2.360420e+01,2.345473e+01,2.362457e+01,2.378057e+01,2.359741e+01,2.365172e+01,2.372634e+01,2.375346e+01,2.377380e+01,2.383478e+01,2.369242e+01,2.357704e+01,2.337991e+01,2.344793e+01,2.371956e+01,2.383478e+01,2.348192e+01,2.333228e+01,2.327780e+01,2.337311e+01,2.352270e+01,2.416619e+01,2.430115e+01,2.388219e+01,2.372634e+01,2.362457e+01,2.351590e+01,2.392958e+01,2.479901e+01,2.532122e+01,2.438878e+01,2.354987e+01,2.354308e+01,2.345473e+01,2.367207e+01,2.367886e+01,2.369921e+01,2.346833e+01,2.334589e+01,2.353629e+01,2.342073e+01,2.340713e+01,2.337311e+01,2.346833e+01,2.354308e+01,2.429441e+01,2.477216e+01,2.515413e+01,2.433487e+01,2.382801e+01,2.376702e+01,2.412566e+01,2.380091e+01,2.339352e+01,2.341393e+01,2.334589e+01,2.336630e+01,2.337991e+01,2.356346e+01,2.357025e+01,2.380091e+01,2.372634e+01,2.401076e+01,2.550139e+01,2.694489e+01,2.748937e+01,2.728633e+01,2.556804e+01,2.422694e+01,2.377380e+01,2.364493e+01,2.369242e+01,2.369242e+01,2.384833e+01,2.376024e+01,2.435509e+01,2.477216e+01,2.576773e+01,2.493316e+01,2.449654e+01,2.437531e+01,2.437531e+01,2.426743e+01,2.420670e+01,2.429441e+01,2.425393e+01,2.422019e+01,2.428766e+01,2.420670e+01,2.415943e+01,2.419994e+01,2.418644e+01,2.430115e+01,2.426743e+01,2.424044e+01,2.423369e+01,2.420670e+01,2.419994e+01,2.411891e+01,2.415943e+01,2.415268e+01,2.412566e+01,2.421344e+01,2.428092e+01,2.417969e+01,2.432812e+01,2.417969e+01,2.420670e+01,2.422019e+01,2.419994e+01,2.418644e+01,2.425393e+01,2.410540e+01,2.413242e+01,2.430115e+01,2.409864e+01,2.415943e+01,2.426743e+01,2.429441e+01,2.431464e+01,2.452346e+01,2.489293e+01,2.482585e+01,2.490634e+01,2.506044e+01,2.522100e+01,2.553472e+01,2.576773e+01,2.579433e+01,2.580097e+01,2.588736e+01,2.589401e+01,2.591393e+01,2.588736e+01,2.594713e+01,2.594713e+01,2.596041e+01,2.596704e+01,2.595377e+01,2.584750e+01,2.595377e+01,2.598696e+01,2.574113e+01,2.588736e+01,2.591393e+01,2.588736e+01,2.580762e+01,2.594713e+01,2.574778e+01,2.577438e+01,2.569455e+01,2.567459e+01,2.572782e+01,2.560800e+01,2.557470e+01,2.564130e+01,2.561466e+01,2.559468e+01,2.556137e+01,2.559468e+01,2.552805e+01,2.557470e+01,2.549472e+01,2.525442e+01,2.531454e+01,2.532790e+01,2.512737e+01,2.514744e+01,2.505375e+01,2.503366e+01,2.494656e+01,2.503366e+01,2.487281e+01,2.484598e+01,2.478558e+01,2.471844e+01,2.483927e+01,2.475201e+01,2.473187e+01,2.475201e+01,2.463780e+01,2.457728e+01,2.461091e+01,2.453692e+01,2.410540e+01,2.428766e+01,2.420670e+01,2.413242e+01,2.411891e+01,2.412566e+01,2.384833e+01,2.401076e+01,2.381446e+01,2.389573e+01,2.367886e+01,2.382123e+01,2.368564e+01,2.358383e+01,2.347513e+01,2.337991e+01,2.329823e+01,2.348872e+01,2.345473e+01,2.349552e+01,2.346833e+01,2.357025e+01,2.354308e+01,2.352270e+01,2.348192e+01,2.349552e+01,2.351590e+01,2.348192e+01,2.356346e+01,2.351590e+01,2.352270e+01,2.358383e+01,2.350231e+01,2.354308e+01,2.342753e+01,2.366529e+01,2.366529e+01,2.352270e+01,2.352270e+01,2.352270e+01,2.342753e+01,2.331866e+01,2.331866e+01,2.346833e+01,2.335950e+01,2.320967e+01,2.323012e+01,2.324374e+01,2.333908e+01,2.328461e+01,2.348192e+01,2.413242e+01,2.416619e+01,2.439552e+01,2.437531e+01,2.443594e+01,2.436857e+01,2.445614e+01,2.447635e+01,2.446961e+01,2.444268e+01,2.452346e+01,2.446288e+01,2.443594e+01,2.440900e+01,2.449654e+01,2.450327e+01,2.453019e+01,2.451000e+01,2.443594e+01,2.453692e+01,2.451000e+01,2.452346e+01,2.461091e+01,2.456383e+01,2.450327e+01,2.444268e+01,2.441573e+01,2.458401e+01,2.455710e+01,2.459746e+01,2.458401e+01,2.451673e+01,2.456383e+01,2.447635e+01,2.450327e+01,2.454365e+01,2.453692e+01,2.454365e+01,2.444268e+01,2.461091e+01,2.456383e+01,2.438205e+01,2.436857e+01,2.385510e+01,2.388219e+01,2.377380e+01,2.371277e+01,2.365172e+01,2.365850e+01,2.365172e+01,2.369921e+01,2.369921e+01,2.369921e+01,2.370599e+01,2.372634e+01,2.377380e+01,2.400400e+01,2.430115e+01,2.433487e+01,2.439552e+01,2.451673e+01,2.444268e+01,2.457728e+01,2.436183e+01,2.444268e+01,2.443594e+01,2.441573e+01,2.439552e+01,2.432138e+01,2.449654e+01,2.434161e+01,2.433487e+01,2.451000e+01,2.444941e+01,2.442247e+01,2.448981e+01,2.451673e+01,2.440226e+01,2.434835e+01,2.438205e+01,2.437531e+01,2.446288e+01,2.439552e+01,2.435509e+01,2.428766e+01,2.438205e+01,2.440226e+01,2.426068e+01,2.441573e+01,2.419994e+01,2.439552e+01,2.438205e+01,2.435509e+01,2.432138e+01,2.444268e+01,2.428092e+01,2.432138e+01,2.430115e+01
2.434835e+01,2.427417e+01,2.420670e+01,2.426743e+01,2.430790e+01,2.426068e+01,2.430115e+01,2.450327e+01,2.427417e+01,2.436183e+01,2.426068e+01,2.428766e+01,2.436857e+01,2.424044e+01,2.424044e+01,2.435509e+01,2.439552e+01,2.428092e+01,2.429441e+01,2.428092e+01,2.430790e+01,2.432812e+01,2.448981e+01,2.434161e+01,2.431464e+01,2.441573e+01,2.435509e+01,2.438878e+01,2.444941e+01,2.425393e+01,2.431464e+01,2.444941e+01,2.451000e+01,2.436183e+01,2.438205e+01,2.440900e+01,2.436857e+01,2.451000e+01,2.440226e+01,2.436857e+01,2.429441e+01,2.439552e+01,2.437531e+01,2.444268e+01,2.437531e+01,2.442921e+01,2.441573e+01,2.447635e+01,2.435509e+01,2.432812e+01,2.440226e+01,2.438878e+01,2.435509e+01,2.441573e+01,2.435509e+01,2.441573e+01,2.443594e+01,2.453019e+01,2.432138e+01,2.442921e+01,2.446288e+01,2.436183e+01,2.447635e+01,2.432812e+01,2.435509e+01,2.441573e+01,2.442921e+01,2.435509e+01,2.446961e+01,2.448308e+01,2.442247e+01,2.442247e+01,2.442247e+01,2.441573e+01,2.435509e+01,2.442921e+01,2.438878e+01,2.438878e+01,2.438205e+01,2.436183e+01,2.443594e+01,2.436857e+01,2.429441e+01,2.404457e+01,2.373312e+01,2.407837e+01,2.419994e+01,2.438205e+01,2.442247e+01,2.436857e+01,2.437531e+01,2.433487e+01,2.432138e+01,2.431464e+01,2.438205e+01,2.436183e+01,2.434161e+01,2.430790e+01,2.430790e+01,2.431464e+01,2.434161e+01,2.430115e+01,2.435509e+01,2.438878e+01,2.440226e+01,2.429441e+01,2.428092e+01,2.432812e+01,2.424044e+01,2.428766e+01,2.430115e+01,2.430115e+01,2.426743e+01,2.429441e+01,2.436183e+01,2.428092e+01,2.436857e+01,2.432138e+01,2.440900e+01,2.442247e+01,2.426743e+01,2.428766e+01,2.448308e+01,2.432138e+01,2.443594e+01,2.438205e+01,2.425393e+01,2.427417e+01,2.439552e+01,2.439552e+01,2.432812e+01,2.437531e+01,2.436183e+01,2.437531e+01,2.435509e+01,2.436183e+01,2.438205e+01,2.443594e+01,2.445614e+01,2.444268e+01,2.444941e+01,2.442921e+01,2.442247e+01,2.452346e+01,2.442247e+01,2.451673e+01,2.437531e+01,2.444268e+01,2.449654e+01,2.453692e+01,2.442921e+01,2.450327e+01,2.439552e+01,2.454365e+01,2.437531e+01,2.446961e+01,2.447635e+01,2.443594e+01,2.448981e+01,2.446288e+01,2.442921e+01,2.459073e+01,2.453692e+01,2.446961e+01,2.449654e+01,2.466469e+01,2.457056e+01,2.454365e+01,2.424044e+01,2.457056e+01,2.453692e+01,2.451673e+01,2.451673e+01,2.448308e+01,2.448308e+01,2.447635e+01,2.457056e+01,2.463108e+01,2.451000e+01,2.454365e+01,2.453019e+01,2.455710e+01,2.453019e+01,2.444268e+01,2.453019e+01,2.455710e+01,2.451673e+01,2.442247e+01,2.456383e+01,2.459746e+01,2.448981e+01,2.461763e+01,2.451673e+01,2.450327e+01,2.452346e+01,2.442921e+01,2.451000e+01,2.451673e+01,2.448981e+01,2.446961e+01,2.451000e+01,2.452346e+01,2.451673e+01,2.455038e+01,2.452346e+01,2.455710e+01,2.456383e+01,2.455710e+01,2.453019e+01,2.446288e+01,2.450327e+01,2.443594e+01,2.451673e+01,2.452346e+01,2.455710e+01,2.449654e+01,2.444941e+01,2.451000e+01,2.443594e+01,2.444941e+01,2.446961e+01,2.444941e+01,2.444941e+01,2.447635e+01,2.446961e+01,2.439552e+01,2.435509e+01,2.454365e+01,2.445614e+01,2.445614e+01,2.453019e+01,2.452346e+01,2.439552e+01,2.444941e+01,2.444941e+01,2.448308e+01,2.450327e+01,2.446288e+01,2.443594e+01,2.445614e+01,2.445614e+01,2.450327e+01,2.446961e+01,2.441573e+01,2.436183e+01,2.438205e+01,2.439552e+01,2.435509e+01,2.433487e+01,2.432812e+01,2.430115e+01,2.435509e+01,2.432812e+01,2.432138e+01,2.434161e+01,2.434161e+01,2.426743e+01,2.429441e+01,2.435509e+01,2.432138e+01,2.438878e+01,2.434161e+01,2.432138e+01,2.438205e+01,2.434835e+01,2.424719e+01,2.438205e+01,2.440226e+01,2.437531e+01,2.436857e+01,2.421344e+01,2.430790e+01,2.434835e+01,2.412566e+01,2.434835e+01,2.434835e+01,2.424719e+01,2.423369e+01,2.424044e+01,2.425393e+01,2.429441e+01,2.428766e+01,2.427417e+01,2.434161e+01,2.478558e+01,2.428092e+01,2.384833e+01,2.374668e+01,2.438878e+01,2.548138e+01,2.550805e+01,2.464452e+01,2.397694e+01,2.384155e+01,2.371956e+01,2.350911e+01,2.346153e+01,2.345473e+01,2.348192e+01,2.346153e+01,2.320286e+01,2.347513e+01,2.345473e+01,2.344113e+01,2.342753e+01,2.367207e+01,2.401076e+01,2.371956e+01,2.351590e+01,2.365850e+01,2.347513e+01,2.363136e+01,2.367886e+01,2.360420e+01,2.383478e+01,2.382123e+01,2.386187e+01,2.368564e+01,2.373312e+01,2.374668e+01,2.359741e+01,2.371956e+01,2.361099e+01,2.331866e+01,2.330504e+01,2.319604e+01,2.349552e+01,2.417969e+01,2.495326e+01,2.495326e+01,2.413917e+01,2.386865e+01,2.380091e+01,2.371956e+01,2.376024e+01,2.396341e+01,2.407837e+01,2.398371e+01,2.371956e+01,2.347513e+01,2.345473e+01,2.350231e+01,2.378735e+01,2.344113e+01,2.326418e+01,2.331866e+01,2.330504e+01,2.332547e+01,2.347513e+01,2.347513e+01,2.356346e+01,2.376702e+01,2.412566e+01,2.370599e+01,2.444268e+01,2.428766e+01,2.421344e+01,2.441573e+01,2.399047e+01,2.370599e+01,2.344113e+01,2.337991e+01,2.337311e+01,2.306645e+01,2.314150e+01,2.323693e+01,2.323012e+01,2.318241e+01,2.329823e+01,2.339352e+01,2.378057e+01,2.501357e+01,2.680010e+01,2.728633e+01,2.727322e+01,2.571451e+01,2.428092e+01,2.394988e+01,2.366529e+01,2.355667e+01,2.380768e+01,2.370599e+01,2.369921e+01,2.424719e+01,2.574778e+01,2.493986e+01,2.440226e+01,2.431464e+01,2.424044e+01,2.435509e+01,2.424044e+01,2.417294e+01,2.413242e+01,2.422019e+01,2.414593e+01,2.417969e+01,2.417294e+01,2.413917e+01,2.428766e+01,2.419994e+01,2.420670e+01,2.426068e+01,2.431464e+01,2.427417e+01,2.419994e+01,2.413917e+01,2.414593e+01,2.415943e+01,2.420670e+01,2.426068e+01,2.415943e+01,2.416619e+01,2.417294e+01,2.418644e+01,2.411215e+01,2.407161e+01,2.412566e+01,2.428766e+01,2.411891e+01,2.414593e+01,2.409188e+01,2.409188e+01,2.422019e+01,2.418644e+01,2.419994e+01,2.420670e+01,2.425393e+01,2.445614e+01,2.449654e+01,2.467813e+01,2.473858e+01,2.507383e+01,2.522100e+01,2.553472e+01,2.560134e+01,2.571451e+01,2.586743e+01,2.600686e+01,2.593385e+01,2.584085e+01,2.594049e+01,2.593385e+01,2.594713e+01,2.595377e+01,2.594713e+01,2.598032e+01,2.581427e+01,2.591393e+01,2.589401e+01,2.588072e+01,2.580097e+01,2.590065e+01,2.588736e+01,2.578768e+01,2.574778e+01,2.575443e+01,2.567459e+01,2.570121e+01,2.568124e+01,2.569455e+01,2.556804e+01,2.560800e+01,2.568124e+01,2.558136e+01,2.562798e+01,2.560800e+01,2.552139e+01,2.552805e+01,2.538131e+01,2.548805e+01,2.508722e+01,2.520094e+01,2.514075e+01,2.514744e+01,2.494656e+01,2.505375e+01,2.483256e+01,2.479901e+01,2.479901e+01,2.479230e+01,2.477887e+01,2.477216e+01,2.481243e+01,2.474530e+01,2.474530e+01,2.471172e+01,2.463780e+01,2.463108e+01,2.437531e+01,2.450327e+01,2.446288e+01,2.424044e+01,2.432812e+01,2.424719e+01,2.413917e+01,2.426068e+01,2.403781e+01,2.395664e+01,2.388219e+01,2.380091e+01,2.379413e+01,2.365850e+01,2.368564e+01,2.354987e+01,2.350231e+01,2.340032e+01,2.332547e+01,2.322330e+01,2.344113e+01,2.334589e+01,2.334589e+01,2.351590e+01,2.348872e+01,2.335950e+01,2.343433e+01,2.351590e+01,2.346153e+01,2.339352e+01,2.351590e+01,2.344793e+01,2.350911e+01,2.359741e+01,2.347513e+01,2.353629e+01,2.354308e+01,2.362457e+01,2.335950e+01,2.356346e+01,2.363136e+01,2.353629e+01,2.355667e+01,2.345473e+01,2.338672e+01,2.321649e+01,2.340032e+01,2.325056e+01,2.330504e+01,2.321649e+01,2.320286e+01,2.321649e+01,2.340032e+01,2.401076e+01,2.419319e+01,2.440226e+01,2.445614e+01,2.445614e+01,2.435509e+01,2.445614e+01,2.442247e+01,2.446288e+01,2.447635e+01,2.454365e+01,2.449654e+01,2.448981e+01,2.444268e+01,2.446288e+01,2.449654e+01,2.442921e+01,2.434835e+01,2.444941e+01,2.456383e+01,2.442921e+01,2.450327e+01,2.448981e+01,2.444941e+01,2.451673e+01,2.442921e+01,2.448981e+01,2.443594e+01,2.458401e+01,2.446961e+01,2.451000e+01,2.448308e+01,2.449654e+01,2.458401e+01,2.445614e+01,2.445614e+01,2.441573e+01,2.447635e+01,2.438205e+01,2.457728e+01,2.459746e+01,2.435509e+01,2.434161e+01,2.385510e+01,2.382801e+01,2.380768e+01,2.381446e+01,2.379413e+01,2.371277e+01,2.369921e+01,2.365172e+01,2.366529e+01,2.363814e+01,2.366529e+01,2.365850e+01,2.365850e+01,2.373312e+01,2.408512e+01,2.428092e+01,2.417969e+01,2.453692e+01,2.454365e+01,2.448308e+01,2.445614e+01,2.415943e+01,2.451673e+01,2.413242e+01,2.408512e+01,2.397018e+01,2.382123e+01,2.420670e+01,2.430790e+01,2.422694e+01,2.447635e+01,2.444941e+01,2.440226e+01,2.431464e+01,2.443594e+01,2.446288e+01,2.443594e+01,2.444268e+01,2.437531e+01,2.425393e+01,2.431464e+01,2.437531e+01,2.436183e+01,2.445614e+01,2.440226e+01,2.435509e+01,2.437531e+01,2.439552e+01,2.402428e+01,2.436857e+01,2.438205e+01,2.427417e+01,2.430115e+01,2.427417e+01,2.407161e+01,2.429441e+01
2.426068e+01,2.416619e+01,2.417969e+01,2.431464e+01,2.416619e+01,2.422019e+01,2.420670e+01,2.413917e+01,2.437531e+01,2.439552e+01,2.426068e+01,2.424719e+01,2.436857e+01,2.422019e+01,2.436857e+01,2.422694e+01,2.434835e+01,2.434835e+01,2.424719e+01,2.426068e+01,2.438205e+01,2.439552e+01,2.415943e+01,2.434835e+01,2.436183e+01,2.434835e+01,2.449654e+01,2.436857e+01,2.442921e+01,2.443594e+01,2.440900e+01,2.438878e+01,2.438878e+01,2.436183e+01,2.440226e+01,2.438878e+01,2.438878e+01,2.452346e+01,2.439552e+01,2.431464e+01,2.440900e+01,2.440900e+01,2.436857e+01,2.433487e+01,2.444941e+01,2.432138e+01,2.444268e+01,2.442247e+01,2.440226e+01,2.432138e+01,2.443594e+01,2.434161e+01,2.440226e+01,2.430790e+01,2.440226e+01,2.441573e+01,2.442921e+01,2.440900e+01,2.443594e+01,2.456383e+01,2.433487e+01,2.448981e+01,2.440900e+01,2.453019e+01,2.439552e+01,2.452346e+01,2.444941e+01,2.454365e+01,2.445614e+01,2.443594e+01,2.445614e+01,2.445614e+01,2.443594e+01,2.442921e+01,2.438205e+01,2.442921e+01,2.436857e+01,2.434835e+01,2.440226e+01,2.429441e+01,2.430790e+01,2.433487e+01,2.435509e+01,2.419994e+01,2.376024e+01,2.405133e+01,2.415943e+01,2.434161e+01,2.432812e+01,2.441573e+01,2.435509e+01,2.432812e+01,2.437531e+01,2.438205e+01,2.438878e+01,2.431464e+01,2.433487e+01,2.435509e+01,2.436857e+01,2.442921e+01,2.430790e+01,2.444941e+01,2.439552e+01,2.434161e+01,2.440900e+01,2.432138e+01,2.436857e+01,2.428092e+01,2.427417e+01,2.436183e+01,2.445614e+01,2.426068e+01,2.435509e+01,2.434161e+01,2.433487e+01,2.436183e+01,2.432138e+01,2.436857e+01,2.437531e+01,2.434161e+01,2.444268e+01,2.444268e+01,2.439552e+01,2.444941e+01,2.444268e+01,2.444941e+01,2.434835e+01,2.438205e+01,2.437531e+01,2.442921e+01,2.440900e+01,2.440900e+01,2.434835e+01,2.440226e+01,2.432138e+01,2.440900e+01,2.433487e+01,2.446288e+01,2.442247e+01,2.443594e+01,2.444941e+01,2.447635e+01,2.453692e+01,2.450327e+01,2.451673e+01,2.451000e+01,2.448981e+01,2.452346e+01,2.446288e+01,2.451000e+01,2.444268e+01,2.442921e+01,2.453019e+01,2.446288e+01,2.444268e+01,2.446961e+01,2.440900e+01,2.447635e+01,2.452346e+01,2.463108e+01,2.452346e+01,2.445614e+01,2.455710e+01,2.453019e+01,2.454365e+01,2.465796e+01,2.460419e+01,2.455038e+01,2.455038e+01,2.454365e+01,2.455038e+01,2.446961e+01,2.455710e+01,2.454365e+01,2.457056e+01,2.446961e+01,2.459746e+01,2.459746e+01,2.446961e+01,2.455038e+01,2.456383e+01,2.454365e+01,2.457728e+01,2.444268e+01,2.463780e+01,2.451000e+01,2.463780e+01,2.452346e+01,2.453692e+01,2.455038e+01,2.461091e+01,2.442921e+01,2.442247e+01,2.442247e+01,2.455038e+01,2.452346e+01,2.459073e+01,2.453019e+01,2.447635e+01,2.450327e+01,2.457056e+01,2.456383e+01,2.455710e+01,2.459073e+01,2.453019e+01,2.459746e+01,2.455038e+01,2.437531e+01,2.454365e+01,2.453019e+01,2.447635e+01,2.449654e+01,2.449654e+01,2.446288e+01,2.452346e+01,2.452346e+01,2.440900e+01,2.437531e+01,2.455710e+01,2.448308e+01,2.444941e+01,2.444268e+01,2.446961e+01,2.449654e+01,2.444268e+01,2.443594e+01,2.437531e+01,2.444941e+01,2.444268e+01,2.446288e+01,2.450327e+01,2.448981e+01,2.444941e+01,2.443594e+01,2.442247e+01,2.447635e+01,2.443594e+01,2.438878e+01,2.442247e+01,2.449654e+01,2.442247e+01,2.447635e+01,2.434835e+01,2.423369e+01,2.435509e+01,2.444268e+01,2.449654e+01,2.444941e+01,2.434835e+01,2.434161e+01,2.436857e+01,2.437531e+01,2.428766e+01,2.448308e+01,2.442921e+01,2.448308e+01,2.438878e+01,2.448308e+01,2.433487e+01,2.433487e+01,2.434161e+01,2.436183e+01,2.433487e+01,2.434835e+01,2.438205e+01,2.424719e+01,2.433487e+01,2.439552e+01,2.433487e+01,2.436183e+01,2.436183e+01,2.438878e+01,2.438878e+01,2.441573e+01,2.434835e+01,2.434835e+01,2.419994e+01,2.432138e+01,2.424719e+01,2.424044e+01,2.428092e+01,2.426743e+01,2.432138e+01,2.476544e+01,2.532790e+01,2.430115e+01,2.379413e+01,2.390250e+01,2.538131e+01,2.633149e+01,2.561466e+01,2.472515e+01,2.466469e+01,2.385510e+01,2.384833e+01,2.356346e+01,2.347513e+01,2.342753e+01,2.354987e+01,2.346833e+01,2.344113e+01,2.337311e+01,2.336630e+01,2.337991e+01,2.347513e+01,2.346153e+01,2.350911e+01,2.348192e+01,2.343433e+01,2.348872e+01,2.346153e+01,2.347513e+01,2.361778e+01,2.361778e+01,2.371277e+01,2.411215e+01,2.408512e+01,2.419319e+01,2.496667e+01,2.466469e+01,2.388896e+01,2.393634e+01,2.358383e+01,2.325737e+01,2.325056e+01,2.315514e+01,2.357025e+01,2.396341e+01,2.415943e+01,2.417294e+01,2.386865e+01,2.381446e+01,2.391604e+01,2.390927e+01,2.430115e+01,2.405133e+01,2.415268e+01,2.409188e+01,2.385510e+01,2.369242e+01,2.345473e+01,2.344793e+01,2.369242e+01,2.347513e+01,2.336630e+01,2.344113e+01,2.339352e+01,2.335269e+01,2.346833e+01,2.373312e+01,2.405133e+01,2.377380e+01,2.378057e+01,2.378057e+01,2.378735e+01,2.379413e+01,2.469828e+01,2.563464e+01,2.530787e+01,2.403105e+01,2.341393e+01,2.327780e+01,2.314150e+01,2.304598e+01,2.318923e+01,2.327780e+01,2.326418e+01,2.316195e+01,2.314150e+01,2.318241e+01,2.321649e+01,2.369242e+01,2.424719e+01,2.538799e+01,2.627855e+01,2.611960e+01,2.514744e+01,2.418644e+01,2.351590e+01,2.364493e+01,2.370599e+01,2.374668e+01,2.363136e+01,2.376702e+01,2.448308e+01,2.471844e+01,2.433487e+01,2.432138e+01,2.423369e+01,2.415943e+01,2.432138e+01,2.417294e+01,2.424044e+01,2.417969e+01,2.421344e+01,2.422019e+01,2.417294e+01,2.418644e+01,2.419319e+01,2.419319e+01,2.428092e+01,2.426068e+01,2.417969e+01,2.421344e+01,2.431464e+01,2.427417e+01,2.417294e+01,2.421344e+01,2.419319e+01,2.417969e+01,2.418644e+01,2.415943e+01,2.414593e+01,2.404457e+01,2.418644e+01,2.412566e+01,2.423369e+01,2.412566e+01,2.415268e+01,2.424044e+01,2.419319e+01,2.422694e+01,2.414593e+01,2.411891e+01,2.411215e+01,2.422694e+01,2.422694e+01,2.438878e+01,2.439552e+01,2.451673e+01,2.485940e+01,2.515413e+01,2.525442e+01,2.556804e+01,2.560800e+01,2.586079e+01,2.587408e+01,2.588736e+01,2.590729e+01,2.590729e+01,2.578768e+01,2.582756e+01,2.580762e+01,2.574778e+01,2.578103e+01,2.592721e+01,2.576108e+01,2.588072e+01,2.570786e+01,2.582092e+01,2.574113e+01,2.574778e+01,2.576773e+01,2.575443e+01,2.568790e+01,2.567459e+01,2.566793e+01,2.567459e+01,2.564796e+01,2.562798e+01,2.558802e+01,2.555471e+01,2.552805e+01,2.553472e+01,2.549472e+01,2.560134e+01,2.540801e+01,2.544137e+01,2.551472e+01,2.548805e+01,2.518088e+01,2.528782e+01,2.510060e+01,2.532790e+01,2.502026e+01,2.503366e+01,2.506044e+01,2.493316e+01,2.476544e+01,2.485269e+01,2.477887e+01,2.478558e+01,2.470500e+01,2.471172e+01,2.471172e+01,2.468484e+01,2.444941e+01,2.448308e+01,2.461091e+01,2.452346e+01,2.434161e+01,2.430115e+01,2.429441e+01,2.426068e+01,2.412566e+01,2.408512e+01,2.411215e+01,2.409188e+01,2.386187e+01,2.383478e+01,2.379413e+01,2.359062e+01,2.364493e+01,2.361099e+01,2.341393e+01,2.350911e+01,2.343433e+01,2.322330e+01,2.331866e+01,2.328461e+01,2.338672e+01,2.339352e+01,2.326418e+01,2.341393e+01,2.347513e+01,2.354987e+01,2.346833e+01,2.343433e+01,2.353629e+01,2.348192e+01,2.347513e+01,2.347513e+01,2.363136e+01,2.352270e+01,2.350231e+01,2.354308e+01,2.355667e+01,2.352270e+01,2.348872e+01,2.347513e+01,2.343433e+01,2.342753e+01,2.340032e+01,2.347513e+01,2.331866e+01,2.325737e+01,2.337991e+01,2.323693e+01,2.328461e+01,2.340032e+01,2.357704e+01,2.415943e+01,2.440900e+01,2.444268e+01,2.440900e+01,2.444941e+01,2.445614e+01,2.442921e+01,2.450327e+01,2.460419e+01,2.446961e+01,2.442247e+01,2.451673e+01,2.438878e+01,2.444941e+01,2.457728e+01,2.440900e+01,2.434835e+01,2.444941e+01,2.444941e+01,2.441573e+01,2.443594e+01,2.441573e+01,2.456383e+01,2.451000e+01,2.442247e+01,2.446288e+01,2.446961e+01,2.453019e+01,2.451000e+01,2.449654e+01,2.447635e+01,2.453692e+01,2.451000e+01,2.450327e+01,2.447635e+01,2.451000e+01,2.445614e+01,2.439552e+01,2.459073e+01,2.449654e+01,2.459073e+01,2.444268e+01,2.418644e+01,2.409864e+01,2.411891e+01,2.397018e+01,2.391604e+01,2.393634e+01,2.383478e+01,2.380768e+01,2.380091e+01,2.373990e+01,2.372634e+01,2.370599e+01,2.374668e+01,2.363136e+01,2.384155e+01,2.399047e+01,2.425393e+01,2.432812e+01,2.455038e+01,2.453692e+01,2.452346e+01,2.434161e+01,2.409188e+01,2.409188e+01,2.397694e+01,2.384833e+01,2.380091e+01,2.368564e+01,2.389573e+01,2.424719e+01,2.434835e+01,2.444268e+01,2.448308e+01,2.436857e+01,2.435509e+01,2.440900e+01,2.440900e+01,2.441573e+01,2.445614e+01,2.439552e+01,2.432812e+01,2.436183e+01,2.436183e+01,2.438205e+01,2.430790e+01,2.438205e+01,2.435509e+01,2.437531e+01,2.437531e+01,2.431464e+01,2.430790e+01,2.435509e+01,2.428766e+01,2.430790e+01,2.424719e+01,2.428092e+01,2.432138e+01
2.429441e+01,2.427417e+01,2.420670e+01,2.418644e+01,2.426068e+01,2.428092e+01,2.427417e+01,2.419319e+01,2.425393e+01,2.432138e+01,2.438205e+01,2.426743e+01,2.433487e+01,2.426743e+01,2.434835e+01,2.423369e+01,2.424044e+01,2.422019e+01,2.433487e+01,2.441573e+01,2.432138e+01,2.441573e+01,2.436857e+01,2.441573e+01,2.434835e+01,2.435509e+01,2.435509e+01,2.438205e+01,2.428092e+01,2.444268e+01,2.443594e+01,2.437531e+01,2.442247e+01,2.444941e+01,2.438878e+01,2.435509e+01,2.434161e+01,2.434835e+01,2.431464e+01,2.431464e+01,2.435509e+01,2.442247e+01,2.435509e+01,2.436857e+01,2.439552e+01,2.443594e+01,2.443594e+01,2.436857e+01,2.444268e+01,2.442247e+01,2.430115e+01,2.434835e+01,2.440900e+01,2.444268e+01,2.442921e+01,2.442247e+01,2.442921e+01,2.436857e+01,2.442247e+01,2.434161e+01,2.436183e+01,2.436183e+01,2.436857e+01,2.448308e+01,2.442921e+01,2.463108e+01,2.444941e+01,2.436857e+01,2.446961e+01,2.444941e+01,2.444268e+01,2.444268e+01,2.452346e+01,2.446961e+01,2.442921e+01,2.438878e+01,2.440226e+01,2.442921e+01,2.437531e+01,2.428092e+01,2.429441e+01,2.440900e+01,2.434835e+01,2.419319e+01,2.403781e+01,2.373990e+01,2.417294e+01,2.422694e+01,2.436857e+01,2.432812e+01,2.434835e+01,2.434835e+01,2.450327e+01,2.438878e+01,2.430115e+01,2.425393e+01,2.434161e+01,2.432138e+01,2.437531e+01,2.435509e+01,2.430790e+01,2.428092e+01,2.434161e+01,2.429441e+01,2.440226e+01,2.426068e+01,2.438205e+01,2.448308e+01,2.433487e+01,2.427417e+01,2.426743e+01,2.426743e+01,2.434835e+01,2.428766e+01,2.429441e+01,2.439552e+01,2.440226e+01,2.436183e+01,2.423369e+01,2.428766e+01,2.446288e+01,2.445614e+01,2.422019e+01,2.438878e+01,2.426743e+01,2.442921e+01,2.415268e+01,2.440226e+01,2.440226e+01,2.442921e+01,2.442921e+01,2.438205e+01,2.439552e+01,2.448308e+01,2.441573e+01,2.429441e+01,2.446288e+01,2.444941e+01,2.433487e+01,2.442921e+01,2.442921e+01,2.444941e+01,2.451673e+01,2.440226e+01,2.440226e+01,2.438205e+01,2.438878e+01,2.443594e+01,2.441573e+01,2.444268e+01,2.444268e+01,2.445614e+01,2.446961e+01,2.438205e+01,2.453692e+01,2.454365e+01,2.444268e+01,2.460419e+01,2.440900e+01,2.446288e+01,2.451000e+01,2.456383e+01,2.440900e+01,2.461763e+01,2.453019e+01,2.453692e+01,2.453692e+01,2.451673e+01,2.451000e+01,2.434835e+01,2.452346e+01,2.448981e+01,2.455038e+01,2.457056e+01,2.458401e+01,2.445614e+01,2.445614e+01,2.448981e+01,2.452346e+01,2.455038e+01,2.446288e+01,2.453692e+01,2.448308e+01,2.454365e+01,2.450327e+01,2.447635e+01,2.451673e+01,2.451000e+01,2.452346e+01,2.458401e+01,2.454365e+01,2.463780e+01,2.442247e+01,2.455710e+01,2.464452e+01,2.455710e+01,2.450327e+01,2.451000e+01,2.463108e+01,2.455038e+01,2.461091e+01,2.455038e+01,2.455710e+01,2.459073e+01,2.459073e+01,2.451000e+01,2.458401e+01,2.457728e+01,2.446288e+01,2.459746e+01,2.455710e+01,2.449654e+01,2.455038e+01,2.448308e+01,2.453692e+01,2.446961e+01,2.455038e+01,2.441573e+01,2.453692e+01,2.445614e+01,2.442247e+01,2.451673e+01,2.445614e+01,2.450327e+01,2.444268e+01,2.446288e+01,2.438878e+01,2.459073e+01,2.444941e+01,2.444268e+01,2.444268e+01,2.448308e+01,2.451673e+01,2.444268e+01,2.444268e+01,2.444941e+01,2.441573e+01,2.438205e+01,2.458401e+01,2.440226e+01,2.422019e+01,2.440900e+01,2.424719e+01,2.427417e+01,2.426743e+01,2.434161e+01,2.438205e+01,2.436183e+01,2.441573e+01,2.433487e+01,2.434161e+01,2.435509e+01,2.444268e+01,2.426743e+01,2.438878e+01,2.443594e+01,2.440226e+01,2.436857e+01,2.434835e+01,2.437531e+01,2.434161e+01,2.431464e+01,2.432812e+01,2.433487e+01,2.433487e+01,2.436183e+01,2.427417e+01,2.417969e+01,2.432138e+01,2.434835e+01,2.435509e+01,2.433487e+01,2.434161e+01,2.438878e+01,2.436183e+01,2.436183e+01,2.429441e+01,2.425393e+01,2.427417e+01,2.437531e+01,2.435509e+01,2.438878e+01,2.436857e+01,2.477887e+01,2.500017e+01,2.395664e+01,2.392281e+01,2.434835e+01,2.506044e+01,2.474530e+01,2.432138e+01,2.435509e+01,2.464452e+01,2.416619e+01,2.382801e+01,2.348192e+01,2.356346e+01,2.344793e+01,2.342073e+01,2.342073e+01,2.344113e+01,2.344113e+01,2.331866e+01,2.327780e+01,2.340032e+01,2.344793e+01,2.335269e+01,2.348192e+01,2.360420e+01,2.350911e+01,2.348192e+01,2.347513e+01,2.354987e+01,2.362457e+01,2.367886e+01,2.411891e+01,2.482585e+01,2.574113e+01,2.533458e+01,2.419319e+01,2.409188e+01,2.471844e+01,2.420670e+01,2.332547e+01,2.319604e+01,2.348192e+01,2.382123e+01,2.407837e+01,2.388219e+01,2.407837e+01,2.388219e+01,2.385510e+01,2.384155e+01,2.404457e+01,2.436183e+01,2.458401e+01,2.458401e+01,2.421344e+01,2.384155e+01,2.418644e+01,2.409864e+01,2.363814e+01,2.371277e+01,2.373312e+01,2.372634e+01,2.335950e+01,2.333228e+01,2.339352e+01,2.346153e+01,2.357025e+01,2.371277e+01,2.361099e+01,2.360420e+01,2.363136e+01,2.361099e+01,2.367207e+01,2.373990e+01,2.480572e+01,2.501357e+01,2.463780e+01,2.337311e+01,2.316877e+01,2.308010e+01,2.315514e+01,2.327780e+01,2.324374e+01,2.315514e+01,2.316195e+01,2.320286e+01,2.315514e+01,2.314832e+01,2.337311e+01,2.346153e+01,2.367886e+01,2.394988e+01,2.413917e+01,2.400400e+01,2.389573e+01,2.346153e+01,2.350911e+01,2.340713e+01,2.357704e+01,2.371956e+01,2.353629e+01,2.358383e+01,2.407837e+01,2.411891e+01,2.416619e+01,2.415943e+01,2.423369e+01,2.415268e+01,2.414593e+01,2.423369e+01,2.419319e+01,2.421344e+01,2.420670e+01,2.419319e+01,2.415943e+01,2.420670e+01,2.419319e+01,2.418644e+01,2.411215e+01,2.424044e+01,2.423369e+01,2.422019e+01,2.424044e+01,2.422019e+01,2.424719e+01,2.419319e+01,2.415943e+01,2.419994e+01,2.432812e+01,2.410540e+01,2.405133e+01,2.414593e+01,2.401752e+01,2.412566e+01,2.413242e+01,2.420670e+01,2.413917e+01,2.415943e+01,2.413917e+01,2.408512e+01,2.411891e+01,2.411215e+01,2.412566e+01,2.416619e+01,2.427417e+01,2.428766e+01,2.465796e+01,2.457728e+01,2.487281e+01,2.531454e+01,2.558136e+01,2.566127e+01,2.580762e+01,2.565462e+01,2.573447e+01,2.569455e+01,2.564130e+01,2.555471e+01,2.559468e+01,2.550139e+01,2.560134e+01,2.545471e+01,2.564130e+01,2.564796e+01,2.568790e+01,2.562132e+01,2.572782e+01,2.573447e+01,2.562132e+01,2.572117e+01,2.562798e+01,2.565462e+01,2.567459e+01,2.570121e+01,2.563464e+01,2.564130e+01,2.558802e+01,2.560800e+01,2.557470e+01,2.559468e+01,2.555471e+01,2.550805e+01,2.553472e+01,2.532122e+01,2.541468e+01,2.541468e+01,2.531454e+01,2.524105e+01,2.508052e+01,2.507383e+01,2.512068e+01,2.509391e+01,2.513406e+01,2.477216e+01,2.499347e+01,2.497337e+01,2.477216e+01,2.463780e+01,2.476544e+01,2.475201e+01,2.469156e+01,2.468484e+01,2.468484e+01,2.448981e+01,2.443594e+01,2.450327e+01,2.443594e+01,2.433487e+01,2.425393e+01,2.430790e+01,2.417969e+01,2.424719e+01,2.403781e+01,2.403105e+01,2.382801e+01,2.383478e+01,2.378735e+01,2.365850e+01,2.368564e+01,2.363814e+01,2.351590e+01,2.335950e+01,2.333908e+01,2.335950e+01,2.325737e+01,2.323693e+01,2.316195e+01,2.325056e+01,2.330504e+01,2.342753e+01,2.335950e+01,2.332547e+01,2.333908e+01,2.336630e+01,2.331185e+01,2.350231e+01,2.346833e+01,2.347513e+01,2.348872e+01,2.346833e+01,2.350911e+01,2.365172e+01,2.353629e+01,2.352270e+01,2.352270e+01,2.357704e+01,2.344113e+01,2.348192e+01,2.344113e+01,2.345473e+01,2.331185e+01,2.327780e+01,2.318241e+01,2.329823e+01,2.312786e+01,2.323693e+01,2.351590e+01,2.391604e+01,2.407161e+01,2.445614e+01,2.437531e+01,2.442921e+01,2.454365e+01,2.442921e+01,2.444941e+01,2.446961e+01,2.440900e+01,2.448981e+01,2.432138e+01,2.448981e+01,2.444268e+01,2.456383e+01,2.447635e+01,2.440900e+01,2.452346e+01,2.443594e+01,2.448981e+01,2.451673e+01,2.418644e+01,2.444941e+01,2.440226e+01,2.444268e+01,2.444268e+01,2.448308e+01,2.440900e+01,2.457056e+01,2.459746e+01,2.451673e+01,2.449654e+01,2.451000e+01,2.456383e+01,2.446961e+01,2.450327e+01,2.451673e+01,2.445614e+01,2.458401e+01,2.456383e+01,2.455038e+01,2.453019e+01,2.455038e+01,2.453019e+01,2.444941e+01,2.426743e+01,2.411215e+01,2.431464e+01,2.411215e+01,2.390927e+01,2.413242e+01,2.390250e+01,2.400400e+01,2.377380e+01,2.373990e+01,2.361099e+01,2.377380e+01,2.373312e+01,2.399723e+01,2.436183e+01,2.436857e+01,2.469156e+01,2.431464e+01,2.450327e+01,2.432812e+01,2.433487e+01,2.409864e+01,2.394988e+01,2.383478e+01,2.370599e+01,2.367886e+01,2.382123e+01,2.429441e+01,2.433487e+01,2.442921e+01,2.442921e+01,2.451673e+01,2.436857e+01,2.436857e+01,2.438878e+01,2.432138e+01,2.426743e+01,2.444268e+01,2.434835e+01,2.433487e+01,2.440900e+01,2.434835e+01,2.433487e+01,2.433487e+01,2.440900e+01,2.434835e+01,2.426068e+01,2.434835e+01,2.434161e+01,2.434161e+01,2.430115e+01,2.431464e+01,2.432138e+01,2.446288e+01,2.428766e+01
2.430115e+01,2.426743e+01,2.416619e+01,2.425393e+01,2.424719e+01,2.422694e+01,2.428092e+01,2.427417e+01,2.417294e+01,2.430115e+01,2.433487e+01,2.424719e+01,2.428092e+01,2.430790e+01,2.426068e+01,2.430115e+01,2.418644e+01,2.422019e+01,2.424719e+01,2.426743e+01,2.428766e+01,2.430790e+01,2.424044e+01,2.434161e+01,2.433487e+01,2.415268e+01,2.436857e+01,2.436183e+01,2.434161e+01,2.432812e+01,2.438878e+01,2.438205e+01,2.436183e+01,2.437531e+01,2.432812e+01,2.440226e+01,2.451673e+01,2.440226e+01,2.448308e+01,2.436857e+01,2.434835e+01,2.450327e+01,2.451000e+01,2.434835e+01,2.433487e+01,2.443594e+01,2.437531e+01,2.447635e+01,2.444941e+01,2.443594e+01,2.443594e+01,2.447635e+01,2.438205e+01,2.444268e+01,2.435509e+01,2.444941e+01,2.442247e+01,2.440900e+01,2.448981e+01,2.450327e+01,2.438205e+01,2.436183e+01,2.438205e+01,2.444941e+01,2.438205e+01,2.449654e+01,2.448308e+01,2.445614e+01,2.446288e+01,2.443594e+01,2.437531e+01,2.447635e+01,2.444268e+01,2.440900e+01,2.451000e+01,2.436857e+01,2.440226e+01,2.438205e+01,2.425393e+01,2.448981e+01,2.428092e+01,2.427417e+01,2.446961e+01,2.430790e+01,2.407837e+01,2.376702e+01,2.401752e+01,2.417969e+01,2.430790e+01,2.435509e+01,2.436183e+01,2.436857e+01,2.436857e+01,2.437531e+01,2.428766e+01,2.431464e+01,2.456383e+01,2.431464e+01,2.431464e+01,2.442921e+01,2.430115e+01,2.432812e+01,2.444268e+01,2.432138e+01,2.444941e+01,2.438878e+01,2.439552e+01,2.424719e+01,2.424044e+01,2.434835e+01,2.424044e+01,2.426743e+01,2.431464e+01,2.434161e+01,2.426068e+01,2.420670e+01,2.434161e+01,2.434161e+01,2.434835e+01,2.422019e+01,2.423369e+01,2.428766e+01,2.439552e+01,2.438878e+01,2.440226e+01,2.444941e+01,2.437531e+01,2.438205e+01,2.440900e+01,2.430790e+01,2.459073e+01,2.422694e+01,2.434161e+01,2.429441e+01,2.431464e+01,2.437531e+01,2.442247e+01,2.443594e+01,2.435509e+01,2.445614e+01,2.444268e+01,2.445614e+01,2.442247e+01,2.438878e+01,2.436857e+01,2.438878e+01,2.441573e+01,2.447635e+01,2.448981e+01,2.447635e+01,2.448981e+01,2.442247e+01,2.446288e+01,2.440900e+01,2.445614e+01,2.442921e+01,2.441573e+01,2.448308e+01,2.450327e+01,2.451000e+01,2.451000e+01,2.458401e+01,2.456383e+01,2.450327e+01,2.449654e+01,2.442921e+01,2.448981e+01,2.451000e+01,2.454365e+01,2.453692e+01,2.461091e+01,2.442921e+01,2.455710e+01,2.447635e+01,2.457056e+01,2.454365e+01,2.450327e+01,2.453019e+01,2.454365e+01,2.452346e+01,2.449654e+01,2.455038e+01,2.454365e+01,2.451000e+01,2.452346e+01,2.451673e+01,2.450327e+01,2.449654e+01,2.458401e+01,2.453692e+01,2.448981e+01,2.457056e+01,2.444941e+01,2.444941e+01,2.452346e+01,2.453692e+01,2.446961e+01,2.455710e+01,2.455038e+01,2.445614e+01,2.445614e+01,2.446288e+01,2.446961e+01,2.461091e+01,2.453692e+01,2.457728e+01,2.455710e+01,2.446288e+01,2.450327e+01,2.451000e+01,2.455038e+01,2.452346e+01,2.448981e+01,2.449654e+01,2.449654e+01,2.448308e+01,2.453692e+01,2.448308e+01,2.443594e+01,2.457056e+01,2.448981e+01,2.445614e+01,2.451673e+01,2.446961e+01,2.443594e+01,2.430115e+01,2.443594e+01,2.444268e+01,2.461763e+01,2.444941e+01,2.426743e+01,2.457056e+01,2.440226e+01,2.442247e+01,2.434835e+01,2.437531e+01,2.438205e+01,2.436857e+01,2.442921e+01,2.438205e+01,2.440900e+01,2.438878e+01,2.441573e+01,2.437531e+01,2.440900e+01,2.434161e+01,2.448308e+01,2.438205e+01,2.442247e+01,2.440226e+01,2.448308e+01,2.434161e+01,2.435509e+01,2.432812e+01,2.424044e+01,2.438878e+01,2.432812e+01,2.437531e+01,2.430790e+01,2.432812e+01,2.432812e+01,2.433487e+01,2.432138e+01,2.438205e+01,2.436183e+01,2.436183e+01,2.438205e+01,2.434835e+01,2.436183e+01,2.428092e+01,2.434835e+01,2.435509e+01,2.437531e+01,2.435509e+01,2.432812e+01,2.438878e+01,2.421344e+01,2.422694e+01,2.436183e+01,2.426743e+01,2.426743e+01,2.426743e+01,2.426068e+01,2.446288e+01,2.425393e+01,2.367207e+01,2.375346e+01,2.393634e+01,2.419319e+01,2.403105e+01,2.404457e+01,2.403105e+01,2.420670e+01,2.402428e+01,2.384833e+01,2.357025e+01,2.349552e+01,2.344113e+01,2.344113e+01,2.346833e+01,2.363136e+01,2.348192e+01,2.331866e+01,2.320286e+01,2.348192e+01,2.336630e+01,2.349552e+01,2.348192e+01,2.350231e+01,2.357704e+01,2.357025e+01,2.350231e+01,2.369921e+01,2.410540e+01,2.411891e+01,2.413242e+01,2.495997e+01,2.574113e+01,2.576108e+01,2.465124e+01,2.432812e+01,2.531454e+01,2.446288e+01,2.372634e+01,2.376024e+01,2.422019e+01,2.389573e+01,2.359741e+01,2.359741e+01,2.384833e+01,2.379413e+01,2.384833e+01,2.397694e+01,2.438205e+01,2.500017e+01,2.596041e+01,2.615936e+01,2.489964e+01,2.422019e+01,2.461763e+01,2.448308e+01,2.394988e+01,2.389573e+01,2.393634e+01,2.391604e+01,2.345473e+01,2.335269e+01,2.337991e+01,2.342073e+01,2.371956e+01,2.365850e+01,2.368564e+01,2.378057e+01,2.377380e+01,2.374668e+01,2.344793e+01,2.346833e+01,2.346153e+01,2.342753e+01,2.362457e+01,2.334589e+01,2.318923e+01,2.301867e+01,2.322330e+01,2.350231e+01,2.332547e+01,2.335950e+01,2.335950e+01,2.330504e+01,2.331866e+01,2.337311e+01,2.342753e+01,2.342753e+01,2.342073e+01,2.343433e+01,2.368564e+01,2.365172e+01,2.359062e+01,2.351590e+01,2.348192e+01,2.353629e+01,2.345473e+01,2.335269e+01,2.355667e+01,2.356346e+01,2.373990e+01,2.411215e+01,2.410540e+01,2.411891e+01,2.414593e+01,2.400400e+01,2.409188e+01,2.413242e+01,2.411215e+01,2.412566e+01,2.409864e+01,2.415943e+01,2.419319e+01,2.420670e+01,2.419994e+01,2.428092e+01,2.417969e+01,2.414593e+01,2.420670e+01,2.429441e+01,2.424719e+01,2.417294e+01,2.420670e+01,2.416619e+01,2.413917e+01,2.417969e+01,2.418644e+01,2.410540e+01,2.414593e+01,2.412566e+01,2.407161e+01,2.407837e+01,2.411891e+01,2.424719e+01,2.416619e+01,2.415943e+01,2.412566e+01,2.406485e+01,2.415268e+01,2.409188e+01,2.415268e+01,2.411215e+01,2.409188e+01,2.418644e+01,2.436857e+01,2.471172e+01,2.486610e+01,2.526110e+01,2.554138e+01,2.562132e+01,2.550139e+01,2.564130e+01,2.544804e+01,2.560800e+01,2.555471e+01,2.554804e+01,2.534793e+01,2.510060e+01,2.505375e+01,2.512737e+01,2.517419e+01,2.544804e+01,2.547471e+01,2.544137e+01,2.543469e+01,2.560800e+01,2.540801e+01,2.539466e+01,2.560134e+01,2.560800e+01,2.560134e+01,2.554804e+01,2.551472e+01,2.548805e+01,2.550139e+01,2.538131e+01,2.560800e+01,2.554804e+01,2.542135e+01,2.535461e+01,2.538131e+01,2.530787e+01,2.528115e+01,2.533458e+01,2.536129e+01,2.511399e+01,2.512068e+01,2.500687e+01,2.495326e+01,2.504705e+01,2.496667e+01,2.501357e+01,2.488622e+01,2.477887e+01,2.470500e+01,2.478558e+01,2.452346e+01,2.450327e+01,2.446961e+01,2.440226e+01,2.447635e+01,2.456383e+01,2.441573e+01,2.449654e+01,2.444268e+01,2.440900e+01,2.428092e+01,2.427417e+01,2.409864e+01,2.419319e+01,2.384833e+01,2.382801e+01,2.384833e+01,2.371956e+01,2.366529e+01,2.368564e+01,2.359062e+01,2.359741e+01,2.335950e+01,2.333908e+01,2.338672e+01,2.330504e+01,2.321649e+01,2.324374e+01,2.320286e+01,2.323012e+01,2.332547e+01,2.330504e+01,2.335269e+01,2.332547e+01,2.340032e+01,2.331185e+01,2.345473e+01,2.346833e+01,2.347513e+01,2.342073e+01,2.338672e+01,2.337991e+01,2.346153e+01,2.355667e+01,2.350911e+01,2.357704e+01,2.351590e+01,2.350231e+01,2.348872e+01,2.346833e+01,2.345473e+01,2.346833e+01,2.332547e+01,2.347513e+01,2.330504e+01,2.324374e+01,2.326418e+01,2.322330e+01,2.375346e+01,2.401076e+01,2.422019e+01,2.440226e+01,2.437531e+01,2.442921e+01,2.440900e+01,2.441573e+01,2.448308e+01,2.443594e+01,2.444941e+01,2.453019e+01,2.446961e+01,2.445614e+01,2.432812e+01,2.448308e+01,2.442247e+01,2.444268e+01,2.444941e+01,2.450327e+01,2.451673e+01,2.448981e+01,2.451673e+01,2.451673e+01,2.449654e+01,2.446961e+01,2.463108e+01,2.446288e+01,2.444268e+01,2.442921e+01,2.444941e+01,2.458401e+01,2.440226e+01,2.440226e+01,2.441573e+01,2.442247e+01,2.444941e+01,2.444941e+01,2.457728e+01,2.459073e+01,2.449654e+01,2.461763e+01,2.445614e+01,2.451673e+01,2.457056e+01,2.441573e+01,2.434835e+01,2.436857e+01,2.430790e+01,2.432812e+01,2.415943e+01,2.426068e+01,2.419994e+01,2.405133e+01,2.397694e+01,2.390250e+01,2.373990e+01,2.360420e+01,2.386865e+01,2.382123e+01,2.424044e+01,2.432812e+01,2.430790e+01,2.426068e+01,2.451673e+01,2.447635e+01,2.441573e+01,2.440226e+01,2.401076e+01,2.388219e+01,2.373312e+01,2.369242e+01,2.378735e+01,2.399047e+01,2.445614e+01,2.428092e+01,2.439552e+01,2.438205e+01,2.438205e+01,2.448981e+01,2.444941e+01,2.438878e+01,2.432812e+01,2.435509e+01,2.442247e+01,2.422019e+01,2.430790e+01,2.436857e+01,2.433487e+01,2.434161e+01,2.429441e+01,2.436183e+01,2.426068e+01,2.422019e+01,2.424044e+01,2.424719e+01,2.426068e+01,2.421344e+01,2.413917e+01,2.422694e+01,2.422019e+01
2.428092e+01,2.410540e+01,2.422019e+01,2.424044e+01,2.427417e+01,2.415268e+01,2.413242e+01,2.429441e+01,2.426743e+01,2.427417e+01,2.426068e+01,2.422694e+01,2.430790e+01,2.419319e+01,2.420670e+01,2.432812e+01,2.436183e+01,2.428092e+01,2.432138e+01,2.419994e+01,2.423369e+01,2.425393e+01,2.431464e+01,2.428766e+01,2.436183e+01,2.434835e+01,2.444268e+01,2.438878e+01,2.433487e+01,2.440226e+01,2.426743e+01,2.435509e+01,2.440226e+01,2.418644e+01,2.430790e+01,2.434835e+01,2.441573e+01,2.433487e+01,2.450327e+01,2.449654e+01,2.430115e+01,2.442247e+01,2.434161e+01,2.446288e+01,2.447635e+01,2.433487e+01,2.444268e+01,2.446288e+01,2.451000e+01,2.444268e+01,2.440226e+01,2.440900e+01,2.438205e+01,2.453019e+01,2.436857e+01,2.444941e+01,2.441573e+01,2.444268e+01,2.442921e+01,2.437531e+01,2.436857e+01,2.442247e+01,2.442921e+01,2.438878e+01,2.450327e+01,2.436857e+01,2.461091e+01,2.459073e+01,2.442247e+01,2.442247e+01,2.448308e+01,2.449654e+01,2.439552e+01,2.452346e+01,2.440900e+01,2.441573e+01,2.442247e+01,2.441573e+01,2.428766e+01,2.428766e+01,2.446288e+01,2.440226e+01,2.450327e+01,2.432812e+01,2.407837e+01,2.390250e+01,2.381446e+01,2.416619e+01,2.420670e+01,2.434835e+01,2.436183e+01,2.435509e+01,2.434161e+01,2.430790e+01,2.445614e+01,2.438205e+01,2.430790e+01,2.434161e+01,2.438878e+01,2.429441e+01,2.441573e+01,2.433487e+01,2.432812e+01,2.430115e+01,2.434835e+01,2.428766e+01,2.446288e+01,2.437531e+01,2.428766e+01,2.426068e+01,2.429441e+01,2.420670e+01,2.438205e+01,2.431464e+01,2.438205e+01,2.438205e+01,2.438205e+01,2.442247e+01,2.426743e+01,2.419994e+01,2.423369e+01,2.428092e+01,2.426743e+01,2.442921e+01,2.440226e+01,2.438878e+01,2.437531e+01,2.434835e+01,2.428092e+01,2.440900e+01,2.435509e+01,2.423369e+01,2.422019e+01,2.431464e+01,2.430790e+01,2.432138e+01,2.434161e+01,2.446288e+01,2.445614e+01,2.443594e+01,2.442247e+01,2.444941e+01,2.442247e+01,2.441573e+01,2.436857e+01,2.450327e+01,2.443594e+01,2.440900e+01,2.439552e+01,2.445614e+01,2.445614e+01,2.442247e+01,2.444268e+01,2.442247e+01,2.454365e+01,2.445614e+01,2.445614e+01,2.446961e+01,2.449654e+01,2.448308e+01,2.453019e+01,2.451000e+01,2.453692e+01,2.449654e+01,2.452346e+01,2.440226e+01,2.453692e+01,2.446961e+01,2.447635e+01,2.443594e+01,2.449654e+01,2.444268e+01,2.446961e+01,2.448981e+01,2.446961e+01,2.453019e+01,2.447635e+01,2.446961e+01,2.458401e+01,2.445614e+01,2.434161e+01,2.451673e+01,2.455710e+01,2.451673e+01,2.451000e+01,2.458401e+01,2.446288e+01,2.453019e+01,2.448308e+01,2.451000e+01,2.455038e+01,2.455710e+01,2.440900e+01,2.459746e+01,2.444268e+01,2.445614e+01,2.442247e+01,2.446961e+01,2.462436e+01,2.446961e+01,2.460419e+01,2.444268e+01,2.457728e+01,2.444941e+01,2.457728e+01,2.449654e+01,2.448981e+01,2.454365e+01,2.440900e+01,2.456383e+01,2.443594e+01,2.451673e+01,2.451673e+01,2.448981e+01,2.451000e+01,2.448981e+01,2.446288e+01,2.453019e+01,2.444941e+01,2.444268e+01,2.451673e+01,2.446961e+01,2.453019e+01,2.451673e+01,2.443594e+01,2.441573e+01,2.442247e+01,2.441573e+01,2.442921e+01,2.457728e+01,2.452346e+01,2.437531e+01,2.423369e+01,2.442921e+01,2.432812e+01,2.447635e+01,2.440900e+01,2.444941e+01,2.440226e+01,2.445614e+01,2.426743e+01,2.441573e+01,2.435509e+01,2.443594e+01,2.443594e+01,2.436857e+01,2.432812e+01,2.443594e+01,2.436857e+01,2.441573e+01,2.438878e+01,2.433487e+01,2.433487e+01,2.433487e+01,2.432138e+01,2.437531e+01,2.433487e+01,2.444941e+01,2.436857e+01,2.433487e+01,2.445614e+01,2.432138e+01,2.436857e+01,2.437531e+01,2.436857e+01,2.434161e+01,2.431464e+01,2.437531e+01,2.435509e+01,2.433487e+01,2.432812e+01,2.433487e+01,2.434161e+01,2.420670e+01,2.415268e+01,2.432138e+01,2.437531e+01,2.422019e+01,2.422019e+01,2.428092e+01,2.425393e+01,2.426068e+01,2.426068e+01,2.402428e+01,2.391604e+01,2.377380e+01,2.376024e+01,2.401752e+01,2.405809e+01,2.397018e+01,2.401752e+01,2.399723e+01,2.413917e+01,2.409864e+01,2.401076e+01,2.379413e+01,2.358383e+01,2.346153e+01,2.348192e+01,2.374668e+01,2.376702e+01,2.361778e+01,2.332547e+01,2.320967e+01,2.348192e+01,2.332547e+01,2.327099e+01,2.352949e+01,2.352270e+01,2.369242e+01,2.365850e+01,2.378057e+01,2.405133e+01,2.447635e+01,2.460419e+01,2.598696e+01,2.684619e+01,2.681327e+01,2.534126e+01,2.423369e+01,2.476544e+01,2.520763e+01,2.413917e+01,2.377380e+01,2.385510e+01,2.390250e+01,2.390927e+01,2.426743e+01,2.432138e+01,2.364493e+01,2.349552e+01,2.351590e+01,2.417294e+01,2.544804e+01,2.585415e+01,2.601350e+01,2.522768e+01,2.435509e+01,2.386865e+01,2.469156e+01,2.454365e+01,2.392281e+01,2.372634e+01,2.393634e+01,2.372634e+01,2.346153e+01,2.340713e+01,2.346833e+01,2.359741e+01,2.417969e+01,2.418644e+01,2.412566e+01,2.434835e+01,2.487281e+01,2.443594e+01,2.389573e+01,2.345473e+01,2.323012e+01,2.320967e+01,2.318241e+01,2.313468e+01,2.302550e+01,2.300501e+01,2.321649e+01,2.354308e+01,2.346153e+01,2.342753e+01,2.365172e+01,2.368564e+01,2.367886e+01,2.340032e+01,2.356346e+01,2.355667e+01,2.342073e+01,2.340032e+01,2.351590e+01,2.367207e+01,2.370599e+01,2.382123e+01,2.356346e+01,2.352270e+01,2.334589e+01,2.337311e+01,2.360420e+01,2.354987e+01,2.401076e+01,2.413917e+01,2.413242e+01,2.412566e+01,2.413917e+01,2.413917e+01,2.411891e+01,2.415943e+01,2.414593e+01,2.413917e+01,2.409864e+01,2.422019e+01,2.422019e+01,2.418644e+01,2.423369e+01,2.417969e+01,2.417969e+01,2.408512e+01,2.417969e+01,2.421344e+01,2.419319e+01,2.425393e+01,2.413917e+01,2.428092e+01,2.418644e+01,2.408512e+01,2.412566e+01,2.401752e+01,2.412566e+01,2.421344e+01,2.413917e+01,2.411891e+01,2.413917e+01,2.409188e+01,2.403781e+01,2.417969e+01,2.414593e+01,2.426743e+01,2.405809e+01,2.413917e+01,2.390250e+01,2.430790e+01,2.415943e+01,2.420670e+01,2.422694e+01,2.443594e+01,2.464452e+01,2.527446e+01,2.550805e+01,2.554138e+01,2.548138e+01,2.541468e+01,2.548138e+01,2.554138e+01,2.554138e+01,2.509391e+01,2.479901e+01,2.468484e+01,2.462436e+01,2.481243e+01,2.489293e+01,2.493316e+01,2.514744e+01,2.533458e+01,2.518088e+01,2.518757e+01,2.539466e+01,2.538799e+01,2.538131e+01,2.523437e+01,2.555471e+01,2.552805e+01,2.537464e+01,2.541468e+01,2.530787e+01,2.546805e+01,2.529451e+01,2.542135e+01,2.550805e+01,2.514075e+01,2.514075e+01,2.528115e+01,2.514744e+01,2.517419e+01,2.510730e+01,2.512068e+01,2.503366e+01,2.501357e+01,2.500687e+01,2.502696e+01,2.492645e+01,2.479230e+01,2.483927e+01,2.466469e+01,2.467141e+01,2.473858e+01,2.464452e+01,2.446961e+01,2.445614e+01,2.429441e+01,2.442247e+01,2.438205e+01,2.427417e+01,2.432138e+01,2.436857e+01,2.433487e+01,2.425393e+01,2.412566e+01,2.405809e+01,2.402428e+01,2.407837e+01,2.377380e+01,2.403105e+01,2.380091e+01,2.369242e+01,2.364493e+01,2.371277e+01,2.355667e+01,2.346153e+01,2.335950e+01,2.333228e+01,2.330504e+01,2.309375e+01,2.322330e+01,2.312104e+01,2.314832e+01,2.320967e+01,2.327099e+01,2.332547e+01,2.326418e+01,2.333908e+01,2.332547e+01,2.329142e+01,2.326418e+01,2.343433e+01,2.343433e+01,2.345473e+01,2.346833e+01,2.353629e+01,2.357704e+01,2.344113e+01,2.369921e+01,2.355667e+01,2.350231e+01,2.348872e+01,2.346153e+01,2.342753e+01,2.329823e+01,2.348192e+01,2.327780e+01,2.327099e+01,2.310739e+01,2.325056e+01,2.327780e+01,2.370599e+01,2.415943e+01,2.421344e+01,2.422019e+01,2.444268e+01,2.442247e+01,2.440900e+01,2.442921e+01,2.449654e+01,2.444268e+01,2.444268e+01,2.439552e+01,2.442921e+01,2.444941e+01,2.442247e+01,2.442247e+01,2.438205e+01,2.442921e+01,2.449654e+01,2.451673e+01,2.438878e+01,2.442921e+01,2.448308e+01,2.450327e+01,2.444941e+01,2.453019e+01,2.442921e+01,2.441573e+01,2.443594e+01,2.450327e+01,2.450327e+01,2.448981e+01,2.442921e+01,2.444941e+01,2.449654e+01,2.446961e+01,2.451000e+01,2.442921e+01,2.458401e+01,2.442921e+01,2.459073e+01,2.460419e+01,2.444268e+01,2.440900e+01,2.446288e+01,2.443594e+01,2.450327e+01,2.449654e+01,2.457056e+01,2.455710e+01,2.434161e+01,2.436857e+01,2.438205e+01,2.407837e+01,2.407161e+01,2.401076e+01,2.397018e+01,2.384833e+01,2.380768e+01,2.383478e+01,2.413242e+01,2.428092e+01,2.432138e+01,2.445614e+01,2.449654e+01,2.454365e+01,2.443594e+01,2.467813e+01,2.437531e+01,2.422694e+01,2.390250e+01,2.388896e+01,2.376024e+01,2.412566e+01,2.417969e+01,2.440226e+01,2.442247e+01,2.438878e+01,2.431464e+01,2.433487e+01,2.455038e+01,2.426068e+01,2.437531e+01,2.435509e+01,2.438878e+01,2.441573e+01,2.421344e+01,2.431464e+01,2.428092e+01,2.417294e+01,2.424719e+01,2.432812e+01,2.416619e+01,2.423369e+01,2.420670e+01,2.422019e+01,2.424044e+01,2.425393e+01,2.426743e+01,2.423369e+01,2.420670e+01
2.424044e+01,2.423369e+01,2.424044e+01,2.424044e+01,2.419319e+01,2.416619e+01,2.417969e+01,2.432138e+01,2.435509e+01,2.436857e+01,2.430790e+01,2.422694e+01,2.424044e+01,2.429441e+01,2.433487e+01,2.418644e+01,2.431464e+01,2.422694e+01,2.417294e+01,2.419319e+01,2.428766e+01,2.430790e+01,2.432138e+01,2.425393e+01,2.436857e+01,2.430790e+01,2.428092e+01,2.437531e+01,2.439552e+01,2.425393e+01,2.422019e+01,2.432812e+01,2.433487e+01,2.429441e+01,2.451000e+01,2.431464e+01,2.450327e+01,2.432138e+01,2.433487e+01,2.447635e+01,2.436183e+01,2.433487e+01,2.439552e+01,2.430115e+01,2.446961e+01,2.435509e+01,2.444941e+01,2.438878e+01,2.432138e+01,2.448308e+01,2.441573e+01,2.445614e+01,2.443594e+01,2.434835e+01,2.451673e+01,2.438878e+01,2.444941e+01,2.441573e+01,2.442247e+01,2.442247e+01,2.441573e+01,2.440226e+01,2.442921e+01,2.441573e+01,2.437531e+01,2.448308e+01,2.440226e+01,2.454365e+01,2.453019e+01,2.448308e+01,2.448981e+01,2.438878e+01,2.455038e+01,2.451000e+01,2.432812e+01,2.440900e+01,2.446961e+01,2.441573e+01,2.442921e+01,2.442921e+01,2.438878e+01,2.432138e+01,2.434835e+01,2.428092e+01,2.430790e+01,2.395664e+01,2.388896e+01,2.395664e+01,2.436183e+01,2.435509e+01,2.436857e+01,2.434161e+01,2.450327e+01,2.447635e+01,2.434161e+01,2.440226e+01,2.430790e+01,2.432138e+01,2.433487e+01,2.438205e+01,2.432138e+01,2.436183e+01,2.437531e+01,2.422694e+01,2.430115e+01,2.431464e+01,2.440226e+01,2.422019e+01,2.426743e+01,2.426068e+01,2.425393e+01,2.431464e+01,2.439552e+01,2.430790e+01,2.440226e+01,2.429441e+01,2.422694e+01,2.439552e+01,2.432812e+01,2.429441e+01,2.431464e+01,2.430115e+01,2.432812e+01,2.438205e+01,2.432812e+01,2.434161e+01,2.432812e+01,2.434161e+01,2.436183e+01,2.435509e+01,2.432138e+01,2.419994e+01,2.436183e+01,2.437531e+01,2.438205e+01,2.438878e+01,2.438878e+01,2.444268e+01,2.438878e+01,2.444941e+01,2.443594e+01,2.440226e+01,2.434161e+01,2.434161e+01,2.440226e+01,2.451673e+01,2.440226e+01,2.448308e+01,2.444941e+01,2.446961e+01,2.441573e+01,2.446288e+01,2.441573e+01,2.443594e+01,2.443594e+01,2.438205e+01,2.446961e+01,2.435509e+01,2.451673e+01,2.451000e+01,2.450327e+01,2.452346e+01,2.438878e+01,2.450327e+01,2.440226e+01,2.447635e+01,2.441573e+01,2.444941e+01,2.453019e+01,2.448981e+01,2.453692e+01,2.451673e+01,2.455710e+01,2.448981e+01,2.455710e+01,2.459073e+01,2.456383e+01,2.446288e+01,2.456383e+01,2.446288e+01,2.448981e+01,2.448981e+01,2.450327e+01,2.451000e+01,2.457728e+01,2.451673e+01,2.451673e+01,2.451000e+01,2.455710e+01,2.444941e+01,2.446288e+01,2.445614e+01,2.451673e+01,2.451000e+01,2.455038e+01,2.455710e+01,2.450327e+01,2.453019e+01,2.458401e+01,2.455038e+01,2.452346e+01,2.446288e+01,2.458401e+01,2.455038e+01,2.456383e+01,2.457728e+01,2.455710e+01,2.444268e+01,2.455038e+01,2.451673e+01,2.457728e+01,2.451000e+01,2.454365e+01,2.446961e+01,2.448308e+01,2.456383e+01,2.455038e+01,2.453692e+01,2.446288e+01,2.457056e+01,2.454365e+01,2.454365e+01,2.448981e+01,2.442921e+01,2.455710e+01,2.438205e+01,2.440900e+01,2.440900e+01,2.445614e+01,2.442921e+01,2.442921e+01,2.443594e+01,2.434161e+01,2.442921e+01,2.440900e+01,2.442921e+01,2.438205e+01,2.443594e+01,2.439552e+01,2.447635e+01,2.442921e+01,2.442921e+01,2.444941e+01,2.449654e+01,2.444941e+01,2.439552e+01,2.440900e+01,2.434161e+01,2.439552e+01,2.446961e+01,2.438205e+01,2.441573e+01,2.433487e+01,2.434835e+01,2.442247e+01,2.431464e+01,2.442247e+01,2.432138e+01,2.452346e+01,2.436857e+01,2.435509e+01,2.434161e+01,2.436183e+01,2.432138e+01,2.436857e+01,2.436183e+01,2.436857e+01,2.436857e+01,2.431464e+01,2.431464e+01,2.429441e+01,2.430790e+01,2.434161e+01,2.428766e+01,2.428766e+01,2.435509e+01,2.425393e+01,2.428092e+01,2.429441e+01,2.426743e+01,2.428766e+01,2.432138e+01,2.418644e+01,2.403105e+01,2.374668e+01,2.374668e+01,2.394988e+01,2.413917e+01,2.399723e+01,2.401076e+01,2.398371e+01,2.384155e+01,2.388896e+01,2.383478e+01,2.371956e+01,2.380768e+01,2.382801e+01,2.381446e+01,2.369921e+01,2.370599e+01,2.368564e+01,2.361778e+01,2.353629e+01,2.331866e+01,2.341393e+01,2.348872e+01,2.363136e+01,2.358383e+01,2.352270e+01,2.354987e+01,2.378057e+01,2.444268e+01,2.493316e+01,2.544137e+01,2.596704e+01,2.650333e+01,2.630502e+01,2.514744e+01,2.409188e+01,2.406485e+01,2.419994e+01,2.407837e+01,2.350231e+01,2.344793e+01,2.377380e+01,2.397018e+01,2.401752e+01,2.426743e+01,2.386187e+01,2.383478e+01,2.346833e+01,2.347513e+01,2.419319e+01,2.545471e+01,2.583421e+01,2.513406e+01,2.522100e+01,2.458401e+01,2.380768e+01,2.369242e+01,2.388219e+01,2.346153e+01,2.348872e+01,2.386865e+01,2.388219e+01,2.394311e+01,2.350911e+01,2.347513e+01,2.342753e+01,2.373990e+01,2.414593e+01,2.436857e+01,2.487281e+01,2.526110e+01,2.487281e+01,2.373312e+01,2.344793e+01,2.322330e+01,2.316195e+01,2.311422e+01,2.314150e+01,2.316195e+01,2.316877e+01,2.337311e+01,2.339352e+01,2.339352e+01,2.354308e+01,2.419994e+01,2.445614e+01,2.369242e+01,2.331185e+01,2.342073e+01,2.355667e+01,2.338672e+01,2.340032e+01,2.357025e+01,2.363814e+01,2.370599e+01,2.357025e+01,2.354987e+01,2.349552e+01,2.339352e+01,2.362457e+01,2.357025e+01,2.365850e+01,2.380091e+01,2.411891e+01,2.411891e+01,2.409864e+01,2.411891e+01,2.409188e+01,2.412566e+01,2.413242e+01,2.409188e+01,2.413242e+01,2.418644e+01,2.413917e+01,2.409864e+01,2.418644e+01,2.420670e+01,2.423369e+01,2.418644e+01,2.399723e+01,2.431464e+01,2.424719e+01,2.416619e+01,2.424044e+01,2.418644e+01,2.429441e+01,2.416619e+01,2.418644e+01,2.412566e+01,2.425393e+01,2.414593e+01,2.425393e+01,2.423369e+01,2.409864e+01,2.426068e+01,2.422019e+01,2.409188e+01,2.412566e+01,2.412566e+01,2.413917e+01,2.415943e+01,2.413242e+01,2.414593e+01,2.421344e+01,2.415268e+01,2.422694e+01,2.413917e+01,2.423369e+01,2.446961e+01,2.495997e+01,2.546805e+01,2.545471e+01,2.543469e+01,2.540133e+01,2.548138e+01,2.531454e+01,2.476544e+01,2.469828e+01,2.430790e+01,2.426068e+01,2.426743e+01,2.446961e+01,2.457056e+01,2.479901e+01,2.479230e+01,2.491305e+01,2.485940e+01,2.493986e+01,2.511399e+01,2.509391e+01,2.513406e+01,2.518757e+01,2.526110e+01,2.522100e+01,2.543469e+01,2.525442e+01,2.522768e+01,2.528782e+01,2.523437e+01,2.517419e+01,2.512068e+01,2.521431e+01,2.511399e+01,2.530787e+01,2.508722e+01,2.504705e+01,2.506713e+01,2.492645e+01,2.495326e+01,2.478558e+01,2.500017e+01,2.479230e+01,2.471844e+01,2.467813e+01,2.467141e+01,2.469828e+01,2.465124e+01,2.468484e+01,2.461763e+01,2.458401e+01,2.446288e+01,2.442921e+01,2.438205e+01,2.442247e+01,2.427417e+01,2.417969e+01,2.423369e+01,2.421344e+01,2.424044e+01,2.409188e+01,2.409864e+01,2.404457e+01,2.404457e+01,2.395664e+01,2.377380e+01,2.370599e+01,2.362457e+01,2.348192e+01,2.352270e+01,2.342753e+01,2.343433e+01,2.345473e+01,2.334589e+01,2.323693e+01,2.323693e+01,2.316195e+01,2.319604e+01,2.313468e+01,2.325056e+01,2.332547e+01,2.331185e+01,2.325056e+01,2.325056e+01,2.325737e+01,2.329823e+01,2.338672e+01,2.343433e+01,2.339352e+01,2.358383e+01,2.346153e+01,2.352270e+01,2.341393e+01,2.347513e+01,2.343433e+01,2.352270e+01,2.357025e+01,2.353629e+01,2.347513e+01,2.347513e+01,2.345473e+01,2.346833e+01,2.333228e+01,2.345473e+01,2.332547e+01,2.329142e+01,2.337991e+01,2.397018e+01,2.424044e+01,2.447635e+01,2.443594e+01,2.442247e+01,2.446288e+01,2.432812e+01,2.443594e+01,2.442247e+01,2.447635e+01,2.449654e+01,2.443594e+01,2.444268e+01,2.440900e+01,2.442921e+01,2.444268e+01,2.447635e+01,2.449654e+01,2.440900e+01,2.441573e+01,2.456383e+01,2.437531e+01,2.450327e+01,2.452346e+01,2.467141e+01,2.445614e+01,2.442247e+01,2.448981e+01,2.451000e+01,2.455710e+01,2.449654e+01,2.447635e+01,2.455710e+01,2.440900e+01,2.454365e+01,2.442247e+01,2.432812e+01,2.461763e+01,2.460419e+01,2.457728e+01,2.443594e+01,2.450327e+01,2.457056e+01,2.449654e+01,2.448308e+01,2.445614e+01,2.454365e+01,2.463108e+01,2.463108e+01,2.475201e+01,2.475873e+01,2.464452e+01,2.445614e+01,2.444268e+01,2.438878e+01,2.428092e+01,2.403105e+01,2.401076e+01,2.383478e+01,2.391604e+01,2.394988e+01,2.432812e+01,2.430790e+01,2.432138e+01,2.440900e+01,2.448308e+01,2.470500e+01,2.470500e+01,2.450327e+01,2.444941e+01,2.406485e+01,2.408512e+01,2.399047e+01,2.413242e+01,2.418644e+01,2.441573e+01,2.439552e+01,2.446288e+01,2.442247e+01,2.440900e+01,2.432138e+01,2.428766e+01,2.424719e+01,2.431464e+01,2.430790e+01,2.440900e+01,2.432138e+01,2.425393e+01,2.436857e+01,2.421344e+01,2.424719e+01,2.430115e+01,2.424719e+01,2.423369e+01,2.423369e+01,2.422694e+01,2.424044e+01,2.423369e+01,2.419994e+01,2.425393e+01,2.421344e+01
2.422019e+01,2.424044e+01,2.413917e+01,2.422019e+01,2.432812e+01,2.416619e+01,2.428766e+01,2.420670e+01,2.409864e+01,2.424719e+01,2.424044e+01,2.419994e+01,2.428092e+01,2.417969e+01,2.438205e+01,2.427417e+01,2.430115e+01,2.428092e+01,2.429441e+01,2.430790e+01,2.431464e+01,2.428766e+01,2.428092e+01,2.425393e+01,2.438205e+01,2.438878e+01,2.435509e+01,2.438205e+01,2.435509e+01,2.430790e+01,2.438878e+01,2.436183e+01,2.436183e+01,2.436183e+01,2.442921e+01,2.440900e+01,2.433487e+01,2.438878e+01,2.432812e+01,2.438205e+01,2.441573e+01,2.434161e+01,2.432138e+01,2.446961e+01,2.442247e+01,2.441573e+01,2.447635e+01,2.430115e+01,2.445614e+01,2.448981e+01,2.428092e+01,2.428092e+01,2.442921e+01,2.436857e+01,2.438205e+01,2.448981e+01,2.446961e+01,2.454365e+01,2.442921e+01,2.442247e+01,2.444941e+01,2.442921e+01,2.461091e+01,2.423369e+01,2.440900e+01,2.452346e+01,2.440900e+01,2.436857e+01,2.453692e+01,2.452346e+01,2.455710e+01,2.444941e+01,2.454365e+01,2.457056e+01,2.441573e+01,2.444941e+01,2.444268e+01,2.442921e+01,2.442247e+01,2.455710e+01,2.459073e+01,2.450327e+01,2.445614e+01,2.432138e+01,2.431464e+01,2.411215e+01,2.380768e+01,2.384833e+01,2.435509e+01,2.441573e+01,2.442921e+01,2.434835e+01,2.448981e+01,2.438205e+01,2.444941e+01,2.430790e+01,2.440900e+01,2.432812e+01,2.444268e+01,2.434835e+01,2.436857e+01,2.438878e+01,2.432812e+01,2.430790e+01,2.446961e+01,2.435509e+01,2.430115e+01,2.425393e+01,2.424044e+01,2.434835e+01,2.426068e+01,2.429441e+01,2.419319e+01,2.421344e+01,2.427417e+01,2.434835e+01,2.419994e+01,2.429441e+01,2.432138e+01,2.434161e+01,2.438205e+01,2.436857e+01,2.438205e+01,2.434835e+01,2.436857e+01,2.438205e+01,2.436183e+01,2.430115e+01,2.429441e+01,2.434835e+01,2.430115e+01,2.442247e+01,2.443594e+01,2.438878e+01,2.440900e+01,2.444941e+01,2.442921e+01,2.442247e+01,2.443594e+01,2.446288e+01,2.443594e+01,2.440900e+01,2.441573e+01,2.442921e+01,2.438878e+01,2.438878e+01,2.438878e+01,2.445614e+01,2.442247e+01,2.444268e+01,2.442247e+01,2.442247e+01,2.454365e+01,2.446288e+01,2.450327e+01,2.448308e+01,2.441573e+01,2.446288e+01,2.452346e+01,2.444268e+01,2.445614e+01,2.443594e+01,2.448308e+01,2.451000e+01,2.448981e+01,2.447635e+01,2.448308e+01,2.439552e+01,2.456383e+01,2.452346e+01,2.445614e+01,2.455038e+01,2.444268e+01,2.450327e+01,2.455038e+01,2.453019e+01,2.451000e+01,2.442247e+01,2.443594e+01,2.452346e+01,2.459746e+01,2.450327e+01,2.458401e+01,2.448308e+01,2.447635e+01,2.448981e+01,2.451000e+01,2.446961e+01,2.450327e+01,2.451000e+01,2.453019e+01,2.449654e+01,2.448308e+01,2.453019e+01,2.450327e+01,2.438205e+01,2.451000e+01,2.455710e+01,2.453692e+01,2.456383e+01,2.457056e+01,2.459073e+01,2.457056e+01,2.456383e+01,2.450327e+01,2.455710e+01,2.451000e+01,2.447635e+01,2.451000e+01,2.450327e+01,2.451000e+01,2.451673e+01,2.451673e+01,2.455710e+01,2.445614e+01,2.453019e+01,2.456383e+01,2.454365e+01,2.455710e+01,2.447635e+01,2.452346e+01,2.458401e+01,2.450327e+01,2.450327e+01,2.451000e+01,2.451673e+01,2.442247e+01,2.442247e+01,2.455710e+01,2.443594e+01,2.448981e+01,2.443594e+01,2.443594e+01,2.448308e+01,2.439552e+01,2.443594e+01,2.448308e+01,2.443594e+01,2.439552e+01,2.448308e+01,2.451673e+01,2.442247e+01,2.438205e+01,2.451000e+01,2.444941e+01,2.444941e+01,2.434835e+01,2.441573e+01,2.437531e+01,2.438205e+01,2.438878e+01,2.433487e+01,2.445614e+01,2.432812e+01,2.445614e+01,2.433487e+01,2.432138e+01,2.432138e+01,2.426743e+01,2.435509e+01,2.433487e+01,2.436183e+01,2.434835e+01,2.435509e+01,2.432812e+01,2.439552e+01,2.440900e+01,2.434161e+01,2.429441e+01,2.430115e+01,2.432812e+01,2.439552e+01,2.434835e+01,2.432138e+01,2.430790e+01,2.435509e+01,2.436857e+01,2.438878e+01,2.425393e+01,2.424044e+01,2.427417e+01,2.427417e+01,2.419994e+01,2.375346e+01,2.370599e+01,2.381446e+01,2.387542e+01,2.383478e+01,2.397018e+01,2.403105e+01,2.413242e+01,2.406485e+01,2.382123e+01,2.378735e+01,2.363136e+01,2.363814e+01,2.358383e+01,2.383478e+01,2.359062e+01,2.342073e+01,2.359741e+01,2.359062e+01,2.369921e+01,2.354987e+01,2.363814e+01,2.361778e+01,2.390927e+01,2.386865e+01,2.398371e+01,2.384833e+01,2.402428e+01,2.448981e+01,2.509391e+01,2.524105e+01,2.524773e+01,2.491305e+01,2.435509e+01,2.431464e+01,2.408512e+01,2.378735e+01,2.376702e+01,2.337991e+01,2.326418e+01,2.348192e+01,2.343433e+01,2.344793e+01,2.333908e+01,2.346833e+01,2.349552e+01,2.350231e+01,2.360420e+01,2.352270e+01,2.350231e+01,2.409188e+01,2.432138e+01,2.450327e+01,2.502026e+01,2.522768e+01,2.474530e+01,2.372634e+01,2.339352e+01,2.340713e+01,2.361099e+01,2.344793e+01,2.373312e+01,2.401752e+01,2.388896e+01,2.366529e+01,2.346153e+01,2.351590e+01,2.361778e+01,2.369242e+01,2.369921e+01,2.380091e+01,2.392958e+01,2.346833e+01,2.323693e+01,2.325056e+01,2.312786e+01,2.310739e+01,2.322330e+01,2.316195e+01,2.335950e+01,2.336630e+01,2.352270e+01,2.356346e+01,2.342073e+01,2.369242e+01,2.367207e+01,2.367886e+01,2.354308e+01,2.357704e+01,2.343433e+01,2.335950e+01,2.325056e+01,2.335269e+01,2.397694e+01,2.403781e+01,2.366529e+01,2.354308e+01,2.360420e+01,2.352949e+01,2.342073e+01,2.355667e+01,2.386187e+01,2.396341e+01,2.405809e+01,2.411891e+01,2.408512e+01,2.413917e+01,2.412566e+01,2.426743e+01,2.413917e+01,2.422019e+01,2.409864e+01,2.405133e+01,2.419319e+01,2.410540e+01,2.411891e+01,2.413917e+01,2.412566e+01,2.404457e+01,2.419994e+01,2.417969e+01,2.413242e+01,2.413917e+01,2.412566e+01,2.415943e+01,2.412566e+01,2.426068e+01,2.409864e+01,2.419994e+01,2.414593e+01,2.415943e+01,2.412566e+01,2.422694e+01,2.420670e+01,2.431464e+01,2.417294e+01,2.410540e+01,2.414593e+01,2.418644e+01,2.413917e+01,2.419319e+01,2.413917e+01,2.406485e+01,2.406485e+01,2.415943e+01,2.413242e+01,2.407161e+01,2.408512e+01,2.440900e+01,2.489293e+01,2.545471e+01,2.525442e+01,2.530119e+01,2.530119e+01,2.487281e+01,2.464452e+01,2.441573e+01,2.424719e+01,2.424719e+01,2.424044e+01,2.443594e+01,2.446961e+01,2.453019e+01,2.450327e+01,2.454365e+01,2.453019e+01,2.483927e+01,2.485940e+01,2.497337e+01,2.514744e+01,2.508722e+01,2.506044e+01,2.496667e+01,2.513406e+01,2.505375e+01,2.520763e+01,2.506044e+01,2.506713e+01,2.519426e+01,2.508052e+01,2.510060e+01,2.495997e+01,2.491975e+01,2.501357e+01,2.495326e+01,2.497337e+01,2.493316e+01,2.493316e+01,2.475201e+01,2.472515e+01,2.473187e+01,2.457056e+01,2.460419e+01,2.451673e+01,2.471172e+01,2.468484e+01,2.458401e+01,2.461091e+01,2.447635e+01,2.441573e+01,2.434161e+01,2.426743e+01,2.426068e+01,2.433487e+01,2.426068e+01,2.429441e+01,2.414593e+01,2.414593e+01,2.409864e+01,2.409188e+01,2.405133e+01,2.380091e+01,2.400400e+01,2.397694e+01,2.380768e+01,2.368564e+01,2.367886e+01,2.358383e+01,2.344113e+01,2.344113e+01,2.342753e+01,2.341393e+01,2.332547e+01,2.322330e+01,2.316877e+01,2.317559e+01,2.320967e+01,2.323012e+01,2.314150e+01,2.328461e+01,2.320286e+01,2.320967e+01,2.327780e+01,2.327780e+01,2.333228e+01,2.325056e+01,2.346833e+01,2.344113e+01,2.346833e+01,2.359741e+01,2.358383e+01,2.345473e+01,2.347513e+01,2.344793e+01,2.348872e+01,2.352949e+01,2.349552e+01,2.347513e+01,2.349552e+01,2.348872e+01,2.336630e+01,2.346833e+01,2.333228e+01,2.331185e+01,2.327780e+01,2.346153e+01,2.375346e+01,2.413917e+01,2.426068e+01,2.445614e+01,2.444941e+01,2.436183e+01,2.442247e+01,2.447635e+01,2.450327e+01,2.446288e+01,2.438205e+01,2.455038e+01,2.448981e+01,2.442247e+01,2.438205e+01,2.445614e+01,2.445614e+01,2.445614e+01,2.453019e+01,2.444941e+01,2.441573e+01,2.444268e+01,2.453019e+01,2.436183e+01,2.446961e+01,2.451673e+01,2.448981e+01,2.448308e+01,2.445614e+01,2.450327e+01,2.451673e+01,2.449654e+01,2.446961e+01,2.446961e+01,2.448981e+01,2.444941e+01,2.448308e+01,2.450327e+01,2.459746e+01,2.452346e+01,2.446288e+01,2.457056e+01,2.453692e+01,2.449654e+01,2.452346e+01,2.464452e+01,2.481914e+01,2.490634e+01,2.501357e+01,2.502696e+01,2.480572e+01,2.471172e+01,2.479230e+01,2.451673e+01,2.468484e+01,2.439552e+01,2.444268e+01,2.424719e+01,2.401076e+01,2.404457e+01,2.381446e+01,2.414593e+01,2.422694e+01,2.418644e+01,2.428092e+01,2.471172e+01,2.470500e+01,2.486610e+01,2.482585e+01,2.438205e+01,2.428092e+01,2.428766e+01,2.409864e+01,2.413242e+01,2.417969e+01,2.430790e+01,2.410540e+01,2.450327e+01,2.449654e+01,2.453019e+01,2.430790e+01,2.429441e+01,2.438205e+01,2.442247e+01,2.440226e+01,2.428766e+01,2.420670e+01,2.422694e+01,2.417294e+01,2.431464e+01,2.428092e+01,2.427417e+01,2.411215e+01,2.390250e+01,2.422694e+01,2.420670e+01,2.421344e+01,2.422019e+01,2.427417e+01,2.415268e+01,2.423369e+01
2.419994e+01,2.417294e+01,2.422019e+01,2.422019e+01,2.422019e+01,2.422019e+01,2.427417e+01,2.428092e+01,2.430790e+01,2.428092e+01,2.413242e+01,2.408512e+01,2.430115e+01,2.426743e+01,2.430115e+01,2.431464e+01,2.440226e+01,2.416619e+01,2.429441e+01,2.429441e+01,2.423369e+01,2.427417e+01,2.436857e+01,2.434835e+01,2.429441e+01,2.430790e+01,2.438878e+01,2.434161e+01,2.438878e+01,2.414593e+01,2.431464e+01,2.428092e+01,2.434835e+01,2.430115e+01,2.430115e+01,2.432138e+01,2.446288e+01,2.445614e+01,2.435509e+01,2.440900e+01,2.438878e+01,2.431464e+01,2.448308e+01,2.432812e+01,2.444268e+01,2.438878e+01,2.434161e+01,2.431464e+01,2.443594e+01,2.444941e+01,2.445614e+01,2.443594e+01,2.444268e+01,2.442247e+01,2.444941e+01,2.444941e+01,2.446288e+01,2.445614e+01,2.442921e+01,2.439552e+01,2.444941e+01,2.452346e+01,2.442247e+01,2.422019e+01,2.457056e+01,2.440226e+01,2.437531e+01,2.451673e+01,2.442921e+01,2.447635e+01,2.440226e+01,2.446961e+01,2.454365e+01,2.435509e+01,2.450327e+01,2.434835e+01,2.443594e+01,2.442247e+01,2.442247e+01,2.452346e+01,2.438878e+01,2.451000e+01,2.434161e+01,2.417969e+01,2.430115e+01,2.411215e+01,2.394988e+01,2.390250e+01,2.423369e+01,2.440900e+01,2.444941e+01,2.440900e+01,2.446961e+01,2.434161e+01,2.439552e+01,2.441573e+01,2.441573e+01,2.448981e+01,2.442921e+01,2.442247e+01,2.435509e+01,2.444268e+01,2.440900e+01,2.436183e+01,2.432812e+01,2.430115e+01,2.421344e+01,2.430115e+01,2.431464e+01,2.426743e+01,2.427417e+01,2.432812e+01,2.426068e+01,2.434835e+01,2.416619e+01,2.438205e+01,2.424044e+01,2.438878e+01,2.434835e+01,2.432812e+01,2.419319e+01,2.432138e+01,2.430790e+01,2.429441e+01,2.441573e+01,2.433487e+01,2.436183e+01,2.428766e+01,2.434835e+01,2.436857e+01,2.438205e+01,2.433487e+01,2.424044e+01,2.437531e+01,2.438205e+01,2.445614e+01,2.442247e+01,2.439552e+01,2.444268e+01,2.438205e+01,2.444268e+01,2.442921e+01,2.444941e+01,2.442921e+01,2.439552e+01,2.437531e+01,2.444941e+01,2.448981e+01,2.443594e+01,2.436183e+01,2.446961e+01,2.444941e+01,2.446288e+01,2.443594e+01,2.437531e+01,2.448308e+01,2.448981e+01,2.439552e+01,2.440226e+01,2.445614e+01,2.447635e+01,2.442247e+01,2.446288e+01,2.447635e+01,2.434161e+01,2.447635e+01,2.445614e+01,2.443594e+01,2.453692e+01,2.457056e+01,2.451000e+01,2.445614e+01,2.454365e+01,2.444941e+01,2.446961e+01,2.457728e+01,2.457056e+01,2.449654e+01,2.453019e+01,2.441573e+01,2.447635e+01,2.457056e+01,2.444941e+01,2.444941e+01,2.451000e+01,2.457056e+01,2.448981e+01,2.446288e+01,2.446961e+01,2.458401e+01,2.452346e+01,2.451673e+01,2.456383e+01,2.448981e+01,2.447635e+01,2.452346e+01,2.456383e+01,2.457728e+01,2.456383e+01,2.451000e+01,2.448981e+01,2.454365e+01,2.456383e+01,2.457728e+01,2.448308e+01,2.446288e+01,2.454365e+01,2.454365e+01,2.455710e+01,2.453019e+01,2.452346e+01,2.452346e+01,2.442247e+01,2.466469e+01,2.459073e+01,2.448308e+01,2.457056e+01,2.444941e+01,2.456383e+01,2.457056e+01,2.459746e+01,2.457056e+01,2.444941e+01,2.444941e+01,2.446961e+01,2.443594e+01,2.442921e+01,2.442921e+01,2.442921e+01,2.445614e+01,2.444268e+01,2.444268e+01,2.443594e+01,2.442921e+01,2.445614e+01,2.442247e+01,2.441573e+01,2.442247e+01,2.443594e+01,2.446288e+01,2.443594e+01,2.442921e+01,2.446961e+01,2.444268e+01,2.446288e+01,2.443594e+01,2.444941e+01,2.442247e+01,2.448308e+01,2.436857e+01,2.450327e+01,2.446288e+01,2.434161e+01,2.436183e+01,2.442247e+01,2.444941e+01,2.428092e+01,2.436857e+01,2.434161e+01,2.434161e+01,2.428766e+01,2.438205e+01,2.430790e+01,2.434161e+01,2.432138e+01,2.444941e+01,2.438878e+01,2.422694e+01,2.428092e+01,2.432812e+01,2.430790e+01,2.428092e+01,2.440226e+01,2.432812e+01,2.432138e+01,2.438205e+01,2.427417e+01,2.400400e+01,2.438878e+01,2.428092e+01,2.426743e+01,2.428766e+01,2.405809e+01,2.369921e+01,2.392958e+01,2.378057e+01,2.361099e+01,2.358383e+01,2.371956e+01,2.390927e+01,2.415268e+01,2.438205e+01,2.431464e+01,2.395664e+01,2.368564e+01,2.364493e+01,2.399723e+01,2.371956e+01,2.364493e+01,2.363814e+01,2.341393e+01,2.359741e+01,2.377380e+01,2.376024e+01,2.373990e+01,2.411891e+01,2.456383e+01,2.455710e+01,2.430115e+01,2.453019e+01,2.449654e+01,2.443594e+01,2.459746e+01,2.459073e+01,2.478558e+01,2.438205e+01,2.421344e+01,2.420670e+01,2.379413e+01,2.352949e+01,2.340713e+01,2.320286e+01,2.327099e+01,2.342073e+01,2.367886e+01,2.335950e+01,2.299818e+01,2.335950e+01,2.347513e+01,2.359741e+01,2.474530e+01,2.451000e+01,2.355667e+01,2.374668e+01,2.514744e+01,2.639761e+01,2.722075e+01,2.746974e+01,2.692516e+01,2.522100e+01,2.391604e+01,2.356346e+01,2.346833e+01,2.371956e+01,2.370599e+01,2.354987e+01,2.373312e+01,2.347513e+01,2.346833e+01,2.359062e+01,2.361778e+01,2.354308e+01,2.333228e+01,2.346833e+01,2.342073e+01,2.326418e+01,2.325056e+01,2.317559e+01,2.312104e+01,2.312786e+01,2.335269e+01,2.351590e+01,2.340713e+01,2.342753e+01,2.353629e+01,2.377380e+01,2.391604e+01,2.367207e+01,2.362457e+01,2.352949e+01,2.348872e+01,2.331866e+01,2.327780e+01,2.322330e+01,2.310057e+01,2.319604e+01,2.357704e+01,2.403105e+01,2.362457e+01,2.371956e+01,2.369921e+01,2.393634e+01,2.381446e+01,2.369242e+01,2.405809e+01,2.409188e+01,2.426068e+01,2.422019e+01,2.415943e+01,2.422019e+01,2.416619e+01,2.414593e+01,2.412566e+01,2.414593e+01,2.408512e+01,2.404457e+01,2.417294e+01,2.422019e+01,2.411215e+01,2.417294e+01,2.415943e+01,2.409188e+01,2.411891e+01,2.414593e+01,2.415268e+01,2.416619e+01,2.412566e+01,2.409864e+01,2.411215e+01,2.420670e+01,2.412566e+01,2.422019e+01,2.407837e+01,2.418644e+01,2.416619e+01,2.407161e+01,2.427417e+01,2.425393e+01,2.406485e+01,2.413917e+01,2.415943e+01,2.427417e+01,2.417969e+01,2.414593e+01,2.414593e+01,2.414593e+01,2.410540e+01,2.408512e+01,2.405809e+01,2.418644e+01,2.418644e+01,2.443594e+01,2.477887e+01,2.522768e+01,2.529451e+01,2.528782e+01,2.484598e+01,2.450327e+01,2.426743e+01,2.416619e+01,2.415943e+01,2.420670e+01,2.424044e+01,2.427417e+01,2.445614e+01,2.451673e+01,2.446288e+01,2.438878e+01,2.449654e+01,2.454365e+01,2.469156e+01,2.466469e+01,2.493986e+01,2.495997e+01,2.495326e+01,2.493316e+01,2.493316e+01,2.496667e+01,2.492645e+01,2.498677e+01,2.505375e+01,2.489964e+01,2.479230e+01,2.507383e+01,2.495326e+01,2.499347e+01,2.471172e+01,2.463780e+01,2.462436e+01,2.465124e+01,2.467141e+01,2.455710e+01,2.456383e+01,2.470500e+01,2.443594e+01,2.453019e+01,2.446961e+01,2.459746e+01,2.455038e+01,2.441573e+01,2.443594e+01,2.446961e+01,2.436857e+01,2.426068e+01,2.425393e+01,2.423369e+01,2.420670e+01,2.419319e+01,2.420670e+01,2.420670e+01,2.399723e+01,2.401752e+01,2.395664e+01,2.406485e+01,2.382801e+01,2.382801e+01,2.384833e+01,2.366529e+01,2.364493e+01,2.363136e+01,2.361099e+01,2.350911e+01,2.344113e+01,2.335269e+01,2.340713e+01,2.327099e+01,2.318923e+01,2.318923e+01,2.316195e+01,2.307328e+01,2.318923e+01,2.325737e+01,2.326418e+01,2.320967e+01,2.322330e+01,2.322330e+01,2.323693e+01,2.323012e+01,2.329142e+01,2.345473e+01,2.344113e+01,2.350911e+01,2.355667e+01,2.344113e+01,2.352949e+01,2.354987e+01,2.352270e+01,2.357704e+01,2.354308e+01,2.349552e+01,2.349552e+01,2.347513e+01,2.340032e+01,2.342753e+01,2.333228e+01,2.338672e+01,2.329142e+01,2.331185e+01,2.335269e+01,2.346833e+01,2.390250e+01,2.424044e+01,2.428766e+01,2.445614e+01,2.444941e+01,2.455038e+01,2.438205e+01,2.450327e+01,2.444268e+01,2.444268e+01,2.445614e+01,2.459746e+01,2.446961e+01,2.445614e+01,2.446961e+01,2.446961e+01,2.442921e+01,2.448308e+01,2.444268e+01,2.440226e+01,2.440226e+01,2.444268e+01,2.446961e+01,2.449654e+01,2.451673e+01,2.455038e+01,2.449654e+01,2.450327e+01,2.442921e+01,2.456383e+01,2.453692e+01,2.448308e+01,2.442921e+01,2.448981e+01,2.447635e+01,2.450327e+01,2.444941e+01,2.444941e+01,2.462436e+01,2.448308e+01,2.457056e+01,2.448981e+01,2.467813e+01,2.465796e+01,2.473187e+01,2.524773e+01,2.507383e+01,2.522100e+01,2.520094e+01,2.514075e+01,2.514744e+01,2.503366e+01,2.482585e+01,2.469828e+01,2.463780e+01,2.462436e+01,2.442247e+01,2.441573e+01,2.404457e+01,2.417969e+01,2.386865e+01,2.382123e+01,2.400400e+01,2.437531e+01,2.471172e+01,2.494656e+01,2.489293e+01,2.475201e+01,2.443594e+01,2.435509e+01,2.422694e+01,2.425393e+01,2.432138e+01,2.435509e+01,2.436857e+01,2.440900e+01,2.434835e+01,2.438205e+01,2.428766e+01,2.420670e+01,2.428092e+01,2.442921e+01,2.434161e+01,2.441573e+01,2.430115e+01,2.415943e+01,2.422019e+01,2.429441e+01,2.424044e+01,2.428092e+01,2.428766e+01,2.424719e+01,2.427417e+01,2.419994e+01,2.423369e+01,2.422694e+01,2.425393e+01,2.411891e+01,2.407837e+01,2.415268e+01
2.418644e+01,2.416619e+01,2.422694e+01,2.418644e+01,2.425393e+01,2.406485e+01,2.416619e+01,2.416619e+01,2.420670e+01,2.423369e+01,2.415268e+01,2.412566e+01,2.426743e+01,2.411891e+01,2.414593e+01,2.430790e+01,2.428092e+01,2.418644e+01,2.426743e+01,2.428092e+01,2.422019e+01,2.430790e+01,2.434161e+01,2.433487e+01,2.428092e+01,2.424719e+01,2.425393e+01,2.424719e+01,2.421344e+01,2.430115e+01,2.432138e+01,2.433487e+01,2.439552e+01,2.431464e+01,2.442247e+01,2.434161e+01,2.430115e+01,2.432812e+01,2.440226e+01,2.433487e+01,2.434161e+01,2.445614e+01,2.443594e+01,2.434835e+01,2.430790e+01,2.439552e+01,2.444941e+01,2.440900e+01,2.438878e+01,2.440226e+01,2.440900e+01,2.439552e+01,2.441573e+01,2.441573e+01,2.441573e+01,2.447635e+01,2.446961e+01,2.444268e+01,2.438205e+01,2.443594e+01,2.448308e+01,2.446288e+01,2.453019e+01,2.444268e+01,2.455038e+01,2.445614e+01,2.446961e+01,2.442247e+01,2.438878e+01,2.442247e+01,2.442921e+01,2.440900e+01,2.446961e+01,2.436857e+01,2.436857e+01,2.444268e+01,2.442247e+01,2.435509e+01,2.444268e+01,2.441573e+01,2.434835e+01,2.438205e+01,2.442247e+01,2.433487e+01,2.430790e+01,2.434835e+01,2.397694e+01,2.392958e+01,2.393634e+01,2.427417e+01,2.448981e+01,2.440900e+01,2.436183e+01,2.438205e+01,2.431464e+01,2.436183e+01,2.451673e+01,2.443594e+01,2.441573e+01,2.437531e+01,2.438878e+01,2.426743e+01,2.436183e+01,2.436183e+01,2.432138e+01,2.438205e+01,2.429441e+01,2.428092e+01,2.432138e+01,2.423369e+01,2.430115e+01,2.431464e+01,2.430790e+01,2.436183e+01,2.434835e+01,2.426743e+01,2.434835e+01,2.436183e+01,2.432812e+01,2.434835e+01,2.433487e+01,2.430115e+01,2.430115e+01,2.430115e+01,2.428766e+01,2.442921e+01,2.444268e+01,2.441573e+01,2.424044e+01,2.429441e+01,2.438205e+01,2.437531e+01,2.432812e+01,2.435509e+01,2.427417e+01,2.443594e+01,2.423369e+01,2.439552e+01,2.434835e+01,2.442921e+01,2.440900e+01,2.444941e+01,2.442247e+01,2.440226e+01,2.440900e+01,2.442247e+01,2.448981e+01,2.442247e+01,2.444941e+01,2.446961e+01,2.435509e+01,2.447635e+01,2.448308e+01,2.440900e+01,2.447635e+01,2.440900e+01,2.442247e+01,2.439552e+01,2.445614e+01,2.444941e+01,2.442921e+01,2.448981e+01,2.445614e+01,2.444268e+01,2.448981e+01,2.442247e+01,2.444941e+01,2.442921e+01,2.442921e+01,2.463780e+01,2.440900e+01,2.441573e+01,2.442247e+01,2.442921e+01,2.444941e+01,2.463108e+01,2.455038e+01,2.453019e+01,2.444268e+01,2.438205e+01,2.451000e+01,2.446288e+01,2.444268e+01,2.446961e+01,2.455710e+01,2.444941e+01,2.443594e+01,2.448981e+01,2.448308e+01,2.447635e+01,2.452346e+01,2.448308e+01,2.444268e+01,2.445614e+01,2.452346e+01,2.451000e+01,2.454365e+01,2.455710e+01,2.455710e+01,2.446961e+01,2.451673e+01,2.451673e+01,2.441573e+01,2.455038e+01,2.448308e+01,2.455038e+01,2.453692e+01,2.451000e+01,2.450327e+01,2.446961e+01,2.449654e+01,2.444268e+01,2.451000e+01,2.457728e+01,2.449654e+01,2.451673e+01,2.457056e+01,2.448308e+01,2.455710e+01,2.455038e+01,2.451673e+01,2.446288e+01,2.440226e+01,2.443594e+01,2.447635e+01,2.448308e+01,2.440900e+01,2.441573e+01,2.454365e+01,2.448308e+01,2.439552e+01,2.440226e+01,2.444268e+01,2.443594e+01,2.430115e+01,2.444941e+01,2.447635e+01,2.447635e+01,2.449654e+01,2.440900e+01,2.444268e+01,2.443594e+01,2.432812e+01,2.442247e+01,2.435509e+01,2.440226e+01,2.437531e+01,2.435509e+01,2.435509e+01,2.447635e+01,2.441573e+01,2.438878e+01,2.430790e+01,2.433487e+01,2.436183e+01,2.434835e+01,2.442921e+01,2.434161e+01,2.430790e+01,2.440900e+01,2.434161e+01,2.435509e+01,2.413917e+01,2.428766e+01,2.429441e+01,2.443594e+01,2.442921e+01,2.440900e+01,2.427417e+01,2.439552e+01,2.431464e+01,2.442247e+01,2.434835e+01,2.432138e+01,2.434161e+01,2.428092e+01,2.429441e+01,2.424044e+01,2.424044e+01,2.422694e+01,2.418644e+01,2.419994e+01,2.407837e+01,2.373990e+01,2.364493e+01,2.338672e+01,2.340032e+01,2.359062e+01,2.368564e+01,2.380768e+01,2.415943e+01,2.463108e+01,2.442247e+01,2.432138e+01,2.402428e+01,2.369921e+01,2.367207e+01,2.378735e+01,2.369921e+01,2.371277e+01,2.351590e+01,2.361778e+01,2.365172e+01,2.392958e+01,2.388896e+01,2.392281e+01,2.411891e+01,2.409864e+01,2.443594e+01,2.491975e+01,2.446961e+01,2.404457e+01,2.442247e+01,2.447635e+01,2.462436e+01,2.405133e+01,2.374668e+01,2.346153e+01,2.348192e+01,2.330504e+01,2.333228e+01,2.348872e+01,2.363814e+01,2.363814e+01,2.354308e+01,2.320286e+01,2.314832e+01,2.323012e+01,2.320967e+01,2.321649e+01,2.354308e+01,2.361778e+01,2.339352e+01,2.340713e+01,2.411891e+01,2.544804e+01,2.669468e+01,2.722075e+01,2.702378e+01,2.654295e+01,2.566793e+01,2.455710e+01,2.377380e+01,2.403781e+01,2.434161e+01,2.428766e+01,2.422019e+01,2.370599e+01,2.359062e+01,2.333908e+01,2.348872e+01,2.354308e+01,2.340713e+01,2.356346e+01,2.331185e+01,2.333908e+01,2.308010e+01,2.308693e+01,2.311422e+01,2.318923e+01,2.322330e+01,2.348192e+01,2.349552e+01,2.342073e+01,2.334589e+01,2.370599e+01,2.430115e+01,2.427417e+01,2.382123e+01,2.340032e+01,2.335950e+01,2.327099e+01,2.330504e+01,2.329142e+01,2.305280e+01,2.300501e+01,2.297769e+01,2.344793e+01,2.368564e+01,2.352270e+01,2.361778e+01,2.365850e+01,2.355667e+01,2.361099e+01,2.380091e+01,2.416619e+01,2.412566e+01,2.413242e+01,2.421344e+01,2.417294e+01,2.413917e+01,2.415943e+01,2.411891e+01,2.409864e+01,2.407161e+01,2.409864e+01,2.415943e+01,2.422694e+01,2.417294e+01,2.425393e+01,2.415943e+01,2.412566e+01,2.417969e+01,2.419994e+01,2.419994e+01,2.413242e+01,2.411891e+01,2.411215e+01,2.419994e+01,2.411891e+01,2.413242e+01,2.414593e+01,2.419319e+01,2.421344e+01,2.422694e+01,2.419994e+01,2.404457e+01,2.407837e+01,2.424719e+01,2.410540e+01,2.411215e+01,2.415943e+01,2.417294e+01,2.418644e+01,2.410540e+01,2.416619e+01,2.417294e+01,2.420670e+01,2.419994e+01,2.409188e+01,2.417294e+01,2.447635e+01,2.489964e+01,2.523437e+01,2.493316e+01,2.469828e+01,2.448308e+01,2.434161e+01,2.420670e+01,2.428766e+01,2.422019e+01,2.426743e+01,2.424719e+01,2.426068e+01,2.424719e+01,2.423369e+01,2.439552e+01,2.421344e+01,2.438878e+01,2.453019e+01,2.460419e+01,2.464452e+01,2.467141e+01,2.470500e+01,2.473858e+01,2.491975e+01,2.491975e+01,2.492645e+01,2.488622e+01,2.491305e+01,2.487952e+01,2.483927e+01,2.475873e+01,2.504705e+01,2.461763e+01,2.467813e+01,2.458401e+01,2.462436e+01,2.463780e+01,2.440900e+01,2.454365e+01,2.453019e+01,2.452346e+01,2.441573e+01,2.449654e+01,2.445614e+01,2.440900e+01,2.439552e+01,2.442921e+01,2.441573e+01,2.440900e+01,2.436857e+01,2.444941e+01,2.427417e+01,2.428092e+01,2.427417e+01,2.423369e+01,2.413242e+01,2.406485e+01,2.409864e+01,2.405133e+01,2.409188e+01,2.387542e+01,2.397018e+01,2.381446e+01,2.382801e+01,2.367886e+01,2.368564e+01,2.368564e+01,2.367886e+01,2.354308e+01,2.342073e+01,2.342073e+01,2.332547e+01,2.335269e+01,2.332547e+01,2.318923e+01,2.314150e+01,2.317559e+01,2.307328e+01,2.302550e+01,2.316195e+01,2.320967e+01,2.320967e+01,2.319604e+01,2.325056e+01,2.322330e+01,2.325737e+01,2.333908e+01,2.327780e+01,2.335950e+01,2.333908e+01,2.348192e+01,2.350911e+01,2.355667e+01,2.348192e+01,2.353629e+01,2.348192e+01,2.351590e+01,2.357704e+01,2.346833e+01,2.357025e+01,2.340713e+01,2.346153e+01,2.340032e+01,2.344113e+01,2.343433e+01,2.334589e+01,2.333228e+01,2.327780e+01,2.354987e+01,2.396341e+01,2.422694e+01,2.423369e+01,2.432138e+01,2.434161e+01,2.444268e+01,2.433487e+01,2.449654e+01,2.433487e+01,2.429441e+01,2.446288e+01,2.444268e+01,2.449654e+01,2.444268e+01,2.442921e+01,2.422694e+01,2.447635e+01,2.437531e+01,2.447635e+01,2.440900e+01,2.440900e+01,2.448981e+01,2.439552e+01,2.449654e+01,2.449654e+01,2.450327e+01,2.429441e+01,2.448308e+01,2.440900e+01,2.448308e+01,2.446961e+01,2.449654e+01,2.446288e+01,2.449654e+01,2.445614e+01,2.442247e+01,2.460419e+01,2.444941e+01,2.455038e+01,2.446288e+01,2.456383e+01,2.461091e+01,2.485940e+01,2.501357e+01,2.508722e+01,2.509391e+01,2.526778e+01,2.521431e+01,2.518088e+01,2.514744e+01,2.512068e+01,2.516082e+01,2.513406e+01,2.497337e+01,2.493316e+01,2.472515e+01,2.450327e+01,2.447635e+01,2.397694e+01,2.396341e+01,2.387542e+01,2.391604e+01,2.443594e+01,2.476544e+01,2.502696e+01,2.485269e+01,2.461763e+01,2.436857e+01,2.430790e+01,2.424044e+01,2.424719e+01,2.441573e+01,2.431464e+01,2.442247e+01,2.438878e+01,2.435509e+01,2.424719e+01,2.442921e+01,2.426068e+01,2.415268e+01,2.426743e+01,2.420670e+01,2.433487e+01,2.426743e+01,2.434835e+01,2.428092e+01,2.413242e+01,2.434161e+01,2.422019e+01,2.428766e+01,2.410540e+01,2.428092e+01,2.422694e+01,2.423369e+01,2.412566e+01,2.421344e+01,2.417294e+01,2.427417e+01,2.413242e+01
2.418644e+01,2.420670e+01,2.409864e+01,2.413917e+01,2.413242e+01,2.419994e+01,2.422694e+01,2.412566e+01,2.422019e+01,2.413242e+01,2.410540e+01,2.427417e+01,2.420670e+01,2.407837e+01,2.411891e+01,2.422694e+01,2.409864e+01,2.411215e+01,2.421344e+01,2.419319e+01,2.429441e+01,2.420670e+01,2.422019e+01,2.434161e+01,2.428766e+01,2.423369e+01,2.424044e+01,2.432138e+01,2.441573e+01,2.425393e+01,2.436183e+01,2.437531e+01,2.431464e+01,2.428766e+01,2.448308e+01,2.434161e+01,2.444268e+01,2.434835e+01,2.424719e+01,2.441573e+01,2.436183e+01,2.439552e+01,2.449654e+01,2.442921e+01,2.441573e+01,2.432812e+01,2.440226e+01,2.440226e+01,2.432138e+01,2.442247e+01,2.437531e+01,2.434161e+01,2.440226e+01,2.440900e+01,2.456383e+01,2.439552e+01,2.429441e+01,2.441573e+01,2.442247e+01,2.446961e+01,2.434835e+01,2.436857e+01,2.447635e+01,2.448308e+01,2.440226e+01,2.438878e+01,2.450327e+01,2.438878e+01,2.431464e+01,2.438205e+01,2.446961e+01,2.463108e+01,2.440226e+01,2.436183e+01,2.445614e+01,2.440226e+01,2.442921e+01,2.436183e+01,2.437531e+01,2.437531e+01,2.436183e+01,2.435509e+01,2.435509e+01,2.436857e+01,2.438205e+01,2.444941e+01,2.413242e+01,2.403105e+01,2.373990e+01,2.398371e+01,2.435509e+01,2.434161e+01,2.429441e+01,2.436857e+01,2.438878e+01,2.442247e+01,2.426068e+01,2.428766e+01,2.440226e+01,2.441573e+01,2.438878e+01,2.437531e+01,2.436857e+01,2.443594e+01,2.433487e+01,2.440900e+01,2.431464e+01,2.439552e+01,2.431464e+01,2.424044e+01,2.428092e+01,2.427417e+01,2.434161e+01,2.432812e+01,2.435509e+01,2.437531e+01,2.435509e+01,2.430790e+01,2.437531e+01,2.439552e+01,2.428766e+01,2.428766e+01,2.434161e+01,2.428092e+01,2.431464e+01,2.437531e+01,2.426743e+01,2.438205e+01,2.433487e+01,2.440900e+01,2.436857e+01,2.442247e+01,2.433487e+01,2.432138e+01,2.432812e+01,2.429441e+01,2.438878e+01,2.440900e+01,2.444268e+01,2.440226e+01,2.446961e+01,2.438205e+01,2.440900e+01,2.442247e+01,2.438878e+01,2.439552e+01,2.443594e+01,2.444941e+01,2.446961e+01,2.440226e+01,2.442247e+01,2.446288e+01,2.469156e+01,2.444268e+01,2.444941e+01,2.441573e+01,2.442921e+01,2.440900e+01,2.439552e+01,2.441573e+01,2.452346e+01,2.442247e+01,2.444941e+01,2.446288e+01,2.444268e+01,2.448981e+01,2.435509e+01,2.440900e+01,2.433487e+01,2.440226e+01,2.449654e+01,2.444268e+01,2.444941e+01,2.443594e+01,2.444268e+01,2.460419e+01,2.455710e+01,2.447635e+01,2.441573e+01,2.448308e+01,2.446961e+01,2.452346e+01,2.458401e+01,2.459073e+01,2.454365e+01,2.442247e+01,2.446288e+01,2.457056e+01,2.460419e+01,2.446961e+01,2.453019e+01,2.436857e+01,2.441573e+01,2.447635e+01,2.455710e+01,2.455038e+01,2.454365e+01,2.453692e+01,2.451000e+01,2.450327e+01,2.448981e+01,2.447635e+01,2.449654e+01,2.449654e+01,2.446288e+01,2.453019e+01,2.446961e+01,2.453019e+01,2.456383e+01,2.449654e+01,2.445614e+01,2.443594e+01,2.442921e+01,2.441573e+01,2.451673e+01,2.456383e+01,2.455710e+01,2.455038e+01,2.448308e+01,2.452346e+01,2.453692e+01,2.453019e+01,2.444268e+01,2.446288e+01,2.451673e+01,2.448981e+01,2.442247e+01,2.443594e+01,2.448308e+01,2.444941e+01,2.442247e+01,2.449654e+01,2.441573e+01,2.443594e+01,2.446961e+01,2.446288e+01,2.447635e+01,2.448308e+01,2.437531e+01,2.446961e+01,2.443594e+01,2.434161e+01,2.446961e+01,2.433487e+01,2.440900e+01,2.432812e+01,2.442247e+01,2.430115e+01,2.438205e+01,2.451673e+01,2.436857e+01,2.434161e+01,2.441573e+01,2.448308e+01,2.438878e+01,2.438878e+01,2.438205e+01,2.430790e+01,2.439552e+01,2.436857e+01,2.431464e+01,2.425393e+01,2.439552e+01,2.437531e+01,2.438205e+01,2.442921e+01,2.439552e+01,2.434835e+01,2.440226e+01,2.432812e+01,2.429441e+01,2.434161e+01,2.436857e+01,2.430790e+01,2.425393e+01,2.426743e+01,2.428092e+01,2.429441e+01,2.427417e+01,2.430115e+01,2.428092e+01,2.417294e+01,2.423369e+01,2.411891e+01,2.392281e+01,2.394988e+01,2.399047e+01,2.382801e+01,2.373312e+01,2.357704e+01,2.432138e+01,2.528782e+01,2.548805e+01,2.528115e+01,2.431464e+01,2.375346e+01,2.350911e+01,2.365172e+01,2.367886e+01,2.386187e+01,2.376024e+01,2.360420e+01,2.375346e+01,2.359741e+01,2.376024e+01,2.367886e+01,2.400400e+01,2.389573e+01,2.407161e+01,2.413917e+01,2.424719e+01,2.487281e+01,2.455038e+01,2.401752e+01,2.375346e+01,2.344113e+01,2.340032e+01,2.333228e+01,2.384155e+01,2.374668e+01,2.327099e+01,2.358383e+01,2.360420e+01,2.364493e+01,2.328461e+01,2.303915e+01,2.303915e+01,2.312104e+01,2.299135e+01,2.322330e+01,2.328461e+01,2.326418e+01,2.299135e+01,2.326418e+01,2.358383e+01,2.386865e+01,2.420670e+01,2.551472e+01,2.576773e+01,2.578768e+01,2.553472e+01,2.463780e+01,2.376024e+01,2.428766e+01,2.488622e+01,2.454365e+01,2.427417e+01,2.415943e+01,2.373990e+01,2.387542e+01,2.375346e+01,2.337991e+01,2.335269e+01,2.361778e+01,2.361099e+01,2.335269e+01,2.306645e+01,2.312786e+01,2.308010e+01,2.308010e+01,2.310057e+01,2.314150e+01,2.316195e+01,2.319604e+01,2.320286e+01,2.320967e+01,2.405809e+01,2.430790e+01,2.425393e+01,2.411891e+01,2.350911e+01,2.335950e+01,2.348872e+01,2.327780e+01,2.295037e+01,2.301184e+01,2.274519e+01,2.311422e+01,2.325056e+01,2.335950e+01,2.340032e+01,2.359741e+01,2.363136e+01,2.385510e+01,2.388219e+01,2.405133e+01,2.426068e+01,2.422694e+01,2.429441e+01,2.409864e+01,2.397694e+01,2.411891e+01,2.411891e+01,2.417969e+01,2.415268e+01,2.413242e+01,2.409188e+01,2.412566e+01,2.417969e+01,2.423369e+01,2.417969e+01,2.421344e+01,2.409188e+01,2.415268e+01,2.417294e+01,2.412566e+01,2.409864e+01,2.417294e+01,2.411215e+01,2.414593e+01,2.421344e+01,2.419319e+01,2.415943e+01,2.414593e+01,2.409188e+01,2.411891e+01,2.409864e+01,2.404457e+01,2.410540e+01,2.412566e+01,2.419319e+01,2.415268e+01,2.417969e+01,2.422694e+01,2.417969e+01,2.419319e+01,2.406485e+01,2.406485e+01,2.407161e+01,2.404457e+01,2.414593e+01,2.451000e+01,2.488622e+01,2.490634e+01,2.469828e+01,2.448308e+01,2.428092e+01,2.423369e+01,2.416619e+01,2.426743e+01,2.419319e+01,2.426068e+01,2.419319e+01,2.423369e+01,2.424044e+01,2.416619e+01,2.421344e+01,2.426743e+01,2.427417e+01,2.426068e+01,2.442247e+01,2.470500e+01,2.461091e+01,2.471172e+01,2.467813e+01,2.479901e+01,2.483927e+01,2.478558e+01,2.487952e+01,2.487952e+01,2.466469e+01,2.485940e+01,2.476544e+01,2.465124e+01,2.469156e+01,2.461763e+01,2.460419e+01,2.446961e+01,2.434835e+01,2.434161e+01,2.442921e+01,2.445614e+01,2.436857e+01,2.438878e+01,2.434835e+01,2.438878e+01,2.446288e+01,2.439552e+01,2.422019e+01,2.441573e+01,2.439552e+01,2.442247e+01,2.440900e+01,2.426743e+01,2.438205e+01,2.422019e+01,2.419319e+01,2.411891e+01,2.409864e+01,2.402428e+01,2.407837e+01,2.398371e+01,2.392281e+01,2.384833e+01,2.390250e+01,2.381446e+01,2.391604e+01,2.354308e+01,2.365850e+01,2.364493e+01,2.355667e+01,2.340032e+01,2.338672e+01,2.336630e+01,2.335269e+01,2.316195e+01,2.315514e+01,2.315514e+01,2.309375e+01,2.310739e+01,2.312786e+01,2.306645e+01,2.324374e+01,2.319604e+01,2.319604e+01,2.316877e+01,2.332547e+01,2.331866e+01,2.327780e+01,2.326418e+01,2.342073e+01,2.342073e+01,2.349552e+01,2.345473e+01,2.359062e+01,2.348192e+01,2.350911e+01,2.350911e+01,2.345473e+01,2.340713e+01,2.335950e+01,2.352270e+01,2.345473e+01,2.349552e+01,2.339352e+01,2.344793e+01,2.330504e+01,2.329823e+01,2.344113e+01,2.351590e+01,2.346833e+01,2.358383e+01,2.369921e+01,2.386187e+01,2.426743e+01,2.432812e+01,2.440226e+01,2.430790e+01,2.446288e+01,2.456383e+01,2.457056e+01,2.456383e+01,2.456383e+01,2.438878e+01,2.451000e+01,2.430115e+01,2.447635e+01,2.441573e+01,2.428766e+01,2.412566e+01,2.441573e+01,2.442921e+01,2.446961e+01,2.451000e+01,2.450327e+01,2.448981e+01,2.453692e+01,2.435509e+01,2.450327e+01,2.447635e+01,2.447635e+01,2.460419e+01,2.451000e+01,2.448308e+01,2.443594e+01,2.440226e+01,2.428092e+01,2.444268e+01,2.451000e+01,2.444941e+01,2.448308e+01,2.449654e+01,2.466469e+01,2.491305e+01,2.511399e+01,2.525442e+01,2.542802e+01,2.546805e+01,2.530787e+01,2.524105e+01,2.538799e+01,2.536796e+01,2.528782e+01,2.519426e+01,2.519426e+01,2.522100e+01,2.512068e+01,2.484598e+01,2.481243e+01,2.451000e+01,2.425393e+01,2.419319e+01,2.453692e+01,2.504705e+01,2.521431e+01,2.489293e+01,2.487952e+01,2.474530e+01,2.434835e+01,2.424044e+01,2.428766e+01,2.435509e+01,2.439552e+01,2.436183e+01,2.438205e+01,2.437531e+01,2.432812e+01,2.418644e+01,2.433487e+01,2.435509e+01,2.429441e+01,2.417969e+01,2.426068e+01,2.433487e+01,2.428766e+01,2.435509e+01,2.433487e+01,2.436857e+01,2.420670e+01,2.425393e+01,2.430115e+01,2.409188e+01,2.413242e+01,2.415268e+01,2.416619e+01,2.417969e+01,2.413917e+01,2.411891e+01,2.397018e+01,2.412566e+01
2.415943e+01,2.406485e+01,2.423369e+01,2.421344e+01,2.422019e+01,2.413917e+01,2.424044e+01,2.413917e+01,2.411891e+01,2.418644e+01,2.407837e+01,2.424719e+01,2.425393e+01,2.418644e+01,2.419319e+01,2.424044e+01,2.426068e+01,2.404457e+01,2.424044e+01,2.416619e+01,2.407161e+01,2.430115e+01,2.432812e+01,2.428766e+01,2.436183e+01,2.427417e+01,2.428092e+01,2.431464e+01,2.436183e+01,2.432812e+01,2.430115e+01,2.426068e+01,2.432138e+01,2.432812e+01,2.427417e+01,2.430790e+01,2.436857e+01,2.424044e+01,2.432812e+01,2.439552e+01,2.427417e+01,2.424719e+01,2.450327e+01,2.425393e+01,2.443594e+01,2.428766e+01,2.435509e+01,2.434835e+01,2.446288e+01,2.432138e+01,2.436857e+01,2.438205e+01,2.441573e+01,2.441573e+01,2.441573e+01,2.450327e+01,2.443594e+01,2.431464e+01,2.438878e+01,2.444268e+01,2.444268e+01,2.440900e+01,2.443594e+01,2.435509e+01,2.442921e+01,2.443594e+01,2.446288e+01,2.443594e+01,2.440226e+01,2.438878e+01,2.439552e+01,2.440226e+01,2.443594e+01,2.445614e+01,2.442247e+01,2.448981e+01,2.441573e+01,2.446288e+01,2.437531e+01,2.440226e+01,2.443594e+01,2.442247e+01,2.438878e+01,2.438205e+01,2.432138e+01,2.431464e+01,2.434835e+01,2.402428e+01,2.374668e+01,2.381446e+01,2.436183e+01,2.438205e+01,2.438205e+01,2.438878e+01,2.426068e+01,2.438205e+01,2.428766e+01,2.442921e+01,2.440226e+01,2.438205e+01,2.435509e+01,2.437531e+01,2.436183e+01,2.438205e+01,2.434161e+01,2.428766e+01,2.432812e+01,2.434161e+01,2.430115e+01,2.432138e+01,2.430790e+01,2.426743e+01,2.440900e+01,2.438878e+01,2.426068e+01,2.437531e+01,2.434835e+01,2.432812e+01,2.430115e+01,2.431464e+01,2.430790e+01,2.442921e+01,2.419319e+01,2.428092e+01,2.434161e+01,2.442921e+01,2.440900e+01,2.442247e+01,2.425393e+01,2.438878e+01,2.432812e+01,2.433487e+01,2.428092e+01,2.420670e+01,2.431464e+01,2.436857e+01,2.435509e+01,2.437531e+01,2.445614e+01,2.448308e+01,2.440900e+01,2.448981e+01,2.437531e+01,2.440226e+01,2.442247e+01,2.442247e+01,2.444941e+01,2.441573e+01,2.438205e+01,2.440226e+01,2.440900e+01,2.443594e+01,2.449654e+01,2.443594e+01,2.438878e+01,2.447635e+01,2.442247e+01,2.448308e+01,2.441573e+01,2.441573e+01,2.448308e+01,2.441573e+01,2.442247e+01,2.444268e+01,2.442247e+01,2.444268e+01,2.442247e+01,2.451000e+01,2.442247e+01,2.451000e+01,2.442247e+01,2.440226e+01,2.442921e+01,2.447635e+01,2.447635e+01,2.453019e+01,2.453019e+01,2.453019e+01,2.439552e+01,2.438205e+01,2.442921e+01,2.442921e+01,2.445614e+01,2.446288e+01,2.444941e+01,2.450327e+01,2.442921e+01,2.449654e+01,2.447635e+01,2.452346e+01,2.442247e+01,2.437531e+01,2.446288e+01,2.445614e+01,2.455038e+01,2.446961e+01,2.453019e+01,2.455038e+01,2.452346e+01,2.446288e+01,2.455038e+01,2.443594e+01,2.448981e+01,2.446961e+01,2.458401e+01,2.446961e+01,2.448981e+01,2.444268e+01,2.457728e+01,2.450327e+01,2.444941e+01,2.445614e+01,2.455710e+01,2.442247e+01,2.446288e+01,2.447635e+01,2.446288e+01,2.453019e+01,2.455710e+01,2.447635e+01,2.444268e+01,2.442247e+01,2.447635e+01,2.442247e+01,2.444268e+01,2.447635e+01,2.446961e+01,2.448308e+01,2.449654e+01,2.453019e+01,2.433487e+01,2.440226e+01,2.444941e+01,2.440900e+01,2.444268e+01,2.446961e+01,2.445614e+01,2.446961e+01,2.442921e+01,2.442247e+01,2.445614e+01,2.450327e+01,2.444941e+01,2.441573e+01,2.441573e+01,2.436183e+01,2.434161e+01,2.434161e+01,2.432812e+01,2.448308e+01,2.437531e+01,2.439552e+01,2.432138e+01,2.434835e+01,2.435509e+01,2.436857e+01,2.433487e+01,2.446288e+01,2.442247e+01,2.430115e+01,2.434161e+01,2.438205e+01,2.426743e+01,2.438878e+01,2.432138e+01,2.434835e+01,2.438205e+01,2.423369e+01,2.426743e+01,2.432138e+01,2.428766e+01,2.426743e+01,2.426743e+01,2.430790e+01,2.435509e+01,2.426068e+01,2.433487e+01,2.430115e+01,2.431464e+01,2.416619e+01,2.422694e+01,2.414593e+01,2.412566e+01,2.407161e+01,2.426068e+01,2.425393e+01,2.399047e+01,2.396341e+01,2.356346e+01,2.359741e+01,2.376702e+01,2.391604e+01,2.395664e+01,2.388219e+01,2.374668e+01,2.368564e+01,2.360420e+01,2.354308e+01,2.375346e+01,2.394988e+01,2.397694e+01,2.423369e+01,2.426743e+01,2.419319e+01,2.401752e+01,2.374668e+01,2.373312e+01,2.406485e+01,2.412566e+01,2.394311e+01,2.369242e+01,2.376702e+01,2.380768e+01,2.377380e+01,2.340713e+01,2.337311e+01,2.338672e+01,2.345473e+01,2.370599e+01,2.335269e+01,2.350231e+01,2.403105e+01,2.340032e+01,2.339352e+01,2.320967e+01,2.318923e+01,2.320286e+01,2.312104e+01,2.305963e+01,2.312104e+01,2.323012e+01,2.320967e+01,2.298452e+01,2.346833e+01,2.387542e+01,2.369242e+01,2.388896e+01,2.485940e+01,2.618586e+01,2.580097e+01,2.461763e+01,2.386865e+01,2.387542e+01,2.481914e+01,2.545471e+01,2.515413e+01,2.516082e+01,2.430790e+01,2.374668e+01,2.431464e+01,2.434161e+01,2.378735e+01,2.426743e+01,2.386187e+01,2.358383e+01,2.361099e+01,2.335950e+01,2.325737e+01,2.320286e+01,2.314150e+01,2.305963e+01,2.307328e+01,2.284783e+01,2.286151e+01,2.301184e+01,2.314150e+01,2.341393e+01,2.365850e+01,2.386187e+01,2.382801e+01,2.333908e+01,2.324374e+01,2.331185e+01,2.331185e+01,2.297086e+01,2.298452e+01,2.258076e+01,2.301184e+01,2.300501e+01,2.300501e+01,2.314150e+01,2.354308e+01,2.366529e+01,2.382123e+01,2.410540e+01,2.410540e+01,2.408512e+01,2.410540e+01,2.413917e+01,2.403105e+01,2.417969e+01,2.412566e+01,2.415943e+01,2.420670e+01,2.422019e+01,2.412566e+01,2.409864e+01,2.409188e+01,2.421344e+01,2.415943e+01,2.419994e+01,2.406485e+01,2.407837e+01,2.409188e+01,2.407837e+01,2.418644e+01,2.413917e+01,2.401076e+01,2.413917e+01,2.407837e+01,2.410540e+01,2.416619e+01,2.417294e+01,2.419994e+01,2.418644e+01,2.409864e+01,2.422694e+01,2.403781e+01,2.411215e+01,2.420670e+01,2.424044e+01,2.411215e+01,2.421344e+01,2.410540e+01,2.408512e+01,2.419994e+01,2.408512e+01,2.408512e+01,2.407161e+01,2.405133e+01,2.427417e+01,2.443594e+01,2.484598e+01,2.483256e+01,2.446288e+01,2.423369e+01,2.414593e+01,2.418644e+01,2.416619e+01,2.419994e+01,2.425393e+01,2.419994e+01,2.413917e+01,2.417969e+01,2.421344e+01,2.425393e+01,2.405133e+01,2.415943e+01,2.440900e+01,2.448981e+01,2.457056e+01,2.455038e+01,2.470500e+01,2.468484e+01,2.471844e+01,2.469828e+01,2.485269e+01,2.469828e+01,2.465124e+01,2.460419e+01,2.463108e+01,2.466469e+01,2.465796e+01,2.450327e+01,2.441573e+01,2.444941e+01,2.439552e+01,2.436183e+01,2.430115e+01,2.425393e+01,2.434161e+01,2.422694e+01,2.426068e+01,2.428092e+01,2.438205e+01,2.436857e+01,2.434161e+01,2.438205e+01,2.441573e+01,2.422694e+01,2.425393e+01,2.426068e+01,2.426068e+01,2.426068e+01,2.425393e+01,2.426068e+01,2.422019e+01,2.423369e+01,2.410540e+01,2.408512e+01,2.399047e+01,2.395664e+01,2.401076e+01,2.371277e+01,2.390250e+01,2.377380e+01,2.369242e+01,2.354987e+01,2.357025e+01,2.353629e+01,2.355667e+01,2.340713e+01,2.338672e+01,2.333228e+01,2.335950e+01,2.331185e+01,2.308693e+01,2.316195e+01,2.315514e+01,2.314150e+01,2.314832e+01,2.319604e+01,2.323693e+01,2.312786e+01,2.310057e+01,2.326418e+01,2.316195e+01,2.314832e+01,2.322330e+01,2.328461e+01,2.335950e+01,2.340713e+01,2.341393e+01,2.349552e+01,2.348192e+01,2.354308e+01,2.350231e+01,2.359741e+01,2.345473e+01,2.344113e+01,2.346153e+01,2.342753e+01,2.343433e+01,2.347513e+01,2.338672e+01,2.333228e+01,2.335950e+01,2.339352e+01,2.340032e+01,2.352949e+01,2.352949e+01,2.367207e+01,2.361778e+01,2.378057e+01,2.427417e+01,2.430115e+01,2.444941e+01,2.436857e+01,2.444941e+01,2.457728e+01,2.457056e+01,2.458401e+01,2.473187e+01,2.456383e+01,2.451000e+01,2.449654e+01,2.449654e+01,2.459073e+01,2.412566e+01,2.430790e+01,2.413917e+01,2.436183e+01,2.440226e+01,2.451673e+01,2.450327e+01,2.444268e+01,2.444268e+01,2.438205e+01,2.449654e+01,2.453692e+01,2.447635e+01,2.444941e+01,2.442921e+01,2.453692e+01,2.437531e+01,2.417294e+01,2.439552e+01,2.436857e+01,2.445614e+01,2.452346e+01,2.457728e+01,2.454365e+01,2.483256e+01,2.527446e+01,2.527446e+01,2.540133e+01,2.561466e+01,2.562798e+01,2.539466e+01,2.552805e+01,2.539466e+01,2.567459e+01,2.566127e+01,2.547471e+01,2.542135e+01,2.550805e+01,2.542135e+01,2.511399e+01,2.507383e+01,2.514075e+01,2.482585e+01,2.502696e+01,2.514075e+01,2.519426e+01,2.523437e+01,2.496667e+01,2.477216e+01,2.463108e+01,2.435509e+01,2.422694e+01,2.426743e+01,2.424044e+01,2.439552e+01,2.421344e+01,2.443594e+01,2.432138e+01,2.427417e+01,2.419319e+01,2.434835e+01,2.426743e+01,2.431464e+01,2.425393e+01,2.431464e+01,2.430115e+01,2.419319e+01,2.416619e+01,2.417969e+01,2.418644e+01,2.418644e+01,2.416619e+01,2.417969e+01,2.411891e+01,2.422019e+01,2.426068e+01,2.411891e+01,2.413917e+01,2.414593e+01,2.412566e+01,2.424044e+01,2.402428e+01
2.402428e+01,2.401076e+01,2.405133e+01,2.410540e+01,2.415943e+01,2.411215e+01,2.412566e+01,2.421344e+01,2.415943e+01,2.398371e+01,2.412566e+01,2.398371e+01,2.421344e+01,2.425393e+01,2.426068e+01,2.405809e+01,2.407161e+01,2.406485e+01,2.422694e+01,2.419994e+01,2.415943e+01,2.422019e+01,2.428766e+01,2.426068e+01,2.428766e+01,2.432138e+01,2.432138e+01,2.426068e+01,2.430790e+01,2.426743e+01,2.436183e+01,2.437531e+01,2.421344e+01,2.430790e+01,2.424044e+01,2.434161e+01,2.434835e+01,2.434161e+01,2.430115e+01,2.428766e+01,2.428766e+01,2.430115e+01,2.425393e+01,2.435509e+01,2.426068e+01,2.428766e+01,2.427417e+01,2.436857e+01,2.438878e+01,2.440900e+01,2.437531e+01,2.438878e+01,2.443594e+01,2.437531e+01,2.441573e+01,2.446961e+01,2.447635e+01,2.446288e+01,2.444268e+01,2.437531e+01,2.434835e+01,2.436183e+01,2.457056e+01,2.453019e+01,2.445614e+01,2.445614e+01,2.442247e+01,2.443594e+01,2.428092e+01,2.436183e+01,2.442921e+01,2.434835e+01,2.439552e+01,2.440900e+01,2.444268e+01,2.443594e+01,2.433487e+01,2.444268e+01,2.444941e+01,2.437531e+01,2.448308e+01,2.438878e+01,2.438878e+01,2.443594e+01,2.440900e+01,2.435509e+01,2.434161e+01,2.429441e+01,2.399723e+01,2.371277e+01,2.387542e+01,2.433487e+01,2.435509e+01,2.438205e+01,2.435509e+01,2.438205e+01,2.434161e+01,2.444268e+01,2.433487e+01,2.434835e+01,2.439552e+01,2.441573e+01,2.440226e+01,2.438878e+01,2.426743e+01,2.438878e+01,2.437531e+01,2.430790e+01,2.428766e+01,2.432138e+01,2.435509e+01,2.434161e+01,2.436857e+01,2.432812e+01,2.434161e+01,2.435509e+01,2.430115e+01,2.434161e+01,2.436183e+01,2.432138e+01,2.436857e+01,2.441573e+01,2.432812e+01,2.434835e+01,2.426743e+01,2.434835e+01,2.442247e+01,2.438205e+01,2.431464e+01,2.430115e+01,2.430115e+01,2.432138e+01,2.430790e+01,2.431464e+01,2.443594e+01,2.438205e+01,2.440900e+01,2.440226e+01,2.444941e+01,2.444268e+01,2.441573e+01,2.438878e+01,2.442247e+01,2.441573e+01,2.443594e+01,2.442247e+01,2.435509e+01,2.438205e+01,2.436183e+01,2.435509e+01,2.442247e+01,2.446288e+01,2.429441e+01,2.444268e+01,2.436183e+01,2.451000e+01,2.440900e+01,2.446288e+01,2.441573e+01,2.449654e+01,2.446288e+01,2.443594e+01,2.449654e+01,2.432138e+01,2.441573e+01,2.440900e+01,2.438205e+01,2.435509e+01,2.435509e+01,2.444268e+01,2.430115e+01,2.441573e+01,2.444941e+01,2.451000e+01,2.442921e+01,2.447635e+01,2.446961e+01,2.461091e+01,2.444941e+01,2.448981e+01,2.447635e+01,2.461091e+01,2.440900e+01,2.447635e+01,2.446288e+01,2.443594e+01,2.443594e+01,2.451673e+01,2.450327e+01,2.451000e+01,2.451673e+01,2.446288e+01,2.448981e+01,2.454365e+01,2.456383e+01,2.447635e+01,2.444941e+01,2.453692e+01,2.453692e+01,2.443594e+01,2.451000e+01,2.445614e+01,2.453019e+01,2.446288e+01,2.446288e+01,2.446961e+01,2.445614e+01,2.448981e+01,2.445614e+01,2.449654e+01,2.450327e+01,2.442247e+01,2.458401e+01,2.450327e+01,2.446961e+01,2.452346e+01,2.452346e+01,2.453692e+01,2.450327e+01,2.453692e+01,2.453019e+01,2.453692e+01,2.440900e+01,2.450327e+01,2.444941e+01,2.443594e+01,2.442921e+01,2.441573e+01,2.448308e+01,2.443594e+01,2.447635e+01,2.455038e+01,2.440226e+01,2.440900e+01,2.445614e+01,2.430115e+01,2.456383e+01,2.448308e+01,2.441573e+01,2.446288e+01,2.450327e+01,2.439552e+01,2.446961e+01,2.451000e+01,2.438205e+01,2.445614e+01,2.436183e+01,2.452346e+01,2.448308e+01,2.454365e+01,2.424044e+01,2.436183e+01,2.442247e+01,2.434161e+01,2.434161e+01,2.432812e+01,2.435509e+01,2.445614e+01,2.439552e+01,2.435509e+01,2.428766e+01,2.437531e+01,2.438878e+01,2.436857e+01,2.434835e+01,2.433487e+01,2.433487e+01,2.428092e+01,2.422694e+01,2.426743e+01,2.434161e+01,2.432812e+01,2.429441e+01,2.430115e+01,2.432812e+01,2.425393e+01,2.432812e+01,2.430115e+01,2.434161e+01,2.415943e+01,2.414593e+01,2.414593e+01,2.417294e+01,2.425393e+01,2.422694e+01,2.403105e+01,2.401076e+01,2.397018e+01,2.394311e+01,2.383478e+01,2.387542e+01,2.379413e+01,2.366529e+01,2.355667e+01,2.361099e+01,2.369242e+01,2.362457e+01,2.361778e+01,2.391604e+01,2.392958e+01,2.394311e+01,2.406485e+01,2.397018e+01,2.389573e+01,2.409864e+01,2.411215e+01,2.414593e+01,2.409188e+01,2.406485e+01,2.384155e+01,2.365850e+01,2.383478e+01,2.377380e+01,2.354308e+01,2.358383e+01,2.340032e+01,2.342753e+01,2.356346e+01,2.345473e+01,2.346153e+01,2.358383e+01,2.359741e+01,2.337991e+01,2.337311e+01,2.332547e+01,2.321649e+01,2.299135e+01,2.323012e+01,2.322330e+01,2.299135e+01,2.325056e+01,2.320967e+01,2.326418e+01,2.366529e+01,2.423369e+01,2.380768e+01,2.401752e+01,2.447635e+01,2.422019e+01,2.390250e+01,2.374668e+01,2.360420e+01,2.385510e+01,2.465124e+01,2.490634e+01,2.574778e+01,2.613286e+01,2.435509e+01,2.413242e+01,2.411215e+01,2.380091e+01,2.357704e+01,2.423369e+01,2.425393e+01,2.361099e+01,2.338672e+01,2.367886e+01,2.324374e+01,2.335950e+01,2.305280e+01,2.318923e+01,2.315514e+01,2.313468e+01,2.308010e+01,2.320967e+01,2.302550e+01,2.315514e+01,2.338672e+01,2.381446e+01,2.413242e+01,2.379413e+01,2.373990e+01,2.330504e+01,2.352949e+01,2.303232e+01,2.293670e+01,2.295720e+01,2.297769e+01,2.303915e+01,2.292303e+01,2.279310e+01,2.342753e+01,2.370599e+01,2.397694e+01,2.417294e+01,2.409864e+01,2.407161e+01,2.411215e+01,2.411215e+01,2.411891e+01,2.409188e+01,2.417969e+01,2.413242e+01,2.417294e+01,2.409188e+01,2.407161e+01,2.413917e+01,2.411215e+01,2.411215e+01,2.409864e+01,2.414593e+01,2.402428e+01,2.405133e+01,2.418644e+01,2.411891e+01,2.408512e+01,2.418644e+01,2.415268e+01,2.408512e+01,2.415943e+01,2.414593e+01,2.413917e+01,2.417294e+01,2.417294e+01,2.417294e+01,2.415268e+01,2.419994e+01,2.415943e+01,2.419994e+01,2.406485e+01,2.422019e+01,2.409864e+01,2.411215e+01,2.415943e+01,2.409188e+01,2.414593e+01,2.406485e+01,2.410540e+01,2.422019e+01,2.407837e+01,2.419994e+01,2.454365e+01,2.457728e+01,2.450327e+01,2.432812e+01,2.423369e+01,2.411215e+01,2.428092e+01,2.425393e+01,2.424719e+01,2.412566e+01,2.415268e+01,2.414593e+01,2.422019e+01,2.415943e+01,2.420670e+01,2.438205e+01,2.422694e+01,2.449654e+01,2.439552e+01,2.452346e+01,2.453692e+01,2.468484e+01,2.463780e+01,2.463780e+01,2.471172e+01,2.470500e+01,2.468484e+01,2.467141e+01,2.460419e+01,2.455710e+01,2.447635e+01,2.448981e+01,2.432812e+01,2.424719e+01,2.425393e+01,2.434835e+01,2.436183e+01,2.412566e+01,2.410540e+01,2.413917e+01,2.415268e+01,2.415943e+01,2.410540e+01,2.428092e+01,2.413242e+01,2.416619e+01,2.434161e+01,2.436183e+01,2.429441e+01,2.427417e+01,2.442921e+01,2.428092e+01,2.427417e+01,2.425393e+01,2.420670e+01,2.418644e+01,2.400400e+01,2.407161e+01,2.401076e+01,2.392281e+01,2.398371e+01,2.369242e+01,2.386187e+01,2.363136e+01,2.357025e+01,2.373990e+01,2.370599e+01,2.346153e+01,2.348872e+01,2.341393e+01,2.342073e+01,2.339352e+01,2.337311e+01,2.332547e+01,2.321649e+01,2.329823e+01,2.311422e+01,2.320286e+01,2.298452e+01,2.303915e+01,2.288202e+01,2.314150e+01,2.314832e+01,2.300501e+01,2.319604e+01,2.313468e+01,2.319604e+01,2.323693e+01,2.327099e+01,2.329142e+01,2.327780e+01,2.345473e+01,2.348192e+01,2.346153e+01,2.353629e+01,2.338672e+01,2.344113e+01,2.345473e+01,2.353629e+01,2.345473e+01,2.341393e+01,2.350231e+01,2.346833e+01,2.348872e+01,2.341393e+01,2.341393e+01,2.350231e+01,2.355667e+01,2.356346e+01,2.369242e+01,2.373312e+01,2.371956e+01,2.397018e+01,2.410540e+01,2.421344e+01,2.455038e+01,2.453692e+01,2.449654e+01,2.472515e+01,2.459746e+01,2.458401e+01,2.476544e+01,2.456383e+01,2.459073e+01,2.457056e+01,2.448981e+01,2.446288e+01,2.432812e+01,2.426743e+01,2.426068e+01,2.422694e+01,2.434835e+01,2.413242e+01,2.438878e+01,2.434161e+01,2.398371e+01,2.403105e+01,2.420670e+01,2.441573e+01,2.452346e+01,2.445614e+01,2.437531e+01,2.440900e+01,2.435509e+01,2.402428e+01,2.405133e+01,2.437531e+01,2.435509e+01,2.442247e+01,2.455710e+01,2.482585e+01,2.515413e+01,2.559468e+01,2.541468e+01,2.547471e+01,2.571451e+01,2.562798e+01,2.563464e+01,2.565462e+01,2.570121e+01,2.568790e+01,2.568790e+01,2.566793e+01,2.573447e+01,2.558136e+01,2.570786e+01,2.556137e+01,2.549472e+01,2.546805e+01,2.546805e+01,2.538799e+01,2.530787e+01,2.528782e+01,2.541468e+01,2.500017e+01,2.485940e+01,2.460419e+01,2.422019e+01,2.425393e+01,2.426743e+01,2.440900e+01,2.436183e+01,2.432138e+01,2.441573e+01,2.435509e+01,2.431464e+01,2.421344e+01,2.420670e+01,2.434835e+01,2.424719e+01,2.430790e+01,2.427417e+01,2.417294e+01,2.418644e+01,2.416619e+01,2.416619e+01,2.416619e+01,2.422019e+01,2.420670e+01,2.418644e+01,2.411891e+01,2.414593e+01,2.413917e+01,2.405133e+01,2.413917e+01,2.408512e+01,2.410540e+01,2.424719e+01,2.397018e+01
2.411891e+01,2.405809e+01,2.407837e+01,2.408512e+01,2.408512e+01,2.420670e+01,2.415943e+01,2.422019e+01,2.422019e+01,2.421344e+01,2.412566e+01,2.422694e+01,2.419994e+01,2.415943e+01,2.424044e+01,2.414593e+01,2.424719e+01,2.406485e+01,2.405133e+01,2.417294e+01,2.418644e+01,2.421344e+01,2.416619e+01,2.422019e+01,2.411215e+01,2.433487e+01,2.421344e+01,2.424719e+01,2.432138e+01,2.431464e+01,2.430790e+01,2.434161e+01,2.412566e+01,2.431464e+01,2.427417e+01,2.428766e+01,2.435509e+01,2.428092e+01,2.439552e+01,2.434835e+01,2.439552e+01,2.433487e+01,2.438878e+01,2.419994e+01,2.434161e+01,2.440900e+01,2.437531e+01,2.444268e+01,2.432138e+01,2.433487e+01,2.437531e+01,2.440900e+01,2.436857e+01,2.440226e+01,2.451673e+01,2.453019e+01,2.439552e+01,2.439552e+01,2.440900e+01,2.440900e+01,2.446288e+01,2.444941e+01,2.452346e+01,2.434835e+01,2.439552e+01,2.457728e+01,2.441573e+01,2.436183e+01,2.431464e+01,2.449654e+01,2.439552e+01,2.443594e+01,2.443594e+01,2.444268e+01,2.444268e+01,2.450327e+01,2.444268e+01,2.448308e+01,2.442921e+01,2.441573e+01,2.449654e+01,2.444941e+01,2.445614e+01,2.444268e+01,2.438205e+01,2.434835e+01,2.428766e+01,2.430790e+01,2.415268e+01,2.384155e+01,2.388896e+01,2.415943e+01,2.428766e+01,2.440900e+01,2.438205e+01,2.442921e+01,2.443594e+01,2.442247e+01,2.444941e+01,2.442921e+01,2.430790e+01,2.443594e+01,2.451000e+01,2.448308e+01,2.448981e+01,2.436183e+01,2.432138e+01,2.433487e+01,2.434835e+01,2.436857e+01,2.432812e+01,2.436183e+01,2.434835e+01,2.436857e+01,2.433487e+01,2.432138e+01,2.434161e+01,2.436183e+01,2.429441e+01,2.430790e+01,2.441573e+01,2.440900e+01,2.430115e+01,2.445614e+01,2.443594e+01,2.429441e+01,2.434835e+01,2.431464e+01,2.442247e+01,2.424719e+01,2.422694e+01,2.424719e+01,2.448981e+01,2.430790e+01,2.432138e+01,2.444941e+01,2.436857e+01,2.442921e+01,2.442247e+01,2.436183e+01,2.440900e+01,2.435509e+01,2.443594e+01,2.437531e+01,2.440900e+01,2.440226e+01,2.437531e+01,2.444268e+01,2.432812e+01,2.436183e+01,2.442247e+01,2.442921e+01,2.451000e+01,2.434161e+01,2.439552e+01,2.436183e+01,2.440900e+01,2.455710e+01,2.443594e+01,2.437531e+01,2.438205e+01,2.451000e+01,2.441573e+01,2.444941e+01,2.448981e+01,2.439552e+01,2.446961e+01,2.447635e+01,2.447635e+01,2.438205e+01,2.446288e+01,2.448308e+01,2.453019e+01,2.448981e+01,2.444941e+01,2.449654e+01,2.444268e+01,2.447635e+01,2.446961e+01,2.445614e+01,2.448308e+01,2.446288e+01,2.440900e+01,2.442921e+01,2.450327e+01,2.446288e+01,2.448981e+01,2.448308e+01,2.449654e+01,2.442921e+01,2.447635e+01,2.438205e+01,2.453692e+01,2.453692e+01,2.444268e+01,2.443594e+01,2.453019e+01,2.454365e+01,2.444268e+01,2.444268e+01,2.442247e+01,2.441573e+01,2.445614e+01,2.457728e+01,2.445614e+01,2.448308e+01,2.446288e+01,2.447635e+01,2.451673e+01,2.453019e+01,2.452346e+01,2.452346e+01,2.444268e+01,2.451000e+01,2.454365e+01,2.455038e+01,2.452346e+01,2.450327e+01,2.449654e+01,2.436183e+01,2.448981e+01,2.435509e+01,2.436857e+01,2.448308e+01,2.451000e+01,2.451000e+01,2.444941e+01,2.446288e+01,2.446288e+01,2.445614e+01,2.438878e+01,2.443594e+01,2.442921e+01,2.440900e+01,2.445614e+01,2.446288e+01,2.449654e+01,2.445614e+01,2.443594e+01,2.440900e+01,2.436857e+01,2.444941e+01,2.448981e+01,2.448308e+01,2.450327e+01,2.444941e+01,2.431464e+01,2.444941e+01,2.437531e+01,2.442921e+01,2.440900e+01,2.438878e+01,2.436183e+01,2.439552e+01,2.437531e+01,2.428766e+01,2.426068e+01,2.429441e+01,2.434161e+01,2.436857e+01,2.422019e+01,2.439552e+01,2.436857e+01,2.432138e+01,2.436183e+01,2.431464e+01,2.438878e+01,2.434161e+01,2.424719e+01,2.438205e+01,2.435509e+01,2.441573e+01,2.426068e+01,2.432138e+01,2.429441e+01,2.433487e+01,2.432138e+01,2.426743e+01,2.432812e+01,2.432812e+01,2.428092e+01,2.428766e+01,2.404457e+01,2.397018e+01,2.401076e+01,2.396341e+01,2.397018e+01,2.369921e+01,2.373990e+01,2.368564e+01,2.371277e+01,2.395664e+01,2.397018e+01,2.388896e+01,2.380091e+01,2.382801e+01,2.379413e+01,2.371277e+01,2.390250e+01,2.430115e+01,2.435509e+01,2.455038e+01,2.440900e+01,2.430115e+01,2.414593e+01,2.424719e+01,2.435509e+01,2.428766e+01,2.399047e+01,2.403105e+01,2.384833e+01,2.369242e+01,2.353629e+01,2.328461e+01,2.341393e+01,2.358383e+01,2.331185e+01,2.335950e+01,2.348192e+01,2.344793e+01,2.370599e+01,2.375346e+01,2.380091e+01,2.360420e+01,2.352949e+01,2.337991e+01,2.317559e+01,2.298452e+01,2.302550e+01,2.310057e+01,2.326418e+01,2.363136e+01,2.369921e+01,2.364493e+01,2.403781e+01,2.419994e+01,2.421344e+01,2.424719e+01,2.413242e+01,2.435509e+01,2.407837e+01,2.432138e+01,2.463780e+01,2.436857e+01,2.466469e+01,2.495997e+01,2.611960e+01,2.458401e+01,2.544804e+01,2.518088e+01,2.429441e+01,2.376024e+01,2.358383e+01,2.371956e+01,2.365172e+01,2.362457e+01,2.359741e+01,2.355667e+01,2.346153e+01,2.314150e+01,2.335950e+01,2.318241e+01,2.333908e+01,2.333228e+01,2.332547e+01,2.325737e+01,2.303915e+01,2.329142e+01,2.327780e+01,2.342073e+01,2.467813e+01,2.493986e+01,2.350231e+01,2.362457e+01,2.332547e+01,2.296403e+01,2.294353e+01,2.301184e+01,2.303232e+01,2.304598e+01,2.323693e+01,2.363136e+01,2.382801e+01,2.396341e+01,2.411891e+01,2.411891e+01,2.411891e+01,2.421344e+01,2.405809e+01,2.411891e+01,2.409864e+01,2.419319e+01,2.409188e+01,2.416619e+01,2.411891e+01,2.417294e+01,2.409864e+01,2.416619e+01,2.416619e+01,2.413917e+01,2.415268e+01,2.413242e+01,2.409864e+01,2.413242e+01,2.419319e+01,2.421344e+01,2.413917e+01,2.419994e+01,2.405133e+01,2.417294e+01,2.402428e+01,2.415943e+01,2.418644e+01,2.415943e+01,2.412566e+01,2.421344e+01,2.403105e+01,2.405809e+01,2.407837e+01,2.408512e+01,2.415268e+01,2.411215e+01,2.411215e+01,2.408512e+01,2.416619e+01,2.409864e+01,2.405809e+01,2.409188e+01,2.419319e+01,2.414593e+01,2.421344e+01,2.451000e+01,2.439552e+01,2.435509e+01,2.433487e+01,2.412566e+01,2.413242e+01,2.419319e+01,2.413242e+01,2.416619e+01,2.424044e+01,2.415268e+01,2.421344e+01,2.420670e+01,2.413242e+01,2.421344e+01,2.419319e+01,2.422019e+01,2.451673e+01,2.452346e+01,2.455038e+01,2.454365e+01,2.461091e+01,2.461763e+01,2.464452e+01,2.462436e+01,2.460419e+01,2.471844e+01,2.459746e+01,2.454365e+01,2.456383e+01,2.449654e+01,2.424719e+01,2.431464e+01,2.424044e+01,2.411215e+01,2.415268e+01,2.420670e+01,2.419994e+01,2.393634e+01,2.393634e+01,2.390250e+01,2.397018e+01,2.401076e+01,2.412566e+01,2.419319e+01,2.419994e+01,2.409188e+01,2.423369e+01,2.424719e+01,2.422694e+01,2.428766e+01,2.417969e+01,2.425393e+01,2.424044e+01,2.408512e+01,2.424719e+01,2.399723e+01,2.402428e+01,2.396341e+01,2.392958e+01,2.393634e+01,2.391604e+01,2.386187e+01,2.382123e+01,2.372634e+01,2.360420e+01,2.358383e+01,2.355667e+01,2.346153e+01,2.339352e+01,2.344793e+01,2.333228e+01,2.335950e+01,2.333228e+01,2.333228e+01,2.318923e+01,2.316877e+01,2.304598e+01,2.314150e+01,2.310739e+01,2.286151e+01,2.307328e+01,2.305280e+01,2.310739e+01,2.314832e+01,2.312104e+01,2.322330e+01,2.322330e+01,2.323693e+01,2.334589e+01,2.343433e+01,2.353629e+01,2.346153e+01,2.344793e+01,2.354987e+01,2.344793e+01,2.346833e+01,2.344793e+01,2.342073e+01,2.344113e+01,2.348872e+01,2.348192e+01,2.347513e+01,2.343433e+01,2.344793e+01,2.346833e+01,2.345473e+01,2.340032e+01,2.359741e+01,2.373312e+01,2.376024e+01,2.405809e+01,2.423369e+01,2.419994e+01,2.436183e+01,2.447635e+01,2.453692e+01,2.458401e+01,2.455710e+01,2.457056e+01,2.454365e+01,2.460419e+01,2.471172e+01,2.451000e+01,2.434835e+01,2.434161e+01,2.442921e+01,2.438878e+01,2.419319e+01,2.412566e+01,2.393634e+01,2.389573e+01,2.390927e+01,2.401752e+01,2.392281e+01,2.380768e+01,2.401752e+01,2.415943e+01,2.455038e+01,2.446288e+01,2.441573e+01,2.442921e+01,2.444268e+01,2.435509e+01,2.424719e+01,2.403105e+01,2.436183e+01,2.444268e+01,2.450327e+01,2.481914e+01,2.508722e+01,2.516751e+01,2.560800e+01,2.566793e+01,2.570786e+01,2.576108e+01,2.574113e+01,2.573447e+01,2.573447e+01,2.570786e+01,2.587408e+01,2.581427e+01,2.588072e+01,2.585415e+01,2.578768e+01,2.582092e+01,2.566127e+01,2.579433e+01,2.574778e+01,2.564130e+01,2.562798e+01,2.549472e+01,2.539466e+01,2.522100e+01,2.489293e+01,2.461763e+01,2.446288e+01,2.414593e+01,2.428092e+01,2.416619e+01,2.419319e+01,2.430115e+01,2.428766e+01,2.428092e+01,2.429441e+01,2.430115e+01,2.441573e+01,2.428766e+01,2.425393e+01,2.425393e+01,2.426743e+01,2.430115e+01,2.407837e+01,2.415268e+01,2.422694e+01,2.420670e+01,2.420670e+01,2.421344e+01,2.422694e+01,2.419994e+01,2.419319e+01,2.414593e+01,2.409864e+01,2.398371e+01,2.412566e+01,2.422694e+01,2.409864e+01,2.413242e+01,2.400400e+01
2.416619e+01,2.417969e+01,2.410540e+01,2.419994e+01,2.407161e+01,2.423369e+01,2.422019e+01,2.421344e+01,2.419994e+01,2.419319e+01,2.400400e+01,2.415943e+01,2.418644e+01,2.409188e+01,2.409188e+01,2.404457e+01,2.409188e+01,2.413917e+01,2.423369e+01,2.428766e+01,2.425393e+01,2.413917e+01,2.433487e+01,2.425393e+01,2.420670e+01,2.428092e+01,2.423369e+01,2.427417e+01,2.429441e+01,2.423369e+01,2.422694e+01,2.421344e+01,2.432812e+01,2.432812e+01,2.438205e+01,2.430790e+01,2.426743e+01,2.442921e+01,2.429441e+01,2.441573e+01,2.439552e+01,2.433487e+01,2.434161e+01,2.435509e+01,2.437531e+01,2.433487e+01,2.437531e+01,2.437531e+01,2.436857e+01,2.434161e+01,2.434835e+01,2.437531e+01,2.438205e+01,2.436857e+01,2.440226e+01,2.438205e+01,2.438878e+01,2.439552e+01,2.440226e+01,2.437531e+01,2.446961e+01,2.447635e+01,2.438205e+01,2.455038e+01,2.453019e+01,2.444941e+01,2.436183e+01,2.436183e+01,2.448308e+01,2.443594e+01,2.451673e+01,2.438205e+01,2.441573e+01,2.438205e+01,2.442247e+01,2.450327e+01,2.448981e+01,2.447635e+01,2.450327e+01,2.446961e+01,2.453692e+01,2.446288e+01,2.444941e+01,2.453019e+01,2.435509e+01,2.445614e+01,2.437531e+01,2.448308e+01,2.434835e+01,2.427417e+01,2.392281e+01,2.392958e+01,2.424044e+01,2.439552e+01,2.438878e+01,2.443594e+01,2.441573e+01,2.442247e+01,2.444941e+01,2.440900e+01,2.444268e+01,2.450327e+01,2.445614e+01,2.445614e+01,2.440226e+01,2.436183e+01,2.434161e+01,2.437531e+01,2.434161e+01,2.436183e+01,2.440900e+01,2.434835e+01,2.432812e+01,2.430790e+01,2.440900e+01,2.440900e+01,2.434161e+01,2.445614e+01,2.434835e+01,2.435509e+01,2.430790e+01,2.443594e+01,2.442921e+01,2.436183e+01,2.438205e+01,2.428766e+01,2.430790e+01,2.440900e+01,2.430790e+01,2.431464e+01,2.437531e+01,2.434161e+01,2.424719e+01,2.425393e+01,2.429441e+01,2.426743e+01,2.433487e+01,2.439552e+01,2.438205e+01,2.443594e+01,2.440226e+01,2.446288e+01,2.442921e+01,2.438205e+01,2.444941e+01,2.439552e+01,2.448981e+01,2.438878e+01,2.439552e+01,2.430790e+01,2.440900e+01,2.439552e+01,2.444941e+01,2.446961e+01,2.451673e+01,2.440226e+01,2.446288e+01,2.442247e+01,2.448981e+01,2.461091e+01,2.451673e+01,2.442247e+01,2.438878e+01,2.442247e+01,2.444268e+01,2.448981e+01,2.446288e+01,2.448981e+01,2.439552e+01,2.439552e+01,2.448981e+01,2.448981e+01,2.449654e+01,2.449654e+01,2.448981e+01,2.461763e+01,2.447635e+01,2.450327e+01,2.449654e+01,2.446288e+01,2.446961e+01,2.446288e+01,2.447635e+01,2.445614e+01,2.448981e+01,2.453692e+01,2.443594e+01,2.450327e+01,2.450327e+01,2.451000e+01,2.445614e+01,2.448308e+01,2.440900e+01,2.462436e+01,2.440226e+01,2.444941e+01,2.448981e+01,2.446961e+01,2.443594e+01,2.446961e+01,2.455710e+01,2.441573e+01,2.443594e+01,2.446961e+01,2.448981e+01,2.455038e+01,2.453019e+01,2.455038e+01,2.447635e+01,2.454365e+01,2.444268e+01,2.446288e+01,2.451673e+01,2.447635e+01,2.451673e+01,2.451000e+01,2.452346e+01,2.448308e+01,2.450327e+01,2.440226e+01,2.447635e+01,2.447635e+01,2.446961e+01,2.448308e+01,2.448308e+01,2.446288e+01,2.444268e+01,2.444268e+01,2.452346e+01,2.450327e+01,2.441573e+01,2.450327e+01,2.444268e+01,2.442921e+01,2.455038e+01,2.442247e+01,2.455038e+01,2.438878e+01,2.445614e+01,2.446961e+01,2.446288e+01,2.448981e+01,2.446288e+01,2.446961e+01,2.450327e+01,2.446288e+01,2.435509e+01,2.445614e+01,2.447635e+01,2.449654e+01,2.439552e+01,2.449654e+01,2.438878e+01,2.436857e+01,2.439552e+01,2.439552e+01,2.426743e+01,2.423369e+01,2.438878e+01,2.433487e+01,2.434835e+01,2.438205e+01,2.435509e+01,2.434835e+01,2.431464e+01,2.432138e+01,2.443594e+01,2.428766e+01,2.426743e+01,2.431464e+01,2.441573e+01,2.430790e+01,2.428766e+01,2.438878e+01,2.431464e+01,2.434161e+01,2.431464e+01,2.433487e+01,2.434161e+01,2.422694e+01,2.413917e+01,2.424719e+01,2.405809e+01,2.366529e+01,2.378735e+01,2.371956e+01,2.369242e+01,2.342073e+01,2.337991e+01,2.351590e+01,2.402428e+01,2.448981e+01,2.419319e+01,2.418644e+01,2.398371e+01,2.386187e+01,2.411215e+01,2.382123e+01,2.397694e+01,2.441573e+01,2.472515e+01,2.471172e+01,2.470500e+01,2.438878e+01,2.436857e+01,2.463108e+01,2.470500e+01,2.464452e+01,2.460419e+01,2.447635e+01,2.413917e+01,2.384155e+01,2.364493e+01,2.361778e+01,2.360420e+01,2.359741e+01,2.342073e+01,2.361099e+01,2.359062e+01,2.361099e+01,2.422019e+01,2.470500e+01,2.463108e+01,2.466469e+01,2.362457e+01,2.327099e+01,2.325737e+01,2.323693e+01,2.329142e+01,2.327099e+01,2.330504e+01,2.328461e+01,2.357704e+01,2.396341e+01,2.459073e+01,2.394988e+01,2.378735e+01,2.453019e+01,2.420670e+01,2.431464e+01,2.507383e+01,2.653635e+01,2.652975e+01,2.552805e+01,2.461763e+01,2.462436e+01,2.498677e+01,2.475873e+01,2.625208e+01,2.675399e+01,2.540133e+01,2.429441e+01,2.375346e+01,2.366529e+01,2.363136e+01,2.373990e+01,2.371956e+01,2.361778e+01,2.373312e+01,2.350911e+01,2.347513e+01,2.333228e+01,2.363814e+01,2.447635e+01,2.513406e+01,2.406485e+01,2.352949e+01,2.330504e+01,2.320967e+01,2.337991e+01,2.344793e+01,2.356346e+01,2.327780e+01,2.327780e+01,2.352270e+01,2.321649e+01,2.295037e+01,2.308010e+01,2.310739e+01,2.320967e+01,2.348192e+01,2.367207e+01,2.390250e+01,2.401076e+01,2.415268e+01,2.400400e+01,2.413917e+01,2.411891e+01,2.408512e+01,2.410540e+01,2.413917e+01,2.419319e+01,2.412566e+01,2.407161e+01,2.411891e+01,2.415268e+01,2.410540e+01,2.411215e+01,2.419319e+01,2.410540e+01,2.413917e+01,2.415943e+01,2.413242e+01,2.417294e+01,2.414593e+01,2.413242e+01,2.413917e+01,2.415943e+01,2.409864e+01,2.406485e+01,2.417294e+01,2.416619e+01,2.418644e+01,2.404457e+01,2.415943e+01,2.407161e+01,2.419319e+01,2.416619e+01,2.415943e+01,2.413242e+01,2.421344e+01,2.422694e+01,2.408512e+01,2.416619e+01,2.408512e+01,2.411891e+01,2.406485e+01,2.409188e+01,2.409188e+01,2.413242e+01,2.417294e+01,2.439552e+01,2.438205e+01,2.438205e+01,2.432138e+01,2.409864e+01,2.413242e+01,2.414593e+01,2.413242e+01,2.413917e+01,2.422019e+01,2.413917e+01,2.432138e+01,2.419319e+01,2.430115e+01,2.436857e+01,2.442247e+01,2.439552e+01,2.450327e+01,2.449654e+01,2.461763e+01,2.471172e+01,2.467813e+01,2.464452e+01,2.463780e+01,2.462436e+01,2.466469e+01,2.461763e+01,2.459073e+01,2.450327e+01,2.428766e+01,2.426743e+01,2.424044e+01,2.420670e+01,2.411215e+01,2.400400e+01,2.401752e+01,2.393634e+01,2.384833e+01,2.394311e+01,2.385510e+01,2.397694e+01,2.380091e+01,2.393634e+01,2.413917e+01,2.411215e+01,2.408512e+01,2.412566e+01,2.424719e+01,2.415943e+01,2.412566e+01,2.414593e+01,2.415943e+01,2.409864e+01,2.423369e+01,2.417294e+01,2.417969e+01,2.412566e+01,2.401076e+01,2.417294e+01,2.394988e+01,2.393634e+01,2.388896e+01,2.393634e+01,2.376024e+01,2.361778e+01,2.363814e+01,2.361099e+01,2.347513e+01,2.352949e+01,2.352949e+01,2.337311e+01,2.341393e+01,2.324374e+01,2.323012e+01,2.331185e+01,2.310739e+01,2.311422e+01,2.312786e+01,2.298452e+01,2.316195e+01,2.292987e+01,2.289569e+01,2.305963e+01,2.295720e+01,2.320967e+01,2.304598e+01,2.314150e+01,2.320286e+01,2.323693e+01,2.327780e+01,2.339352e+01,2.342073e+01,2.340713e+01,2.344793e+01,2.344113e+01,2.346153e+01,2.352949e+01,2.357025e+01,2.353629e+01,2.347513e+01,2.340713e+01,2.343433e+01,2.346833e+01,2.346153e+01,2.340713e+01,2.343433e+01,2.344113e+01,2.357025e+01,2.357025e+01,2.377380e+01,2.388896e+01,2.407161e+01,2.422019e+01,2.433487e+01,2.441573e+01,2.446288e+01,2.439552e+01,2.447635e+01,2.464452e+01,2.456383e+01,2.457728e+01,2.453019e+01,2.455710e+01,2.454365e+01,2.440900e+01,2.442921e+01,2.413242e+01,2.394988e+01,2.393634e+01,2.372634e+01,2.373990e+01,2.372634e+01,2.363814e+01,2.380768e+01,2.383478e+01,2.392958e+01,2.395664e+01,2.390250e+01,2.436857e+01,2.441573e+01,2.443594e+01,2.455710e+01,2.441573e+01,2.436857e+01,2.430790e+01,2.430790e+01,2.459073e+01,2.463780e+01,2.481914e+01,2.529451e+01,2.558802e+01,2.563464e+01,2.574778e+01,2.564130e+01,2.572782e+01,2.577438e+01,2.575443e+01,2.584750e+01,2.574113e+01,2.594713e+01,2.586079e+01,2.594049e+01,2.598696e+01,2.590065e+01,2.582756e+01,2.584085e+01,2.586079e+01,2.584750e+01,2.580762e+01,2.580097e+01,2.564130e+01,2.551472e+01,2.537464e+01,2.508722e+01,2.485269e+01,2.469156e+01,2.425393e+01,2.411215e+01,2.421344e+01,2.418644e+01,2.424044e+01,2.426068e+01,2.422694e+01,2.413917e+01,2.442247e+01,2.421344e+01,2.440900e+01,2.422019e+01,2.428092e+01,2.413917e+01,2.417294e+01,2.417969e+01,2.420670e+01,2.412566e+01,2.414593e+01,2.415943e+01,2.413917e+01,2.415268e+01,2.419319e+01,2.418644e+01,2.418644e+01,2.422019e+01,2.397694e+01,2.406485e+01,2.422019e+01,2.401752e+01,2.406485e+01,2.402428e+01,2.432812e+01
2.403105e+01,2.399047e+01,2.400400e+01,2.399723e+01,2.402428e+01,2.409188e+01,2.421344e+01,2.416619e+01,2.422019e+01,2.411215e+01,2.409188e+01,2.406485e+01,2.401752e+01,2.405809e+01,2.403781e+01,2.410540e+01,2.408512e+01,2.406485e+01,2.412566e+01,2.406485e+01,2.417969e+01,2.415268e+01,2.417294e+01,2.427417e+01,2.428092e+01,2.418644e+01,2.424044e+01,2.422694e+01,2.425393e+01,2.422694e+01,2.427417e+01,2.428092e+01,2.432138e+01,2.414593e+01,2.434835e+01,2.431464e+01,2.413242e+01,2.429441e+01,2.434835e+01,2.427417e+01,2.436857e+01,2.432812e+01,2.434835e+01,2.438205e+01,2.440226e+01,2.440226e+01,2.434835e+01,2.428092e+01,2.444268e+01,2.432812e+01,2.436183e+01,2.438205e+01,2.434161e+01,2.449654e+01,2.434835e+01,2.441573e+01,2.448981e+01,2.450327e+01,2.436857e+01,2.435509e+01,2.439552e+01,2.440900e+01,2.434161e+01,2.440900e+01,2.441573e+01,2.438205e+01,2.453019e+01,2.451000e+01,2.437531e+01,2.444941e+01,2.440900e+01,2.442247e+01,2.434835e+01,2.440900e+01,2.438878e+01,2.437531e+01,2.440900e+01,2.438205e+01,2.445614e+01,2.446288e+01,2.451000e+01,2.452346e+01,2.436183e+01,2.445614e+01,2.448308e+01,2.440900e+01,2.446288e+01,2.441573e+01,2.440900e+01,2.428766e+01,2.400400e+01,2.392281e+01,2.393634e+01,2.445614e+01,2.444268e+01,2.444941e+01,2.447635e+01,2.448981e+01,2.455038e+01,2.449654e+01,2.445614e+01,2.452346e+01,2.447635e+01,2.438878e+01,2.436857e+01,2.438205e+01,2.436857e+01,2.438205e+01,2.432138e+01,2.439552e+01,2.448981e+01,2.433487e+01,2.434835e+01,2.439552e+01,2.426068e+01,2.447635e+01,2.428766e+01,2.403781e+01,2.447635e+01,2.433487e+01,2.439552e+01,2.441573e+01,2.436183e+01,2.437531e+01,2.448981e+01,2.438205e+01,2.434835e+01,2.427417e+01,2.429441e+01,2.431464e+01,2.433487e+01,2.422694e+01,2.440226e+01,2.430790e+01,2.445614e+01,2.434161e+01,2.432812e+01,2.443594e+01,2.440226e+01,2.444268e+01,2.440226e+01,2.436857e+01,2.438205e+01,2.443594e+01,2.437531e+01,2.438205e+01,2.436183e+01,2.438205e+01,2.431464e+01,2.436857e+01,2.432138e+01,2.444941e+01,2.445614e+01,2.449654e+01,2.428766e+01,2.438878e+01,2.442921e+01,2.452346e+01,2.451000e+01,2.456383e+01,2.438205e+01,2.438205e+01,2.445614e+01,2.443594e+01,2.448981e+01,2.446288e+01,2.443594e+01,2.446288e+01,2.445614e+01,2.444941e+01,2.449654e+01,2.437531e+01,2.453692e+01,2.437531e+01,2.443594e+01,2.451000e+01,2.448308e+01,2.446288e+01,2.445614e+01,2.447635e+01,2.452346e+01,2.442921e+01,2.447635e+01,2.447635e+01,2.447635e+01,2.451673e+01,2.445614e+01,2.446288e+01,2.451673e+01,2.448981e+01,2.447635e+01,2.448981e+01,2.440226e+01,2.438205e+01,2.459073e+01,2.455038e+01,2.465796e+01,2.464452e+01,2.442921e+01,2.453692e+01,2.453692e+01,2.440900e+01,2.446961e+01,2.442247e+01,2.446288e+01,2.445614e+01,2.446288e+01,2.446288e+01,2.447635e+01,2.446288e+01,2.449654e+01,2.449654e+01,2.441573e+01,2.453019e+01,2.452346e+01,2.441573e+01,2.440900e+01,2.436857e+01,2.449654e+01,2.455038e+01,2.446961e+01,2.451000e+01,2.440900e+01,2.445614e+01,2.449654e+01,2.450327e+01,2.442247e+01,2.446288e+01,2.451673e+01,2.436183e+01,2.444268e+01,2.437531e+01,2.442247e+01,2.442247e+01,2.446961e+01,2.443594e+01,2.428766e+01,2.444941e+01,2.453692e+01,2.434835e+01,2.445614e+01,2.444268e+01,2.449654e+01,2.450327e+01,2.446961e+01,2.446288e+01,2.438205e+01,2.446288e+01,2.443594e+01,2.446961e+01,2.436857e+01,2.440226e+01,2.435509e+01,2.442247e+01,2.440900e+01,2.424044e+01,2.438205e+01,2.434835e+01,2.431464e+01,2.432138e+01,2.436183e+01,2.437531e+01,2.436183e+01,2.440900e+01,2.432812e+01,2.432812e+01,2.431464e+01,2.435509e+01,2.436857e+01,2.430790e+01,2.427417e+01,2.442921e+01,2.429441e+01,2.422019e+01,2.422019e+01,2.434161e+01,2.426068e+01,2.422019e+01,2.428766e+01,2.432812e+01,2.429441e+01,2.428766e+01,2.405133e+01,2.403781e+01,2.369921e+01,2.375346e+01,2.341393e+01,2.337991e+01,2.330504e+01,2.332547e+01,2.444941e+01,2.440900e+01,2.386865e+01,2.397694e+01,2.381446e+01,2.350911e+01,2.452346e+01,2.398371e+01,2.402428e+01,2.505375e+01,2.581427e+01,2.560800e+01,2.489293e+01,2.436857e+01,2.422694e+01,2.427417e+01,2.432812e+01,2.460419e+01,2.451673e+01,2.456383e+01,2.451000e+01,2.413917e+01,2.392958e+01,2.388219e+01,2.384155e+01,2.371277e+01,2.360420e+01,2.359062e+01,2.320286e+01,2.351590e+01,2.360420e+01,2.371956e+01,2.376024e+01,2.355667e+01,2.350231e+01,2.328461e+01,2.326418e+01,2.327780e+01,2.352949e+01,2.372634e+01,2.357025e+01,2.329823e+01,2.331866e+01,2.406485e+01,2.390250e+01,2.361099e+01,2.361099e+01,2.361778e+01,2.420670e+01,2.576108e+01,2.660235e+01,2.685277e+01,2.631164e+01,2.687910e+01,2.630502e+01,2.498007e+01,2.454365e+01,2.444268e+01,2.496667e+01,2.540133e+01,2.612623e+01,2.565462e+01,2.444941e+01,2.442247e+01,2.498677e+01,2.476544e+01,2.443594e+01,2.375346e+01,2.419994e+01,2.422019e+01,2.371956e+01,2.373312e+01,2.432812e+01,2.488622e+01,2.476544e+01,2.432138e+01,2.355667e+01,2.338672e+01,2.333228e+01,2.334589e+01,2.342753e+01,2.343433e+01,2.318923e+01,2.318923e+01,2.357704e+01,2.386865e+01,2.359741e+01,2.347513e+01,2.340032e+01,2.337991e+01,2.345473e+01,2.376702e+01,2.393634e+01,2.412566e+01,2.403781e+01,2.413917e+01,2.412566e+01,2.411891e+01,2.399723e+01,2.411215e+01,2.413917e+01,2.413917e+01,2.414593e+01,2.414593e+01,2.413917e+01,2.420670e+01,2.407161e+01,2.412566e+01,2.410540e+01,2.410540e+01,2.414593e+01,2.413917e+01,2.409864e+01,2.413242e+01,2.417294e+01,2.408512e+01,2.414593e+01,2.406485e+01,2.410540e+01,2.418644e+01,2.409188e+01,2.409864e+01,2.415268e+01,2.413917e+01,2.417294e+01,2.418644e+01,2.415268e+01,2.413917e+01,2.418644e+01,2.412566e+01,2.419994e+01,2.415943e+01,2.409864e+01,2.409864e+01,2.404457e+01,2.415943e+01,2.411891e+01,2.402428e+01,2.414593e+01,2.408512e+01,2.430790e+01,2.438205e+01,2.424044e+01,2.417294e+01,2.428766e+01,2.413242e+01,2.412566e+01,2.428766e+01,2.414593e+01,2.412566e+01,2.424719e+01,2.419994e+01,2.427417e+01,2.415268e+01,2.422019e+01,2.440226e+01,2.444941e+01,2.471844e+01,2.458401e+01,2.457728e+01,2.474530e+01,2.465796e+01,2.481243e+01,2.467813e+01,2.472515e+01,2.463780e+01,2.460419e+01,2.461763e+01,2.453019e+01,2.438205e+01,2.424044e+01,2.425393e+01,2.403781e+01,2.390250e+01,2.390927e+01,2.376024e+01,2.393634e+01,2.373990e+01,2.392281e+01,2.376702e+01,2.383478e+01,2.380091e+01,2.393634e+01,2.380768e+01,2.398371e+01,2.409188e+01,2.406485e+01,2.408512e+01,2.407837e+01,2.409188e+01,2.420670e+01,2.431464e+01,2.409188e+01,2.423369e+01,2.411891e+01,2.419319e+01,2.414593e+01,2.406485e+01,2.411891e+01,2.406485e+01,2.395664e+01,2.384155e+01,2.386865e+01,2.391604e+01,2.365850e+01,2.369242e+01,2.350911e+01,2.353629e+01,2.359741e+01,2.342753e+01,2.336630e+01,2.329142e+01,2.328461e+01,2.333908e+01,2.325737e+01,2.328461e+01,2.315514e+01,2.309375e+01,2.300501e+01,2.305280e+01,2.298452e+01,2.288886e+01,2.295720e+01,2.297086e+01,2.303232e+01,2.303232e+01,2.312104e+01,2.312104e+01,2.319604e+01,2.310057e+01,2.326418e+01,2.327099e+01,2.328461e+01,2.339352e+01,2.340713e+01,2.341393e+01,2.344793e+01,2.344113e+01,2.354987e+01,2.348192e+01,2.348192e+01,2.348192e+01,2.346833e+01,2.349552e+01,2.341393e+01,2.343433e+01,2.342073e+01,2.357704e+01,2.348192e+01,2.366529e+01,2.375346e+01,2.385510e+01,2.403781e+01,2.405133e+01,2.418644e+01,2.417294e+01,2.426068e+01,2.442921e+01,2.446961e+01,2.446288e+01,2.451673e+01,2.448308e+01,2.446288e+01,2.449654e+01,2.450327e+01,2.440900e+01,2.437531e+01,2.416619e+01,2.392958e+01,2.379413e+01,2.368564e+01,2.386187e+01,2.371277e+01,2.394311e+01,2.399723e+01,2.405133e+01,2.397018e+01,2.382123e+01,2.386187e+01,2.408512e+01,2.456383e+01,2.438205e+01,2.438205e+01,2.445614e+01,2.464452e+01,2.446961e+01,2.464452e+01,2.485940e+01,2.522100e+01,2.546805e+01,2.558802e+01,2.568790e+01,2.564796e+01,2.572117e+01,2.577438e+01,2.576108e+01,2.572782e+01,2.589401e+01,2.588072e+01,2.596704e+01,2.576108e+01,2.589401e+01,2.590065e+01,2.591393e+01,2.586743e+01,2.596704e+01,2.590065e+01,2.601350e+01,2.579433e+01,2.580762e+01,2.584085e+01,2.575443e+01,2.543469e+01,2.523437e+01,2.502696e+01,2.476544e+01,2.440900e+01,2.414593e+01,2.411891e+01,2.387542e+01,2.395664e+01,2.390250e+01,2.413917e+01,2.428092e+01,2.419319e+01,2.442921e+01,2.420670e+01,2.426068e+01,2.429441e+01,2.424044e+01,2.408512e+01,2.411215e+01,2.415268e+01,2.417294e+01,2.411891e+01,2.410540e+01,2.412566e+01,2.412566e+01,2.417969e+01,2.417294e+01,2.397018e+01,2.417294e+01,2.397694e+01,2.399723e+01,2.416619e+01,2.407837e+01,2.403781e+01,2.405809e+01,2.388219e+01,2.394988e+01
2.403781e+01,2.415268e+01,2.404457e+01,2.396341e+01,2.402428e+01,2.401752e+01,2.406485e+01,2.405809e+01,2.413917e+01,2.401752e+01,2.412566e+01,2.415943e+01,2.417294e+01,2.409864e+01,2.405133e+01,2.415268e+01,2.408512e+01,2.413917e+01,2.407161e+01,2.414593e+01,2.415268e+01,2.417969e+01,2.414593e+01,2.422019e+01,2.425393e+01,2.421344e+01,2.419319e+01,2.406485e+01,2.420670e+01,2.417294e+01,2.431464e+01,2.422694e+01,2.431464e+01,2.415268e+01,2.435509e+01,2.432138e+01,2.432138e+01,2.430790e+01,2.428766e+01,2.442247e+01,2.427417e+01,2.438205e+01,2.419319e+01,2.438878e+01,2.429441e+01,2.437531e+01,2.426068e+01,2.438205e+01,2.436857e+01,2.441573e+01,2.440226e+01,2.440226e+01,2.434161e+01,2.445614e+01,2.444941e+01,2.448981e+01,2.444268e+01,2.433487e+01,2.451673e+01,2.434835e+01,2.435509e+01,2.437531e+01,2.438205e+01,2.440226e+01,2.437531e+01,2.448981e+01,2.440226e+01,2.451000e+01,2.438878e+01,2.436857e+01,2.452346e+01,2.438205e+01,2.436183e+01,2.438205e+01,2.437531e+01,2.440226e+01,2.442921e+01,2.439552e+01,2.442921e+01,2.454365e+01,2.446288e+01,2.437531e+01,2.456383e+01,2.453019e+01,2.434835e+01,2.453692e+01,2.455038e+01,2.440900e+01,2.446288e+01,2.431464e+01,2.417294e+01,2.393634e+01,2.415943e+01,2.455038e+01,2.451000e+01,2.452346e+01,2.458401e+01,2.455710e+01,2.454365e+01,2.454365e+01,2.460419e+01,2.452346e+01,2.448308e+01,2.445614e+01,2.434835e+01,2.441573e+01,2.440900e+01,2.451000e+01,2.438205e+01,2.442921e+01,2.444941e+01,2.438205e+01,2.439552e+01,2.444941e+01,2.435509e+01,2.435509e+01,2.432812e+01,2.442921e+01,2.439552e+01,2.433487e+01,2.438205e+01,2.438878e+01,2.432812e+01,2.427417e+01,2.428092e+01,2.442247e+01,2.436183e+01,2.443594e+01,2.428766e+01,2.440226e+01,2.432812e+01,2.423369e+01,2.436183e+01,2.432812e+01,2.429441e+01,2.434161e+01,2.426743e+01,2.444268e+01,2.440900e+01,2.438878e+01,2.431464e+01,2.436857e+01,2.435509e+01,2.437531e+01,2.436857e+01,2.442921e+01,2.450327e+01,2.440900e+01,2.428092e+01,2.432812e+01,2.431464e+01,2.432812e+01,2.436183e+01,2.436857e+01,2.444268e+01,2.438205e+01,2.436857e+01,2.440226e+01,2.444941e+01,2.429441e+01,2.438205e+01,2.443594e+01,2.444268e+01,2.437531e+01,2.432812e+01,2.450327e+01,2.444941e+01,2.444941e+01,2.435509e+01,2.446288e+01,2.446288e+01,2.444268e+01,2.437531e+01,2.446961e+01,2.446288e+01,2.436857e+01,2.436857e+01,2.444941e+01,2.446288e+01,2.444268e+01,2.446288e+01,2.444941e+01,2.446961e+01,2.446288e+01,2.448981e+01,2.443594e+01,2.444941e+01,2.451000e+01,2.449654e+01,2.450327e+01,2.448981e+01,2.451000e+01,2.444268e+01,2.444268e+01,2.453692e+01,2.451000e+01,2.453019e+01,2.440226e+01,2.446961e+01,2.446961e+01,2.453692e+01,2.447635e+01,2.446961e+01,2.455710e+01,2.444941e+01,2.444268e+01,2.444268e+01,2.457056e+01,2.442247e+01,2.444268e+01,2.445614e+01,2.445614e+01,2.448981e+01,2.448308e+01,2.448981e+01,2.448308e+01,2.444941e+01,2.444268e+01,2.446288e+01,2.455038e+01,2.451000e+01,2.442921e+01,2.443594e+01,2.448981e+01,2.451673e+01,2.453692e+01,2.439552e+01,2.446961e+01,2.451673e+01,2.442921e+01,2.455038e+01,2.447635e+01,2.444268e+01,2.435509e+01,2.444268e+01,2.446288e+01,2.446961e+01,2.432812e+01,2.448981e+01,2.426068e+01,2.437531e+01,2.457728e+01,2.445614e+01,2.448981e+01,2.444941e+01,2.446961e+01,2.444941e+01,2.441573e+01,2.436183e+01,2.446288e+01,2.442921e+01,2.434161e+01,2.440226e+01,2.440226e+01,2.437531e+01,2.437531e+01,2.425393e+01,2.428092e+01,2.433487e+01,2.432812e+01,2.445614e+01,2.436857e+01,2.430790e+01,2.437531e+01,2.435509e+01,2.435509e+01,2.432138e+01,2.438205e+01,2.430790e+01,2.430790e+01,2.440900e+01,2.435509e+01,2.437531e+01,2.430115e+01,2.426743e+01,2.431464e+01,2.427417e+01,2.430790e+01,2.430790e+01,2.423369e+01,2.418644e+01,2.415943e+01,2.411215e+01,2.384155e+01,2.374668e+01,2.360420e+01,2.345473e+01,2.335269e+01,2.331185e+01,2.331866e+01,2.371277e+01,2.369921e+01,2.367886e+01,2.374668e+01,2.381446e+01,2.397694e+01,2.418644e+01,2.401076e+01,2.419994e+01,2.434835e+01,2.562132e+01,2.634472e+01,2.599359e+01,2.471172e+01,2.447635e+01,2.465796e+01,2.450327e+01,2.418644e+01,2.417969e+01,2.415943e+01,2.417969e+01,2.413917e+01,2.414593e+01,2.414593e+01,2.404457e+01,2.390250e+01,2.386187e+01,2.378057e+01,2.369242e+01,2.390250e+01,2.405809e+01,2.403781e+01,2.380091e+01,2.372634e+01,2.352949e+01,2.327099e+01,2.336630e+01,2.331866e+01,2.339352e+01,2.402428e+01,2.357025e+01,2.330504e+01,2.334589e+01,2.405133e+01,2.362457e+01,2.372634e+01,2.394988e+01,2.469156e+01,2.390927e+01,2.448308e+01,2.538131e+01,2.507383e+01,2.438878e+01,2.457728e+01,2.548805e+01,2.500687e+01,2.497337e+01,2.478558e+01,2.388896e+01,2.377380e+01,2.384155e+01,2.428092e+01,2.466469e+01,2.465796e+01,2.541468e+01,2.545471e+01,2.516082e+01,2.440900e+01,2.462436e+01,2.461763e+01,2.412566e+01,2.380768e+01,2.378735e+01,2.384833e+01,2.394988e+01,2.382801e+01,2.335269e+01,2.333908e+01,2.325737e+01,2.346833e+01,2.345473e+01,2.330504e+01,2.355667e+01,2.327099e+01,2.387542e+01,2.566793e+01,2.534793e+01,2.408512e+01,2.357025e+01,2.340713e+01,2.378735e+01,2.401752e+01,2.405809e+01,2.403781e+01,2.411215e+01,2.409864e+01,2.415268e+01,2.411215e+01,2.415943e+01,2.411215e+01,2.412566e+01,2.405133e+01,2.413917e+01,2.403781e+01,2.405809e+01,2.407161e+01,2.415943e+01,2.413242e+01,2.409188e+01,2.415943e+01,2.404457e+01,2.408512e+01,2.409188e+01,2.411215e+01,2.414593e+01,2.416619e+01,2.415943e+01,2.415268e+01,2.416619e+01,2.415268e+01,2.413917e+01,2.407837e+01,2.419994e+01,2.415268e+01,2.418644e+01,2.416619e+01,2.411215e+01,2.412566e+01,2.410540e+01,2.415268e+01,2.416619e+01,2.420670e+01,2.417969e+01,2.418644e+01,2.413242e+01,2.412566e+01,2.413242e+01,2.409188e+01,2.417294e+01,2.419994e+01,2.410540e+01,2.419994e+01,2.425393e+01,2.413917e+01,2.422694e+01,2.425393e+01,2.413917e+01,2.420670e+01,2.415943e+01,2.414593e+01,2.413242e+01,2.426068e+01,2.425393e+01,2.423369e+01,2.444941e+01,2.461091e+01,2.469156e+01,2.465124e+01,2.469156e+01,2.457728e+01,2.475201e+01,2.473187e+01,2.477887e+01,2.470500e+01,2.471844e+01,2.463108e+01,2.456383e+01,2.440900e+01,2.434835e+01,2.425393e+01,2.419994e+01,2.397694e+01,2.386865e+01,2.394311e+01,2.378735e+01,2.371277e+01,2.366529e+01,2.371277e+01,2.367886e+01,2.365850e+01,2.365850e+01,2.375346e+01,2.386187e+01,2.384833e+01,2.397694e+01,2.405133e+01,2.409864e+01,2.407837e+01,2.421344e+01,2.407161e+01,2.413242e+01,2.413242e+01,2.413917e+01,2.418644e+01,2.424719e+01,2.417294e+01,2.422019e+01,2.414593e+01,2.407837e+01,2.401752e+01,2.405133e+01,2.384833e+01,2.387542e+01,2.383478e+01,2.382123e+01,2.360420e+01,2.380768e+01,2.354308e+01,2.353629e+01,2.351590e+01,2.339352e+01,2.337311e+01,2.333228e+01,2.329142e+01,2.333228e+01,2.313468e+01,2.307328e+01,2.313468e+01,2.312786e+01,2.301184e+01,2.295037e+01,2.295037e+01,2.299818e+01,2.308693e+01,2.302550e+01,2.304598e+01,2.299818e+01,2.310739e+01,2.318923e+01,2.322330e+01,2.321649e+01,2.348192e+01,2.322330e+01,2.332547e+01,2.330504e+01,2.342073e+01,2.357025e+01,2.349552e+01,2.348872e+01,2.345473e+01,2.346153e+01,2.348872e+01,2.344113e+01,2.342753e+01,2.342753e+01,2.341393e+01,2.342073e+01,2.360420e+01,2.352949e+01,2.348192e+01,2.379413e+01,2.361778e+01,2.390927e+01,2.411215e+01,2.391604e+01,2.419994e+01,2.410540e+01,2.422019e+01,2.440226e+01,2.435509e+01,2.423369e+01,2.436857e+01,2.444268e+01,2.438205e+01,2.440900e+01,2.448308e+01,2.434161e+01,2.437531e+01,2.410540e+01,2.390927e+01,2.368564e+01,2.369242e+01,2.376024e+01,2.395664e+01,2.399723e+01,2.423369e+01,2.436183e+01,2.416619e+01,2.430790e+01,2.413917e+01,2.435509e+01,2.436857e+01,2.464452e+01,2.469156e+01,2.467141e+01,2.496667e+01,2.522100e+01,2.521431e+01,2.556137e+01,2.550139e+01,2.558136e+01,2.560800e+01,2.580097e+01,2.572782e+01,2.575443e+01,2.576773e+01,2.568790e+01,2.578103e+01,2.578103e+01,2.580762e+01,2.584085e+01,2.598032e+01,2.593385e+01,2.589401e+01,2.586079e+01,2.594049e+01,2.599359e+01,2.586079e+01,2.600023e+01,2.578768e+01,2.578768e+01,2.550139e+01,2.538799e+01,2.511399e+01,2.488622e+01,2.472515e+01,2.436857e+01,2.425393e+01,2.386187e+01,2.384833e+01,2.389573e+01,2.412566e+01,2.409188e+01,2.413242e+01,2.411891e+01,2.409864e+01,2.426068e+01,2.414593e+01,2.404457e+01,2.412566e+01,2.411891e+01,2.405133e+01,2.415268e+01,2.409864e+01,2.418644e+01,2.416619e+01,2.409864e+01,2.416619e+01,2.413242e+01,2.414593e+01,2.401752e+01,2.397018e+01,2.397018e+01,2.402428e+01,2.400400e+01,2.403105e+01,2.405133e+01,2.403105e+01,2.407161e+01,2.405809e+01
2.394311e+01,2.407161e+01,2.404457e+01,2.399047e+01,2.407161e+01,2.407837e+01,2.410540e+01,2.411891e+01,2.406485e+01,2.414593e+01,2.403781e+01,2.406485e+01,2.413242e+01,2.404457e+01,2.407837e+01,2.409188e+01,2.405809e+01,2.408512e+01,2.411215e+01,2.405133e+01,2.407837e+01,2.403105e+01,2.394311e+01,2.421344e+01,2.422694e+01,2.415943e+01,2.414593e+01,2.422019e+01,2.419994e+01,2.420670e+01,2.426068e+01,2.427417e+01,2.419994e+01,2.427417e+01,2.434161e+01,2.434161e+01,2.432812e+01,2.415268e+01,2.421344e+01,2.429441e+01,2.426743e+01,2.445614e+01,2.419994e+01,2.436183e+01,2.443594e+01,2.426068e+01,2.435509e+01,2.436183e+01,2.437531e+01,2.441573e+01,2.444941e+01,2.440900e+01,2.464452e+01,2.434835e+01,2.436857e+01,2.436183e+01,2.436183e+01,2.450327e+01,2.451000e+01,2.450327e+01,2.421344e+01,2.438205e+01,2.440226e+01,2.438878e+01,2.443594e+01,2.457728e+01,2.450327e+01,2.448308e+01,2.436183e+01,2.443594e+01,2.447635e+01,2.445614e+01,2.438878e+01,2.438205e+01,2.456383e+01,2.455038e+01,2.446961e+01,2.446961e+01,2.456383e+01,2.443594e+01,2.444941e+01,2.454365e+01,2.454365e+01,2.455038e+01,2.453019e+01,2.457056e+01,2.447635e+01,2.455710e+01,2.439552e+01,2.454365e+01,2.432138e+01,2.420670e+01,2.455710e+01,2.461091e+01,2.469828e+01,2.493316e+01,2.493316e+01,2.493316e+01,2.504035e+01,2.492645e+01,2.484598e+01,2.504035e+01,2.504705e+01,2.481243e+01,2.463780e+01,2.463780e+01,2.468484e+01,2.460419e+01,2.461091e+01,2.460419e+01,2.460419e+01,2.461763e+01,2.463780e+01,2.449654e+01,2.437531e+01,2.450327e+01,2.438878e+01,2.431464e+01,2.438878e+01,2.443594e+01,2.440226e+01,2.442247e+01,2.436857e+01,2.427417e+01,2.442247e+01,2.446288e+01,2.439552e+01,2.441573e+01,2.432812e+01,2.429441e+01,2.439552e+01,2.436183e+01,2.424719e+01,2.433487e+01,2.430115e+01,2.432812e+01,2.434835e+01,2.434161e+01,2.434835e+01,2.436857e+01,2.432138e+01,2.434835e+01,2.426068e+01,2.432812e+01,2.418644e+01,2.434161e+01,2.440226e+01,2.434835e+01,2.440226e+01,2.433487e+01,2.437531e+01,2.442247e+01,2.448981e+01,2.436183e+01,2.442921e+01,2.436857e+01,2.436857e+01,2.438878e+01,2.438878e+01,2.444941e+01,2.436857e+01,2.436183e+01,2.441573e+01,2.438878e+01,2.434161e+01,2.441573e+01,2.442921e+01,2.432812e+01,2.436183e+01,2.435509e+01,2.446961e+01,2.448981e+01,2.452346e+01,2.437531e+01,2.446288e+01,2.436857e+01,2.448308e+01,2.441573e+01,2.446961e+01,2.435509e+01,2.440226e+01,2.444941e+01,2.443594e+01,2.444941e+01,2.446288e+01,2.451000e+01,2.446288e+01,2.451673e+01,2.446288e+01,2.419994e+01,2.448308e+01,2.446288e+01,2.455710e+01,2.444268e+01,2.439552e+01,2.440226e+01,2.437531e+01,2.439552e+01,2.443594e+01,2.444941e+01,2.446961e+01,2.450327e+01,2.450327e+01,2.445614e+01,2.446288e+01,2.446288e+01,2.442247e+01,2.442921e+01,2.456383e+01,2.453019e+01,2.445614e+01,2.454365e+01,2.449654e+01,2.451673e+01,2.451673e+01,2.446288e+01,2.445614e+01,2.452346e+01,2.440226e+01,2.453692e+01,2.446288e+01,2.447635e+01,2.444941e+01,2.445614e+01,2.455038e+01,2.452346e+01,2.452346e+01,2.453019e+01,2.448981e+01,2.450327e+01,2.439552e+01,2.447635e+01,2.442921e+01,2.444268e+01,2.438878e+01,2.444268e+01,2.447635e+01,2.436183e+01,2.433487e+01,2.442921e+01,2.440900e+01,2.438878e+01,2.446961e+01,2.444268e+01,2.438878e+01,2.438878e+01,2.438878e+01,2.436857e+01,2.445614e+01,2.436183e+01,2.444941e+01,2.448981e+01,2.440226e+01,2.444268e+01,2.438878e+01,2.438205e+01,2.443594e+01,2.440226e+01,2.428766e+01,2.436857e+01,2.432138e+01,2.445614e+01,2.434161e+01,2.437531e+01,2.442247e+01,2.434835e+01,2.436857e+01,2.432138e+01,2.419319e+01,2.443594e+01,2.434161e+01,2.422694e+01,2.422019e+01,2.439552e+01,2.431464e+01,2.422019e+01,2.428766e+01,2.434161e+01,2.430790e+01,2.424719e+01,2.424044e+01,2.412566e+01,2.406485e+01,2.379413e+01,2.363136e+01,2.366529e+01,2.329823e+01,2.340713e+01,2.337991e+01,2.334589e+01,2.333228e+01,2.356346e+01,2.350231e+01,2.348872e+01,2.353629e+01,2.398371e+01,2.392281e+01,2.355667e+01,2.393634e+01,2.426068e+01,2.527446e+01,2.579433e+01,2.465796e+01,2.389573e+01,2.424044e+01,2.423369e+01,2.439552e+01,2.442247e+01,2.454365e+01,2.524105e+01,2.459073e+01,2.471172e+01,2.440226e+01,2.415268e+01,2.426743e+01,2.405809e+01,2.414593e+01,2.406485e+01,2.385510e+01,2.384155e+01,2.374668e+01,2.374668e+01,2.369242e+01,2.375346e+01,2.367886e+01,2.354308e+01,2.350911e+01,2.355667e+01,2.359741e+01,2.438205e+01,2.448981e+01,2.361099e+01,2.361099e+01,2.416619e+01,2.414593e+01,2.463780e+01,2.550805e+01,2.606656e+01,2.444268e+01,2.415943e+01,2.386865e+01,2.384155e+01,2.383478e+01,2.488622e+01,2.558136e+01,2.542802e+01,2.708948e+01,2.708291e+01,2.595377e+01,2.405809e+01,2.377380e+01,2.389573e+01,2.428092e+01,2.502696e+01,2.522768e+01,2.480572e+01,2.557470e+01,2.466469e+01,2.418644e+01,2.420670e+01,2.383478e+01,2.374668e+01,2.357704e+01,2.354987e+01,2.329823e+01,2.327099e+01,2.317559e+01,2.314150e+01,2.339352e+01,2.354308e+01,2.341393e+01,2.342753e+01,2.347513e+01,2.340032e+01,2.419319e+01,2.659575e+01,2.715514e+01,2.508052e+01,2.407837e+01,2.377380e+01,2.378057e+01,2.409188e+01,2.402428e+01,2.412566e+01,2.409864e+01,2.416619e+01,2.413242e+01,2.411215e+01,2.406485e+01,2.409188e+01,2.410540e+01,2.408512e+01,2.408512e+01,2.405133e+01,2.401752e+01,2.414593e+01,2.422694e+01,2.405133e+01,2.403105e+01,2.405809e+01,2.411891e+01,2.419319e+01,2.407837e+01,2.406485e+01,2.409188e+01,2.405809e+01,2.405809e+01,2.415943e+01,2.413242e+01,2.412566e+01,2.409188e+01,2.407161e+01,2.408512e+01,2.414593e+01,2.415943e+01,2.422694e+01,2.415943e+01,2.432812e+01,2.409864e+01,2.414593e+01,2.415943e+01,2.411215e+01,2.412566e+01,2.413242e+01,2.410540e+01,2.415268e+01,2.405133e+01,2.402428e+01,2.417969e+01,2.404457e+01,2.403105e+01,2.416619e+01,2.413917e+01,2.401752e+01,2.414593e+01,2.411215e+01,2.419994e+01,2.410540e+01,2.415268e+01,2.432138e+01,2.422694e+01,2.413242e+01,2.426743e+01,2.436857e+01,2.457728e+01,2.490634e+01,2.474530e+01,2.487281e+01,2.493986e+01,2.498677e+01,2.481243e+01,2.481243e+01,2.475873e+01,2.475873e+01,2.467141e+01,2.462436e+01,2.462436e+01,2.426743e+01,2.421344e+01,2.422694e+01,2.402428e+01,2.392281e+01,2.380768e+01,2.385510e+01,2.354308e+01,2.365850e+01,2.364493e+01,2.359062e+01,2.373312e+01,2.366529e+01,2.378057e+01,2.369921e+01,2.375346e+01,2.377380e+01,2.397018e+01,2.397694e+01,2.383478e+01,2.415943e+01,2.409188e+01,2.411215e+01,2.417294e+01,2.412566e+01,2.425393e+01,2.407161e+01,2.405133e+01,2.410540e+01,2.416619e+01,2.408512e+01,2.410540e+01,2.403105e+01,2.401076e+01,2.382123e+01,2.378735e+01,2.383478e+01,2.363136e+01,2.360420e+01,2.357025e+01,2.352270e+01,2.342073e+01,2.350231e+01,2.328461e+01,2.346833e+01,2.332547e+01,2.323693e+01,2.329823e+01,2.314150e+01,2.312104e+01,2.315514e+01,2.296403e+01,2.292987e+01,2.301867e+01,2.292303e+01,2.293670e+01,2.297086e+01,2.308693e+01,2.301184e+01,2.307328e+01,2.319604e+01,2.312786e+01,2.326418e+01,2.323012e+01,2.324374e+01,2.340032e+01,2.327780e+01,2.338672e+01,2.338672e+01,2.341393e+01,2.349552e+01,2.347513e+01,2.352949e+01,2.348192e+01,2.348192e+01,2.351590e+01,2.330504e+01,2.338672e+01,2.340032e+01,2.340032e+01,2.348192e+01,2.359741e+01,2.359741e+01,2.353629e+01,2.369921e+01,2.370599e+01,2.370599e+01,2.394988e+01,2.405809e+01,2.413242e+01,2.420670e+01,2.422694e+01,2.440900e+01,2.425393e+01,2.436183e+01,2.417969e+01,2.426068e+01,2.443594e+01,2.416619e+01,2.409188e+01,2.399047e+01,2.385510e+01,2.380091e+01,2.369242e+01,2.380091e+01,2.400400e+01,2.407161e+01,2.434835e+01,2.411891e+01,2.442247e+01,2.469828e+01,2.459073e+01,2.460419e+01,2.461763e+01,2.473858e+01,2.474530e+01,2.505375e+01,2.515413e+01,2.524773e+01,2.556137e+01,2.559468e+01,2.554138e+01,2.562798e+01,2.566793e+01,2.578768e+01,2.579433e+01,2.577438e+01,2.550139e+01,2.574113e+01,2.568790e+01,2.572782e+01,2.578103e+01,2.572117e+01,2.573447e+01,2.597368e+01,2.588072e+01,2.581427e+01,2.595377e+01,2.599359e+01,2.594713e+01,2.600686e+01,2.580097e+01,2.576773e+01,2.558802e+01,2.541468e+01,2.545471e+01,2.507383e+01,2.476544e+01,2.481914e+01,2.411891e+01,2.411891e+01,2.386187e+01,2.365850e+01,2.337311e+01,2.378057e+01,2.387542e+01,2.385510e+01,2.396341e+01,2.409188e+01,2.414593e+01,2.413917e+01,2.409864e+01,2.405809e+01,2.417969e+01,2.421344e+01,2.405133e+01,2.419319e+01,2.414593e+01,2.405809e+01,2.406485e+01,2.405133e+01,2.406485e+01,2.408512e+01,2.406485e+01,2.401752e+01,2.403781e+01,2.394311e+01,2.398371e+01,2.402428e+01,2.391604e+01,2.406485e+01,2.384833e+01,2.401752e+01
2.408512e+01,2.403105e+01,2.407837e+01,2.399723e+01,2.399723e+01,2.398371e+01,2.400400e+01,2.403105e+01,2.406485e+01,2.397018e+01,2.403105e+01,2.400400e+01,2.410540e+01,2.409188e+01,2.405133e+01,2.415268e+01,2.407837e+01,2.401752e+01,2.399723e+01,2.399723e+01,2.406485e+01,2.418644e+01,2.394311e+01,2.401752e+01,2.415943e+01,2.414593e+01,2.407161e+01,2.412566e+01,2.409864e+01,2.432138e+01,2.417294e+01,2.423369e+01,2.428766e+01,2.430790e+01,2.430115e+01,2.433487e+01,2.434161e+01,2.425393e+01,2.428092e+01,2.413917e+01,2.423369e+01,2.440900e+01,2.416619e+01,2.444268e+01,2.434835e+01,2.436183e+01,2.441573e+01,2.440226e+01,2.425393e+01,2.441573e+01,2.432812e+01,2.434835e+01,2.443594e+01,2.438205e+01,2.434835e+01,2.434161e+01,2.430790e+01,2.447635e+01,2.445614e+01,2.430790e+01,2.447635e+01,2.444268e+01,2.441573e+01,2.438878e+01,2.445614e+01,2.437531e+01,2.439552e+01,2.439552e+01,2.433487e+01,2.449654e+01,2.431464e+01,2.444268e+01,2.448308e+01,2.451000e+01,2.453692e+01,2.450327e+01,2.459073e+01,2.443594e+01,2.464452e+01,2.461763e+01,2.463780e+01,2.464452e+01,2.459746e+01,2.480572e+01,2.496667e+01,2.485940e+01,2.498007e+01,2.504035e+01,2.505375e+01,2.506044e+01,2.510060e+01,2.507383e+01,2.508052e+01,2.514744e+01,2.530119e+01,2.538799e+01,2.531454e+01,2.544137e+01,2.538799e+01,2.538799e+01,2.543469e+01,2.544804e+01,2.544804e+01,2.548138e+01,2.529451e+01,2.516751e+01,2.520763e+01,2.520094e+01,2.518088e+01,2.518088e+01,2.517419e+01,2.508722e+01,2.505375e+01,2.516082e+01,2.514075e+01,2.486610e+01,2.491975e+01,2.493986e+01,2.492645e+01,2.479901e+01,2.481243e+01,2.479230e+01,2.450327e+01,2.442247e+01,2.445614e+01,2.446961e+01,2.442921e+01,2.440226e+01,2.438205e+01,2.440900e+01,2.434835e+01,2.432812e+01,2.437531e+01,2.436183e+01,2.435509e+01,2.419994e+01,2.432812e+01,2.435509e+01,2.432812e+01,2.428766e+01,2.434835e+01,2.430115e+01,2.437531e+01,2.436857e+01,2.432812e+01,2.431464e+01,2.437531e+01,2.438205e+01,2.438205e+01,2.436857e+01,2.436183e+01,2.436857e+01,2.436183e+01,2.432812e+01,2.436857e+01,2.440226e+01,2.437531e+01,2.445614e+01,2.443594e+01,2.433487e+01,2.443594e+01,2.434835e+01,2.443594e+01,2.440900e+01,2.430790e+01,2.443594e+01,2.430115e+01,2.441573e+01,2.446288e+01,2.431464e+01,2.434835e+01,2.438205e+01,2.448981e+01,2.437531e+01,2.448308e+01,2.440226e+01,2.448981e+01,2.446961e+01,2.442921e+01,2.444268e+01,2.451000e+01,2.436857e+01,2.440226e+01,2.442921e+01,2.447635e+01,2.436857e+01,2.450327e+01,2.448981e+01,2.446288e+01,2.442921e+01,2.440226e+01,2.445614e+01,2.439552e+01,2.446961e+01,2.442921e+01,2.439552e+01,2.443594e+01,2.443594e+01,2.444268e+01,2.446288e+01,2.443594e+01,2.454365e+01,2.446288e+01,2.451000e+01,2.442921e+01,2.443594e+01,2.442247e+01,2.440226e+01,2.434161e+01,2.454365e+01,2.448981e+01,2.441573e+01,2.442921e+01,2.443594e+01,2.442921e+01,2.454365e+01,2.443594e+01,2.446288e+01,2.448308e+01,2.452346e+01,2.453692e+01,2.443594e+01,2.454365e+01,2.446961e+01,2.436183e+01,2.448308e+01,2.446961e+01,2.444941e+01,2.447635e+01,2.442247e+01,2.448308e+01,2.436857e+01,2.447635e+01,2.449654e+01,2.441573e+01,2.436857e+01,2.440226e+01,2.440900e+01,2.448308e+01,2.444268e+01,2.439552e+01,2.444268e+01,2.444268e+01,2.445614e+01,2.445614e+01,2.442247e+01,2.451673e+01,2.446961e+01,2.435509e+01,2.440226e+01,2.443594e+01,2.435509e+01,2.440226e+01,2.440226e+01,2.432812e+01,2.438205e+01,2.433487e+01,2.435509e+01,2.455038e+01,2.432138e+01,2.432138e+01,2.431464e+01,2.429441e+01,2.427417e+01,2.442921e+01,2.430790e+01,2.430115e+01,2.434161e+01,2.434161e+01,2.446288e+01,2.432812e+01,2.422694e+01,2.424719e+01,2.427417e+01,2.426743e+01,2.422019e+01,2.432812e+01,2.421344e+01,2.419319e+01,2.426068e+01,2.420670e+01,2.410540e+01,2.408512e+01,2.374668e+01,2.365172e+01,2.350231e+01,2.327780e+01,2.327780e+01,2.329142e+01,2.329823e+01,2.330504e+01,2.346833e+01,2.345473e+01,2.348872e+01,2.350911e+01,2.359741e+01,2.337311e+01,2.352270e+01,2.395664e+01,2.503366e+01,2.514075e+01,2.495997e+01,2.419319e+01,2.383478e+01,2.378057e+01,2.391604e+01,2.391604e+01,2.375346e+01,2.364493e+01,2.421344e+01,2.406485e+01,2.414593e+01,2.439552e+01,2.397018e+01,2.444268e+01,2.446288e+01,2.388219e+01,2.369921e+01,2.367886e+01,2.417294e+01,2.382801e+01,2.367886e+01,2.376024e+01,2.383478e+01,2.415268e+01,2.438205e+01,2.477216e+01,2.402428e+01,2.357704e+01,2.362457e+01,2.449654e+01,2.413917e+01,2.373312e+01,2.440900e+01,2.422019e+01,2.382801e+01,2.386187e+01,2.469156e+01,2.460419e+01,2.548805e+01,2.415943e+01,2.384155e+01,2.444268e+01,2.633149e+01,2.641084e+01,2.568124e+01,2.754824e+01,2.783560e+01,2.755478e+01,2.621898e+01,2.514075e+01,2.569455e+01,2.533458e+01,2.545471e+01,2.584750e+01,2.504035e+01,2.399047e+01,2.373312e+01,2.375346e+01,2.415268e+01,2.434161e+01,2.369242e+01,2.342753e+01,2.340713e+01,2.374668e+01,2.321649e+01,2.322330e+01,2.327099e+01,2.323693e+01,2.323012e+01,2.322330e+01,2.324374e+01,2.323693e+01,2.346153e+01,2.400400e+01,2.573447e+01,2.659575e+01,2.503366e+01,2.494656e+01,2.410540e+01,2.408512e+01,2.409188e+01,2.403105e+01,2.411215e+01,2.415943e+01,2.411215e+01,2.406485e+01,2.412566e+01,2.412566e+01,2.412566e+01,2.413917e+01,2.409188e+01,2.400400e+01,2.401752e+01,2.403105e+01,2.403105e+01,2.411891e+01,2.403781e+01,2.406485e+01,2.406485e+01,2.417294e+01,2.408512e+01,2.414593e+01,2.417294e+01,2.411215e+01,2.411215e+01,2.403781e+01,2.416619e+01,2.403781e+01,2.407837e+01,2.416619e+01,2.408512e+01,2.409864e+01,2.414593e+01,2.414593e+01,2.410540e+01,2.415268e+01,2.413242e+01,2.411891e+01,2.409864e+01,2.412566e+01,2.399723e+01,2.398371e+01,2.421344e+01,2.413242e+01,2.409188e+01,2.411215e+01,2.417294e+01,2.411891e+01,2.406485e+01,2.409188e+01,2.426068e+01,2.419319e+01,2.418644e+01,2.411215e+01,2.423369e+01,2.413917e+01,2.430790e+01,2.414593e+01,2.418644e+01,2.417294e+01,2.415943e+01,2.428766e+01,2.457056e+01,2.458401e+01,2.487952e+01,2.502026e+01,2.493986e+01,2.496667e+01,2.491305e+01,2.490634e+01,2.489293e+01,2.487281e+01,2.476544e+01,2.475873e+01,2.465796e+01,2.442921e+01,2.448981e+01,2.422019e+01,2.403781e+01,2.390250e+01,2.386865e+01,2.380091e+01,2.362457e+01,2.352270e+01,2.361099e+01,2.361778e+01,2.365172e+01,2.363814e+01,2.360420e+01,2.365172e+01,2.369921e+01,2.370599e+01,2.380091e+01,2.391604e+01,2.405133e+01,2.409864e+01,2.398371e+01,2.410540e+01,2.411215e+01,2.411891e+01,2.429441e+01,2.424044e+01,2.410540e+01,2.405133e+01,2.408512e+01,2.407161e+01,2.413242e+01,2.395664e+01,2.405809e+01,2.407837e+01,2.388219e+01,2.388219e+01,2.371956e+01,2.371956e+01,2.361099e+01,2.359741e+01,2.352949e+01,2.350911e+01,2.332547e+01,2.337991e+01,2.334589e+01,2.341393e+01,2.315514e+01,2.325056e+01,2.323012e+01,2.315514e+01,2.304598e+01,2.295720e+01,2.295037e+01,2.295037e+01,2.288202e+01,2.297086e+01,2.303915e+01,2.314832e+01,2.304598e+01,2.302550e+01,2.305963e+01,2.322330e+01,2.320967e+01,2.318241e+01,2.325056e+01,2.323693e+01,2.337991e+01,2.333228e+01,2.340713e+01,2.351590e+01,2.337991e+01,2.335269e+01,2.337311e+01,2.331866e+01,2.348872e+01,2.349552e+01,2.344113e+01,2.339352e+01,2.329823e+01,2.337991e+01,2.346153e+01,2.340032e+01,2.356346e+01,2.354308e+01,2.360420e+01,2.357025e+01,2.370599e+01,2.386865e+01,2.411215e+01,2.438878e+01,2.430790e+01,2.448981e+01,2.443594e+01,2.442247e+01,2.404457e+01,2.376024e+01,2.382123e+01,2.421344e+01,2.432812e+01,2.445614e+01,2.395664e+01,2.366529e+01,2.363136e+01,2.366529e+01,2.383478e+01,2.375346e+01,2.427417e+01,2.439552e+01,2.436857e+01,2.444268e+01,2.472515e+01,2.472515e+01,2.505375e+01,2.474530e+01,2.499347e+01,2.500687e+01,2.526110e+01,2.526778e+01,2.553472e+01,2.560800e+01,2.560134e+01,2.559468e+01,2.556137e+01,2.558802e+01,2.574778e+01,2.572782e+01,2.571451e+01,2.568124e+01,2.563464e+01,2.574778e+01,2.576108e+01,2.560134e+01,2.582756e+01,2.578768e+01,2.589401e+01,2.592721e+01,2.592057e+01,2.591393e+01,2.598696e+01,2.581427e+01,2.582756e+01,2.578768e+01,2.548138e+01,2.554138e+01,2.545471e+01,2.510730e+01,2.497337e+01,2.473858e+01,2.437531e+01,2.412566e+01,2.411215e+01,2.379413e+01,2.380768e+01,2.348872e+01,2.331185e+01,2.337311e+01,2.340713e+01,2.342753e+01,2.348192e+01,2.382801e+01,2.397694e+01,2.396341e+01,2.407161e+01,2.413242e+01,2.403105e+01,2.421344e+01,2.401752e+01,2.399047e+01,2.405133e+01,2.403781e+01,2.405809e+01,2.400400e+01,2.405809e+01,2.404457e+01,2.407161e+01,2.399723e+01,2.399723e+01,2.405809e+01,2.407837e+01,2.390250e+01,2.401752e+01,2.403781e+01,2.399723e+01
2.406485e+01,2.401076e+01,2.403781e+01,2.398371e+01,2.407161e+01,2.407161e+01,2.399723e+01,2.403105e+01,2.413917e+01,2.405133e+01,2.403781e+01,2.397018e+01,2.399723e+01,2.405809e+01,2.411891e+01,2.403781e+01,2.405809e+01,2.413242e+01,2.397694e+01,2.401076e+01,2.397694e+01,2.416619e+01,2.405133e+01,2.407837e+01,2.421344e+01,2.419994e+01,2.417294e+01,2.420670e+01,2.413917e+01,2.417294e+01,2.424044e+01,2.418644e+01,2.430790e+01,2.436857e+01,2.434835e+01,2.422694e+01,2.425393e+01,2.430790e+01,2.422019e+01,2.430115e+01,2.446961e+01,2.430115e+01,2.432138e+01,2.439552e+01,2.435509e+01,2.427417e+01,2.440900e+01,2.440900e+01,2.437531e+01,2.441573e+01,2.438878e+01,2.444268e+01,2.440226e+01,2.449654e+01,2.440900e+01,2.442921e+01,2.449654e+01,2.442921e+01,2.448308e+01,2.448308e+01,2.441573e+01,2.436183e+01,2.447635e+01,2.443594e+01,2.437531e+01,2.435509e+01,2.451000e+01,2.438205e+01,2.442921e+01,2.451673e+01,2.451000e+01,2.442247e+01,2.455710e+01,2.444268e+01,2.445614e+01,2.450327e+01,2.446961e+01,2.445614e+01,2.462436e+01,2.473858e+01,2.475201e+01,2.481914e+01,2.520763e+01,2.518757e+01,2.538131e+01,2.534126e+01,2.545471e+01,2.535461e+01,2.532790e+01,2.540801e+01,2.541468e+01,2.540801e+01,2.562798e+01,2.562132e+01,2.548805e+01,2.556804e+01,2.572117e+01,2.570121e+01,2.570121e+01,2.566127e+01,2.571451e+01,2.578768e+01,2.581427e+01,2.576773e+01,2.579433e+01,2.579433e+01,2.564130e+01,2.578768e+01,2.576773e+01,2.568124e+01,2.559468e+01,2.556804e+01,2.564130e+01,2.552139e+01,2.564130e+01,2.544804e+01,2.550805e+01,2.547471e+01,2.553472e+01,2.544137e+01,2.559468e+01,2.533458e+01,2.530119e+01,2.530119e+01,2.526110e+01,2.506044e+01,2.496667e+01,2.454365e+01,2.459073e+01,2.438205e+01,2.438205e+01,2.434161e+01,2.436183e+01,2.435509e+01,2.440900e+01,2.434161e+01,2.438878e+01,2.423369e+01,2.432812e+01,2.432138e+01,2.430115e+01,2.431464e+01,2.436183e+01,2.434161e+01,2.434835e+01,2.440900e+01,2.429441e+01,2.434835e+01,2.436857e+01,2.437531e+01,2.444941e+01,2.440226e+01,2.446288e+01,2.446961e+01,2.435509e+01,2.442247e+01,2.439552e+01,2.443594e+01,2.448981e+01,2.438878e+01,2.430790e+01,2.446288e+01,2.438205e+01,2.428766e+01,2.442921e+01,2.434835e+01,2.442247e+01,2.433487e+01,2.455710e+01,2.442921e+01,2.439552e+01,2.442247e+01,2.433487e+01,2.446288e+01,2.442247e+01,2.440226e+01,2.450327e+01,2.437531e+01,2.447635e+01,2.438878e+01,2.443594e+01,2.444268e+01,2.441573e+01,2.457056e+01,2.438878e+01,2.451673e+01,2.451000e+01,2.458401e+01,2.443594e+01,2.444941e+01,2.442921e+01,2.437531e+01,2.443594e+01,2.439552e+01,2.455038e+01,2.443594e+01,2.440900e+01,2.446961e+01,2.446961e+01,2.447635e+01,2.457056e+01,2.451000e+01,2.456383e+01,2.453692e+01,2.443594e+01,2.444941e+01,2.446288e+01,2.440900e+01,2.448981e+01,2.436183e+01,2.450327e+01,2.446288e+01,2.446961e+01,2.446288e+01,2.453692e+01,2.457056e+01,2.438878e+01,2.444941e+01,2.451000e+01,2.445614e+01,2.453019e+01,2.451000e+01,2.444941e+01,2.445614e+01,2.445614e+01,2.444268e+01,2.447635e+01,2.447635e+01,2.448308e+01,2.434835e+01,2.450327e+01,2.446961e+01,2.444941e+01,2.450327e+01,2.450327e+01,2.451000e+01,2.440226e+01,2.447635e+01,2.453692e+01,2.438205e+01,2.418644e+01,2.448981e+01,2.442247e+01,2.440226e+01,2.447635e+01,2.442247e+01,2.436857e+01,2.435509e+01,2.444268e+01,2.445614e+01,2.439552e+01,2.444941e+01,2.443594e+01,2.437531e+01,2.439552e+01,2.431464e+01,2.433487e+01,2.436857e+01,2.437531e+01,2.429441e+01,2.432812e+01,2.430790e+01,2.433487e+01,2.428092e+01,2.433487e+01,2.436183e+01,2.432812e+01,2.442247e+01,2.436857e+01,2.450327e+01,2.443594e+01,2.424044e+01,2.429441e+01,2.421344e+01,2.424044e+01,2.434835e+01,2.424044e+01,2.426068e+01,2.431464e+01,2.413917e+01,2.426743e+01,2.424719e+01,2.403781e+01,2.370599e+01,2.363136e+01,2.323012e+01,2.326418e+01,2.320967e+01,2.334589e+01,2.342753e+01,2.341393e+01,2.357025e+01,2.384155e+01,2.411891e+01,2.409188e+01,2.393634e+01,2.354987e+01,2.401752e+01,2.444941e+01,2.505375e+01,2.442247e+01,2.399047e+01,2.435509e+01,2.457728e+01,2.541468e+01,2.507383e+01,2.361099e+01,2.318241e+01,2.312104e+01,2.361099e+01,2.403781e+01,2.359741e+01,2.359741e+01,2.335950e+01,2.340032e+01,2.388896e+01,2.369242e+01,2.302550e+01,2.306645e+01,2.292987e+01,2.289569e+01,2.289569e+01,2.305280e+01,2.305963e+01,2.308010e+01,2.361099e+01,2.399047e+01,2.377380e+01,2.399723e+01,2.353629e+01,2.401076e+01,2.423369e+01,2.371277e+01,2.420670e+01,2.466469e+01,2.414593e+01,2.412566e+01,2.386865e+01,2.411891e+01,2.459073e+01,2.445614e+01,2.516082e+01,2.637778e+01,2.599359e+01,2.676058e+01,2.637117e+01,2.754170e+01,2.803109e+01,2.806364e+01,2.758747e+01,2.627855e+01,2.558802e+01,2.473187e+01,2.428766e+01,2.387542e+01,2.394988e+01,2.395664e+01,2.379413e+01,2.376702e+01,2.406485e+01,2.477887e+01,2.469828e+01,2.380091e+01,2.373312e+01,2.362457e+01,2.326418e+01,2.331185e+01,2.325056e+01,2.319604e+01,2.316195e+01,2.337311e+01,2.326418e+01,2.342753e+01,2.342753e+01,2.373990e+01,2.424044e+01,2.461091e+01,2.493316e+01,2.452346e+01,2.434161e+01,2.422694e+01,2.422019e+01,2.411215e+01,2.420670e+01,2.411891e+01,2.412566e+01,2.407837e+01,2.413242e+01,2.415943e+01,2.409188e+01,2.411891e+01,2.403781e+01,2.401752e+01,2.401752e+01,2.405133e+01,2.400400e+01,2.419319e+01,2.401752e+01,2.414593e+01,2.403105e+01,2.411891e+01,2.410540e+01,2.419994e+01,2.410540e+01,2.407161e+01,2.411215e+01,2.414593e+01,2.413917e+01,2.413917e+01,2.405133e+01,2.411891e+01,2.413917e+01,2.412566e+01,2.411891e+01,2.415943e+01,2.416619e+01,2.415268e+01,2.415943e+01,2.411215e+01,2.408512e+01,2.419319e+01,2.422694e+01,2.428766e+01,2.415268e+01,2.419319e+01,2.414593e+01,2.412566e+01,2.415268e+01,2.419994e+01,2.397018e+01,2.399723e+01,2.419319e+01,2.410540e+01,2.417969e+01,2.419994e+01,2.413242e+01,2.411891e+01,2.419994e+01,2.426068e+01,2.412566e+01,2.425393e+01,2.430790e+01,2.460419e+01,2.477216e+01,2.502026e+01,2.502026e+01,2.505375e+01,2.506044e+01,2.505375e+01,2.503366e+01,2.485269e+01,2.485269e+01,2.482585e+01,2.474530e+01,2.471172e+01,2.467813e+01,2.455710e+01,2.422694e+01,2.422019e+01,2.392281e+01,2.389573e+01,2.371277e+01,2.368564e+01,2.350911e+01,2.346153e+01,2.349552e+01,2.351590e+01,2.335269e+01,2.353629e+01,2.344113e+01,2.364493e+01,2.375346e+01,2.370599e+01,2.382123e+01,2.400400e+01,2.388219e+01,2.415268e+01,2.412566e+01,2.413917e+01,2.422694e+01,2.422019e+01,2.428092e+01,2.427417e+01,2.409864e+01,2.409864e+01,2.412566e+01,2.396341e+01,2.404457e+01,2.384155e+01,2.411891e+01,2.392281e+01,2.389573e+01,2.383478e+01,2.377380e+01,2.373990e+01,2.363814e+01,2.361099e+01,2.354308e+01,2.351590e+01,2.340032e+01,2.332547e+01,2.327099e+01,2.329823e+01,2.343433e+01,2.323012e+01,2.325737e+01,2.314832e+01,2.305963e+01,2.294353e+01,2.297769e+01,2.297086e+01,2.305963e+01,2.288886e+01,2.297769e+01,2.292987e+01,2.292303e+01,2.301867e+01,2.313468e+01,2.310057e+01,2.317559e+01,2.329142e+01,2.339352e+01,2.321649e+01,2.338672e+01,2.334589e+01,2.341393e+01,2.342073e+01,2.335950e+01,2.347513e+01,2.354987e+01,2.342753e+01,2.333228e+01,2.344793e+01,2.342753e+01,2.344793e+01,2.339352e+01,2.332547e+01,2.347513e+01,2.343433e+01,2.340713e+01,2.342753e+01,2.367886e+01,2.386187e+01,2.409188e+01,2.426068e+01,2.430790e+01,2.438205e+01,2.438878e+01,2.440900e+01,2.442247e+01,2.440226e+01,2.407837e+01,2.373990e+01,2.352270e+01,2.383478e+01,2.420670e+01,2.417294e+01,2.391604e+01,2.386187e+01,2.364493e+01,2.377380e+01,2.386187e+01,2.395664e+01,2.410540e+01,2.432812e+01,2.451673e+01,2.447635e+01,2.472515e+01,2.481914e+01,2.502696e+01,2.502696e+01,2.520094e+01,2.526110e+01,2.550805e+01,2.556804e+01,2.554804e+01,2.560134e+01,2.562798e+01,2.560800e+01,2.568790e+01,2.570121e+01,2.572782e+01,2.570786e+01,2.577438e+01,2.570786e+01,2.561466e+01,2.564796e+01,2.571451e+01,2.584085e+01,2.596041e+01,2.582092e+01,2.594713e+01,2.584750e+01,2.584085e+01,2.583421e+01,2.582092e+01,2.580097e+01,2.580762e+01,2.561466e+01,2.544804e+01,2.528782e+01,2.529451e+01,2.508052e+01,2.486610e+01,2.481243e+01,2.436857e+01,2.436183e+01,2.392281e+01,2.379413e+01,2.379413e+01,2.352949e+01,2.336630e+01,2.319604e+01,2.338672e+01,2.314832e+01,2.306645e+01,2.338672e+01,2.352270e+01,2.388896e+01,2.410540e+01,2.409864e+01,2.408512e+01,2.411215e+01,2.404457e+01,2.399723e+01,2.413917e+01,2.398371e+01,2.407837e+01,2.409864e+01,2.401076e+01,2.407161e+01,2.409188e+01,2.393634e+01,2.398371e+01,2.407161e+01,2.409188e+01,2.397018e+01,2.398371e+01,2.386187e+01,2.386865e+01
2.407161e+01,2.408512e+01,2.403105e+01,2.400400e+01,2.400400e+01,2.415268e+01,2.395664e+01,2.393634e+01,2.406485e+01,2.397694e+01,2.395664e+01,2.409188e+01,2.403105e+01,2.401076e+01,2.411215e+01,2.407161e+01,2.407161e+01,2.403105e+01,2.408512e+01,2.415943e+01,2.401076e+01,2.403105e+01,2.410540e+01,2.408512e+01,2.416619e+01,2.415943e+01,2.421344e+01,2.415268e+01,2.415943e+01,2.425393e+01,2.427417e+01,2.417969e+01,2.428766e+01,2.447635e+01,2.422019e+01,2.430790e+01,2.438878e+01,2.428766e+01,2.428766e+01,2.428766e+01,2.428092e+01,2.425393e+01,2.432812e+01,2.440226e+01,2.436857e+01,2.432138e+01,2.433487e+01,2.438878e+01,2.438205e+01,2.434835e+01,2.417294e+01,2.419319e+01,2.440900e+01,2.438878e+01,2.446288e+01,2.449654e+01,2.444268e+01,2.448308e+01,2.442921e+01,2.439552e+01,2.433487e+01,2.442921e+01,2.436183e+01,2.440226e+01,2.454365e+01,2.451000e+01,2.447635e+01,2.447635e+01,2.455710e+01,2.444941e+01,2.436183e+01,2.453692e+01,2.451000e+01,2.450327e+01,2.451673e+01,2.465124e+01,2.492645e+01,2.477216e+01,2.508722e+01,2.509391e+01,2.520094e+01,2.540801e+01,2.550805e+01,2.532790e+01,2.536796e+01,2.552139e+01,2.550805e+01,2.530119e+01,2.554804e+01,2.556137e+01,2.553472e+01,2.556137e+01,2.568124e+01,2.580762e+01,2.578103e+01,2.583421e+01,2.594049e+01,2.569455e+01,2.592721e+01,2.595377e+01,2.605993e+01,2.585415e+01,2.581427e+01,2.584750e+01,2.582756e+01,2.589401e+01,2.586079e+01,2.572117e+01,2.578768e+01,2.584085e+01,2.583421e+01,2.579433e+01,2.588736e+01,2.587408e+01,2.575443e+01,2.578768e+01,2.584085e+01,2.579433e+01,2.588072e+01,2.592721e+01,2.586079e+01,2.583421e+01,2.572117e+01,2.571451e+01,2.570786e+01,2.562132e+01,2.555471e+01,2.525442e+01,2.526778e+01,2.491305e+01,2.470500e+01,2.449654e+01,2.453019e+01,2.452346e+01,2.436183e+01,2.439552e+01,2.434835e+01,2.440900e+01,2.435509e+01,2.437531e+01,2.434835e+01,2.438205e+01,2.438205e+01,2.433487e+01,2.443594e+01,2.438205e+01,2.436857e+01,2.447635e+01,2.445614e+01,2.437531e+01,2.442247e+01,2.432138e+01,2.444268e+01,2.440226e+01,2.438878e+01,2.448981e+01,2.450327e+01,2.440226e+01,2.445614e+01,2.455038e+01,2.438205e+01,2.440226e+01,2.442921e+01,2.444941e+01,2.442247e+01,2.443594e+01,2.436857e+01,2.451000e+01,2.440226e+01,2.434835e+01,2.434835e+01,2.438878e+01,2.432138e+01,2.442921e+01,2.440226e+01,2.440900e+01,2.446961e+01,2.437531e+01,2.448981e+01,2.435509e+01,2.448308e+01,2.444941e+01,2.442921e+01,2.440900e+01,2.444268e+01,2.454365e+01,2.444268e+01,2.444941e+01,2.438205e+01,2.444268e+01,2.442247e+01,2.441573e+01,2.438205e+01,2.441573e+01,2.437531e+01,2.440900e+01,2.444941e+01,2.448308e+01,2.442921e+01,2.444941e+01,2.440900e+01,2.441573e+01,2.441573e+01,2.442921e+01,2.454365e+01,2.444268e+01,2.445614e+01,2.446288e+01,2.450327e+01,2.454365e+01,2.446961e+01,2.446961e+01,2.457728e+01,2.450327e+01,2.446288e+01,2.453019e+01,2.448981e+01,2.444268e+01,2.451673e+01,2.442247e+01,2.449654e+01,2.453692e+01,2.449654e+01,2.445614e+01,2.442921e+01,2.449654e+01,2.447635e+01,2.448981e+01,2.440226e+01,2.447635e+01,2.446961e+01,2.444941e+01,2.446961e+01,2.446961e+01,2.436857e+01,2.444268e+01,2.436857e+01,2.444268e+01,2.437531e+01,2.456383e+01,2.451673e+01,2.436183e+01,2.448308e+01,2.434161e+01,2.449654e+01,2.435509e+01,2.436857e+01,2.441573e+01,2.432812e+01,2.431464e+01,2.440900e+01,2.446288e+01,2.436183e+01,2.436857e+01,2.438205e+01,2.444268e+01,2.437531e+01,2.422019e+01,2.432138e+01,2.437531e+01,2.426068e+01,2.432138e+01,2.432812e+01,2.428092e+01,2.428766e+01,2.439552e+01,2.435509e+01,2.432812e+01,2.431464e+01,2.439552e+01,2.431464e+01,2.431464e+01,2.430790e+01,2.434835e+01,2.430115e+01,2.436857e+01,2.433487e+01,2.424719e+01,2.415943e+01,2.413242e+01,2.422694e+01,2.426068e+01,2.404457e+01,2.374668e+01,2.357704e+01,2.337991e+01,2.347513e+01,2.336630e+01,2.346153e+01,2.348872e+01,2.347513e+01,2.358383e+01,2.382123e+01,2.522768e+01,2.493986e+01,2.426068e+01,2.398371e+01,2.548805e+01,2.503366e+01,2.422694e+01,2.382801e+01,2.413242e+01,2.399723e+01,2.461091e+01,2.418644e+01,2.370599e+01,2.309375e+01,2.311422e+01,2.317559e+01,2.316877e+01,2.318923e+01,2.320967e+01,2.297086e+01,2.302550e+01,2.297086e+01,2.301184e+01,2.306645e+01,2.300501e+01,2.270411e+01,2.262874e+01,2.256018e+01,2.258761e+01,2.262874e+01,2.305963e+01,2.307328e+01,2.316877e+01,2.343433e+01,2.356346e+01,2.359062e+01,2.354308e+01,2.378057e+01,2.396341e+01,2.452346e+01,2.407161e+01,2.508722e+01,2.509391e+01,2.414593e+01,2.413242e+01,2.414593e+01,2.433487e+01,2.473858e+01,2.581427e+01,2.609309e+01,2.563464e+01,2.600023e+01,2.712231e+01,2.757440e+01,2.816122e+01,2.780951e+01,2.760708e+01,2.629179e+01,2.459746e+01,2.402428e+01,2.400400e+01,2.399047e+01,2.420670e+01,2.458401e+01,2.371956e+01,2.378735e+01,2.398371e+01,2.471844e+01,2.579433e+01,2.610634e+01,2.589401e+01,2.506044e+01,2.377380e+01,2.361099e+01,2.326418e+01,2.325056e+01,2.335269e+01,2.323012e+01,2.318923e+01,2.342073e+01,2.404457e+01,2.408512e+01,2.405133e+01,2.454365e+01,2.495997e+01,2.421344e+01,2.440226e+01,2.422694e+01,2.421344e+01,2.422019e+01,2.412566e+01,2.409188e+01,2.413242e+01,2.399047e+01,2.411891e+01,2.413917e+01,2.411891e+01,2.413242e+01,2.400400e+01,2.406485e+01,2.399047e+01,2.405133e+01,2.400400e+01,2.418644e+01,2.417294e+01,2.399047e+01,2.413917e+01,2.410540e+01,2.417294e+01,2.399723e+01,2.424719e+01,2.416619e+01,2.405809e+01,2.406485e+01,2.411215e+01,2.401076e+01,2.401076e+01,2.407161e+01,2.431464e+01,2.407161e+01,2.413242e+01,2.422019e+01,2.414593e+01,2.415943e+01,2.410540e+01,2.426068e+01,2.411891e+01,2.419319e+01,2.407837e+01,2.411891e+01,2.410540e+01,2.416619e+01,2.407837e+01,2.411215e+01,2.419994e+01,2.417294e+01,2.395664e+01,2.417294e+01,2.417969e+01,2.415268e+01,2.420670e+01,2.411891e+01,2.411215e+01,2.428092e+01,2.415268e+01,2.425393e+01,2.428766e+01,2.430790e+01,2.460419e+01,2.479230e+01,2.507383e+01,2.506044e+01,2.505375e+01,2.506713e+01,2.504705e+01,2.510060e+01,2.497337e+01,2.483927e+01,2.477216e+01,2.438878e+01,2.438205e+01,2.407161e+01,2.438205e+01,2.438205e+01,2.432812e+01,2.422019e+01,2.396341e+01,2.369921e+01,2.376024e+01,2.360420e+01,2.350231e+01,2.339352e+01,2.349552e+01,2.349552e+01,2.360420e+01,2.361778e+01,2.357704e+01,2.354987e+01,2.381446e+01,2.375346e+01,2.406485e+01,2.409864e+01,2.411215e+01,2.421344e+01,2.419319e+01,2.423369e+01,2.422694e+01,2.423369e+01,2.425393e+01,2.428092e+01,2.405809e+01,2.407837e+01,2.407837e+01,2.392281e+01,2.394311e+01,2.396341e+01,2.397694e+01,2.395664e+01,2.380768e+01,2.382801e+01,2.380768e+01,2.375346e+01,2.373990e+01,2.356346e+01,2.354987e+01,2.344793e+01,2.355667e+01,2.351590e+01,2.335950e+01,2.342753e+01,2.325737e+01,2.325056e+01,2.323012e+01,2.314150e+01,2.309375e+01,2.301184e+01,2.301184e+01,2.297086e+01,2.300501e+01,2.296403e+01,2.297086e+01,2.294353e+01,2.303915e+01,2.305280e+01,2.323012e+01,2.306645e+01,2.326418e+01,2.325056e+01,2.322330e+01,2.340713e+01,2.325056e+01,2.339352e+01,2.348192e+01,2.338672e+01,2.337311e+01,2.341393e+01,2.336630e+01,2.336630e+01,2.347513e+01,2.352949e+01,2.339352e+01,2.335269e+01,2.340032e+01,2.331185e+01,2.339352e+01,2.328461e+01,2.338672e+01,2.371956e+01,2.403781e+01,2.442921e+01,2.428766e+01,2.426068e+01,2.430115e+01,2.434161e+01,2.430790e+01,2.451673e+01,2.440900e+01,2.440226e+01,2.403781e+01,2.364493e+01,2.364493e+01,2.361099e+01,2.384155e+01,2.390250e+01,2.380091e+01,2.383478e+01,2.380768e+01,2.390927e+01,2.405809e+01,2.409864e+01,2.437531e+01,2.427417e+01,2.444941e+01,2.469156e+01,2.475201e+01,2.495326e+01,2.506044e+01,2.508052e+01,2.522100e+01,2.546805e+01,2.549472e+01,2.549472e+01,2.560134e+01,2.560800e+01,2.550805e+01,2.560134e+01,2.548138e+01,2.558802e+01,2.555471e+01,2.560800e+01,2.563464e+01,2.560800e+01,2.572782e+01,2.568124e+01,2.570786e+01,2.587408e+01,2.588072e+01,2.585415e+01,2.592057e+01,2.590729e+01,2.580762e+01,2.595377e+01,2.582092e+01,2.586743e+01,2.565462e+01,2.564796e+01,2.553472e+01,2.528782e+01,2.502696e+01,2.477216e+01,2.465796e+01,2.465124e+01,2.436183e+01,2.432138e+01,2.397694e+01,2.392958e+01,2.358383e+01,2.368564e+01,2.343433e+01,2.337311e+01,2.320286e+01,2.316877e+01,2.315514e+01,2.337991e+01,2.337311e+01,2.389573e+01,2.391604e+01,2.393634e+01,2.409188e+01,2.399723e+01,2.403105e+01,2.402428e+01,2.392958e+01,2.405133e+01,2.411215e+01,2.399047e+01,2.407161e+01,2.403105e+01,2.398371e+01,2.409864e+01,2.388896e+01,2.397694e+01,2.389573e+01,2.392958e+01,2.398371e+01,2.386187e+01,2.394988e+01
2.401076e+01,2.401752e+01,2.399723e+01,2.397694e+01,2.403105e+01,2.396341e+01,2.405133e+01,2.402428e+01,2.399047e+01,2.407161e+01,2.386187e+01,2.398371e+01,2.402428e+01,2.387542e+01,2.403105e+01,2.401752e+01,2.405133e+01,2.403781e+01,2.399723e+01,2.414593e+01,2.414593e+01,2.413917e+01,2.413242e+01,2.417969e+01,2.407161e+01,2.419319e+01,2.418644e+01,2.406485e+01,2.417969e+01,2.418644e+01,2.411215e+01,2.428766e+01,2.430115e+01,2.428092e+01,2.424044e+01,2.428766e+01,2.427417e+01,2.424044e+01,2.437531e+01,2.426068e+01,2.434835e+01,2.425393e+01,2.428092e+01,2.437531e+01,2.448981e+01,2.439552e+01,2.439552e+01,2.437531e+01,2.430115e+01,2.440226e+01,2.447635e+01,2.437531e+01,2.444268e+01,2.449654e+01,2.441573e+01,2.448308e+01,2.451000e+01,2.442247e+01,2.448981e+01,2.430115e+01,2.443594e+01,2.449654e+01,2.441573e+01,2.428766e+01,2.455710e+01,2.432812e+01,2.445614e+01,2.435509e+01,2.458401e+01,2.456383e+01,2.455038e+01,2.448308e+01,2.454365e+01,2.467813e+01,2.467141e+01,2.508052e+01,2.515413e+01,2.522768e+01,2.536129e+01,2.540801e+01,2.540801e+01,2.542802e+01,2.558802e+01,2.556804e+01,2.550139e+01,2.562132e+01,2.568790e+01,2.568124e+01,2.564130e+01,2.565462e+01,2.561466e+01,2.568124e+01,2.577438e+01,2.577438e+01,2.590729e+01,2.568790e+01,2.590729e+01,2.589401e+01,2.598696e+01,2.598696e+01,2.606656e+01,2.602013e+01,2.606656e+01,2.604667e+01,2.598032e+01,2.595377e+01,2.585415e+01,2.584750e+01,2.582092e+01,2.598032e+01,2.589401e+01,2.588072e+01,2.592721e+01,2.586743e+01,2.590065e+01,2.580097e+01,2.596704e+01,2.599359e+01,2.592721e+01,2.599359e+01,2.600686e+01,2.603340e+01,2.605993e+01,2.603340e+01,2.595377e+01,2.592721e+01,2.576108e+01,2.576773e+01,2.576108e+01,2.553472e+01,2.548138e+01,2.544804e+01,2.505375e+01,2.475201e+01,2.472515e+01,2.445614e+01,2.441573e+01,2.434835e+01,2.439552e+01,2.434161e+01,2.433487e+01,2.432812e+01,2.438205e+01,2.444268e+01,2.436183e+01,2.428092e+01,2.437531e+01,2.439552e+01,2.443594e+01,2.434161e+01,2.443594e+01,2.440226e+01,2.441573e+01,2.445614e+01,2.442247e+01,2.431464e+01,2.440900e+01,2.443594e+01,2.440900e+01,2.439552e+01,2.460419e+01,2.450327e+01,2.443594e+01,2.443594e+01,2.442247e+01,2.442247e+01,2.442921e+01,2.436183e+01,2.435509e+01,2.455038e+01,2.440226e+01,2.436183e+01,2.452346e+01,2.437531e+01,2.441573e+01,2.444941e+01,2.448308e+01,2.438878e+01,2.450327e+01,2.442921e+01,2.441573e+01,2.444268e+01,2.446961e+01,2.451673e+01,2.446288e+01,2.442247e+01,2.448308e+01,2.445614e+01,2.446288e+01,2.458401e+01,2.442921e+01,2.444268e+01,2.430790e+01,2.445614e+01,2.442921e+01,2.450327e+01,2.447635e+01,2.444268e+01,2.441573e+01,2.451000e+01,2.446961e+01,2.436183e+01,2.442921e+01,2.444268e+01,2.451000e+01,2.444268e+01,2.450327e+01,2.442921e+01,2.452346e+01,2.443594e+01,2.452346e+01,2.455038e+01,2.446288e+01,2.450327e+01,2.451000e+01,2.451000e+01,2.448981e+01,2.450327e+01,2.448308e+01,2.446288e+01,2.453019e+01,2.442247e+01,2.450327e+01,2.446288e+01,2.446961e+01,2.448981e+01,2.447635e+01,2.446288e+01,2.446961e+01,2.448981e+01,2.446961e+01,2.449654e+01,2.455038e+01,2.446288e+01,2.443594e+01,2.443594e+01,2.457056e+01,2.453019e+01,2.446961e+01,2.448308e+01,2.445614e+01,2.455710e+01,2.443594e+01,2.450327e+01,2.435509e+01,2.436857e+01,2.444941e+01,2.437531e+01,2.442921e+01,2.440900e+01,2.442247e+01,2.440900e+01,2.436183e+01,2.434161e+01,2.440226e+01,2.441573e+01,2.434835e+01,2.433487e+01,2.430790e+01,2.435509e+01,2.438205e+01,2.445614e+01,2.417969e+01,2.427417e+01,2.432138e+01,2.433487e+01,2.438878e+01,2.433487e+01,2.434835e+01,2.424044e+01,2.427417e+01,2.442247e+01,2.426068e+01,2.430115e+01,2.424044e+01,2.433487e+01,2.425393e+01,2.426068e+01,2.413242e+01,2.433487e+01,2.426743e+01,2.444941e+01,2.422019e+01,2.371956e+01,2.333228e+01,2.343433e+01,2.332547e+01,2.337311e+01,2.357025e+01,2.373990e+01,2.359741e+01,2.369242e+01,2.524105e+01,2.665512e+01,2.572782e+01,2.500687e+01,2.438205e+01,2.586743e+01,2.482585e+01,2.388896e+01,2.394311e+01,2.477216e+01,2.410540e+01,2.394311e+01,2.354308e+01,2.323012e+01,2.299818e+01,2.292303e+01,2.314832e+01,2.359062e+01,2.331185e+01,2.338672e+01,2.337311e+01,2.277942e+01,2.293670e+01,2.287519e+01,2.306645e+01,2.308693e+01,2.273835e+01,2.257390e+01,2.255332e+01,2.253960e+01,2.255332e+01,2.262874e+01,2.272465e+01,2.317559e+01,2.346153e+01,2.354308e+01,2.356346e+01,2.352949e+01,2.383478e+01,2.396341e+01,2.382123e+01,2.435509e+01,2.382801e+01,2.380768e+01,2.388896e+01,2.428092e+01,2.420670e+01,2.464452e+01,2.535461e+01,2.475873e+01,2.514744e+01,2.568124e+01,2.558802e+01,2.703692e+01,2.714857e+01,2.785517e+01,2.820673e+01,2.831067e+01,2.775731e+01,2.701721e+01,2.610634e+01,2.443594e+01,2.424719e+01,2.501357e+01,2.601350e+01,2.415943e+01,2.365172e+01,2.424719e+01,2.500687e+01,2.503366e+01,2.481914e+01,2.466469e+01,2.415268e+01,2.384833e+01,2.361778e+01,2.352949e+01,2.321649e+01,2.342753e+01,2.333228e+01,2.315514e+01,2.342073e+01,2.495326e+01,2.654295e+01,2.661554e+01,2.554804e+01,2.451000e+01,2.416619e+01,2.419994e+01,2.463108e+01,2.419319e+01,2.413917e+01,2.415268e+01,2.418644e+01,2.409188e+01,2.417294e+01,2.418644e+01,2.413917e+01,2.405809e+01,2.399723e+01,2.404457e+01,2.410540e+01,2.415943e+01,2.419319e+01,2.409864e+01,2.408512e+01,2.414593e+01,2.414593e+01,2.411891e+01,2.407161e+01,2.413242e+01,2.411891e+01,2.411215e+01,2.418644e+01,2.405809e+01,2.411891e+01,2.403105e+01,2.415943e+01,2.413242e+01,2.416619e+01,2.409188e+01,2.417969e+01,2.411891e+01,2.412566e+01,2.412566e+01,2.416619e+01,2.417294e+01,2.415268e+01,2.417294e+01,2.430115e+01,2.426743e+01,2.410540e+01,2.405809e+01,2.426068e+01,2.413917e+01,2.415943e+01,2.409864e+01,2.417969e+01,2.409864e+01,2.416619e+01,2.415943e+01,2.422019e+01,2.413242e+01,2.421344e+01,2.415943e+01,2.426743e+01,2.422694e+01,2.424719e+01,2.433487e+01,2.466469e+01,2.501357e+01,2.508722e+01,2.514744e+01,2.517419e+01,2.510060e+01,2.506044e+01,2.508052e+01,2.506044e+01,2.489964e+01,2.476544e+01,2.422019e+01,2.419319e+01,2.395664e+01,2.395664e+01,2.403105e+01,2.401752e+01,2.396341e+01,2.394311e+01,2.388896e+01,2.365850e+01,2.352270e+01,2.351590e+01,2.343433e+01,2.342073e+01,2.351590e+01,2.337991e+01,2.354987e+01,2.371956e+01,2.363136e+01,2.351590e+01,2.380091e+01,2.389573e+01,2.406485e+01,2.408512e+01,2.423369e+01,2.420670e+01,2.417969e+01,2.427417e+01,2.427417e+01,2.424719e+01,2.422694e+01,2.418644e+01,2.408512e+01,2.409864e+01,2.405809e+01,2.411215e+01,2.405133e+01,2.391604e+01,2.384833e+01,2.382123e+01,2.369921e+01,2.380091e+01,2.382123e+01,2.380768e+01,2.362457e+01,2.359741e+01,2.365850e+01,2.358383e+01,2.350911e+01,2.352949e+01,2.334589e+01,2.331866e+01,2.323693e+01,2.327099e+01,2.338672e+01,2.316195e+01,2.302550e+01,2.314832e+01,2.311422e+01,2.299135e+01,2.297769e+01,2.297769e+01,2.297086e+01,2.312104e+01,2.305963e+01,2.306645e+01,2.308010e+01,2.297769e+01,2.321649e+01,2.329142e+01,2.326418e+01,2.319604e+01,2.323693e+01,2.327780e+01,2.340713e+01,2.332547e+01,2.344113e+01,2.348192e+01,2.330504e+01,2.341393e+01,2.346153e+01,2.350231e+01,2.337991e+01,2.342753e+01,2.327099e+01,2.329823e+01,2.335269e+01,2.337991e+01,2.373312e+01,2.407837e+01,2.428766e+01,2.420670e+01,2.431464e+01,2.446288e+01,2.444941e+01,2.451000e+01,2.437531e+01,2.447635e+01,2.436857e+01,2.388219e+01,2.365850e+01,2.350911e+01,2.353629e+01,2.362457e+01,2.371277e+01,2.381446e+01,2.388896e+01,2.380768e+01,2.405133e+01,2.413242e+01,2.422019e+01,2.426743e+01,2.429441e+01,2.446961e+01,2.456383e+01,2.483256e+01,2.473858e+01,2.504035e+01,2.512068e+01,2.534126e+01,2.548805e+01,2.552805e+01,2.549472e+01,2.548138e+01,2.556137e+01,2.565462e+01,2.566127e+01,2.541468e+01,2.560134e+01,2.561466e+01,2.563464e+01,2.554138e+01,2.574113e+01,2.575443e+01,2.574113e+01,2.576108e+01,2.579433e+01,2.591393e+01,2.591393e+01,2.588736e+01,2.589401e+01,2.595377e+01,2.596704e+01,2.591393e+01,2.580762e+01,2.579433e+01,2.578768e+01,2.572782e+01,2.538799e+01,2.538131e+01,2.505375e+01,2.495997e+01,2.483256e+01,2.465796e+01,2.434835e+01,2.432138e+01,2.417294e+01,2.401752e+01,2.370599e+01,2.361778e+01,2.358383e+01,2.344793e+01,2.353629e+01,2.349552e+01,2.351590e+01,2.353629e+01,2.382123e+01,2.388219e+01,2.391604e+01,2.409188e+01,2.407837e+01,2.409864e+01,2.411215e+01,2.399047e+01,2.405133e+01,2.380091e+01,2.401752e+01,2.411215e+01,2.396341e+01,2.407837e+01,2.395664e+01,2.392958e+01,2.409864e+01,2.393634e+01,2.395664e+01,2.401752e+01,2.394988e+01,2.401752e+01,2.382123e+01
2.402428e+01,2.392281e+01,2.399723e+01,2.398371e+01,2.406485e+01,2.392958e+01,2.386865e+01,2.397018e+01,2.397018e+01,2.403105e+01,2.392958e+01,2.388896e+01,2.403781e+01,2.390250e+01,2.400400e+01,2.406485e+01,2.402428e+01,2.410540e+01,2.376702e+01,2.402428e+01,2.411891e+01,2.407161e+01,2.409864e+01,2.413242e+01,2.411215e+01,2.411891e+01,2.415268e+01,2.409188e+01,2.421344e+01,2.424719e+01,2.418644e+01,2.421344e+01,2.433487e+01,2.426743e+01,2.434835e+01,2.429441e+01,2.438878e+01,2.451000e+01,2.426743e+01,2.437531e+01,2.430790e+01,2.435509e+01,2.442921e+01,2.427417e+01,2.436857e+01,2.436857e+01,2.437531e+01,2.439552e+01,2.428092e+01,2.428766e+01,2.437531e+01,2.436857e+01,2.449654e+01,2.443594e+01,2.439552e+01,2.448308e+01,2.434835e+01,2.437531e+01,2.450327e+01,2.441573e+01,2.447635e+01,2.432812e+01,2.442247e+01,2.449654e+01,2.446288e+01,2.453692e+01,2.432812e+01,2.461763e+01,2.441573e+01,2.455710e+01,2.453019e+01,2.454365e+01,2.467813e+01,2.502026e+01,2.513406e+01,2.522100e+01,2.526110e+01,2.535461e+01,2.546805e+01,2.541468e+01,2.541468e+01,2.552139e+01,2.564796e+01,2.564130e+01,2.571451e+01,2.575443e+01,2.570786e+01,2.566793e+01,2.574778e+01,2.573447e+01,2.577438e+01,2.555471e+01,2.579433e+01,2.579433e+01,2.589401e+01,2.594713e+01,2.595377e+01,2.602677e+01,2.596041e+01,2.604004e+01,2.600023e+01,2.599359e+01,2.605330e+01,2.604004e+01,2.600023e+01,2.598032e+01,2.592721e+01,2.574113e+01,2.578768e+01,2.573447e+01,2.592057e+01,2.591393e+01,2.592721e+01,2.586079e+01,2.586079e+01,2.589401e+01,2.586743e+01,2.595377e+01,2.597368e+01,2.594049e+01,2.602013e+01,2.605330e+01,2.592057e+01,2.604667e+01,2.598032e+01,2.601350e+01,2.601350e+01,2.594713e+01,2.599359e+01,2.599359e+01,2.601350e+01,2.578768e+01,2.550139e+01,2.558802e+01,2.508722e+01,2.486610e+01,2.445614e+01,2.444941e+01,2.433487e+01,2.431464e+01,2.440226e+01,2.434835e+01,2.442247e+01,2.438878e+01,2.443594e+01,2.442921e+01,2.440226e+01,2.433487e+01,2.435509e+01,2.443594e+01,2.438878e+01,2.436183e+01,2.434161e+01,2.439552e+01,2.438205e+01,2.440900e+01,2.440900e+01,2.433487e+01,2.435509e+01,2.436857e+01,2.432138e+01,2.434161e+01,2.440900e+01,2.439552e+01,2.446961e+01,2.442921e+01,2.445614e+01,2.440226e+01,2.438878e+01,2.440226e+01,2.455710e+01,2.434161e+01,2.437531e+01,2.440226e+01,2.437531e+01,2.448981e+01,2.448308e+01,2.441573e+01,2.438205e+01,2.444941e+01,2.453692e+01,2.436857e+01,2.444941e+01,2.448308e+01,2.451000e+01,2.438878e+01,2.446288e+01,2.439552e+01,2.442921e+01,2.441573e+01,2.442921e+01,2.436183e+01,2.442921e+01,2.442247e+01,2.441573e+01,2.451673e+01,2.446288e+01,2.448981e+01,2.450327e+01,2.448308e+01,2.443594e+01,2.451000e+01,2.453019e+01,2.446961e+01,2.442921e+01,2.446961e+01,2.443594e+01,2.442921e+01,2.440226e+01,2.442921e+01,2.459746e+01,2.447635e+01,2.446288e+01,2.446961e+01,2.449654e+01,2.446961e+01,2.447635e+01,2.448308e+01,2.451000e+01,2.447635e+01,2.450327e+01,2.440900e+01,2.446288e+01,2.446288e+01,2.448308e+01,2.444268e+01,2.446288e+01,2.448308e+01,2.439552e+01,2.451000e+01,2.446961e+01,2.450327e+01,2.445614e+01,2.440226e+01,2.451673e+01,2.445614e+01,2.459746e+01,2.438878e+01,2.442247e+01,2.451673e+01,2.451673e+01,2.453692e+01,2.442247e+01,2.453019e+01,2.436183e+01,2.440900e+01,2.437531e+01,2.449654e+01,2.434835e+01,2.434835e+01,2.442247e+01,2.438205e+01,2.432812e+01,2.440226e+01,2.435509e+01,2.438878e+01,2.436857e+01,2.436183e+01,2.436857e+01,2.432138e+01,2.428766e+01,2.432138e+01,2.418644e+01,2.430790e+01,2.430115e+01,2.434835e+01,2.430115e+01,2.432138e+01,2.429441e+01,2.427417e+01,2.440900e+01,2.428092e+01,2.432138e+01,2.440900e+01,2.426743e+01,2.432812e+01,2.424719e+01,2.426068e+01,2.428766e+01,2.421344e+01,2.436857e+01,2.424044e+01,2.393634e+01,2.362457e+01,2.341393e+01,2.354308e+01,2.390250e+01,2.396341e+01,2.359741e+01,2.357025e+01,2.363136e+01,2.406485e+01,2.563464e+01,2.565462e+01,2.548138e+01,2.516082e+01,2.502696e+01,2.555471e+01,2.613948e+01,2.605330e+01,2.504705e+01,2.445614e+01,2.429441e+01,2.414593e+01,2.388219e+01,2.392958e+01,2.380091e+01,2.369242e+01,2.318241e+01,2.295720e+01,2.296403e+01,2.288202e+01,2.301184e+01,2.300501e+01,2.299135e+01,2.337311e+01,2.337991e+01,2.376024e+01,2.382801e+01,2.274519e+01,2.262189e+01,2.258076e+01,2.254646e+01,2.273835e+01,2.271780e+01,2.299818e+01,2.319604e+01,2.291620e+01,2.289569e+01,2.311422e+01,2.351590e+01,2.392958e+01,2.390927e+01,2.394311e+01,2.413242e+01,2.373312e+01,2.412566e+01,2.626532e+01,2.497337e+01,2.528115e+01,2.552139e+01,2.438878e+01,2.477887e+01,2.550805e+01,2.568790e+01,2.661554e+01,2.784865e+01,2.803760e+01,2.807014e+01,2.818723e+01,2.808316e+01,2.775078e+01,2.743046e+01,2.500687e+01,2.417294e+01,2.499347e+01,2.628517e+01,2.523437e+01,2.397694e+01,2.470500e+01,2.483927e+01,2.454365e+01,2.500017e+01,2.441573e+01,2.387542e+01,2.358383e+01,2.395664e+01,2.359062e+01,2.340713e+01,2.332547e+01,2.342753e+01,2.340713e+01,2.342073e+01,2.405133e+01,2.562798e+01,2.639100e+01,2.587408e+01,2.588072e+01,2.509391e+01,2.419994e+01,2.415268e+01,2.411891e+01,2.413917e+01,2.414593e+01,2.416619e+01,2.415268e+01,2.417294e+01,2.413917e+01,2.415268e+01,2.411215e+01,2.403105e+01,2.403781e+01,2.419994e+01,2.425393e+01,2.413917e+01,2.409188e+01,2.420670e+01,2.405133e+01,2.409864e+01,2.409864e+01,2.413917e+01,2.432138e+01,2.412566e+01,2.413917e+01,2.411891e+01,2.411215e+01,2.415268e+01,2.403105e+01,2.407837e+01,2.408512e+01,2.413917e+01,2.409188e+01,2.410540e+01,2.413242e+01,2.399047e+01,2.409188e+01,2.409188e+01,2.422694e+01,2.407161e+01,2.405809e+01,2.414593e+01,2.411891e+01,2.411215e+01,2.405133e+01,2.406485e+01,2.415943e+01,2.419994e+01,2.414593e+01,2.419994e+01,2.416619e+01,2.418644e+01,2.411215e+01,2.416619e+01,2.420670e+01,2.419994e+01,2.420670e+01,2.417969e+01,2.420670e+01,2.414593e+01,2.446961e+01,2.473187e+01,2.499347e+01,2.506713e+01,2.517419e+01,2.521431e+01,2.521431e+01,2.514744e+01,2.493986e+01,2.485269e+01,2.446961e+01,2.464452e+01,2.426743e+01,2.405133e+01,2.376702e+01,2.394311e+01,2.376024e+01,2.395664e+01,2.371956e+01,2.388896e+01,2.394311e+01,2.365850e+01,2.359062e+01,2.344793e+01,2.342073e+01,2.340032e+01,2.350231e+01,2.348872e+01,2.356346e+01,2.361099e+01,2.365172e+01,2.368564e+01,2.387542e+01,2.403781e+01,2.411215e+01,2.407837e+01,2.422694e+01,2.426743e+01,2.428766e+01,2.422019e+01,2.427417e+01,2.417294e+01,2.413242e+01,2.421344e+01,2.420670e+01,2.405133e+01,2.402428e+01,2.401076e+01,2.397694e+01,2.386187e+01,2.384833e+01,2.382123e+01,2.383478e+01,2.380768e+01,2.371956e+01,2.370599e+01,2.357704e+01,2.362457e+01,2.352270e+01,2.354308e+01,2.333908e+01,2.333228e+01,2.338672e+01,2.332547e+01,2.326418e+01,2.321649e+01,2.313468e+01,2.316877e+01,2.315514e+01,2.305280e+01,2.305280e+01,2.295720e+01,2.298452e+01,2.292987e+01,2.299818e+01,2.289569e+01,2.284783e+01,2.307328e+01,2.308010e+01,2.310739e+01,2.323012e+01,2.325737e+01,2.330504e+01,2.327099e+01,2.333228e+01,2.329823e+01,2.332547e+01,2.341393e+01,2.351590e+01,2.337311e+01,2.332547e+01,2.347513e+01,2.344113e+01,2.332547e+01,2.329142e+01,2.343433e+01,2.327099e+01,2.327780e+01,2.329823e+01,2.371956e+01,2.410540e+01,2.424719e+01,2.431464e+01,2.429441e+01,2.438205e+01,2.446961e+01,2.433487e+01,2.446288e+01,2.432138e+01,2.441573e+01,2.423369e+01,2.399723e+01,2.374668e+01,2.366529e+01,2.382123e+01,2.381446e+01,2.381446e+01,2.382123e+01,2.390250e+01,2.409188e+01,2.421344e+01,2.416619e+01,2.417294e+01,2.431464e+01,2.452346e+01,2.467813e+01,2.476544e+01,2.489964e+01,2.510060e+01,2.530787e+01,2.532122e+01,2.536796e+01,2.534793e+01,2.548805e+01,2.548805e+01,2.556137e+01,2.549472e+01,2.566793e+01,2.564130e+01,2.546805e+01,2.553472e+01,2.549472e+01,2.558136e+01,2.570786e+01,2.565462e+01,2.574778e+01,2.572782e+01,2.583421e+01,2.580762e+01,2.586743e+01,2.586743e+01,2.590065e+01,2.592057e+01,2.594713e+01,2.605330e+01,2.582756e+01,2.581427e+01,2.575443e+01,2.568790e+01,2.541468e+01,2.537464e+01,2.530787e+01,2.492645e+01,2.483927e+01,2.480572e+01,2.462436e+01,2.434161e+01,2.412566e+01,2.399047e+01,2.417294e+01,2.382801e+01,2.372634e+01,2.367207e+01,2.355667e+01,2.374668e+01,2.393634e+01,2.397018e+01,2.389573e+01,2.390927e+01,2.393634e+01,2.405809e+01,2.407837e+01,2.405133e+01,2.399047e+01,2.409864e+01,2.382801e+01,2.381446e+01,2.376702e+01,2.376702e+01,2.396341e+01,2.399047e+01,2.405809e+01,2.390927e+01,2.390927e+01,2.403781e+01,2.391604e+01,2.399723e+01,2.390250e+01,2.395664e+01,2.388896e+01,2.397018e+01
2.401752e+01,2.395664e+01,2.396341e+01,2.397694e+01,2.394988e+01,2.388219e+01,2.391604e+01,2.394988e+01,2.389573e+01,2.392958e+01,2.391604e+01,2.397018e+01,2.392958e+01,2.401076e+01,2.401076e+01,2.393634e+01,2.401752e+01,2.389573e+01,2.414593e+01,2.397018e+01,2.399047e+01,2.394988e+01,2.405809e+01,2.405809e+01,2.405809e+01,2.419994e+01,2.416619e+01,2.424044e+01,2.397018e+01,2.419319e+01,2.413242e+01,2.424719e+01,2.428092e+01,2.418644e+01,2.437531e+01,2.426068e+01,2.445614e+01,2.454365e+01,2.426743e+01,2.419319e+01,2.422694e+01,2.436857e+01,2.430115e+01,2.429441e+01,2.443594e+01,2.433487e+01,2.434161e+01,2.439552e+01,2.452346e+01,2.446961e+01,2.439552e+01,2.438205e+01,2.448981e+01,2.446961e+01,2.448308e+01,2.437531e+01,2.433487e+01,2.432138e+01,2.432138e+01,2.435509e+01,2.448308e+01,2.446288e+01,2.437531e+01,2.451673e+01,2.446961e+01,2.455710e+01,2.463780e+01,2.459746e+01,2.463108e+01,2.468484e+01,2.483927e+01,2.483927e+01,2.512068e+01,2.498007e+01,2.520763e+01,2.518088e+01,2.521431e+01,2.536129e+01,2.550805e+01,2.543469e+01,2.554138e+01,2.560800e+01,2.567459e+01,2.570786e+01,2.573447e+01,2.577438e+01,2.575443e+01,2.576773e+01,2.574778e+01,2.578103e+01,2.570786e+01,2.557470e+01,2.580097e+01,2.588072e+01,2.592057e+01,2.595377e+01,2.600023e+01,2.597368e+01,2.599359e+01,2.604004e+01,2.604004e+01,2.605330e+01,2.594713e+01,2.588736e+01,2.599359e+01,2.598032e+01,2.589401e+01,2.586079e+01,2.586079e+01,2.582756e+01,2.586079e+01,2.589401e+01,2.597368e+01,2.584750e+01,2.588072e+01,2.587408e+01,2.584085e+01,2.599359e+01,2.596041e+01,2.602677e+01,2.601350e+01,2.598696e+01,2.605993e+01,2.594049e+01,2.597368e+01,2.597368e+01,2.595377e+01,2.599359e+01,2.609309e+01,2.608646e+01,2.604004e+01,2.608646e+01,2.596041e+01,2.595377e+01,2.562132e+01,2.554138e+01,2.545471e+01,2.485940e+01,2.448308e+01,2.438878e+01,2.434161e+01,2.442921e+01,2.431464e+01,2.441573e+01,2.433487e+01,2.427417e+01,2.434835e+01,2.435509e+01,2.429441e+01,2.436183e+01,2.432812e+01,2.429441e+01,2.434161e+01,2.432812e+01,2.440900e+01,2.442247e+01,2.439552e+01,2.441573e+01,2.438205e+01,2.442921e+01,2.440226e+01,2.430115e+01,2.442921e+01,2.438205e+01,2.439552e+01,2.440900e+01,2.432138e+01,2.452346e+01,2.440226e+01,2.446288e+01,2.431464e+01,2.444941e+01,2.438878e+01,2.442921e+01,2.441573e+01,2.444268e+01,2.443594e+01,2.448308e+01,2.444268e+01,2.445614e+01,2.443594e+01,2.450327e+01,2.450327e+01,2.440900e+01,2.449654e+01,2.444941e+01,2.448308e+01,2.442921e+01,2.439552e+01,2.440226e+01,2.438205e+01,2.441573e+01,2.432138e+01,2.439552e+01,2.443594e+01,2.448308e+01,2.444941e+01,2.441573e+01,2.446288e+01,2.444268e+01,2.441573e+01,2.443594e+01,2.451673e+01,2.457056e+01,2.444268e+01,2.442247e+01,2.428092e+01,2.443594e+01,2.444268e+01,2.446961e+01,2.436183e+01,2.434161e+01,2.442921e+01,2.446288e+01,2.447635e+01,2.445614e+01,2.448308e+01,2.449654e+01,2.448308e+01,2.448981e+01,2.448981e+01,2.448981e+01,2.440900e+01,2.448981e+01,2.449654e+01,2.448308e+01,2.442921e+01,2.448981e+01,2.439552e+01,2.446288e+01,2.445614e+01,2.444941e+01,2.445614e+01,2.445614e+01,2.442921e+01,2.444941e+01,2.432812e+01,2.443594e+01,2.438205e+01,2.442247e+01,2.441573e+01,2.439552e+01,2.454365e+01,2.435509e+01,2.435509e+01,2.442247e+01,2.451000e+01,2.442247e+01,2.436183e+01,2.435509e+01,2.434161e+01,2.437531e+01,2.438205e+01,2.438878e+01,2.434835e+01,2.442921e+01,2.436857e+01,2.432812e+01,2.437531e+01,2.430790e+01,2.428092e+01,2.432138e+01,2.430790e+01,2.436183e+01,2.429441e+01,2.423369e+01,2.431464e+01,2.430115e+01,2.440900e+01,2.438878e+01,2.437531e+01,2.432812e+01,2.434835e+01,2.438878e+01,2.430790e+01,2.421344e+01,2.423369e+01,2.428766e+01,2.430115e+01,2.422694e+01,2.421344e+01,2.421344e+01,2.397018e+01,2.351590e+01,2.372634e+01,2.427417e+01,2.570121e+01,2.605330e+01,2.483927e+01,2.492645e+01,2.407837e+01,2.493316e+01,2.631164e+01,2.592057e+01,2.602013e+01,2.432138e+01,2.427417e+01,2.481243e+01,2.543469e+01,2.623884e+01,2.638439e+01,2.449654e+01,2.387542e+01,2.396341e+01,2.386865e+01,2.438878e+01,2.546805e+01,2.580762e+01,2.438205e+01,2.323012e+01,2.296403e+01,2.279310e+01,2.301184e+01,2.331866e+01,2.377380e+01,2.391604e+01,2.424719e+01,2.386187e+01,2.426068e+01,2.367886e+01,2.272465e+01,2.271780e+01,2.299818e+01,2.322330e+01,2.282047e+01,2.304598e+01,2.342073e+01,2.302550e+01,2.271096e+01,2.289569e+01,2.418644e+01,2.526778e+01,2.455038e+01,2.439552e+01,2.408512e+01,2.390250e+01,2.441573e+01,2.497337e+01,2.453019e+01,2.426068e+01,2.405133e+01,2.405809e+01,2.431464e+01,2.459746e+01,2.514075e+01,2.564130e+01,2.599359e+01,2.576108e+01,2.576108e+01,2.626532e+01,2.611960e+01,2.652975e+01,2.636456e+01,2.572117e+01,2.419319e+01,2.448981e+01,2.475201e+01,2.602677e+01,2.597368e+01,2.482585e+01,2.525442e+01,2.480572e+01,2.593385e+01,2.637778e+01,2.478558e+01,2.401076e+01,2.399723e+01,2.335269e+01,2.328461e+01,2.340032e+01,2.343433e+01,2.347513e+01,2.364493e+01,2.384833e+01,2.429441e+01,2.560134e+01,2.730600e+01,2.798551e+01,2.735187e+01,2.480572e+01,2.415268e+01,2.411215e+01,2.413917e+01,2.409188e+01,2.411891e+01,2.416619e+01,2.408512e+01,2.410540e+01,2.417294e+01,2.411891e+01,2.419994e+01,2.417969e+01,2.405133e+01,2.407161e+01,2.407161e+01,2.409864e+01,2.409188e+01,2.407837e+01,2.419319e+01,2.412566e+01,2.408512e+01,2.409864e+01,2.409188e+01,2.415268e+01,2.409188e+01,2.414593e+01,2.413242e+01,2.413242e+01,2.411891e+01,2.415943e+01,2.415943e+01,2.414593e+01,2.407837e+01,2.407161e+01,2.407837e+01,2.412566e+01,2.422019e+01,2.411891e+01,2.421344e+01,2.413917e+01,2.404457e+01,2.411891e+01,2.401076e+01,2.415943e+01,2.413917e+01,2.422694e+01,2.411891e+01,2.413917e+01,2.419319e+01,2.415268e+01,2.419319e+01,2.415268e+01,2.419994e+01,2.420670e+01,2.419994e+01,2.421344e+01,2.420670e+01,2.421344e+01,2.446961e+01,2.469828e+01,2.506044e+01,2.509391e+01,2.527446e+01,2.538799e+01,2.530119e+01,2.500687e+01,2.491975e+01,2.459746e+01,2.449654e+01,2.443594e+01,2.436857e+01,2.427417e+01,2.430115e+01,2.419994e+01,2.398371e+01,2.397694e+01,2.372634e+01,2.386865e+01,2.373990e+01,2.390250e+01,2.390927e+01,2.365172e+01,2.348872e+01,2.336630e+01,2.343433e+01,2.344793e+01,2.350231e+01,2.362457e+01,2.361778e+01,2.361099e+01,2.365172e+01,2.390927e+01,2.399723e+01,2.415943e+01,2.422019e+01,2.413917e+01,2.430790e+01,2.429441e+01,2.421344e+01,2.422019e+01,2.420670e+01,2.417969e+01,2.398371e+01,2.403781e+01,2.402428e+01,2.403781e+01,2.400400e+01,2.389573e+01,2.386187e+01,2.392281e+01,2.364493e+01,2.387542e+01,2.366529e+01,2.373312e+01,2.357704e+01,2.363814e+01,2.353629e+01,2.359062e+01,2.354987e+01,2.353629e+01,2.333228e+01,2.331185e+01,2.335269e+01,2.316195e+01,2.325737e+01,2.320967e+01,2.309375e+01,2.306645e+01,2.306645e+01,2.303915e+01,2.295037e+01,2.297769e+01,2.295720e+01,2.297769e+01,2.286835e+01,2.291620e+01,2.300501e+01,2.297769e+01,2.312104e+01,2.318923e+01,2.317559e+01,2.316877e+01,2.321649e+01,2.316877e+01,2.330504e+01,2.330504e+01,2.331866e+01,2.350911e+01,2.331185e+01,2.340713e+01,2.340713e+01,2.344113e+01,2.330504e+01,2.333908e+01,2.328461e+01,2.335269e+01,2.335269e+01,2.337991e+01,2.400400e+01,2.426743e+01,2.412566e+01,2.433487e+01,2.451673e+01,2.426743e+01,2.444268e+01,2.442921e+01,2.440900e+01,2.438878e+01,2.434161e+01,2.429441e+01,2.403781e+01,2.391604e+01,2.368564e+01,2.392958e+01,2.384155e+01,2.417969e+01,2.402428e+01,2.445614e+01,2.425393e+01,2.427417e+01,2.416619e+01,2.415268e+01,2.431464e+01,2.446288e+01,2.473858e+01,2.499347e+01,2.519426e+01,2.522768e+01,2.518757e+01,2.539466e+01,2.538131e+01,2.555471e+01,2.550805e+01,2.564796e+01,2.549472e+01,2.559468e+01,2.565462e+01,2.545471e+01,2.548138e+01,2.543469e+01,2.544804e+01,2.547471e+01,2.560134e+01,2.561466e+01,2.573447e+01,2.574778e+01,2.571451e+01,2.586743e+01,2.579433e+01,2.582756e+01,2.588736e+01,2.593385e+01,2.586079e+01,2.582756e+01,2.582092e+01,2.580097e+01,2.565462e+01,2.566127e+01,2.544804e+01,2.544137e+01,2.521431e+01,2.517419e+01,2.492645e+01,2.489293e+01,2.466469e+01,2.461763e+01,2.440900e+01,2.418644e+01,2.405809e+01,2.389573e+01,2.370599e+01,2.380768e+01,2.382801e+01,2.381446e+01,2.399723e+01,2.404457e+01,2.403105e+01,2.395664e+01,2.403105e+01,2.407837e+01,2.404457e+01,2.407837e+01,2.378735e+01,2.407161e+01,2.386865e+01,2.380091e+01,2.386865e+01,2.392958e+01,2.397694e+01,2.406485e+01,2.393634e+01,2.397694e+01,2.392281e+01,2.388896e+01,2.394988e+01,2.397018e+01,2.392281e+01,2.388896e+01,2.388219e+01,2.400400e+01
2.384833e+01,2.384833e+01,2.386187e+01,2.383478e+01,2.382801e+01,2.393634e+01,2.370599e+01,2.391604e+01,2.390250e+01,2.392281e+01,2.394311e+01,2.387542e+01,2.394988e+01,2.388219e+01,2.398371e+01,2.391604e+01,2.388219e+01,2.385510e+01,2.392281e+01,2.413242e+01,2.405809e+01,2.398371e+01,2.403781e+01,2.405809e+01,2.407837e+01,2.414593e+01,2.397018e+01,2.375346e+01,2.412566e+01,2.422694e+01,2.424044e+01,2.421344e+01,2.422019e+01,2.415943e+01,2.417969e+01,2.428092e+01,2.407161e+01,2.409188e+01,2.423369e+01,2.419994e+01,2.426743e+01,2.422694e+01,2.428766e+01,2.435509e+01,2.424044e+01,2.432138e+01,2.439552e+01,2.428766e+01,2.432138e+01,2.438878e+01,2.426743e+01,2.436183e+01,2.438878e+01,2.432138e+01,2.451673e+01,2.436857e+01,2.437531e+01,2.440900e+01,2.435509e+01,2.452346e+01,2.436857e+01,2.445614e+01,2.453692e+01,2.451000e+01,2.473858e+01,2.476544e+01,2.467141e+01,2.484598e+01,2.488622e+01,2.525442e+01,2.524773e+01,2.512737e+01,2.512068e+01,2.514744e+01,2.520763e+01,2.521431e+01,2.538799e+01,2.537464e+01,2.532790e+01,2.538131e+01,2.540801e+01,2.566127e+01,2.560134e+01,2.568790e+01,2.554804e+01,2.572117e+01,2.570121e+01,2.550805e+01,2.561466e+01,2.558802e+01,2.578103e+01,2.570121e+01,2.587408e+01,2.582092e+01,2.588072e+01,2.592057e+01,2.599359e+01,2.600023e+01,2.596041e+01,2.598032e+01,2.597368e+01,2.601350e+01,2.588072e+01,2.595377e+01,2.578103e+01,2.576108e+01,2.594713e+01,2.581427e+01,2.593385e+01,2.590729e+01,2.587408e+01,2.583421e+01,2.604667e+01,2.598696e+01,2.598032e+01,2.602677e+01,2.592721e+01,2.598032e+01,2.599359e+01,2.596704e+01,2.601350e+01,2.599359e+01,2.597368e+01,2.611960e+01,2.596041e+01,2.609309e+01,2.611297e+01,2.613948e+01,2.630502e+01,2.611960e+01,2.612623e+01,2.607319e+01,2.617261e+01,2.604667e+01,2.594713e+01,2.573447e+01,2.562798e+01,2.548138e+01,2.514744e+01,2.483256e+01,2.446288e+01,2.429441e+01,2.440900e+01,2.441573e+01,2.429441e+01,2.426068e+01,2.428092e+01,2.435509e+01,2.435509e+01,2.442247e+01,2.430790e+01,2.430115e+01,2.434835e+01,2.440900e+01,2.426743e+01,2.441573e+01,2.432138e+01,2.430790e+01,2.435509e+01,2.438878e+01,2.436183e+01,2.428766e+01,2.436183e+01,2.434161e+01,2.426743e+01,2.428766e+01,2.430115e+01,2.428766e+01,2.433487e+01,2.429441e+01,2.442921e+01,2.443594e+01,2.435509e+01,2.451673e+01,2.439552e+01,2.438205e+01,2.432812e+01,2.436857e+01,2.433487e+01,2.436857e+01,2.447635e+01,2.431464e+01,2.434835e+01,2.451000e+01,2.437531e+01,2.437531e+01,2.439552e+01,2.436857e+01,2.439552e+01,2.445614e+01,2.439552e+01,2.427417e+01,2.444941e+01,2.438878e+01,2.448308e+01,2.448981e+01,2.440226e+01,2.451673e+01,2.441573e+01,2.442247e+01,2.447635e+01,2.445614e+01,2.451673e+01,2.439552e+01,2.444941e+01,2.444268e+01,2.444268e+01,2.445614e+01,2.436183e+01,2.435509e+01,2.446288e+01,2.431464e+01,2.439552e+01,2.451000e+01,2.446288e+01,2.432812e+01,2.446961e+01,2.448981e+01,2.440226e+01,2.446288e+01,2.444941e+01,2.446961e+01,2.446961e+01,2.444941e+01,2.444268e+01,2.448981e+01,2.431464e+01,2.439552e+01,2.463108e+01,2.444941e+01,2.446288e+01,2.445614e+01,2.446961e+01,2.446961e+01,2.442247e+01,2.434835e+01,2.432138e+01,2.445614e+01,2.434161e+01,2.446961e+01,2.436857e+01,2.440900e+01,2.440900e+01,2.437531e+01,2.433487e+01,2.442247e+01,2.437531e+01,2.443594e+01,2.435509e+01,2.434835e+01,2.440226e+01,2.437531e+01,2.439552e+01,2.436857e+01,2.436857e+01,2.436857e+01,2.436183e+01,2.438205e+01,2.431464e+01,2.434161e+01,2.433487e+01,2.432812e+01,2.424044e+01,2.430790e+01,2.425393e+01,2.426068e+01,2.430115e+01,2.429441e+01,2.428766e+01,2.429441e+01,2.430790e+01,2.429441e+01,2.425393e+01,2.423369e+01,2.428766e+01,2.429441e+01,2.436183e+01,2.424044e+01,2.419994e+01,2.432812e+01,2.424044e+01,2.424719e+01,2.396341e+01,2.390250e+01,2.413242e+01,2.438878e+01,2.439552e+01,2.438878e+01,2.485269e+01,2.633149e+01,2.620573e+01,2.662874e+01,2.677376e+01,2.566793e+01,2.522768e+01,2.426068e+01,2.425393e+01,2.426068e+01,2.428092e+01,2.502696e+01,2.501357e+01,2.388219e+01,2.367886e+01,2.390250e+01,2.415268e+01,2.439552e+01,2.578768e+01,2.639100e+01,2.471172e+01,2.388896e+01,2.312786e+01,2.300501e+01,2.371956e+01,2.440900e+01,2.461763e+01,2.440226e+01,2.414593e+01,2.440226e+01,2.426068e+01,2.394988e+01,2.367886e+01,2.320286e+01,2.304598e+01,2.300501e+01,2.290253e+01,2.287519e+01,2.278626e+01,2.283415e+01,2.284099e+01,2.325737e+01,2.511399e+01,2.723387e+01,2.673422e+01,2.527446e+01,2.450327e+01,2.415268e+01,2.399723e+01,2.402428e+01,2.392958e+01,2.422694e+01,2.432812e+01,2.415268e+01,2.455038e+01,2.526110e+01,2.546138e+01,2.513406e+01,2.512068e+01,2.489964e+01,2.495997e+01,2.510730e+01,2.574113e+01,2.611960e+01,2.647691e+01,2.588736e+01,2.465124e+01,2.475201e+01,2.453019e+01,2.564796e+01,2.725355e+01,2.597368e+01,2.486610e+01,2.440226e+01,2.458401e+01,2.619911e+01,2.594049e+01,2.445614e+01,2.386187e+01,2.318241e+01,2.337991e+01,2.306645e+01,2.308693e+01,2.357025e+01,2.369242e+01,2.366529e+01,2.385510e+01,2.444941e+01,2.659575e+01,2.796597e+01,2.790732e+01,2.558802e+01,2.420670e+01,2.413242e+01,2.415943e+01,2.415268e+01,2.424719e+01,2.408512e+01,2.415268e+01,2.418644e+01,2.407837e+01,2.407161e+01,2.407161e+01,2.406485e+01,2.408512e+01,2.402428e+01,2.405133e+01,2.403105e+01,2.405809e+01,2.405133e+01,2.405809e+01,2.405133e+01,2.405809e+01,2.403781e+01,2.407837e+01,2.409188e+01,2.392958e+01,2.407837e+01,2.411891e+01,2.411215e+01,2.411215e+01,2.411891e+01,2.407837e+01,2.407837e+01,2.405809e+01,2.406485e+01,2.411215e+01,2.399047e+01,2.412566e+01,2.409864e+01,2.405133e+01,2.407837e+01,2.401076e+01,2.412566e+01,2.413242e+01,2.401752e+01,2.414593e+01,2.407161e+01,2.424719e+01,2.417294e+01,2.417294e+01,2.414593e+01,2.411215e+01,2.411891e+01,2.422019e+01,2.414593e+01,2.419319e+01,2.419994e+01,2.421344e+01,2.419994e+01,2.446961e+01,2.469828e+01,2.503366e+01,2.528782e+01,2.513406e+01,2.515413e+01,2.491975e+01,2.438205e+01,2.435509e+01,2.435509e+01,2.433487e+01,2.424719e+01,2.424719e+01,2.436857e+01,2.423369e+01,2.422694e+01,2.413917e+01,2.413242e+01,2.409188e+01,2.407837e+01,2.397018e+01,2.393634e+01,2.397694e+01,2.400400e+01,2.360420e+01,2.342753e+01,2.344793e+01,2.341393e+01,2.354308e+01,2.363136e+01,2.365172e+01,2.366529e+01,2.388896e+01,2.396341e+01,2.411891e+01,2.420670e+01,2.417969e+01,2.418644e+01,2.415268e+01,2.422019e+01,2.421344e+01,2.418644e+01,2.413242e+01,2.417294e+01,2.401752e+01,2.399047e+01,2.393634e+01,2.393634e+01,2.388896e+01,2.393634e+01,2.364493e+01,2.385510e+01,2.374668e+01,2.365850e+01,2.375346e+01,2.363136e+01,2.354308e+01,2.352270e+01,2.357025e+01,2.342073e+01,2.333228e+01,2.340032e+01,2.331866e+01,2.333228e+01,2.328461e+01,2.331866e+01,2.314150e+01,2.316195e+01,2.314150e+01,2.302550e+01,2.303915e+01,2.303232e+01,2.303232e+01,2.295720e+01,2.289569e+01,2.300501e+01,2.288202e+01,2.303915e+01,2.301184e+01,2.306645e+01,2.309375e+01,2.313468e+01,2.319604e+01,2.317559e+01,2.308693e+01,2.314150e+01,2.326418e+01,2.327780e+01,2.331866e+01,2.329823e+01,2.328461e+01,2.325737e+01,2.335269e+01,2.325737e+01,2.328461e+01,2.325056e+01,2.323693e+01,2.327099e+01,2.324374e+01,2.340032e+01,2.399047e+01,2.408512e+01,2.422694e+01,2.453019e+01,2.436183e+01,2.429441e+01,2.445614e+01,2.445614e+01,2.444941e+01,2.441573e+01,2.413917e+01,2.398371e+01,2.400400e+01,2.403781e+01,2.405133e+01,2.397018e+01,2.412566e+01,2.409864e+01,2.436857e+01,2.455038e+01,2.428092e+01,2.403105e+01,2.410540e+01,2.426068e+01,2.477887e+01,2.483927e+01,2.511399e+01,2.508052e+01,2.527446e+01,2.515413e+01,2.538131e+01,2.549472e+01,2.535461e+01,2.530119e+01,2.548138e+01,2.533458e+01,2.546138e+01,2.544137e+01,2.524773e+01,2.539466e+01,2.540801e+01,2.560800e+01,2.556137e+01,2.561466e+01,2.570786e+01,2.561466e+01,2.574778e+01,2.572117e+01,2.577438e+01,2.590065e+01,2.580762e+01,2.590729e+01,2.586743e+01,2.582756e+01,2.585415e+01,2.575443e+01,2.576108e+01,2.560800e+01,2.555471e+01,2.562798e+01,2.528782e+01,2.513406e+01,2.521431e+01,2.498677e+01,2.489293e+01,2.481243e+01,2.481914e+01,2.461091e+01,2.442247e+01,2.438878e+01,2.407837e+01,2.396341e+01,2.381446e+01,2.376702e+01,2.405809e+01,2.407161e+01,2.403781e+01,2.389573e+01,2.407837e+01,2.403105e+01,2.407837e+01,2.407161e+01,2.400400e+01,2.396341e+01,2.393634e+01,2.409188e+01,2.385510e+01,2.367886e+01,2.386865e+01,2.392958e+01,2.394988e+01,2.390927e+01,2.387542e+01,2.394988e+01,2.394988e+01,2.388896e+01,2.389573e+01,2.390250e+01,2.373990e+01,2.397694e+01,2.380768e+01,2.382123e+01
2.390250e+01,2.389573e+01,2.386187e+01,2.391604e+01,2.380091e+01,2.378735e+01,2.388896e+01,2.397018e+01,2.388219e+01,2.389573e+01,2.391604e+01,2.380091e+01,2.388219e+01,2.394988e+01,2.392281e+01,2.389573e+01,2.384833e+01,2.394311e+01,2.399047e+01,2.390927e+01,2.396341e+01,2.392958e+01,2.394988e+01,2.385510e+01,2.409188e+01,2.404457e+01,2.407161e+01,2.407161e+01,2.423369e+01,2.425393e+01,2.417294e+01,2.428092e+01,2.419994e+01,2.425393e+01,2.425393e+01,2.424719e+01,2.424719e+01,2.423369e+01,2.422019e+01,2.421344e+01,2.419994e+01,2.429441e+01,2.430115e+01,2.436183e+01,2.427417e+01,2.434161e+01,2.430790e+01,2.437531e+01,2.434835e+01,2.427417e+01,2.435509e+01,2.450327e+01,2.449654e+01,2.436857e+01,2.434835e+01,2.435509e+01,2.448308e+01,2.432138e+01,2.451000e+01,2.438205e+01,2.454365e+01,2.457728e+01,2.455710e+01,2.454365e+01,2.477887e+01,2.513406e+01,2.522768e+01,2.530119e+01,2.542135e+01,2.528115e+01,2.522768e+01,2.544137e+01,2.530119e+01,2.538799e+01,2.532122e+01,2.520763e+01,2.533458e+01,2.527446e+01,2.539466e+01,2.540133e+01,2.542802e+01,2.541468e+01,2.556804e+01,2.555471e+01,2.569455e+01,2.574778e+01,2.560800e+01,2.546805e+01,2.574778e+01,2.580762e+01,2.580097e+01,2.580097e+01,2.582092e+01,2.598032e+01,2.594049e+01,2.597368e+01,2.590065e+01,2.595377e+01,2.598696e+01,2.589401e+01,2.592721e+01,2.602013e+01,2.593385e+01,2.589401e+01,2.592057e+01,2.586079e+01,2.580762e+01,2.592721e+01,2.594713e+01,2.594049e+01,2.588072e+01,2.609971e+01,2.610634e+01,2.608646e+01,2.594049e+01,2.594049e+01,2.604004e+01,2.592057e+01,2.598032e+01,2.596704e+01,2.596704e+01,2.598032e+01,2.603340e+01,2.601350e+01,2.610634e+01,2.622560e+01,2.628517e+01,2.600686e+01,2.629179e+01,2.617924e+01,2.618586e+01,2.615936e+01,2.615274e+01,2.605330e+01,2.606656e+01,2.572117e+01,2.572782e+01,2.581427e+01,2.546805e+01,2.514075e+01,2.502696e+01,2.457056e+01,2.440226e+01,2.437531e+01,2.438878e+01,2.438878e+01,2.429441e+01,2.437531e+01,2.435509e+01,2.433487e+01,2.430790e+01,2.439552e+01,2.426743e+01,2.434161e+01,2.435509e+01,2.442921e+01,2.438205e+01,2.435509e+01,2.428092e+01,2.428092e+01,2.435509e+01,2.443594e+01,2.432138e+01,2.441573e+01,2.438878e+01,2.438205e+01,2.437531e+01,2.429441e+01,2.430115e+01,2.432138e+01,2.441573e+01,2.432138e+01,2.432812e+01,2.439552e+01,2.434161e+01,2.443594e+01,2.436857e+01,2.433487e+01,2.451000e+01,2.442921e+01,2.433487e+01,2.448308e+01,2.446288e+01,2.451673e+01,2.435509e+01,2.447635e+01,2.442921e+01,2.440226e+01,2.446288e+01,2.442921e+01,2.440226e+01,2.426743e+01,2.439552e+01,2.453692e+01,2.434161e+01,2.451000e+01,2.451000e+01,2.435509e+01,2.438205e+01,2.446288e+01,2.444941e+01,2.444268e+01,2.427417e+01,2.445614e+01,2.446288e+01,2.444268e+01,2.448308e+01,2.445614e+01,2.446288e+01,2.442921e+01,2.446961e+01,2.443594e+01,2.444268e+01,2.441573e+01,2.432138e+01,2.451000e+01,2.440226e+01,2.453692e+01,2.450327e+01,2.433487e+01,2.443594e+01,2.449654e+01,2.441573e+01,2.446288e+01,2.438205e+01,2.447635e+01,2.443594e+01,2.446288e+01,2.443594e+01,2.442247e+01,2.438205e+01,2.447635e+01,2.438878e+01,2.441573e+01,2.442247e+01,2.432812e+01,2.431464e+01,2.444268e+01,2.446961e+01,2.442921e+01,2.440226e+01,2.435509e+01,2.439552e+01,2.446961e+01,2.436857e+01,2.437531e+01,2.449654e+01,2.433487e+01,2.437531e+01,2.440226e+01,2.436857e+01,2.446288e+01,2.438205e+01,2.437531e+01,2.438878e+01,2.440226e+01,2.432138e+01,2.435509e+01,2.429441e+01,2.427417e+01,2.428092e+01,2.434161e+01,2.421344e+01,2.436183e+01,2.424044e+01,2.430115e+01,2.433487e+01,2.429441e+01,2.429441e+01,2.429441e+01,2.430115e+01,2.413242e+01,2.424719e+01,2.432138e+01,2.426068e+01,2.427417e+01,2.425393e+01,2.425393e+01,2.425393e+01,2.419994e+01,2.432812e+01,2.394988e+01,2.378735e+01,2.397018e+01,2.367207e+01,2.396341e+01,2.406485e+01,2.436857e+01,2.421344e+01,2.449654e+01,2.489964e+01,2.494656e+01,2.487952e+01,2.490634e+01,2.459073e+01,2.480572e+01,2.375346e+01,2.347513e+01,2.339352e+01,2.361099e+01,2.374668e+01,2.362457e+01,2.340032e+01,2.337991e+01,2.344113e+01,2.405133e+01,2.512068e+01,2.512737e+01,2.406485e+01,2.413242e+01,2.374668e+01,2.435509e+01,2.484598e+01,2.487281e+01,2.458401e+01,2.426068e+01,2.390250e+01,2.399723e+01,2.465796e+01,2.397018e+01,2.452346e+01,2.424044e+01,2.337991e+01,2.338672e+01,2.336630e+01,2.337311e+01,2.301184e+01,2.283415e+01,2.297086e+01,2.373312e+01,2.530787e+01,2.724699e+01,2.723387e+01,2.716826e+01,2.590065e+01,2.431464e+01,2.388219e+01,2.367886e+01,2.365850e+01,2.397694e+01,2.455710e+01,2.483927e+01,2.545471e+01,2.526110e+01,2.598032e+01,2.656935e+01,2.516082e+01,2.480572e+01,2.536129e+01,2.587408e+01,2.531454e+01,2.592057e+01,2.593385e+01,2.503366e+01,2.516082e+01,2.516751e+01,2.523437e+01,2.596041e+01,2.658915e+01,2.588072e+01,2.497337e+01,2.464452e+01,2.459073e+01,2.442247e+01,2.388219e+01,2.388896e+01,2.380091e+01,2.331185e+01,2.312786e+01,2.305963e+01,2.266301e+01,2.314832e+01,2.428092e+01,2.398371e+01,2.344113e+01,2.367207e+01,2.512737e+01,2.749591e+01,2.725355e+01,2.529451e+01,2.424719e+01,2.430790e+01,2.423369e+01,2.399047e+01,2.404457e+01,2.417294e+01,2.411891e+01,2.410540e+01,2.412566e+01,2.401076e+01,2.408512e+01,2.409864e+01,2.407161e+01,2.406485e+01,2.411215e+01,2.400400e+01,2.406485e+01,2.407161e+01,2.406485e+01,2.402428e+01,2.407837e+01,2.404457e+01,2.401076e+01,2.415268e+01,2.413242e+01,2.412566e+01,2.410540e+01,2.411215e+01,2.413242e+01,2.412566e+01,2.413242e+01,2.407837e+01,2.419319e+01,2.411215e+01,2.412566e+01,2.417294e+01,2.417969e+01,2.409188e+01,2.419319e+01,2.402428e+01,2.415268e+01,2.407837e+01,2.412566e+01,2.409188e+01,2.416619e+01,2.417294e+01,2.422019e+01,2.411891e+01,2.405809e+01,2.403781e+01,2.416619e+01,2.417969e+01,2.417969e+01,2.418644e+01,2.420670e+01,2.423369e+01,2.419994e+01,2.420670e+01,2.432138e+01,2.481914e+01,2.522768e+01,2.526110e+01,2.507383e+01,2.451673e+01,2.432812e+01,2.434161e+01,2.444268e+01,2.426068e+01,2.426743e+01,2.424719e+01,2.425393e+01,2.428092e+01,2.425393e+01,2.426068e+01,2.426068e+01,2.420670e+01,2.412566e+01,2.412566e+01,2.409864e+01,2.406485e+01,2.408512e+01,2.407837e+01,2.395664e+01,2.363814e+01,2.348872e+01,2.359741e+01,2.363136e+01,2.363814e+01,2.365850e+01,2.386187e+01,2.388896e+01,2.410540e+01,2.401076e+01,2.418644e+01,2.413242e+01,2.417969e+01,2.419994e+01,2.420670e+01,2.418644e+01,2.414593e+01,2.413242e+01,2.404457e+01,2.409864e+01,2.400400e+01,2.401076e+01,2.391604e+01,2.394311e+01,2.396341e+01,2.388219e+01,2.382801e+01,2.382123e+01,2.369242e+01,2.365172e+01,2.353629e+01,2.357025e+01,2.351590e+01,2.351590e+01,2.352949e+01,2.361778e+01,2.339352e+01,2.331185e+01,2.329142e+01,2.329823e+01,2.322330e+01,2.327099e+01,2.301867e+01,2.309375e+01,2.321649e+01,2.310057e+01,2.300501e+01,2.301184e+01,2.288886e+01,2.287519e+01,2.286835e+01,2.287519e+01,2.301867e+01,2.299818e+01,2.312104e+01,2.309375e+01,2.314150e+01,2.319604e+01,2.312104e+01,2.337311e+01,2.312104e+01,2.334589e+01,2.332547e+01,2.332547e+01,2.331866e+01,2.330504e+01,2.331866e+01,2.325737e+01,2.327099e+01,2.329823e+01,2.323693e+01,2.333908e+01,2.329142e+01,2.332547e+01,2.346833e+01,2.401076e+01,2.415943e+01,2.422019e+01,2.425393e+01,2.438205e+01,2.448981e+01,2.443594e+01,2.438205e+01,2.446961e+01,2.417294e+01,2.388896e+01,2.432138e+01,2.413242e+01,2.434161e+01,2.434161e+01,2.434835e+01,2.448981e+01,2.468484e+01,2.453692e+01,2.452346e+01,2.414593e+01,2.416619e+01,2.438878e+01,2.463108e+01,2.502026e+01,2.493316e+01,2.493316e+01,2.516751e+01,2.516082e+01,2.531454e+01,2.548138e+01,2.532122e+01,2.510730e+01,2.531454e+01,2.537464e+01,2.530787e+01,2.526778e+01,2.527446e+01,2.544137e+01,2.529451e+01,2.546805e+01,2.554804e+01,2.543469e+01,2.575443e+01,2.564796e+01,2.574113e+01,2.578768e+01,2.574113e+01,2.583421e+01,2.577438e+01,2.584085e+01,2.580097e+01,2.582756e+01,2.585415e+01,2.578768e+01,2.566127e+01,2.567459e+01,2.562798e+01,2.562132e+01,2.544804e+01,2.534126e+01,2.533458e+01,2.512737e+01,2.515413e+01,2.500687e+01,2.492645e+01,2.493316e+01,2.475201e+01,2.479901e+01,2.461763e+01,2.421344e+01,2.408512e+01,2.419319e+01,2.403105e+01,2.401752e+01,2.407161e+01,2.402428e+01,2.411215e+01,2.407837e+01,2.404457e+01,2.408512e+01,2.405809e+01,2.407837e+01,2.395664e+01,2.409864e+01,2.409188e+01,2.386865e+01,2.388896e+01,2.391604e+01,2.390927e+01,2.395664e+01,2.407161e+01,2.405133e+01,2.403105e+01,2.399723e+01,2.390250e+01,2.389573e+01,2.388219e+01,2.390250e+01,2.403105e+01,2.381446e+01,2.377380e+01
2.392281e+01,2.385510e+01,2.400400e+01,2.393634e+01,2.386187e+01,2.386865e+01,2.394988e+01,2.390250e+01,2.389573e+01,2.388896e+01,2.385510e+01,2.368564e+01,2.383478e+01,2.384155e+01,2.401076e+01,2.396341e+01,2.397018e+01,2.392958e+01,2.392281e+01,2.394988e+01,2.382801e+01,2.396341e+01,2.392958e+01,2.395664e+01,2.403781e+01,2.414593e+01,2.405809e+01,2.420670e+01,2.417969e+01,2.425393e+01,2.407837e+01,2.428766e+01,2.422694e+01,2.423369e+01,2.441573e+01,2.439552e+01,2.440900e+01,2.422694e+01,2.440226e+01,2.424719e+01,2.428092e+01,2.428766e+01,2.434835e+01,2.425393e+01,2.415943e+01,2.427417e+01,2.444941e+01,2.438878e+01,2.435509e+01,2.440226e+01,2.435509e+01,2.440900e+01,2.444268e+01,2.443594e+01,2.454365e+01,2.447635e+01,2.450327e+01,2.452346e+01,2.456383e+01,2.454365e+01,2.467141e+01,2.460419e+01,2.504035e+01,2.518757e+01,2.521431e+01,2.538799e+01,2.538131e+01,2.550805e+01,2.546805e+01,2.558136e+01,2.542802e+01,2.542802e+01,2.537464e+01,2.540133e+01,2.538799e+01,2.536129e+01,2.530119e+01,2.526778e+01,2.528782e+01,2.547471e+01,2.542135e+01,2.526778e+01,2.544137e+01,2.568790e+01,2.550805e+01,2.550805e+01,2.555471e+01,2.561466e+01,2.568124e+01,2.569455e+01,2.582092e+01,2.582756e+01,2.591393e+01,2.594049e+01,2.594049e+01,2.600686e+01,2.601350e+01,2.596704e+01,2.599359e+01,2.593385e+01,2.596704e+01,2.586743e+01,2.590729e+01,2.593385e+01,2.592721e+01,2.586079e+01,2.580097e+01,2.586079e+01,2.594049e+01,2.605330e+01,2.611960e+01,2.611960e+01,2.605330e+01,2.609971e+01,2.609971e+01,2.598032e+01,2.590065e+01,2.596704e+01,2.597368e+01,2.604004e+01,2.585415e+01,2.600686e+01,2.605330e+01,2.599359e+01,2.626532e+01,2.613286e+01,2.613948e+01,2.625870e+01,2.628517e+01,2.633149e+01,2.615936e+01,2.617261e+01,2.612623e+01,2.598696e+01,2.610634e+01,2.605993e+01,2.599359e+01,2.602013e+01,2.564796e+01,2.550139e+01,2.536129e+01,2.506044e+01,2.462436e+01,2.448308e+01,2.445614e+01,2.435509e+01,2.433487e+01,2.437531e+01,2.430790e+01,2.441573e+01,2.435509e+01,2.427417e+01,2.438205e+01,2.441573e+01,2.436183e+01,2.445614e+01,2.444268e+01,2.440226e+01,2.438878e+01,2.448981e+01,2.444268e+01,2.431464e+01,2.432812e+01,2.434835e+01,2.438205e+01,2.429441e+01,2.436857e+01,2.431464e+01,2.428766e+01,2.432812e+01,2.437531e+01,2.432138e+01,2.445614e+01,2.442921e+01,2.438205e+01,2.452346e+01,2.435509e+01,2.443594e+01,2.438878e+01,2.431464e+01,2.444941e+01,2.426068e+01,2.432812e+01,2.438878e+01,2.446961e+01,2.436857e+01,2.445614e+01,2.448981e+01,2.449654e+01,2.446288e+01,2.439552e+01,2.433487e+01,2.441573e+01,2.446288e+01,2.440900e+01,2.436857e+01,2.443594e+01,2.435509e+01,2.447635e+01,2.439552e+01,2.442247e+01,2.454365e+01,2.443594e+01,2.442247e+01,2.432138e+01,2.434161e+01,2.438205e+01,2.448981e+01,2.444268e+01,2.445614e+01,2.445614e+01,2.445614e+01,2.434835e+01,2.447635e+01,2.448981e+01,2.442921e+01,2.440226e+01,2.436857e+01,2.430115e+01,2.439552e+01,2.444941e+01,2.442247e+01,2.438205e+01,2.438205e+01,2.436183e+01,2.434835e+01,2.455038e+01,2.446288e+01,2.443594e+01,2.452346e+01,2.444268e+01,2.453692e+01,2.440900e+01,2.449654e+01,2.445614e+01,2.436183e+01,2.444941e+01,2.444941e+01,2.444941e+01,2.436183e+01,2.444941e+01,2.445614e+01,2.442921e+01,2.451673e+01,2.439552e+01,2.436183e+01,2.438205e+01,2.440900e+01,2.443594e+01,2.440226e+01,2.438878e+01,2.437531e+01,2.437531e+01,2.438878e+01,2.440226e+01,2.437531e+01,2.424719e+01,2.434835e+01,2.432812e+01,2.434161e+01,2.434161e+01,2.434835e+01,2.434161e+01,2.434835e+01,2.427417e+01,2.428092e+01,2.430790e+01,2.428092e+01,2.430115e+01,2.434835e+01,2.430115e+01,2.434835e+01,2.430790e+01,2.426068e+01,2.424044e+01,2.422694e+01,2.426068e+01,2.426068e+01,2.417294e+01,2.424044e+01,2.407161e+01,2.404457e+01,2.394988e+01,2.406485e+01,2.351590e+01,2.363814e+01,2.361099e+01,2.377380e+01,2.382123e+01,2.390927e+01,2.411215e+01,2.421344e+01,2.415268e+01,2.434161e+01,2.455038e+01,2.399047e+01,2.357704e+01,2.335269e+01,2.331866e+01,2.336630e+01,2.371956e+01,2.382123e+01,2.361778e+01,2.361778e+01,2.369242e+01,2.417969e+01,2.475873e+01,2.497337e+01,2.430790e+01,2.432138e+01,2.438878e+01,2.432812e+01,2.403781e+01,2.387542e+01,2.356346e+01,2.365850e+01,2.405133e+01,2.423369e+01,2.394988e+01,2.393634e+01,2.490634e+01,2.570121e+01,2.472515e+01,2.363814e+01,2.364493e+01,2.336630e+01,2.299818e+01,2.297769e+01,2.325056e+01,2.355667e+01,2.532790e+01,2.666831e+01,2.592057e+01,2.724699e+01,2.696462e+01,2.499347e+01,2.404457e+01,2.434835e+01,2.492645e+01,2.434161e+01,2.450327e+01,2.576773e+01,2.662874e+01,2.621235e+01,2.614611e+01,2.626532e+01,2.637778e+01,2.641084e+01,2.536796e+01,2.489964e+01,2.509391e+01,2.530787e+01,2.458401e+01,2.459073e+01,2.520763e+01,2.524773e+01,2.452346e+01,2.384155e+01,2.371956e+01,2.408512e+01,2.436857e+01,2.451673e+01,2.407161e+01,2.404457e+01,2.390250e+01,2.388219e+01,2.355667e+01,2.327780e+01,2.329142e+01,2.331866e+01,2.266986e+01,2.282731e+01,2.340713e+01,2.370599e+01,2.345473e+01,2.345473e+01,2.440226e+01,2.610634e+01,2.524105e+01,2.442921e+01,2.419994e+01,2.428766e+01,2.401076e+01,2.403105e+01,2.407161e+01,2.407837e+01,2.405133e+01,2.411215e+01,2.413917e+01,2.405809e+01,2.405133e+01,2.406485e+01,2.417969e+01,2.412566e+01,2.408512e+01,2.409188e+01,2.413917e+01,2.407161e+01,2.405133e+01,2.399723e+01,2.413242e+01,2.411215e+01,2.411891e+01,2.414593e+01,2.411891e+01,2.411891e+01,2.411891e+01,2.410540e+01,2.414593e+01,2.413242e+01,2.408512e+01,2.414593e+01,2.422694e+01,2.414593e+01,2.417294e+01,2.415268e+01,2.415268e+01,2.408512e+01,2.416619e+01,2.420670e+01,2.406485e+01,2.417969e+01,2.411891e+01,2.419319e+01,2.417969e+01,2.426068e+01,2.418644e+01,2.405809e+01,2.415943e+01,2.416619e+01,2.419319e+01,2.427417e+01,2.417969e+01,2.419994e+01,2.419319e+01,2.421344e+01,2.422019e+01,2.424044e+01,2.460419e+01,2.491305e+01,2.505375e+01,2.495326e+01,2.466469e+01,2.453692e+01,2.434161e+01,2.432812e+01,2.431464e+01,2.424044e+01,2.427417e+01,2.426743e+01,2.426068e+01,2.424719e+01,2.433487e+01,2.426743e+01,2.425393e+01,2.424719e+01,2.413242e+01,2.426068e+01,2.408512e+01,2.426743e+01,2.424719e+01,2.414593e+01,2.411891e+01,2.369242e+01,2.347513e+01,2.350231e+01,2.386187e+01,2.367886e+01,2.369242e+01,2.390250e+01,2.407161e+01,2.399047e+01,2.405133e+01,2.409188e+01,2.422694e+01,2.424044e+01,2.421344e+01,2.411891e+01,2.415943e+01,2.413917e+01,2.412566e+01,2.397018e+01,2.406485e+01,2.399047e+01,2.391604e+01,2.388896e+01,2.391604e+01,2.390927e+01,2.390250e+01,2.388219e+01,2.365850e+01,2.382123e+01,2.366529e+01,2.357704e+01,2.350911e+01,2.351590e+01,2.347513e+01,2.346833e+01,2.350231e+01,2.335950e+01,2.334589e+01,2.330504e+01,2.344793e+01,2.330504e+01,2.320967e+01,2.315514e+01,2.309375e+01,2.310057e+01,2.301184e+01,2.298452e+01,2.288202e+01,2.286835e+01,2.290253e+01,2.293670e+01,2.297086e+01,2.299135e+01,2.303232e+01,2.298452e+01,2.307328e+01,2.306645e+01,2.313468e+01,2.312104e+01,2.318923e+01,2.312786e+01,2.335950e+01,2.336630e+01,2.336630e+01,2.327780e+01,2.332547e+01,2.329142e+01,2.328461e+01,2.329823e+01,2.325056e+01,2.327099e+01,2.324374e+01,2.333228e+01,2.329823e+01,2.347513e+01,2.368564e+01,2.397018e+01,2.421344e+01,2.424044e+01,2.438205e+01,2.422019e+01,2.432812e+01,2.415943e+01,2.419319e+01,2.420670e+01,2.408512e+01,2.434835e+01,2.434161e+01,2.435509e+01,2.462436e+01,2.452346e+01,2.461763e+01,2.463108e+01,2.448981e+01,2.420670e+01,2.415268e+01,2.440900e+01,2.463108e+01,2.483927e+01,2.498677e+01,2.506044e+01,2.529451e+01,2.530787e+01,2.512737e+01,2.526110e+01,2.510060e+01,2.514075e+01,2.511399e+01,2.512068e+01,2.525442e+01,2.526778e+01,2.542802e+01,2.530787e+01,2.533458e+01,2.531454e+01,2.541468e+01,2.539466e+01,2.539466e+01,2.556804e+01,2.566793e+01,2.567459e+01,2.571451e+01,2.567459e+01,2.576773e+01,2.576108e+01,2.580762e+01,2.578103e+01,2.581427e+01,2.579433e+01,2.577438e+01,2.564796e+01,2.555471e+01,2.542135e+01,2.549472e+01,2.560800e+01,2.550139e+01,2.548138e+01,2.544137e+01,2.518757e+01,2.516082e+01,2.519426e+01,2.496667e+01,2.497337e+01,2.494656e+01,2.471844e+01,2.456383e+01,2.430115e+01,2.423369e+01,2.408512e+01,2.394311e+01,2.404457e+01,2.402428e+01,2.406485e+01,2.404457e+01,2.397018e+01,2.405133e+01,2.403105e+01,2.407161e+01,2.409864e+01,2.389573e+01,2.425393e+01,2.390250e+01,2.389573e+01,2.399723e+01,2.408512e+01,2.396341e+01,2.392281e+01,2.384833e+01,2.390250e+01,2.410540e+01,2.384833e+01,2.388896e+01,2.399723e+01,2.407161e+01,2.392958e+01,2.382123e+01,2.408512e+01
2.382123e+01,2.383478e+01,2.380768e+01,2.380768e+01,2.394311e+01,2.397018e+01,2.386865e+01,2.392281e+01,2.373990e+01,2.373312e+01,2.382801e+01,2.373990e+01,2.384155e+01,2.391604e+01,2.393634e+01,2.384833e+01,2.387542e+01,2.403105e+01,2.390927e+01,2.403105e+01,2.403781e+01,2.402428e+01,2.395664e+01,2.401752e+01,2.401076e+01,2.400400e+01,2.414593e+01,2.419994e+01,2.417294e+01,2.408512e+01,2.407161e+01,2.430115e+01,2.422019e+01,2.438878e+01,2.422019e+01,2.423369e+01,2.418644e+01,2.422694e+01,2.440900e+01,2.428092e+01,2.426743e+01,2.428092e+01,2.434161e+01,2.425393e+01,2.432138e+01,2.448308e+01,2.432812e+01,2.425393e+01,2.443594e+01,2.448308e+01,2.434835e+01,2.449654e+01,2.447635e+01,2.441573e+01,2.448308e+01,2.453019e+01,2.453692e+01,2.455710e+01,2.465796e+01,2.485940e+01,2.512068e+01,2.543469e+01,2.545471e+01,2.542802e+01,2.544137e+01,2.560134e+01,2.557470e+01,2.552139e+01,2.544137e+01,2.546805e+01,2.535461e+01,2.543469e+01,2.545471e+01,2.542135e+01,2.542135e+01,2.538131e+01,2.539466e+01,2.541468e+01,2.516082e+01,2.527446e+01,2.530787e+01,2.525442e+01,2.540133e+01,2.539466e+01,2.542802e+01,2.546805e+01,2.543469e+01,2.560134e+01,2.568790e+01,2.577438e+01,2.574778e+01,2.587408e+01,2.597368e+01,2.596704e+01,2.605330e+01,2.593385e+01,2.602677e+01,2.588072e+01,2.588736e+01,2.594713e+01,2.590065e+01,2.580097e+01,2.600686e+01,2.581427e+01,2.591393e+01,2.590729e+01,2.591393e+01,2.586079e+01,2.600023e+01,2.597368e+01,2.604004e+01,2.612623e+01,2.603340e+01,2.613948e+01,2.607982e+01,2.601350e+01,2.602013e+01,2.605993e+01,2.584750e+01,2.594049e+01,2.602013e+01,2.598032e+01,2.607982e+01,2.621235e+01,2.629841e+01,2.626532e+01,2.613948e+01,2.634472e+01,2.627855e+01,2.631826e+01,2.626532e+01,2.612623e+01,2.612623e+01,2.614611e+01,2.611297e+01,2.616599e+01,2.607319e+01,2.599359e+01,2.580097e+01,2.580762e+01,2.556137e+01,2.536129e+01,2.517419e+01,2.483256e+01,2.463108e+01,2.450327e+01,2.444941e+01,2.428766e+01,2.434161e+01,2.440226e+01,2.433487e+01,2.434835e+01,2.430790e+01,2.431464e+01,2.430790e+01,2.438878e+01,2.436183e+01,2.437531e+01,2.434835e+01,2.443594e+01,2.430790e+01,2.440226e+01,2.432138e+01,2.432138e+01,2.435509e+01,2.436857e+01,2.433487e+01,2.430115e+01,2.432138e+01,2.438878e+01,2.441573e+01,2.428766e+01,2.438205e+01,2.438878e+01,2.448308e+01,2.451673e+01,2.448308e+01,2.441573e+01,2.441573e+01,2.441573e+01,2.445614e+01,2.432138e+01,2.424719e+01,2.448981e+01,2.435509e+01,2.434835e+01,2.442247e+01,2.437531e+01,2.444941e+01,2.441573e+01,2.440226e+01,2.434835e+01,2.434835e+01,2.451000e+01,2.442247e+01,2.441573e+01,2.437531e+01,2.436183e+01,2.437531e+01,2.440226e+01,2.440226e+01,2.441573e+01,2.436183e+01,2.448981e+01,2.446961e+01,2.449654e+01,2.448981e+01,2.451673e+01,2.446961e+01,2.428092e+01,2.443594e+01,2.446961e+01,2.438205e+01,2.446288e+01,2.444268e+01,2.436183e+01,2.443594e+01,2.435509e+01,2.440226e+01,2.442921e+01,2.446961e+01,2.444941e+01,2.454365e+01,2.453019e+01,2.440226e+01,2.453019e+01,2.434835e+01,2.444941e+01,2.440226e+01,2.448981e+01,2.447635e+01,2.436857e+01,2.444941e+01,2.434835e+01,2.448981e+01,2.447635e+01,2.440226e+01,2.438878e+01,2.444941e+01,2.442921e+01,2.444941e+01,2.446961e+01,2.439552e+01,2.445614e+01,2.445614e+01,2.446288e+01,2.436183e+01,2.440900e+01,2.436857e+01,2.444268e+01,2.436183e+01,2.438878e+01,2.448981e+01,2.440226e+01,2.437531e+01,2.437531e+01,2.435509e+01,2.435509e+01,2.430115e+01,2.432812e+01,2.435509e+01,2.434161e+01,2.435509e+01,2.419319e+01,2.438205e+01,2.432812e+01,2.428092e+01,2.436857e+01,2.432812e+01,2.433487e+01,2.445614e+01,2.430115e+01,2.427417e+01,2.427417e+01,2.426068e+01,2.428766e+01,2.428092e+01,2.419319e+01,2.417969e+01,2.417294e+01,2.420670e+01,2.411891e+01,2.369921e+01,2.367886e+01,2.344113e+01,2.361099e+01,2.318923e+01,2.365172e+01,2.380091e+01,2.390927e+01,2.382123e+01,2.378735e+01,2.390250e+01,2.380091e+01,2.384155e+01,2.392281e+01,2.367207e+01,2.333228e+01,2.333908e+01,2.343433e+01,2.371277e+01,2.369242e+01,2.378057e+01,2.363136e+01,2.362457e+01,2.378057e+01,2.376024e+01,2.367886e+01,2.416619e+01,2.432812e+01,2.443594e+01,2.432812e+01,2.402428e+01,2.330504e+01,2.330504e+01,2.352949e+01,2.359062e+01,2.399723e+01,2.406485e+01,2.378735e+01,2.415268e+01,2.548138e+01,2.572117e+01,2.420670e+01,2.382123e+01,2.364493e+01,2.341393e+01,2.329823e+01,2.345473e+01,2.370599e+01,2.522100e+01,2.677376e+01,2.607982e+01,2.595377e+01,2.529451e+01,2.410540e+01,2.399047e+01,2.451673e+01,2.458401e+01,2.457056e+01,2.460419e+01,2.570786e+01,2.537464e+01,2.641084e+01,2.548138e+01,2.426068e+01,2.424044e+01,2.547471e+01,2.573447e+01,2.582092e+01,2.510060e+01,2.451673e+01,2.449654e+01,2.449654e+01,2.416619e+01,2.356346e+01,2.310739e+01,2.287519e+01,2.290253e+01,2.371277e+01,2.446961e+01,2.491305e+01,2.560134e+01,2.560134e+01,2.448308e+01,2.357704e+01,2.316195e+01,2.299818e+01,2.298452e+01,2.310739e+01,2.317559e+01,2.332547e+01,2.344113e+01,2.356346e+01,2.325056e+01,2.357704e+01,2.393634e+01,2.477216e+01,2.411891e+01,2.409864e+01,2.426743e+01,2.413917e+01,2.417969e+01,2.413917e+01,2.396341e+01,2.415268e+01,2.402428e+01,2.422019e+01,2.403105e+01,2.405133e+01,2.409188e+01,2.412566e+01,2.411215e+01,2.411215e+01,2.408512e+01,2.410540e+01,2.409864e+01,2.411215e+01,2.410540e+01,2.409864e+01,2.412566e+01,2.396341e+01,2.415268e+01,2.410540e+01,2.413242e+01,2.411215e+01,2.410540e+01,2.411215e+01,2.412566e+01,2.411891e+01,2.413917e+01,2.415943e+01,2.416619e+01,2.417294e+01,2.415943e+01,2.414593e+01,2.419319e+01,2.412566e+01,2.417969e+01,2.412566e+01,2.414593e+01,2.410540e+01,2.407837e+01,2.412566e+01,2.409864e+01,2.419994e+01,2.413917e+01,2.416619e+01,2.420670e+01,2.415268e+01,2.405809e+01,2.420670e+01,2.419319e+01,2.415268e+01,2.422019e+01,2.422694e+01,2.422694e+01,2.423369e+01,2.455038e+01,2.493316e+01,2.496667e+01,2.472515e+01,2.462436e+01,2.422694e+01,2.435509e+01,2.426743e+01,2.428092e+01,2.423369e+01,2.419319e+01,2.428766e+01,2.428092e+01,2.430115e+01,2.423369e+01,2.425393e+01,2.424044e+01,2.426743e+01,2.429441e+01,2.429441e+01,2.422694e+01,2.424719e+01,2.411215e+01,2.424719e+01,2.388219e+01,2.376702e+01,2.354308e+01,2.355667e+01,2.363136e+01,2.382801e+01,2.386865e+01,2.394311e+01,2.407837e+01,2.415268e+01,2.421344e+01,2.432812e+01,2.413242e+01,2.426068e+01,2.425393e+01,2.417294e+01,2.407837e+01,2.411215e+01,2.411215e+01,2.397694e+01,2.390250e+01,2.392281e+01,2.386187e+01,2.393634e+01,2.394988e+01,2.401076e+01,2.386187e+01,2.390250e+01,2.367886e+01,2.362457e+01,2.365172e+01,2.361099e+01,2.363136e+01,2.350911e+01,2.354987e+01,2.351590e+01,2.337991e+01,2.333228e+01,2.344113e+01,2.324374e+01,2.331185e+01,2.329823e+01,2.323012e+01,2.325737e+01,2.318923e+01,2.306645e+01,2.301867e+01,2.290253e+01,2.292987e+01,2.299135e+01,2.301867e+01,2.299135e+01,2.300501e+01,2.299818e+01,2.303915e+01,2.303232e+01,2.304598e+01,2.306645e+01,2.314150e+01,2.308693e+01,2.324374e+01,2.321649e+01,2.325056e+01,2.312786e+01,2.331185e+01,2.325737e+01,2.327780e+01,2.331866e+01,2.327099e+01,2.318241e+01,2.315514e+01,2.327099e+01,2.330504e+01,2.329142e+01,2.316877e+01,2.326418e+01,2.346833e+01,2.363136e+01,2.395664e+01,2.393634e+01,2.416619e+01,2.390927e+01,2.412566e+01,2.408512e+01,2.422694e+01,2.405809e+01,2.440226e+01,2.446288e+01,2.436183e+01,2.448981e+01,2.467813e+01,2.465796e+01,2.466469e+01,2.451000e+01,2.417294e+01,2.386187e+01,2.416619e+01,2.445614e+01,2.482585e+01,2.487281e+01,2.481914e+01,2.506044e+01,2.506044e+01,2.511399e+01,2.498007e+01,2.509391e+01,2.508722e+01,2.510060e+01,2.510060e+01,2.512737e+01,2.512068e+01,2.538799e+01,2.509391e+01,2.528782e+01,2.532122e+01,2.538131e+01,2.550805e+01,2.554138e+01,2.563464e+01,2.540801e+01,2.568790e+01,2.568124e+01,2.568790e+01,2.571451e+01,2.576108e+01,2.570121e+01,2.565462e+01,2.576773e+01,2.577438e+01,2.584085e+01,2.579433e+01,2.579433e+01,2.561466e+01,2.550139e+01,2.556804e+01,2.552805e+01,2.546805e+01,2.548805e+01,2.544137e+01,2.544137e+01,2.516751e+01,2.520094e+01,2.504035e+01,2.524105e+01,2.496667e+01,2.473187e+01,2.461763e+01,2.433487e+01,2.433487e+01,2.403105e+01,2.404457e+01,2.400400e+01,2.407837e+01,2.406485e+01,2.407161e+01,2.405133e+01,2.394311e+01,2.407161e+01,2.411891e+01,2.441573e+01,2.428766e+01,2.420670e+01,2.409188e+01,2.390927e+01,2.389573e+01,2.391604e+01,2.392281e+01,2.398371e+01,2.387542e+01,2.402428e+01,2.403781e+01,2.386187e+01,2.386187e+01,2.390250e+01,2.414593e+01,2.390927e+01,2.408512e+01,2.374668e+01
2.381446e+01,2.382123e+01,2.393634e+01,2.377380e+01,2.384833e+01,2.381446e+01,2.388896e+01,2.389573e+01,2.379413e+01,2.394311e+01,2.384155e+01,2.381446e+01,2.390250e+01,2.378735e+01,2.395664e+01,2.381446e+01,2.399047e+01,2.383478e+01,2.394311e+01,2.394311e+01,2.388219e+01,2.389573e+01,2.393634e+01,2.415943e+01,2.415268e+01,2.405809e+01,2.397694e+01,2.415943e+01,2.405809e+01,2.417969e+01,2.403781e+01,2.430790e+01,2.414593e+01,2.426068e+01,2.417969e+01,2.431464e+01,2.424044e+01,2.425393e+01,2.417294e+01,2.424719e+01,2.435509e+01,2.426068e+01,2.438205e+01,2.428092e+01,2.430790e+01,2.432138e+01,2.442921e+01,2.436183e+01,2.436183e+01,2.437531e+01,2.440900e+01,2.440900e+01,2.445614e+01,2.446288e+01,2.451673e+01,2.452346e+01,2.466469e+01,2.489293e+01,2.510060e+01,2.534793e+01,2.550139e+01,2.547471e+01,2.566127e+01,2.557470e+01,2.566793e+01,2.548138e+01,2.568124e+01,2.554138e+01,2.558802e+01,2.568124e+01,2.544804e+01,2.564796e+01,2.558802e+01,2.552805e+01,2.550805e+01,2.540801e+01,2.524773e+01,2.526778e+01,2.519426e+01,2.493986e+01,2.520763e+01,2.514744e+01,2.521431e+01,2.530119e+01,2.556137e+01,2.546138e+01,2.548138e+01,2.548138e+01,2.569455e+01,2.580097e+01,2.580097e+01,2.589401e+01,2.587408e+01,2.602677e+01,2.589401e+01,2.586743e+01,2.590065e+01,2.586743e+01,2.590729e+01,2.591393e+01,2.592721e+01,2.582092e+01,2.601350e+01,2.587408e+01,2.580097e+01,2.584750e+01,2.582092e+01,2.593385e+01,2.594049e+01,2.595377e+01,2.600023e+01,2.633149e+01,2.611960e+01,2.610634e+01,2.605330e+01,2.604004e+01,2.598032e+01,2.598032e+01,2.589401e+01,2.583421e+01,2.592721e+01,2.592721e+01,2.609971e+01,2.622560e+01,2.611960e+01,2.625870e+01,2.635133e+01,2.630502e+01,2.627194e+01,2.631164e+01,2.631826e+01,2.617924e+01,2.616599e+01,2.608646e+01,2.609971e+01,2.610634e+01,2.615274e+01,2.615936e+01,2.605993e+01,2.597368e+01,2.594049e+01,2.596041e+01,2.564130e+01,2.529451e+01,2.510060e+01,2.467813e+01,2.464452e+01,2.440226e+01,2.432812e+01,2.445614e+01,2.434835e+01,2.435509e+01,2.444268e+01,2.437531e+01,2.428092e+01,2.431464e+01,2.430790e+01,2.436857e+01,2.447635e+01,2.431464e+01,2.442921e+01,2.434835e+01,2.438205e+01,2.432138e+01,2.434835e+01,2.433487e+01,2.434161e+01,2.434835e+01,2.432812e+01,2.432138e+01,2.436857e+01,2.433487e+01,2.438878e+01,2.440226e+01,2.444268e+01,2.440226e+01,2.441573e+01,2.430115e+01,2.446288e+01,2.442247e+01,2.434835e+01,2.442921e+01,2.432138e+01,2.431464e+01,2.427417e+01,2.440226e+01,2.443594e+01,2.441573e+01,2.444941e+01,2.444941e+01,2.441573e+01,2.436857e+01,2.443594e+01,2.439552e+01,2.441573e+01,2.441573e+01,2.438205e+01,2.436183e+01,2.441573e+01,2.440900e+01,2.441573e+01,2.443594e+01,2.442921e+01,2.438878e+01,2.451673e+01,2.440226e+01,2.448308e+01,2.452346e+01,2.444941e+01,2.438878e+01,2.445614e+01,2.444941e+01,2.443594e+01,2.447635e+01,2.442247e+01,2.441573e+01,2.450327e+01,2.455038e+01,2.442247e+01,2.439552e+01,2.449654e+01,2.440900e+01,2.454365e+01,2.450327e+01,2.438205e+01,2.430115e+01,2.440900e+01,2.446288e+01,2.444268e+01,2.452346e+01,2.451673e+01,2.453019e+01,2.454365e+01,2.442921e+01,2.439552e+01,2.440226e+01,2.442921e+01,2.448308e+01,2.444268e+01,2.451000e+01,2.446288e+01,2.446961e+01,2.446288e+01,2.461091e+01,2.446961e+01,2.438878e+01,2.440900e+01,2.436183e+01,2.452346e+01,2.444268e+01,2.436857e+01,2.441573e+01,2.440900e+01,2.441573e+01,2.427417e+01,2.430790e+01,2.436183e+01,2.430790e+01,2.434161e+01,2.432812e+01,2.434835e+01,2.448308e+01,2.434835e+01,2.435509e+01,2.438878e+01,2.434161e+01,2.432812e+01,2.442247e+01,2.430115e+01,2.428092e+01,2.428092e+01,2.419319e+01,2.424719e+01,2.428766e+01,2.428092e+01,2.422019e+01,2.430790e+01,2.426743e+01,2.424719e+01,2.411891e+01,2.419994e+01,2.419319e+01,2.408512e+01,2.371956e+01,2.370599e+01,2.367886e+01,2.367207e+01,2.370599e+01,2.365172e+01,2.384833e+01,2.371277e+01,2.383478e+01,2.388219e+01,2.365850e+01,2.362457e+01,2.343433e+01,2.334589e+01,2.355667e+01,2.364493e+01,2.363136e+01,2.358383e+01,2.359741e+01,2.357704e+01,2.367886e+01,2.363814e+01,2.376024e+01,2.363814e+01,2.365172e+01,2.401752e+01,2.440900e+01,2.434835e+01,2.403781e+01,2.360420e+01,2.329823e+01,2.310057e+01,2.310057e+01,2.331185e+01,2.373312e+01,2.407161e+01,2.378057e+01,2.380091e+01,2.438878e+01,2.475201e+01,2.502696e+01,2.463780e+01,2.473187e+01,2.413242e+01,2.388219e+01,2.410540e+01,2.376702e+01,2.498007e+01,2.466469e+01,2.404457e+01,2.365172e+01,2.382801e+01,2.363814e+01,2.375346e+01,2.388219e+01,2.419994e+01,2.433487e+01,2.485269e+01,2.607319e+01,2.642405e+01,2.640422e+01,2.594049e+01,2.429441e+01,2.418644e+01,2.419319e+01,2.427417e+01,2.425393e+01,2.382123e+01,2.424719e+01,2.458401e+01,2.506044e+01,2.424719e+01,2.355667e+01,2.335269e+01,2.357704e+01,2.353629e+01,2.356346e+01,2.410540e+01,2.403105e+01,2.437531e+01,2.438878e+01,2.386187e+01,2.358383e+01,2.335269e+01,2.305280e+01,2.321649e+01,2.338672e+01,2.362457e+01,2.342753e+01,2.323693e+01,2.316877e+01,2.386865e+01,2.392958e+01,2.398371e+01,2.419319e+01,2.399723e+01,2.409864e+01,2.405133e+01,2.407161e+01,2.407837e+01,2.410540e+01,2.421344e+01,2.412566e+01,2.403781e+01,2.408512e+01,2.409188e+01,2.399047e+01,2.405133e+01,2.409864e+01,2.402428e+01,2.409864e+01,2.403781e+01,2.407837e+01,2.410540e+01,2.415943e+01,2.411215e+01,2.403781e+01,2.402428e+01,2.412566e+01,2.403105e+01,2.412566e+01,2.405809e+01,2.409188e+01,2.412566e+01,2.408512e+01,2.407161e+01,2.399047e+01,2.416619e+01,2.415943e+01,2.408512e+01,2.414593e+01,2.420670e+01,2.422019e+01,2.420670e+01,2.419994e+01,2.417294e+01,2.409188e+01,2.411891e+01,2.419319e+01,2.418644e+01,2.421344e+01,2.422694e+01,2.409864e+01,2.411891e+01,2.411891e+01,2.422694e+01,2.415268e+01,2.416619e+01,2.426743e+01,2.419319e+01,2.419994e+01,2.416619e+01,2.422694e+01,2.419994e+01,2.439552e+01,2.457728e+01,2.494656e+01,2.456383e+01,2.453019e+01,2.434161e+01,2.424044e+01,2.432138e+01,2.423369e+01,2.426743e+01,2.422694e+01,2.426743e+01,2.428766e+01,2.419319e+01,2.421344e+01,2.442921e+01,2.443594e+01,2.419319e+01,2.421344e+01,2.427417e+01,2.415268e+01,2.422694e+01,2.424719e+01,2.410540e+01,2.405133e+01,2.384155e+01,2.368564e+01,2.369921e+01,2.359741e+01,2.387542e+01,2.378735e+01,2.390250e+01,2.393634e+01,2.418644e+01,2.421344e+01,2.422019e+01,2.423369e+01,2.424044e+01,2.427417e+01,2.424044e+01,2.415268e+01,2.422019e+01,2.394311e+01,2.397694e+01,2.411891e+01,2.394311e+01,2.392958e+01,2.384155e+01,2.384833e+01,2.384833e+01,2.397018e+01,2.367207e+01,2.378735e+01,2.369921e+01,2.361099e+01,2.355667e+01,2.359741e+01,2.352949e+01,2.346153e+01,2.351590e+01,2.349552e+01,2.347513e+01,2.331866e+01,2.340032e+01,2.294353e+01,2.330504e+01,2.325737e+01,2.327780e+01,2.322330e+01,2.308693e+01,2.301867e+01,2.290937e+01,2.299135e+01,2.297086e+01,2.301184e+01,2.292303e+01,2.292303e+01,2.297086e+01,2.298452e+01,2.301184e+01,2.299135e+01,2.304598e+01,2.303915e+01,2.305280e+01,2.316877e+01,2.316195e+01,2.323012e+01,2.325056e+01,2.327099e+01,2.329823e+01,2.326418e+01,2.331866e+01,2.327099e+01,2.320967e+01,2.334589e+01,2.330504e+01,2.331185e+01,2.325737e+01,2.312104e+01,2.317559e+01,2.325737e+01,2.336630e+01,2.333908e+01,2.351590e+01,2.368564e+01,2.378735e+01,2.395664e+01,2.413917e+01,2.408512e+01,2.421344e+01,2.433487e+01,2.444268e+01,2.444268e+01,2.454365e+01,2.465124e+01,2.450327e+01,2.448308e+01,2.414593e+01,2.390927e+01,2.376024e+01,2.414593e+01,2.441573e+01,2.475201e+01,2.479230e+01,2.487281e+01,2.501357e+01,2.497337e+01,2.509391e+01,2.492645e+01,2.507383e+01,2.500687e+01,2.504705e+01,2.510730e+01,2.512068e+01,2.510730e+01,2.513406e+01,2.516082e+01,2.519426e+01,2.530119e+01,2.528782e+01,2.534793e+01,2.535461e+01,2.540133e+01,2.552139e+01,2.550805e+01,2.564796e+01,2.560134e+01,2.574113e+01,2.574113e+01,2.575443e+01,2.576773e+01,2.564796e+01,2.568790e+01,2.563464e+01,2.552139e+01,2.576108e+01,2.552139e+01,2.559468e+01,2.550139e+01,2.560800e+01,2.555471e+01,2.559468e+01,2.553472e+01,2.555471e+01,2.552139e+01,2.540801e+01,2.526778e+01,2.533458e+01,2.501357e+01,2.498007e+01,2.474530e+01,2.455038e+01,2.466469e+01,2.451673e+01,2.431464e+01,2.411891e+01,2.415943e+01,2.405133e+01,2.404457e+01,2.406485e+01,2.403781e+01,2.413242e+01,2.433487e+01,2.451673e+01,2.448308e+01,2.463108e+01,2.433487e+01,2.424719e+01,2.402428e+01,2.391604e+01,2.394311e+01,2.396341e+01,2.390250e+01,2.392281e+01,2.388219e+01,2.386865e+01,2.382123e+01,2.390927e+01,2.390927e+01,2.388896e+01,2.406485e+01,2.394988e+01,2.377380e+01
2.371956e+01,2.381446e+01,2.373312e+01,2.382801e+01,2.378735e+01,2.382123e+01,2.373990e+01,2.384833e+01,2.388219e+01,2.375346e+01,2.375346e+01,2.393634e+01,2.391604e+01,2.378057e+01,2.381446e+01,2.381446e+01,2.392281e+01,2.384155e+01,2.386865e+01,2.394311e+01,2.386865e+01,2.399723e+01,2.399723e+01,2.392281e+01,2.397018e+01,2.396341e+01,2.401752e+01,2.403781e+01,2.420670e+01,2.407837e+01,2.418644e+01,2.409864e+01,2.419319e+01,2.426743e+01,2.431464e+01,2.423369e+01,2.425393e+01,2.424719e+01,2.438205e+01,2.426068e+01,2.423369e+01,2.426068e+01,2.432138e+01,2.429441e+01,2.430790e+01,2.427417e+01,2.440900e+01,2.434161e+01,2.432812e+01,2.448308e+01,2.447635e+01,2.450327e+01,2.451000e+01,2.469156e+01,2.467141e+01,2.498007e+01,2.515413e+01,2.522100e+01,2.550139e+01,2.550805e+01,2.558136e+01,2.556137e+01,2.568790e+01,2.568790e+01,2.568790e+01,2.571451e+01,2.578768e+01,2.575443e+01,2.572782e+01,2.564130e+01,2.576773e+01,2.562132e+01,2.547471e+01,2.552805e+01,2.545471e+01,2.543469e+01,2.540801e+01,2.523437e+01,2.516751e+01,2.524773e+01,2.516751e+01,2.521431e+01,2.524105e+01,2.539466e+01,2.535461e+01,2.535461e+01,2.542135e+01,2.568790e+01,2.572782e+01,2.582756e+01,2.565462e+01,2.580097e+01,2.585415e+01,2.574113e+01,2.584085e+01,2.588736e+01,2.590065e+01,2.590729e+01,2.588072e+01,2.585415e+01,2.580097e+01,2.587408e+01,2.592057e+01,2.580762e+01,2.590729e+01,2.589401e+01,2.594049e+01,2.617924e+01,2.594049e+01,2.609309e+01,2.609971e+01,2.616599e+01,2.612623e+01,2.614611e+01,2.605993e+01,2.605993e+01,2.584750e+01,2.605330e+01,2.592057e+01,2.592057e+01,2.602013e+01,2.603340e+01,2.611297e+01,2.615936e+01,2.612623e+01,2.623222e+01,2.631826e+01,2.635794e+01,2.632487e+01,2.630502e+01,2.631164e+01,2.632487e+01,2.626532e+01,2.616599e+01,2.626532e+01,2.621235e+01,2.619248e+01,2.619911e+01,2.615936e+01,2.595377e+01,2.607319e+01,2.589401e+01,2.564130e+01,2.562798e+01,2.538131e+01,2.528782e+01,2.501357e+01,2.457728e+01,2.440226e+01,2.440226e+01,2.434835e+01,2.442921e+01,2.436857e+01,2.445614e+01,2.433487e+01,2.430115e+01,2.439552e+01,2.436857e+01,2.428766e+01,2.441573e+01,2.440900e+01,2.428766e+01,2.432138e+01,2.437531e+01,2.438205e+01,2.433487e+01,2.432138e+01,2.435509e+01,2.432812e+01,2.434835e+01,2.443594e+01,2.436857e+01,2.438205e+01,2.440900e+01,2.441573e+01,2.445614e+01,2.433487e+01,2.444941e+01,2.434835e+01,2.444268e+01,2.440900e+01,2.442247e+01,2.440226e+01,2.438205e+01,2.442921e+01,2.438205e+01,2.440900e+01,2.443594e+01,2.449654e+01,2.446288e+01,2.453692e+01,2.444268e+01,2.439552e+01,2.450327e+01,2.448981e+01,2.438205e+01,2.442247e+01,2.451673e+01,2.445614e+01,2.437531e+01,2.438878e+01,2.453019e+01,2.443594e+01,2.451000e+01,2.449654e+01,2.444941e+01,2.451673e+01,2.449654e+01,2.433487e+01,2.435509e+01,2.447635e+01,2.445614e+01,2.448308e+01,2.442921e+01,2.446288e+01,2.447635e+01,2.446961e+01,2.444268e+01,2.442247e+01,2.452346e+01,2.448981e+01,2.433487e+01,2.455038e+01,2.455038e+01,2.440900e+01,2.446288e+01,2.434835e+01,2.451673e+01,2.451000e+01,2.442247e+01,2.452346e+01,2.451000e+01,2.446288e+01,2.445614e+01,2.438878e+01,2.453692e+01,2.444268e+01,2.442247e+01,2.440226e+01,2.441573e+01,2.449654e+01,2.442921e+01,2.444941e+01,2.442921e+01,2.440900e+01,2.437531e+01,2.442921e+01,2.439552e+01,2.438205e+01,2.443594e+01,2.440226e+01,2.432812e+01,2.440226e+01,2.434835e+01,2.436857e+01,2.429441e+01,2.447635e+01,2.434835e+01,2.432138e+01,2.430115e+01,2.428766e+01,2.442921e+01,2.429441e+01,2.443594e+01,2.444941e+01,2.442247e+01,2.428766e+01,2.429441e+01,2.428766e+01,2.430790e+01,2.430790e+01,2.436857e+01,2.426068e+01,2.432138e+01,2.423369e+01,2.424044e+01,2.422019e+01,2.425393e+01,2.419994e+01,2.425393e+01,2.419994e+01,2.418644e+01,2.416619e+01,2.420670e+01,2.419319e+01,2.428092e+01,2.377380e+01,2.383478e+01,2.354987e+01,2.356346e+01,2.386865e+01,2.390927e+01,2.389573e+01,2.368564e+01,2.340032e+01,2.362457e+01,2.361099e+01,2.369242e+01,2.371956e+01,2.362457e+01,2.365850e+01,2.357704e+01,2.362457e+01,2.374668e+01,2.373312e+01,2.374668e+01,2.362457e+01,2.361778e+01,2.332547e+01,2.330504e+01,2.354987e+01,2.359062e+01,2.327780e+01,2.315514e+01,2.290253e+01,2.292987e+01,2.335269e+01,2.408512e+01,2.439552e+01,2.440226e+01,2.442247e+01,2.455038e+01,2.437531e+01,2.462436e+01,2.513406e+01,2.521431e+01,2.514744e+01,2.457056e+01,2.373312e+01,2.363814e+01,2.378735e+01,2.342753e+01,2.344793e+01,2.337991e+01,2.403781e+01,2.403105e+01,2.364493e+01,2.320286e+01,2.368564e+01,2.523437e+01,2.570121e+01,2.592057e+01,2.573447e+01,2.571451e+01,2.664193e+01,2.642405e+01,2.642405e+01,2.619248e+01,2.594713e+01,2.475873e+01,2.422019e+01,2.514075e+01,2.518088e+01,2.486610e+01,2.376702e+01,2.322330e+01,2.334589e+01,2.358383e+01,2.357704e+01,2.376702e+01,2.406485e+01,2.388219e+01,2.373990e+01,2.325056e+01,2.371956e+01,2.359062e+01,2.331185e+01,2.331866e+01,2.342073e+01,2.355667e+01,2.335269e+01,2.337311e+01,2.324374e+01,2.337991e+01,2.436183e+01,2.453019e+01,2.421344e+01,2.399723e+01,2.407161e+01,2.407161e+01,2.408512e+01,2.410540e+01,2.403105e+01,2.414593e+01,2.411891e+01,2.409864e+01,2.407837e+01,2.419994e+01,2.403781e+01,2.415943e+01,2.411215e+01,2.409864e+01,2.426068e+01,2.410540e+01,2.401076e+01,2.409188e+01,2.411215e+01,2.413917e+01,2.411215e+01,2.414593e+01,2.415268e+01,2.414593e+01,2.409188e+01,2.409188e+01,2.410540e+01,2.410540e+01,2.416619e+01,2.405133e+01,2.409864e+01,2.412566e+01,2.413917e+01,2.414593e+01,2.409864e+01,2.417294e+01,2.415268e+01,2.403781e+01,2.405133e+01,2.417294e+01,2.416619e+01,2.417294e+01,2.418644e+01,2.419319e+01,2.409188e+01,2.412566e+01,2.419994e+01,2.419994e+01,2.422019e+01,2.414593e+01,2.410540e+01,2.413242e+01,2.416619e+01,2.415943e+01,2.421344e+01,2.424044e+01,2.422694e+01,2.422694e+01,2.428766e+01,2.420670e+01,2.448308e+01,2.452346e+01,2.447635e+01,2.431464e+01,2.419994e+01,2.426743e+01,2.425393e+01,2.422694e+01,2.423369e+01,2.426743e+01,2.434835e+01,2.430790e+01,2.431464e+01,2.434835e+01,2.430790e+01,2.426068e+01,2.424719e+01,2.432138e+01,2.429441e+01,2.423369e+01,2.425393e+01,2.422019e+01,2.418644e+01,2.406485e+01,2.385510e+01,2.382801e+01,2.378735e+01,2.373990e+01,2.389573e+01,2.392958e+01,2.413242e+01,2.418644e+01,2.422694e+01,2.432138e+01,2.436857e+01,2.423369e+01,2.428092e+01,2.428092e+01,2.419319e+01,2.416619e+01,2.411215e+01,2.396341e+01,2.410540e+01,2.409188e+01,2.399047e+01,2.390927e+01,2.390927e+01,2.409188e+01,2.407161e+01,2.382801e+01,2.374668e+01,2.390250e+01,2.368564e+01,2.361099e+01,2.361778e+01,2.360420e+01,2.354308e+01,2.354987e+01,2.346153e+01,2.346833e+01,2.337991e+01,2.330504e+01,2.333228e+01,2.330504e+01,2.327780e+01,2.324374e+01,2.324374e+01,2.325056e+01,2.321649e+01,2.308010e+01,2.304598e+01,2.296403e+01,2.296403e+01,2.299818e+01,2.297769e+01,2.285467e+01,2.299135e+01,2.292303e+01,2.305963e+01,2.291620e+01,2.305963e+01,2.307328e+01,2.312104e+01,2.320286e+01,2.323012e+01,2.323693e+01,2.323693e+01,2.324374e+01,2.320967e+01,2.326418e+01,2.321649e+01,2.328461e+01,2.325737e+01,2.328461e+01,2.329823e+01,2.327099e+01,2.329823e+01,2.329823e+01,2.346153e+01,2.340032e+01,2.350911e+01,2.340032e+01,2.342753e+01,2.371277e+01,2.392281e+01,2.408512e+01,2.412566e+01,2.428092e+01,2.444268e+01,2.442247e+01,2.438205e+01,2.453692e+01,2.455038e+01,2.438878e+01,2.386865e+01,2.352949e+01,2.350231e+01,2.350231e+01,2.389573e+01,2.444268e+01,2.446961e+01,2.473858e+01,2.483256e+01,2.483256e+01,2.491975e+01,2.483256e+01,2.493986e+01,2.491305e+01,2.500017e+01,2.507383e+01,2.497337e+01,2.500687e+01,2.510060e+01,2.512737e+01,2.517419e+01,2.524773e+01,2.509391e+01,2.533458e+01,2.531454e+01,2.541468e+01,2.534126e+01,2.544804e+01,2.550805e+01,2.553472e+01,2.558136e+01,2.566127e+01,2.567459e+01,2.571451e+01,2.567459e+01,2.572782e+01,2.569455e+01,2.567459e+01,2.544137e+01,2.560800e+01,2.557470e+01,2.551472e+01,2.551472e+01,2.550805e+01,2.562132e+01,2.556804e+01,2.560134e+01,2.554804e+01,2.552139e+01,2.551472e+01,2.540133e+01,2.532122e+01,2.534126e+01,2.540133e+01,2.515413e+01,2.510730e+01,2.487281e+01,2.475873e+01,2.461763e+01,2.433487e+01,2.432812e+01,2.427417e+01,2.405809e+01,2.426743e+01,2.429441e+01,2.430790e+01,2.448308e+01,2.455710e+01,2.455038e+01,2.464452e+01,2.450327e+01,2.453692e+01,2.432138e+01,2.430115e+01,2.407161e+01,2.399723e+01,2.392281e+01,2.405133e+01,2.392281e+01,2.393634e+01,2.374668e+01,2.384833e+01,2.393634e+01,2.382123e+01,2.390927e+01,2.399723e+01,2.385510e+01,2.394311e+01
2.384155e+01,2.386865e+01,2.369242e+01,2.378057e+01,2.377380e+01,2.374668e+01,2.351590e+01,2.381446e+01,2.376702e+01,2.384155e+01,2.378057e+01,2.377380e+01,2.393634e+01,2.378735e+01,2.378735e+01,2.382801e+01,2.390250e+01,2.390250e+01,2.390927e+01,2.397018e+01,2.395664e+01,2.397694e+01,2.398371e+01,2.396341e+01,2.402428e+01,2.397694e+01,2.417294e+01,2.398371e+01,2.390927e+01,2.415268e+01,2.415268e+01,2.419994e+01,2.426068e+01,2.430790e+01,2.421344e+01,2.423369e+01,2.420670e+01,2.425393e+01,2.430790e+01,2.434161e+01,2.436183e+01,2.417969e+01,2.417969e+01,2.440226e+01,2.430115e+01,2.425393e+01,2.430115e+01,2.436183e+01,2.433487e+01,2.446288e+01,2.446288e+01,2.459746e+01,2.466469e+01,2.498677e+01,2.520763e+01,2.528782e+01,2.541468e+01,2.550805e+01,2.552805e+01,2.554138e+01,2.570121e+01,2.572782e+01,2.570121e+01,2.564796e+01,2.583421e+01,2.589401e+01,2.576108e+01,2.578103e+01,2.588736e+01,2.570786e+01,2.576108e+01,2.566127e+01,2.564796e+01,2.546138e+01,2.557470e+01,2.546138e+01,2.555471e+01,2.538131e+01,2.524105e+01,2.518088e+01,2.514744e+01,2.515413e+01,2.520094e+01,2.531454e+01,2.530787e+01,2.551472e+01,2.532122e+01,2.559468e+01,2.572782e+01,2.574113e+01,2.591393e+01,2.581427e+01,2.578103e+01,2.586079e+01,2.588072e+01,2.570786e+01,2.582092e+01,2.573447e+01,2.584085e+01,2.583421e+01,2.585415e+01,2.577438e+01,2.580097e+01,2.580097e+01,2.586079e+01,2.589401e+01,2.594049e+01,2.597368e+01,2.609309e+01,2.615274e+01,2.606656e+01,2.611960e+01,2.615274e+01,2.604004e+01,2.602013e+01,2.599359e+01,2.596041e+01,2.590729e+01,2.594049e+01,2.594713e+01,2.587408e+01,2.594713e+01,2.605330e+01,2.625208e+01,2.622560e+01,2.629841e+01,2.629841e+01,2.626532e+01,2.630502e+01,2.631826e+01,2.632487e+01,2.621898e+01,2.614611e+01,2.623884e+01,2.623884e+01,2.621235e+01,2.628517e+01,2.620573e+01,2.611297e+01,2.613286e+01,2.604667e+01,2.588736e+01,2.592057e+01,2.578103e+01,2.554138e+01,2.521431e+01,2.522100e+01,2.481243e+01,2.434835e+01,2.434835e+01,2.434161e+01,2.436183e+01,2.436857e+01,2.442247e+01,2.440900e+01,2.431464e+01,2.441573e+01,2.439552e+01,2.426743e+01,2.429441e+01,2.445614e+01,2.439552e+01,2.433487e+01,2.434835e+01,2.436857e+01,2.434161e+01,2.436857e+01,2.434161e+01,2.432812e+01,2.422694e+01,2.442247e+01,2.434835e+01,2.436857e+01,2.447635e+01,2.444268e+01,2.442921e+01,2.438205e+01,2.432138e+01,2.433487e+01,2.441573e+01,2.442247e+01,2.435509e+01,2.444268e+01,2.437531e+01,2.443594e+01,2.427417e+01,2.443594e+01,2.443594e+01,2.444268e+01,2.443594e+01,2.447635e+01,2.443594e+01,2.440900e+01,2.448308e+01,2.442247e+01,2.441573e+01,2.441573e+01,2.434835e+01,2.442921e+01,2.443594e+01,2.449654e+01,2.440900e+01,2.440226e+01,2.442247e+01,2.447635e+01,2.438205e+01,2.444268e+01,2.435509e+01,2.440900e+01,2.451673e+01,2.446961e+01,2.440900e+01,2.438878e+01,2.442921e+01,2.440226e+01,2.444941e+01,2.439552e+01,2.446961e+01,2.439552e+01,2.448981e+01,2.450327e+01,2.439552e+01,2.451000e+01,2.437531e+01,2.439552e+01,2.445614e+01,2.441573e+01,2.450327e+01,2.446961e+01,2.451000e+01,2.436857e+01,2.443594e+01,2.448981e+01,2.434835e+01,2.447635e+01,2.439552e+01,2.446288e+01,2.441573e+01,2.440226e+01,2.448981e+01,2.448981e+01,2.445614e+01,2.446961e+01,2.440226e+01,2.453692e+01,2.444268e+01,2.438878e+01,2.441573e+01,2.453019e+01,2.453019e+01,2.443594e+01,2.431464e+01,2.436857e+01,2.442247e+01,2.440900e+01,2.446961e+01,2.434161e+01,2.434161e+01,2.433487e+01,2.436183e+01,2.444941e+01,2.434161e+01,2.432812e+01,2.434835e+01,2.434835e+01,2.430115e+01,2.434161e+01,2.430115e+01,2.438205e+01,2.433487e+01,2.434835e+01,2.427417e+01,2.426743e+01,2.428092e+01,2.422019e+01,2.427417e+01,2.424044e+01,2.419994e+01,2.421344e+01,2.417969e+01,2.430790e+01,2.419319e+01,2.417969e+01,2.419319e+01,2.430115e+01,2.464452e+01,2.415943e+01,2.407161e+01,2.363136e+01,2.350231e+01,2.369921e+01,2.374668e+01,2.382123e+01,2.354308e+01,2.366529e+01,2.361778e+01,2.331866e+01,2.337311e+01,2.361778e+01,2.365850e+01,2.376024e+01,2.369242e+01,2.365172e+01,2.382801e+01,2.373990e+01,2.369921e+01,2.363136e+01,2.378057e+01,2.358383e+01,2.360420e+01,2.358383e+01,2.359741e+01,2.346833e+01,2.312786e+01,2.330504e+01,2.331866e+01,2.327099e+01,2.344793e+01,2.369921e+01,2.373312e+01,2.376702e+01,2.375346e+01,2.376702e+01,2.411215e+01,2.478558e+01,2.500687e+01,2.542135e+01,2.493316e+01,2.367886e+01,2.360420e+01,2.316877e+01,2.317559e+01,2.308693e+01,2.313468e+01,2.338672e+01,2.363814e+01,2.325056e+01,2.305280e+01,2.305963e+01,2.369921e+01,2.428766e+01,2.487281e+01,2.541468e+01,2.493986e+01,2.559468e+01,2.736497e+01,2.739117e+01,2.561466e+01,2.446288e+01,2.392281e+01,2.397694e+01,2.394311e+01,2.368564e+01,2.358383e+01,2.346153e+01,2.352949e+01,2.380091e+01,2.377380e+01,2.363814e+01,2.333228e+01,2.332547e+01,2.356346e+01,2.379413e+01,2.372634e+01,2.374668e+01,2.348872e+01,2.358383e+01,2.335269e+01,2.340713e+01,2.343433e+01,2.309375e+01,2.331185e+01,2.330504e+01,2.335950e+01,2.355667e+01,2.386865e+01,2.342073e+01,2.368564e+01,2.398371e+01,2.399047e+01,2.408512e+01,2.417294e+01,2.416619e+01,2.406485e+01,2.408512e+01,2.409188e+01,2.409864e+01,2.404457e+01,2.408512e+01,2.417294e+01,2.413917e+01,2.406485e+01,2.408512e+01,2.409188e+01,2.409864e+01,2.403781e+01,2.410540e+01,2.405809e+01,2.415268e+01,2.414593e+01,2.410540e+01,2.405133e+01,2.404457e+01,2.405809e+01,2.407837e+01,2.402428e+01,2.417294e+01,2.416619e+01,2.412566e+01,2.415943e+01,2.415268e+01,2.406485e+01,2.403781e+01,2.406485e+01,2.409864e+01,2.405809e+01,2.416619e+01,2.415268e+01,2.417969e+01,2.411215e+01,2.415268e+01,2.413242e+01,2.410540e+01,2.417294e+01,2.418644e+01,2.405133e+01,2.415943e+01,2.410540e+01,2.415268e+01,2.415943e+01,2.419319e+01,2.415943e+01,2.421344e+01,2.415268e+01,2.421344e+01,2.419994e+01,2.419994e+01,2.430115e+01,2.440226e+01,2.428766e+01,2.433487e+01,2.432138e+01,2.417294e+01,2.421344e+01,2.428766e+01,2.433487e+01,2.424044e+01,2.422019e+01,2.435509e+01,2.422694e+01,2.422019e+01,2.429441e+01,2.429441e+01,2.426068e+01,2.418644e+01,2.430115e+01,2.422019e+01,2.421344e+01,2.413242e+01,2.424044e+01,2.419994e+01,2.412566e+01,2.392281e+01,2.363136e+01,2.380768e+01,2.380091e+01,2.399047e+01,2.403105e+01,2.416619e+01,2.416619e+01,2.422694e+01,2.434835e+01,2.429441e+01,2.430790e+01,2.434161e+01,2.422019e+01,2.429441e+01,2.417969e+01,2.408512e+01,2.405133e+01,2.408512e+01,2.405809e+01,2.409864e+01,2.420670e+01,2.397018e+01,2.405133e+01,2.398371e+01,2.411891e+01,2.390927e+01,2.374668e+01,2.367886e+01,2.361778e+01,2.354308e+01,2.357025e+01,2.351590e+01,2.345473e+01,2.347513e+01,2.335950e+01,2.337311e+01,2.340713e+01,2.329142e+01,2.333228e+01,2.331185e+01,2.326418e+01,2.322330e+01,2.319604e+01,2.282047e+01,2.303232e+01,2.305963e+01,2.290253e+01,2.301867e+01,2.284783e+01,2.297769e+01,2.297769e+01,2.287519e+01,2.293670e+01,2.303232e+01,2.299818e+01,2.292987e+01,2.308010e+01,2.323012e+01,2.309375e+01,2.310739e+01,2.320286e+01,2.317559e+01,2.324374e+01,2.322330e+01,2.323693e+01,2.330504e+01,2.325737e+01,2.331866e+01,2.323012e+01,2.333228e+01,2.331866e+01,2.345473e+01,2.335269e+01,2.343433e+01,2.339352e+01,2.352270e+01,2.359741e+01,2.378057e+01,2.383478e+01,2.394988e+01,2.405809e+01,2.406485e+01,2.427417e+01,2.429441e+01,2.443594e+01,2.443594e+01,2.436183e+01,2.381446e+01,2.359741e+01,2.342753e+01,2.301867e+01,2.331185e+01,2.357025e+01,2.408512e+01,2.444268e+01,2.466469e+01,2.484598e+01,2.483256e+01,2.493316e+01,2.481914e+01,2.479230e+01,2.481243e+01,2.481914e+01,2.508052e+01,2.504035e+01,2.510060e+01,2.485269e+01,2.504035e+01,2.491975e+01,2.514075e+01,2.516082e+01,2.508052e+01,2.542135e+01,2.529451e+01,2.529451e+01,2.534793e+01,2.543469e+01,2.546805e+01,2.548138e+01,2.538799e+01,2.545471e+01,2.543469e+01,2.550139e+01,2.552139e+01,2.543469e+01,2.559468e+01,2.552805e+01,2.549472e+01,2.550139e+01,2.541468e+01,2.552139e+01,2.556804e+01,2.562132e+01,2.562798e+01,2.562132e+01,2.560134e+01,2.565462e+01,2.555471e+01,2.554138e+01,2.550805e+01,2.539466e+01,2.538131e+01,2.522100e+01,2.526110e+01,2.526110e+01,2.509391e+01,2.508722e+01,2.496667e+01,2.490634e+01,2.471844e+01,2.465124e+01,2.462436e+01,2.461091e+01,2.465796e+01,2.454365e+01,2.476544e+01,2.476544e+01,2.467141e+01,2.454365e+01,2.455710e+01,2.446288e+01,2.435509e+01,2.429441e+01,2.415943e+01,2.390927e+01,2.397694e+01,2.397694e+01,2.405133e+01,2.400400e+01,2.384155e+01,2.386187e+01,2.384155e+01,2.392958e+01,2.400400e+01,2.392958e+01,2.394311e+01,2.380768e+01
2.386187e+01,2.372634e+01,2.374668e+01,2.384155e+01,2.374668e+01,2.369921e+01,2.380091e+01,2.371956e+01,2.372634e+01,2.370599e+01,2.385510e+01,2.373312e+01,2.376024e+01,2.374668e+01,2.376024e+01,2.345473e+01,2.384833e+01,2.389573e+01,2.390927e+01,2.393634e+01,2.395664e+01,2.384833e+01,2.401076e+01,2.388896e+01,2.393634e+01,2.399723e+01,2.390927e+01,2.409188e+01,2.398371e+01,2.406485e+01,2.400400e+01,2.418644e+01,2.426743e+01,2.420670e+01,2.420670e+01,2.423369e+01,2.421344e+01,2.430790e+01,2.434835e+01,2.424719e+01,2.436183e+01,2.426743e+01,2.438205e+01,2.428766e+01,2.430790e+01,2.440900e+01,2.411891e+01,2.435509e+01,2.443594e+01,2.445614e+01,2.457056e+01,2.495997e+01,2.528115e+01,2.525442e+01,2.551472e+01,2.548805e+01,2.549472e+01,2.562798e+01,2.567459e+01,2.564130e+01,2.560800e+01,2.565462e+01,2.580097e+01,2.576773e+01,2.583421e+01,2.582756e+01,2.589401e+01,2.583421e+01,2.575443e+01,2.572782e+01,2.584750e+01,2.576108e+01,2.562798e+01,2.560800e+01,2.560800e+01,2.550139e+01,2.557470e+01,2.536129e+01,2.528782e+01,2.534126e+01,2.516082e+01,2.525442e+01,2.496667e+01,2.513406e+01,2.522100e+01,2.542802e+01,2.542802e+01,2.560800e+01,2.554804e+01,2.576773e+01,2.577438e+01,2.574778e+01,2.578103e+01,2.570121e+01,2.573447e+01,2.588736e+01,2.568790e+01,2.566793e+01,2.567459e+01,2.567459e+01,2.576108e+01,2.582092e+01,2.575443e+01,2.577438e+01,2.593385e+01,2.598032e+01,2.607982e+01,2.596704e+01,2.605993e+01,2.605330e+01,2.606656e+01,2.592721e+01,2.615936e+01,2.600023e+01,2.602013e+01,2.600023e+01,2.597368e+01,2.580762e+01,2.582092e+01,2.594713e+01,2.596704e+01,2.599359e+01,2.605330e+01,2.607982e+01,2.632487e+01,2.628517e+01,2.628517e+01,2.633149e+01,2.633810e+01,2.619911e+01,2.619248e+01,2.621235e+01,2.615936e+01,2.620573e+01,2.628517e+01,2.625208e+01,2.619911e+01,2.621898e+01,2.621235e+01,2.623222e+01,2.602677e+01,2.602677e+01,2.584085e+01,2.568790e+01,2.559468e+01,2.554138e+01,2.498007e+01,2.483256e+01,2.434161e+01,2.438878e+01,2.438205e+01,2.438878e+01,2.427417e+01,2.417294e+01,2.442921e+01,2.422694e+01,2.429441e+01,2.438878e+01,2.444941e+01,2.433487e+01,2.434835e+01,2.440900e+01,2.430115e+01,2.432812e+01,2.438878e+01,2.434835e+01,2.434835e+01,2.431464e+01,2.434161e+01,2.436183e+01,2.434161e+01,2.437531e+01,2.434835e+01,2.442247e+01,2.435509e+01,2.445614e+01,2.429441e+01,2.436857e+01,2.430115e+01,2.438205e+01,2.443594e+01,2.446288e+01,2.431464e+01,2.439552e+01,2.439552e+01,2.440226e+01,2.442247e+01,2.442921e+01,2.446288e+01,2.445614e+01,2.440900e+01,2.439552e+01,2.442247e+01,2.445614e+01,2.438878e+01,2.443594e+01,2.438878e+01,2.433487e+01,2.436183e+01,2.436183e+01,2.433487e+01,2.446288e+01,2.444941e+01,2.439552e+01,2.448981e+01,2.450327e+01,2.436857e+01,2.435509e+01,2.437531e+01,2.431464e+01,2.435509e+01,2.440226e+01,2.441573e+01,2.443594e+01,2.446961e+01,2.443594e+01,2.437531e+01,2.438878e+01,2.439552e+01,2.441573e+01,2.437531e+01,2.435509e+01,2.436183e+01,2.443594e+01,2.442247e+01,2.441573e+01,2.445614e+01,2.439552e+01,2.442921e+01,2.438205e+01,2.448308e+01,2.436857e+01,2.446288e+01,2.444941e+01,2.438878e+01,2.446961e+01,2.445614e+01,2.438878e+01,2.441573e+01,2.451673e+01,2.438205e+01,2.438878e+01,2.444268e+01,2.438205e+01,2.436857e+01,2.430115e+01,2.436857e+01,2.439552e+01,2.441573e+01,2.438205e+01,2.444941e+01,2.430115e+01,2.442921e+01,2.432138e+01,2.440226e+01,2.445614e+01,2.444941e+01,2.439552e+01,2.444268e+01,2.436183e+01,2.442921e+01,2.431464e+01,2.432812e+01,2.448981e+01,2.434835e+01,2.438205e+01,2.429441e+01,2.437531e+01,2.444268e+01,2.426068e+01,2.434161e+01,2.433487e+01,2.424044e+01,2.434835e+01,2.424044e+01,2.424044e+01,2.422694e+01,2.423369e+01,2.424044e+01,2.425393e+01,2.420670e+01,2.420670e+01,2.413917e+01,2.419319e+01,2.414593e+01,2.400400e+01,2.399047e+01,2.411215e+01,2.398371e+01,2.358383e+01,2.359062e+01,2.388896e+01,2.436183e+01,2.368564e+01,2.349552e+01,2.340032e+01,2.315514e+01,2.336630e+01,2.368564e+01,2.391604e+01,2.390927e+01,2.406485e+01,2.407161e+01,2.387542e+01,2.376702e+01,2.395664e+01,2.399723e+01,2.388896e+01,2.384833e+01,2.389573e+01,2.376024e+01,2.389573e+01,2.363136e+01,2.331866e+01,2.308693e+01,2.315514e+01,2.308010e+01,2.323693e+01,2.332547e+01,2.363136e+01,2.333228e+01,2.342753e+01,2.339352e+01,2.363136e+01,2.399723e+01,2.407837e+01,2.413242e+01,2.445614e+01,2.392958e+01,2.363136e+01,2.327099e+01,2.318241e+01,2.288202e+01,2.296403e+01,2.314150e+01,2.311422e+01,2.326418e+01,2.346833e+01,2.397694e+01,2.399723e+01,2.430115e+01,2.432138e+01,2.440226e+01,2.440226e+01,2.482585e+01,2.617924e+01,2.601350e+01,2.514075e+01,2.502696e+01,2.444941e+01,2.440900e+01,2.429441e+01,2.419994e+01,2.369921e+01,2.371277e+01,2.374668e+01,2.337311e+01,2.322330e+01,2.291620e+01,2.318241e+01,2.318923e+01,2.397694e+01,2.409188e+01,2.376024e+01,2.337991e+01,2.345473e+01,2.352949e+01,2.348192e+01,2.348872e+01,2.355667e+01,2.331866e+01,2.346153e+01,2.336630e+01,2.353629e+01,2.327780e+01,2.342753e+01,2.353629e+01,2.352270e+01,2.398371e+01,2.399047e+01,2.409864e+01,2.400400e+01,2.416619e+01,2.403105e+01,2.415268e+01,2.407837e+01,2.405133e+01,2.413917e+01,2.409188e+01,2.404457e+01,2.411215e+01,2.403781e+01,2.408512e+01,2.404457e+01,2.405809e+01,2.398371e+01,2.415268e+01,2.409188e+01,2.404457e+01,2.407837e+01,2.409864e+01,2.413917e+01,2.408512e+01,2.406485e+01,2.406485e+01,2.406485e+01,2.401076e+01,2.411891e+01,2.411891e+01,2.417969e+01,2.406485e+01,2.411891e+01,2.405809e+01,2.408512e+01,2.422019e+01,2.414593e+01,2.413917e+01,2.419319e+01,2.422694e+01,2.411891e+01,2.416619e+01,2.415943e+01,2.415268e+01,2.413242e+01,2.420670e+01,2.413242e+01,2.415268e+01,2.411215e+01,2.411215e+01,2.414593e+01,2.420670e+01,2.406485e+01,2.419994e+01,2.419319e+01,2.422019e+01,2.424719e+01,2.422019e+01,2.425393e+01,2.434161e+01,2.433487e+01,2.421344e+01,2.427417e+01,2.422694e+01,2.428092e+01,2.426068e+01,2.428092e+01,2.424044e+01,2.434835e+01,2.417294e+01,2.424719e+01,2.425393e+01,2.422694e+01,2.422694e+01,2.417969e+01,2.422694e+01,2.419319e+01,2.420670e+01,2.419994e+01,2.418644e+01,2.417294e+01,2.398371e+01,2.381446e+01,2.377380e+01,2.385510e+01,2.384833e+01,2.399047e+01,2.392281e+01,2.410540e+01,2.424719e+01,2.404457e+01,2.427417e+01,2.427417e+01,2.434161e+01,2.434161e+01,2.432812e+01,2.424719e+01,2.423369e+01,2.408512e+01,2.409188e+01,2.405809e+01,2.406485e+01,2.409864e+01,2.395664e+01,2.404457e+01,2.413242e+01,2.408512e+01,2.407161e+01,2.406485e+01,2.401076e+01,2.401752e+01,2.391604e+01,2.363136e+01,2.361099e+01,2.361778e+01,2.360420e+01,2.356346e+01,2.349552e+01,2.332547e+01,2.339352e+01,2.340713e+01,2.333908e+01,2.330504e+01,2.333228e+01,2.322330e+01,2.327099e+01,2.323012e+01,2.323693e+01,2.309375e+01,2.296403e+01,2.302550e+01,2.288886e+01,2.290937e+01,2.280679e+01,2.292987e+01,2.291620e+01,2.289569e+01,2.288886e+01,2.300501e+01,2.295037e+01,2.292987e+01,2.307328e+01,2.323693e+01,2.308010e+01,2.320967e+01,2.318923e+01,2.319604e+01,2.320967e+01,2.320967e+01,2.325737e+01,2.322330e+01,2.325737e+01,2.329823e+01,2.322330e+01,2.333228e+01,2.332547e+01,2.335269e+01,2.349552e+01,2.345473e+01,2.360420e+01,2.355667e+01,2.360420e+01,2.385510e+01,2.394988e+01,2.406485e+01,2.408512e+01,2.413917e+01,2.422694e+01,2.420670e+01,2.428092e+01,2.362457e+01,2.346153e+01,2.301184e+01,2.305963e+01,2.303232e+01,2.346153e+01,2.361778e+01,2.438878e+01,2.446961e+01,2.475201e+01,2.462436e+01,2.481914e+01,2.483256e+01,2.481243e+01,2.481914e+01,2.470500e+01,2.491305e+01,2.487952e+01,2.477216e+01,2.478558e+01,2.491305e+01,2.501357e+01,2.501357e+01,2.507383e+01,2.504705e+01,2.494656e+01,2.526778e+01,2.518757e+01,2.527446e+01,2.524105e+01,2.535461e+01,2.538799e+01,2.532122e+01,2.544137e+01,2.542802e+01,2.543469e+01,2.543469e+01,2.541468e+01,2.530119e+01,2.556804e+01,2.547471e+01,2.550805e+01,2.530787e+01,2.548138e+01,2.554138e+01,2.540801e+01,2.558136e+01,2.558802e+01,2.555471e+01,2.556804e+01,2.556804e+01,2.556804e+01,2.540801e+01,2.548138e+01,2.526778e+01,2.539466e+01,2.540801e+01,2.535461e+01,2.523437e+01,2.530119e+01,2.532790e+01,2.517419e+01,2.510060e+01,2.489293e+01,2.489964e+01,2.487952e+01,2.481243e+01,2.482585e+01,2.482585e+01,2.475873e+01,2.461091e+01,2.448308e+01,2.446961e+01,2.438205e+01,2.438878e+01,2.438205e+01,2.436857e+01,2.409864e+01,2.399047e+01,2.392958e+01,2.393634e+01,2.386865e+01,2.397694e+01,2.385510e+01,2.384833e+01,2.390250e+01,2.387542e+01,2.389573e+01,2.399047e+01,2.390250e+01,2.378735e+01
2.370599e+01,2.374668e+01,2.391604e+01,2.379413e+01,2.376024e+01,2.367886e+01,2.378735e+01,2.381446e+01,2.370599e+01,2.373312e+01,2.377380e+01,2.374668e+01,2.378057e+01,2.388219e+01,2.383478e+01,2.372634e+01,2.388219e+01,2.378057e+01,2.390250e+01,2.394311e+01,2.399723e+01,2.397694e+01,2.398371e+01,2.400400e+01,2.397694e+01,2.409188e+01,2.405809e+01,2.407837e+01,2.406485e+01,2.412566e+01,2.426743e+01,2.407837e+01,2.423369e+01,2.421344e+01,2.424044e+01,2.428092e+01,2.436857e+01,2.426068e+01,2.425393e+01,2.426068e+01,2.438205e+01,2.425393e+01,2.436183e+01,2.434161e+01,2.437531e+01,2.437531e+01,2.436183e+01,2.433487e+01,2.455038e+01,2.473858e+01,2.511399e+01,2.528115e+01,2.527446e+01,2.527446e+01,2.566793e+01,2.563464e+01,2.558136e+01,2.568124e+01,2.570786e+01,2.572117e+01,2.574778e+01,2.579433e+01,2.582756e+01,2.575443e+01,2.584085e+01,2.582756e+01,2.578768e+01,2.576108e+01,2.584750e+01,2.576108e+01,2.573447e+01,2.564130e+01,2.574778e+01,2.566793e+01,2.546805e+01,2.561466e+01,2.546138e+01,2.534793e+01,2.536129e+01,2.535461e+01,2.521431e+01,2.523437e+01,2.514075e+01,2.512068e+01,2.526110e+01,2.520763e+01,2.525442e+01,2.539466e+01,2.544137e+01,2.572117e+01,2.573447e+01,2.554804e+01,2.573447e+01,2.573447e+01,2.568124e+01,2.566127e+01,2.564796e+01,2.568790e+01,2.574778e+01,2.575443e+01,2.570786e+01,2.570786e+01,2.585415e+01,2.575443e+01,2.586079e+01,2.598696e+01,2.594713e+01,2.599359e+01,2.596704e+01,2.603340e+01,2.610634e+01,2.613948e+01,2.614611e+01,2.596041e+01,2.602677e+01,2.578768e+01,2.594049e+01,2.578768e+01,2.580762e+01,2.599359e+01,2.602013e+01,2.594049e+01,2.601350e+01,2.612623e+01,2.629841e+01,2.634472e+01,2.630502e+01,2.631826e+01,2.622560e+01,2.628517e+01,2.613948e+01,2.626532e+01,2.611960e+01,2.623884e+01,2.628517e+01,2.629841e+01,2.625870e+01,2.625870e+01,2.622560e+01,2.625208e+01,2.603340e+01,2.619248e+01,2.617261e+01,2.572782e+01,2.579433e+01,2.562132e+01,2.527446e+01,2.495997e+01,2.465124e+01,2.441573e+01,2.440226e+01,2.437531e+01,2.438878e+01,2.417294e+01,2.433487e+01,2.426743e+01,2.426743e+01,2.434161e+01,2.438205e+01,2.446288e+01,2.444941e+01,2.429441e+01,2.440226e+01,2.423369e+01,2.441573e+01,2.439552e+01,2.432812e+01,2.453019e+01,2.440900e+01,2.451673e+01,2.491305e+01,2.444268e+01,2.448308e+01,2.434835e+01,2.434161e+01,2.445614e+01,2.434161e+01,2.430115e+01,2.438878e+01,2.438205e+01,2.434835e+01,2.436857e+01,2.436857e+01,2.437531e+01,2.439552e+01,2.440226e+01,2.444268e+01,2.437531e+01,2.440900e+01,2.439552e+01,2.442921e+01,2.437531e+01,2.436857e+01,2.440226e+01,2.442921e+01,2.450327e+01,2.435509e+01,2.433487e+01,2.436857e+01,2.442921e+01,2.441573e+01,2.446961e+01,2.440900e+01,2.447635e+01,2.453019e+01,2.436857e+01,2.444268e+01,2.444941e+01,2.432812e+01,2.448981e+01,2.444941e+01,2.447635e+01,2.447635e+01,2.440226e+01,2.446288e+01,2.444268e+01,2.442247e+01,2.436857e+01,2.459746e+01,2.445614e+01,2.446961e+01,2.438878e+01,2.456383e+01,2.440900e+01,2.441573e+01,2.432812e+01,2.445614e+01,2.443594e+01,2.446961e+01,2.448308e+01,2.441573e+01,2.444268e+01,2.437531e+01,2.446288e+01,2.440900e+01,2.446961e+01,2.444268e+01,2.442921e+01,2.436857e+01,2.438205e+01,2.435509e+01,2.438878e+01,2.432812e+01,2.428766e+01,2.425393e+01,2.444268e+01,2.442921e+01,2.442921e+01,2.440900e+01,2.437531e+01,2.438878e+01,2.442247e+01,2.443594e+01,2.444268e+01,2.431464e+01,2.433487e+01,2.434161e+01,2.447635e+01,2.436183e+01,2.446961e+01,2.429441e+01,2.438205e+01,2.425393e+01,2.430115e+01,2.425393e+01,2.434161e+01,2.426743e+01,2.434835e+01,2.438205e+01,2.432138e+01,2.432138e+01,2.429441e+01,2.421344e+01,2.426743e+01,2.428092e+01,2.431464e+01,2.425393e+01,2.428766e+01,2.419994e+01,2.419319e+01,2.421344e+01,2.419319e+01,2.421344e+01,2.418644e+01,2.426068e+01,2.413917e+01,2.395664e+01,2.399723e+01,2.415943e+01,2.384155e+01,2.370599e+01,2.428092e+01,2.455038e+01,2.379413e+01,2.357025e+01,2.339352e+01,2.347513e+01,2.375346e+01,2.399723e+01,2.397018e+01,2.402428e+01,2.405809e+01,2.397018e+01,2.397018e+01,2.405809e+01,2.392958e+01,2.394988e+01,2.395664e+01,2.390927e+01,2.395664e+01,2.388896e+01,2.392281e+01,2.367207e+01,2.326418e+01,2.299818e+01,2.303915e+01,2.328461e+01,2.325737e+01,2.331185e+01,2.337311e+01,2.339352e+01,2.343433e+01,2.358383e+01,2.367207e+01,2.385510e+01,2.358383e+01,2.359062e+01,2.357025e+01,2.362457e+01,2.318923e+01,2.330504e+01,2.316877e+01,2.322330e+01,2.344113e+01,2.374668e+01,2.411891e+01,2.481243e+01,2.432138e+01,2.436183e+01,2.424719e+01,2.430115e+01,2.416619e+01,2.409864e+01,2.378735e+01,2.378057e+01,2.407837e+01,2.438205e+01,2.424044e+01,2.419319e+01,2.402428e+01,2.369242e+01,2.331185e+01,2.350911e+01,2.334589e+01,2.370599e+01,2.371277e+01,2.372634e+01,2.410540e+01,2.395664e+01,2.361099e+01,2.333228e+01,2.417294e+01,2.337991e+01,2.348872e+01,2.327780e+01,2.360420e+01,2.331866e+01,2.352949e+01,2.358383e+01,2.348192e+01,2.317559e+01,2.335269e+01,2.339352e+01,2.325056e+01,2.320967e+01,2.337311e+01,2.345473e+01,2.357704e+01,2.394311e+01,2.403105e+01,2.402428e+01,2.401076e+01,2.404457e+01,2.388896e+01,2.405133e+01,2.408512e+01,2.407161e+01,2.408512e+01,2.404457e+01,2.414593e+01,2.409188e+01,2.409188e+01,2.404457e+01,2.403781e+01,2.406485e+01,2.404457e+01,2.403105e+01,2.407837e+01,2.411215e+01,2.413917e+01,2.412566e+01,2.409188e+01,2.406485e+01,2.402428e+01,2.407161e+01,2.407837e+01,2.397018e+01,2.409188e+01,2.413917e+01,2.414593e+01,2.411215e+01,2.413917e+01,2.416619e+01,2.415268e+01,2.421344e+01,2.403781e+01,2.417969e+01,2.412566e+01,2.421344e+01,2.419994e+01,2.416619e+01,2.411215e+01,2.411215e+01,2.407161e+01,2.416619e+01,2.404457e+01,2.412566e+01,2.421344e+01,2.418644e+01,2.409864e+01,2.418644e+01,2.421344e+01,2.422019e+01,2.423369e+01,2.423369e+01,2.425393e+01,2.430790e+01,2.419994e+01,2.433487e+01,2.416619e+01,2.422019e+01,2.420670e+01,2.418644e+01,2.426743e+01,2.428092e+01,2.417294e+01,2.428092e+01,2.435509e+01,2.426068e+01,2.433487e+01,2.423369e+01,2.423369e+01,2.420670e+01,2.423369e+01,2.419994e+01,2.419994e+01,2.422694e+01,2.427417e+01,2.415943e+01,2.386187e+01,2.380768e+01,2.376024e+01,2.381446e+01,2.394988e+01,2.388219e+01,2.405133e+01,2.398371e+01,2.410540e+01,2.411891e+01,2.419994e+01,2.428766e+01,2.426068e+01,2.436183e+01,2.437531e+01,2.436183e+01,2.431464e+01,2.414593e+01,2.414593e+01,2.413242e+01,2.405809e+01,2.407837e+01,2.407837e+01,2.407837e+01,2.416619e+01,2.423369e+01,2.419994e+01,2.415943e+01,2.411215e+01,2.411215e+01,2.401076e+01,2.399723e+01,2.365172e+01,2.362457e+01,2.352949e+01,2.352270e+01,2.342073e+01,2.344793e+01,2.340032e+01,2.338672e+01,2.333228e+01,2.337991e+01,2.329142e+01,2.335269e+01,2.327099e+01,2.318241e+01,2.309375e+01,2.322330e+01,2.309375e+01,2.310739e+01,2.308693e+01,2.303232e+01,2.291620e+01,2.294353e+01,2.288886e+01,2.292303e+01,2.287519e+01,2.291620e+01,2.289569e+01,2.293670e+01,2.297769e+01,2.298452e+01,2.298452e+01,2.316877e+01,2.317559e+01,2.308010e+01,2.322330e+01,2.325056e+01,2.323693e+01,2.323012e+01,2.318241e+01,2.323012e+01,2.330504e+01,2.333908e+01,2.336630e+01,2.331185e+01,2.333908e+01,2.352949e+01,2.359741e+01,2.360420e+01,2.365172e+01,2.368564e+01,2.381446e+01,2.399047e+01,2.413917e+01,2.409864e+01,2.409188e+01,2.426068e+01,2.402428e+01,2.377380e+01,2.320967e+01,2.318923e+01,2.307328e+01,2.303915e+01,2.305963e+01,2.349552e+01,2.407161e+01,2.444268e+01,2.461091e+01,2.471844e+01,2.477887e+01,2.465124e+01,2.466469e+01,2.455038e+01,2.458401e+01,2.469828e+01,2.480572e+01,2.485940e+01,2.481243e+01,2.508722e+01,2.503366e+01,2.499347e+01,2.497337e+01,2.497337e+01,2.502696e+01,2.518088e+01,2.497337e+01,2.512068e+01,2.524773e+01,2.530787e+01,2.524105e+01,2.528782e+01,2.536129e+01,2.531454e+01,2.540801e+01,2.542802e+01,2.543469e+01,2.536129e+01,2.520763e+01,2.538799e+01,2.547471e+01,2.530787e+01,2.531454e+01,2.533458e+01,2.564130e+01,2.557470e+01,2.558802e+01,2.556137e+01,2.561466e+01,2.557470e+01,2.557470e+01,2.568124e+01,2.555471e+01,2.562798e+01,2.542135e+01,2.541468e+01,2.540801e+01,2.546138e+01,2.535461e+01,2.542802e+01,2.540133e+01,2.532790e+01,2.543469e+01,2.525442e+01,2.514744e+01,2.504705e+01,2.489293e+01,2.483927e+01,2.474530e+01,2.452346e+01,2.453692e+01,2.454365e+01,2.447635e+01,2.453019e+01,2.446961e+01,2.417294e+01,2.392281e+01,2.401752e+01,2.394311e+01,2.394311e+01,2.398371e+01,2.390250e+01,2.393634e+01,2.384833e+01,2.394311e+01,2.392281e+01,2.384833e+01,2.399047e+01,2.387542e+01,2.398371e+01,2.397694e+01
2.374668e+01,2.373990e+01,2.374668e+01,2.368564e+01,2.373312e+01,2.364493e+01,2.374668e+01,2.375346e+01,2.370599e+01,2.386187e+01,2.366529e+01,2.376024e+01,2.373990e+01,2.385510e+01,2.376702e+01,2.375346e+01,2.388896e+01,2.376024e+01,2.397018e+01,2.389573e+01,2.398371e+01,2.391604e+01,2.387542e+01,2.403781e+01,2.388896e+01,2.404457e+01,2.399047e+01,2.406485e+01,2.407161e+01,2.407161e+01,2.419319e+01,2.427417e+01,2.417294e+01,2.434835e+01,2.421344e+01,2.432812e+01,2.422019e+01,2.422694e+01,2.422019e+01,2.425393e+01,2.427417e+01,2.440900e+01,2.438878e+01,2.442921e+01,2.436857e+01,2.407837e+01,2.432812e+01,2.463108e+01,2.510060e+01,2.525442e+01,2.528115e+01,2.532790e+01,2.554804e+01,2.576108e+01,2.570786e+01,2.570786e+01,2.572117e+01,2.594049e+01,2.569455e+01,2.574778e+01,2.584085e+01,2.560134e+01,2.566127e+01,2.582092e+01,2.586079e+01,2.585415e+01,2.585415e+01,2.584085e+01,2.581427e+01,2.574113e+01,2.576773e+01,2.566127e+01,2.571451e+01,2.565462e+01,2.562132e+01,2.548805e+01,2.544137e+01,2.555471e+01,2.551472e+01,2.526110e+01,2.514075e+01,2.523437e+01,2.517419e+01,2.498007e+01,2.500687e+01,2.504705e+01,2.519426e+01,2.534126e+01,2.541468e+01,2.550139e+01,2.568790e+01,2.568790e+01,2.574778e+01,2.573447e+01,2.574778e+01,2.576773e+01,2.564130e+01,2.560800e+01,2.567459e+01,2.578103e+01,2.561466e+01,2.564130e+01,2.590065e+01,2.590729e+01,2.588072e+01,2.601350e+01,2.598032e+01,2.598032e+01,2.597368e+01,2.596041e+01,2.611960e+01,2.596704e+01,2.596704e+01,2.594049e+01,2.588072e+01,2.587408e+01,2.576108e+01,2.580762e+01,2.600023e+01,2.586743e+01,2.600686e+01,2.607319e+01,2.603340e+01,2.607982e+01,2.623884e+01,2.621235e+01,2.629841e+01,2.632487e+01,2.621235e+01,2.617261e+01,2.631164e+01,2.623222e+01,2.628517e+01,2.615274e+01,2.637117e+01,2.629841e+01,2.634472e+01,2.625208e+01,2.629179e+01,2.623884e+01,2.624546e+01,2.623884e+01,2.615936e+01,2.583421e+01,2.585415e+01,2.586743e+01,2.580762e+01,2.530119e+01,2.471844e+01,2.459073e+01,2.439552e+01,2.438878e+01,2.440900e+01,2.438205e+01,2.425393e+01,2.432138e+01,2.445614e+01,2.444268e+01,2.441573e+01,2.435509e+01,2.432138e+01,2.440226e+01,2.443594e+01,2.438205e+01,2.447635e+01,2.443594e+01,2.441573e+01,2.457056e+01,2.489964e+01,2.511399e+01,2.511399e+01,2.496667e+01,2.444268e+01,2.435509e+01,2.441573e+01,2.441573e+01,2.452346e+01,2.433487e+01,2.435509e+01,2.434835e+01,2.444941e+01,2.437531e+01,2.431464e+01,2.441573e+01,2.446288e+01,2.431464e+01,2.440900e+01,2.442247e+01,2.441573e+01,2.448308e+01,2.435509e+01,2.441573e+01,2.436183e+01,2.436857e+01,2.435509e+01,2.440900e+01,2.442247e+01,2.435509e+01,2.441573e+01,2.434835e+01,2.436857e+01,2.445614e+01,2.437531e+01,2.445614e+01,2.443594e+01,2.442247e+01,2.436857e+01,2.441573e+01,2.436183e+01,2.441573e+01,2.440226e+01,2.445614e+01,2.446288e+01,2.444268e+01,2.436857e+01,2.433487e+01,2.442921e+01,2.441573e+01,2.441573e+01,2.448308e+01,2.446288e+01,2.442921e+01,2.444268e+01,2.445614e+01,2.432812e+01,2.433487e+01,2.434161e+01,2.438878e+01,2.434835e+01,2.446288e+01,2.440226e+01,2.438878e+01,2.440226e+01,2.439552e+01,2.440900e+01,2.442921e+01,2.443594e+01,2.434161e+01,2.438205e+01,2.439552e+01,2.440226e+01,2.429441e+01,2.444941e+01,2.443594e+01,2.442247e+01,2.442921e+01,2.436183e+01,2.447635e+01,2.442247e+01,2.424719e+01,2.440226e+01,2.430790e+01,2.434161e+01,2.448308e+01,2.436857e+01,2.430115e+01,2.434161e+01,2.434835e+01,2.434161e+01,2.434161e+01,2.436857e+01,2.434161e+01,2.431464e+01,2.434161e+01,2.450327e+01,2.429441e+01,2.437531e+01,2.427417e+01,2.436183e+01,2.427417e+01,2.426068e+01,2.430790e+01,2.424719e+01,2.431464e+01,2.436183e+01,2.431464e+01,2.419319e+01,2.437531e+01,2.428092e+01,2.423369e+01,2.415943e+01,2.417969e+01,2.421344e+01,2.417294e+01,2.409864e+01,2.419994e+01,2.417969e+01,2.402428e+01,2.407161e+01,2.387542e+01,2.384833e+01,2.349552e+01,2.360420e+01,2.374668e+01,2.356346e+01,2.373990e+01,2.374668e+01,2.403105e+01,2.400400e+01,2.401752e+01,2.409864e+01,2.407161e+01,2.412566e+01,2.406485e+01,2.405809e+01,2.411215e+01,2.404457e+01,2.406485e+01,2.394311e+01,2.395664e+01,2.392958e+01,2.391604e+01,2.376702e+01,2.359062e+01,2.333228e+01,2.302550e+01,2.320967e+01,2.329823e+01,2.341393e+01,2.354987e+01,2.380768e+01,2.384833e+01,2.382123e+01,2.384833e+01,2.397694e+01,2.386187e+01,2.358383e+01,2.314832e+01,2.354308e+01,2.341393e+01,2.318923e+01,2.323693e+01,2.325056e+01,2.368564e+01,2.421344e+01,2.420670e+01,2.396341e+01,2.380768e+01,2.398371e+01,2.446288e+01,2.404457e+01,2.387542e+01,2.405133e+01,2.371277e+01,2.333228e+01,2.378057e+01,2.405133e+01,2.407837e+01,2.469156e+01,2.469156e+01,2.430115e+01,2.371277e+01,2.361099e+01,2.372634e+01,2.424044e+01,2.390927e+01,2.408512e+01,2.442247e+01,2.412566e+01,2.395664e+01,2.395664e+01,2.392281e+01,2.330504e+01,2.310739e+01,2.303232e+01,2.302550e+01,2.307328e+01,2.307328e+01,2.308010e+01,2.312786e+01,2.316877e+01,2.330504e+01,2.326418e+01,2.350911e+01,2.346153e+01,2.346833e+01,2.351590e+01,2.363136e+01,2.390927e+01,2.400400e+01,2.395664e+01,2.411891e+01,2.409188e+01,2.386865e+01,2.410540e+01,2.410540e+01,2.409188e+01,2.407161e+01,2.409864e+01,2.409864e+01,2.408512e+01,2.407837e+01,2.406485e+01,2.401076e+01,2.409864e+01,2.406485e+01,2.399047e+01,2.408512e+01,2.404457e+01,2.408512e+01,2.411215e+01,2.407161e+01,2.406485e+01,2.407161e+01,2.406485e+01,2.413917e+01,2.401076e+01,2.410540e+01,2.415268e+01,2.410540e+01,2.409864e+01,2.412566e+01,2.416619e+01,2.401752e+01,2.411215e+01,2.405133e+01,2.419319e+01,2.411215e+01,2.414593e+01,2.418644e+01,2.417294e+01,2.417969e+01,2.417969e+01,2.417294e+01,2.417294e+01,2.418644e+01,2.415268e+01,2.415268e+01,2.417969e+01,2.422019e+01,2.420670e+01,2.405809e+01,2.421344e+01,2.419994e+01,2.422694e+01,2.440900e+01,2.417294e+01,2.432138e+01,2.421344e+01,2.434835e+01,2.422694e+01,2.434161e+01,2.428092e+01,2.419319e+01,2.418644e+01,2.418644e+01,2.419319e+01,2.424719e+01,2.422694e+01,2.423369e+01,2.418644e+01,2.426743e+01,2.429441e+01,2.414593e+01,2.427417e+01,2.392958e+01,2.412566e+01,2.394988e+01,2.378735e+01,2.378057e+01,2.369242e+01,2.382123e+01,2.388896e+01,2.397694e+01,2.404457e+01,2.392958e+01,2.401752e+01,2.415943e+01,2.425393e+01,2.426743e+01,2.427417e+01,2.428092e+01,2.435509e+01,2.436857e+01,2.434161e+01,2.426068e+01,2.422694e+01,2.429441e+01,2.413917e+01,2.405809e+01,2.407837e+01,2.414593e+01,2.412566e+01,2.424719e+01,2.432812e+01,2.424719e+01,2.416619e+01,2.417969e+01,2.427417e+01,2.406485e+01,2.389573e+01,2.366529e+01,2.366529e+01,2.342073e+01,2.340713e+01,2.341393e+01,2.340032e+01,2.330504e+01,2.333908e+01,2.331866e+01,2.335950e+01,2.337991e+01,2.334589e+01,2.324374e+01,2.318923e+01,2.320967e+01,2.313468e+01,2.312786e+01,2.305963e+01,2.302550e+01,2.293670e+01,2.288202e+01,2.284783e+01,2.281363e+01,2.284783e+01,2.288202e+01,2.286151e+01,2.289569e+01,2.296403e+01,2.297769e+01,2.294353e+01,2.301867e+01,2.306645e+01,2.319604e+01,2.316877e+01,2.316877e+01,2.321649e+01,2.331185e+01,2.317559e+01,2.333908e+01,2.329823e+01,2.333228e+01,2.332547e+01,2.335269e+01,2.333228e+01,2.349552e+01,2.344113e+01,2.331866e+01,2.347513e+01,2.363136e+01,2.378735e+01,2.402428e+01,2.390927e+01,2.402428e+01,2.403781e+01,2.403781e+01,2.407837e+01,2.412566e+01,2.404457e+01,2.372634e+01,2.343433e+01,2.310739e+01,2.299818e+01,2.305963e+01,2.355667e+01,2.436857e+01,2.447635e+01,2.455710e+01,2.481243e+01,2.456383e+01,2.457056e+01,2.453692e+01,2.463780e+01,2.461763e+01,2.457056e+01,2.478558e+01,2.473858e+01,2.485940e+01,2.480572e+01,2.481243e+01,2.495997e+01,2.496667e+01,2.496667e+01,2.487952e+01,2.488622e+01,2.495326e+01,2.506713e+01,2.503366e+01,2.512068e+01,2.505375e+01,2.510060e+01,2.507383e+01,2.512737e+01,2.506713e+01,2.521431e+01,2.532790e+01,2.512068e+01,2.515413e+01,2.519426e+01,2.527446e+01,2.530119e+01,2.549472e+01,2.549472e+01,2.557470e+01,2.554138e+01,2.553472e+01,2.559468e+01,2.561466e+01,2.556804e+01,2.562798e+01,2.562132e+01,2.560800e+01,2.548805e+01,2.547471e+01,2.546805e+01,2.557470e+01,2.563464e+01,2.560800e+01,2.542802e+01,2.554804e+01,2.564130e+01,2.538799e+01,2.514075e+01,2.506713e+01,2.489293e+01,2.483927e+01,2.485269e+01,2.449654e+01,2.457728e+01,2.442247e+01,2.440900e+01,2.440900e+01,2.425393e+01,2.403781e+01,2.413242e+01,2.399723e+01,2.387542e+01,2.405809e+01,2.389573e+01,2.397018e+01,2.383478e+01,2.384155e+01,2.388219e+01,2.390927e+01,2.382801e+01,2.384833e+01,2.382123e+01,2.400400e+01,2.396341e+01,2.396341e+01
2.390927e+01,2.372634e+01,2.374668e+01,2.377380e+01,2.376024e+01,2.373990e+01,2.381446e+01,2.366529e+01,2.369242e+01,2.382123e+01,2.361778e+01,2.386187e+01,2.389573e+01,2.386187e+01,2.389573e+01,2.379413e+01,2.377380e+01,2.402428e+01,2.392281e+01,2.387542e+01,2.399723e+01,2.394311e+01,2.392958e+01,2.404457e+01,2.403781e+01,2.408512e+01,2.410540e+01,2.408512e+01,2.409188e+01,2.411215e+01,2.420670e+01,2.423369e+01,2.424044e+01,2.424719e+01,2.440900e+01,2.438205e+01,2.428092e+01,2.429441e+01,2.425393e+01,2.440900e+01,2.445614e+01,2.436183e+01,2.442247e+01,2.431464e+01,2.432138e+01,2.460419e+01,2.519426e+01,2.514075e+01,2.540801e+01,2.543469e+01,2.577438e+01,2.576108e+01,2.580762e+01,2.574113e+01,2.588072e+01,2.571451e+01,2.572117e+01,2.576108e+01,2.575443e+01,2.567459e+01,2.569455e+01,2.566793e+01,2.586079e+01,2.598696e+01,2.582756e+01,2.589401e+01,2.584750e+01,2.582756e+01,2.589401e+01,2.578768e+01,2.574113e+01,2.577438e+01,2.566793e+01,2.566127e+01,2.556804e+01,2.574113e+01,2.550139e+01,2.556804e+01,2.556804e+01,2.543469e+01,2.551472e+01,2.533458e+01,2.522768e+01,2.506713e+01,2.507383e+01,2.514744e+01,2.513406e+01,2.507383e+01,2.546805e+01,2.551472e+01,2.568790e+01,2.580762e+01,2.570786e+01,2.572117e+01,2.575443e+01,2.558802e+01,2.559468e+01,2.560800e+01,2.568790e+01,2.559468e+01,2.562132e+01,2.578768e+01,2.578103e+01,2.574113e+01,2.597368e+01,2.598696e+01,2.592721e+01,2.592057e+01,2.607982e+01,2.601350e+01,2.604004e+01,2.609971e+01,2.592057e+01,2.590729e+01,2.586079e+01,2.586079e+01,2.579433e+01,2.580097e+01,2.588072e+01,2.598032e+01,2.610634e+01,2.613286e+01,2.605993e+01,2.638439e+01,2.625208e+01,2.629179e+01,2.627855e+01,2.608646e+01,2.619911e+01,2.614611e+01,2.619911e+01,2.607319e+01,2.629841e+01,2.619911e+01,2.636456e+01,2.620573e+01,2.637117e+01,2.627194e+01,2.623222e+01,2.623884e+01,2.625208e+01,2.627855e+01,2.623222e+01,2.617261e+01,2.605330e+01,2.612623e+01,2.588072e+01,2.575443e+01,2.565462e+01,2.532790e+01,2.502026e+01,2.484598e+01,2.437531e+01,2.436857e+01,2.432812e+01,2.444268e+01,2.446961e+01,2.435509e+01,2.448308e+01,2.453692e+01,2.473858e+01,2.475873e+01,2.475873e+01,2.478558e+01,2.479901e+01,2.495997e+01,2.506044e+01,2.534126e+01,2.568790e+01,2.555471e+01,2.554138e+01,2.514744e+01,2.512068e+01,2.469828e+01,2.452346e+01,2.448981e+01,2.439552e+01,2.453692e+01,2.452346e+01,2.448981e+01,2.449654e+01,2.432138e+01,2.444268e+01,2.456383e+01,2.433487e+01,2.434161e+01,2.460419e+01,2.429441e+01,2.445614e+01,2.451673e+01,2.436183e+01,2.444941e+01,2.434835e+01,2.441573e+01,2.439552e+01,2.437531e+01,2.434161e+01,2.438205e+01,2.433487e+01,2.461763e+01,2.443594e+01,2.448981e+01,2.439552e+01,2.442247e+01,2.442247e+01,2.442921e+01,2.438878e+01,2.440900e+01,2.440900e+01,2.440226e+01,2.445614e+01,2.445614e+01,2.433487e+01,2.442921e+01,2.445614e+01,2.444268e+01,2.441573e+01,2.451000e+01,2.440900e+01,2.449654e+01,2.444941e+01,2.437531e+01,2.456383e+01,2.428766e+01,2.442247e+01,2.436183e+01,2.436183e+01,2.440900e+01,2.442921e+01,2.442247e+01,2.443594e+01,2.439552e+01,2.467813e+01,2.437531e+01,2.438878e+01,2.444941e+01,2.446288e+01,2.445614e+01,2.440900e+01,2.434835e+01,2.444268e+01,2.455710e+01,2.442247e+01,2.443594e+01,2.457056e+01,2.444268e+01,2.444941e+01,2.444941e+01,2.439552e+01,2.446288e+01,2.435509e+01,2.433487e+01,2.436857e+01,2.434835e+01,2.434161e+01,2.446288e+01,2.442921e+01,2.434161e+01,2.445614e+01,2.436183e+01,2.438878e+01,2.442921e+01,2.430115e+01,2.439552e+01,2.437531e+01,2.428092e+01,2.425393e+01,2.431464e+01,2.428766e+01,2.428092e+01,2.436857e+01,2.428092e+01,2.430115e+01,2.434161e+01,2.431464e+01,2.432138e+01,2.426743e+01,2.424719e+01,2.422694e+01,2.421344e+01,2.426743e+01,2.422019e+01,2.419994e+01,2.419319e+01,2.419994e+01,2.419994e+01,2.415268e+01,2.415268e+01,2.393634e+01,2.392281e+01,2.374668e+01,2.346833e+01,2.360420e+01,2.383478e+01,2.378735e+01,2.403781e+01,2.405133e+01,2.406485e+01,2.403105e+01,2.404457e+01,2.401752e+01,2.415268e+01,2.409864e+01,2.402428e+01,2.407161e+01,2.401752e+01,2.411215e+01,2.401752e+01,2.393634e+01,2.404457e+01,2.398371e+01,2.395664e+01,2.388896e+01,2.383478e+01,2.359062e+01,2.354308e+01,2.352270e+01,2.332547e+01,2.361099e+01,2.365172e+01,2.403105e+01,2.394311e+01,2.401076e+01,2.383478e+01,2.394988e+01,2.391604e+01,2.395664e+01,2.389573e+01,2.388896e+01,2.363136e+01,2.316195e+01,2.317559e+01,2.336630e+01,2.363814e+01,2.348192e+01,2.337311e+01,2.329142e+01,2.338672e+01,2.387542e+01,2.382123e+01,2.376702e+01,2.384833e+01,2.385510e+01,2.390927e+01,2.330504e+01,2.320967e+01,2.335950e+01,2.406485e+01,2.424719e+01,2.437531e+01,2.422019e+01,2.432812e+01,2.409864e+01,2.403105e+01,2.393634e+01,2.423369e+01,2.392281e+01,2.412566e+01,2.399047e+01,2.360420e+01,2.330504e+01,2.298452e+01,2.301184e+01,2.300501e+01,2.300501e+01,2.298452e+01,2.299818e+01,2.310057e+01,2.310057e+01,2.310739e+01,2.323693e+01,2.337991e+01,2.352270e+01,2.346833e+01,2.331185e+01,2.331866e+01,2.351590e+01,2.390927e+01,2.386187e+01,2.393634e+01,2.403781e+01,2.407837e+01,2.399047e+01,2.413917e+01,2.403105e+01,2.403105e+01,2.409188e+01,2.417294e+01,2.404457e+01,2.405133e+01,2.409188e+01,2.405133e+01,2.409864e+01,2.411215e+01,2.412566e+01,2.409188e+01,2.409188e+01,2.409864e+01,2.407161e+01,2.409188e+01,2.413242e+01,2.417294e+01,2.407161e+01,2.415268e+01,2.404457e+01,2.420670e+01,2.410540e+01,2.407837e+01,2.417969e+01,2.412566e+01,2.415943e+01,2.416619e+01,2.401752e+01,2.402428e+01,2.414593e+01,2.404457e+01,2.416619e+01,2.430790e+01,2.410540e+01,2.413242e+01,2.424719e+01,2.419319e+01,2.419319e+01,2.417969e+01,2.419319e+01,2.409188e+01,2.415943e+01,2.414593e+01,2.426068e+01,2.420670e+01,2.424044e+01,2.415268e+01,2.421344e+01,2.430115e+01,2.427417e+01,2.415943e+01,2.438878e+01,2.424719e+01,2.425393e+01,2.432138e+01,2.424719e+01,2.420670e+01,2.434835e+01,2.413917e+01,2.417294e+01,2.435509e+01,2.423369e+01,2.419994e+01,2.422019e+01,2.417294e+01,2.423369e+01,2.419994e+01,2.426743e+01,2.416619e+01,2.398371e+01,2.388896e+01,2.373312e+01,2.371277e+01,2.370599e+01,2.378735e+01,2.379413e+01,2.392958e+01,2.397694e+01,2.401076e+01,2.410540e+01,2.411891e+01,2.408512e+01,2.431464e+01,2.430115e+01,2.428766e+01,2.436857e+01,2.442247e+01,2.432138e+01,2.437531e+01,2.442921e+01,2.434161e+01,2.432812e+01,2.428766e+01,2.414593e+01,2.417969e+01,2.417294e+01,2.415268e+01,2.428092e+01,2.430115e+01,2.430115e+01,2.445614e+01,2.444941e+01,2.443594e+01,2.423369e+01,2.415268e+01,2.389573e+01,2.378735e+01,2.365850e+01,2.344793e+01,2.340713e+01,2.325737e+01,2.340713e+01,2.342073e+01,2.330504e+01,2.330504e+01,2.331866e+01,2.331866e+01,2.330504e+01,2.327780e+01,2.324374e+01,2.318923e+01,2.324374e+01,2.320967e+01,2.313468e+01,2.299818e+01,2.299135e+01,2.297086e+01,2.296403e+01,2.282731e+01,2.286151e+01,2.288886e+01,2.291620e+01,2.286151e+01,2.293670e+01,2.302550e+01,2.293670e+01,2.302550e+01,2.316877e+01,2.322330e+01,2.330504e+01,2.331866e+01,2.324374e+01,2.329142e+01,2.327099e+01,2.330504e+01,2.333908e+01,2.333908e+01,2.331866e+01,2.333908e+01,2.331866e+01,2.350231e+01,2.348192e+01,2.359741e+01,2.372634e+01,2.362457e+01,2.362457e+01,2.373990e+01,2.381446e+01,2.401752e+01,2.402428e+01,2.403105e+01,2.401076e+01,2.415268e+01,2.426068e+01,2.409864e+01,2.348872e+01,2.325056e+01,2.303232e+01,2.335950e+01,2.403781e+01,2.435509e+01,2.461763e+01,2.474530e+01,2.469828e+01,2.457056e+01,2.445614e+01,2.451000e+01,2.455038e+01,2.443594e+01,2.452346e+01,2.463780e+01,2.481243e+01,2.479901e+01,2.480572e+01,2.481914e+01,2.478558e+01,2.477887e+01,2.502026e+01,2.498007e+01,2.501357e+01,2.499347e+01,2.502026e+01,2.489964e+01,2.502696e+01,2.483256e+01,2.507383e+01,2.510730e+01,2.488622e+01,2.502026e+01,2.515413e+01,2.513406e+01,2.528115e+01,2.512068e+01,2.527446e+01,2.540801e+01,2.548138e+01,2.548805e+01,2.552139e+01,2.567459e+01,2.553472e+01,2.556804e+01,2.549472e+01,2.563464e+01,2.558136e+01,2.548805e+01,2.560800e+01,2.556137e+01,2.564130e+01,2.566793e+01,2.558136e+01,2.565462e+01,2.566127e+01,2.548138e+01,2.558802e+01,2.547471e+01,2.540133e+01,2.531454e+01,2.525442e+01,2.515413e+01,2.481243e+01,2.473187e+01,2.464452e+01,2.448308e+01,2.441573e+01,2.437531e+01,2.419994e+01,2.400400e+01,2.413917e+01,2.397694e+01,2.394988e+01,2.395664e+01,2.387542e+01,2.388219e+01,2.386865e+01,2.389573e+01,2.388219e+01,2.384833e+01,2.387542e+01,2.386187e+01,2.386865e+01,2.411215e+01,2.394311e+01,2.391604e+01,2.394988e+01,2.394988e+01
2.373990e+01,2.372634e+01,2.371277e+01,2.366529e+01,2.370599e+01,2.373990e+01,2.387542e+01,2.375346e+01,2.371956e+01,2.379413e+01,2.374668e+01,2.375346e+01,2.384833e+01,2.378735e+01,2.386865e+01,2.380768e+01,2.395664e+01,2.380768e+01,2.391604e+01,2.393634e+01,2.394988e+01,2.399723e+01,2.392958e+01,2.399723e+01,2.405809e+01,2.404457e+01,2.411891e+01,2.392958e+01,2.420670e+01,2.409864e+01,2.411215e+01,2.425393e+01,2.418644e+01,2.425393e+01,2.430115e+01,2.424719e+01,2.438205e+01,2.431464e+01,2.427417e+01,2.442247e+01,2.428766e+01,2.427417e+01,2.426743e+01,2.440226e+01,2.466469e+01,2.512737e+01,2.542802e+01,2.543469e+01,2.542135e+01,2.546805e+01,2.572117e+01,2.578103e+01,2.572117e+01,2.580762e+01,2.575443e+01,2.572117e+01,2.577438e+01,2.578103e+01,2.570786e+01,2.579433e+01,2.583421e+01,2.581427e+01,2.580762e+01,2.587408e+01,2.584750e+01,2.594713e+01,2.586079e+01,2.588072e+01,2.586743e+01,2.578103e+01,2.578768e+01,2.564130e+01,2.563464e+01,2.564130e+01,2.561466e+01,2.564796e+01,2.556137e+01,2.558802e+01,2.558136e+01,2.550139e+01,2.543469e+01,2.530119e+01,2.518757e+01,2.516082e+01,2.499347e+01,2.500017e+01,2.514075e+01,2.534126e+01,2.536796e+01,2.553472e+01,2.552805e+01,2.567459e+01,2.561466e+01,2.572117e+01,2.558136e+01,2.558136e+01,2.567459e+01,2.553472e+01,2.558802e+01,2.558136e+01,2.561466e+01,2.582092e+01,2.579433e+01,2.596041e+01,2.597368e+01,2.595377e+01,2.600686e+01,2.602677e+01,2.602677e+01,2.592057e+01,2.596704e+01,2.588072e+01,2.588072e+01,2.582092e+01,2.582092e+01,2.574113e+01,2.573447e+01,2.580762e+01,2.598696e+01,2.598696e+01,2.601350e+01,2.603340e+01,2.615274e+01,2.624546e+01,2.609309e+01,2.625870e+01,2.615274e+01,2.623884e+01,2.611960e+01,2.608646e+01,2.619248e+01,2.619911e+01,2.613286e+01,2.612623e+01,2.634472e+01,2.629841e+01,2.629179e+01,2.638439e+01,2.627194e+01,2.629179e+01,2.627855e+01,2.627855e+01,2.623222e+01,2.614611e+01,2.615936e+01,2.617261e+01,2.603340e+01,2.586079e+01,2.582756e+01,2.578768e+01,2.548138e+01,2.542135e+01,2.504035e+01,2.453019e+01,2.444268e+01,2.452346e+01,2.451000e+01,2.475873e+01,2.504705e+01,2.520763e+01,2.518757e+01,2.538131e+01,2.533458e+01,2.534126e+01,2.554804e+01,2.554804e+01,2.571451e+01,2.563464e+01,2.562132e+01,2.564130e+01,2.564130e+01,2.554804e+01,2.551472e+01,2.549472e+01,2.481243e+01,2.473858e+01,2.465796e+01,2.462436e+01,2.456383e+01,2.455710e+01,2.439552e+01,2.436183e+01,2.443594e+01,2.433487e+01,2.437531e+01,2.437531e+01,2.448981e+01,2.440226e+01,2.440226e+01,2.438878e+01,2.434161e+01,2.439552e+01,2.436857e+01,2.440226e+01,2.433487e+01,2.438205e+01,2.435509e+01,2.444268e+01,2.449654e+01,2.430115e+01,2.432138e+01,2.434835e+01,2.432812e+01,2.424044e+01,2.440226e+01,2.436183e+01,2.444268e+01,2.446961e+01,2.440226e+01,2.440900e+01,2.440226e+01,2.437531e+01,2.436183e+01,2.442247e+01,2.440226e+01,2.447635e+01,2.440900e+01,2.441573e+01,2.442247e+01,2.440900e+01,2.444268e+01,2.442921e+01,2.437531e+01,2.440226e+01,2.439552e+01,2.449654e+01,2.438205e+01,2.438205e+01,2.440900e+01,2.444268e+01,2.436857e+01,2.436857e+01,2.442921e+01,2.440900e+01,2.440226e+01,2.444941e+01,2.440900e+01,2.443594e+01,2.435509e+01,2.448308e+01,2.442921e+01,2.440226e+01,2.444268e+01,2.442921e+01,2.441573e+01,2.442247e+01,2.443594e+01,2.442247e+01,2.439552e+01,2.436857e+01,2.454365e+01,2.437531e+01,2.434161e+01,2.437531e+01,2.430790e+01,2.436857e+01,2.433487e+01,2.432812e+01,2.444941e+01,2.436183e+01,2.434835e+01,2.434835e+01,2.433487e+01,2.443594e+01,2.435509e+01,2.436857e+01,2.427417e+01,2.438878e+01,2.433487e+01,2.432138e+01,2.428766e+01,2.430115e+01,2.429441e+01,2.431464e+01,2.428766e+01,2.434161e+01,2.426068e+01,2.423369e+01,2.424044e+01,2.422019e+01,2.423369e+01,2.433487e+01,2.427417e+01,2.417294e+01,2.427417e+01,2.417294e+01,2.421344e+01,2.419319e+01,2.401752e+01,2.399047e+01,2.372634e+01,2.346153e+01,2.355667e+01,2.357704e+01,2.373312e+01,2.403781e+01,2.405809e+01,2.405133e+01,2.406485e+01,2.409864e+01,2.398371e+01,2.406485e+01,2.405133e+01,2.403105e+01,2.410540e+01,2.407837e+01,2.409188e+01,2.410540e+01,2.393634e+01,2.405809e+01,2.405133e+01,2.404457e+01,2.396341e+01,2.402428e+01,2.380091e+01,2.380091e+01,2.342073e+01,2.381446e+01,2.380091e+01,2.382123e+01,2.395664e+01,2.390927e+01,2.398371e+01,2.391604e+01,2.399047e+01,2.393634e+01,2.390250e+01,2.394988e+01,2.390927e+01,2.361099e+01,2.351590e+01,2.331185e+01,2.335269e+01,2.314832e+01,2.299818e+01,2.279995e+01,2.310057e+01,2.308010e+01,2.324374e+01,2.348192e+01,2.376702e+01,2.378735e+01,2.393634e+01,2.400400e+01,2.444941e+01,2.436857e+01,2.386187e+01,2.423369e+01,2.433487e+01,2.469828e+01,2.450327e+01,2.451673e+01,2.465796e+01,2.401076e+01,2.394988e+01,2.424719e+01,2.498007e+01,2.409188e+01,2.313468e+01,2.308010e+01,2.309375e+01,2.299135e+01,2.312104e+01,2.311422e+01,2.297769e+01,2.306645e+01,2.332547e+01,2.331185e+01,2.327780e+01,2.313468e+01,2.317559e+01,2.325737e+01,2.339352e+01,2.349552e+01,2.347513e+01,2.340032e+01,2.355667e+01,2.378735e+01,2.399047e+01,2.402428e+01,2.409188e+01,2.402428e+01,2.404457e+01,2.403781e+01,2.409864e+01,2.417294e+01,2.409864e+01,2.405809e+01,2.407837e+01,2.401752e+01,2.413242e+01,2.403781e+01,2.405133e+01,2.407161e+01,2.412566e+01,2.407161e+01,2.409188e+01,2.411215e+01,2.409864e+01,2.411215e+01,2.413917e+01,2.428092e+01,2.409188e+01,2.398371e+01,2.420670e+01,2.419319e+01,2.405809e+01,2.417294e+01,2.413242e+01,2.408512e+01,2.409864e+01,2.416619e+01,2.406485e+01,2.413242e+01,2.414593e+01,2.411891e+01,2.419319e+01,2.415943e+01,2.413917e+01,2.417294e+01,2.421344e+01,2.417294e+01,2.417969e+01,2.417294e+01,2.416619e+01,2.415943e+01,2.410540e+01,2.411891e+01,2.420670e+01,2.423369e+01,2.416619e+01,2.422019e+01,2.422694e+01,2.419994e+01,2.424719e+01,2.425393e+01,2.429441e+01,2.422019e+01,2.420670e+01,2.432812e+01,2.412566e+01,2.435509e+01,2.456383e+01,2.419319e+01,2.422019e+01,2.435509e+01,2.425393e+01,2.428766e+01,2.419319e+01,2.421344e+01,2.404457e+01,2.392958e+01,2.389573e+01,2.380091e+01,2.374668e+01,2.367207e+01,2.357704e+01,2.357704e+01,2.359741e+01,2.372634e+01,2.386187e+01,2.381446e+01,2.397018e+01,2.397018e+01,2.408512e+01,2.407161e+01,2.423369e+01,2.436183e+01,2.433487e+01,2.434161e+01,2.444941e+01,2.442921e+01,2.433487e+01,2.441573e+01,2.436183e+01,2.426743e+01,2.432138e+01,2.431464e+01,2.422019e+01,2.430115e+01,2.413917e+01,2.419994e+01,2.427417e+01,2.426743e+01,2.444941e+01,2.435509e+01,2.436857e+01,2.443594e+01,2.417294e+01,2.415268e+01,2.414593e+01,2.369242e+01,2.363814e+01,2.342073e+01,2.346153e+01,2.343433e+01,2.346153e+01,2.329823e+01,2.335269e+01,2.327099e+01,2.328461e+01,2.336630e+01,2.323693e+01,2.326418e+01,2.324374e+01,2.317559e+01,2.314832e+01,2.319604e+01,2.318241e+01,2.310057e+01,2.291620e+01,2.301867e+01,2.300501e+01,2.284099e+01,2.296403e+01,2.286835e+01,2.292987e+01,2.297086e+01,2.294353e+01,2.295720e+01,2.297769e+01,2.305280e+01,2.306645e+01,2.315514e+01,2.314832e+01,2.314832e+01,2.314832e+01,2.316877e+01,2.314150e+01,2.325056e+01,2.334589e+01,2.333228e+01,2.341393e+01,2.333908e+01,2.335269e+01,2.330504e+01,2.357025e+01,2.335950e+01,2.354308e+01,2.357025e+01,2.376024e+01,2.377380e+01,2.393634e+01,2.394311e+01,2.400400e+01,2.401076e+01,2.412566e+01,2.419994e+01,2.422019e+01,2.399723e+01,2.350911e+01,2.317559e+01,2.303915e+01,2.369921e+01,2.403781e+01,2.434835e+01,2.459073e+01,2.460419e+01,2.473858e+01,2.456383e+01,2.438878e+01,2.450327e+01,2.446288e+01,2.443594e+01,2.453019e+01,2.449654e+01,2.473187e+01,2.472515e+01,2.460419e+01,2.473187e+01,2.467141e+01,2.453692e+01,2.491975e+01,2.452346e+01,2.467813e+01,2.466469e+01,2.487952e+01,2.475873e+01,2.467141e+01,2.465124e+01,2.502696e+01,2.490634e+01,2.487952e+01,2.489964e+01,2.505375e+01,2.512737e+01,2.511399e+01,2.534126e+01,2.534126e+01,2.548805e+01,2.546805e+01,2.553472e+01,2.547471e+01,2.566793e+01,2.554138e+01,2.552805e+01,2.554138e+01,2.560800e+01,2.554804e+01,2.558136e+01,2.554804e+01,2.562798e+01,2.560800e+01,2.559468e+01,2.550139e+01,2.570121e+01,2.562132e+01,2.552805e+01,2.541468e+01,2.544137e+01,2.540801e+01,2.540801e+01,2.526110e+01,2.514075e+01,2.500687e+01,2.470500e+01,2.452346e+01,2.441573e+01,2.419994e+01,2.396341e+01,2.394988e+01,2.411215e+01,2.399047e+01,2.394988e+01,2.399047e+01,2.388896e+01,2.393634e+01,2.383478e+01,2.388896e+01,2.387542e+01,2.388896e+01,2.394988e+01,2.386865e+01,2.390250e+01,2.388219e+01,2.394311e+01,2.387542e+01,2.396341e+01,2.392281e+01,2.393634e+01
2.363136e+01,2.379413e+01,2.373312e+01,2.376024e+01,2.376024e+01,2.371956e+01,2.378735e+01,2.372634e+01,2.377380e+01,2.376702e+01,2.378057e+01,2.385510e+01,2.390927e+01,2.381446e+01,2.392281e+01,2.376024e+01,2.388896e+01,2.390927e+01,2.397694e+01,2.392958e+01,2.396341e+01,2.384833e+01,2.384155e+01,2.402428e+01,2.417969e+01,2.401752e+01,2.411891e+01,2.412566e+01,2.408512e+01,2.420670e+01,2.419994e+01,2.424044e+01,2.429441e+01,2.434161e+01,2.435509e+01,2.426743e+01,2.428092e+01,2.428766e+01,2.443594e+01,2.440226e+01,2.444268e+01,2.444941e+01,2.448981e+01,2.490634e+01,2.517419e+01,2.546138e+01,2.544804e+01,2.545471e+01,2.572117e+01,2.564796e+01,2.586743e+01,2.572782e+01,2.573447e+01,2.589401e+01,2.573447e+01,2.579433e+01,2.580762e+01,2.588072e+01,2.585415e+01,2.576108e+01,2.582756e+01,2.589401e+01,2.582092e+01,2.588072e+01,2.582756e+01,2.594049e+01,2.590065e+01,2.580762e+01,2.584085e+01,2.575443e+01,2.568790e+01,2.568790e+01,2.568790e+01,2.552805e+01,2.564130e+01,2.556137e+01,2.558136e+01,2.555471e+01,2.544804e+01,2.548138e+01,2.544804e+01,2.536796e+01,2.534126e+01,2.510060e+01,2.508052e+01,2.489964e+01,2.503366e+01,2.506044e+01,2.520094e+01,2.533458e+01,2.538799e+01,2.541468e+01,2.568124e+01,2.579433e+01,2.559468e+01,2.560134e+01,2.568790e+01,2.566127e+01,2.561466e+01,2.556804e+01,2.564130e+01,2.562798e+01,2.582092e+01,2.576108e+01,2.586743e+01,2.592721e+01,2.594049e+01,2.576108e+01,2.600686e+01,2.590729e+01,2.586743e+01,2.588072e+01,2.582092e+01,2.590729e+01,2.582756e+01,2.580097e+01,2.580097e+01,2.584085e+01,2.592057e+01,2.601350e+01,2.607982e+01,2.614611e+01,2.617924e+01,2.611960e+01,2.623222e+01,2.609971e+01,2.626532e+01,2.597368e+01,2.607982e+01,2.598032e+01,2.605993e+01,2.623222e+01,2.619911e+01,2.612623e+01,2.624546e+01,2.636456e+01,2.621898e+01,2.629841e+01,2.640422e+01,2.628517e+01,2.627194e+01,2.627194e+01,2.625208e+01,2.628517e+01,2.609971e+01,2.624546e+01,2.622560e+01,2.611297e+01,2.607982e+01,2.580762e+01,2.578768e+01,2.573447e+01,2.539466e+01,2.504035e+01,2.501357e+01,2.500017e+01,2.517419e+01,2.528782e+01,2.548138e+01,2.560134e+01,2.560134e+01,2.563464e+01,2.562132e+01,2.568790e+01,2.567459e+01,2.576108e+01,2.586079e+01,2.578768e+01,2.586743e+01,2.578768e+01,2.573447e+01,2.578103e+01,2.575443e+01,2.554138e+01,2.550805e+01,2.550805e+01,2.540801e+01,2.537464e+01,2.521431e+01,2.505375e+01,2.489964e+01,2.456383e+01,2.448308e+01,2.446288e+01,2.442247e+01,2.446288e+01,2.431464e+01,2.434161e+01,2.439552e+01,2.436183e+01,2.448981e+01,2.440226e+01,2.436183e+01,2.440900e+01,2.434835e+01,2.436183e+01,2.435509e+01,2.438878e+01,2.439552e+01,2.451000e+01,2.442247e+01,2.430115e+01,2.440226e+01,2.444268e+01,2.436857e+01,2.441573e+01,2.441573e+01,2.438878e+01,2.434161e+01,2.451000e+01,2.434161e+01,2.432812e+01,2.439552e+01,2.441573e+01,2.442921e+01,2.438878e+01,2.439552e+01,2.439552e+01,2.436857e+01,2.439552e+01,2.445614e+01,2.438205e+01,2.448308e+01,2.442247e+01,2.437531e+01,2.445614e+01,2.434835e+01,2.437531e+01,2.440226e+01,2.442247e+01,2.436857e+01,2.441573e+01,2.446961e+01,2.442247e+01,2.448981e+01,2.444941e+01,2.436857e+01,2.440226e+01,2.442921e+01,2.438878e+01,2.444268e+01,2.448308e+01,2.451000e+01,2.438205e+01,2.432138e+01,2.443594e+01,2.442247e+01,2.437531e+01,2.441573e+01,2.432812e+01,2.432138e+01,2.433487e+01,2.434835e+01,2.436183e+01,2.436183e+01,2.451673e+01,2.445614e+01,2.446961e+01,2.447635e+01,2.438205e+01,2.440900e+01,2.438205e+01,2.439552e+01,2.432138e+01,2.432812e+01,2.440900e+01,2.427417e+01,2.428092e+01,2.430790e+01,2.430115e+01,2.430115e+01,2.428766e+01,2.428092e+01,2.427417e+01,2.432138e+01,2.424044e+01,2.430115e+01,2.422694e+01,2.420670e+01,2.432812e+01,2.423369e+01,2.433487e+01,2.418644e+01,2.421344e+01,2.419994e+01,2.417294e+01,2.424719e+01,2.410540e+01,2.408512e+01,2.393634e+01,2.371956e+01,2.352949e+01,2.380768e+01,2.376024e+01,2.404457e+01,2.411215e+01,2.405809e+01,2.403781e+01,2.410540e+01,2.413917e+01,2.395664e+01,2.396341e+01,2.412566e+01,2.400400e+01,2.405809e+01,2.406485e+01,2.397018e+01,2.396341e+01,2.406485e+01,2.402428e+01,2.398371e+01,2.392958e+01,2.392281e+01,2.402428e+01,2.404457e+01,2.394988e+01,2.401076e+01,2.395664e+01,2.403781e+01,2.388219e+01,2.389573e+01,2.401076e+01,2.389573e+01,2.397694e+01,2.400400e+01,2.398371e+01,2.394311e+01,2.392958e+01,2.393634e+01,2.389573e+01,2.390250e+01,2.367886e+01,2.364493e+01,2.364493e+01,2.333908e+01,2.332547e+01,2.328461e+01,2.348872e+01,2.346833e+01,2.378735e+01,2.379413e+01,2.388896e+01,2.421344e+01,2.446288e+01,2.442921e+01,2.397694e+01,2.394988e+01,2.429441e+01,2.438878e+01,2.467141e+01,2.471844e+01,2.465796e+01,2.499347e+01,2.472515e+01,2.425393e+01,2.409188e+01,2.403105e+01,2.407837e+01,2.419319e+01,2.416619e+01,2.413917e+01,2.339352e+01,2.331185e+01,2.347513e+01,2.350231e+01,2.352270e+01,2.361099e+01,2.317559e+01,2.327780e+01,2.333908e+01,2.332547e+01,2.333908e+01,2.333228e+01,2.335950e+01,2.342073e+01,2.344793e+01,2.359062e+01,2.389573e+01,2.402428e+01,2.407161e+01,2.405133e+01,2.397018e+01,2.405809e+01,2.405809e+01,2.404457e+01,2.405133e+01,2.406485e+01,2.404457e+01,2.408512e+01,2.409188e+01,2.403105e+01,2.400400e+01,2.408512e+01,2.408512e+01,2.411215e+01,2.405133e+01,2.413917e+01,2.411891e+01,2.407161e+01,2.413917e+01,2.409188e+01,2.419319e+01,2.407837e+01,2.400400e+01,2.397694e+01,2.409864e+01,2.408512e+01,2.409188e+01,2.413917e+01,2.413242e+01,2.406485e+01,2.413242e+01,2.412566e+01,2.406485e+01,2.415268e+01,2.426068e+01,2.417969e+01,2.421344e+01,2.415943e+01,2.411215e+01,2.431464e+01,2.414593e+01,2.426743e+01,2.418644e+01,2.417969e+01,2.416619e+01,2.416619e+01,2.422019e+01,2.419319e+01,2.417969e+01,2.425393e+01,2.417294e+01,2.417969e+01,2.424719e+01,2.422694e+01,2.421344e+01,2.440900e+01,2.430790e+01,2.419994e+01,2.424044e+01,2.428092e+01,2.436857e+01,2.412566e+01,2.421344e+01,2.416619e+01,2.423369e+01,2.422694e+01,2.411215e+01,2.426743e+01,2.418644e+01,2.405809e+01,2.378735e+01,2.369242e+01,2.369921e+01,2.356346e+01,2.359062e+01,2.367207e+01,2.377380e+01,2.387542e+01,2.380768e+01,2.394988e+01,2.393634e+01,2.394988e+01,2.407837e+01,2.417969e+01,2.410540e+01,2.430790e+01,2.434161e+01,2.438878e+01,2.435509e+01,2.432812e+01,2.440900e+01,2.442247e+01,2.443594e+01,2.445614e+01,2.419319e+01,2.429441e+01,2.430115e+01,2.430115e+01,2.427417e+01,2.429441e+01,2.428092e+01,2.414593e+01,2.428092e+01,2.434161e+01,2.424719e+01,2.435509e+01,2.439552e+01,2.436857e+01,2.417294e+01,2.390927e+01,2.382123e+01,2.342753e+01,2.352949e+01,2.331185e+01,2.327780e+01,2.340032e+01,2.331866e+01,2.337991e+01,2.337991e+01,2.327780e+01,2.329823e+01,2.324374e+01,2.323012e+01,2.327780e+01,2.316877e+01,2.323693e+01,2.313468e+01,2.311422e+01,2.314150e+01,2.292987e+01,2.291620e+01,2.286151e+01,2.299818e+01,2.297086e+01,2.298452e+01,2.291620e+01,2.297769e+01,2.294353e+01,2.297086e+01,2.310057e+01,2.307328e+01,2.329823e+01,2.312104e+01,2.314832e+01,2.316877e+01,2.333228e+01,2.319604e+01,2.333908e+01,2.331185e+01,2.323693e+01,2.329823e+01,2.342753e+01,2.341393e+01,2.352270e+01,2.340032e+01,2.344793e+01,2.359741e+01,2.350911e+01,2.372634e+01,2.378057e+01,2.399047e+01,2.424719e+01,2.426068e+01,2.411891e+01,2.391604e+01,2.424044e+01,2.417969e+01,2.409188e+01,2.382801e+01,2.355667e+01,2.333908e+01,2.348192e+01,2.382123e+01,2.405133e+01,2.446961e+01,2.459746e+01,2.435509e+01,2.453692e+01,2.434835e+01,2.432812e+01,2.421344e+01,2.436857e+01,2.445614e+01,2.438205e+01,2.467813e+01,2.436857e+01,2.437531e+01,2.466469e+01,2.463780e+01,2.460419e+01,2.444268e+01,2.446288e+01,2.445614e+01,2.460419e+01,2.457056e+01,2.459746e+01,2.465796e+01,2.465796e+01,2.486610e+01,2.485940e+01,2.486610e+01,2.487952e+01,2.519426e+01,2.500017e+01,2.518757e+01,2.518757e+01,2.528782e+01,2.528115e+01,2.539466e+01,2.550805e+01,2.552139e+01,2.556804e+01,2.562132e+01,2.563464e+01,2.549472e+01,2.551472e+01,2.558802e+01,2.570121e+01,2.557470e+01,2.564130e+01,2.549472e+01,2.568124e+01,2.579433e+01,2.568124e+01,2.566793e+01,2.564796e+01,2.571451e+01,2.554138e+01,2.543469e+01,2.546805e+01,2.537464e+01,2.504705e+01,2.491305e+01,2.498007e+01,2.465124e+01,2.448308e+01,2.442247e+01,2.419319e+01,2.410540e+01,2.394311e+01,2.389573e+01,2.385510e+01,2.398371e+01,2.390927e+01,2.385510e+01,2.385510e+01,2.399047e+01,2.407837e+01,2.391604e+01,2.390250e+01,2.399047e+01,2.378057e+01,2.390250e+01,2.402428e+01,2.388219e+01,2.387542e+01,2.408512e+01,2.384155e+01,2.390927e+01
2.367886e+01,2.373990e+01,2.376024e+01,2.390250e+01,2.365850e+01,2.375346e+01,2.372634e+01,2.381446e+01,2.372634e+01,2.376024e+01,2.374668e+01,2.373312e+01,2.378057e+01,2.373990e+01,2.380768e+01,2.378057e+01,2.392281e+01,2.378735e+01,2.387542e+01,2.393634e+01,2.399723e+01,2.384155e+01,2.395664e+01,2.398371e+01,2.417294e+01,2.394988e+01,2.410540e+01,2.417294e+01,2.406485e+01,2.422694e+01,2.421344e+01,2.415268e+01,2.419319e+01,2.422019e+01,2.422019e+01,2.440900e+01,2.424044e+01,2.458401e+01,2.450327e+01,2.427417e+01,2.465124e+01,2.461091e+01,2.511399e+01,2.516751e+01,2.544137e+01,2.569455e+01,2.568124e+01,2.573447e+01,2.571451e+01,2.576108e+01,2.583421e+01,2.589401e+01,2.588072e+01,2.590729e+01,2.586079e+01,2.588736e+01,2.580762e+01,2.599359e+01,2.574113e+01,2.583421e+01,2.596041e+01,2.586079e+01,2.611960e+01,2.614611e+01,2.588736e+01,2.602677e+01,2.597368e+01,2.600686e+01,2.573447e+01,2.564130e+01,2.568790e+01,2.568124e+01,2.556804e+01,2.571451e+01,2.555471e+01,2.558802e+01,2.556804e+01,2.539466e+01,2.537464e+01,2.534793e+01,2.531454e+01,2.536796e+01,2.520094e+01,2.517419e+01,2.508052e+01,2.500017e+01,2.502696e+01,2.498007e+01,2.518088e+01,2.510060e+01,2.540801e+01,2.549472e+01,2.551472e+01,2.551472e+01,2.570786e+01,2.558802e+01,2.552805e+01,2.552139e+01,2.563464e+01,2.557470e+01,2.558136e+01,2.574778e+01,2.568124e+01,2.578768e+01,2.587408e+01,2.589401e+01,2.594049e+01,2.590729e+01,2.597368e+01,2.587408e+01,2.590065e+01,2.592057e+01,2.587408e+01,2.606656e+01,2.592721e+01,2.578768e+01,2.580762e+01,2.570786e+01,2.592721e+01,2.600686e+01,2.600023e+01,2.607982e+01,2.607982e+01,2.599359e+01,2.605330e+01,2.598696e+01,2.595377e+01,2.598696e+01,2.619248e+01,2.593385e+01,2.598696e+01,2.597368e+01,2.608646e+01,2.620573e+01,2.612623e+01,2.617261e+01,2.624546e+01,2.630502e+01,2.628517e+01,2.638439e+01,2.630502e+01,2.637778e+01,2.635133e+01,2.621235e+01,2.628517e+01,2.621235e+01,2.631826e+01,2.615274e+01,2.609309e+01,2.595377e+01,2.581427e+01,2.576773e+01,2.548805e+01,2.518757e+01,2.527446e+01,2.527446e+01,2.551472e+01,2.555471e+01,2.552139e+01,2.560800e+01,2.562132e+01,2.579433e+01,2.580097e+01,2.564130e+01,2.572782e+01,2.586079e+01,2.581427e+01,2.573447e+01,2.584750e+01,2.584750e+01,2.590729e+01,2.590065e+01,2.582756e+01,2.574778e+01,2.577438e+01,2.579433e+01,2.572117e+01,2.556804e+01,2.538799e+01,2.528782e+01,2.520763e+01,2.489964e+01,2.457728e+01,2.442247e+01,2.437531e+01,2.435509e+01,2.433487e+01,2.440226e+01,2.432812e+01,2.435509e+01,2.435509e+01,2.437531e+01,2.434835e+01,2.434161e+01,2.440900e+01,2.434835e+01,2.436857e+01,2.438205e+01,2.446288e+01,2.432812e+01,2.440900e+01,2.440900e+01,2.448308e+01,2.442921e+01,2.445614e+01,2.431464e+01,2.442247e+01,2.437531e+01,2.442247e+01,2.442247e+01,2.440226e+01,2.436857e+01,2.432812e+01,2.435509e+01,2.438205e+01,2.442247e+01,2.434835e+01,2.438878e+01,2.440900e+01,2.441573e+01,2.440226e+01,2.448308e+01,2.458401e+01,2.448981e+01,2.444268e+01,2.442247e+01,2.434835e+01,2.445614e+01,2.438878e+01,2.443594e+01,2.441573e+01,2.446288e+01,2.442247e+01,2.430790e+01,2.436857e+01,2.437531e+01,2.444941e+01,2.423369e+01,2.441573e+01,2.448981e+01,2.438205e+01,2.440900e+01,2.440226e+01,2.417969e+01,2.442921e+01,2.436183e+01,2.427417e+01,2.425393e+01,2.442921e+01,2.430790e+01,2.434835e+01,2.429441e+01,2.436857e+01,2.438205e+01,2.435509e+01,2.436183e+01,2.434835e+01,2.436183e+01,2.437531e+01,2.435509e+01,2.431464e+01,2.443594e+01,2.431464e+01,2.435509e+01,2.434835e+01,2.436857e+01,2.436183e+01,2.432812e+01,2.429441e+01,2.428766e+01,2.429441e+01,2.434161e+01,2.427417e+01,2.427417e+01,2.428766e+01,2.422019e+01,2.422019e+01,2.422019e+01,2.421344e+01,2.423369e+01,2.420670e+01,2.417969e+01,2.421344e+01,2.421344e+01,2.424719e+01,2.413242e+01,2.422019e+01,2.407161e+01,2.423369e+01,2.409864e+01,2.396341e+01,2.388219e+01,2.399723e+01,2.413242e+01,2.407161e+01,2.411891e+01,2.403781e+01,2.405133e+01,2.413242e+01,2.417969e+01,2.408512e+01,2.399047e+01,2.405133e+01,2.403781e+01,2.401752e+01,2.399723e+01,2.394988e+01,2.401752e+01,2.407161e+01,2.389573e+01,2.408512e+01,2.393634e+01,2.399723e+01,2.405133e+01,2.397018e+01,2.386187e+01,2.388219e+01,2.387542e+01,2.399047e+01,2.390927e+01,2.390927e+01,2.397018e+01,2.396341e+01,2.393634e+01,2.397694e+01,2.397018e+01,2.403105e+01,2.397694e+01,2.389573e+01,2.393634e+01,2.384833e+01,2.396341e+01,2.392958e+01,2.400400e+01,2.400400e+01,2.385510e+01,2.392281e+01,2.393634e+01,2.392958e+01,2.387542e+01,2.387542e+01,2.401076e+01,2.403781e+01,2.398371e+01,2.403105e+01,2.399047e+01,2.391604e+01,2.397694e+01,2.393634e+01,2.389573e+01,2.392958e+01,2.390250e+01,2.390250e+01,2.392281e+01,2.384833e+01,2.392281e+01,2.389573e+01,2.370599e+01,2.372634e+01,2.375346e+01,2.395664e+01,2.343433e+01,2.352270e+01,2.360420e+01,2.357025e+01,2.354308e+01,2.352270e+01,2.329142e+01,2.352270e+01,2.353629e+01,2.352270e+01,2.354987e+01,2.350231e+01,2.339352e+01,2.342753e+01,2.374668e+01,2.395664e+01,2.399047e+01,2.399723e+01,2.403781e+01,2.398371e+01,2.405133e+01,2.406485e+01,2.399723e+01,2.405809e+01,2.418644e+01,2.406485e+01,2.408512e+01,2.409188e+01,2.413242e+01,2.415268e+01,2.405809e+01,2.409864e+01,2.396341e+01,2.393634e+01,2.413917e+01,2.401752e+01,2.413917e+01,2.390250e+01,2.411891e+01,2.414593e+01,2.406485e+01,2.410540e+01,2.410540e+01,2.418644e+01,2.409188e+01,2.411891e+01,2.408512e+01,2.409864e+01,2.407837e+01,2.416619e+01,2.411891e+01,2.413917e+01,2.411891e+01,2.412566e+01,2.413917e+01,2.409864e+01,2.415268e+01,2.419994e+01,2.417969e+01,2.411891e+01,2.413242e+01,2.421344e+01,2.430790e+01,2.425393e+01,2.417294e+01,2.430115e+01,2.409864e+01,2.419994e+01,2.417969e+01,2.420670e+01,2.418644e+01,2.422019e+01,2.426743e+01,2.425393e+01,2.426743e+01,2.419319e+01,2.431464e+01,2.425393e+01,2.429441e+01,2.424719e+01,2.426743e+01,2.444268e+01,2.420670e+01,2.424044e+01,2.419994e+01,2.427417e+01,2.415943e+01,2.417294e+01,2.417294e+01,2.406485e+01,2.384155e+01,2.359062e+01,2.357025e+01,2.359062e+01,2.354987e+01,2.356346e+01,2.365850e+01,2.365172e+01,2.380768e+01,2.391604e+01,2.380768e+01,2.394311e+01,2.415268e+01,2.419319e+01,2.427417e+01,2.432138e+01,2.420670e+01,2.433487e+01,2.441573e+01,2.441573e+01,2.441573e+01,2.442921e+01,2.444941e+01,2.423369e+01,2.429441e+01,2.428092e+01,2.421344e+01,2.422694e+01,2.420670e+01,2.426743e+01,2.428092e+01,2.424719e+01,2.424044e+01,2.435509e+01,2.426068e+01,2.427417e+01,2.419994e+01,2.411891e+01,2.417969e+01,2.392958e+01,2.365850e+01,2.352270e+01,2.339352e+01,2.327780e+01,2.336630e+01,2.335950e+01,2.327780e+01,2.336630e+01,2.324374e+01,2.329142e+01,2.326418e+01,2.314150e+01,2.307328e+01,2.329823e+01,2.327099e+01,2.319604e+01,2.316877e+01,2.312104e+01,2.301867e+01,2.314832e+01,2.295720e+01,2.308010e+01,2.284099e+01,2.288202e+01,2.286835e+01,2.297086e+01,2.295720e+01,2.288886e+01,2.300501e+01,2.305280e+01,2.305963e+01,2.305963e+01,2.312786e+01,2.307328e+01,2.314832e+01,2.314832e+01,2.330504e+01,2.331185e+01,2.331866e+01,2.345473e+01,2.330504e+01,2.331185e+01,2.323012e+01,2.321649e+01,2.342073e+01,2.340713e+01,2.353629e+01,2.356346e+01,2.378057e+01,2.400400e+01,2.422694e+01,2.428766e+01,2.428092e+01,2.426743e+01,2.415268e+01,2.422019e+01,2.417294e+01,2.415268e+01,2.378057e+01,2.361099e+01,2.356346e+01,2.367207e+01,2.407161e+01,2.432812e+01,2.431464e+01,2.428092e+01,2.426068e+01,2.430115e+01,2.438205e+01,2.420670e+01,2.401752e+01,2.417294e+01,2.425393e+01,2.437531e+01,2.456383e+01,2.440226e+01,2.437531e+01,2.415268e+01,2.438205e+01,2.416619e+01,2.417294e+01,2.422694e+01,2.437531e+01,2.423369e+01,2.421344e+01,2.448308e+01,2.459073e+01,2.455038e+01,2.469156e+01,2.484598e+01,2.487952e+01,2.495326e+01,2.492645e+01,2.521431e+01,2.522768e+01,2.527446e+01,2.520094e+01,2.537464e+01,2.538799e+01,2.536796e+01,2.534793e+01,2.551472e+01,2.554138e+01,2.536129e+01,2.550805e+01,2.559468e+01,2.561466e+01,2.552139e+01,2.552139e+01,2.563464e+01,2.578768e+01,2.566127e+01,2.564130e+01,2.576108e+01,2.564130e+01,2.560800e+01,2.558136e+01,2.554804e+01,2.550139e+01,2.539466e+01,2.545471e+01,2.530119e+01,2.497337e+01,2.485269e+01,2.481914e+01,2.451673e+01,2.443594e+01,2.409188e+01,2.391604e+01,2.391604e+01,2.392958e+01,2.390927e+01,2.390927e+01,2.409864e+01,2.406485e+01,2.378057e+01,2.398371e+01,2.384155e+01,2.399047e+01,2.401076e+01,2.390250e+01,2.379413e+01,2.402428e+01,2.392958e+01,2.376702e+01,2.392281e+01,2.393634e+01,2.384833e+01,2.393634e+01
2.365850e+01,2.365172e+01,2.371956e+01,2.368564e+01,2.367207e+01,2.363136e+01,2.361778e+01,2.376702e+01,2.369242e+01,2.379413e+01,2.377380e+01,2.378735e+01,2.376702e+01,2.371277e+01,2.381446e+01,2.378057e+01,2.372634e+01,2.389573e+01,2.382123e+01,2.396341e+01,2.392281e+01,2.392281e+01,2.406485e+01,2.403105e+01,2.394988e+01,2.419319e+01,2.409188e+01,2.394988e+01,2.416619e+01,2.422694e+01,2.437531e+01,2.425393e+01,2.424044e+01,2.430115e+01,2.434161e+01,2.440900e+01,2.422019e+01,2.452346e+01,2.440226e+01,2.463108e+01,2.510060e+01,2.512737e+01,2.540801e+01,2.545471e+01,2.560800e+01,2.571451e+01,2.584750e+01,2.576773e+01,2.585415e+01,2.588072e+01,2.586079e+01,2.588072e+01,2.584750e+01,2.593385e+01,2.594049e+01,2.594049e+01,2.594713e+01,2.601350e+01,2.594713e+01,2.602677e+01,2.602677e+01,2.606656e+01,2.621898e+01,2.608646e+01,2.602013e+01,2.597368e+01,2.599359e+01,2.590729e+01,2.611297e+01,2.591393e+01,2.588736e+01,2.579433e+01,2.568124e+01,2.577438e+01,2.561466e+01,2.556804e+01,2.559468e+01,2.552139e+01,2.536129e+01,2.549472e+01,2.520094e+01,2.548138e+01,2.534793e+01,2.504705e+01,2.502696e+01,2.501357e+01,2.495997e+01,2.489293e+01,2.496667e+01,2.514075e+01,2.514075e+01,2.539466e+01,2.553472e+01,2.540133e+01,2.551472e+01,2.552805e+01,2.556804e+01,2.551472e+01,2.564130e+01,2.550139e+01,2.560800e+01,2.563464e+01,2.560800e+01,2.575443e+01,2.581427e+01,2.578103e+01,2.590065e+01,2.587408e+01,2.586079e+01,2.590065e+01,2.594049e+01,2.582092e+01,2.596704e+01,2.582092e+01,2.580097e+01,2.579433e+01,2.578768e+01,2.580762e+01,2.600023e+01,2.598696e+01,2.598696e+01,2.600023e+01,2.594713e+01,2.605330e+01,2.594713e+01,2.598032e+01,2.596041e+01,2.584750e+01,2.589401e+01,2.588736e+01,2.582756e+01,2.588072e+01,2.596041e+01,2.600686e+01,2.605993e+01,2.625208e+01,2.614611e+01,2.615936e+01,2.633149e+01,2.637778e+01,2.634472e+01,2.633149e+01,2.633149e+01,2.623222e+01,2.624546e+01,2.617261e+01,2.613948e+01,2.611960e+01,2.588072e+01,2.564796e+01,2.546805e+01,2.546138e+01,2.547471e+01,2.550139e+01,2.549472e+01,2.546138e+01,2.548138e+01,2.554804e+01,2.577438e+01,2.559468e+01,2.562132e+01,2.564796e+01,2.588072e+01,2.583421e+01,2.566793e+01,2.574778e+01,2.590065e+01,2.588072e+01,2.576773e+01,2.582092e+01,2.585415e+01,2.589401e+01,2.580097e+01,2.586079e+01,2.578103e+01,2.582092e+01,2.566793e+01,2.551472e+01,2.559468e+01,2.561466e+01,2.542135e+01,2.541468e+01,2.485269e+01,2.444941e+01,2.435509e+01,2.432812e+01,2.440226e+01,2.432812e+01,2.432812e+01,2.435509e+01,2.433487e+01,2.434161e+01,2.434835e+01,2.433487e+01,2.440226e+01,2.436857e+01,2.435509e+01,2.436183e+01,2.437531e+01,2.439552e+01,2.440226e+01,2.443594e+01,2.440226e+01,2.440226e+01,2.439552e+01,2.432138e+01,2.432812e+01,2.442921e+01,2.439552e+01,2.436857e+01,2.440226e+01,2.439552e+01,2.437531e+01,2.440226e+01,2.438205e+01,2.434835e+01,2.439552e+01,2.436857e+01,2.436183e+01,2.439552e+01,2.435509e+01,2.432138e+01,2.440900e+01,2.422019e+01,2.446288e+01,2.438878e+01,2.436857e+01,2.433487e+01,2.438205e+01,2.433487e+01,2.434835e+01,2.442921e+01,2.439552e+01,2.426743e+01,2.445614e+01,2.447635e+01,2.433487e+01,2.442921e+01,2.443594e+01,2.437531e+01,2.440900e+01,2.432138e+01,2.436183e+01,2.441573e+01,2.438878e+01,2.438205e+01,2.430790e+01,2.441573e+01,2.444941e+01,2.436183e+01,2.438878e+01,2.434161e+01,2.427417e+01,2.436183e+01,2.432138e+01,2.435509e+01,2.424719e+01,2.430790e+01,2.438205e+01,2.437531e+01,2.438205e+01,2.431464e+01,2.425393e+01,2.434835e+01,2.434835e+01,2.437531e+01,2.431464e+01,2.435509e+01,2.429441e+01,2.430115e+01,2.427417e+01,2.430790e+01,2.426068e+01,2.428766e+01,2.430115e+01,2.424719e+01,2.423369e+01,2.422694e+01,2.434835e+01,2.424719e+01,2.427417e+01,2.417294e+01,2.424719e+01,2.417969e+01,2.412566e+01,2.422694e+01,2.407161e+01,2.417294e+01,2.411215e+01,2.417969e+01,2.401076e+01,2.408512e+01,2.411215e+01,2.407837e+01,2.415268e+01,2.413917e+01,2.413242e+01,2.403781e+01,2.405809e+01,2.411215e+01,2.415268e+01,2.407837e+01,2.404457e+01,2.409864e+01,2.407837e+01,2.399723e+01,2.398371e+01,2.407837e+01,2.396341e+01,2.407837e+01,2.394988e+01,2.393634e+01,2.397694e+01,2.402428e+01,2.389573e+01,2.380091e+01,2.405133e+01,2.392958e+01,2.406485e+01,2.390927e+01,2.395664e+01,2.389573e+01,2.390250e+01,2.390927e+01,2.407161e+01,2.393634e+01,2.392281e+01,2.390927e+01,2.394988e+01,2.396341e+01,2.391604e+01,2.395664e+01,2.394988e+01,2.394311e+01,2.394311e+01,2.384155e+01,2.401076e+01,2.384155e+01,2.403105e+01,2.384833e+01,2.403105e+01,2.402428e+01,2.408512e+01,2.402428e+01,2.397694e+01,2.394311e+01,2.392281e+01,2.393634e+01,2.389573e+01,2.399047e+01,2.406485e+01,2.395664e+01,2.392281e+01,2.405809e+01,2.388896e+01,2.388219e+01,2.382801e+01,2.372634e+01,2.380091e+01,2.371277e+01,2.389573e+01,2.361099e+01,2.353629e+01,2.350231e+01,2.363136e+01,2.352949e+01,2.350231e+01,2.335269e+01,2.358383e+01,2.352949e+01,2.354987e+01,2.372634e+01,2.367886e+01,2.394988e+01,2.382801e+01,2.391604e+01,2.399047e+01,2.401076e+01,2.407837e+01,2.407837e+01,2.405133e+01,2.401752e+01,2.405809e+01,2.409188e+01,2.405809e+01,2.403105e+01,2.409864e+01,2.407161e+01,2.405809e+01,2.413242e+01,2.409864e+01,2.390250e+01,2.414593e+01,2.403105e+01,2.401076e+01,2.414593e+01,2.414593e+01,2.415943e+01,2.415268e+01,2.413917e+01,2.414593e+01,2.407161e+01,2.407837e+01,2.406485e+01,2.408512e+01,2.409188e+01,2.380768e+01,2.409188e+01,2.413242e+01,2.402428e+01,2.419319e+01,2.411891e+01,2.411215e+01,2.412566e+01,2.412566e+01,2.410540e+01,2.409188e+01,2.412566e+01,2.407837e+01,2.422694e+01,2.413917e+01,2.409188e+01,2.417969e+01,2.419319e+01,2.419994e+01,2.419994e+01,2.415268e+01,2.413917e+01,2.412566e+01,2.417294e+01,2.419994e+01,2.418644e+01,2.422019e+01,2.433487e+01,2.422694e+01,2.426743e+01,2.426743e+01,2.428092e+01,2.421344e+01,2.424044e+01,2.417969e+01,2.417969e+01,2.437531e+01,2.419994e+01,2.421344e+01,2.421344e+01,2.428766e+01,2.416619e+01,2.417294e+01,2.418644e+01,2.384155e+01,2.375346e+01,2.357704e+01,2.357704e+01,2.357025e+01,2.365172e+01,2.377380e+01,2.363814e+01,2.376024e+01,2.372634e+01,2.392281e+01,2.397694e+01,2.413917e+01,2.417969e+01,2.422019e+01,2.418644e+01,2.440900e+01,2.444268e+01,2.442247e+01,2.432138e+01,2.437531e+01,2.449654e+01,2.442247e+01,2.439552e+01,2.425393e+01,2.427417e+01,2.432812e+01,2.420670e+01,2.413917e+01,2.417969e+01,2.425393e+01,2.421344e+01,2.422019e+01,2.431464e+01,2.424044e+01,2.427417e+01,2.415268e+01,2.413242e+01,2.403781e+01,2.416619e+01,2.391604e+01,2.370599e+01,2.353629e+01,2.343433e+01,2.333908e+01,2.325056e+01,2.337991e+01,2.342753e+01,2.346833e+01,2.327780e+01,2.332547e+01,2.326418e+01,2.327099e+01,2.325737e+01,2.307328e+01,2.316877e+01,2.311422e+01,2.329823e+01,2.318241e+01,2.314832e+01,2.292987e+01,2.289569e+01,2.295720e+01,2.299135e+01,2.282047e+01,2.281363e+01,2.280679e+01,2.280679e+01,2.277257e+01,2.292303e+01,2.299818e+01,2.311422e+01,2.316877e+01,2.318241e+01,2.313468e+01,2.310739e+01,2.318241e+01,2.327099e+01,2.324374e+01,2.326418e+01,2.323693e+01,2.333228e+01,2.342073e+01,2.342753e+01,2.321649e+01,2.328461e+01,2.310057e+01,2.358383e+01,2.390927e+01,2.401076e+01,2.432812e+01,2.426743e+01,2.431464e+01,2.409188e+01,2.415268e+01,2.412566e+01,2.415268e+01,2.406485e+01,2.400400e+01,2.407161e+01,2.382123e+01,2.384155e+01,2.407161e+01,2.405809e+01,2.417969e+01,2.431464e+01,2.429441e+01,2.406485e+01,2.406485e+01,2.416619e+01,2.413242e+01,2.390927e+01,2.396341e+01,2.419319e+01,2.407837e+01,2.424044e+01,2.422019e+01,2.401752e+01,2.404457e+01,2.397694e+01,2.401076e+01,2.403781e+01,2.401076e+01,2.404457e+01,2.414593e+01,2.425393e+01,2.438878e+01,2.444268e+01,2.456383e+01,2.455710e+01,2.462436e+01,2.483927e+01,2.492645e+01,2.507383e+01,2.521431e+01,2.508722e+01,2.526110e+01,2.515413e+01,2.516082e+01,2.536796e+01,2.528782e+01,2.531454e+01,2.538799e+01,2.544804e+01,2.544137e+01,2.540133e+01,2.559468e+01,2.538799e+01,2.556137e+01,2.559468e+01,2.556137e+01,2.558136e+01,2.552139e+01,2.566793e+01,2.572782e+01,2.560134e+01,2.574113e+01,2.552805e+01,2.562798e+01,2.554138e+01,2.520763e+01,2.543469e+01,2.524773e+01,2.512737e+01,2.491305e+01,2.478558e+01,2.459073e+01,2.435509e+01,2.430115e+01,2.392281e+01,2.408512e+01,2.378735e+01,2.390250e+01,2.390927e+01,2.378057e+01,2.390927e+01,2.411215e+01,2.388896e+01,2.410540e+01,2.405133e+01,2.392958e+01,2.392281e+01,2.404457e+01,2.398371e+01,2.383478e+01,2.380091e+01,2.380091e+01,2.374668e+01,2.386865e+01,2.369242e+01
2.368564e+01,2.365172e+01,2.372634e+01,2.365172e+01,2.368564e+01,2.365850e+01,2.369921e+01,2.365850e+01,2.376024e+01,2.365172e+01,2.373312e+01,2.371956e+01,2.378057e+01,2.377380e+01,2.383478e+01,2.389573e+01,2.389573e+01,2.392281e+01,2.384833e+01,2.384155e+01,2.401752e+01,2.378735e+01,2.397018e+01,2.391604e+01,2.397018e+01,2.392958e+01,2.407837e+01,2.417969e+01,2.411215e+01,2.420670e+01,2.419319e+01,2.417969e+01,2.429441e+01,2.422019e+01,2.434161e+01,2.433487e+01,2.451673e+01,2.451673e+01,2.505375e+01,2.508052e+01,2.534793e+01,2.572117e+01,2.570786e+01,2.569455e+01,2.590065e+01,2.574113e+01,2.579433e+01,2.604667e+01,2.591393e+01,2.607982e+01,2.591393e+01,2.598032e+01,2.592721e+01,2.590065e+01,2.594713e+01,2.590729e+01,2.596041e+01,2.598696e+01,2.611297e+01,2.618586e+01,2.625208e+01,2.617261e+01,2.626532e+01,2.607982e+01,2.621235e+01,2.615274e+01,2.623884e+01,2.602013e+01,2.601350e+01,2.604004e+01,2.604667e+01,2.588072e+01,2.585415e+01,2.592057e+01,2.584750e+01,2.571451e+01,2.576108e+01,2.559468e+01,2.561466e+01,2.560134e+01,2.535461e+01,2.534793e+01,2.536129e+01,2.532790e+01,2.518088e+01,2.490634e+01,2.491305e+01,2.487281e+01,2.494656e+01,2.503366e+01,2.502026e+01,2.504035e+01,2.522768e+01,2.544137e+01,2.554138e+01,2.547471e+01,2.537464e+01,2.554804e+01,2.556137e+01,2.548805e+01,2.559468e+01,2.572782e+01,2.562798e+01,2.586079e+01,2.585415e+01,2.586743e+01,2.586079e+01,2.574778e+01,2.584085e+01,2.594049e+01,2.594049e+01,2.592721e+01,2.582092e+01,2.577438e+01,2.574113e+01,2.573447e+01,2.569455e+01,2.574778e+01,2.602677e+01,2.588736e+01,2.596704e+01,2.593385e+01,2.596041e+01,2.600023e+01,2.587408e+01,2.588072e+01,2.593385e+01,2.592057e+01,2.590729e+01,2.589401e+01,2.592721e+01,2.592057e+01,2.591393e+01,2.600686e+01,2.613286e+01,2.614611e+01,2.625870e+01,2.637117e+01,2.628517e+01,2.637778e+01,2.629179e+01,2.628517e+01,2.622560e+01,2.621898e+01,2.620573e+01,2.614611e+01,2.587408e+01,2.570121e+01,2.552139e+01,2.554138e+01,2.554138e+01,2.546805e+01,2.551472e+01,2.550139e+01,2.554804e+01,2.550805e+01,2.552139e+01,2.550805e+01,2.556137e+01,2.566127e+01,2.558802e+01,2.564130e+01,2.559468e+01,2.577438e+01,2.568790e+01,2.570786e+01,2.574113e+01,2.573447e+01,2.578103e+01,2.588736e+01,2.580762e+01,2.590729e+01,2.584085e+01,2.586743e+01,2.575443e+01,2.593385e+01,2.572117e+01,2.572117e+01,2.574113e+01,2.542802e+01,2.560134e+01,2.541468e+01,2.524105e+01,2.484598e+01,2.462436e+01,2.442247e+01,2.443594e+01,2.434835e+01,2.436857e+01,2.444941e+01,2.436183e+01,2.430790e+01,2.434835e+01,2.435509e+01,2.430790e+01,2.438205e+01,2.435509e+01,2.443594e+01,2.437531e+01,2.444268e+01,2.435509e+01,2.436183e+01,2.440226e+01,2.429441e+01,2.443594e+01,2.439552e+01,2.434835e+01,2.434835e+01,2.432812e+01,2.436857e+01,2.446961e+01,2.431464e+01,2.428766e+01,2.438205e+01,2.434835e+01,2.436857e+01,2.435509e+01,2.440226e+01,2.434161e+01,2.431464e+01,2.436857e+01,2.430115e+01,2.437531e+01,2.437531e+01,2.437531e+01,2.436857e+01,2.438878e+01,2.432138e+01,2.436183e+01,2.433487e+01,2.446288e+01,2.440226e+01,2.440900e+01,2.440900e+01,2.446288e+01,2.443594e+01,2.429441e+01,2.445614e+01,2.439552e+01,2.435509e+01,2.442247e+01,2.442921e+01,2.438205e+01,2.446288e+01,2.426743e+01,2.435509e+01,2.432812e+01,2.431464e+01,2.436183e+01,2.435509e+01,2.436857e+01,2.436857e+01,2.438205e+01,2.432138e+01,2.428092e+01,2.438205e+01,2.436183e+01,2.434161e+01,2.430115e+01,2.438878e+01,2.437531e+01,2.441573e+01,2.433487e+01,2.439552e+01,2.437531e+01,2.423369e+01,2.418644e+01,2.431464e+01,2.436183e+01,2.434161e+01,2.424719e+01,2.421344e+01,2.433487e+01,2.434835e+01,2.422694e+01,2.432138e+01,2.422694e+01,2.433487e+01,2.422694e+01,2.424719e+01,2.424044e+01,2.420670e+01,2.433487e+01,2.411215e+01,2.424719e+01,2.423369e+01,2.424044e+01,2.414593e+01,2.419319e+01,2.417294e+01,2.419994e+01,2.401752e+01,2.419319e+01,2.415268e+01,2.406485e+01,2.405809e+01,2.408512e+01,2.405809e+01,2.413917e+01,2.401752e+01,2.411891e+01,2.412566e+01,2.413917e+01,2.410540e+01,2.405133e+01,2.407161e+01,2.398371e+01,2.401752e+01,2.397694e+01,2.394311e+01,2.403781e+01,2.391604e+01,2.392281e+01,2.392281e+01,2.392281e+01,2.389573e+01,2.399723e+01,2.406485e+01,2.392281e+01,2.397018e+01,2.392958e+01,2.394988e+01,2.392281e+01,2.397694e+01,2.391604e+01,2.402428e+01,2.392958e+01,2.393634e+01,2.397018e+01,2.398371e+01,2.399723e+01,2.399723e+01,2.394311e+01,2.399723e+01,2.401076e+01,2.402428e+01,2.403105e+01,2.400400e+01,2.385510e+01,2.392958e+01,2.406485e+01,2.404457e+01,2.403105e+01,2.401076e+01,2.394988e+01,2.397694e+01,2.398371e+01,2.399047e+01,2.399047e+01,2.397018e+01,2.411891e+01,2.408512e+01,2.395664e+01,2.395664e+01,2.399723e+01,2.391604e+01,2.394988e+01,2.403781e+01,2.392958e+01,2.385510e+01,2.381446e+01,2.385510e+01,2.363136e+01,2.363136e+01,2.383478e+01,2.389573e+01,2.361778e+01,2.373312e+01,2.361778e+01,2.392281e+01,2.387542e+01,2.367207e+01,2.394311e+01,2.386187e+01,2.397694e+01,2.397694e+01,2.393634e+01,2.407837e+01,2.401752e+01,2.394311e+01,2.407161e+01,2.409864e+01,2.406485e+01,2.405133e+01,2.410540e+01,2.399047e+01,2.407161e+01,2.404457e+01,2.407837e+01,2.412566e+01,2.409864e+01,2.402428e+01,2.405133e+01,2.408512e+01,2.413242e+01,2.410540e+01,2.409864e+01,2.407837e+01,2.406485e+01,2.401752e+01,2.397018e+01,2.406485e+01,2.403105e+01,2.384155e+01,2.407161e+01,2.416619e+01,2.411215e+01,2.397694e+01,2.408512e+01,2.413917e+01,2.410540e+01,2.410540e+01,2.411215e+01,2.424044e+01,2.411215e+01,2.415943e+01,2.415268e+01,2.412566e+01,2.409864e+01,2.411215e+01,2.409864e+01,2.413917e+01,2.426743e+01,2.412566e+01,2.424044e+01,2.410540e+01,2.413917e+01,2.410540e+01,2.415943e+01,2.412566e+01,2.413917e+01,2.424044e+01,2.417969e+01,2.416619e+01,2.417969e+01,2.417294e+01,2.413917e+01,2.411891e+01,2.425393e+01,2.432812e+01,2.421344e+01,2.424719e+01,2.415943e+01,2.417969e+01,2.428766e+01,2.426068e+01,2.425393e+01,2.426743e+01,2.422019e+01,2.419994e+01,2.415943e+01,2.373990e+01,2.355667e+01,2.356346e+01,2.357704e+01,2.357025e+01,2.371956e+01,2.376702e+01,2.372634e+01,2.381446e+01,2.398371e+01,2.400400e+01,2.403105e+01,2.412566e+01,2.427417e+01,2.436183e+01,2.434161e+01,2.454365e+01,2.446961e+01,2.442921e+01,2.444268e+01,2.444268e+01,2.424719e+01,2.427417e+01,2.424719e+01,2.418644e+01,2.426068e+01,2.419319e+01,2.414593e+01,2.412566e+01,2.436857e+01,2.418644e+01,2.422694e+01,2.437531e+01,2.419994e+01,2.422694e+01,2.416619e+01,2.401076e+01,2.403781e+01,2.417969e+01,2.392958e+01,2.366529e+01,2.352949e+01,2.335269e+01,2.334589e+01,2.331866e+01,2.345473e+01,2.336630e+01,2.331866e+01,2.326418e+01,2.327099e+01,2.327780e+01,2.323012e+01,2.316195e+01,2.305280e+01,2.313468e+01,2.316877e+01,2.320286e+01,2.315514e+01,2.314150e+01,2.313468e+01,2.297769e+01,2.302550e+01,2.295037e+01,2.294353e+01,2.282047e+01,2.276573e+01,2.294353e+01,2.295720e+01,2.295720e+01,2.307328e+01,2.307328e+01,2.316195e+01,2.312786e+01,2.316877e+01,2.320286e+01,2.324374e+01,2.326418e+01,2.323012e+01,2.329823e+01,2.330504e+01,2.327780e+01,2.336630e+01,2.339352e+01,2.323012e+01,2.340032e+01,2.322330e+01,2.371277e+01,2.401076e+01,2.424719e+01,2.426068e+01,2.424719e+01,2.427417e+01,2.408512e+01,2.387542e+01,2.389573e+01,2.385510e+01,2.394311e+01,2.391604e+01,2.406485e+01,2.414593e+01,2.405809e+01,2.409864e+01,2.405809e+01,2.415268e+01,2.427417e+01,2.424044e+01,2.404457e+01,2.404457e+01,2.403781e+01,2.394311e+01,2.397694e+01,2.392281e+01,2.415268e+01,2.403781e+01,2.407837e+01,2.395664e+01,2.392958e+01,2.381446e+01,2.375346e+01,2.367886e+01,2.374668e+01,2.398371e+01,2.399723e+01,2.406485e+01,2.415268e+01,2.423369e+01,2.441573e+01,2.440900e+01,2.472515e+01,2.479230e+01,2.489964e+01,2.489964e+01,2.499347e+01,2.487952e+01,2.498677e+01,2.523437e+01,2.519426e+01,2.509391e+01,2.524105e+01,2.527446e+01,2.517419e+01,2.532122e+01,2.530787e+01,2.550805e+01,2.550139e+01,2.549472e+01,2.555471e+01,2.558802e+01,2.559468e+01,2.576108e+01,2.565462e+01,2.572782e+01,2.558136e+01,2.574113e+01,2.558802e+01,2.556804e+01,2.554804e+01,2.560134e+01,2.552139e+01,2.546805e+01,2.548138e+01,2.535461e+01,2.526778e+01,2.495997e+01,2.505375e+01,2.485940e+01,2.467141e+01,2.446961e+01,2.413242e+01,2.425393e+01,2.388219e+01,2.393634e+01,2.407837e+01,2.378735e+01,2.412566e+01,2.411891e+01,2.399047e+01,2.409188e+01,2.417969e+01,2.389573e+01,2.405809e+01,2.390250e+01,2.382123e+01,2.397694e+01,2.389573e+01,2.376024e+01,2.386187e+01,2.374668e+01,2.391604e+01
2.369242e+01,2.365172e+01,2.371956e+01,2.374668e+01,2.377380e+01,2.370599e+01,2.369242e+01,2.377380e+01,2.381446e+01,2.364493e+01,2.378057e+01,2.384833e+01,2.384833e+01,2.371277e+01,2.376024e+01,2.385510e+01,2.382123e+01,2.392958e+01,2.390927e+01,2.382123e+01,2.392281e+01,2.379413e+01,2.388896e+01,2.404457e+01,2.414593e+01,2.417294e+01,2.412566e+01,2.416619e+01,2.417294e+01,2.420670e+01,2.427417e+01,2.418644e+01,2.431464e+01,2.429441e+01,2.429441e+01,2.434161e+01,2.465124e+01,2.504705e+01,2.533458e+01,2.560800e+01,2.570121e+01,2.589401e+01,2.586079e+01,2.601350e+01,2.589401e+01,2.584750e+01,2.586079e+01,2.609971e+01,2.607982e+01,2.623884e+01,2.615936e+01,2.609309e+01,2.596041e+01,2.602013e+01,2.594713e+01,2.596041e+01,2.597368e+01,2.611297e+01,2.629179e+01,2.621898e+01,2.625870e+01,2.624546e+01,2.629179e+01,2.627194e+01,2.643727e+01,2.626532e+01,2.620573e+01,2.622560e+01,2.607982e+01,2.611960e+01,2.619248e+01,2.592057e+01,2.607319e+01,2.603340e+01,2.592057e+01,2.602013e+01,2.596041e+01,2.578768e+01,2.577438e+01,2.588736e+01,2.566793e+01,2.538131e+01,2.536129e+01,2.552139e+01,2.524773e+01,2.521431e+01,2.495326e+01,2.490634e+01,2.486610e+01,2.483256e+01,2.483256e+01,2.505375e+01,2.504705e+01,2.530119e+01,2.540133e+01,2.547471e+01,2.548138e+01,2.552139e+01,2.536129e+01,2.557470e+01,2.568790e+01,2.572782e+01,2.584750e+01,2.580097e+01,2.581427e+01,2.590729e+01,2.589401e+01,2.575443e+01,2.590065e+01,2.581427e+01,2.581427e+01,2.583421e+01,2.576108e+01,2.571451e+01,2.568124e+01,2.577438e+01,2.568790e+01,2.580762e+01,2.598032e+01,2.588072e+01,2.590729e+01,2.598032e+01,2.602013e+01,2.603340e+01,2.605993e+01,2.603340e+01,2.594713e+01,2.592057e+01,2.592057e+01,2.588736e+01,2.577438e+01,2.578103e+01,2.589401e+01,2.609309e+01,2.619911e+01,2.613286e+01,2.618586e+01,2.625208e+01,2.625870e+01,2.623222e+01,2.624546e+01,2.623884e+01,2.618586e+01,2.620573e+01,2.616599e+01,2.581427e+01,2.550805e+01,2.548805e+01,2.558802e+01,2.558802e+01,2.560800e+01,2.558802e+01,2.556804e+01,2.556137e+01,2.554804e+01,2.550805e+01,2.555471e+01,2.553472e+01,2.557470e+01,2.562132e+01,2.560800e+01,2.554138e+01,2.564796e+01,2.585415e+01,2.579433e+01,2.575443e+01,2.573447e+01,2.579433e+01,2.579433e+01,2.576773e+01,2.584750e+01,2.585415e+01,2.586079e+01,2.582756e+01,2.581427e+01,2.584085e+01,2.581427e+01,2.581427e+01,2.581427e+01,2.579433e+01,2.582092e+01,2.546805e+01,2.545471e+01,2.519426e+01,2.476544e+01,2.442921e+01,2.428766e+01,2.436183e+01,2.438878e+01,2.437531e+01,2.440900e+01,2.432812e+01,2.434835e+01,2.435509e+01,2.443594e+01,2.434835e+01,2.436183e+01,2.436857e+01,2.436183e+01,2.446288e+01,2.443594e+01,2.434161e+01,2.438878e+01,2.442247e+01,2.437531e+01,2.440226e+01,2.432138e+01,2.440226e+01,2.442247e+01,2.433487e+01,2.446288e+01,2.430790e+01,2.437531e+01,2.434835e+01,2.443594e+01,2.442247e+01,2.437531e+01,2.440900e+01,2.432812e+01,2.428766e+01,2.430115e+01,2.446288e+01,2.446961e+01,2.428092e+01,2.439552e+01,2.438878e+01,2.446288e+01,2.444268e+01,2.446288e+01,2.432138e+01,2.435509e+01,2.438205e+01,2.442921e+01,2.432138e+01,2.442921e+01,2.444941e+01,2.439552e+01,2.440226e+01,2.442247e+01,2.434161e+01,2.442921e+01,2.432138e+01,2.428092e+01,2.442921e+01,2.441573e+01,2.434161e+01,2.444268e+01,2.432138e+01,2.440900e+01,2.421344e+01,2.438878e+01,2.425393e+01,2.439552e+01,2.441573e+01,2.432812e+01,2.439552e+01,2.432812e+01,2.436857e+01,2.438205e+01,2.442247e+01,2.439552e+01,2.438878e+01,2.426068e+01,2.439552e+01,2.437531e+01,2.424044e+01,2.436183e+01,2.434835e+01,2.443594e+01,2.428092e+01,2.429441e+01,2.434835e+01,2.433487e+01,2.430790e+01,2.427417e+01,2.430115e+01,2.432138e+01,2.431464e+01,2.422019e+01,2.430115e+01,2.426068e+01,2.434161e+01,2.428766e+01,2.403105e+01,2.430115e+01,2.419319e+01,2.427417e+01,2.415268e+01,2.416619e+01,2.415943e+01,2.417294e+01,2.422019e+01,2.413917e+01,2.413917e+01,2.411891e+01,2.413242e+01,2.412566e+01,2.410540e+01,2.414593e+01,2.411215e+01,2.408512e+01,2.413917e+01,2.410540e+01,2.413917e+01,2.413917e+01,2.415268e+01,2.413242e+01,2.407161e+01,2.407837e+01,2.397694e+01,2.401076e+01,2.401752e+01,2.402428e+01,2.389573e+01,2.399723e+01,2.403105e+01,2.397018e+01,2.398371e+01,2.394988e+01,2.401752e+01,2.405133e+01,2.399047e+01,2.405809e+01,2.404457e+01,2.396341e+01,2.395664e+01,2.372634e+01,2.389573e+01,2.400400e+01,2.394311e+01,2.399047e+01,2.397018e+01,2.397018e+01,2.397694e+01,2.396341e+01,2.402428e+01,2.401076e+01,2.402428e+01,2.402428e+01,2.408512e+01,2.405809e+01,2.403781e+01,2.406485e+01,2.402428e+01,2.399723e+01,2.409188e+01,2.402428e+01,2.394988e+01,2.401076e+01,2.397694e+01,2.417969e+01,2.398371e+01,2.409188e+01,2.408512e+01,2.399047e+01,2.403781e+01,2.404457e+01,2.392958e+01,2.399047e+01,2.392958e+01,2.384155e+01,2.387542e+01,2.398371e+01,2.392281e+01,2.393634e+01,2.398371e+01,2.386187e+01,2.394988e+01,2.398371e+01,2.390927e+01,2.398371e+01,2.417294e+01,2.399047e+01,2.411215e+01,2.396341e+01,2.394988e+01,2.399047e+01,2.392958e+01,2.398371e+01,2.408512e+01,2.409864e+01,2.405133e+01,2.407837e+01,2.406485e+01,2.411891e+01,2.408512e+01,2.410540e+01,2.406485e+01,2.411891e+01,2.405133e+01,2.411215e+01,2.408512e+01,2.414593e+01,2.415268e+01,2.409188e+01,2.412566e+01,2.403781e+01,2.405809e+01,2.416619e+01,2.420670e+01,2.398371e+01,2.401076e+01,2.415943e+01,2.405809e+01,2.422019e+01,2.403781e+01,2.406485e+01,2.406485e+01,2.415943e+01,2.411215e+01,2.409864e+01,2.413242e+01,2.413917e+01,2.410540e+01,2.412566e+01,2.413242e+01,2.411891e+01,2.420670e+01,2.419994e+01,2.403781e+01,2.412566e+01,2.413917e+01,2.428766e+01,2.418644e+01,2.413242e+01,2.414593e+01,2.414593e+01,2.414593e+01,2.413242e+01,2.421344e+01,2.417969e+01,2.415943e+01,2.424719e+01,2.424719e+01,2.427417e+01,2.427417e+01,2.432812e+01,2.415943e+01,2.421344e+01,2.428766e+01,2.427417e+01,2.428092e+01,2.428766e+01,2.422019e+01,2.428092e+01,2.418644e+01,2.426068e+01,2.422694e+01,2.418644e+01,2.418644e+01,2.392281e+01,2.378057e+01,2.376702e+01,2.372634e+01,2.374668e+01,2.384155e+01,2.378057e+01,2.370599e+01,2.393634e+01,2.399047e+01,2.399723e+01,2.437531e+01,2.436183e+01,2.428092e+01,2.439552e+01,2.442921e+01,2.455710e+01,2.453019e+01,2.452346e+01,2.448981e+01,2.444268e+01,2.438205e+01,2.430115e+01,2.434161e+01,2.419994e+01,2.419319e+01,2.426068e+01,2.417294e+01,2.419994e+01,2.421344e+01,2.420670e+01,2.429441e+01,2.425393e+01,2.428766e+01,2.420670e+01,2.418644e+01,2.426743e+01,2.411215e+01,2.428092e+01,2.423369e+01,2.390250e+01,2.366529e+01,2.333908e+01,2.348192e+01,2.349552e+01,2.344793e+01,2.352949e+01,2.350911e+01,2.335269e+01,2.326418e+01,2.334589e+01,2.328461e+01,2.331866e+01,2.330504e+01,2.319604e+01,2.324374e+01,2.313468e+01,2.316877e+01,2.314150e+01,2.311422e+01,2.309375e+01,2.295037e+01,2.296403e+01,2.295720e+01,2.305963e+01,2.294353e+01,2.291620e+01,2.290253e+01,2.288886e+01,2.291620e+01,2.292303e+01,2.306645e+01,2.315514e+01,2.313468e+01,2.322330e+01,2.325056e+01,2.328461e+01,2.314832e+01,2.340713e+01,2.329142e+01,2.332547e+01,2.328461e+01,2.337991e+01,2.341393e+01,2.325737e+01,2.337991e+01,2.340032e+01,2.365850e+01,2.410540e+01,2.433487e+01,2.370599e+01,2.347513e+01,2.333908e+01,2.337991e+01,2.333908e+01,2.381446e+01,2.384155e+01,2.399047e+01,2.402428e+01,2.415268e+01,2.422019e+01,2.420670e+01,2.427417e+01,2.414593e+01,2.409188e+01,2.417969e+01,2.401752e+01,2.403781e+01,2.397694e+01,2.389573e+01,2.397694e+01,2.384833e+01,2.392958e+01,2.392281e+01,2.395664e+01,2.391604e+01,2.392958e+01,2.364493e+01,2.348872e+01,2.333908e+01,2.349552e+01,2.344113e+01,2.381446e+01,2.380768e+01,2.407837e+01,2.420670e+01,2.430790e+01,2.461763e+01,2.444268e+01,2.466469e+01,2.467813e+01,2.474530e+01,2.469828e+01,2.490634e+01,2.486610e+01,2.494656e+01,2.486610e+01,2.482585e+01,2.495997e+01,2.501357e+01,2.520094e+01,2.508722e+01,2.530119e+01,2.530119e+01,2.536796e+01,2.543469e+01,2.560134e+01,2.555471e+01,2.557470e+01,2.567459e+01,2.559468e+01,2.570786e+01,2.572782e+01,2.572782e+01,2.572782e+01,2.585415e+01,2.573447e+01,2.559468e+01,2.553472e+01,2.556804e+01,2.552805e+01,2.547471e+01,2.544137e+01,2.544804e+01,2.545471e+01,2.524105e+01,2.520763e+01,2.508722e+01,2.466469e+01,2.455710e+01,2.450327e+01,2.413242e+01,2.394311e+01,2.413917e+01,2.392281e+01,2.417969e+01,2.430115e+01,2.413917e+01,2.419319e+01,2.407837e+01,2.409188e+01,2.388896e+01,2.371956e+01,2.390927e+01,2.388219e+01,2.388219e+01,2.397694e+01,2.382801e+01,2.379413e+01,2.396341e+01
2.373990e+01,2.375346e+01,2.369242e+01,2.375346e+01,2.373990e+01,2.371956e+01,2.374668e+01,2.383478e+01,2.384155e+01,2.378057e+01,2.380091e+01,2.376702e+01,2.383478e+01,2.380091e+01,2.388896e+01,2.383478e+01,2.379413e+01,2.386187e+01,2.399047e+01,2.411215e+01,2.400400e+01,2.413917e+01,2.403105e+01,2.410540e+01,2.415943e+01,2.409188e+01,2.417969e+01,2.417294e+01,2.417294e+01,2.418644e+01,2.432138e+01,2.426743e+01,2.426068e+01,2.436857e+01,2.433487e+01,2.470500e+01,2.477887e+01,2.531454e+01,2.532790e+01,2.569455e+01,2.596041e+01,2.590065e+01,2.598032e+01,2.607319e+01,2.604667e+01,2.602013e+01,2.617924e+01,2.621235e+01,2.611297e+01,2.634472e+01,2.623222e+01,2.620573e+01,2.599359e+01,2.603340e+01,2.609971e+01,2.611297e+01,2.617261e+01,2.613948e+01,2.625870e+01,2.615274e+01,2.629841e+01,2.633149e+01,2.641084e+01,2.647031e+01,2.643066e+01,2.619248e+01,2.625208e+01,2.625870e+01,2.618586e+01,2.622560e+01,2.610634e+01,2.608646e+01,2.613948e+01,2.592721e+01,2.606656e+01,2.591393e+01,2.596041e+01,2.594049e+01,2.586743e+01,2.582092e+01,2.554138e+01,2.558802e+01,2.553472e+01,2.548138e+01,2.540801e+01,2.526110e+01,2.492645e+01,2.498677e+01,2.483256e+01,2.484598e+01,2.483927e+01,2.500687e+01,2.507383e+01,2.530119e+01,2.540801e+01,2.542135e+01,2.531454e+01,2.545471e+01,2.545471e+01,2.545471e+01,2.562132e+01,2.568790e+01,2.568124e+01,2.572117e+01,2.586743e+01,2.576773e+01,2.572782e+01,2.574113e+01,2.576773e+01,2.592721e+01,2.590729e+01,2.574778e+01,2.581427e+01,2.571451e+01,2.570786e+01,2.568790e+01,2.566793e+01,2.574778e+01,2.573447e+01,2.601350e+01,2.602013e+01,2.594713e+01,2.589401e+01,2.604004e+01,2.604004e+01,2.601350e+01,2.605993e+01,2.592721e+01,2.590729e+01,2.590065e+01,2.578103e+01,2.591393e+01,2.589401e+01,2.584085e+01,2.586743e+01,2.611960e+01,2.626532e+01,2.619911e+01,2.628517e+01,2.623884e+01,2.618586e+01,2.617924e+01,2.603340e+01,2.584750e+01,2.558136e+01,2.554804e+01,2.557470e+01,2.550805e+01,2.555471e+01,2.568790e+01,2.558136e+01,2.558802e+01,2.548138e+01,2.556804e+01,2.556137e+01,2.544137e+01,2.554804e+01,2.547471e+01,2.552139e+01,2.556804e+01,2.558802e+01,2.565462e+01,2.563464e+01,2.574113e+01,2.570121e+01,2.568790e+01,2.568124e+01,2.567459e+01,2.580097e+01,2.582756e+01,2.584750e+01,2.580762e+01,2.584085e+01,2.582756e+01,2.570121e+01,2.582756e+01,2.582756e+01,2.583421e+01,2.580762e+01,2.576773e+01,2.587408e+01,2.567459e+01,2.562132e+01,2.540801e+01,2.498677e+01,2.474530e+01,2.434835e+01,2.428766e+01,2.433487e+01,2.433487e+01,2.428092e+01,2.434835e+01,2.435509e+01,2.443594e+01,2.440226e+01,2.433487e+01,2.436183e+01,2.442247e+01,2.442921e+01,2.436857e+01,2.434835e+01,2.438205e+01,2.438205e+01,2.438205e+01,2.438878e+01,2.440226e+01,2.432812e+01,2.442921e+01,2.432812e+01,2.434835e+01,2.434161e+01,2.434835e+01,2.440226e+01,2.439552e+01,2.436183e+01,2.436857e+01,2.436183e+01,2.434835e+01,2.426743e+01,2.441573e+01,2.430790e+01,2.434835e+01,2.444268e+01,2.436183e+01,2.444268e+01,2.430790e+01,2.428766e+01,2.430790e+01,2.434835e+01,2.432812e+01,2.440226e+01,2.440226e+01,2.440226e+01,2.436857e+01,2.444941e+01,2.438878e+01,2.442247e+01,2.437531e+01,2.441573e+01,2.442921e+01,2.443594e+01,2.443594e+01,2.444268e+01,2.443594e+01,2.426068e+01,2.432812e+01,2.435509e+01,2.433487e+01,2.440226e+01,2.432812e+01,2.439552e+01,2.432812e+01,2.432812e+01,2.436857e+01,2.445614e+01,2.439552e+01,2.434835e+01,2.438878e+01,2.435509e+01,2.431464e+01,2.428092e+01,2.439552e+01,2.424044e+01,2.426068e+01,2.426743e+01,2.438205e+01,2.423369e+01,2.431464e+01,2.443594e+01,2.423369e+01,2.442247e+01,2.434161e+01,2.437531e+01,2.421344e+01,2.428766e+01,2.430115e+01,2.431464e+01,2.422694e+01,2.422694e+01,2.423369e+01,2.418644e+01,2.423369e+01,2.430115e+01,2.417294e+01,2.425393e+01,2.419319e+01,2.417969e+01,2.428092e+01,2.422019e+01,2.417969e+01,2.417294e+01,2.416619e+01,2.418644e+01,2.409864e+01,2.411891e+01,2.419994e+01,2.413242e+01,2.411891e+01,2.409188e+01,2.414593e+01,2.413917e+01,2.412566e+01,2.397018e+01,2.413917e+01,2.399723e+01,2.430790e+01,2.415943e+01,2.401076e+01,2.399723e+01,2.405133e+01,2.403105e+01,2.405809e+01,2.403781e+01,2.388896e+01,2.397018e+01,2.399047e+01,2.396341e+01,2.397018e+01,2.400400e+01,2.399723e+01,2.399723e+01,2.401752e+01,2.392958e+01,2.400400e+01,2.406485e+01,2.391604e+01,2.390927e+01,2.396341e+01,2.390927e+01,2.384155e+01,2.396341e+01,2.400400e+01,2.398371e+01,2.398371e+01,2.396341e+01,2.401752e+01,2.403105e+01,2.403105e+01,2.403781e+01,2.401076e+01,2.413242e+01,2.407161e+01,2.413917e+01,2.404457e+01,2.399047e+01,2.398371e+01,2.397018e+01,2.387542e+01,2.398371e+01,2.399723e+01,2.399723e+01,2.405133e+01,2.401752e+01,2.407161e+01,2.409188e+01,2.403781e+01,2.403105e+01,2.389573e+01,2.406485e+01,2.387542e+01,2.406485e+01,2.413242e+01,2.398371e+01,2.388896e+01,2.397018e+01,2.399723e+01,2.393634e+01,2.397018e+01,2.381446e+01,2.394311e+01,2.396341e+01,2.403781e+01,2.406485e+01,2.403781e+01,2.400400e+01,2.394311e+01,2.413917e+01,2.401076e+01,2.399723e+01,2.406485e+01,2.394988e+01,2.409864e+01,2.399047e+01,2.397018e+01,2.409864e+01,2.399723e+01,2.404457e+01,2.406485e+01,2.404457e+01,2.403781e+01,2.413242e+01,2.412566e+01,2.421344e+01,2.415943e+01,2.405809e+01,2.407161e+01,2.418644e+01,2.404457e+01,2.405809e+01,2.399047e+01,2.416619e+01,2.415943e+01,2.402428e+01,2.409188e+01,2.412566e+01,2.415268e+01,2.409864e+01,2.413917e+01,2.409188e+01,2.414593e+01,2.408512e+01,2.411215e+01,2.411891e+01,2.412566e+01,2.416619e+01,2.411891e+01,2.413242e+01,2.415943e+01,2.426743e+01,2.412566e+01,2.420670e+01,2.409188e+01,2.419994e+01,2.412566e+01,2.417294e+01,2.413917e+01,2.424719e+01,2.413242e+01,2.415943e+01,2.419319e+01,2.418644e+01,2.419994e+01,2.419994e+01,2.424044e+01,2.428766e+01,2.426068e+01,2.433487e+01,2.419994e+01,2.419319e+01,2.432138e+01,2.424044e+01,2.422694e+01,2.424719e+01,2.419994e+01,2.427417e+01,2.418644e+01,2.426743e+01,2.424044e+01,2.419319e+01,2.426743e+01,2.399723e+01,2.380768e+01,2.382801e+01,2.380091e+01,2.379413e+01,2.384155e+01,2.385510e+01,2.381446e+01,2.389573e+01,2.397018e+01,2.416619e+01,2.423369e+01,2.434161e+01,2.432138e+01,2.435509e+01,2.436857e+01,2.445614e+01,2.440900e+01,2.446288e+01,2.443594e+01,2.446288e+01,2.419994e+01,2.427417e+01,2.429441e+01,2.416619e+01,2.429441e+01,2.421344e+01,2.412566e+01,2.421344e+01,2.428766e+01,2.426068e+01,2.426068e+01,2.423369e+01,2.433487e+01,2.417969e+01,2.436183e+01,2.426743e+01,2.423369e+01,2.422019e+01,2.422694e+01,2.384155e+01,2.359741e+01,2.361099e+01,2.353629e+01,2.356346e+01,2.363136e+01,2.363136e+01,2.354987e+01,2.337991e+01,2.342073e+01,2.337991e+01,2.333228e+01,2.331866e+01,2.316877e+01,2.333228e+01,2.318241e+01,2.317559e+01,2.314150e+01,2.310739e+01,2.310739e+01,2.307328e+01,2.313468e+01,2.310739e+01,2.287519e+01,2.301184e+01,2.299818e+01,2.299135e+01,2.278626e+01,2.303915e+01,2.295037e+01,2.294353e+01,2.301184e+01,2.321649e+01,2.332547e+01,2.325737e+01,2.310739e+01,2.322330e+01,2.327780e+01,2.336630e+01,2.327780e+01,2.331866e+01,2.339352e+01,2.326418e+01,2.320967e+01,2.341393e+01,2.325737e+01,2.371277e+01,2.373990e+01,2.409188e+01,2.431464e+01,2.422694e+01,2.347513e+01,2.320286e+01,2.330504e+01,2.324374e+01,2.323693e+01,2.350911e+01,2.377380e+01,2.381446e+01,2.409864e+01,2.418644e+01,2.411891e+01,2.408512e+01,2.411891e+01,2.408512e+01,2.402428e+01,2.405133e+01,2.395664e+01,2.382123e+01,2.386865e+01,2.390250e+01,2.388219e+01,2.370599e+01,2.375346e+01,2.380768e+01,2.363814e+01,2.357704e+01,2.357025e+01,2.327780e+01,2.327780e+01,2.327780e+01,2.348192e+01,2.365172e+01,2.384155e+01,2.407837e+01,2.396341e+01,2.423369e+01,2.434835e+01,2.432138e+01,2.450327e+01,2.450327e+01,2.466469e+01,2.474530e+01,2.481243e+01,2.472515e+01,2.469828e+01,2.486610e+01,2.496667e+01,2.505375e+01,2.502696e+01,2.492645e+01,2.510730e+01,2.514075e+01,2.532122e+01,2.530787e+01,2.538799e+01,2.543469e+01,2.557470e+01,2.556137e+01,2.557470e+01,2.558136e+01,2.574113e+01,2.559468e+01,2.558802e+01,2.566793e+01,2.572117e+01,2.560800e+01,2.558802e+01,2.557470e+01,2.568124e+01,2.572117e+01,2.552139e+01,2.560800e+01,2.548805e+01,2.557470e+01,2.524773e+01,2.546138e+01,2.530787e+01,2.526778e+01,2.487281e+01,2.486610e+01,2.449654e+01,2.413242e+01,2.423369e+01,2.424044e+01,2.431464e+01,2.421344e+01,2.432138e+01,2.419994e+01,2.408512e+01,2.387542e+01,2.397694e+01,2.382801e+01,2.398371e+01,2.394988e+01,2.385510e+01,2.389573e+01,2.384155e+01,2.399047e+01,2.381446e+01
2.378057e+01,2.376024e+01,2.374668e+01,2.376702e+01,2.377380e+01,2.377380e+01,2.376702e+01,2.378735e+01,2.381446e+01,2.383478e+01,2.384833e+01,2.380091e+01,2.382801e+01,2.383478e+01,2.407161e+01,2.399047e+01,2.391604e+01,2.384833e+01,2.391604e+01,2.412566e+01,2.409864e+01,2.402428e+01,2.413242e+01,2.405809e+01,2.411891e+01,2.413917e+01,2.413917e+01,2.421344e+01,2.428092e+01,2.418644e+01,2.421344e+01,2.442921e+01,2.436183e+01,2.454365e+01,2.473858e+01,2.488622e+01,2.551472e+01,2.553472e+01,2.561466e+01,2.595377e+01,2.596704e+01,2.604004e+01,2.604004e+01,2.605993e+01,2.595377e+01,2.609309e+01,2.611297e+01,2.610634e+01,2.621235e+01,2.612623e+01,2.611297e+01,2.607319e+01,2.607319e+01,2.617261e+01,2.625208e+01,2.621898e+01,2.611960e+01,2.620573e+01,2.631826e+01,2.629179e+01,2.619911e+01,2.625870e+01,2.638439e+01,2.643066e+01,2.639761e+01,2.646370e+01,2.644388e+01,2.625870e+01,2.625870e+01,2.629179e+01,2.611297e+01,2.621235e+01,2.605993e+01,2.609309e+01,2.607319e+01,2.604004e+01,2.602013e+01,2.601350e+01,2.596041e+01,2.594049e+01,2.559468e+01,2.562798e+01,2.563464e+01,2.548805e+01,2.534793e+01,2.528782e+01,2.519426e+01,2.514075e+01,2.479230e+01,2.477887e+01,2.477887e+01,2.492645e+01,2.491975e+01,2.510730e+01,2.508722e+01,2.528782e+01,2.539466e+01,2.531454e+01,2.540801e+01,2.543469e+01,2.566127e+01,2.579433e+01,2.580762e+01,2.582756e+01,2.590729e+01,2.594049e+01,2.575443e+01,2.578768e+01,2.587408e+01,2.580097e+01,2.576773e+01,2.576773e+01,2.571451e+01,2.574113e+01,2.567459e+01,2.573447e+01,2.578103e+01,2.580762e+01,2.585415e+01,2.594049e+01,2.590729e+01,2.594049e+01,2.591393e+01,2.595377e+01,2.594049e+01,2.593385e+01,2.596704e+01,2.592721e+01,2.593385e+01,2.578768e+01,2.582092e+01,2.561466e+01,2.590065e+01,2.589401e+01,2.592057e+01,2.592721e+01,2.621898e+01,2.623884e+01,2.619248e+01,2.611297e+01,2.618586e+01,2.598696e+01,2.564130e+01,2.566793e+01,2.548805e+01,2.569455e+01,2.559468e+01,2.551472e+01,2.556137e+01,2.563464e+01,2.566127e+01,2.559468e+01,2.544804e+01,2.554804e+01,2.551472e+01,2.555471e+01,2.551472e+01,2.558136e+01,2.545471e+01,2.529451e+01,2.552805e+01,2.554804e+01,2.566793e+01,2.565462e+01,2.566793e+01,2.558136e+01,2.562798e+01,2.564130e+01,2.565462e+01,2.580097e+01,2.560134e+01,2.583421e+01,2.580762e+01,2.575443e+01,2.583421e+01,2.592057e+01,2.591393e+01,2.594713e+01,2.597368e+01,2.590729e+01,2.594713e+01,2.570786e+01,2.569455e+01,2.544804e+01,2.524773e+01,2.491975e+01,2.460419e+01,2.453692e+01,2.446961e+01,2.434161e+01,2.444268e+01,2.440226e+01,2.444941e+01,2.443594e+01,2.430790e+01,2.431464e+01,2.436183e+01,2.439552e+01,2.439552e+01,2.457056e+01,2.440900e+01,2.431464e+01,2.439552e+01,2.438878e+01,2.441573e+01,2.442247e+01,2.430115e+01,2.442921e+01,2.436183e+01,2.428766e+01,2.429441e+01,2.428092e+01,2.442247e+01,2.427417e+01,2.442921e+01,2.436183e+01,2.440900e+01,2.433487e+01,2.436857e+01,2.436183e+01,2.442247e+01,2.455038e+01,2.433487e+01,2.420670e+01,2.434161e+01,2.446961e+01,2.437531e+01,2.436857e+01,2.440226e+01,2.439552e+01,2.439552e+01,2.439552e+01,2.436857e+01,2.439552e+01,2.439552e+01,2.438205e+01,2.438878e+01,2.438205e+01,2.436183e+01,2.438878e+01,2.444941e+01,2.444941e+01,2.444941e+01,2.443594e+01,2.432812e+01,2.440226e+01,2.436857e+01,2.432812e+01,2.445614e+01,2.442921e+01,2.436857e+01,2.433487e+01,2.432812e+01,2.432812e+01,2.437531e+01,2.438878e+01,2.438205e+01,2.436857e+01,2.438878e+01,2.428092e+01,2.443594e+01,2.437531e+01,2.428766e+01,2.426743e+01,2.425393e+01,2.428092e+01,2.430790e+01,2.432812e+01,2.433487e+01,2.435509e+01,2.430790e+01,2.439552e+01,2.424044e+01,2.433487e+01,2.437531e+01,2.424044e+01,2.430790e+01,2.426743e+01,2.424719e+01,2.428092e+01,2.426068e+01,2.429441e+01,2.432138e+01,2.424719e+01,2.429441e+01,2.419994e+01,2.430790e+01,2.424044e+01,2.418644e+01,2.417294e+01,2.423369e+01,2.417969e+01,2.423369e+01,2.415268e+01,2.413917e+01,2.417294e+01,2.409188e+01,2.410540e+01,2.413242e+01,2.414593e+01,2.413242e+01,2.405809e+01,2.418644e+01,2.419319e+01,2.415943e+01,2.413917e+01,2.400400e+01,2.415268e+01,2.407161e+01,2.403105e+01,2.405133e+01,2.404457e+01,2.404457e+01,2.406485e+01,2.402428e+01,2.412566e+01,2.379413e+01,2.397694e+01,2.397018e+01,2.404457e+01,2.399723e+01,2.404457e+01,2.405809e+01,2.395664e+01,2.406485e+01,2.394311e+01,2.396341e+01,2.404457e+01,2.401752e+01,2.407161e+01,2.399723e+01,2.401752e+01,2.404457e+01,2.402428e+01,2.404457e+01,2.403105e+01,2.405133e+01,2.392281e+01,2.403105e+01,2.417969e+01,2.402428e+01,2.399723e+01,2.395664e+01,2.399723e+01,2.407837e+01,2.386187e+01,2.400400e+01,2.395664e+01,2.409864e+01,2.397018e+01,2.405809e+01,2.401076e+01,2.407837e+01,2.407161e+01,2.398371e+01,2.409864e+01,2.406485e+01,2.390927e+01,2.402428e+01,2.399047e+01,2.403105e+01,2.401076e+01,2.392958e+01,2.400400e+01,2.411215e+01,2.394311e+01,2.399047e+01,2.409864e+01,2.415943e+01,2.404457e+01,2.404457e+01,2.403781e+01,2.403105e+01,2.397694e+01,2.394988e+01,2.403781e+01,2.405133e+01,2.399047e+01,2.405809e+01,2.407837e+01,2.409188e+01,2.409188e+01,2.411891e+01,2.410540e+01,2.407161e+01,2.409188e+01,2.411215e+01,2.413242e+01,2.416619e+01,2.408512e+01,2.405809e+01,2.417969e+01,2.415268e+01,2.402428e+01,2.408512e+01,2.411215e+01,2.407837e+01,2.409864e+01,2.406485e+01,2.405133e+01,2.404457e+01,2.416619e+01,2.413242e+01,2.415943e+01,2.416619e+01,2.407161e+01,2.413242e+01,2.415268e+01,2.412566e+01,2.415943e+01,2.409864e+01,2.410540e+01,2.424044e+01,2.413242e+01,2.415268e+01,2.415943e+01,2.430115e+01,2.417294e+01,2.425393e+01,2.416619e+01,2.411891e+01,2.411891e+01,2.432138e+01,2.421344e+01,2.413242e+01,2.422019e+01,2.417294e+01,2.428092e+01,2.418644e+01,2.404457e+01,2.407837e+01,2.419319e+01,2.426068e+01,2.427417e+01,2.430790e+01,2.413917e+01,2.421344e+01,2.431464e+01,2.409188e+01,2.419319e+01,2.432812e+01,2.429441e+01,2.417969e+01,2.428092e+01,2.426743e+01,2.425393e+01,2.421344e+01,2.424044e+01,2.433487e+01,2.434161e+01,2.415943e+01,2.386865e+01,2.382123e+01,2.378057e+01,2.387542e+01,2.388896e+01,2.389573e+01,2.393634e+01,2.395664e+01,2.414593e+01,2.407837e+01,2.430115e+01,2.451000e+01,2.455710e+01,2.438878e+01,2.432812e+01,2.438205e+01,2.436183e+01,2.441573e+01,2.441573e+01,2.425393e+01,2.422019e+01,2.416619e+01,2.415268e+01,2.430790e+01,2.420670e+01,2.418644e+01,2.438205e+01,2.417294e+01,2.422694e+01,2.433487e+01,2.434835e+01,2.420670e+01,2.432138e+01,2.436857e+01,2.417969e+01,2.417969e+01,2.421344e+01,2.392281e+01,2.387542e+01,2.366529e+01,2.355667e+01,2.353629e+01,2.343433e+01,2.356346e+01,2.369242e+01,2.360420e+01,2.359062e+01,2.335950e+01,2.345473e+01,2.344113e+01,2.340032e+01,2.335269e+01,2.333228e+01,2.320967e+01,2.326418e+01,2.322330e+01,2.316877e+01,2.314832e+01,2.299135e+01,2.311422e+01,2.306645e+01,2.301184e+01,2.287519e+01,2.295720e+01,2.288202e+01,2.291620e+01,2.286835e+01,2.297086e+01,2.296403e+01,2.308010e+01,2.321649e+01,2.317559e+01,2.322330e+01,2.321649e+01,2.321649e+01,2.326418e+01,2.329142e+01,2.336630e+01,2.345473e+01,2.331866e+01,2.320286e+01,2.333908e+01,2.335269e+01,2.318923e+01,2.342073e+01,2.337311e+01,2.373990e+01,2.411891e+01,2.426743e+01,2.418644e+01,2.418644e+01,2.368564e+01,2.350911e+01,2.324374e+01,2.323693e+01,2.304598e+01,2.356346e+01,2.379413e+01,2.412566e+01,2.408512e+01,2.419994e+01,2.392281e+01,2.418644e+01,2.403105e+01,2.404457e+01,2.405133e+01,2.383478e+01,2.357025e+01,2.371956e+01,2.384155e+01,2.367886e+01,2.357704e+01,2.357025e+01,2.359741e+01,2.364493e+01,2.357025e+01,2.355667e+01,2.323012e+01,2.308693e+01,2.324374e+01,2.319604e+01,2.347513e+01,2.359741e+01,2.393634e+01,2.413242e+01,2.413242e+01,2.413242e+01,2.430115e+01,2.436857e+01,2.454365e+01,2.457056e+01,2.451000e+01,2.444941e+01,2.479230e+01,2.475873e+01,2.479901e+01,2.475873e+01,2.489293e+01,2.496667e+01,2.493986e+01,2.509391e+01,2.525442e+01,2.526778e+01,2.527446e+01,2.526110e+01,2.538799e+01,2.551472e+01,2.544137e+01,2.555471e+01,2.561466e+01,2.561466e+01,2.560134e+01,2.563464e+01,2.566127e+01,2.571451e+01,2.580762e+01,2.583421e+01,2.573447e+01,2.565462e+01,2.575443e+01,2.571451e+01,2.573447e+01,2.563464e+01,2.560134e+01,2.556137e+01,2.549472e+01,2.550139e+01,2.546805e+01,2.526110e+01,2.455710e+01,2.438878e+01,2.400400e+01,2.411891e+01,2.423369e+01,2.434161e+01,2.449654e+01,2.434835e+01,2.409188e+01,2.407161e+01,2.403105e+01,2.388896e+01,2.394311e+01,2.397694e+01,2.394988e+01,2.373312e+01,2.377380e+01,2.398371e+01,2.386187e+01,2.384155e+01
2.380091e+01,2.373312e+01,2.373990e+01,2.378057e+01,2.378057e+01,2.372634e+01,2.372634e+01,2.380768e+01,2.379413e+01,2.382801e+01,2.380768e+01,2.392281e+01,2.386187e+01,2.382123e+01,2.378057e+01,2.388219e+01,2.403781e+01,2.405133e+01,2.394311e+01,2.409864e+01,2.407837e+01,2.409188e+01,2.408512e+01,2.405809e+01,2.406485e+01,2.418644e+01,2.415943e+01,2.415943e+01,2.417969e+01,2.420670e+01,2.438205e+01,2.451673e+01,2.428766e+01,2.449654e+01,2.473187e+01,2.533458e+01,2.554138e+01,2.567459e+01,2.566793e+01,2.587408e+01,2.598696e+01,2.591393e+01,2.605993e+01,2.616599e+01,2.606656e+01,2.616599e+01,2.621235e+01,2.619911e+01,2.620573e+01,2.622560e+01,2.625208e+01,2.625870e+01,2.627194e+01,2.619911e+01,2.617261e+01,2.616599e+01,2.629841e+01,2.622560e+01,2.625208e+01,2.627855e+01,2.623884e+01,2.638439e+01,2.644388e+01,2.625208e+01,2.644388e+01,2.640422e+01,2.641744e+01,2.625208e+01,2.629841e+01,2.625870e+01,2.626532e+01,2.623222e+01,2.628517e+01,2.622560e+01,2.611960e+01,2.606656e+01,2.619248e+01,2.609309e+01,2.598032e+01,2.599359e+01,2.594049e+01,2.576773e+01,2.588736e+01,2.568124e+01,2.561466e+01,2.533458e+01,2.527446e+01,2.502696e+01,2.488622e+01,2.489293e+01,2.477216e+01,2.475873e+01,2.504705e+01,2.507383e+01,2.525442e+01,2.518757e+01,2.526110e+01,2.532122e+01,2.532122e+01,2.556804e+01,2.563464e+01,2.562132e+01,2.581427e+01,2.580762e+01,2.592721e+01,2.577438e+01,2.581427e+01,2.578103e+01,2.575443e+01,2.573447e+01,2.576773e+01,2.576108e+01,2.558802e+01,2.572782e+01,2.572782e+01,2.566793e+01,2.567459e+01,2.597368e+01,2.583421e+01,2.591393e+01,2.595377e+01,2.593385e+01,2.598032e+01,2.598032e+01,2.624546e+01,2.597368e+01,2.595377e+01,2.596041e+01,2.584750e+01,2.592057e+01,2.580097e+01,2.582092e+01,2.584750e+01,2.590065e+01,2.595377e+01,2.591393e+01,2.613286e+01,2.610634e+01,2.578103e+01,2.567459e+01,2.566127e+01,2.567459e+01,2.579433e+01,2.565462e+01,2.550805e+01,2.555471e+01,2.551472e+01,2.554804e+01,2.552139e+01,2.551472e+01,2.528115e+01,2.540133e+01,2.544137e+01,2.546805e+01,2.536129e+01,2.538799e+01,2.524773e+01,2.524773e+01,2.518088e+01,2.544137e+01,2.546805e+01,2.553472e+01,2.561466e+01,2.568124e+01,2.570121e+01,2.572782e+01,2.554804e+01,2.566793e+01,2.562132e+01,2.555471e+01,2.575443e+01,2.567459e+01,2.572782e+01,2.565462e+01,2.581427e+01,2.582756e+01,2.590065e+01,2.576773e+01,2.596704e+01,2.582756e+01,2.578768e+01,2.576108e+01,2.583421e+01,2.564130e+01,2.540133e+01,2.504035e+01,2.478558e+01,2.457728e+01,2.449654e+01,2.432138e+01,2.446961e+01,2.446961e+01,2.447635e+01,2.449654e+01,2.446288e+01,2.439552e+01,2.449654e+01,2.436857e+01,2.449654e+01,2.436183e+01,2.440226e+01,2.438205e+01,2.442247e+01,2.428092e+01,2.432812e+01,2.440226e+01,2.440226e+01,2.438205e+01,2.434835e+01,2.446961e+01,2.438205e+01,2.438205e+01,2.442247e+01,2.435509e+01,2.434161e+01,2.446961e+01,2.437531e+01,2.436183e+01,2.434161e+01,2.426743e+01,2.424719e+01,2.438205e+01,2.435509e+01,2.432812e+01,2.424719e+01,2.435509e+01,2.436183e+01,2.434835e+01,2.441573e+01,2.436183e+01,2.438205e+01,2.442921e+01,2.439552e+01,2.434161e+01,2.434161e+01,2.436857e+01,2.438205e+01,2.436857e+01,2.437531e+01,2.441573e+01,2.442921e+01,2.439552e+01,2.444268e+01,2.446288e+01,2.450327e+01,2.430790e+01,2.430790e+01,2.433487e+01,2.437531e+01,2.444941e+01,2.444941e+01,2.444268e+01,2.437531e+01,2.439552e+01,2.440900e+01,2.436183e+01,2.438878e+01,2.434835e+01,2.437531e+01,2.434835e+01,2.440226e+01,2.431464e+01,2.434161e+01,2.426743e+01,2.427417e+01,2.430115e+01,2.428766e+01,2.432812e+01,2.424719e+01,2.438205e+01,2.440900e+01,2.424719e+01,2.422019e+01,2.438205e+01,2.424044e+01,2.430790e+01,2.425393e+01,2.424719e+01,2.424719e+01,2.428766e+01,2.426743e+01,2.431464e+01,2.429441e+01,2.425393e+01,2.426743e+01,2.423369e+01,2.424719e+01,2.423369e+01,2.415268e+01,2.426743e+01,2.415268e+01,2.422019e+01,2.421344e+01,2.419319e+01,2.421344e+01,2.415943e+01,2.413917e+01,2.409188e+01,2.410540e+01,2.415268e+01,2.417969e+01,2.400400e+01,2.397018e+01,2.397694e+01,2.416619e+01,2.413917e+01,2.404457e+01,2.417294e+01,2.401752e+01,2.400400e+01,2.405133e+01,2.401752e+01,2.401752e+01,2.396341e+01,2.405809e+01,2.403105e+01,2.397018e+01,2.396341e+01,2.398371e+01,2.398371e+01,2.399723e+01,2.407161e+01,2.397018e+01,2.406485e+01,2.400400e+01,2.403105e+01,2.400400e+01,2.400400e+01,2.407161e+01,2.401752e+01,2.401752e+01,2.401752e+01,2.404457e+01,2.404457e+01,2.403105e+01,2.405133e+01,2.405809e+01,2.401076e+01,2.404457e+01,2.405809e+01,2.405809e+01,2.403105e+01,2.401076e+01,2.402428e+01,2.406485e+01,2.401076e+01,2.399723e+01,2.409188e+01,2.387542e+01,2.402428e+01,2.400400e+01,2.403105e+01,2.399723e+01,2.402428e+01,2.405809e+01,2.398371e+01,2.406485e+01,2.407837e+01,2.394988e+01,2.396341e+01,2.397694e+01,2.403105e+01,2.403781e+01,2.394311e+01,2.411891e+01,2.402428e+01,2.400400e+01,2.415268e+01,2.398371e+01,2.404457e+01,2.405133e+01,2.403781e+01,2.394311e+01,2.405809e+01,2.403781e+01,2.393634e+01,2.409864e+01,2.396341e+01,2.411215e+01,2.407161e+01,2.404457e+01,2.407161e+01,2.405809e+01,2.407837e+01,2.409864e+01,2.407161e+01,2.411215e+01,2.411215e+01,2.413242e+01,2.410540e+01,2.405133e+01,2.404457e+01,2.402428e+01,2.404457e+01,2.402428e+01,2.404457e+01,2.405809e+01,2.405133e+01,2.406485e+01,2.407161e+01,2.415943e+01,2.417969e+01,2.416619e+01,2.410540e+01,2.408512e+01,2.417294e+01,2.408512e+01,2.439552e+01,2.415268e+01,2.411215e+01,2.413917e+01,2.428766e+01,2.421344e+01,2.432138e+01,2.417294e+01,2.415943e+01,2.415268e+01,2.419994e+01,2.426068e+01,2.415943e+01,2.417294e+01,2.427417e+01,2.428092e+01,2.421344e+01,2.428092e+01,2.426743e+01,2.419994e+01,2.412566e+01,2.414593e+01,2.412566e+01,2.418644e+01,2.424719e+01,2.427417e+01,2.428092e+01,2.428092e+01,2.415268e+01,2.424719e+01,2.431464e+01,2.436183e+01,2.432138e+01,2.438878e+01,2.422694e+01,2.419994e+01,2.422694e+01,2.422019e+01,2.427417e+01,2.423369e+01,2.424044e+01,2.420670e+01,2.425393e+01,2.401076e+01,2.402428e+01,2.371956e+01,2.376024e+01,2.379413e+01,2.393634e+01,2.392281e+01,2.411891e+01,2.414593e+01,2.422694e+01,2.419319e+01,2.424719e+01,2.432138e+01,2.435509e+01,2.432812e+01,2.437531e+01,2.434835e+01,2.434161e+01,2.438878e+01,2.421344e+01,2.439552e+01,2.432812e+01,2.422694e+01,2.413242e+01,2.422694e+01,2.441573e+01,2.437531e+01,2.435509e+01,2.418644e+01,2.433487e+01,2.430115e+01,2.432138e+01,2.437531e+01,2.434161e+01,2.416619e+01,2.415943e+01,2.415268e+01,2.387542e+01,2.363814e+01,2.369242e+01,2.366529e+01,2.369921e+01,2.373990e+01,2.380091e+01,2.366529e+01,2.371956e+01,2.382801e+01,2.369921e+01,2.346833e+01,2.371956e+01,2.337991e+01,2.337311e+01,2.334589e+01,2.325737e+01,2.328461e+01,2.320286e+01,2.324374e+01,2.323012e+01,2.315514e+01,2.310057e+01,2.308010e+01,2.304598e+01,2.288886e+01,2.307328e+01,2.294353e+01,2.290937e+01,2.299818e+01,2.283415e+01,2.291620e+01,2.298452e+01,2.296403e+01,2.319604e+01,2.320967e+01,2.310739e+01,2.318241e+01,2.321649e+01,2.328461e+01,2.330504e+01,2.329142e+01,2.331185e+01,2.331866e+01,2.329823e+01,2.332547e+01,2.321649e+01,2.330504e+01,2.329142e+01,2.330504e+01,2.340032e+01,2.390250e+01,2.416619e+01,2.426743e+01,2.430115e+01,2.424044e+01,2.388896e+01,2.329823e+01,2.323693e+01,2.323693e+01,2.350231e+01,2.377380e+01,2.399047e+01,2.419994e+01,2.411215e+01,2.394988e+01,2.409864e+01,2.402428e+01,2.382123e+01,2.381446e+01,2.373312e+01,2.368564e+01,2.369921e+01,2.352270e+01,2.354987e+01,2.357704e+01,2.333228e+01,2.360420e+01,2.342073e+01,2.359062e+01,2.320286e+01,2.327099e+01,2.313468e+01,2.311422e+01,2.337991e+01,2.340713e+01,2.361778e+01,2.373990e+01,2.394988e+01,2.408512e+01,2.433487e+01,2.415943e+01,2.453692e+01,2.430115e+01,2.454365e+01,2.444941e+01,2.447635e+01,2.474530e+01,2.454365e+01,2.457056e+01,2.477887e+01,2.473187e+01,2.481243e+01,2.493986e+01,2.512737e+01,2.489964e+01,2.524105e+01,2.522768e+01,2.522768e+01,2.542802e+01,2.539466e+01,2.533458e+01,2.546138e+01,2.559468e+01,2.559468e+01,2.560800e+01,2.560800e+01,2.557470e+01,2.562132e+01,2.569455e+01,2.569455e+01,2.568790e+01,2.574113e+01,2.570121e+01,2.576108e+01,2.564796e+01,2.576108e+01,2.571451e+01,2.567459e+01,2.557470e+01,2.549472e+01,2.532790e+01,2.486610e+01,2.459073e+01,2.414593e+01,2.419319e+01,2.413242e+01,2.429441e+01,2.453019e+01,2.453692e+01,2.432812e+01,2.431464e+01,2.414593e+01,2.416619e+01,2.405133e+01,2.405809e+01,2.392958e+01,2.385510e+01,2.390927e+01,2.397694e+01,2.391604e+01,2.380091e+01,2.391604e+01
2.378057e+01,2.380768e+01,2.373990e+01,2.378057e+01,2.376024e+01,2.376024e+01,2.378735e+01,2.374668e+01,2.372634e+01,2.374668e+01,2.381446e+01,2.384155e+01,2.388219e+01,2.384155e+01,2.397694e+01,2.385510e+01,2.386187e+01,2.388219e+01,2.404457e+01,2.411891e+01,2.410540e+01,2.405133e+01,2.414593e+01,2.411891e+01,2.413917e+01,2.420670e+01,2.417969e+01,2.416619e+01,2.436183e+01,2.426068e+01,2.440226e+01,2.419994e+01,2.432812e+01,2.478558e+01,2.532790e+01,2.537464e+01,2.566793e+01,2.576773e+01,2.569455e+01,2.587408e+01,2.586743e+01,2.604667e+01,2.603340e+01,2.613948e+01,2.614611e+01,2.622560e+01,2.631826e+01,2.623222e+01,2.623222e+01,2.628517e+01,2.627855e+01,2.630502e+01,2.637117e+01,2.617261e+01,2.632487e+01,2.619911e+01,2.618586e+01,2.630502e+01,2.640422e+01,2.636456e+01,2.628517e+01,2.638439e+01,2.639761e+01,2.635133e+01,2.630502e+01,2.640422e+01,2.638439e+01,2.641084e+01,2.627194e+01,2.625208e+01,2.625208e+01,2.619911e+01,2.622560e+01,2.604667e+01,2.619911e+01,2.619248e+01,2.605993e+01,2.605330e+01,2.598032e+01,2.596704e+01,2.603340e+01,2.574113e+01,2.582092e+01,2.570121e+01,2.552805e+01,2.536796e+01,2.534793e+01,2.514075e+01,2.506713e+01,2.479230e+01,2.473187e+01,2.473858e+01,2.471844e+01,2.487281e+01,2.504035e+01,2.509391e+01,2.524105e+01,2.518088e+01,2.535461e+01,2.545471e+01,2.558802e+01,2.558136e+01,2.563464e+01,2.578103e+01,2.570121e+01,2.570121e+01,2.572117e+01,2.574113e+01,2.558802e+01,2.566127e+01,2.573447e+01,2.572117e+01,2.555471e+01,2.552139e+01,2.560134e+01,2.555471e+01,2.572782e+01,2.579433e+01,2.583421e+01,2.591393e+01,2.587408e+01,2.592721e+01,2.592057e+01,2.598696e+01,2.591393e+01,2.595377e+01,2.587408e+01,2.583421e+01,2.588072e+01,2.576108e+01,2.580097e+01,2.580097e+01,2.585415e+01,2.584085e+01,2.589401e+01,2.576773e+01,2.560800e+01,2.565462e+01,2.555471e+01,2.554138e+01,2.568124e+01,2.564796e+01,2.558136e+01,2.554804e+01,2.545471e+01,2.543469e+01,2.550139e+01,2.556137e+01,2.550139e+01,2.528115e+01,2.538131e+01,2.532122e+01,2.527446e+01,2.529451e+01,2.524773e+01,2.522768e+01,2.526110e+01,2.520763e+01,2.516751e+01,2.526778e+01,2.545471e+01,2.524773e+01,2.527446e+01,2.527446e+01,2.558136e+01,2.555471e+01,2.550805e+01,2.532790e+01,2.555471e+01,2.530119e+01,2.546138e+01,2.558136e+01,2.540801e+01,2.559468e+01,2.580762e+01,2.570121e+01,2.588072e+01,2.582756e+01,2.595377e+01,2.589401e+01,2.578103e+01,2.583421e+01,2.580097e+01,2.564130e+01,2.560800e+01,2.538131e+01,2.506713e+01,2.483256e+01,2.475873e+01,2.451673e+01,2.454365e+01,2.446961e+01,2.448308e+01,2.448308e+01,2.445614e+01,2.451673e+01,2.450327e+01,2.433487e+01,2.440900e+01,2.442247e+01,2.444268e+01,2.438878e+01,2.457728e+01,2.437531e+01,2.439552e+01,2.435509e+01,2.435509e+01,2.441573e+01,2.437531e+01,2.444268e+01,2.448981e+01,2.426743e+01,2.434835e+01,2.444268e+01,2.438878e+01,2.435509e+01,2.438205e+01,2.428766e+01,2.430790e+01,2.436857e+01,2.438205e+01,2.436183e+01,2.434835e+01,2.436857e+01,2.436857e+01,2.439552e+01,2.426068e+01,2.434835e+01,2.436857e+01,2.436183e+01,2.437531e+01,2.438205e+01,2.430115e+01,2.438205e+01,2.437531e+01,2.434835e+01,2.434835e+01,2.438205e+01,2.436857e+01,2.438205e+01,2.440900e+01,2.434835e+01,2.446961e+01,2.440226e+01,2.428766e+01,2.433487e+01,2.440226e+01,2.434835e+01,2.435509e+01,2.437531e+01,2.440900e+01,2.443594e+01,2.443594e+01,2.429441e+01,2.438878e+01,2.431464e+01,2.436857e+01,2.436183e+01,2.435509e+01,2.434161e+01,2.434835e+01,2.438205e+01,2.425393e+01,2.422694e+01,2.411215e+01,2.426743e+01,2.431464e+01,2.424719e+01,2.434835e+01,2.427417e+01,2.438878e+01,2.430790e+01,2.437531e+01,2.419319e+01,2.424719e+01,2.421344e+01,2.426743e+01,2.424719e+01,2.431464e+01,2.428766e+01,2.427417e+01,2.415268e+01,2.427417e+01,2.427417e+01,2.430790e+01,2.430115e+01,2.422019e+01,2.416619e+01,2.420670e+01,2.417969e+01,2.416619e+01,2.410540e+01,2.420670e+01,2.417969e+01,2.404457e+01,2.413917e+01,2.405809e+01,2.416619e+01,2.406485e+01,2.400400e+01,2.413917e+01,2.399723e+01,2.407161e+01,2.405809e+01,2.401076e+01,2.419994e+01,2.405809e+01,2.407161e+01,2.397694e+01,2.409864e+01,2.402428e+01,2.402428e+01,2.393634e+01,2.403781e+01,2.393634e+01,2.394311e+01,2.395664e+01,2.399723e+01,2.405133e+01,2.400400e+01,2.397694e+01,2.399723e+01,2.398371e+01,2.397018e+01,2.397018e+01,2.396341e+01,2.390250e+01,2.409188e+01,2.401752e+01,2.387542e+01,2.400400e+01,2.403105e+01,2.401752e+01,2.396341e+01,2.401076e+01,2.403781e+01,2.403105e+01,2.404457e+01,2.405809e+01,2.405133e+01,2.400400e+01,2.402428e+01,2.400400e+01,2.403105e+01,2.399047e+01,2.405809e+01,2.398371e+01,2.406485e+01,2.405133e+01,2.397694e+01,2.400400e+01,2.400400e+01,2.397694e+01,2.403105e+01,2.406485e+01,2.399047e+01,2.412566e+01,2.392958e+01,2.394988e+01,2.395664e+01,2.399047e+01,2.402428e+01,2.412566e+01,2.407161e+01,2.391604e+01,2.393634e+01,2.403781e+01,2.394988e+01,2.401076e+01,2.408512e+01,2.405809e+01,2.385510e+01,2.403105e+01,2.401076e+01,2.399047e+01,2.401752e+01,2.400400e+01,2.409188e+01,2.403105e+01,2.404457e+01,2.401076e+01,2.403105e+01,2.407837e+01,2.409864e+01,2.382123e+01,2.404457e+01,2.407161e+01,2.408512e+01,2.407837e+01,2.395664e+01,2.412566e+01,2.401752e+01,2.397694e+01,2.399047e+01,2.405133e+01,2.403105e+01,2.406485e+01,2.405809e+01,2.403781e+01,2.409188e+01,2.411215e+01,2.413917e+01,2.403781e+01,2.421344e+01,2.401752e+01,2.413917e+01,2.414593e+01,2.415943e+01,2.415268e+01,2.413917e+01,2.411891e+01,2.419994e+01,2.407837e+01,2.419319e+01,2.420670e+01,2.413917e+01,2.413917e+01,2.422694e+01,2.414593e+01,2.416619e+01,2.413917e+01,2.413917e+01,2.424044e+01,2.412566e+01,2.422694e+01,2.410540e+01,2.426068e+01,2.411891e+01,2.411215e+01,2.422019e+01,2.423369e+01,2.426743e+01,2.411891e+01,2.428092e+01,2.430790e+01,2.424044e+01,2.424719e+01,2.421344e+01,2.428092e+01,2.438878e+01,2.416619e+01,2.424719e+01,2.418644e+01,2.430790e+01,2.415943e+01,2.422694e+01,2.419994e+01,2.423369e+01,2.429441e+01,2.423369e+01,2.403781e+01,2.386187e+01,2.379413e+01,2.379413e+01,2.378735e+01,2.392958e+01,2.392958e+01,2.411215e+01,2.414593e+01,2.408512e+01,2.415943e+01,2.419319e+01,2.426743e+01,2.422019e+01,2.436857e+01,2.423369e+01,2.426743e+01,2.431464e+01,2.434161e+01,2.420670e+01,2.419994e+01,2.419319e+01,2.424044e+01,2.416619e+01,2.415268e+01,2.439552e+01,2.422019e+01,2.438205e+01,2.432812e+01,2.432138e+01,2.432138e+01,2.432138e+01,2.430115e+01,2.429441e+01,2.423369e+01,2.404457e+01,2.376702e+01,2.350911e+01,2.342753e+01,2.367886e+01,2.354987e+01,2.362457e+01,2.370599e+01,2.392281e+01,2.386865e+01,2.385510e+01,2.398371e+01,2.371277e+01,2.365172e+01,2.349552e+01,2.340713e+01,2.344793e+01,2.318923e+01,2.331185e+01,2.332547e+01,2.329823e+01,2.323693e+01,2.308693e+01,2.308010e+01,2.318241e+01,2.306645e+01,2.302550e+01,2.301184e+01,2.286151e+01,2.296403e+01,2.295720e+01,2.295037e+01,2.285467e+01,2.282731e+01,2.295720e+01,2.301867e+01,2.304598e+01,2.307328e+01,2.318241e+01,2.318241e+01,2.312104e+01,2.325737e+01,2.325737e+01,2.333908e+01,2.341393e+01,2.341393e+01,2.331866e+01,2.333228e+01,2.329142e+01,2.329142e+01,2.326418e+01,2.331866e+01,2.351590e+01,2.386865e+01,2.407837e+01,2.424044e+01,2.422019e+01,2.419994e+01,2.419994e+01,2.367207e+01,2.347513e+01,2.348872e+01,2.343433e+01,2.350231e+01,2.399723e+01,2.406485e+01,2.395664e+01,2.399723e+01,2.380768e+01,2.382123e+01,2.381446e+01,2.372634e+01,2.371277e+01,2.378735e+01,2.361099e+01,2.354987e+01,2.345473e+01,2.342073e+01,2.350231e+01,2.330504e+01,2.329823e+01,2.327099e+01,2.318923e+01,2.333228e+01,2.312104e+01,2.326418e+01,2.346833e+01,2.365850e+01,2.352949e+01,2.379413e+01,2.395664e+01,2.419994e+01,2.404457e+01,2.413917e+01,2.433487e+01,2.439552e+01,2.440900e+01,2.446288e+01,2.440900e+01,2.455710e+01,2.451673e+01,2.463780e+01,2.473187e+01,2.480572e+01,2.468484e+01,2.486610e+01,2.493316e+01,2.494656e+01,2.521431e+01,2.519426e+01,2.540801e+01,2.519426e+01,2.544137e+01,2.544804e+01,2.534126e+01,2.530119e+01,2.550139e+01,2.560800e+01,2.511399e+01,2.567459e+01,2.566127e+01,2.574778e+01,2.562798e+01,2.568124e+01,2.567459e+01,2.564130e+01,2.565462e+01,2.576773e+01,2.580762e+01,2.562798e+01,2.552139e+01,2.561466e+01,2.549472e+01,2.526778e+01,2.482585e+01,2.437531e+01,2.407837e+01,2.404457e+01,2.407837e+01,2.426743e+01,2.450327e+01,2.453692e+01,2.430115e+01,2.444941e+01,2.436857e+01,2.418644e+01,2.401076e+01,2.394311e+01,2.386187e+01,2.392281e+01,2.390250e+01,2.396341e+01,2.401752e+01,2.397694e+01,2.393634e+01
2.372634e+01,2.369242e+01,2.363136e+01,2.374668e+01,2.361099e+01,2.354308e+01,2.375346e+01,2.373990e+01,2.376024e+01,2.381446e+01,2.375346e+01,2.384833e+01,2.393634e+01,2.387542e+01,2.386187e+01,2.403781e+01,2.402428e+01,2.404457e+01,2.406485e+01,2.411891e+01,2.405133e+01,2.408512e+01,2.411891e+01,2.417969e+01,2.410540e+01,2.420670e+01,2.421344e+01,2.418644e+01,2.420670e+01,2.432812e+01,2.431464e+01,2.431464e+01,2.451000e+01,2.526110e+01,2.543469e+01,2.564130e+01,2.591393e+01,2.568790e+01,2.591393e+01,2.592721e+01,2.613948e+01,2.604667e+01,2.624546e+01,2.619911e+01,2.625208e+01,2.626532e+01,2.627194e+01,2.646370e+01,2.648352e+01,2.652314e+01,2.627855e+01,2.654295e+01,2.654295e+01,2.647691e+01,2.649012e+01,2.625208e+01,2.625870e+01,2.627194e+01,2.623884e+01,2.624546e+01,2.625208e+01,2.623884e+01,2.629841e+01,2.639761e+01,2.643066e+01,2.635794e+01,2.643727e+01,2.635794e+01,2.627194e+01,2.627194e+01,2.623884e+01,2.617261e+01,2.625208e+01,2.611297e+01,2.625208e+01,2.612623e+01,2.621235e+01,2.615274e+01,2.583421e+01,2.594049e+01,2.597368e+01,2.593385e+01,2.565462e+01,2.565462e+01,2.585415e+01,2.561466e+01,2.536129e+01,2.532790e+01,2.492645e+01,2.482585e+01,2.481243e+01,2.464452e+01,2.487281e+01,2.471172e+01,2.486610e+01,2.483256e+01,2.515413e+01,2.521431e+01,2.524773e+01,2.554804e+01,2.544804e+01,2.559468e+01,2.572117e+01,2.562132e+01,2.576108e+01,2.580762e+01,2.562798e+01,2.566793e+01,2.566127e+01,2.561466e+01,2.552805e+01,2.565462e+01,2.552805e+01,2.543469e+01,2.553472e+01,2.551472e+01,2.576773e+01,2.586079e+01,2.587408e+01,2.584750e+01,2.582756e+01,2.593385e+01,2.597368e+01,2.594049e+01,2.592721e+01,2.588736e+01,2.596704e+01,2.591393e+01,2.559468e+01,2.582756e+01,2.576773e+01,2.557470e+01,2.561466e+01,2.574778e+01,2.568790e+01,2.570121e+01,2.556137e+01,2.554138e+01,2.553472e+01,2.564130e+01,2.554138e+01,2.564130e+01,2.550139e+01,2.566127e+01,2.542802e+01,2.545471e+01,2.529451e+01,2.524105e+01,2.522768e+01,2.530119e+01,2.528115e+01,2.535461e+01,2.523437e+01,2.524105e+01,2.516751e+01,2.518088e+01,2.508722e+01,2.506713e+01,2.514075e+01,2.520763e+01,2.526778e+01,2.542135e+01,2.527446e+01,2.526110e+01,2.524105e+01,2.528782e+01,2.531454e+01,2.523437e+01,2.526110e+01,2.530119e+01,2.531454e+01,2.540133e+01,2.543469e+01,2.540801e+01,2.582092e+01,2.563464e+01,2.564796e+01,2.576108e+01,2.578768e+01,2.576773e+01,2.575443e+01,2.579433e+01,2.581427e+01,2.575443e+01,2.568790e+01,2.537464e+01,2.533458e+01,2.528115e+01,2.540133e+01,2.534126e+01,2.518757e+01,2.503366e+01,2.500017e+01,2.493986e+01,2.460419e+01,2.461763e+01,2.450327e+01,2.434161e+01,2.453692e+01,2.448981e+01,2.446961e+01,2.444941e+01,2.448308e+01,2.444268e+01,2.442921e+01,2.440900e+01,2.437531e+01,2.444941e+01,2.442247e+01,2.434161e+01,2.433487e+01,2.436183e+01,2.430790e+01,2.436857e+01,2.442921e+01,2.438205e+01,2.435509e+01,2.435509e+01,2.428092e+01,2.437531e+01,2.442247e+01,2.429441e+01,2.435509e+01,2.436183e+01,2.435509e+01,2.440900e+01,2.428092e+01,2.430115e+01,2.434835e+01,2.429441e+01,2.438878e+01,2.441573e+01,2.432138e+01,2.434835e+01,2.437531e+01,2.437531e+01,2.435509e+01,2.436857e+01,2.454365e+01,2.434835e+01,2.438878e+01,2.438878e+01,2.438205e+01,2.433487e+01,2.427417e+01,2.436183e+01,2.432812e+01,2.434835e+01,2.438878e+01,2.435509e+01,2.433487e+01,2.435509e+01,2.444268e+01,2.434161e+01,2.436183e+01,2.430115e+01,2.428766e+01,2.429441e+01,2.432138e+01,2.434835e+01,2.436183e+01,2.426068e+01,2.430115e+01,2.420670e+01,2.439552e+01,2.428092e+01,2.432138e+01,2.430115e+01,2.435509e+01,2.434835e+01,2.423369e+01,2.419994e+01,2.415268e+01,2.434835e+01,2.427417e+01,2.424044e+01,2.423369e+01,2.422694e+01,2.416619e+01,2.414593e+01,2.429441e+01,2.427417e+01,2.430115e+01,2.422019e+01,2.419319e+01,2.422019e+01,2.419994e+01,2.423369e+01,2.424044e+01,2.419994e+01,2.419319e+01,2.422694e+01,2.412566e+01,2.423369e+01,2.419319e+01,2.420670e+01,2.415943e+01,2.409188e+01,2.415268e+01,2.413917e+01,2.420670e+01,2.416619e+01,2.413242e+01,2.412566e+01,2.407161e+01,2.399047e+01,2.405133e+01,2.403105e+01,2.403105e+01,2.413917e+01,2.398371e+01,2.401752e+01,2.401752e+01,2.392958e+01,2.394311e+01,2.393634e+01,2.398371e+01,2.398371e+01,2.407161e+01,2.397694e+01,2.391604e+01,2.402428e+01,2.401076e+01,2.396341e+01,2.403781e+01,2.401076e+01,2.389573e+01,2.405133e+01,2.405809e+01,2.423369e+01,2.407161e+01,2.404457e+01,2.394311e+01,2.401076e+01,2.395664e+01,2.389573e+01,2.403781e+01,2.394988e+01,2.403781e+01,2.402428e+01,2.404457e+01,2.402428e+01,2.394988e+01,2.402428e+01,2.398371e+01,2.404457e+01,2.406485e+01,2.406485e+01,2.395664e+01,2.403105e+01,2.401752e+01,2.396341e+01,2.401076e+01,2.402428e+01,2.403105e+01,2.402428e+01,2.408512e+01,2.402428e+01,2.399047e+01,2.408512e+01,2.398371e+01,2.397694e+01,2.405809e+01,2.403105e+01,2.413917e+01,2.402428e+01,2.399047e+01,2.394311e+01,2.406485e+01,2.404457e+01,2.389573e+01,2.402428e+01,2.393634e+01,2.409864e+01,2.399723e+01,2.397018e+01,2.410540e+01,2.394311e+01,2.399047e+01,2.398371e+01,2.398371e+01,2.403105e+01,2.401752e+01,2.404457e+01,2.409864e+01,2.403781e+01,2.404457e+01,2.404457e+01,2.407161e+01,2.403781e+01,2.404457e+01,2.404457e+01,2.401752e+01,2.405809e+01,2.401076e+01,2.402428e+01,2.405809e+01,2.407837e+01,2.406485e+01,2.411891e+01,2.424044e+01,2.415268e+01,2.413917e+01,2.414593e+01,2.419994e+01,2.415268e+01,2.407161e+01,2.415268e+01,2.413242e+01,2.415943e+01,2.418644e+01,2.421344e+01,2.417969e+01,2.411215e+01,2.409864e+01,2.415943e+01,2.433487e+01,2.413917e+01,2.417294e+01,2.412566e+01,2.410540e+01,2.419319e+01,2.424719e+01,2.424719e+01,2.416619e+01,2.420670e+01,2.419994e+01,2.424044e+01,2.418644e+01,2.409188e+01,2.422694e+01,2.417969e+01,2.426068e+01,2.428092e+01,2.434161e+01,2.424719e+01,2.426743e+01,2.428766e+01,2.413242e+01,2.421344e+01,2.426743e+01,2.424044e+01,2.425393e+01,2.423369e+01,2.430115e+01,2.426068e+01,2.424719e+01,2.432138e+01,2.426068e+01,2.422694e+01,2.420670e+01,2.384833e+01,2.389573e+01,2.371956e+01,2.391604e+01,2.378735e+01,2.394311e+01,2.409188e+01,2.413917e+01,2.420670e+01,2.433487e+01,2.424044e+01,2.420670e+01,2.425393e+01,2.428092e+01,2.424044e+01,2.426068e+01,2.434835e+01,2.442921e+01,2.430790e+01,2.428766e+01,2.421344e+01,2.411891e+01,2.432812e+01,2.440226e+01,2.439552e+01,2.440226e+01,2.429441e+01,2.422694e+01,2.433487e+01,2.431464e+01,2.446961e+01,2.445614e+01,2.444941e+01,2.456383e+01,2.425393e+01,2.383478e+01,2.352270e+01,2.365850e+01,2.367886e+01,2.370599e+01,2.370599e+01,2.391604e+01,2.388219e+01,2.397694e+01,2.396341e+01,2.403781e+01,2.399047e+01,2.370599e+01,2.363814e+01,2.371956e+01,2.354308e+01,2.333228e+01,2.325737e+01,2.329823e+01,2.323693e+01,2.322330e+01,2.322330e+01,2.316877e+01,2.317559e+01,2.305963e+01,2.300501e+01,2.300501e+01,2.291620e+01,2.283415e+01,2.292303e+01,2.288886e+01,2.289569e+01,2.293670e+01,2.291620e+01,2.291620e+01,2.301867e+01,2.312104e+01,2.310057e+01,2.333908e+01,2.318923e+01,2.302550e+01,2.327780e+01,2.319604e+01,2.331866e+01,2.333228e+01,2.335269e+01,2.331866e+01,2.338672e+01,2.335950e+01,2.335269e+01,2.352270e+01,2.371277e+01,2.415268e+01,2.428092e+01,2.421344e+01,2.424719e+01,2.428092e+01,2.403105e+01,2.382123e+01,2.359741e+01,2.356346e+01,2.349552e+01,2.346153e+01,2.388896e+01,2.405133e+01,2.387542e+01,2.402428e+01,2.380768e+01,2.384155e+01,2.351590e+01,2.379413e+01,2.359741e+01,2.339352e+01,2.354308e+01,2.337991e+01,2.325056e+01,2.327780e+01,2.319604e+01,2.329823e+01,2.314832e+01,2.331866e+01,2.331185e+01,2.317559e+01,2.329823e+01,2.335269e+01,2.333908e+01,2.352270e+01,2.367207e+01,2.369921e+01,2.407837e+01,2.403781e+01,2.415268e+01,2.413242e+01,2.428766e+01,2.422019e+01,2.427417e+01,2.437531e+01,2.447635e+01,2.442921e+01,2.451000e+01,2.461091e+01,2.469828e+01,2.466469e+01,2.485940e+01,2.479230e+01,2.489964e+01,2.491305e+01,2.506044e+01,2.511399e+01,2.514075e+01,2.524773e+01,2.541468e+01,2.536129e+01,2.538131e+01,2.535461e+01,2.548138e+01,2.556804e+01,2.550805e+01,2.558802e+01,2.548805e+01,2.567459e+01,2.561466e+01,2.560800e+01,2.563464e+01,2.560800e+01,2.556804e+01,2.562132e+01,2.576108e+01,2.554804e+01,2.580097e+01,2.550139e+01,2.540133e+01,2.510060e+01,2.472515e+01,2.451673e+01,2.426743e+01,2.401752e+01,2.407161e+01,2.410540e+01,2.453692e+01,2.454365e+01,2.454365e+01,2.449654e+01,2.448981e+01,2.438205e+01,2.424044e+01,2.402428e+01,2.388896e+01,2.370599e+01,2.389573e+01,2.392281e+01,2.432138e+01,2.432138e+01,2.449654e+01
2.362457e+01,2.370599e+01,2.382801e+01,2.382123e+01,2.373990e+01,2.379413e+01,2.378735e+01,2.383478e+01,2.383478e+01,2.381446e+01,2.378735e+01,2.382123e+01,2.385510e+01,2.392281e+01,2.404457e+01,2.392281e+01,2.409864e+01,2.399047e+01,2.406485e+01,2.407837e+01,2.405809e+01,2.409864e+01,2.410540e+01,2.409188e+01,2.406485e+01,2.417969e+01,2.422019e+01,2.431464e+01,2.434161e+01,2.429441e+01,2.437531e+01,2.444268e+01,2.470500e+01,2.514075e+01,2.553472e+01,2.564130e+01,2.578103e+01,2.579433e+01,2.607982e+01,2.581427e+01,2.625208e+01,2.619248e+01,2.619248e+01,2.630502e+01,2.626532e+01,2.628517e+01,2.650994e+01,2.632487e+01,2.652314e+01,2.650333e+01,2.655615e+01,2.637117e+01,2.653635e+01,2.650333e+01,2.643727e+01,2.641084e+01,2.645049e+01,2.637117e+01,2.623884e+01,2.621898e+01,2.630502e+01,2.625208e+01,2.629179e+01,2.641084e+01,2.629179e+01,2.629841e+01,2.631826e+01,2.627194e+01,2.627855e+01,2.622560e+01,2.617261e+01,2.614611e+01,2.614611e+01,2.614611e+01,2.600686e+01,2.615274e+01,2.610634e+01,2.605330e+01,2.621235e+01,2.602013e+01,2.599359e+01,2.592721e+01,2.593385e+01,2.593385e+01,2.590065e+01,2.544804e+01,2.544137e+01,2.533458e+01,2.506713e+01,2.500687e+01,2.472515e+01,2.471172e+01,2.471172e+01,2.471844e+01,2.472515e+01,2.485269e+01,2.512737e+01,2.513406e+01,2.520763e+01,2.544804e+01,2.547471e+01,2.555471e+01,2.556804e+01,2.557470e+01,2.545471e+01,2.564130e+01,2.550805e+01,2.546805e+01,2.544804e+01,2.551472e+01,2.547471e+01,2.550139e+01,2.544804e+01,2.546138e+01,2.558136e+01,2.560134e+01,2.583421e+01,2.583421e+01,2.579433e+01,2.582756e+01,2.582092e+01,2.592057e+01,2.589401e+01,2.590065e+01,2.592721e+01,2.584085e+01,2.584750e+01,2.578103e+01,2.580097e+01,2.568124e+01,2.571451e+01,2.551472e+01,2.573447e+01,2.570786e+01,2.571451e+01,2.568790e+01,2.568124e+01,2.557470e+01,2.559468e+01,2.561466e+01,2.562798e+01,2.557470e+01,2.556137e+01,2.530119e+01,2.529451e+01,2.522768e+01,2.523437e+01,2.525442e+01,2.518757e+01,2.518088e+01,2.520763e+01,2.517419e+01,2.516751e+01,2.516751e+01,2.520094e+01,2.516751e+01,2.508052e+01,2.506044e+01,2.502026e+01,2.504035e+01,2.524773e+01,2.522768e+01,2.518088e+01,2.520763e+01,2.524105e+01,2.523437e+01,2.520763e+01,2.519426e+01,2.518757e+01,2.516751e+01,2.535461e+01,2.530119e+01,2.542135e+01,2.545471e+01,2.562798e+01,2.564796e+01,2.570786e+01,2.576108e+01,2.588072e+01,2.588072e+01,2.589401e+01,2.581427e+01,2.577438e+01,2.582092e+01,2.562132e+01,2.556804e+01,2.554804e+01,2.532790e+01,2.538799e+01,2.542135e+01,2.600023e+01,2.619248e+01,2.625208e+01,2.621235e+01,2.608646e+01,2.562798e+01,2.530787e+01,2.514075e+01,2.474530e+01,2.471844e+01,2.469828e+01,2.448308e+01,2.448308e+01,2.449654e+01,2.448308e+01,2.444941e+01,2.440900e+01,2.442921e+01,2.445614e+01,2.443594e+01,2.432138e+01,2.429441e+01,2.432812e+01,2.450327e+01,2.435509e+01,2.434161e+01,2.435509e+01,2.434835e+01,2.436183e+01,2.426743e+01,2.434835e+01,2.435509e+01,2.433487e+01,2.438878e+01,2.434161e+01,2.426743e+01,2.430115e+01,2.431464e+01,2.430790e+01,2.432812e+01,2.437531e+01,2.436857e+01,2.434835e+01,2.436857e+01,2.434161e+01,2.431464e+01,2.439552e+01,2.435509e+01,2.438205e+01,2.435509e+01,2.445614e+01,2.444268e+01,2.430115e+01,2.424044e+01,2.435509e+01,2.436183e+01,2.432138e+01,2.438205e+01,2.442921e+01,2.427417e+01,2.434161e+01,2.434161e+01,2.436183e+01,2.432138e+01,2.434835e+01,2.436183e+01,2.431464e+01,2.442247e+01,2.429441e+01,2.447635e+01,2.426068e+01,2.444268e+01,2.428766e+01,2.436183e+01,2.431464e+01,2.432812e+01,2.430115e+01,2.429441e+01,2.425393e+01,2.436183e+01,2.436183e+01,2.434161e+01,2.436857e+01,2.422694e+01,2.428766e+01,2.424044e+01,2.425393e+01,2.422694e+01,2.417969e+01,2.427417e+01,2.432812e+01,2.425393e+01,2.424719e+01,2.426743e+01,2.414593e+01,2.428092e+01,2.426068e+01,2.416619e+01,2.422694e+01,2.416619e+01,2.427417e+01,2.419994e+01,2.419319e+01,2.409864e+01,2.422694e+01,2.415268e+01,2.423369e+01,2.413917e+01,2.413917e+01,2.416619e+01,2.401752e+01,2.417294e+01,2.402428e+01,2.384833e+01,2.403105e+01,2.405809e+01,2.405809e+01,2.401752e+01,2.403781e+01,2.401752e+01,2.397018e+01,2.394988e+01,2.394311e+01,2.407837e+01,2.393634e+01,2.398371e+01,2.397018e+01,2.397018e+01,2.397018e+01,2.397694e+01,2.398371e+01,2.406485e+01,2.401752e+01,2.404457e+01,2.399047e+01,2.399723e+01,2.396341e+01,2.397694e+01,2.397018e+01,2.388219e+01,2.390250e+01,2.391604e+01,2.403105e+01,2.403781e+01,2.402428e+01,2.403781e+01,2.398371e+01,2.405809e+01,2.406485e+01,2.404457e+01,2.403781e+01,2.405133e+01,2.405133e+01,2.391604e+01,2.404457e+01,2.404457e+01,2.404457e+01,2.405809e+01,2.401752e+01,2.408512e+01,2.403105e+01,2.401076e+01,2.403105e+01,2.400400e+01,2.408512e+01,2.398371e+01,2.405809e+01,2.404457e+01,2.395664e+01,2.397018e+01,2.401076e+01,2.398371e+01,2.399723e+01,2.405133e+01,2.407837e+01,2.413242e+01,2.390250e+01,2.405809e+01,2.402428e+01,2.409188e+01,2.405809e+01,2.394988e+01,2.407161e+01,2.399723e+01,2.407837e+01,2.402428e+01,2.407161e+01,2.408512e+01,2.410540e+01,2.400400e+01,2.409864e+01,2.397694e+01,2.397694e+01,2.404457e+01,2.405809e+01,2.404457e+01,2.407161e+01,2.407161e+01,2.403781e+01,2.407837e+01,2.401076e+01,2.411215e+01,2.402428e+01,2.405809e+01,2.404457e+01,2.399723e+01,2.402428e+01,2.400400e+01,2.403781e+01,2.403781e+01,2.412566e+01,2.411215e+01,2.412566e+01,2.408512e+01,2.412566e+01,2.408512e+01,2.416619e+01,2.405809e+01,2.415943e+01,2.416619e+01,2.416619e+01,2.415268e+01,2.427417e+01,2.420670e+01,2.413917e+01,2.420670e+01,2.420670e+01,2.414593e+01,2.419319e+01,2.407837e+01,2.409864e+01,2.422694e+01,2.425393e+01,2.419994e+01,2.429441e+01,2.413242e+01,2.415943e+01,2.415268e+01,2.421344e+01,2.413917e+01,2.422019e+01,2.424044e+01,2.428092e+01,2.431464e+01,2.427417e+01,2.428766e+01,2.424719e+01,2.430115e+01,2.425393e+01,2.426743e+01,2.428766e+01,2.420670e+01,2.428766e+01,2.418644e+01,2.416619e+01,2.432812e+01,2.419319e+01,2.432812e+01,2.425393e+01,2.420670e+01,2.417969e+01,2.412566e+01,2.377380e+01,2.384833e+01,2.383478e+01,2.399047e+01,2.407837e+01,2.411215e+01,2.434161e+01,2.417969e+01,2.430790e+01,2.432138e+01,2.440226e+01,2.438878e+01,2.436857e+01,2.434835e+01,2.429441e+01,2.433487e+01,2.430115e+01,2.433487e+01,2.437531e+01,2.459073e+01,2.452346e+01,2.463780e+01,2.452346e+01,2.469828e+01,2.480572e+01,2.485940e+01,2.484598e+01,2.489293e+01,2.506713e+01,2.514744e+01,2.502696e+01,2.506044e+01,2.512068e+01,2.500687e+01,2.465124e+01,2.440900e+01,2.393634e+01,2.397694e+01,2.402428e+01,2.401076e+01,2.411891e+01,2.428766e+01,2.430790e+01,2.425393e+01,2.422019e+01,2.422019e+01,2.399047e+01,2.371277e+01,2.363814e+01,2.333908e+01,2.325056e+01,2.332547e+01,2.325056e+01,2.324374e+01,2.321649e+01,2.318241e+01,2.308010e+01,2.318241e+01,2.304598e+01,2.303232e+01,2.310739e+01,2.292987e+01,2.293670e+01,2.304598e+01,2.289569e+01,2.285467e+01,2.281363e+01,2.300501e+01,2.299818e+01,2.306645e+01,2.305280e+01,2.301867e+01,2.313468e+01,2.322330e+01,2.314150e+01,2.341393e+01,2.331866e+01,2.335950e+01,2.331185e+01,2.328461e+01,2.333228e+01,2.335269e+01,2.355667e+01,2.350911e+01,2.355667e+01,2.371277e+01,2.396341e+01,2.412566e+01,2.392958e+01,2.419319e+01,2.419319e+01,2.392281e+01,2.394988e+01,2.360420e+01,2.364493e+01,2.362457e+01,2.354987e+01,2.384155e+01,2.400400e+01,2.390250e+01,2.384155e+01,2.371277e+01,2.394311e+01,2.373312e+01,2.367207e+01,2.356346e+01,2.355667e+01,2.346153e+01,2.330504e+01,2.320967e+01,2.327099e+01,2.327099e+01,2.314150e+01,2.316877e+01,2.312786e+01,2.316877e+01,2.299135e+01,2.311422e+01,2.328461e+01,2.344113e+01,2.362457e+01,2.384833e+01,2.405809e+01,2.404457e+01,2.412566e+01,2.411891e+01,2.417969e+01,2.405809e+01,2.423369e+01,2.436183e+01,2.438205e+01,2.438205e+01,2.439552e+01,2.440226e+01,2.462436e+01,2.465124e+01,2.467813e+01,2.473187e+01,2.480572e+01,2.487281e+01,2.501357e+01,2.498007e+01,2.503366e+01,2.518088e+01,2.540801e+01,2.522768e+01,2.540801e+01,2.538131e+01,2.538131e+01,2.542802e+01,2.552139e+01,2.554804e+01,2.552805e+01,2.554138e+01,2.565462e+01,2.568124e+01,2.544137e+01,2.558802e+01,2.550805e+01,2.563464e+01,2.564130e+01,2.546805e+01,2.563464e+01,2.553472e+01,2.546805e+01,2.525442e+01,2.489293e+01,2.467813e+01,2.463780e+01,2.430115e+01,2.424719e+01,2.428092e+01,2.438205e+01,2.450327e+01,2.469828e+01,2.476544e+01,2.486610e+01,2.495997e+01,2.489964e+01,2.465796e+01,2.448308e+01,2.424719e+01,2.405809e+01,2.392281e+01,2.373990e+01,2.405133e+01,2.444941e+01,2.496667e+01
2.379413e+01,2.370599e+01,2.376702e+01,2.373312e+01,2.380768e+01,2.377380e+01,2.382123e+01,2.384155e+01,2.385510e+01,2.390250e+01,2.393634e+01,2.388219e+01,2.378057e+01,2.390927e+01,2.397694e+01,2.391604e+01,2.403781e+01,2.405809e+01,2.407161e+01,2.407161e+01,2.404457e+01,2.405133e+01,2.406485e+01,2.411215e+01,2.413917e+01,2.412566e+01,2.437531e+01,2.422019e+01,2.426743e+01,2.435509e+01,2.434835e+01,2.468484e+01,2.504035e+01,2.542802e+01,2.562798e+01,2.555471e+01,2.583421e+01,2.599359e+01,2.606656e+01,2.607982e+01,2.609309e+01,2.623884e+01,2.624546e+01,2.631826e+01,2.633810e+01,2.653635e+01,2.647031e+01,2.652975e+01,2.651654e+01,2.652314e+01,2.656275e+01,2.652314e+01,2.655615e+01,2.646370e+01,2.649012e+01,2.644388e+01,2.644388e+01,2.647031e+01,2.644388e+01,2.637778e+01,2.629841e+01,2.624546e+01,2.625870e+01,2.635794e+01,2.635794e+01,2.624546e+01,2.628517e+01,2.620573e+01,2.627855e+01,2.623884e+01,2.621235e+01,2.617261e+01,2.602677e+01,2.616599e+01,2.613948e+01,2.609971e+01,2.613948e+01,2.603340e+01,2.600023e+01,2.611297e+01,2.600023e+01,2.614611e+01,2.596041e+01,2.593385e+01,2.568124e+01,2.552139e+01,2.537464e+01,2.535461e+01,2.504705e+01,2.490634e+01,2.497337e+01,2.471844e+01,2.463780e+01,2.466469e+01,2.461091e+01,2.481243e+01,2.480572e+01,2.505375e+01,2.514075e+01,2.528115e+01,2.553472e+01,2.554138e+01,2.554804e+01,2.548138e+01,2.552805e+01,2.543469e+01,2.547471e+01,2.551472e+01,2.548805e+01,2.544137e+01,2.546805e+01,2.546138e+01,2.555471e+01,2.564130e+01,2.561466e+01,2.568124e+01,2.583421e+01,2.588736e+01,2.584085e+01,2.588072e+01,2.582756e+01,2.588072e+01,2.590065e+01,2.592057e+01,2.592057e+01,2.580097e+01,2.594049e+01,2.573447e+01,2.582756e+01,2.566793e+01,2.566793e+01,2.572117e+01,2.563464e+01,2.571451e+01,2.574778e+01,2.570121e+01,2.566127e+01,2.574113e+01,2.561466e+01,2.558136e+01,2.553472e+01,2.552139e+01,2.538799e+01,2.540133e+01,2.527446e+01,2.526778e+01,2.512068e+01,2.513406e+01,2.501357e+01,2.507383e+01,2.518088e+01,2.517419e+01,2.518757e+01,2.506713e+01,2.510060e+01,2.510060e+01,2.493986e+01,2.510730e+01,2.509391e+01,2.495997e+01,2.500687e+01,2.491975e+01,2.487281e+01,2.504035e+01,2.507383e+01,2.520094e+01,2.508052e+01,2.514744e+01,2.499347e+01,2.496667e+01,2.522768e+01,2.528782e+01,2.536796e+01,2.540133e+01,2.544137e+01,2.545471e+01,2.566793e+01,2.576108e+01,2.576108e+01,2.576773e+01,2.583421e+01,2.588736e+01,2.579433e+01,2.576108e+01,2.572117e+01,2.564130e+01,2.550139e+01,2.545471e+01,2.520094e+01,2.514744e+01,2.522768e+01,2.544137e+01,2.614611e+01,2.677376e+01,2.685277e+01,2.683961e+01,2.672763e+01,2.660235e+01,2.643066e+01,2.612623e+01,2.568124e+01,2.546805e+01,2.525442e+01,2.472515e+01,2.471844e+01,2.469828e+01,2.462436e+01,2.451673e+01,2.450327e+01,2.453692e+01,2.438205e+01,2.442247e+01,2.433487e+01,2.434161e+01,2.433487e+01,2.438205e+01,2.436183e+01,2.436857e+01,2.438205e+01,2.437531e+01,2.439552e+01,2.434161e+01,2.436183e+01,2.435509e+01,2.428092e+01,2.443594e+01,2.439552e+01,2.431464e+01,2.435509e+01,2.437531e+01,2.440900e+01,2.433487e+01,2.437531e+01,2.424044e+01,2.430115e+01,2.432812e+01,2.434835e+01,2.432812e+01,2.434161e+01,2.440226e+01,2.432138e+01,2.429441e+01,2.433487e+01,2.432812e+01,2.432812e+01,2.422019e+01,2.419319e+01,2.438205e+01,2.439552e+01,2.437531e+01,2.436183e+01,2.435509e+01,2.430115e+01,2.437531e+01,2.438205e+01,2.440226e+01,2.428766e+01,2.438205e+01,2.431464e+01,2.434161e+01,2.427417e+01,2.432812e+01,2.434161e+01,2.430790e+01,2.428766e+01,2.427417e+01,2.428766e+01,2.448308e+01,2.435509e+01,2.420670e+01,2.434161e+01,2.433487e+01,2.419994e+01,2.418644e+01,2.428092e+01,2.423369e+01,2.422019e+01,2.421344e+01,2.421344e+01,2.417294e+01,2.422694e+01,2.431464e+01,2.422694e+01,2.421344e+01,2.427417e+01,2.426068e+01,2.430115e+01,2.419319e+01,2.423369e+01,2.426068e+01,2.424044e+01,2.429441e+01,2.421344e+01,2.416619e+01,2.419994e+01,2.419319e+01,2.414593e+01,2.407161e+01,2.420670e+01,2.403781e+01,2.406485e+01,2.410540e+01,2.406485e+01,2.421344e+01,2.422694e+01,2.403105e+01,2.402428e+01,2.401752e+01,2.407837e+01,2.405809e+01,2.401076e+01,2.417294e+01,2.403781e+01,2.386865e+01,2.394988e+01,2.393634e+01,2.401076e+01,2.397018e+01,2.394311e+01,2.402428e+01,2.398371e+01,2.395664e+01,2.401076e+01,2.398371e+01,2.392281e+01,2.392281e+01,2.386187e+01,2.392958e+01,2.378057e+01,2.395664e+01,2.394988e+01,2.396341e+01,2.396341e+01,2.407161e+01,2.392958e+01,2.400400e+01,2.397694e+01,2.401076e+01,2.394311e+01,2.392281e+01,2.405809e+01,2.404457e+01,2.393634e+01,2.402428e+01,2.409188e+01,2.388896e+01,2.405809e+01,2.406485e+01,2.401076e+01,2.393634e+01,2.393634e+01,2.401752e+01,2.401752e+01,2.405133e+01,2.399723e+01,2.400400e+01,2.399723e+01,2.399723e+01,2.405133e+01,2.402428e+01,2.401752e+01,2.401752e+01,2.411215e+01,2.390927e+01,2.407161e+01,2.406485e+01,2.390250e+01,2.389573e+01,2.403105e+01,2.401076e+01,2.401076e+01,2.399723e+01,2.401076e+01,2.401752e+01,2.402428e+01,2.390250e+01,2.389573e+01,2.411215e+01,2.412566e+01,2.397694e+01,2.406485e+01,2.408512e+01,2.402428e+01,2.405133e+01,2.405133e+01,2.404457e+01,2.403105e+01,2.402428e+01,2.407837e+01,2.405133e+01,2.408512e+01,2.411215e+01,2.417294e+01,2.408512e+01,2.409188e+01,2.407161e+01,2.399723e+01,2.403781e+01,2.399047e+01,2.418644e+01,2.405809e+01,2.404457e+01,2.417294e+01,2.407837e+01,2.412566e+01,2.413917e+01,2.411891e+01,2.408512e+01,2.416619e+01,2.417294e+01,2.416619e+01,2.419319e+01,2.415943e+01,2.424044e+01,2.420670e+01,2.435509e+01,2.422019e+01,2.409864e+01,2.435509e+01,2.434161e+01,2.419319e+01,2.434835e+01,2.421344e+01,2.433487e+01,2.424044e+01,2.429441e+01,2.428092e+01,2.420670e+01,2.411891e+01,2.426743e+01,2.426743e+01,2.432138e+01,2.434161e+01,2.434161e+01,2.427417e+01,2.414593e+01,2.423369e+01,2.436183e+01,2.436183e+01,2.424044e+01,2.430115e+01,2.434835e+01,2.422019e+01,2.419319e+01,2.432138e+01,2.422694e+01,2.424044e+01,2.428766e+01,2.426743e+01,2.421344e+01,2.419319e+01,2.419994e+01,2.388219e+01,2.390250e+01,2.385510e+01,2.417294e+01,2.427417e+01,2.446961e+01,2.449654e+01,2.443594e+01,2.439552e+01,2.438878e+01,2.469156e+01,2.470500e+01,2.473187e+01,2.473858e+01,2.495326e+01,2.496667e+01,2.494656e+01,2.496667e+01,2.504705e+01,2.521431e+01,2.518757e+01,2.524105e+01,2.503366e+01,2.503366e+01,2.523437e+01,2.503366e+01,2.530119e+01,2.513406e+01,2.518757e+01,2.521431e+01,2.509391e+01,2.529451e+01,2.507383e+01,2.510060e+01,2.521431e+01,2.499347e+01,2.477216e+01,2.475201e+01,2.472515e+01,2.455710e+01,2.440226e+01,2.448308e+01,2.446288e+01,2.436183e+01,2.432812e+01,2.434161e+01,2.399047e+01,2.378735e+01,2.372634e+01,2.357025e+01,2.351590e+01,2.333228e+01,2.316877e+01,2.314150e+01,2.314832e+01,2.317559e+01,2.314150e+01,2.313468e+01,2.315514e+01,2.303915e+01,2.301867e+01,2.295037e+01,2.299135e+01,2.289569e+01,2.291620e+01,2.299135e+01,2.284783e+01,2.299818e+01,2.301867e+01,2.301867e+01,2.303232e+01,2.324374e+01,2.319604e+01,2.325737e+01,2.331866e+01,2.333908e+01,2.332547e+01,2.340713e+01,2.335269e+01,2.337991e+01,2.336630e+01,2.350231e+01,2.365850e+01,2.359062e+01,2.370599e+01,2.378735e+01,2.377380e+01,2.377380e+01,2.392958e+01,2.373312e+01,2.372634e+01,2.373312e+01,2.404457e+01,2.390250e+01,2.371956e+01,2.368564e+01,2.371277e+01,2.367207e+01,2.386187e+01,2.392958e+01,2.377380e+01,2.376024e+01,2.373990e+01,2.351590e+01,2.352949e+01,2.339352e+01,2.342073e+01,2.325056e+01,2.327780e+01,2.314832e+01,2.317559e+01,2.310739e+01,2.320286e+01,2.305963e+01,2.315514e+01,2.299818e+01,2.303232e+01,2.305280e+01,2.313468e+01,2.349552e+01,2.363814e+01,2.364493e+01,2.394311e+01,2.408512e+01,2.405809e+01,2.411215e+01,2.407837e+01,2.426743e+01,2.426068e+01,2.424719e+01,2.434161e+01,2.438878e+01,2.453019e+01,2.443594e+01,2.444941e+01,2.467813e+01,2.464452e+01,2.479901e+01,2.484598e+01,2.482585e+01,2.483256e+01,2.491975e+01,2.500017e+01,2.524105e+01,2.522100e+01,2.515413e+01,2.534126e+01,2.518088e+01,2.544804e+01,2.540133e+01,2.546138e+01,2.554138e+01,2.549472e+01,2.547471e+01,2.552805e+01,2.530119e+01,2.530119e+01,2.558802e+01,2.556804e+01,2.561466e+01,2.542135e+01,2.539466e+01,2.548138e+01,2.544137e+01,2.541468e+01,2.507383e+01,2.504035e+01,2.496667e+01,2.458401e+01,2.460419e+01,2.445614e+01,2.457056e+01,2.448308e+01,2.464452e+01,2.479230e+01,2.506044e+01,2.514744e+01,2.535461e+01,2.556137e+01,2.533458e+01,2.526110e+01,2.513406e+01,2.464452e+01,2.418644e+01,2.395664e+01,2.407161e+01,2.465796e+01,2.479230e+01
2.363136e+01,2.373312e+01,2.362457e+01,2.384155e+01,2.376702e+01,2.376702e+01,2.381446e+01,2.384833e+01,2.386865e+01,2.382801e+01,2.390250e+01,2.393634e+01,2.409864e+01,2.380768e+01,2.398371e+01,2.399723e+01,2.401076e+01,2.399723e+01,2.405133e+01,2.417294e+01,2.406485e+01,2.409188e+01,2.423369e+01,2.403781e+01,2.409864e+01,2.422694e+01,2.421344e+01,2.424044e+01,2.426743e+01,2.435509e+01,2.435509e+01,2.469156e+01,2.510730e+01,2.544137e+01,2.560134e+01,2.580097e+01,2.598032e+01,2.582756e+01,2.611297e+01,2.611960e+01,2.613286e+01,2.616599e+01,2.628517e+01,2.633149e+01,2.633149e+01,2.648352e+01,2.649012e+01,2.646370e+01,2.654955e+01,2.650994e+01,2.649012e+01,2.654295e+01,2.650994e+01,2.654295e+01,2.649673e+01,2.635133e+01,2.660895e+01,2.641744e+01,2.645049e+01,2.640422e+01,2.627194e+01,2.647691e+01,2.620573e+01,2.647031e+01,2.630502e+01,2.627194e+01,2.627855e+01,2.627194e+01,2.629179e+01,2.628517e+01,2.616599e+01,2.615936e+01,2.615274e+01,2.607982e+01,2.607319e+01,2.613948e+01,2.586743e+01,2.594049e+01,2.600686e+01,2.603340e+01,2.599359e+01,2.605993e+01,2.596704e+01,2.591393e+01,2.566127e+01,2.564130e+01,2.544804e+01,2.538799e+01,2.515413e+01,2.496667e+01,2.508052e+01,2.461763e+01,2.466469e+01,2.455710e+01,2.457056e+01,2.470500e+01,2.477216e+01,2.488622e+01,2.512737e+01,2.516751e+01,2.529451e+01,2.545471e+01,2.552805e+01,2.550139e+01,2.554138e+01,2.540801e+01,2.550805e+01,2.558136e+01,2.560134e+01,2.543469e+01,2.544137e+01,2.547471e+01,2.552139e+01,2.551472e+01,2.565462e+01,2.573447e+01,2.583421e+01,2.576108e+01,2.581427e+01,2.583421e+01,2.581427e+01,2.584750e+01,2.590729e+01,2.585415e+01,2.588072e+01,2.579433e+01,2.578768e+01,2.566793e+01,2.568790e+01,2.569455e+01,2.565462e+01,2.572782e+01,2.578103e+01,2.572782e+01,2.575443e+01,2.576108e+01,2.572117e+01,2.560800e+01,2.564130e+01,2.564130e+01,2.546805e+01,2.544804e+01,2.548138e+01,2.528782e+01,2.524105e+01,2.515413e+01,2.498007e+01,2.494656e+01,2.502026e+01,2.492645e+01,2.491305e+01,2.516751e+01,2.487952e+01,2.503366e+01,2.488622e+01,2.492645e+01,2.481914e+01,2.481243e+01,2.477887e+01,2.492645e+01,2.491305e+01,2.484598e+01,2.486610e+01,2.494656e+01,2.493316e+01,2.481243e+01,2.491305e+01,2.494656e+01,2.499347e+01,2.484598e+01,2.498007e+01,2.509391e+01,2.539466e+01,2.534126e+01,2.540133e+01,2.559468e+01,2.566793e+01,2.574778e+01,2.570786e+01,2.562132e+01,2.576773e+01,2.575443e+01,2.576108e+01,2.576773e+01,2.564130e+01,2.571451e+01,2.557470e+01,2.536796e+01,2.532122e+01,2.523437e+01,2.511399e+01,2.513406e+01,2.573447e+01,2.691200e+01,2.734532e+01,2.735842e+01,2.718139e+01,2.720763e+01,2.722731e+01,2.699092e+01,2.672104e+01,2.670127e+01,2.662874e+01,2.635794e+01,2.615936e+01,2.584085e+01,2.528782e+01,2.520094e+01,2.470500e+01,2.459073e+01,2.448981e+01,2.442247e+01,2.434161e+01,2.438878e+01,2.440900e+01,2.448981e+01,2.434835e+01,2.439552e+01,2.436183e+01,2.451000e+01,2.437531e+01,2.444941e+01,2.444941e+01,2.443594e+01,2.440226e+01,2.437531e+01,2.436183e+01,2.432138e+01,2.428092e+01,2.436183e+01,2.434161e+01,2.438878e+01,2.435509e+01,2.433487e+01,2.435509e+01,2.436857e+01,2.437531e+01,2.432812e+01,2.433487e+01,2.444268e+01,2.442247e+01,2.431464e+01,2.434161e+01,2.434161e+01,2.430115e+01,2.435509e+01,2.430790e+01,2.437531e+01,2.442921e+01,2.435509e+01,2.430115e+01,2.436183e+01,2.437531e+01,2.439552e+01,2.436183e+01,2.427417e+01,2.426068e+01,2.434161e+01,2.430115e+01,2.438205e+01,2.428092e+01,2.424044e+01,2.446288e+01,2.429441e+01,2.430790e+01,2.430115e+01,2.430115e+01,2.432812e+01,2.422694e+01,2.428092e+01,2.422694e+01,2.432138e+01,2.419994e+01,2.435509e+01,2.429441e+01,2.427417e+01,2.428766e+01,2.423369e+01,2.430115e+01,2.424044e+01,2.426068e+01,2.424044e+01,2.432138e+01,2.412566e+01,2.417969e+01,2.417969e+01,2.419319e+01,2.409864e+01,2.422019e+01,2.422694e+01,2.417969e+01,2.420670e+01,2.403781e+01,2.417969e+01,2.415268e+01,2.417969e+01,2.408512e+01,2.411891e+01,2.405133e+01,2.411891e+01,2.399723e+01,2.414593e+01,2.407837e+01,2.417294e+01,2.404457e+01,2.410540e+01,2.403105e+01,2.402428e+01,2.405809e+01,2.400400e+01,2.401076e+01,2.405133e+01,2.401076e+01,2.397694e+01,2.396341e+01,2.402428e+01,2.397018e+01,2.399723e+01,2.406485e+01,2.401076e+01,2.401076e+01,2.401076e+01,2.403781e+01,2.401752e+01,2.390250e+01,2.392281e+01,2.393634e+01,2.411215e+01,2.395664e+01,2.401076e+01,2.395664e+01,2.397694e+01,2.396341e+01,2.413242e+01,2.399723e+01,2.403105e+01,2.394988e+01,2.392958e+01,2.398371e+01,2.405133e+01,2.405133e+01,2.405809e+01,2.413242e+01,2.406485e+01,2.401076e+01,2.401752e+01,2.398371e+01,2.401752e+01,2.403781e+01,2.403105e+01,2.404457e+01,2.404457e+01,2.394988e+01,2.404457e+01,2.386865e+01,2.403781e+01,2.405133e+01,2.398371e+01,2.401752e+01,2.401752e+01,2.404457e+01,2.403781e+01,2.408512e+01,2.406485e+01,2.409864e+01,2.403105e+01,2.388896e+01,2.409188e+01,2.410540e+01,2.405809e+01,2.399047e+01,2.400400e+01,2.403105e+01,2.402428e+01,2.404457e+01,2.400400e+01,2.400400e+01,2.402428e+01,2.407161e+01,2.406485e+01,2.397694e+01,2.399723e+01,2.388896e+01,2.404457e+01,2.405809e+01,2.404457e+01,2.406485e+01,2.409188e+01,2.412566e+01,2.407161e+01,2.411215e+01,2.409864e+01,2.405809e+01,2.417969e+01,2.414593e+01,2.405133e+01,2.397018e+01,2.425393e+01,2.404457e+01,2.419994e+01,2.418644e+01,2.408512e+01,2.417294e+01,2.420670e+01,2.414593e+01,2.411215e+01,2.408512e+01,2.415943e+01,2.413242e+01,2.413917e+01,2.416619e+01,2.429441e+01,2.426068e+01,2.416619e+01,2.415268e+01,2.430790e+01,2.431464e+01,2.420670e+01,2.436857e+01,2.424044e+01,2.438205e+01,2.436183e+01,2.436857e+01,2.428766e+01,2.418644e+01,2.428092e+01,2.435509e+01,2.428766e+01,2.428766e+01,2.432812e+01,2.434835e+01,2.437531e+01,2.435509e+01,2.437531e+01,2.433487e+01,2.432138e+01,2.440226e+01,2.433487e+01,2.434835e+01,2.435509e+01,2.438205e+01,2.435509e+01,2.434161e+01,2.458401e+01,2.436183e+01,2.455710e+01,2.458401e+01,2.446288e+01,2.455038e+01,2.472515e+01,2.475201e+01,2.467141e+01,2.428766e+01,2.421344e+01,2.459073e+01,2.461763e+01,2.503366e+01,2.500687e+01,2.521431e+01,2.537464e+01,2.518088e+01,2.525442e+01,2.524105e+01,2.524773e+01,2.536129e+01,2.538131e+01,2.525442e+01,2.512737e+01,2.514744e+01,2.520094e+01,2.518757e+01,2.518757e+01,2.517419e+01,2.518088e+01,2.520094e+01,2.503366e+01,2.502026e+01,2.498677e+01,2.497337e+01,2.473858e+01,2.477216e+01,2.489293e+01,2.479901e+01,2.473187e+01,2.475201e+01,2.484598e+01,2.487952e+01,2.500017e+01,2.497337e+01,2.503366e+01,2.474530e+01,2.472515e+01,2.467813e+01,2.470500e+01,2.473858e+01,2.471172e+01,2.453692e+01,2.434835e+01,2.409864e+01,2.401076e+01,2.367207e+01,2.352270e+01,2.334589e+01,2.327780e+01,2.327099e+01,2.327780e+01,2.314150e+01,2.312786e+01,2.312104e+01,2.308010e+01,2.318241e+01,2.312786e+01,2.299818e+01,2.296403e+01,2.295720e+01,2.292303e+01,2.290253e+01,2.290253e+01,2.291620e+01,2.282047e+01,2.292303e+01,2.306645e+01,2.314150e+01,2.314832e+01,2.317559e+01,2.320967e+01,2.334589e+01,2.334589e+01,2.340032e+01,2.331866e+01,2.333228e+01,2.342753e+01,2.359741e+01,2.363814e+01,2.361099e+01,2.377380e+01,2.375346e+01,2.386187e+01,2.388219e+01,2.394311e+01,2.394988e+01,2.394988e+01,2.394988e+01,2.394988e+01,2.404457e+01,2.424719e+01,2.438205e+01,2.423369e+01,2.405809e+01,2.409864e+01,2.392958e+01,2.392958e+01,2.380768e+01,2.375346e+01,2.352270e+01,2.361778e+01,2.337991e+01,2.346153e+01,2.333908e+01,2.329823e+01,2.329823e+01,2.324374e+01,2.302550e+01,2.312104e+01,2.298452e+01,2.309375e+01,2.295037e+01,2.299135e+01,2.299818e+01,2.314150e+01,2.310057e+01,2.345473e+01,2.363136e+01,2.389573e+01,2.403781e+01,2.405809e+01,2.407161e+01,2.413242e+01,2.407837e+01,2.408512e+01,2.428092e+01,2.409864e+01,2.437531e+01,2.444268e+01,2.452346e+01,2.446288e+01,2.467813e+01,2.448308e+01,2.471844e+01,2.475201e+01,2.473187e+01,2.469156e+01,2.506713e+01,2.485269e+01,2.483256e+01,2.506044e+01,2.506713e+01,2.516082e+01,2.521431e+01,2.522768e+01,2.519426e+01,2.530119e+01,2.524105e+01,2.538799e+01,2.532122e+01,2.546805e+01,2.546138e+01,2.538131e+01,2.532790e+01,2.545471e+01,2.537464e+01,2.533458e+01,2.534126e+01,2.535461e+01,2.536129e+01,2.538131e+01,2.518757e+01,2.520094e+01,2.514744e+01,2.515413e+01,2.513406e+01,2.504035e+01,2.475873e+01,2.459073e+01,2.473187e+01,2.471844e+01,2.517419e+01,2.534126e+01,2.560800e+01,2.556804e+01,2.571451e+01,2.572782e+01,2.555471e+01,2.572117e+01,2.520094e+01,2.476544e+01,2.462436e+01,2.427417e+01,2.441573e+01,2.496667e+01
2.382123e+01,2.370599e+01,2.376024e+01,2.380091e+01,2.380768e+01,2.386865e+01,2.388219e+01,2.384155e+01,2.388896e+01,2.394311e+01,2.383478e+01,2.394311e+01,2.375346e+01,2.397018e+01,2.396341e+01,2.395664e+01,2.413917e+01,2.406485e+01,2.408512e+01,2.412566e+01,2.422019e+01,2.405809e+01,2.417294e+01,2.409188e+01,2.413917e+01,2.413917e+01,2.421344e+01,2.419994e+01,2.421344e+01,2.423369e+01,2.445614e+01,2.465124e+01,2.504035e+01,2.557470e+01,2.576108e+01,2.592057e+01,2.590065e+01,2.606656e+01,2.607319e+01,2.616599e+01,2.610634e+01,2.622560e+01,2.625870e+01,2.633149e+01,2.634472e+01,2.641084e+01,2.647691e+01,2.640422e+01,2.650994e+01,2.643727e+01,2.640422e+01,2.650994e+01,2.649012e+01,2.650333e+01,2.637117e+01,2.647691e+01,2.646370e+01,2.653635e+01,2.660235e+01,2.643727e+01,2.649673e+01,2.647031e+01,2.646370e+01,2.645709e+01,2.648352e+01,2.645049e+01,2.627855e+01,2.625208e+01,2.625870e+01,2.621235e+01,2.614611e+01,2.615274e+01,2.602677e+01,2.599359e+01,2.607319e+01,2.597368e+01,2.611297e+01,2.604004e+01,2.592721e+01,2.599359e+01,2.600686e+01,2.596041e+01,2.584750e+01,2.589401e+01,2.565462e+01,2.568124e+01,2.558802e+01,2.539466e+01,2.527446e+01,2.518757e+01,2.490634e+01,2.483927e+01,2.455710e+01,2.467141e+01,2.451673e+01,2.453019e+01,2.467141e+01,2.488622e+01,2.495997e+01,2.515413e+01,2.534126e+01,2.543469e+01,2.557470e+01,2.548138e+01,2.546805e+01,2.544804e+01,2.542802e+01,2.560134e+01,2.534126e+01,2.539466e+01,2.541468e+01,2.536796e+01,2.550139e+01,2.557470e+01,2.561466e+01,2.563464e+01,2.575443e+01,2.573447e+01,2.580762e+01,2.591393e+01,2.580762e+01,2.582756e+01,2.577438e+01,2.578768e+01,2.566793e+01,2.586743e+01,2.563464e+01,2.566793e+01,2.567459e+01,2.585415e+01,2.582756e+01,2.583421e+01,2.571451e+01,2.578103e+01,2.600686e+01,2.572117e+01,2.567459e+01,2.575443e+01,2.563464e+01,2.558802e+01,2.544804e+01,2.542135e+01,2.532790e+01,2.526778e+01,2.510060e+01,2.504035e+01,2.495997e+01,2.487952e+01,2.496667e+01,2.486610e+01,2.488622e+01,2.485940e+01,2.491305e+01,2.491975e+01,2.487281e+01,2.471844e+01,2.473187e+01,2.474530e+01,2.494656e+01,2.476544e+01,2.491305e+01,2.479901e+01,2.486610e+01,2.481243e+01,2.489964e+01,2.475873e+01,2.479230e+01,2.479230e+01,2.477887e+01,2.473858e+01,2.497337e+01,2.503366e+01,2.533458e+01,2.536129e+01,2.548138e+01,2.544804e+01,2.547471e+01,2.548138e+01,2.569455e+01,2.573447e+01,2.561466e+01,2.576773e+01,2.578103e+01,2.576773e+01,2.574113e+01,2.566793e+01,2.557470e+01,2.560800e+01,2.548805e+01,2.540801e+01,2.525442e+01,2.509391e+01,2.572117e+01,2.696462e+01,2.765282e+01,2.780299e+01,2.758093e+01,2.748937e+01,2.744355e+01,2.738462e+01,2.729289e+01,2.720107e+01,2.720107e+01,2.686594e+01,2.687910e+01,2.667490e+01,2.667490e+01,2.632487e+01,2.591393e+01,2.584750e+01,2.518088e+01,2.481914e+01,2.453019e+01,2.446288e+01,2.441573e+01,2.446288e+01,2.441573e+01,2.442247e+01,2.437531e+01,2.438205e+01,2.436857e+01,2.424719e+01,2.442921e+01,2.440900e+01,2.438878e+01,2.436857e+01,2.438878e+01,2.431464e+01,2.433487e+01,2.433487e+01,2.444268e+01,2.438878e+01,2.426743e+01,2.437531e+01,2.440900e+01,2.432138e+01,2.440226e+01,2.428766e+01,2.444268e+01,2.432138e+01,2.446961e+01,2.442247e+01,2.433487e+01,2.433487e+01,2.431464e+01,2.434835e+01,2.417294e+01,2.430790e+01,2.446961e+01,2.434161e+01,2.428092e+01,2.435509e+01,2.436183e+01,2.436857e+01,2.426068e+01,2.428766e+01,2.424044e+01,2.427417e+01,2.424719e+01,2.429441e+01,2.435509e+01,2.426068e+01,2.427417e+01,2.428092e+01,2.428766e+01,2.430790e+01,2.426743e+01,2.432138e+01,2.428092e+01,2.435509e+01,2.432138e+01,2.424719e+01,2.427417e+01,2.426068e+01,2.417969e+01,2.428092e+01,2.420670e+01,2.417969e+01,2.423369e+01,2.419319e+01,2.419994e+01,2.425393e+01,2.416619e+01,2.432812e+01,2.428092e+01,2.413917e+01,2.412566e+01,2.413917e+01,2.419994e+01,2.425393e+01,2.419319e+01,2.421344e+01,2.415268e+01,2.405133e+01,2.418644e+01,2.408512e+01,2.418644e+01,2.411215e+01,2.411215e+01,2.409188e+01,2.409188e+01,2.406485e+01,2.409864e+01,2.396341e+01,2.406485e+01,2.407161e+01,2.406485e+01,2.406485e+01,2.408512e+01,2.401752e+01,2.401076e+01,2.397694e+01,2.401076e+01,2.393634e+01,2.405133e+01,2.401076e+01,2.413242e+01,2.403105e+01,2.402428e+01,2.395664e+01,2.388219e+01,2.407161e+01,2.401752e+01,2.400400e+01,2.395664e+01,2.390927e+01,2.403781e+01,2.395664e+01,2.405133e+01,2.388219e+01,2.398371e+01,2.397694e+01,2.403781e+01,2.401752e+01,2.408512e+01,2.407161e+01,2.404457e+01,2.403781e+01,2.398371e+01,2.405809e+01,2.407837e+01,2.397018e+01,2.411891e+01,2.405809e+01,2.402428e+01,2.408512e+01,2.403105e+01,2.405809e+01,2.403781e+01,2.404457e+01,2.401076e+01,2.404457e+01,2.405133e+01,2.403105e+01,2.401076e+01,2.401076e+01,2.404457e+01,2.405133e+01,2.417969e+01,2.401076e+01,2.402428e+01,2.405133e+01,2.401752e+01,2.394311e+01,2.407837e+01,2.407837e+01,2.409864e+01,2.407837e+01,2.422019e+01,2.403105e+01,2.401752e+01,2.398371e+01,2.399047e+01,2.407161e+01,2.403781e+01,2.402428e+01,2.407161e+01,2.414593e+01,2.405133e+01,2.405809e+01,2.407837e+01,2.409188e+01,2.403781e+01,2.403781e+01,2.404457e+01,2.404457e+01,2.403781e+01,2.403781e+01,2.402428e+01,2.407837e+01,2.408512e+01,2.411891e+01,2.408512e+01,2.404457e+01,2.407161e+01,2.406485e+01,2.407161e+01,2.410540e+01,2.405133e+01,2.423369e+01,2.403781e+01,2.407161e+01,2.415268e+01,2.420670e+01,2.419994e+01,2.410540e+01,2.429441e+01,2.419319e+01,2.436857e+01,2.432138e+01,2.418644e+01,2.426068e+01,2.436183e+01,2.440226e+01,2.436857e+01,2.439552e+01,2.436857e+01,2.432812e+01,2.452346e+01,2.435509e+01,2.440900e+01,2.438878e+01,2.446288e+01,2.446288e+01,2.444941e+01,2.448308e+01,2.448308e+01,2.442247e+01,2.446288e+01,2.457056e+01,2.458401e+01,2.479230e+01,2.481914e+01,2.500017e+01,2.493986e+01,2.497337e+01,2.529451e+01,2.509391e+01,2.518757e+01,2.528115e+01,2.531454e+01,2.539466e+01,2.527446e+01,2.536796e+01,2.546138e+01,2.534793e+01,2.540801e+01,2.528115e+01,2.526778e+01,2.527446e+01,2.526778e+01,2.524773e+01,2.505375e+01,2.502696e+01,2.502696e+01,2.507383e+01,2.513406e+01,2.520763e+01,2.508052e+01,2.511399e+01,2.499347e+01,2.518088e+01,2.515413e+01,2.529451e+01,2.514075e+01,2.514744e+01,2.508052e+01,2.511399e+01,2.512068e+01,2.510060e+01,2.485940e+01,2.493316e+01,2.497337e+01,2.496667e+01,2.491305e+01,2.499347e+01,2.490634e+01,2.495997e+01,2.495326e+01,2.468484e+01,2.457056e+01,2.441573e+01,2.461763e+01,2.457056e+01,2.473187e+01,2.466469e+01,2.463780e+01,2.465124e+01,2.475201e+01,2.471172e+01,2.459746e+01,2.469828e+01,2.467813e+01,2.500687e+01,2.479901e+01,2.480572e+01,2.480572e+01,2.446961e+01,2.453692e+01,2.425393e+01,2.378057e+01,2.371956e+01,2.337311e+01,2.335950e+01,2.323693e+01,2.321649e+01,2.315514e+01,2.315514e+01,2.316195e+01,2.311422e+01,2.312786e+01,2.307328e+01,2.295037e+01,2.297769e+01,2.299135e+01,2.299135e+01,2.290937e+01,2.275204e+01,2.285467e+01,2.290937e+01,2.297086e+01,2.299818e+01,2.322330e+01,2.341393e+01,2.340713e+01,2.348192e+01,2.344793e+01,2.329823e+01,2.342753e+01,2.329823e+01,2.339352e+01,2.353629e+01,2.352949e+01,2.365172e+01,2.366529e+01,2.383478e+01,2.382801e+01,2.405809e+01,2.394311e+01,2.398371e+01,2.430115e+01,2.419319e+01,2.440900e+01,2.450327e+01,2.448308e+01,2.451000e+01,2.437531e+01,2.432138e+01,2.405809e+01,2.401076e+01,2.392958e+01,2.387542e+01,2.377380e+01,2.357704e+01,2.353629e+01,2.351590e+01,2.332547e+01,2.323693e+01,2.338672e+01,2.320967e+01,2.310057e+01,2.303232e+01,2.299818e+01,2.299818e+01,2.298452e+01,2.309375e+01,2.303232e+01,2.296403e+01,2.300501e+01,2.297769e+01,2.310739e+01,2.323012e+01,2.362457e+01,2.386865e+01,2.390927e+01,2.407837e+01,2.393634e+01,2.411215e+01,2.414593e+01,2.416619e+01,2.430790e+01,2.432138e+01,2.454365e+01,2.441573e+01,2.459746e+01,2.463108e+01,2.459746e+01,2.462436e+01,2.465124e+01,2.467813e+01,2.473187e+01,2.477216e+01,2.487952e+01,2.475201e+01,2.483256e+01,2.503366e+01,2.503366e+01,2.526110e+01,2.519426e+01,2.514075e+01,2.519426e+01,2.522100e+01,2.521431e+01,2.524105e+01,2.506713e+01,2.529451e+01,2.526110e+01,2.528115e+01,2.525442e+01,2.527446e+01,2.532122e+01,2.537464e+01,2.528115e+01,2.495326e+01,2.527446e+01,2.523437e+01,2.521431e+01,2.541468e+01,2.541468e+01,2.536796e+01,2.553472e+01,2.547471e+01,2.528115e+01,2.520763e+01,2.518757e+01,2.526778e+01,2.551472e+01,2.556804e+01,2.571451e+01,2.575443e+01,2.570121e+01,2.576108e+01,2.572782e+01,2.588072e+01,2.577438e+01,2.550139e+01,2.511399e+01,2.495997e+01,2.500017e+01,2.522100e+01
2.384833e+01,2.395664e+01,2.384833e+01,2.377380e+01,2.381446e+01,2.378735e+01,2.384155e+01,2.384833e+01,2.382123e+01,2.384833e+01,2.390927e+01,2.393634e+01,2.392958e+01,2.401076e+01,2.395664e+01,2.400400e+01,2.400400e+01,2.397694e+01,2.394988e+01,2.403781e+01,2.411215e+01,2.405809e+01,2.427417e+01,2.413242e+01,2.417969e+01,2.429441e+01,2.421344e+01,2.421344e+01,2.417294e+01,2.431464e+01,2.442247e+01,2.455038e+01,2.479901e+01,2.564796e+01,2.570121e+01,2.565462e+01,2.588072e+01,2.601350e+01,2.613286e+01,2.613948e+01,2.619911e+01,2.626532e+01,2.635133e+01,2.631826e+01,2.636456e+01,2.647031e+01,2.638439e+01,2.647031e+01,2.641744e+01,2.637778e+01,2.641744e+01,2.645709e+01,2.649012e+01,2.650333e+01,2.649673e+01,2.649673e+01,2.659575e+01,2.650333e+01,2.653635e+01,2.638439e+01,2.647031e+01,2.651654e+01,2.656935e+01,2.653635e+01,2.655615e+01,2.643727e+01,2.660895e+01,2.632487e+01,2.625208e+01,2.637778e+01,2.632487e+01,2.612623e+01,2.612623e+01,2.603340e+01,2.606656e+01,2.598696e+01,2.594713e+01,2.582092e+01,2.582756e+01,2.588736e+01,2.586079e+01,2.581427e+01,2.596041e+01,2.573447e+01,2.574778e+01,2.563464e+01,2.558136e+01,2.543469e+01,2.554804e+01,2.516751e+01,2.506044e+01,2.485940e+01,2.474530e+01,2.456383e+01,2.448981e+01,2.462436e+01,2.477887e+01,2.495997e+01,2.491305e+01,2.512068e+01,2.538131e+01,2.536129e+01,2.541468e+01,2.540801e+01,2.541468e+01,2.546138e+01,2.540801e+01,2.544804e+01,2.540133e+01,2.541468e+01,2.536129e+01,2.540801e+01,2.548805e+01,2.550139e+01,2.562132e+01,2.570121e+01,2.566127e+01,2.578103e+01,2.570121e+01,2.570786e+01,2.572782e+01,2.556804e+01,2.570121e+01,2.563464e+01,2.560134e+01,2.565462e+01,2.562798e+01,2.564130e+01,2.570786e+01,2.579433e+01,2.586743e+01,2.575443e+01,2.576108e+01,2.575443e+01,2.572782e+01,2.576773e+01,2.567459e+01,2.564130e+01,2.560800e+01,2.548138e+01,2.533458e+01,2.528782e+01,2.508722e+01,2.491975e+01,2.480572e+01,2.478558e+01,2.469156e+01,2.464452e+01,2.459746e+01,2.465124e+01,2.482585e+01,2.485269e+01,2.463780e+01,2.468484e+01,2.475873e+01,2.475201e+01,2.469156e+01,2.478558e+01,2.469828e+01,2.478558e+01,2.462436e+01,2.462436e+01,2.481243e+01,2.474530e+01,2.476544e+01,2.479901e+01,2.475201e+01,2.473187e+01,2.469828e+01,2.461091e+01,2.487281e+01,2.502696e+01,2.502696e+01,2.512068e+01,2.535461e+01,2.534793e+01,2.550805e+01,2.550805e+01,2.572782e+01,2.552139e+01,2.569455e+01,2.572117e+01,2.566127e+01,2.566127e+01,2.564796e+01,2.564796e+01,2.564130e+01,2.556804e+01,2.544804e+01,2.532122e+01,2.531454e+01,2.521431e+01,2.575443e+01,2.707634e+01,2.780299e+01,2.780299e+01,2.780299e+01,2.781603e+01,2.780951e+01,2.758093e+01,2.769202e+01,2.751554e+01,2.745010e+01,2.731911e+01,2.721420e+01,2.722731e+01,2.719451e+01,2.697777e+01,2.695804e+01,2.678693e+01,2.656935e+01,2.619248e+01,2.568790e+01,2.526110e+01,2.479901e+01,2.479230e+01,2.446961e+01,2.448308e+01,2.440226e+01,2.441573e+01,2.438205e+01,2.440900e+01,2.429441e+01,2.448308e+01,2.445614e+01,2.431464e+01,2.432812e+01,2.434161e+01,2.432138e+01,2.432138e+01,2.435509e+01,2.428092e+01,2.427417e+01,2.438205e+01,2.438878e+01,2.428092e+01,2.429441e+01,2.433487e+01,2.446288e+01,2.441573e+01,2.430115e+01,2.430790e+01,2.438205e+01,2.432812e+01,2.434835e+01,2.432812e+01,2.432812e+01,2.428766e+01,2.418644e+01,2.434161e+01,2.440900e+01,2.434835e+01,2.436183e+01,2.429441e+01,2.430790e+01,2.434835e+01,2.428092e+01,2.424044e+01,2.430790e+01,2.434835e+01,2.440900e+01,2.426068e+01,2.426068e+01,2.424719e+01,2.425393e+01,2.434835e+01,2.431464e+01,2.430115e+01,2.432812e+01,2.434161e+01,2.428092e+01,2.430790e+01,2.423369e+01,2.428766e+01,2.428092e+01,2.425393e+01,2.426743e+01,2.426743e+01,2.428092e+01,2.424044e+01,2.428766e+01,2.431464e+01,2.417294e+01,2.418644e+01,2.414593e+01,2.424719e+01,2.422019e+01,2.417969e+01,2.423369e+01,2.415943e+01,2.418644e+01,2.420670e+01,2.419319e+01,2.407161e+01,2.424719e+01,2.415943e+01,2.415943e+01,2.411891e+01,2.394988e+01,2.411891e+01,2.410540e+01,2.400400e+01,2.406485e+01,2.405809e+01,2.403781e+01,2.419319e+01,2.405809e+01,2.407161e+01,2.400400e+01,2.400400e+01,2.401076e+01,2.401752e+01,2.387542e+01,2.396341e+01,2.399723e+01,2.405133e+01,2.402428e+01,2.399723e+01,2.401752e+01,2.401752e+01,2.405133e+01,2.401076e+01,2.410540e+01,2.392958e+01,2.390250e+01,2.398371e+01,2.390250e+01,2.389573e+01,2.397694e+01,2.397694e+01,2.396341e+01,2.399723e+01,2.397694e+01,2.399723e+01,2.408512e+01,2.405133e+01,2.405133e+01,2.404457e+01,2.399723e+01,2.389573e+01,2.408512e+01,2.392958e+01,2.403781e+01,2.400400e+01,2.389573e+01,2.399047e+01,2.405809e+01,2.401752e+01,2.404457e+01,2.397694e+01,2.404457e+01,2.403105e+01,2.406485e+01,2.399723e+01,2.384155e+01,2.398371e+01,2.407837e+01,2.401076e+01,2.405133e+01,2.400400e+01,2.405133e+01,2.399723e+01,2.402428e+01,2.399047e+01,2.409188e+01,2.406485e+01,2.388219e+01,2.403105e+01,2.401076e+01,2.394311e+01,2.405809e+01,2.403105e+01,2.406485e+01,2.397694e+01,2.416619e+01,2.416619e+01,2.399047e+01,2.411215e+01,2.394988e+01,2.407161e+01,2.400400e+01,2.401076e+01,2.404457e+01,2.398371e+01,2.402428e+01,2.401752e+01,2.400400e+01,2.406485e+01,2.409188e+01,2.406485e+01,2.407837e+01,2.405133e+01,2.403105e+01,2.400400e+01,2.403105e+01,2.403105e+01,2.405809e+01,2.423369e+01,2.421344e+01,2.407161e+01,2.418644e+01,2.422019e+01,2.418644e+01,2.404457e+01,2.424044e+01,2.426743e+01,2.412566e+01,2.434835e+01,2.434161e+01,2.439552e+01,2.436183e+01,2.437531e+01,2.444941e+01,2.447635e+01,2.467813e+01,2.455710e+01,2.483256e+01,2.485269e+01,2.489964e+01,2.488622e+01,2.508722e+01,2.509391e+01,2.524105e+01,2.526778e+01,2.536796e+01,2.539466e+01,2.558136e+01,2.582092e+01,2.560134e+01,2.583421e+01,2.584750e+01,2.577438e+01,2.583421e+01,2.582092e+01,2.570786e+01,2.579433e+01,2.578768e+01,2.577438e+01,2.580097e+01,2.550805e+01,2.544804e+01,2.539466e+01,2.532790e+01,2.530787e+01,2.524105e+01,2.526778e+01,2.507383e+01,2.514744e+01,2.516082e+01,2.526778e+01,2.514075e+01,2.523437e+01,2.500017e+01,2.506044e+01,2.502026e+01,2.477887e+01,2.476544e+01,2.480572e+01,2.493986e+01,2.482585e+01,2.482585e+01,2.485269e+01,2.478558e+01,2.499347e+01,2.491305e+01,2.488622e+01,2.488622e+01,2.498007e+01,2.491305e+01,2.481243e+01,2.478558e+01,2.475201e+01,2.486610e+01,2.474530e+01,2.473187e+01,2.471844e+01,2.472515e+01,2.473858e+01,2.473187e+01,2.461763e+01,2.472515e+01,2.455038e+01,2.440900e+01,2.440900e+01,2.438878e+01,2.465124e+01,2.440226e+01,2.444941e+01,2.441573e+01,2.451673e+01,2.451673e+01,2.462436e+01,2.471172e+01,2.496667e+01,2.503366e+01,2.501357e+01,2.500017e+01,2.487952e+01,2.471844e+01,2.436857e+01,2.412566e+01,2.382801e+01,2.338672e+01,2.337311e+01,2.329823e+01,2.320286e+01,2.323012e+01,2.318241e+01,2.312786e+01,2.312786e+01,2.314832e+01,2.305280e+01,2.310057e+01,2.298452e+01,2.287519e+01,2.290253e+01,2.290253e+01,2.284099e+01,2.288202e+01,2.295720e+01,2.312786e+01,2.307328e+01,2.341393e+01,2.368564e+01,2.372634e+01,2.350911e+01,2.348192e+01,2.346153e+01,2.357025e+01,2.343433e+01,2.350911e+01,2.333908e+01,2.369921e+01,2.363814e+01,2.373990e+01,2.384833e+01,2.406485e+01,2.408512e+01,2.390927e+01,2.406485e+01,2.411215e+01,2.436857e+01,2.439552e+01,2.443594e+01,2.443594e+01,2.434835e+01,2.410540e+01,2.394988e+01,2.384155e+01,2.396341e+01,2.392281e+01,2.376024e+01,2.367886e+01,2.365172e+01,2.343433e+01,2.341393e+01,2.342753e+01,2.331185e+01,2.344793e+01,2.319604e+01,2.310057e+01,2.300501e+01,2.305280e+01,2.297769e+01,2.297086e+01,2.311422e+01,2.295037e+01,2.298452e+01,2.295037e+01,2.292987e+01,2.310739e+01,2.313468e+01,2.337311e+01,2.390927e+01,2.405809e+01,2.401076e+01,2.404457e+01,2.413917e+01,2.411215e+01,2.413242e+01,2.422694e+01,2.428092e+01,2.432812e+01,2.435509e+01,2.453019e+01,2.445614e+01,2.452346e+01,2.460419e+01,2.465796e+01,2.463780e+01,2.463108e+01,2.471844e+01,2.481243e+01,2.476544e+01,2.481243e+01,2.502696e+01,2.490634e+01,2.478558e+01,2.499347e+01,2.489964e+01,2.504035e+01,2.508722e+01,2.520763e+01,2.499347e+01,2.501357e+01,2.521431e+01,2.524105e+01,2.521431e+01,2.518757e+01,2.526110e+01,2.528115e+01,2.516751e+01,2.511399e+01,2.487281e+01,2.501357e+01,2.518757e+01,2.538799e+01,2.550805e+01,2.562132e+01,2.546138e+01,2.552805e+01,2.574113e+01,2.547471e+01,2.559468e+01,2.555471e+01,2.555471e+01,2.583421e+01,2.576108e+01,2.576108e+01,2.574778e+01,2.584750e+01,2.594049e+01,2.578768e+01,2.586079e+01,2.587408e+01,2.592721e+01,2.594713e+01,2.578768e+01,2.572117e+01,2.580762e+01
2.383478e+01,2.368564e+01,2.382123e+01,2.382123e+01,2.390250e+01,2.384155e+01,2.380091e+01,2.383478e+01,2.379413e+01,2.399047e+01,2.403105e+01,2.401752e+01,2.394988e+01,2.389573e+01,2.393634e+01,2.397018e+01,2.401076e+01,2.401076e+01,2.394311e+01,2.417969e+01,2.409188e+01,2.409864e+01,2.428766e+01,2.414593e+01,2.413917e+01,2.426743e+01,2.414593e+01,2.429441e+01,2.430115e+01,2.420670e+01,2.432138e+01,2.447635e+01,2.479901e+01,2.551472e+01,2.575443e+01,2.592057e+01,2.588072e+01,2.594713e+01,2.621235e+01,2.617924e+01,2.623884e+01,2.607982e+01,2.632487e+01,2.649012e+01,2.635133e+01,2.635794e+01,2.646370e+01,2.639100e+01,2.633810e+01,2.643727e+01,2.647031e+01,2.636456e+01,2.646370e+01,2.641084e+01,2.649673e+01,2.655615e+01,2.668149e+01,2.654295e+01,2.669468e+01,2.644388e+01,2.651654e+01,2.643727e+01,2.661554e+01,2.654295e+01,2.650994e+01,2.643066e+01,2.657595e+01,2.660895e+01,2.636456e+01,2.637778e+01,2.630502e+01,2.615936e+01,2.610634e+01,2.611960e+01,2.604667e+01,2.604667e+01,2.598032e+01,2.583421e+01,2.596704e+01,2.582092e+01,2.586079e+01,2.572782e+01,2.580097e+01,2.578768e+01,2.576108e+01,2.570786e+01,2.564796e+01,2.552139e+01,2.528782e+01,2.512068e+01,2.508722e+01,2.506044e+01,2.473858e+01,2.455710e+01,2.461091e+01,2.450327e+01,2.459746e+01,2.462436e+01,2.480572e+01,2.495326e+01,2.513406e+01,2.534793e+01,2.543469e+01,2.538131e+01,2.532122e+01,2.526110e+01,2.529451e+01,2.524105e+01,2.530787e+01,2.542802e+01,2.532790e+01,2.544137e+01,2.540133e+01,2.550805e+01,2.562132e+01,2.565462e+01,2.557470e+01,2.567459e+01,2.560800e+01,2.568124e+01,2.568124e+01,2.559468e+01,2.552805e+01,2.562132e+01,2.549472e+01,2.555471e+01,2.566127e+01,2.551472e+01,2.570121e+01,2.566127e+01,2.578103e+01,2.575443e+01,2.578768e+01,2.577438e+01,2.560800e+01,2.575443e+01,2.570121e+01,2.550139e+01,2.560800e+01,2.542135e+01,2.543469e+01,2.502026e+01,2.499347e+01,2.477216e+01,2.477216e+01,2.483927e+01,2.450327e+01,2.466469e+01,2.448981e+01,2.465796e+01,2.456383e+01,2.464452e+01,2.462436e+01,2.462436e+01,2.466469e+01,2.471844e+01,2.473187e+01,2.455710e+01,2.453692e+01,2.463780e+01,2.460419e+01,2.459746e+01,2.465796e+01,2.461091e+01,2.462436e+01,2.459073e+01,2.465796e+01,2.457728e+01,2.469828e+01,2.466469e+01,2.491975e+01,2.492645e+01,2.508052e+01,2.520763e+01,2.524105e+01,2.523437e+01,2.535461e+01,2.542135e+01,2.547471e+01,2.554138e+01,2.558136e+01,2.563464e+01,2.565462e+01,2.568790e+01,2.562798e+01,2.560134e+01,2.561466e+01,2.556804e+01,2.550805e+01,2.547471e+01,2.543469e+01,2.529451e+01,2.576773e+01,2.714201e+01,2.778994e+01,2.807014e+01,2.790732e+01,2.789429e+01,2.790732e+01,2.789429e+01,2.780299e+01,2.778341e+01,2.763322e+01,2.761362e+01,2.758093e+01,2.751554e+01,2.750900e+01,2.730600e+01,2.726666e+01,2.713544e+01,2.695804e+01,2.670786e+01,2.653635e+01,2.619911e+01,2.616599e+01,2.560134e+01,2.542135e+01,2.480572e+01,2.465124e+01,2.455038e+01,2.441573e+01,2.433487e+01,2.428092e+01,2.428766e+01,2.441573e+01,2.442921e+01,2.434161e+01,2.432812e+01,2.432138e+01,2.435509e+01,2.434835e+01,2.428092e+01,2.439552e+01,2.428766e+01,2.436183e+01,2.434835e+01,2.433487e+01,2.435509e+01,2.443594e+01,2.447635e+01,2.433487e+01,2.436183e+01,2.436183e+01,2.428766e+01,2.431464e+01,2.432138e+01,2.424044e+01,2.426068e+01,2.431464e+01,2.436183e+01,2.434835e+01,2.432812e+01,2.434835e+01,2.428766e+01,2.429441e+01,2.422694e+01,2.424719e+01,2.430790e+01,2.421344e+01,2.432812e+01,2.428092e+01,2.430790e+01,2.432812e+01,2.426068e+01,2.426068e+01,2.428766e+01,2.435509e+01,2.428766e+01,2.426068e+01,2.428092e+01,2.424719e+01,2.431464e+01,2.428766e+01,2.430115e+01,2.414593e+01,2.415943e+01,2.422019e+01,2.419319e+01,2.417969e+01,2.421344e+01,2.426068e+01,2.413917e+01,2.426743e+01,2.415268e+01,2.421344e+01,2.413917e+01,2.421344e+01,2.419994e+01,2.414593e+01,2.419994e+01,2.410540e+01,2.419994e+01,2.413242e+01,2.422019e+01,2.408512e+01,2.412566e+01,2.412566e+01,2.405133e+01,2.413917e+01,2.403105e+01,2.399047e+01,2.386865e+01,2.406485e+01,2.402428e+01,2.400400e+01,2.408512e+01,2.404457e+01,2.404457e+01,2.401076e+01,2.401076e+01,2.396341e+01,2.403105e+01,2.398371e+01,2.407161e+01,2.399047e+01,2.402428e+01,2.391604e+01,2.403105e+01,2.400400e+01,2.402428e+01,2.390927e+01,2.390250e+01,2.399047e+01,2.396341e+01,2.387542e+01,2.396341e+01,2.387542e+01,2.395664e+01,2.384833e+01,2.405809e+01,2.394311e+01,2.401076e+01,2.400400e+01,2.399047e+01,2.397018e+01,2.399047e+01,2.397694e+01,2.401076e+01,2.392281e+01,2.397694e+01,2.402428e+01,2.397694e+01,2.405133e+01,2.405133e+01,2.398371e+01,2.399723e+01,2.403781e+01,2.402428e+01,2.395664e+01,2.399723e+01,2.407161e+01,2.402428e+01,2.402428e+01,2.404457e+01,2.403781e+01,2.399047e+01,2.408512e+01,2.397694e+01,2.402428e+01,2.401752e+01,2.404457e+01,2.405809e+01,2.394988e+01,2.399047e+01,2.400400e+01,2.406485e+01,2.408512e+01,2.407161e+01,2.397018e+01,2.403781e+01,2.402428e+01,2.399047e+01,2.399723e+01,2.413242e+01,2.408512e+01,2.410540e+01,2.403105e+01,2.403781e+01,2.397694e+01,2.401752e+01,2.401076e+01,2.404457e+01,2.395664e+01,2.403781e+01,2.399047e+01,2.395664e+01,2.417294e+01,2.405133e+01,2.410540e+01,2.403781e+01,2.403781e+01,2.405133e+01,2.413917e+01,2.409188e+01,2.407837e+01,2.412566e+01,2.408512e+01,2.409864e+01,2.409188e+01,2.409188e+01,2.411215e+01,2.419319e+01,2.440900e+01,2.455038e+01,2.442247e+01,2.438878e+01,2.464452e+01,2.485940e+01,2.501357e+01,2.520094e+01,2.528115e+01,2.564796e+01,2.562798e+01,2.576108e+01,2.574113e+01,2.602677e+01,2.598032e+01,2.615936e+01,2.602013e+01,2.617924e+01,2.619248e+01,2.619911e+01,2.635794e+01,2.640422e+01,2.637117e+01,2.639100e+01,2.636456e+01,2.628517e+01,2.629179e+01,2.598696e+01,2.619248e+01,2.620573e+01,2.589401e+01,2.586743e+01,2.577438e+01,2.560134e+01,2.554804e+01,2.546805e+01,2.550805e+01,2.542802e+01,2.534793e+01,2.548805e+01,2.508722e+01,2.501357e+01,2.493316e+01,2.486610e+01,2.479230e+01,2.479901e+01,2.497337e+01,2.491975e+01,2.480572e+01,2.481243e+01,2.484598e+01,2.482585e+01,2.469156e+01,2.471844e+01,2.459746e+01,2.473858e+01,2.471844e+01,2.480572e+01,2.486610e+01,2.476544e+01,2.475201e+01,2.475201e+01,2.485269e+01,2.483927e+01,2.484598e+01,2.481914e+01,2.470500e+01,2.476544e+01,2.486610e+01,2.489293e+01,2.476544e+01,2.469828e+01,2.453019e+01,2.473858e+01,2.472515e+01,2.464452e+01,2.465796e+01,2.458401e+01,2.451000e+01,2.444268e+01,2.428092e+01,2.436183e+01,2.436183e+01,2.444268e+01,2.427417e+01,2.438205e+01,2.438878e+01,2.438878e+01,2.469828e+01,2.471172e+01,2.481243e+01,2.517419e+01,2.520763e+01,2.519426e+01,2.515413e+01,2.520763e+01,2.500687e+01,2.470500e+01,2.438205e+01,2.427417e+01,2.382801e+01,2.355667e+01,2.346153e+01,2.326418e+01,2.323012e+01,2.320286e+01,2.314150e+01,2.308693e+01,2.320967e+01,2.308010e+01,2.303232e+01,2.296403e+01,2.311422e+01,2.288202e+01,2.282047e+01,2.287519e+01,2.291620e+01,2.295720e+01,2.299135e+01,2.330504e+01,2.362457e+01,2.377380e+01,2.379413e+01,2.365850e+01,2.367207e+01,2.380768e+01,2.384833e+01,2.358383e+01,2.357704e+01,2.355667e+01,2.357704e+01,2.371956e+01,2.372634e+01,2.381446e+01,2.379413e+01,2.382123e+01,2.386187e+01,2.386187e+01,2.407161e+01,2.393634e+01,2.394311e+01,2.412566e+01,2.409188e+01,2.387542e+01,2.384833e+01,2.369242e+01,2.373312e+01,2.382123e+01,2.381446e+01,2.380768e+01,2.357704e+01,2.359741e+01,2.346153e+01,2.334589e+01,2.324374e+01,2.299135e+01,2.319604e+01,2.302550e+01,2.299818e+01,2.301184e+01,2.300501e+01,2.275888e+01,2.297086e+01,2.294353e+01,2.297086e+01,2.290253e+01,2.286835e+01,2.304598e+01,2.291620e+01,2.340713e+01,2.341393e+01,2.369242e+01,2.403781e+01,2.404457e+01,2.402428e+01,2.401752e+01,2.409864e+01,2.413242e+01,2.420670e+01,2.430115e+01,2.435509e+01,2.445614e+01,2.436183e+01,2.459746e+01,2.457056e+01,2.464452e+01,2.481243e+01,2.461091e+01,2.484598e+01,2.475201e+01,2.469828e+01,2.478558e+01,2.486610e+01,2.471172e+01,2.473187e+01,2.485940e+01,2.473858e+01,2.494656e+01,2.493316e+01,2.498007e+01,2.500687e+01,2.495997e+01,2.489293e+01,2.495326e+01,2.505375e+01,2.504705e+01,2.489293e+01,2.508722e+01,2.518088e+01,2.512737e+01,2.513406e+01,2.495997e+01,2.519426e+01,2.516751e+01,2.529451e+01,2.556137e+01,2.546805e+01,2.556137e+01,2.556137e+01,2.572782e+01,2.574113e+01,2.579433e+01,2.574113e+01,2.592057e+01,2.574113e+01,2.580097e+01,2.591393e+01,2.582092e+01,2.582756e+01,2.594049e+01,2.602677e+01,2.598696e+01,2.588736e+01,2.605993e+01,2.607982e+01,2.594713e+01,2.583421e+01,2.608646e+01
2.369242e+01,2.383478e+01,2.382123e+01,2.389573e+01,2.388896e+01,2.390250e+01,2.388219e+01,2.392281e+01,2.389573e+01,2.388896e+01,2.395664e+01,2.383478e+01,2.397018e+01,2.397018e+01,2.403781e+01,2.397694e+01,2.403105e+01,2.420670e+01,2.401752e+01,2.401076e+01,2.417294e+01,2.413917e+01,2.413917e+01,2.412566e+01,2.418644e+01,2.415943e+01,2.415268e+01,2.413242e+01,2.424044e+01,2.429441e+01,2.428766e+01,2.471172e+01,2.472515e+01,2.526778e+01,2.582756e+01,2.586079e+01,2.592721e+01,2.590065e+01,2.594049e+01,2.601350e+01,2.627194e+01,2.631826e+01,2.631826e+01,2.631164e+01,2.613286e+01,2.631164e+01,2.644388e+01,2.647031e+01,2.631826e+01,2.646370e+01,2.650333e+01,2.652314e+01,2.634472e+01,2.640422e+01,2.649012e+01,2.645049e+01,2.646370e+01,2.652975e+01,2.656935e+01,2.651654e+01,2.659575e+01,2.646370e+01,2.637778e+01,2.658915e+01,2.659575e+01,2.639761e+01,2.641084e+01,2.635133e+01,2.638439e+01,2.631164e+01,2.637117e+01,2.617261e+01,2.620573e+01,2.613948e+01,2.608646e+01,2.605330e+01,2.588072e+01,2.587408e+01,2.594049e+01,2.589401e+01,2.567459e+01,2.571451e+01,2.569455e+01,2.567459e+01,2.567459e+01,2.555471e+01,2.550805e+01,2.534793e+01,2.532790e+01,2.532790e+01,2.509391e+01,2.500687e+01,2.491305e+01,2.459073e+01,2.434161e+01,2.436857e+01,2.442921e+01,2.461763e+01,2.473858e+01,2.489964e+01,2.499347e+01,2.512737e+01,2.518757e+01,2.533458e+01,2.530119e+01,2.521431e+01,2.519426e+01,2.516082e+01,2.516082e+01,2.529451e+01,2.538799e+01,2.538131e+01,2.547471e+01,2.562132e+01,2.562798e+01,2.563464e+01,2.565462e+01,2.568124e+01,2.568124e+01,2.549472e+01,2.548805e+01,2.538799e+01,2.538131e+01,2.545471e+01,2.542135e+01,2.557470e+01,2.568790e+01,2.562798e+01,2.570786e+01,2.565462e+01,2.556804e+01,2.573447e+01,2.568124e+01,2.553472e+01,2.570786e+01,2.557470e+01,2.571451e+01,2.540133e+01,2.542802e+01,2.528782e+01,2.507383e+01,2.508052e+01,2.490634e+01,2.475873e+01,2.481243e+01,2.465796e+01,2.461091e+01,2.444268e+01,2.455038e+01,2.450327e+01,2.442921e+01,2.445614e+01,2.444941e+01,2.462436e+01,2.451673e+01,2.463108e+01,2.457728e+01,2.457728e+01,2.465124e+01,2.457056e+01,2.458401e+01,2.455710e+01,2.440226e+01,2.442247e+01,2.446288e+01,2.439552e+01,2.444941e+01,2.436857e+01,2.443594e+01,2.446961e+01,2.486610e+01,2.487281e+01,2.489964e+01,2.502696e+01,2.510060e+01,2.523437e+01,2.528115e+01,2.540133e+01,2.544137e+01,2.553472e+01,2.548805e+01,2.556137e+01,2.558136e+01,2.560134e+01,2.577438e+01,2.561466e+01,2.553472e+01,2.554804e+01,2.550805e+01,2.530787e+01,2.532790e+01,2.532790e+01,2.557470e+01,2.647031e+01,2.760055e+01,2.793991e+01,2.797899e+01,2.803109e+01,2.780951e+01,2.803760e+01,2.796597e+01,2.798551e+01,2.786821e+01,2.784865e+01,2.760055e+01,2.755478e+01,2.757440e+01,2.749591e+01,2.743701e+01,2.733876e+01,2.729944e+01,2.712231e+01,2.696462e+01,2.672763e+01,2.633810e+01,2.632487e+01,2.609309e+01,2.570786e+01,2.554138e+01,2.514744e+01,2.487952e+01,2.459746e+01,2.442921e+01,2.441573e+01,2.438878e+01,2.434835e+01,2.442247e+01,2.432138e+01,2.430115e+01,2.432138e+01,2.434161e+01,2.435509e+01,2.430115e+01,2.428092e+01,2.442247e+01,2.424719e+01,2.419319e+01,2.428766e+01,2.442247e+01,2.420670e+01,2.438205e+01,2.432138e+01,2.430790e+01,2.427417e+01,2.431464e+01,2.435509e+01,2.432812e+01,2.417294e+01,2.424044e+01,2.431464e+01,2.431464e+01,2.432812e+01,2.422694e+01,2.430790e+01,2.426743e+01,2.426068e+01,2.425393e+01,2.430115e+01,2.424719e+01,2.418644e+01,2.433487e+01,2.438878e+01,2.427417e+01,2.427417e+01,2.419319e+01,2.423369e+01,2.424719e+01,2.425393e+01,2.430790e+01,2.422694e+01,2.416619e+01,2.427417e+01,2.428766e+01,2.426743e+01,2.427417e+01,2.414593e+01,2.420670e+01,2.424044e+01,2.421344e+01,2.418644e+01,2.426743e+01,2.423369e+01,2.413917e+01,2.423369e+01,2.411215e+01,2.413242e+01,2.424719e+01,2.423369e+01,2.420670e+01,2.417294e+01,2.420670e+01,2.415268e+01,2.420670e+01,2.416619e+01,2.409188e+01,2.403781e+01,2.414593e+01,2.411215e+01,2.412566e+01,2.397694e+01,2.402428e+01,2.411891e+01,2.407161e+01,2.407161e+01,2.405809e+01,2.405133e+01,2.405809e+01,2.399723e+01,2.401076e+01,2.405133e+01,2.407837e+01,2.403781e+01,2.389573e+01,2.390250e+01,2.397694e+01,2.392958e+01,2.394311e+01,2.398371e+01,2.394311e+01,2.399723e+01,2.388896e+01,2.395664e+01,2.396341e+01,2.401076e+01,2.397694e+01,2.392958e+01,2.384833e+01,2.399047e+01,2.396341e+01,2.402428e+01,2.395664e+01,2.399723e+01,2.395664e+01,2.393634e+01,2.392958e+01,2.397694e+01,2.401076e+01,2.399723e+01,2.400400e+01,2.398371e+01,2.396341e+01,2.405809e+01,2.405133e+01,2.399723e+01,2.386865e+01,2.390250e+01,2.380091e+01,2.399047e+01,2.394311e+01,2.394988e+01,2.399723e+01,2.397018e+01,2.402428e+01,2.402428e+01,2.401076e+01,2.407161e+01,2.399047e+01,2.401076e+01,2.401076e+01,2.397694e+01,2.402428e+01,2.402428e+01,2.405809e+01,2.405133e+01,2.395664e+01,2.399723e+01,2.395664e+01,2.392281e+01,2.401076e+01,2.401076e+01,2.392958e+01,2.395664e+01,2.399047e+01,2.394988e+01,2.413242e+01,2.394988e+01,2.400400e+01,2.390927e+01,2.392281e+01,2.399723e+01,2.399723e+01,2.399047e+01,2.407161e+01,2.401076e+01,2.403781e+01,2.401076e+01,2.392281e+01,2.402428e+01,2.404457e+01,2.406485e+01,2.405133e+01,2.406485e+01,2.393634e+01,2.409188e+01,2.404457e+01,2.397694e+01,2.399723e+01,2.410540e+01,2.410540e+01,2.411215e+01,2.413242e+01,2.421344e+01,2.457728e+01,2.552139e+01,2.554804e+01,2.553472e+01,2.595377e+01,2.616599e+01,2.623222e+01,2.626532e+01,2.637778e+01,2.654295e+01,2.655615e+01,2.660235e+01,2.661554e+01,2.662874e+01,2.663533e+01,2.687252e+01,2.666171e+01,2.687252e+01,2.692516e+01,2.676058e+01,2.682644e+01,2.684619e+01,2.672104e+01,2.675399e+01,2.666831e+01,2.633149e+01,2.657595e+01,2.627855e+01,2.593385e+01,2.588736e+01,2.575443e+01,2.556804e+01,2.550139e+01,2.531454e+01,2.511399e+01,2.510060e+01,2.510730e+01,2.535461e+01,2.518757e+01,2.512068e+01,2.496667e+01,2.488622e+01,2.473858e+01,2.483256e+01,2.475873e+01,2.482585e+01,2.468484e+01,2.479230e+01,2.475873e+01,2.477887e+01,2.477216e+01,2.473187e+01,2.469828e+01,2.458401e+01,2.452346e+01,2.460419e+01,2.456383e+01,2.457056e+01,2.457056e+01,2.451000e+01,2.473858e+01,2.453019e+01,2.448981e+01,2.473858e+01,2.465796e+01,2.487281e+01,2.479901e+01,2.483256e+01,2.480572e+01,2.471844e+01,2.469156e+01,2.458401e+01,2.472515e+01,2.471844e+01,2.459746e+01,2.469156e+01,2.457728e+01,2.459746e+01,2.444268e+01,2.432812e+01,2.421344e+01,2.417294e+01,2.437531e+01,2.432812e+01,2.431464e+01,2.433487e+01,2.435509e+01,2.439552e+01,2.459073e+01,2.474530e+01,2.487281e+01,2.520763e+01,2.520094e+01,2.530787e+01,2.515413e+01,2.518757e+01,2.498007e+01,2.473187e+01,2.440226e+01,2.422694e+01,2.384155e+01,2.357704e+01,2.325056e+01,2.318923e+01,2.318241e+01,2.311422e+01,2.306645e+01,2.313468e+01,2.311422e+01,2.305963e+01,2.310739e+01,2.315514e+01,2.301867e+01,2.269041e+01,2.285467e+01,2.284783e+01,2.280679e+01,2.289569e+01,2.305280e+01,2.335269e+01,2.376702e+01,2.407837e+01,2.404457e+01,2.384833e+01,2.392281e+01,2.409864e+01,2.403781e+01,2.393634e+01,2.366529e+01,2.361099e+01,2.362457e+01,2.373312e+01,2.338672e+01,2.386187e+01,2.376702e+01,2.364493e+01,2.325737e+01,2.331185e+01,2.342073e+01,2.330504e+01,2.344113e+01,2.359062e+01,2.360420e+01,2.373312e+01,2.378735e+01,2.380091e+01,2.401076e+01,2.385510e+01,2.363136e+01,2.376702e+01,2.347513e+01,2.334589e+01,2.337991e+01,2.325056e+01,2.326418e+01,2.321649e+01,2.320286e+01,2.318241e+01,2.302550e+01,2.300501e+01,2.303232e+01,2.299135e+01,2.299135e+01,2.287519e+01,2.288202e+01,2.286835e+01,2.287519e+01,2.290253e+01,2.293670e+01,2.320286e+01,2.341393e+01,2.376024e+01,2.390927e+01,2.399723e+01,2.415943e+01,2.407161e+01,2.418644e+01,2.416619e+01,2.431464e+01,2.426068e+01,2.433487e+01,2.444941e+01,2.446288e+01,2.454365e+01,2.463780e+01,2.442247e+01,2.445614e+01,2.457728e+01,2.458401e+01,2.451673e+01,2.459073e+01,2.467813e+01,2.479901e+01,2.472515e+01,2.477887e+01,2.467141e+01,2.468484e+01,2.467813e+01,2.469828e+01,2.471172e+01,2.472515e+01,2.477216e+01,2.478558e+01,2.475873e+01,2.491305e+01,2.493316e+01,2.487281e+01,2.470500e+01,2.482585e+01,2.478558e+01,2.471844e+01,2.477887e+01,2.500017e+01,2.542135e+01,2.543469e+01,2.556804e+01,2.556804e+01,2.568790e+01,2.560800e+01,2.561466e+01,2.577438e+01,2.582092e+01,2.583421e+01,2.581427e+01,2.594049e+01,2.592721e+01,2.592057e+01,2.599359e+01,2.588736e+01,2.602677e+01,2.588736e+01,2.587408e+01,2.591393e+01,2.603340e+01,2.598696e+01,2.609971e+01,2.607319e+01,2.608646e+01
2.387542e+01,2.395664e+01,2.388219e+01,2.390927e+01,2.388896e+01,2.399047e+01,2.388219e+01,2.395664e+01,2.397694e+01,2.393634e+01,2.399723e+01,2.389573e+01,2.401752e+01,2.394311e+01,2.404457e+01,2.400400e+01,2.400400e+01,2.401076e+01,2.406485e+01,2.426068e+01,2.408512e+01,2.430115e+01,2.419319e+01,2.412566e+01,2.413242e+01,2.415268e+01,2.430790e+01,2.419319e+01,2.439552e+01,2.426743e+01,2.430790e+01,2.442921e+01,2.473187e+01,2.541468e+01,2.568790e+01,2.572782e+01,2.589401e+01,2.592057e+01,2.605330e+01,2.611297e+01,2.617261e+01,2.628517e+01,2.632487e+01,2.651654e+01,2.633810e+01,2.645709e+01,2.648352e+01,2.648352e+01,2.637778e+01,2.648352e+01,2.639100e+01,2.647691e+01,2.646370e+01,2.639100e+01,2.639100e+01,2.645049e+01,2.656275e+01,2.652975e+01,2.657595e+01,2.660235e+01,2.674740e+01,2.654955e+01,2.656275e+01,2.651654e+01,2.645049e+01,2.656275e+01,2.640422e+01,2.639100e+01,2.636456e+01,2.637778e+01,2.633810e+01,2.637117e+01,2.623884e+01,2.617261e+01,2.611297e+01,2.613948e+01,2.600686e+01,2.605993e+01,2.584085e+01,2.584750e+01,2.578103e+01,2.572117e+01,2.568124e+01,2.572117e+01,2.554138e+01,2.558136e+01,2.558802e+01,2.542135e+01,2.532790e+01,2.532790e+01,2.508052e+01,2.489964e+01,2.495997e+01,2.464452e+01,2.462436e+01,2.433487e+01,2.435509e+01,2.448308e+01,2.448981e+01,2.491305e+01,2.508052e+01,2.516751e+01,2.519426e+01,2.519426e+01,2.524105e+01,2.533458e+01,2.506713e+01,2.510060e+01,2.513406e+01,2.524105e+01,2.525442e+01,2.548138e+01,2.547471e+01,2.561466e+01,2.561466e+01,2.561466e+01,2.566127e+01,2.562798e+01,2.556804e+01,2.546805e+01,2.534126e+01,2.522768e+01,2.512737e+01,2.529451e+01,2.530119e+01,2.536796e+01,2.558136e+01,2.565462e+01,2.568124e+01,2.562798e+01,2.553472e+01,2.551472e+01,2.550139e+01,2.542802e+01,2.542135e+01,2.539466e+01,2.540801e+01,2.540801e+01,2.527446e+01,2.522100e+01,2.502026e+01,2.494656e+01,2.475201e+01,2.471844e+01,2.468484e+01,2.447635e+01,2.446961e+01,2.445614e+01,2.439552e+01,2.445614e+01,2.436183e+01,2.437531e+01,2.451673e+01,2.459746e+01,2.449654e+01,2.453019e+01,2.442247e+01,2.447635e+01,2.448308e+01,2.451000e+01,2.455038e+01,2.458401e+01,2.431464e+01,2.435509e+01,2.429441e+01,2.431464e+01,2.435509e+01,2.443594e+01,2.436183e+01,2.460419e+01,2.461091e+01,2.466469e+01,2.487281e+01,2.481914e+01,2.507383e+01,2.515413e+01,2.516082e+01,2.515413e+01,2.536796e+01,2.545471e+01,2.551472e+01,2.554138e+01,2.551472e+01,2.553472e+01,2.557470e+01,2.555471e+01,2.558802e+01,2.559468e+01,2.556137e+01,2.548138e+01,2.554138e+01,2.530119e+01,2.530119e+01,2.555471e+01,2.645709e+01,2.762015e+01,2.796597e+01,2.793991e+01,2.795945e+01,2.792036e+01,2.796597e+01,2.788125e+01,2.790080e+01,2.790080e+01,2.786821e+01,2.786821e+01,2.782256e+01,2.773120e+01,2.760055e+01,2.757440e+01,2.735187e+01,2.746319e+01,2.719451e+01,2.697119e+01,2.672763e+01,2.663533e+01,2.632487e+01,2.628517e+01,2.623884e+01,2.587408e+01,2.563464e+01,2.538131e+01,2.509391e+01,2.491975e+01,2.448308e+01,2.444268e+01,2.440900e+01,2.439552e+01,2.432138e+01,2.431464e+01,2.431464e+01,2.440226e+01,2.428092e+01,2.440226e+01,2.432812e+01,2.417294e+01,2.438205e+01,2.439552e+01,2.436183e+01,2.422694e+01,2.437531e+01,2.434161e+01,2.430790e+01,2.431464e+01,2.430115e+01,2.431464e+01,2.434835e+01,2.437531e+01,2.437531e+01,2.432138e+01,2.432138e+01,2.425393e+01,2.436183e+01,2.426068e+01,2.433487e+01,2.427417e+01,2.424719e+01,2.423369e+01,2.423369e+01,2.430790e+01,2.431464e+01,2.429441e+01,2.432812e+01,2.427417e+01,2.427417e+01,2.424044e+01,2.423369e+01,2.424719e+01,2.427417e+01,2.424719e+01,2.426743e+01,2.423369e+01,2.425393e+01,2.421344e+01,2.418644e+01,2.426068e+01,2.418644e+01,2.428766e+01,2.424044e+01,2.419994e+01,2.422019e+01,2.422019e+01,2.411215e+01,2.426068e+01,2.417294e+01,2.426743e+01,2.422019e+01,2.422694e+01,2.419319e+01,2.421344e+01,2.412566e+01,2.408512e+01,2.414593e+01,2.420670e+01,2.419319e+01,2.413917e+01,2.411215e+01,2.411215e+01,2.415268e+01,2.403105e+01,2.411215e+01,2.399723e+01,2.411215e+01,2.407161e+01,2.405809e+01,2.399723e+01,2.404457e+01,2.403105e+01,2.403781e+01,2.401076e+01,2.399723e+01,2.402428e+01,2.399723e+01,2.402428e+01,2.396341e+01,2.396341e+01,2.411891e+01,2.394311e+01,2.401752e+01,2.392958e+01,2.404457e+01,2.394311e+01,2.392281e+01,2.394311e+01,2.403781e+01,2.401076e+01,2.394988e+01,2.402428e+01,2.397018e+01,2.401752e+01,2.405809e+01,2.399723e+01,2.402428e+01,2.393634e+01,2.395664e+01,2.399723e+01,2.390250e+01,2.394988e+01,2.401076e+01,2.382801e+01,2.393634e+01,2.399047e+01,2.399723e+01,2.397694e+01,2.397694e+01,2.398371e+01,2.395664e+01,2.403105e+01,2.398371e+01,2.399723e+01,2.404457e+01,2.399723e+01,2.402428e+01,2.397018e+01,2.404457e+01,2.402428e+01,2.394311e+01,2.397694e+01,2.403105e+01,2.407161e+01,2.402428e+01,2.403105e+01,2.399047e+01,2.396341e+01,2.406485e+01,2.405809e+01,2.405133e+01,2.394988e+01,2.400400e+01,2.398371e+01,2.396341e+01,2.391604e+01,2.396341e+01,2.408512e+01,2.398371e+01,2.398371e+01,2.405809e+01,2.406485e+01,2.390927e+01,2.401752e+01,2.403105e+01,2.413242e+01,2.403105e+01,2.413917e+01,2.405133e+01,2.402428e+01,2.406485e+01,2.401752e+01,2.402428e+01,2.405133e+01,2.407837e+01,2.403105e+01,2.409188e+01,2.406485e+01,2.409188e+01,2.434835e+01,2.397694e+01,2.407161e+01,2.414593e+01,2.409864e+01,2.409864e+01,2.421344e+01,2.461763e+01,2.585415e+01,2.628517e+01,2.670127e+01,2.674740e+01,2.665512e+01,2.681986e+01,2.689226e+01,2.689884e+01,2.683961e+01,2.700406e+01,2.703035e+01,2.716170e+01,2.724699e+01,2.737807e+01,2.723387e+01,2.724043e+01,2.743701e+01,2.716170e+01,2.712231e+01,2.707634e+01,2.710261e+01,2.697119e+01,2.696462e+01,2.679352e+01,2.671445e+01,2.629841e+01,2.614611e+01,2.610634e+01,2.586743e+01,2.550139e+01,2.542135e+01,2.528782e+01,2.525442e+01,2.506713e+01,2.492645e+01,2.503366e+01,2.496667e+01,2.498677e+01,2.489964e+01,2.491305e+01,2.490634e+01,2.493316e+01,2.475201e+01,2.474530e+01,2.473187e+01,2.477216e+01,2.476544e+01,2.476544e+01,2.484598e+01,2.471844e+01,2.471172e+01,2.470500e+01,2.448981e+01,2.450327e+01,2.451000e+01,2.439552e+01,2.442921e+01,2.444268e+01,2.442247e+01,2.444941e+01,2.443594e+01,2.452346e+01,2.448981e+01,2.460419e+01,2.469156e+01,2.470500e+01,2.472515e+01,2.471844e+01,2.470500e+01,2.485269e+01,2.470500e+01,2.473187e+01,2.475873e+01,2.463780e+01,2.463780e+01,2.454365e+01,2.459746e+01,2.444941e+01,2.438205e+01,2.430115e+01,2.432812e+01,2.417969e+01,2.422019e+01,2.430115e+01,2.425393e+01,2.434161e+01,2.432138e+01,2.447635e+01,2.450327e+01,2.471844e+01,2.512068e+01,2.517419e+01,2.520763e+01,2.530119e+01,2.516082e+01,2.498677e+01,2.473187e+01,2.424719e+01,2.411891e+01,2.400400e+01,2.378057e+01,2.350911e+01,2.311422e+01,2.308693e+01,2.320967e+01,2.320286e+01,2.312786e+01,2.310739e+01,2.318241e+01,2.297769e+01,2.300501e+01,2.297769e+01,2.296403e+01,2.279995e+01,2.286835e+01,2.290253e+01,2.305963e+01,2.327780e+01,2.358383e+01,2.406485e+01,2.434161e+01,2.432812e+01,2.426068e+01,2.421344e+01,2.422694e+01,2.411215e+01,2.419319e+01,2.399047e+01,2.401076e+01,2.381446e+01,2.376024e+01,2.370599e+01,2.376024e+01,2.376702e+01,2.364493e+01,2.341393e+01,2.325737e+01,2.340032e+01,2.344113e+01,2.345473e+01,2.365172e+01,2.346833e+01,2.365172e+01,2.380768e+01,2.383478e+01,2.383478e+01,2.367207e+01,2.368564e+01,2.355667e+01,2.354987e+01,2.354308e+01,2.346153e+01,2.339352e+01,2.344113e+01,2.314832e+01,2.317559e+01,2.313468e+01,2.301867e+01,2.301867e+01,2.301184e+01,2.299818e+01,2.296403e+01,2.288202e+01,2.290253e+01,2.288886e+01,2.291620e+01,2.287519e+01,2.286835e+01,2.319604e+01,2.340032e+01,2.362457e+01,2.397018e+01,2.400400e+01,2.407837e+01,2.419319e+01,2.403105e+01,2.414593e+01,2.416619e+01,2.438878e+01,2.418644e+01,2.423369e+01,2.440226e+01,2.442247e+01,2.442247e+01,2.443594e+01,2.457056e+01,2.459746e+01,2.456383e+01,2.469828e+01,2.461091e+01,2.471172e+01,2.463108e+01,2.457056e+01,2.457056e+01,2.457728e+01,2.488622e+01,2.464452e+01,2.458401e+01,2.461091e+01,2.471844e+01,2.466469e+01,2.465796e+01,2.473187e+01,2.468484e+01,2.474530e+01,2.479901e+01,2.477887e+01,2.472515e+01,2.470500e+01,2.471844e+01,2.468484e+01,2.512068e+01,2.525442e+01,2.554804e+01,2.565462e+01,2.557470e+01,2.568790e+01,2.564796e+01,2.571451e+01,2.576773e+01,2.581427e+01,2.578103e+01,2.592721e+01,2.588072e+01,2.596704e+01,2.594713e+01,2.594713e+01,2.600686e+01,2.586743e+01,2.609971e+01,2.590729e+01,2.616599e+01,2.604667e+01,2.605330e+01,2.604004e+01,2.606656e+01,2.603340e+01
2.383478e+01,2.387542e+01,2.388219e+01,2.397694e+01,2.401752e+01,2.399047e+01,2.384155e+01,2.393634e+01,2.395664e+01,2.392281e+01,2.394988e+01,2.392958e+01,2.399047e+01,2.400400e+01,2.402428e+01,2.406485e+01,2.404457e+01,2.406485e+01,2.403105e+01,2.407161e+01,2.413917e+01,2.411215e+01,2.413917e+01,2.414593e+01,2.424044e+01,2.429441e+01,2.415268e+01,2.437531e+01,2.429441e+01,2.434161e+01,2.429441e+01,2.444941e+01,2.483256e+01,2.538131e+01,2.568124e+01,2.585415e+01,2.590065e+01,2.584085e+01,2.602013e+01,2.605330e+01,2.625870e+01,2.630502e+01,2.627855e+01,2.643727e+01,2.645049e+01,2.648352e+01,2.644388e+01,2.646370e+01,2.646370e+01,2.645049e+01,2.641744e+01,2.643066e+01,2.643727e+01,2.639761e+01,2.633810e+01,2.643066e+01,2.623884e+01,2.628517e+01,2.651654e+01,2.652975e+01,2.639761e+01,2.651654e+01,2.650994e+01,2.649673e+01,2.650994e+01,2.652314e+01,2.650994e+01,2.642405e+01,2.645049e+01,2.639100e+01,2.638439e+01,2.630502e+01,2.645049e+01,2.620573e+01,2.619911e+01,2.600023e+01,2.617261e+01,2.596704e+01,2.596704e+01,2.582092e+01,2.575443e+01,2.583421e+01,2.569455e+01,2.560800e+01,2.568124e+01,2.555471e+01,2.531454e+01,2.534126e+01,2.550139e+01,2.514075e+01,2.521431e+01,2.500017e+01,2.499347e+01,2.467813e+01,2.449654e+01,2.443594e+01,2.446288e+01,2.444268e+01,2.459073e+01,2.469828e+01,2.494656e+01,2.499347e+01,2.500687e+01,2.504705e+01,2.496667e+01,2.521431e+01,2.512737e+01,2.508052e+01,2.507383e+01,2.523437e+01,2.522100e+01,2.542802e+01,2.536796e+01,2.558136e+01,2.557470e+01,2.548138e+01,2.552139e+01,2.558802e+01,2.562798e+01,2.546138e+01,2.544804e+01,2.516082e+01,2.488622e+01,2.515413e+01,2.514075e+01,2.534793e+01,2.538131e+01,2.538799e+01,2.540801e+01,2.531454e+01,2.553472e+01,2.531454e+01,2.524773e+01,2.548805e+01,2.539466e+01,2.548805e+01,2.529451e+01,2.527446e+01,2.522100e+01,2.498007e+01,2.503366e+01,2.494656e+01,2.477216e+01,2.469156e+01,2.461091e+01,2.442921e+01,2.444268e+01,2.441573e+01,2.431464e+01,2.418644e+01,2.436183e+01,2.432138e+01,2.430790e+01,2.433487e+01,2.435509e+01,2.453019e+01,2.434161e+01,2.440900e+01,2.455038e+01,2.438205e+01,2.430115e+01,2.430115e+01,2.437531e+01,2.438205e+01,2.420670e+01,2.432138e+01,2.417969e+01,2.434161e+01,2.442921e+01,2.454365e+01,2.453692e+01,2.463108e+01,2.485269e+01,2.482585e+01,2.488622e+01,2.504705e+01,2.506713e+01,2.534793e+01,2.541468e+01,2.546805e+01,2.548138e+01,2.553472e+01,2.554138e+01,2.554804e+01,2.545471e+01,2.552139e+01,2.556137e+01,2.558136e+01,2.557470e+01,2.532122e+01,2.534126e+01,2.530787e+01,2.530119e+01,2.530787e+01,2.558802e+01,2.626532e+01,2.713544e+01,2.763322e+01,2.813520e+01,2.812220e+01,2.814821e+01,2.816772e+01,2.811569e+01,2.793991e+01,2.788777e+01,2.785517e+01,2.790080e+01,2.782256e+01,2.775078e+01,2.773120e+01,2.769855e+01,2.756132e+01,2.752862e+01,2.722731e+01,2.716170e+01,2.695804e+01,2.667490e+01,2.660235e+01,2.629179e+01,2.630502e+01,2.623884e+01,2.604004e+01,2.581427e+01,2.562132e+01,2.542135e+01,2.506044e+01,2.468484e+01,2.440900e+01,2.446961e+01,2.436857e+01,2.432812e+01,2.430790e+01,2.429441e+01,2.439552e+01,2.433487e+01,2.433487e+01,2.439552e+01,2.430115e+01,2.428092e+01,2.430115e+01,2.417294e+01,2.437531e+01,2.430790e+01,2.438205e+01,2.438878e+01,2.428092e+01,2.433487e+01,2.422694e+01,2.427417e+01,2.434835e+01,2.424044e+01,2.437531e+01,2.436857e+01,2.425393e+01,2.422694e+01,2.424044e+01,2.426068e+01,2.426743e+01,2.436183e+01,2.434161e+01,2.418644e+01,2.428092e+01,2.439552e+01,2.431464e+01,2.436857e+01,2.426743e+01,2.427417e+01,2.433487e+01,2.428092e+01,2.424719e+01,2.425393e+01,2.420670e+01,2.423369e+01,2.415943e+01,2.412566e+01,2.425393e+01,2.425393e+01,2.409864e+01,2.427417e+01,2.412566e+01,2.420670e+01,2.419994e+01,2.421344e+01,2.417969e+01,2.417969e+01,2.411891e+01,2.408512e+01,2.421344e+01,2.413242e+01,2.409188e+01,2.420670e+01,2.412566e+01,2.404457e+01,2.412566e+01,2.401752e+01,2.400400e+01,2.409864e+01,2.410540e+01,2.412566e+01,2.403781e+01,2.408512e+01,2.409864e+01,2.409188e+01,2.413917e+01,2.404457e+01,2.403105e+01,2.409864e+01,2.407161e+01,2.403105e+01,2.407837e+01,2.389573e+01,2.395664e+01,2.394311e+01,2.403781e+01,2.394311e+01,2.394988e+01,2.397694e+01,2.394988e+01,2.393634e+01,2.399723e+01,2.400400e+01,2.405809e+01,2.399047e+01,2.399047e+01,2.397694e+01,2.397694e+01,2.401076e+01,2.392958e+01,2.384155e+01,2.397694e+01,2.397694e+01,2.403781e+01,2.400400e+01,2.398371e+01,2.392958e+01,2.396341e+01,2.397018e+01,2.403781e+01,2.401752e+01,2.398371e+01,2.400400e+01,2.401752e+01,2.397694e+01,2.393634e+01,2.400400e+01,2.395664e+01,2.399047e+01,2.390927e+01,2.397694e+01,2.401076e+01,2.401752e+01,2.402428e+01,2.398371e+01,2.402428e+01,2.405133e+01,2.394988e+01,2.403105e+01,2.400400e+01,2.401752e+01,2.396341e+01,2.394988e+01,2.397018e+01,2.397018e+01,2.402428e+01,2.394988e+01,2.393634e+01,2.397018e+01,2.398371e+01,2.411215e+01,2.397694e+01,2.403105e+01,2.398371e+01,2.394988e+01,2.405133e+01,2.409864e+01,2.399723e+01,2.408512e+01,2.411891e+01,2.408512e+01,2.403105e+01,2.405133e+01,2.412566e+01,2.399723e+01,2.398371e+01,2.405809e+01,2.410540e+01,2.415943e+01,2.392958e+01,2.406485e+01,2.409188e+01,2.403781e+01,2.408512e+01,2.409864e+01,2.410540e+01,2.400400e+01,2.411215e+01,2.409188e+01,2.416619e+01,2.411215e+01,2.412566e+01,2.418644e+01,2.420670e+01,2.462436e+01,2.628517e+01,2.661554e+01,2.681327e+01,2.708291e+01,2.725355e+01,2.716170e+01,2.719451e+01,2.726011e+01,2.735842e+01,2.723387e+01,2.734532e+01,2.739117e+01,2.747628e+01,2.758747e+01,2.760055e+01,2.759401e+01,2.751554e+01,2.749591e+01,2.729944e+01,2.725355e+01,2.719451e+01,2.718795e+01,2.708948e+01,2.674081e+01,2.664193e+01,2.650994e+01,2.616599e+01,2.592057e+01,2.549472e+01,2.550139e+01,2.522100e+01,2.512068e+01,2.508052e+01,2.508052e+01,2.504705e+01,2.473858e+01,2.484598e+01,2.488622e+01,2.476544e+01,2.474530e+01,2.473858e+01,2.471844e+01,2.481243e+01,2.472515e+01,2.469828e+01,2.478558e+01,2.468484e+01,2.469828e+01,2.477887e+01,2.461091e+01,2.469828e+01,2.451673e+01,2.449654e+01,2.455710e+01,2.438205e+01,2.435509e+01,2.440900e+01,2.448308e+01,2.437531e+01,2.453692e+01,2.448981e+01,2.452346e+01,2.453019e+01,2.453019e+01,2.467141e+01,2.470500e+01,2.468484e+01,2.469156e+01,2.467141e+01,2.479901e+01,2.467813e+01,2.481243e+01,2.469828e+01,2.457056e+01,2.465124e+01,2.465796e+01,2.446961e+01,2.453692e+01,2.439552e+01,2.436857e+01,2.420670e+01,2.419319e+01,2.419994e+01,2.424719e+01,2.407837e+01,2.424719e+01,2.430790e+01,2.423369e+01,2.435509e+01,2.467813e+01,2.491305e+01,2.512068e+01,2.512068e+01,2.512737e+01,2.502026e+01,2.497337e+01,2.436183e+01,2.423369e+01,2.376702e+01,2.381446e+01,2.352270e+01,2.340713e+01,2.320967e+01,2.315514e+01,2.309375e+01,2.314832e+01,2.310057e+01,2.320286e+01,2.311422e+01,2.300501e+01,2.305963e+01,2.299818e+01,2.283415e+01,2.308010e+01,2.287519e+01,2.295037e+01,2.288886e+01,2.301184e+01,2.357025e+01,2.409864e+01,2.433487e+01,2.454365e+01,2.432138e+01,2.430115e+01,2.440900e+01,2.420670e+01,2.413242e+01,2.399047e+01,2.406485e+01,2.384833e+01,2.380091e+01,2.372634e+01,2.367886e+01,2.372634e+01,2.378057e+01,2.378057e+01,2.367207e+01,2.355667e+01,2.354308e+01,2.358383e+01,2.342753e+01,2.350911e+01,2.354987e+01,2.367207e+01,2.379413e+01,2.376702e+01,2.378735e+01,2.373312e+01,2.371956e+01,2.348872e+01,2.336630e+01,2.344793e+01,2.338672e+01,2.338672e+01,2.310057e+01,2.321649e+01,2.308010e+01,2.301867e+01,2.299818e+01,2.290937e+01,2.299135e+01,2.300501e+01,2.290253e+01,2.290253e+01,2.295037e+01,2.290937e+01,2.290937e+01,2.308693e+01,2.319604e+01,2.339352e+01,2.363136e+01,2.373990e+01,2.400400e+01,2.402428e+01,2.406485e+01,2.411215e+01,2.428766e+01,2.432812e+01,2.423369e+01,2.427417e+01,2.435509e+01,2.428766e+01,2.439552e+01,2.451000e+01,2.457056e+01,2.453692e+01,2.456383e+01,2.447635e+01,2.445614e+01,2.457728e+01,2.446961e+01,2.457728e+01,2.453692e+01,2.440900e+01,2.442247e+01,2.456383e+01,2.461763e+01,2.449654e+01,2.448308e+01,2.461763e+01,2.449654e+01,2.467141e+01,2.467141e+01,2.453019e+01,2.448308e+01,2.457056e+01,2.446961e+01,2.452346e+01,2.447635e+01,2.460419e+01,2.451000e+01,2.486610e+01,2.523437e+01,2.546138e+01,2.556137e+01,2.556804e+01,2.571451e+01,2.556137e+01,2.576108e+01,2.578103e+01,2.581427e+01,2.580097e+01,2.582092e+01,2.584085e+01,2.596704e+01,2.596041e+01,2.590729e+01,2.595377e+01,2.578768e+01,2.592721e+01,2.604667e+01,2.605993e+01,2.597368e+01,2.610634e+01,2.602677e+01,2.602677e+01,2.604004e+01
2.392958e+01,2.380091e+01,2.396341e+01,2.397694e+01,2.390250e+01,2.397018e+01,2.369242e+01,2.396341e+01,2.393634e+01,2.392958e+01,2.406485e+01,2.404457e+01,2.401076e+01,2.392958e+01,2.411215e+01,2.403781e+01,2.407837e+01,2.403781e+01,2.415943e+01,2.409188e+01,2.413242e+01,2.405133e+01,2.411215e+01,2.389573e+01,2.421344e+01,2.425393e+01,2.430115e+01,2.415268e+01,2.422694e+01,2.429441e+01,2.430115e+01,2.473187e+01,2.487952e+01,2.546805e+01,2.561466e+01,2.576108e+01,2.588736e+01,2.585415e+01,2.623884e+01,2.624546e+01,2.628517e+01,2.627194e+01,2.629841e+01,2.645049e+01,2.642405e+01,2.641084e+01,2.643727e+01,2.647031e+01,2.644388e+01,2.647031e+01,2.644388e+01,2.634472e+01,2.639761e+01,2.635794e+01,2.611960e+01,2.615936e+01,2.621235e+01,2.627855e+01,2.629841e+01,2.625208e+01,2.650333e+01,2.642405e+01,2.645709e+01,2.638439e+01,2.645049e+01,2.647031e+01,2.648352e+01,2.640422e+01,2.642405e+01,2.641084e+01,2.639761e+01,2.631164e+01,2.621898e+01,2.617924e+01,2.612623e+01,2.609971e+01,2.594049e+01,2.609971e+01,2.592721e+01,2.590729e+01,2.581427e+01,2.584750e+01,2.568790e+01,2.562132e+01,2.567459e+01,2.545471e+01,2.534793e+01,2.542135e+01,2.529451e+01,2.514075e+01,2.516082e+01,2.498007e+01,2.488622e+01,2.473187e+01,2.463108e+01,2.439552e+01,2.423369e+01,2.421344e+01,2.441573e+01,2.452346e+01,2.465796e+01,2.496667e+01,2.493316e+01,2.498007e+01,2.496667e+01,2.514744e+01,2.508722e+01,2.506713e+01,2.509391e+01,2.507383e+01,2.526778e+01,2.542802e+01,2.542802e+01,2.538799e+01,2.552805e+01,2.542802e+01,2.544137e+01,2.543469e+01,2.545471e+01,2.546138e+01,2.527446e+01,2.510730e+01,2.487281e+01,2.485940e+01,2.491975e+01,2.514744e+01,2.530119e+01,2.516082e+01,2.525442e+01,2.530787e+01,2.527446e+01,2.528115e+01,2.524105e+01,2.540133e+01,2.538131e+01,2.518088e+01,2.518088e+01,2.524105e+01,2.500687e+01,2.507383e+01,2.496667e+01,2.471844e+01,2.467813e+01,2.463108e+01,2.446961e+01,2.445614e+01,2.443594e+01,2.445614e+01,2.426743e+01,2.413242e+01,2.403781e+01,2.425393e+01,2.429441e+01,2.430790e+01,2.433487e+01,2.422019e+01,2.451673e+01,2.441573e+01,2.425393e+01,2.428092e+01,2.430790e+01,2.417969e+01,2.411215e+01,2.401752e+01,2.413917e+01,2.422019e+01,2.418644e+01,2.419994e+01,2.432138e+01,2.434835e+01,2.451673e+01,2.450327e+01,2.471172e+01,2.480572e+01,2.510730e+01,2.511399e+01,2.518088e+01,2.515413e+01,2.532122e+01,2.550139e+01,2.546138e+01,2.547471e+01,2.551472e+01,2.556804e+01,2.556137e+01,2.537464e+01,2.557470e+01,2.560134e+01,2.544804e+01,2.534793e+01,2.552139e+01,2.537464e+01,2.529451e+01,2.527446e+01,2.526778e+01,2.549472e+01,2.575443e+01,2.645049e+01,2.781603e+01,2.817422e+01,2.818072e+01,2.820673e+01,2.819373e+01,2.816772e+01,2.790080e+01,2.799202e+01,2.795945e+01,2.788125e+01,2.781603e+01,2.760055e+01,2.752862e+01,2.751554e+01,2.753516e+01,2.737152e+01,2.727322e+01,2.721420e+01,2.680010e+01,2.689226e+01,2.679352e+01,2.683961e+01,2.662874e+01,2.646370e+01,2.633810e+01,2.637117e+01,2.607982e+01,2.575443e+01,2.543469e+01,2.505375e+01,2.457728e+01,2.434161e+01,2.435509e+01,2.434161e+01,2.425393e+01,2.427417e+01,2.447635e+01,2.427417e+01,2.428766e+01,2.428092e+01,2.428766e+01,2.436857e+01,2.429441e+01,2.444941e+01,2.432812e+01,2.428766e+01,2.431464e+01,2.431464e+01,2.427417e+01,2.421344e+01,2.414593e+01,2.431464e+01,2.438205e+01,2.427417e+01,2.436857e+01,2.426068e+01,2.427417e+01,2.425393e+01,2.423369e+01,2.423369e+01,2.425393e+01,2.432138e+01,2.426743e+01,2.430790e+01,2.430115e+01,2.432138e+01,2.430790e+01,2.427417e+01,2.429441e+01,2.427417e+01,2.425393e+01,2.423369e+01,2.427417e+01,2.422019e+01,2.426068e+01,2.416619e+01,2.421344e+01,2.422694e+01,2.424719e+01,2.428766e+01,2.417294e+01,2.416619e+01,2.418644e+01,2.411891e+01,2.415268e+01,2.424719e+01,2.412566e+01,2.415268e+01,2.419319e+01,2.420670e+01,2.411215e+01,2.413917e+01,2.420670e+01,2.409188e+01,2.409188e+01,2.404457e+01,2.410540e+01,2.422694e+01,2.411891e+01,2.409864e+01,2.408512e+01,2.410540e+01,2.413242e+01,2.409188e+01,2.411215e+01,2.398371e+01,2.401752e+01,2.412566e+01,2.401076e+01,2.398371e+01,2.390250e+01,2.398371e+01,2.401752e+01,2.401076e+01,2.394311e+01,2.399047e+01,2.394988e+01,2.396341e+01,2.402428e+01,2.401076e+01,2.394988e+01,2.390250e+01,2.387542e+01,2.392958e+01,2.406485e+01,2.403781e+01,2.405809e+01,2.398371e+01,2.403781e+01,2.395664e+01,2.401076e+01,2.399047e+01,2.402428e+01,2.401076e+01,2.402428e+01,2.393634e+01,2.398371e+01,2.397018e+01,2.396341e+01,2.398371e+01,2.401076e+01,2.399047e+01,2.398371e+01,2.398371e+01,2.399047e+01,2.398371e+01,2.399723e+01,2.390927e+01,2.388219e+01,2.396341e+01,2.401076e+01,2.399723e+01,2.400400e+01,2.401752e+01,2.400400e+01,2.405133e+01,2.397018e+01,2.403105e+01,2.397018e+01,2.398371e+01,2.405809e+01,2.398371e+01,2.396341e+01,2.392958e+01,2.404457e+01,2.401076e+01,2.392958e+01,2.397018e+01,2.408512e+01,2.407837e+01,2.405133e+01,2.399047e+01,2.397694e+01,2.405809e+01,2.408512e+01,2.404457e+01,2.407161e+01,2.405809e+01,2.401076e+01,2.401752e+01,2.404457e+01,2.403105e+01,2.403781e+01,2.407837e+01,2.401076e+01,2.405133e+01,2.409188e+01,2.405133e+01,2.404457e+01,2.401752e+01,2.411215e+01,2.396341e+01,2.410540e+01,2.404457e+01,2.407837e+01,2.411891e+01,2.403781e+01,2.403105e+01,2.407837e+01,2.413242e+01,2.407161e+01,2.418644e+01,2.415943e+01,2.430115e+01,2.475201e+01,2.628517e+01,2.679352e+01,2.703692e+01,2.722075e+01,2.746319e+01,2.739117e+01,2.731255e+01,2.750245e+01,2.743701e+01,2.754824e+01,2.750245e+01,2.740427e+01,2.775731e+01,2.775731e+01,2.779646e+01,2.778994e+01,2.776383e+01,2.754170e+01,2.748282e+01,2.750245e+01,2.724699e+01,2.722731e+01,2.696462e+01,2.660235e+01,2.666831e+01,2.652975e+01,2.590729e+01,2.573447e+01,2.550139e+01,2.525442e+01,2.511399e+01,2.491305e+01,2.493316e+01,2.483256e+01,2.489293e+01,2.485940e+01,2.485269e+01,2.467813e+01,2.471172e+01,2.471844e+01,2.458401e+01,2.470500e+01,2.469828e+01,2.473187e+01,2.471844e+01,2.465796e+01,2.461091e+01,2.462436e+01,2.470500e+01,2.468484e+01,2.471172e+01,2.469828e+01,2.465796e+01,2.461091e+01,2.450327e+01,2.432812e+01,2.430115e+01,2.417969e+01,2.426743e+01,2.450327e+01,2.440900e+01,2.442921e+01,2.453692e+01,2.448308e+01,2.453019e+01,2.460419e+01,2.465796e+01,2.459073e+01,2.469156e+01,2.453019e+01,2.457728e+01,2.470500e+01,2.477216e+01,2.467813e+01,2.450327e+01,2.450327e+01,2.448981e+01,2.448981e+01,2.438878e+01,2.415943e+01,2.417294e+01,2.407837e+01,2.422019e+01,2.422694e+01,2.419994e+01,2.423369e+01,2.419319e+01,2.418644e+01,2.419994e+01,2.435509e+01,2.436857e+01,2.469156e+01,2.491975e+01,2.496667e+01,2.479230e+01,2.463780e+01,2.435509e+01,2.395664e+01,2.377380e+01,2.378057e+01,2.342753e+01,2.337311e+01,2.327099e+01,2.312104e+01,2.317559e+01,2.313468e+01,2.303915e+01,2.315514e+01,2.319604e+01,2.311422e+01,2.299818e+01,2.289569e+01,2.298452e+01,2.290253e+01,2.290253e+01,2.287519e+01,2.302550e+01,2.331185e+01,2.387542e+01,2.428092e+01,2.432138e+01,2.441573e+01,2.438205e+01,2.453019e+01,2.442921e+01,2.426068e+01,2.414593e+01,2.407161e+01,2.399723e+01,2.380091e+01,2.380091e+01,2.379413e+01,2.369921e+01,2.373312e+01,2.378057e+01,2.366529e+01,2.376024e+01,2.376024e+01,2.366529e+01,2.365850e+01,2.359741e+01,2.353629e+01,2.350231e+01,2.348192e+01,2.348872e+01,2.380768e+01,2.359062e+01,2.373312e+01,2.376024e+01,2.346153e+01,2.340713e+01,2.329823e+01,2.330504e+01,2.322330e+01,2.327780e+01,2.306645e+01,2.308693e+01,2.307328e+01,2.306645e+01,2.299135e+01,2.287519e+01,2.286835e+01,2.296403e+01,2.284099e+01,2.290937e+01,2.290937e+01,2.286835e+01,2.291620e+01,2.295037e+01,2.333228e+01,2.346833e+01,2.369242e+01,2.389573e+01,2.403105e+01,2.401076e+01,2.414593e+01,2.414593e+01,2.417969e+01,2.397018e+01,2.423369e+01,2.422694e+01,2.435509e+01,2.442921e+01,2.455710e+01,2.441573e+01,2.434161e+01,2.436857e+01,2.452346e+01,2.443594e+01,2.432138e+01,2.436183e+01,2.436183e+01,2.453019e+01,2.436857e+01,2.448308e+01,2.428092e+01,2.438205e+01,2.424719e+01,2.451000e+01,2.434161e+01,2.437531e+01,2.434835e+01,2.432812e+01,2.447635e+01,2.416619e+01,2.426743e+01,2.426743e+01,2.429441e+01,2.438205e+01,2.424044e+01,2.440900e+01,2.451000e+01,2.487952e+01,2.518088e+01,2.570121e+01,2.548805e+01,2.546138e+01,2.556804e+01,2.574778e+01,2.571451e+01,2.560134e+01,2.568124e+01,2.578768e+01,2.590065e+01,2.567459e+01,2.580097e+01,2.560800e+01,2.558802e+01,2.562132e+01,2.572782e+01,2.574778e+01,2.605993e+01,2.613286e+01,2.602677e+01,2.615936e+01,2.575443e+01,2.542802e+01
2.397694e+01,2.387542e+01,2.386865e+01,2.392958e+01,2.399723e+01,2.397018e+01,2.397694e+01,2.390927e+01,2.394988e+01,2.398371e+01,2.402428e+01,2.396341e+01,2.401752e+01,2.413917e+01,2.411891e+01,2.407161e+01,2.407837e+01,2.400400e+01,2.407161e+01,2.415943e+01,2.409864e+01,2.408512e+01,2.410540e+01,2.429441e+01,2.415268e+01,2.430115e+01,2.424719e+01,2.408512e+01,2.417294e+01,2.422019e+01,2.436183e+01,2.457056e+01,2.473187e+01,2.537464e+01,2.568124e+01,2.575443e+01,2.578103e+01,2.609971e+01,2.619911e+01,2.623222e+01,2.624546e+01,2.627194e+01,2.639761e+01,2.637778e+01,2.641744e+01,2.641084e+01,2.644388e+01,2.631826e+01,2.632487e+01,2.635794e+01,2.643066e+01,2.621235e+01,2.627194e+01,2.610634e+01,2.616599e+01,2.621235e+01,2.616599e+01,2.629179e+01,2.627855e+01,2.627194e+01,2.651654e+01,2.639100e+01,2.634472e+01,2.639761e+01,2.647691e+01,2.635133e+01,2.639761e+01,2.657595e+01,2.641744e+01,2.641084e+01,2.635133e+01,2.631164e+01,2.629841e+01,2.627194e+01,2.623222e+01,2.621235e+01,2.614611e+01,2.611297e+01,2.596704e+01,2.596041e+01,2.593385e+01,2.594713e+01,2.574778e+01,2.580762e+01,2.569455e+01,2.548138e+01,2.544137e+01,2.527446e+01,2.526110e+01,2.518088e+01,2.515413e+01,2.499347e+01,2.476544e+01,2.467813e+01,2.442921e+01,2.446288e+01,2.431464e+01,2.430790e+01,2.434161e+01,2.445614e+01,2.453692e+01,2.479230e+01,2.491975e+01,2.495326e+01,2.495997e+01,2.504035e+01,2.497337e+01,2.497337e+01,2.508052e+01,2.509391e+01,2.526778e+01,2.538799e+01,2.523437e+01,2.540133e+01,2.540801e+01,2.538131e+01,2.542802e+01,2.556137e+01,2.544137e+01,2.533458e+01,2.514075e+01,2.476544e+01,2.475873e+01,2.488622e+01,2.470500e+01,2.486610e+01,2.493316e+01,2.514744e+01,2.516751e+01,2.519426e+01,2.512068e+01,2.512737e+01,2.511399e+01,2.521431e+01,2.518757e+01,2.517419e+01,2.495997e+01,2.515413e+01,2.491305e+01,2.485940e+01,2.489293e+01,2.473187e+01,2.461091e+01,2.457728e+01,2.442921e+01,2.428766e+01,2.418644e+01,2.423369e+01,2.411891e+01,2.416619e+01,2.407837e+01,2.419319e+01,2.432812e+01,2.432138e+01,2.425393e+01,2.424044e+01,2.434835e+01,2.437531e+01,2.421344e+01,2.422694e+01,2.422694e+01,2.417969e+01,2.415268e+01,2.422019e+01,2.418644e+01,2.411891e+01,2.417969e+01,2.430790e+01,2.417969e+01,2.424719e+01,2.446288e+01,2.452346e+01,2.475201e+01,2.475201e+01,2.486610e+01,2.492645e+01,2.510730e+01,2.511399e+01,2.530119e+01,2.545471e+01,2.532790e+01,2.541468e+01,2.547471e+01,2.546805e+01,2.552139e+01,2.543469e+01,2.550805e+01,2.553472e+01,2.546138e+01,2.553472e+01,2.531454e+01,2.534126e+01,2.534126e+01,2.525442e+01,2.521431e+01,2.505375e+01,2.522768e+01,2.584085e+01,2.717483e+01,2.810919e+01,2.818723e+01,2.820023e+01,2.818723e+01,2.818723e+01,2.812220e+01,2.803109e+01,2.807014e+01,2.796597e+01,2.792687e+01,2.778341e+01,2.764629e+01,2.765282e+01,2.752208e+01,2.754170e+01,2.739117e+01,2.732566e+01,2.716826e+01,2.707634e+01,2.691200e+01,2.690542e+01,2.654295e+01,2.639100e+01,2.635133e+01,2.635794e+01,2.629841e+01,2.630502e+01,2.611297e+01,2.570786e+01,2.544804e+01,2.476544e+01,2.438878e+01,2.436183e+01,2.426068e+01,2.434161e+01,2.428092e+01,2.428092e+01,2.438205e+01,2.436183e+01,2.430115e+01,2.435509e+01,2.436857e+01,2.435509e+01,2.428766e+01,2.431464e+01,2.435509e+01,2.432138e+01,2.432138e+01,2.431464e+01,2.435509e+01,2.432138e+01,2.439552e+01,2.420670e+01,2.434161e+01,2.427417e+01,2.428092e+01,2.426743e+01,2.423369e+01,2.424044e+01,2.428092e+01,2.432138e+01,2.432812e+01,2.428766e+01,2.430790e+01,2.420670e+01,2.427417e+01,2.424044e+01,2.433487e+01,2.428092e+01,2.424719e+01,2.430115e+01,2.426743e+01,2.427417e+01,2.422694e+01,2.417969e+01,2.422694e+01,2.422694e+01,2.419994e+01,2.420670e+01,2.421344e+01,2.421344e+01,2.420670e+01,2.415943e+01,2.421344e+01,2.417294e+01,2.428092e+01,2.420670e+01,2.410540e+01,2.422019e+01,2.420670e+01,2.422019e+01,2.409188e+01,2.421344e+01,2.417294e+01,2.407837e+01,2.416619e+01,2.409188e+01,2.405809e+01,2.423369e+01,2.411215e+01,2.407161e+01,2.407161e+01,2.410540e+01,2.400400e+01,2.412566e+01,2.399723e+01,2.401752e+01,2.406485e+01,2.396341e+01,2.401752e+01,2.388896e+01,2.405133e+01,2.399723e+01,2.394988e+01,2.394311e+01,2.399723e+01,2.408512e+01,2.411891e+01,2.405809e+01,2.401076e+01,2.396341e+01,2.400400e+01,2.398371e+01,2.402428e+01,2.394311e+01,2.403105e+01,2.397018e+01,2.397018e+01,2.399723e+01,2.390250e+01,2.392958e+01,2.396341e+01,2.403781e+01,2.402428e+01,2.401752e+01,2.394311e+01,2.394988e+01,2.408512e+01,2.399723e+01,2.393634e+01,2.395664e+01,2.398371e+01,2.397694e+01,2.399723e+01,2.401076e+01,2.395664e+01,2.405809e+01,2.394311e+01,2.392281e+01,2.395664e+01,2.397694e+01,2.398371e+01,2.399047e+01,2.401076e+01,2.407837e+01,2.399047e+01,2.403781e+01,2.400400e+01,2.400400e+01,2.398371e+01,2.397694e+01,2.402428e+01,2.405809e+01,2.405809e+01,2.413242e+01,2.397018e+01,2.391604e+01,2.398371e+01,2.403781e+01,2.394988e+01,2.406485e+01,2.407161e+01,2.401076e+01,2.405809e+01,2.408512e+01,2.402428e+01,2.401076e+01,2.414593e+01,2.403105e+01,2.413917e+01,2.401076e+01,2.403781e+01,2.405133e+01,2.398371e+01,2.399723e+01,2.405809e+01,2.399723e+01,2.411215e+01,2.412566e+01,2.401076e+01,2.410540e+01,2.409864e+01,2.415943e+01,2.413242e+01,2.406485e+01,2.406485e+01,2.413242e+01,2.403105e+01,2.402428e+01,2.409864e+01,2.411215e+01,2.416619e+01,2.430115e+01,2.453019e+01,2.606656e+01,2.679352e+01,2.706977e+01,2.728633e+01,2.729944e+01,2.750900e+01,2.751554e+01,2.756132e+01,2.761362e+01,2.765936e+01,2.769202e+01,2.762669e+01,2.778341e+01,2.780951e+01,2.782256e+01,2.782256e+01,2.769202e+01,2.774425e+01,2.753516e+01,2.746974e+01,2.747628e+01,2.729944e+01,2.695147e+01,2.693831e+01,2.650333e+01,2.621235e+01,2.606656e+01,2.576773e+01,2.546805e+01,2.520094e+01,2.496667e+01,2.478558e+01,2.487952e+01,2.490634e+01,2.500017e+01,2.471844e+01,2.473187e+01,2.463108e+01,2.459073e+01,2.469156e+01,2.469156e+01,2.457056e+01,2.469156e+01,2.465124e+01,2.469156e+01,2.461763e+01,2.460419e+01,2.461091e+01,2.460419e+01,2.464452e+01,2.456383e+01,2.465796e+01,2.454365e+01,2.463108e+01,2.456383e+01,2.438205e+01,2.442247e+01,2.436857e+01,2.436857e+01,2.445614e+01,2.447635e+01,2.440226e+01,2.446961e+01,2.453692e+01,2.451000e+01,2.454365e+01,2.464452e+01,2.458401e+01,2.463108e+01,2.467813e+01,2.460419e+01,2.457056e+01,2.468484e+01,2.456383e+01,2.450327e+01,2.459073e+01,2.446288e+01,2.427417e+01,2.434161e+01,2.417294e+01,2.412566e+01,2.417969e+01,2.409188e+01,2.394311e+01,2.393634e+01,2.403105e+01,2.392281e+01,2.415268e+01,2.385510e+01,2.405809e+01,2.411891e+01,2.438878e+01,2.461763e+01,2.459073e+01,2.459073e+01,2.414593e+01,2.409188e+01,2.397018e+01,2.376024e+01,2.357704e+01,2.355667e+01,2.335269e+01,2.323693e+01,2.332547e+01,2.324374e+01,2.323693e+01,2.318241e+01,2.326418e+01,2.320967e+01,2.316877e+01,2.298452e+01,2.309375e+01,2.288202e+01,2.295037e+01,2.297769e+01,2.301184e+01,2.310057e+01,2.331185e+01,2.384833e+01,2.410540e+01,2.432138e+01,2.431464e+01,2.442247e+01,2.439552e+01,2.419994e+01,2.413917e+01,2.407161e+01,2.407837e+01,2.393634e+01,2.370599e+01,2.374668e+01,2.363814e+01,2.371277e+01,2.369242e+01,2.356346e+01,2.369242e+01,2.370599e+01,2.384833e+01,2.396341e+01,2.394988e+01,2.385510e+01,2.364493e+01,2.352270e+01,2.361099e+01,2.370599e+01,2.376702e+01,2.378057e+01,2.371956e+01,2.369242e+01,2.340713e+01,2.351590e+01,2.320967e+01,2.335269e+01,2.324374e+01,2.312786e+01,2.321649e+01,2.298452e+01,2.299818e+01,2.307328e+01,2.299818e+01,2.307328e+01,2.292987e+01,2.296403e+01,2.292303e+01,2.287519e+01,2.286151e+01,2.301184e+01,2.295037e+01,2.309375e+01,2.327780e+01,2.335950e+01,2.367886e+01,2.367886e+01,2.376702e+01,2.398371e+01,2.404457e+01,2.403105e+01,2.416619e+01,2.419994e+01,2.400400e+01,2.420670e+01,2.429441e+01,2.426743e+01,2.426743e+01,2.434835e+01,2.417969e+01,2.436857e+01,2.442247e+01,2.435509e+01,2.434161e+01,2.435509e+01,2.440226e+01,2.432812e+01,2.423369e+01,2.436857e+01,2.432138e+01,2.439552e+01,2.451000e+01,2.436183e+01,2.435509e+01,2.432138e+01,2.424044e+01,2.428766e+01,2.426743e+01,2.419319e+01,2.413917e+01,2.429441e+01,2.409864e+01,2.430115e+01,2.421344e+01,2.408512e+01,2.425393e+01,2.451673e+01,2.486610e+01,2.511399e+01,2.548805e+01,2.542135e+01,2.540133e+01,2.542802e+01,2.565462e+01,2.565462e+01,2.560800e+01,2.567459e+01,2.576108e+01,2.550139e+01,2.516751e+01,2.485940e+01,2.487281e+01,2.514075e+01,2.556804e+01,2.574113e+01,2.598032e+01,2.604004e+01,2.603340e+01,2.576773e+01,2.538131e+01,2.474530e+01
2.379413e+01,2.385510e+01,2.391604e+01,2.397018e+01,2.399047e+01,2.398371e+01,2.394988e+01,2.394988e+01,2.392281e+01,2.399723e+01,2.414593e+01,2.409864e+01,2.410540e+01,2.401752e+01,2.411891e+01,2.403781e+01,2.407837e+01,2.403105e+01,2.418644e+01,2.406485e+01,2.409864e+01,2.413242e+01,2.412566e+01,2.417294e+01,2.407837e+01,2.419319e+01,2.409188e+01,2.424044e+01,2.408512e+01,2.431464e+01,2.430790e+01,2.436857e+01,2.446961e+01,2.504705e+01,2.540133e+01,2.580762e+01,2.595377e+01,2.594049e+01,2.603340e+01,2.608646e+01,2.622560e+01,2.624546e+01,2.632487e+01,2.637778e+01,2.645709e+01,2.651654e+01,2.639100e+01,2.630502e+01,2.627194e+01,2.613286e+01,2.627855e+01,2.614611e+01,2.619248e+01,2.604004e+01,2.607319e+01,2.629841e+01,2.629179e+01,2.629179e+01,2.616599e+01,2.626532e+01,2.630502e+01,2.645049e+01,2.631826e+01,2.630502e+01,2.638439e+01,2.633149e+01,2.639761e+01,2.616599e+01,2.641084e+01,2.645049e+01,2.641744e+01,2.636456e+01,2.634472e+01,2.621235e+01,2.611960e+01,2.619248e+01,2.624546e+01,2.616599e+01,2.602013e+01,2.607319e+01,2.594713e+01,2.593385e+01,2.586743e+01,2.580762e+01,2.576773e+01,2.552139e+01,2.549472e+01,2.540801e+01,2.531454e+01,2.516082e+01,2.518757e+01,2.487952e+01,2.485269e+01,2.471844e+01,2.448981e+01,2.440900e+01,2.431464e+01,2.431464e+01,2.432812e+01,2.435509e+01,2.442247e+01,2.457056e+01,2.474530e+01,2.490634e+01,2.490634e+01,2.480572e+01,2.500687e+01,2.506713e+01,2.497337e+01,2.508052e+01,2.526110e+01,2.525442e+01,2.526778e+01,2.540133e+01,2.541468e+01,2.538131e+01,2.535461e+01,2.555471e+01,2.538131e+01,2.514075e+01,2.477216e+01,2.453019e+01,2.451000e+01,2.470500e+01,2.463108e+01,2.469828e+01,2.487281e+01,2.479901e+01,2.483256e+01,2.502026e+01,2.507383e+01,2.509391e+01,2.499347e+01,2.501357e+01,2.498007e+01,2.496667e+01,2.494656e+01,2.493316e+01,2.482585e+01,2.477887e+01,2.473858e+01,2.474530e+01,2.454365e+01,2.447635e+01,2.438205e+01,2.434835e+01,2.424044e+01,2.403781e+01,2.402428e+01,2.407161e+01,2.397018e+01,2.417969e+01,2.408512e+01,2.422694e+01,2.418644e+01,2.421344e+01,2.432812e+01,2.413917e+01,2.424719e+01,2.416619e+01,2.416619e+01,2.421344e+01,2.413242e+01,2.388219e+01,2.400400e+01,2.391604e+01,2.413917e+01,2.418644e+01,2.413917e+01,2.415268e+01,2.432812e+01,2.451673e+01,2.480572e+01,2.475873e+01,2.475873e+01,2.491975e+01,2.506713e+01,2.516082e+01,2.514075e+01,2.520094e+01,2.532122e+01,2.532790e+01,2.538799e+01,2.530787e+01,2.546805e+01,2.542135e+01,2.549472e+01,2.551472e+01,2.551472e+01,2.546805e+01,2.541468e+01,2.530787e+01,2.528782e+01,2.524773e+01,2.508722e+01,2.504705e+01,2.506044e+01,2.556804e+01,2.694489e+01,2.810268e+01,2.836910e+01,2.842100e+01,2.836261e+01,2.814821e+01,2.827170e+01,2.823922e+01,2.807665e+01,2.808967e+01,2.795945e+01,2.793991e+01,2.783560e+01,2.776383e+01,2.750245e+01,2.750245e+01,2.752208e+01,2.737152e+01,2.734532e+01,2.719451e+01,2.689884e+01,2.678034e+01,2.672104e+01,2.646370e+01,2.650994e+01,2.637778e+01,2.636456e+01,2.625870e+01,2.631826e+01,2.611960e+01,2.591393e+01,2.548805e+01,2.508052e+01,2.463108e+01,2.436857e+01,2.438878e+01,2.426743e+01,2.427417e+01,2.428766e+01,2.434835e+01,2.426743e+01,2.436183e+01,2.428092e+01,2.446288e+01,2.423369e+01,2.430790e+01,2.429441e+01,2.432138e+01,2.432138e+01,2.431464e+01,2.430790e+01,2.430115e+01,2.430115e+01,2.426743e+01,2.431464e+01,2.417969e+01,2.424044e+01,2.429441e+01,2.427417e+01,2.419319e+01,2.415943e+01,2.427417e+01,2.431464e+01,2.431464e+01,2.424044e+01,2.426068e+01,2.434835e+01,2.429441e+01,2.413917e+01,2.434835e+01,2.421344e+01,2.422019e+01,2.433487e+01,2.429441e+01,2.428766e+01,2.417294e+01,2.424719e+01,2.427417e+01,2.423369e+01,2.420670e+01,2.415268e+01,2.417294e+01,2.420670e+01,2.412566e+01,2.411891e+01,2.414593e+01,2.411215e+01,2.407161e+01,2.428766e+01,2.419319e+01,2.417294e+01,2.419319e+01,2.413242e+01,2.419319e+01,2.420670e+01,2.411891e+01,2.416619e+01,2.403105e+01,2.407161e+01,2.407161e+01,2.407837e+01,2.407161e+01,2.410540e+01,2.407161e+01,2.404457e+01,2.420670e+01,2.409864e+01,2.399723e+01,2.406485e+01,2.409864e+01,2.394311e+01,2.391604e+01,2.401076e+01,2.403105e+01,2.402428e+01,2.402428e+01,2.403105e+01,2.403781e+01,2.397694e+01,2.399047e+01,2.401076e+01,2.399047e+01,2.392958e+01,2.393634e+01,2.399723e+01,2.386187e+01,2.401076e+01,2.391604e+01,2.407161e+01,2.401076e+01,2.401752e+01,2.390927e+01,2.401076e+01,2.403781e+01,2.403781e+01,2.403781e+01,2.398371e+01,2.405133e+01,2.405809e+01,2.402428e+01,2.395664e+01,2.386187e+01,2.405133e+01,2.395664e+01,2.395664e+01,2.401076e+01,2.399047e+01,2.406485e+01,2.404457e+01,2.391604e+01,2.399723e+01,2.402428e+01,2.398371e+01,2.399723e+01,2.395664e+01,2.398371e+01,2.403105e+01,2.405809e+01,2.401752e+01,2.398371e+01,2.424044e+01,2.400400e+01,2.394311e+01,2.392958e+01,2.399723e+01,2.387542e+01,2.399047e+01,2.396341e+01,2.397694e+01,2.397018e+01,2.406485e+01,2.401076e+01,2.404457e+01,2.404457e+01,2.396341e+01,2.396341e+01,2.397694e+01,2.397694e+01,2.401752e+01,2.413917e+01,2.400400e+01,2.401076e+01,2.403105e+01,2.398371e+01,2.405133e+01,2.405133e+01,2.409864e+01,2.410540e+01,2.409188e+01,2.407161e+01,2.409188e+01,2.409188e+01,2.411215e+01,2.418644e+01,2.411891e+01,2.411891e+01,2.401076e+01,2.405133e+01,2.405133e+01,2.409864e+01,2.413242e+01,2.417294e+01,2.424044e+01,2.416619e+01,2.434161e+01,2.564130e+01,2.678034e+01,2.705006e+01,2.733876e+01,2.750900e+01,2.760708e+01,2.765282e+01,2.762669e+01,2.765282e+01,2.770508e+01,2.771161e+01,2.775078e+01,2.790732e+01,2.791384e+01,2.779646e+01,2.782908e+01,2.780299e+01,2.776383e+01,2.748937e+01,2.753516e+01,2.737152e+01,2.726666e+01,2.703692e+01,2.694489e+01,2.653635e+01,2.613948e+01,2.594049e+01,2.551472e+01,2.543469e+01,2.517419e+01,2.506713e+01,2.494656e+01,2.505375e+01,2.501357e+01,2.488622e+01,2.473858e+01,2.467813e+01,2.459746e+01,2.461091e+01,2.458401e+01,2.467813e+01,2.472515e+01,2.463108e+01,2.463780e+01,2.465124e+01,2.461763e+01,2.458401e+01,2.460419e+01,2.462436e+01,2.455038e+01,2.452346e+01,2.452346e+01,2.449654e+01,2.452346e+01,2.449654e+01,2.436857e+01,2.436857e+01,2.438205e+01,2.438878e+01,2.438205e+01,2.450327e+01,2.463780e+01,2.440900e+01,2.458401e+01,2.453692e+01,2.453019e+01,2.454365e+01,2.454365e+01,2.451000e+01,2.446288e+01,2.450327e+01,2.461763e+01,2.450327e+01,2.447635e+01,2.451000e+01,2.446288e+01,2.443594e+01,2.430790e+01,2.424044e+01,2.398371e+01,2.406485e+01,2.402428e+01,2.395664e+01,2.392281e+01,2.394311e+01,2.384833e+01,2.387542e+01,2.388219e+01,2.403781e+01,2.365850e+01,2.403781e+01,2.404457e+01,2.426743e+01,2.433487e+01,2.413917e+01,2.392958e+01,2.381446e+01,2.368564e+01,2.340713e+01,2.353629e+01,2.342073e+01,2.336630e+01,2.325056e+01,2.329142e+01,2.315514e+01,2.318241e+01,2.320286e+01,2.325737e+01,2.316195e+01,2.299818e+01,2.312786e+01,2.306645e+01,2.304598e+01,2.292303e+01,2.297086e+01,2.295720e+01,2.308693e+01,2.321649e+01,2.333228e+01,2.388896e+01,2.410540e+01,2.407161e+01,2.426743e+01,2.438205e+01,2.422019e+01,2.403105e+01,2.390250e+01,2.353629e+01,2.369242e+01,2.358383e+01,2.371277e+01,2.373990e+01,2.378057e+01,2.356346e+01,2.370599e+01,2.386187e+01,2.390927e+01,2.414593e+01,2.424044e+01,2.425393e+01,2.396341e+01,2.357025e+01,2.360420e+01,2.359062e+01,2.376024e+01,2.380091e+01,2.380091e+01,2.369921e+01,2.370599e+01,2.351590e+01,2.333908e+01,2.335269e+01,2.323012e+01,2.311422e+01,2.329823e+01,2.305280e+01,2.297769e+01,2.310739e+01,2.290253e+01,2.299818e+01,2.292987e+01,2.291620e+01,2.294353e+01,2.290253e+01,2.292303e+01,2.287519e+01,2.293670e+01,2.286835e+01,2.305280e+01,2.320967e+01,2.326418e+01,2.339352e+01,2.373312e+01,2.390927e+01,2.380091e+01,2.395664e+01,2.397018e+01,2.394311e+01,2.414593e+01,2.411215e+01,2.403781e+01,2.413917e+01,2.438878e+01,2.422694e+01,2.433487e+01,2.435509e+01,2.428092e+01,2.406485e+01,2.428092e+01,2.424044e+01,2.422694e+01,2.401076e+01,2.424719e+01,2.406485e+01,2.407837e+01,2.417294e+01,2.419319e+01,2.412566e+01,2.430790e+01,2.430115e+01,2.422019e+01,2.426743e+01,2.409188e+01,2.403105e+01,2.403105e+01,2.397018e+01,2.409864e+01,2.408512e+01,2.397018e+01,2.401752e+01,2.394311e+01,2.415943e+01,2.418644e+01,2.426068e+01,2.457728e+01,2.471844e+01,2.480572e+01,2.479230e+01,2.493986e+01,2.529451e+01,2.545471e+01,2.557470e+01,2.554138e+01,2.520094e+01,2.469156e+01,2.467813e+01,2.461091e+01,2.448981e+01,2.493316e+01,2.530787e+01,2.570786e+01,2.573447e+01,2.566127e+01,2.550139e+01,2.477887e+01,2.453692e+01,2.426068e+01
2.367207e+01,2.385510e+01,2.394988e+01,2.387542e+01,2.396341e+01,2.396341e+01,2.392958e+01,2.396341e+01,2.391604e+01,2.399723e+01,2.403105e+01,2.397018e+01,2.409864e+01,2.407837e+01,2.412566e+01,2.405809e+01,2.419319e+01,2.390927e+01,2.417969e+01,2.409864e+01,2.424719e+01,2.406485e+01,2.411215e+01,2.417969e+01,2.419319e+01,2.413242e+01,2.413917e+01,2.420670e+01,2.415943e+01,2.417294e+01,2.419994e+01,2.436857e+01,2.448308e+01,2.471172e+01,2.505375e+01,2.546805e+01,2.576108e+01,2.574113e+01,2.589401e+01,2.607319e+01,2.632487e+01,2.619248e+01,2.617924e+01,2.627194e+01,2.633810e+01,2.635794e+01,2.627194e+01,2.615936e+01,2.624546e+01,2.613286e+01,2.605330e+01,2.611960e+01,2.611960e+01,2.622560e+01,2.630502e+01,2.631826e+01,2.628517e+01,2.623884e+01,2.614611e+01,2.627194e+01,2.629841e+01,2.631826e+01,2.639761e+01,2.629179e+01,2.634472e+01,2.630502e+01,2.647031e+01,2.637117e+01,2.641084e+01,2.615936e+01,2.635794e+01,2.616599e+01,2.627855e+01,2.622560e+01,2.625208e+01,2.624546e+01,2.611960e+01,2.623884e+01,2.598696e+01,2.598032e+01,2.593385e+01,2.589401e+01,2.580762e+01,2.580762e+01,2.580097e+01,2.556137e+01,2.552139e+01,2.548138e+01,2.523437e+01,2.529451e+01,2.493316e+01,2.498677e+01,2.479230e+01,2.448308e+01,2.451673e+01,2.430790e+01,2.438878e+01,2.435509e+01,2.432138e+01,2.438205e+01,2.438205e+01,2.455038e+01,2.467813e+01,2.469156e+01,2.474530e+01,2.485269e+01,2.479230e+01,2.502696e+01,2.488622e+01,2.519426e+01,2.524773e+01,2.533458e+01,2.524773e+01,2.540801e+01,2.540133e+01,2.539466e+01,2.540133e+01,2.521431e+01,2.518088e+01,2.485940e+01,2.475873e+01,2.420670e+01,2.416619e+01,2.443594e+01,2.443594e+01,2.459073e+01,2.463780e+01,2.463780e+01,2.479230e+01,2.477887e+01,2.485269e+01,2.489293e+01,2.489293e+01,2.491975e+01,2.487281e+01,2.486610e+01,2.484598e+01,2.479901e+01,2.468484e+01,2.472515e+01,2.479230e+01,2.463108e+01,2.458401e+01,2.440900e+01,2.434161e+01,2.414593e+01,2.413917e+01,2.409188e+01,2.403105e+01,2.395664e+01,2.403781e+01,2.396341e+01,2.406485e+01,2.415943e+01,2.421344e+01,2.420670e+01,2.420670e+01,2.418644e+01,2.403781e+01,2.417294e+01,2.397694e+01,2.396341e+01,2.389573e+01,2.386187e+01,2.392958e+01,2.389573e+01,2.394988e+01,2.401752e+01,2.417969e+01,2.422019e+01,2.444268e+01,2.432812e+01,2.451000e+01,2.471172e+01,2.485269e+01,2.485269e+01,2.491305e+01,2.489293e+01,2.493316e+01,2.518088e+01,2.519426e+01,2.532122e+01,2.525442e+01,2.526778e+01,2.524105e+01,2.534793e+01,2.552139e+01,2.526778e+01,2.536796e+01,2.506044e+01,2.531454e+01,2.522100e+01,2.536796e+01,2.533458e+01,2.510730e+01,2.502696e+01,2.497337e+01,2.538131e+01,2.700406e+01,2.818723e+01,2.837559e+01,2.841452e+01,2.834313e+01,2.827170e+01,2.827170e+01,2.829768e+01,2.813520e+01,2.808967e+01,2.798551e+01,2.800504e+01,2.787473e+01,2.767242e+01,2.777036e+01,2.763322e+01,2.760055e+01,2.746974e+01,2.743046e+01,2.733221e+01,2.710261e+01,2.691200e+01,2.671445e+01,2.653635e+01,2.649673e+01,2.639761e+01,2.633810e+01,2.649012e+01,2.630502e+01,2.630502e+01,2.607982e+01,2.567459e+01,2.564796e+01,2.544137e+01,2.498677e+01,2.453692e+01,2.440226e+01,2.427417e+01,2.430790e+01,2.426743e+01,2.438878e+01,2.432812e+01,2.426743e+01,2.433487e+01,2.424719e+01,2.427417e+01,2.424044e+01,2.425393e+01,2.433487e+01,2.418644e+01,2.430115e+01,2.412566e+01,2.414593e+01,2.428766e+01,2.422694e+01,2.421344e+01,2.428092e+01,2.415268e+01,2.432138e+01,2.419994e+01,2.421344e+01,2.423369e+01,2.427417e+01,2.429441e+01,2.427417e+01,2.431464e+01,2.424044e+01,2.418644e+01,2.427417e+01,2.428766e+01,2.424044e+01,2.421344e+01,2.427417e+01,2.422694e+01,2.428766e+01,2.419319e+01,2.421344e+01,2.417969e+01,2.422694e+01,2.419994e+01,2.414593e+01,2.419994e+01,2.421344e+01,2.412566e+01,2.412566e+01,2.410540e+01,2.412566e+01,2.428766e+01,2.417294e+01,2.426743e+01,2.409188e+01,2.413917e+01,2.418644e+01,2.422694e+01,2.408512e+01,2.409864e+01,2.407161e+01,2.405133e+01,2.424044e+01,2.407837e+01,2.407837e+01,2.408512e+01,2.407161e+01,2.399047e+01,2.414593e+01,2.399723e+01,2.401076e+01,2.399723e+01,2.407161e+01,2.405133e+01,2.399047e+01,2.403781e+01,2.401752e+01,2.399047e+01,2.396341e+01,2.404457e+01,2.397694e+01,2.395664e+01,2.399047e+01,2.394311e+01,2.397018e+01,2.397018e+01,2.415943e+01,2.395664e+01,2.399047e+01,2.397694e+01,2.397694e+01,2.388896e+01,2.403105e+01,2.391604e+01,2.393634e+01,2.394988e+01,2.403105e+01,2.399047e+01,2.398371e+01,2.399723e+01,2.406485e+01,2.399047e+01,2.388219e+01,2.402428e+01,2.400400e+01,2.388219e+01,2.403105e+01,2.396341e+01,2.403105e+01,2.394311e+01,2.397694e+01,2.392958e+01,2.401752e+01,2.391604e+01,2.403105e+01,2.409188e+01,2.399723e+01,2.397018e+01,2.400400e+01,2.403781e+01,2.399723e+01,2.402428e+01,2.404457e+01,2.400400e+01,2.400400e+01,2.400400e+01,2.406485e+01,2.392958e+01,2.394311e+01,2.395664e+01,2.392958e+01,2.398371e+01,2.404457e+01,2.384155e+01,2.401076e+01,2.404457e+01,2.407837e+01,2.403781e+01,2.404457e+01,2.405133e+01,2.394988e+01,2.399047e+01,2.399723e+01,2.399723e+01,2.399047e+01,2.412566e+01,2.401752e+01,2.403105e+01,2.403105e+01,2.400400e+01,2.404457e+01,2.407837e+01,2.405133e+01,2.407161e+01,2.404457e+01,2.406485e+01,2.398371e+01,2.397694e+01,2.404457e+01,2.412566e+01,2.401752e+01,2.405809e+01,2.407161e+01,2.405809e+01,2.417969e+01,2.418644e+01,2.416619e+01,2.417969e+01,2.431464e+01,2.503366e+01,2.674081e+01,2.697119e+01,2.733876e+01,2.739117e+01,2.764629e+01,2.769855e+01,2.772467e+01,2.765936e+01,2.775731e+01,2.775078e+01,2.779646e+01,2.776383e+01,2.757440e+01,2.784212e+01,2.781603e+01,2.767242e+01,2.777036e+01,2.752862e+01,2.739117e+01,2.729944e+01,2.728633e+01,2.695147e+01,2.671445e+01,2.634472e+01,2.608646e+01,2.577438e+01,2.568790e+01,2.550139e+01,2.502026e+01,2.508052e+01,2.509391e+01,2.510060e+01,2.518757e+01,2.513406e+01,2.489293e+01,2.485940e+01,2.471172e+01,2.463108e+01,2.466469e+01,2.467141e+01,2.471844e+01,2.467141e+01,2.465796e+01,2.459746e+01,2.448308e+01,2.454365e+01,2.446961e+01,2.457728e+01,2.460419e+01,2.446961e+01,2.452346e+01,2.456383e+01,2.453692e+01,2.428092e+01,2.428766e+01,2.433487e+01,2.436183e+01,2.434835e+01,2.439552e+01,2.463780e+01,2.444941e+01,2.442247e+01,2.451673e+01,2.457056e+01,2.453019e+01,2.453019e+01,2.452346e+01,2.445614e+01,2.444268e+01,2.448308e+01,2.461091e+01,2.457056e+01,2.442921e+01,2.444941e+01,2.424719e+01,2.418644e+01,2.417969e+01,2.419994e+01,2.415943e+01,2.395664e+01,2.402428e+01,2.390250e+01,2.393634e+01,2.392281e+01,2.384833e+01,2.367886e+01,2.366529e+01,2.372634e+01,2.371956e+01,2.377380e+01,2.369242e+01,2.382801e+01,2.388896e+01,2.384155e+01,2.374668e+01,2.370599e+01,2.357025e+01,2.350231e+01,2.347513e+01,2.337311e+01,2.316877e+01,2.320286e+01,2.318923e+01,2.319604e+01,2.318923e+01,2.318923e+01,2.325056e+01,2.323693e+01,2.312786e+01,2.305280e+01,2.303915e+01,2.299818e+01,2.296403e+01,2.292987e+01,2.286835e+01,2.289569e+01,2.284783e+01,2.310057e+01,2.339352e+01,2.388896e+01,2.412566e+01,2.426743e+01,2.444268e+01,2.405133e+01,2.400400e+01,2.400400e+01,2.367886e+01,2.369921e+01,2.344113e+01,2.382123e+01,2.394988e+01,2.399723e+01,2.408512e+01,2.389573e+01,2.397018e+01,2.394311e+01,2.406485e+01,2.397694e+01,2.399047e+01,2.367207e+01,2.359062e+01,2.347513e+01,2.376024e+01,2.378057e+01,2.378057e+01,2.365850e+01,2.369921e+01,2.380091e+01,2.348192e+01,2.346833e+01,2.327780e+01,2.329142e+01,2.314832e+01,2.303232e+01,2.310739e+01,2.310739e+01,2.300501e+01,2.295720e+01,2.297086e+01,2.297769e+01,2.294353e+01,2.294353e+01,2.279995e+01,2.291620e+01,2.292303e+01,2.296403e+01,2.295037e+01,2.312786e+01,2.315514e+01,2.340032e+01,2.337991e+01,2.354987e+01,2.369921e+01,2.367886e+01,2.395664e+01,2.394311e+01,2.395664e+01,2.409864e+01,2.411215e+01,2.407161e+01,2.414593e+01,2.396341e+01,2.409864e+01,2.411891e+01,2.415268e+01,2.405809e+01,2.424044e+01,2.413242e+01,2.421344e+01,2.412566e+01,2.412566e+01,2.426068e+01,2.434835e+01,2.409188e+01,2.416619e+01,2.410540e+01,2.394988e+01,2.397018e+01,2.411891e+01,2.411215e+01,2.407161e+01,2.394988e+01,2.410540e+01,2.385510e+01,2.398371e+01,2.406485e+01,2.394311e+01,2.403781e+01,2.395664e+01,2.379413e+01,2.378735e+01,2.382801e+01,2.397018e+01,2.390250e+01,2.386187e+01,2.404457e+01,2.405809e+01,2.434161e+01,2.465124e+01,2.496667e+01,2.499347e+01,2.519426e+01,2.485269e+01,2.477887e+01,2.466469e+01,2.434161e+01,2.425393e+01,2.463108e+01,2.504035e+01,2.504035e+01,2.529451e+01,2.469828e+01,2.467813e+01,2.442921e+01,2.400400e+01,2.407161e+01
2.385510e+01,2.399047e+01,2.384833e+01,2.394988e+01,2.390927e+01,2.393634e+01,2.397694e+01,2.395664e+01,2.397694e+01,2.400400e+01,2.407161e+01,2.396341e+01,2.405133e+01,2.409188e+01,2.400400e+01,2.401752e+01,2.417294e+01,2.407161e+01,2.398371e+01,2.404457e+01,2.403781e+01,2.405809e+01,2.401752e+01,2.403781e+01,2.409188e+01,2.407161e+01,2.415943e+01,2.411891e+01,2.410540e+01,2.416619e+01,2.421344e+01,2.423369e+01,2.422019e+01,2.444268e+01,2.456383e+01,2.473187e+01,2.510060e+01,2.560800e+01,2.591393e+01,2.608646e+01,2.599359e+01,2.621235e+01,2.612623e+01,2.617261e+01,2.608646e+01,2.619248e+01,2.629841e+01,2.597368e+01,2.602677e+01,2.606656e+01,2.629841e+01,2.611297e+01,2.625870e+01,2.639100e+01,2.629179e+01,2.624546e+01,2.619911e+01,2.635794e+01,2.627855e+01,2.624546e+01,2.631164e+01,2.625870e+01,2.627855e+01,2.625208e+01,2.633149e+01,2.617924e+01,2.610634e+01,2.607319e+01,2.609309e+01,2.611297e+01,2.612623e+01,2.620573e+01,2.608646e+01,2.600023e+01,2.600686e+01,2.601350e+01,2.611960e+01,2.613948e+01,2.605993e+01,2.608646e+01,2.596704e+01,2.584750e+01,2.592057e+01,2.576108e+01,2.577438e+01,2.570121e+01,2.556804e+01,2.552805e+01,2.543469e+01,2.510730e+01,2.511399e+01,2.489293e+01,2.468484e+01,2.455038e+01,2.451000e+01,2.424719e+01,2.425393e+01,2.422694e+01,2.418644e+01,2.417969e+01,2.432138e+01,2.421344e+01,2.442247e+01,2.444941e+01,2.471172e+01,2.465124e+01,2.479901e+01,2.479901e+01,2.497337e+01,2.508052e+01,2.509391e+01,2.525442e+01,2.522100e+01,2.538131e+01,2.528782e+01,2.528115e+01,2.538131e+01,2.515413e+01,2.512068e+01,2.449654e+01,2.414593e+01,2.397018e+01,2.390927e+01,2.422019e+01,2.422694e+01,2.423369e+01,2.452346e+01,2.451673e+01,2.453019e+01,2.453692e+01,2.449654e+01,2.459746e+01,2.465124e+01,2.453019e+01,2.457056e+01,2.475873e+01,2.482585e+01,2.488622e+01,2.469156e+01,2.459073e+01,2.466469e+01,2.452346e+01,2.432138e+01,2.441573e+01,2.424719e+01,2.416619e+01,2.415943e+01,2.405133e+01,2.393634e+01,2.399047e+01,2.398371e+01,2.405133e+01,2.397694e+01,2.421344e+01,2.404457e+01,2.424719e+01,2.419994e+01,2.417969e+01,2.409864e+01,2.401752e+01,2.394988e+01,2.399047e+01,2.373990e+01,2.385510e+01,2.396341e+01,2.369921e+01,2.392281e+01,2.394311e+01,2.417969e+01,2.411891e+01,2.441573e+01,2.444941e+01,2.448308e+01,2.457728e+01,2.460419e+01,2.477887e+01,2.475201e+01,2.486610e+01,2.491975e+01,2.499347e+01,2.508052e+01,2.530119e+01,2.518088e+01,2.525442e+01,2.519426e+01,2.522100e+01,2.521431e+01,2.534793e+01,2.525442e+01,2.530119e+01,2.529451e+01,2.526778e+01,2.514744e+01,2.518757e+01,2.502026e+01,2.498677e+01,2.501357e+01,2.566127e+01,2.710261e+01,2.827820e+01,2.829768e+01,2.824572e+01,2.831067e+01,2.828469e+01,2.838857e+01,2.825871e+01,2.816122e+01,2.818072e+01,2.816772e+01,2.797248e+01,2.791384e+01,2.789429e+01,2.778341e+01,2.776383e+01,2.760708e+01,2.755478e+01,2.742391e+01,2.739117e+01,2.731911e+01,2.713544e+01,2.690542e+01,2.674740e+01,2.667490e+01,2.645049e+01,2.636456e+01,2.634472e+01,2.638439e+01,2.635794e+01,2.626532e+01,2.605330e+01,2.598032e+01,2.563464e+01,2.548805e+01,2.521431e+01,2.502696e+01,2.431464e+01,2.442247e+01,2.434835e+01,2.424719e+01,2.420670e+01,2.445614e+01,2.432138e+01,2.420670e+01,2.432138e+01,2.430115e+01,2.428766e+01,2.427417e+01,2.430115e+01,2.409864e+01,2.423369e+01,2.426068e+01,2.422694e+01,2.427417e+01,2.432138e+01,2.412566e+01,2.413242e+01,2.414593e+01,2.426743e+01,2.427417e+01,2.417294e+01,2.431464e+01,2.421344e+01,2.409188e+01,2.411215e+01,2.423369e+01,2.427417e+01,2.415943e+01,2.419319e+01,2.421344e+01,2.421344e+01,2.430790e+01,2.424719e+01,2.415268e+01,2.423369e+01,2.416619e+01,2.417969e+01,2.419319e+01,2.415268e+01,2.414593e+01,2.418644e+01,2.413242e+01,2.411215e+01,2.407837e+01,2.414593e+01,2.412566e+01,2.408512e+01,2.417294e+01,2.415268e+01,2.426068e+01,2.432812e+01,2.411891e+01,2.411891e+01,2.406485e+01,2.407161e+01,2.405809e+01,2.409188e+01,2.401752e+01,2.399047e+01,2.407837e+01,2.403781e+01,2.401752e+01,2.416619e+01,2.397018e+01,2.399723e+01,2.402428e+01,2.400400e+01,2.407161e+01,2.400400e+01,2.390927e+01,2.401076e+01,2.403105e+01,2.391604e+01,2.403105e+01,2.397694e+01,2.399047e+01,2.395664e+01,2.396341e+01,2.398371e+01,2.395664e+01,2.395664e+01,2.392958e+01,2.403105e+01,2.391604e+01,2.405133e+01,2.389573e+01,2.401076e+01,2.394311e+01,2.399047e+01,2.395664e+01,2.404457e+01,2.399047e+01,2.400400e+01,2.389573e+01,2.396341e+01,2.397018e+01,2.403105e+01,2.394311e+01,2.401752e+01,2.394988e+01,2.388219e+01,2.399047e+01,2.398371e+01,2.406485e+01,2.399047e+01,2.390927e+01,2.399723e+01,2.400400e+01,2.395664e+01,2.393634e+01,2.398371e+01,2.399047e+01,2.394311e+01,2.397694e+01,2.391604e+01,2.399047e+01,2.404457e+01,2.407161e+01,2.389573e+01,2.397694e+01,2.400400e+01,2.393634e+01,2.396341e+01,2.395664e+01,2.398371e+01,2.400400e+01,2.402428e+01,2.398371e+01,2.392958e+01,2.386865e+01,2.401752e+01,2.397694e+01,2.391604e+01,2.399723e+01,2.401752e+01,2.398371e+01,2.390927e+01,2.398371e+01,2.399047e+01,2.401076e+01,2.403105e+01,2.393634e+01,2.401752e+01,2.390250e+01,2.390927e+01,2.397694e+01,2.401752e+01,2.397018e+01,2.405133e+01,2.401076e+01,2.405133e+01,2.411215e+01,2.402428e+01,2.399723e+01,2.406485e+01,2.405809e+01,2.399723e+01,2.407161e+01,2.407837e+01,2.416619e+01,2.408512e+01,2.403105e+01,2.421344e+01,2.420670e+01,2.475873e+01,2.674740e+01,2.688568e+01,2.726666e+01,2.750245e+01,2.749591e+01,2.760708e+01,2.756786e+01,2.763322e+01,2.766589e+01,2.776383e+01,2.779646e+01,2.754824e+01,2.750245e+01,2.769855e+01,2.751554e+01,2.748282e+01,2.748282e+01,2.742391e+01,2.733876e+01,2.720107e+01,2.695804e+01,2.666831e+01,2.637778e+01,2.613948e+01,2.593385e+01,2.567459e+01,2.542802e+01,2.535461e+01,2.516082e+01,2.511399e+01,2.503366e+01,2.507383e+01,2.533458e+01,2.520094e+01,2.493316e+01,2.483927e+01,2.491975e+01,2.465124e+01,2.463780e+01,2.471172e+01,2.455038e+01,2.448308e+01,2.457728e+01,2.449654e+01,2.436857e+01,2.432812e+01,2.446288e+01,2.456383e+01,2.450327e+01,2.450327e+01,2.447635e+01,2.451673e+01,2.440226e+01,2.429441e+01,2.435509e+01,2.418644e+01,2.429441e+01,2.436857e+01,2.436183e+01,2.443594e+01,2.436183e+01,2.461763e+01,2.459746e+01,2.450327e+01,2.446288e+01,2.455710e+01,2.448981e+01,2.446961e+01,2.438205e+01,2.437531e+01,2.447635e+01,2.426743e+01,2.453019e+01,2.438878e+01,2.422019e+01,2.423369e+01,2.412566e+01,2.407161e+01,2.404457e+01,2.397018e+01,2.400400e+01,2.388896e+01,2.378057e+01,2.373312e+01,2.367207e+01,2.363814e+01,2.366529e+01,2.369242e+01,2.359741e+01,2.357025e+01,2.355667e+01,2.357704e+01,2.379413e+01,2.361099e+01,2.342753e+01,2.356346e+01,2.340713e+01,2.339352e+01,2.337311e+01,2.331866e+01,2.326418e+01,2.326418e+01,2.323012e+01,2.329142e+01,2.318241e+01,2.329142e+01,2.316195e+01,2.325056e+01,2.303232e+01,2.300501e+01,2.308010e+01,2.303232e+01,2.296403e+01,2.289569e+01,2.268356e+01,2.284783e+01,2.286835e+01,2.312786e+01,2.315514e+01,2.363814e+01,2.399723e+01,2.403781e+01,2.405133e+01,2.406485e+01,2.397018e+01,2.385510e+01,2.367207e+01,2.359741e+01,2.371956e+01,2.367207e+01,2.383478e+01,2.402428e+01,2.409864e+01,2.415268e+01,2.410540e+01,2.403105e+01,2.411891e+01,2.396341e+01,2.375346e+01,2.344793e+01,2.326418e+01,2.320286e+01,2.348192e+01,2.371956e+01,2.368564e+01,2.378735e+01,2.365172e+01,2.357704e+01,2.346833e+01,2.337311e+01,2.330504e+01,2.313468e+01,2.314832e+01,2.322330e+01,2.305963e+01,2.296403e+01,2.291620e+01,2.297086e+01,2.292987e+01,2.293670e+01,2.290937e+01,2.292987e+01,2.287519e+01,2.292303e+01,2.296403e+01,2.290937e+01,2.297769e+01,2.302550e+01,2.311422e+01,2.331185e+01,2.335269e+01,2.336630e+01,2.347513e+01,2.357025e+01,2.384833e+01,2.388219e+01,2.392281e+01,2.387542e+01,2.404457e+01,2.396341e+01,2.399047e+01,2.401076e+01,2.396341e+01,2.396341e+01,2.406485e+01,2.397018e+01,2.411215e+01,2.402428e+01,2.418644e+01,2.409864e+01,2.407161e+01,2.398371e+01,2.401752e+01,2.409188e+01,2.407837e+01,2.408512e+01,2.409188e+01,2.409188e+01,2.396341e+01,2.405809e+01,2.395664e+01,2.405809e+01,2.397694e+01,2.394311e+01,2.397018e+01,2.378057e+01,2.376702e+01,2.368564e+01,2.369242e+01,2.369921e+01,2.382801e+01,2.369921e+01,2.370599e+01,2.385510e+01,2.357025e+01,2.368564e+01,2.386187e+01,2.386187e+01,2.390250e+01,2.436183e+01,2.439552e+01,2.468484e+01,2.469828e+01,2.444268e+01,2.437531e+01,2.430115e+01,2.426068e+01,2.420670e+01,2.425393e+01,2.428092e+01,2.431464e+01,2.402428e+01,2.397694e+01,2.399047e+01,2.400400e+01,2.368564e+01
2.382123e+01,2.386187e+01,2.385510e+01,2.394988e+01,2.399047e+01,2.394988e+01,2.397018e+01,2.389573e+01,2.402428e+01,2.400400e+01,2.408512e+01,2.407161e+01,2.410540e+01,2.394988e+01,2.405809e+01,2.405809e+01,2.412566e+01,2.399723e+01,2.415268e+01,2.406485e+01,2.406485e+01,2.397018e+01,2.413242e+01,2.414593e+01,2.415268e+01,2.417294e+01,2.417969e+01,2.411891e+01,2.412566e+01,2.417969e+01,2.420670e+01,2.424719e+01,2.429441e+01,2.430790e+01,2.445614e+01,2.459073e+01,2.504705e+01,2.535461e+01,2.562132e+01,2.597368e+01,2.595377e+01,2.605993e+01,2.618586e+01,2.617924e+01,2.619248e+01,2.621235e+01,2.626532e+01,2.630502e+01,2.616599e+01,2.608646e+01,2.630502e+01,2.623884e+01,2.629841e+01,2.630502e+01,2.626532e+01,2.635133e+01,2.625208e+01,2.636456e+01,2.635133e+01,2.633810e+01,2.651654e+01,2.631164e+01,2.633810e+01,2.629179e+01,2.641084e+01,2.613948e+01,2.621898e+01,2.621898e+01,2.608646e+01,2.615274e+01,2.592057e+01,2.602677e+01,2.605993e+01,2.607319e+01,2.610634e+01,2.611297e+01,2.601350e+01,2.594713e+01,2.596704e+01,2.593385e+01,2.592721e+01,2.583421e+01,2.593385e+01,2.584085e+01,2.572117e+01,2.563464e+01,2.562132e+01,2.560800e+01,2.534793e+01,2.521431e+01,2.534126e+01,2.495326e+01,2.478558e+01,2.481243e+01,2.448308e+01,2.430790e+01,2.432812e+01,2.421344e+01,2.407837e+01,2.401076e+01,2.405809e+01,2.416619e+01,2.427417e+01,2.441573e+01,2.472515e+01,2.461091e+01,2.478558e+01,2.492645e+01,2.480572e+01,2.504035e+01,2.508052e+01,2.510730e+01,2.504705e+01,2.528115e+01,2.521431e+01,2.534126e+01,2.512737e+01,2.496667e+01,2.450327e+01,2.396341e+01,2.396341e+01,2.395664e+01,2.397018e+01,2.405133e+01,2.410540e+01,2.420670e+01,2.425393e+01,2.426743e+01,2.432138e+01,2.422694e+01,2.458401e+01,2.439552e+01,2.464452e+01,2.448981e+01,2.450327e+01,2.448981e+01,2.465124e+01,2.465796e+01,2.469156e+01,2.467141e+01,2.465796e+01,2.455038e+01,2.434835e+01,2.434161e+01,2.432812e+01,2.424719e+01,2.416619e+01,2.409188e+01,2.399723e+01,2.394988e+01,2.398371e+01,2.394311e+01,2.401076e+01,2.397018e+01,2.405809e+01,2.422694e+01,2.410540e+01,2.403781e+01,2.407161e+01,2.401076e+01,2.390927e+01,2.401076e+01,2.388896e+01,2.376024e+01,2.382801e+01,2.384833e+01,2.389573e+01,2.392281e+01,2.397018e+01,2.408512e+01,2.427417e+01,2.442247e+01,2.444941e+01,2.446288e+01,2.457728e+01,2.453692e+01,2.481243e+01,2.486610e+01,2.491975e+01,2.491975e+01,2.500017e+01,2.498677e+01,2.495997e+01,2.519426e+01,2.518757e+01,2.526110e+01,2.523437e+01,2.518088e+01,2.516082e+01,2.525442e+01,2.530787e+01,2.513406e+01,2.532122e+01,2.522768e+01,2.498007e+01,2.498677e+01,2.498677e+01,2.565462e+01,2.743046e+01,2.829768e+01,2.836261e+01,2.842100e+01,2.843398e+01,2.838857e+01,2.839505e+01,2.812870e+01,2.830418e+01,2.818072e+01,2.819373e+01,2.819373e+01,2.807014e+01,2.793339e+01,2.795945e+01,2.796597e+01,2.773772e+01,2.770508e+01,2.770508e+01,2.743701e+01,2.717483e+01,2.734532e+01,2.725355e+01,2.680669e+01,2.679352e+01,2.672104e+01,2.654295e+01,2.631164e+01,2.648352e+01,2.651654e+01,2.638439e+01,2.632487e+01,2.598696e+01,2.585415e+01,2.590729e+01,2.548805e+01,2.544804e+01,2.515413e+01,2.470500e+01,2.426743e+01,2.435509e+01,2.421344e+01,2.427417e+01,2.420670e+01,2.430790e+01,2.430790e+01,2.426068e+01,2.426068e+01,2.427417e+01,2.412566e+01,2.424044e+01,2.419319e+01,2.419319e+01,2.416619e+01,2.417294e+01,2.424719e+01,2.416619e+01,2.424044e+01,2.413917e+01,2.431464e+01,2.422019e+01,2.431464e+01,2.424719e+01,2.419319e+01,2.420670e+01,2.416619e+01,2.425393e+01,2.429441e+01,2.415268e+01,2.419319e+01,2.415943e+01,2.420670e+01,2.438205e+01,2.419319e+01,2.416619e+01,2.417294e+01,2.409864e+01,2.417969e+01,2.418644e+01,2.411215e+01,2.415268e+01,2.417969e+01,2.412566e+01,2.413917e+01,2.411215e+01,2.409188e+01,2.407837e+01,2.415943e+01,2.410540e+01,2.424719e+01,2.418644e+01,2.409864e+01,2.405809e+01,2.409864e+01,2.408512e+01,2.411215e+01,2.405809e+01,2.406485e+01,2.404457e+01,2.411891e+01,2.408512e+01,2.409864e+01,2.401752e+01,2.397018e+01,2.403105e+01,2.405133e+01,2.402428e+01,2.404457e+01,2.400400e+01,2.403781e+01,2.405133e+01,2.401076e+01,2.398371e+01,2.400400e+01,2.399047e+01,2.400400e+01,2.396341e+01,2.394988e+01,2.395664e+01,2.391604e+01,2.392281e+01,2.395664e+01,2.392958e+01,2.392281e+01,2.379413e+01,2.381446e+01,2.391604e+01,2.397018e+01,2.397694e+01,2.392281e+01,2.396341e+01,2.396341e+01,2.403781e+01,2.399047e+01,2.401076e+01,2.400400e+01,2.392281e+01,2.398371e+01,2.392958e+01,2.387542e+01,2.398371e+01,2.404457e+01,2.399047e+01,2.399723e+01,2.407837e+01,2.396341e+01,2.389573e+01,2.405133e+01,2.396341e+01,2.393634e+01,2.406485e+01,2.399723e+01,2.396341e+01,2.396341e+01,2.391604e+01,2.396341e+01,2.383478e+01,2.398371e+01,2.390250e+01,2.402428e+01,2.401076e+01,2.388219e+01,2.392281e+01,2.392281e+01,2.390927e+01,2.393634e+01,2.401076e+01,2.394988e+01,2.401752e+01,2.399047e+01,2.394988e+01,2.398371e+01,2.401076e+01,2.394311e+01,2.392281e+01,2.403105e+01,2.395664e+01,2.394311e+01,2.396341e+01,2.397694e+01,2.397018e+01,2.391604e+01,2.397694e+01,2.401076e+01,2.398371e+01,2.396341e+01,2.397694e+01,2.403781e+01,2.406485e+01,2.403105e+01,2.393634e+01,2.398371e+01,2.405133e+01,2.389573e+01,2.403105e+01,2.403105e+01,2.406485e+01,2.411215e+01,2.405809e+01,2.401076e+01,2.396341e+01,2.410540e+01,2.419319e+01,2.425393e+01,2.425393e+01,2.501357e+01,2.646370e+01,2.697119e+01,2.724699e+01,2.752862e+01,2.758747e+01,2.767896e+01,2.758093e+01,2.759401e+01,2.766589e+01,2.777689e+01,2.780299e+01,2.774425e+01,2.747628e+01,2.748282e+01,2.753516e+01,2.747628e+01,2.749591e+01,2.742391e+01,2.722731e+01,2.697777e+01,2.695147e+01,2.668149e+01,2.631826e+01,2.611297e+01,2.594713e+01,2.564796e+01,2.542135e+01,2.527446e+01,2.527446e+01,2.514744e+01,2.515413e+01,2.507383e+01,2.524773e+01,2.500687e+01,2.489964e+01,2.493316e+01,2.482585e+01,2.475201e+01,2.467813e+01,2.455038e+01,2.449654e+01,2.461763e+01,2.463780e+01,2.426068e+01,2.432812e+01,2.432138e+01,2.440900e+01,2.440226e+01,2.448981e+01,2.446961e+01,2.450327e+01,2.428092e+01,2.440226e+01,2.426743e+01,2.412566e+01,2.408512e+01,2.411215e+01,2.408512e+01,2.428092e+01,2.427417e+01,2.432138e+01,2.452346e+01,2.444268e+01,2.446288e+01,2.450327e+01,2.430115e+01,2.434835e+01,2.443594e+01,2.432138e+01,2.448981e+01,2.432812e+01,2.430115e+01,2.430790e+01,2.411891e+01,2.428766e+01,2.412566e+01,2.403781e+01,2.416619e+01,2.392281e+01,2.384155e+01,2.388896e+01,2.382123e+01,2.384833e+01,2.369242e+01,2.363814e+01,2.367886e+01,2.363814e+01,2.363136e+01,2.350911e+01,2.354987e+01,2.367886e+01,2.345473e+01,2.348872e+01,2.344113e+01,2.345473e+01,2.340032e+01,2.341393e+01,2.335950e+01,2.337991e+01,2.338672e+01,2.333228e+01,2.332547e+01,2.334589e+01,2.335269e+01,2.322330e+01,2.326418e+01,2.313468e+01,2.310739e+01,2.312786e+01,2.314150e+01,2.312104e+01,2.296403e+01,2.286835e+01,2.283415e+01,2.282731e+01,2.279995e+01,2.284099e+01,2.292303e+01,2.312786e+01,2.365850e+01,2.403105e+01,2.419319e+01,2.418644e+01,2.413917e+01,2.399723e+01,2.385510e+01,2.365172e+01,2.382123e+01,2.380091e+01,2.382123e+01,2.401752e+01,2.401752e+01,2.411215e+01,2.407161e+01,2.412566e+01,2.377380e+01,2.382801e+01,2.382801e+01,2.359062e+01,2.323693e+01,2.320967e+01,2.327780e+01,2.343433e+01,2.371956e+01,2.378057e+01,2.363136e+01,2.363814e+01,2.354987e+01,2.354987e+01,2.327099e+01,2.322330e+01,2.324374e+01,2.312104e+01,2.316195e+01,2.308693e+01,2.307328e+01,2.303915e+01,2.290253e+01,2.300501e+01,2.303915e+01,2.297769e+01,2.294353e+01,2.295037e+01,2.285467e+01,2.293670e+01,2.296403e+01,2.314150e+01,2.292987e+01,2.316877e+01,2.319604e+01,2.337991e+01,2.357704e+01,2.348192e+01,2.380768e+01,2.367207e+01,2.378735e+01,2.373312e+01,2.383478e+01,2.400400e+01,2.397018e+01,2.402428e+01,2.402428e+01,2.398371e+01,2.399723e+01,2.401752e+01,2.405809e+01,2.405809e+01,2.401752e+01,2.389573e+01,2.402428e+01,2.389573e+01,2.407161e+01,2.399047e+01,2.392281e+01,2.396341e+01,2.392958e+01,2.409864e+01,2.409188e+01,2.397018e+01,2.398371e+01,2.401752e+01,2.399723e+01,2.404457e+01,2.399047e+01,2.382801e+01,2.397694e+01,2.401076e+01,2.397694e+01,2.392281e+01,2.375346e+01,2.392281e+01,2.375346e+01,2.369242e+01,2.389573e+01,2.353629e+01,2.352949e+01,2.360420e+01,2.362457e+01,2.366529e+01,2.394988e+01,2.415268e+01,2.420670e+01,2.440900e+01,2.443594e+01,2.434161e+01,2.433487e+01,2.409188e+01,2.397694e+01,2.389573e+01,2.383478e+01,2.374668e+01,2.394988e+01,2.363136e+01,2.369242e+01,2.362457e+01,2.365850e+01
2.392281e+01,2.394988e+01,2.390927e+01,2.387542e+01,2.390250e+01,2.386187e+01,2.398371e+01,2.405133e+01,2.398371e+01,2.400400e+01,2.402428e+01,2.401752e+01,2.392281e+01,2.398371e+01,2.405809e+01,2.412566e+01,2.405133e+01,2.414593e+01,2.411891e+01,2.400400e+01,2.406485e+01,2.417969e+01,2.402428e+01,2.405133e+01,2.417294e+01,2.409188e+01,2.416619e+01,2.409864e+01,2.418644e+01,2.422694e+01,2.419319e+01,2.424044e+01,2.432138e+01,2.438878e+01,2.455038e+01,2.461763e+01,2.504705e+01,2.508722e+01,2.526778e+01,2.554138e+01,2.585415e+01,2.612623e+01,2.617924e+01,2.616599e+01,2.624546e+01,2.626532e+01,2.630502e+01,2.619248e+01,2.627194e+01,2.630502e+01,2.634472e+01,2.635794e+01,2.634472e+01,2.629841e+01,2.635794e+01,2.640422e+01,2.634472e+01,2.633149e+01,2.632487e+01,2.638439e+01,2.636456e+01,2.628517e+01,2.635133e+01,2.628517e+01,2.630502e+01,2.623222e+01,2.621898e+01,2.629841e+01,2.606656e+01,2.604004e+01,2.604004e+01,2.598696e+01,2.597368e+01,2.600023e+01,2.598032e+01,2.604667e+01,2.595377e+01,2.596041e+01,2.597368e+01,2.592721e+01,2.592721e+01,2.593385e+01,2.586743e+01,2.578103e+01,2.576773e+01,2.562132e+01,2.558136e+01,2.556804e+01,2.549472e+01,2.536129e+01,2.534126e+01,2.530119e+01,2.502696e+01,2.483927e+01,2.467813e+01,2.436857e+01,2.426068e+01,2.406485e+01,2.406485e+01,2.403105e+01,2.397694e+01,2.409188e+01,2.427417e+01,2.441573e+01,2.449654e+01,2.460419e+01,2.480572e+01,2.482585e+01,2.481914e+01,2.494656e+01,2.509391e+01,2.504705e+01,2.522100e+01,2.512068e+01,2.510060e+01,2.505375e+01,2.498677e+01,2.451673e+01,2.395664e+01,2.375346e+01,2.382801e+01,2.378057e+01,2.371956e+01,2.396341e+01,2.390927e+01,2.412566e+01,2.421344e+01,2.424719e+01,2.430115e+01,2.425393e+01,2.442247e+01,2.444268e+01,2.442921e+01,2.442921e+01,2.454365e+01,2.468484e+01,2.467141e+01,2.463108e+01,2.467813e+01,2.461091e+01,2.464452e+01,2.454365e+01,2.453019e+01,2.438205e+01,2.430115e+01,2.433487e+01,2.422694e+01,2.408512e+01,2.407161e+01,2.400400e+01,2.394988e+01,2.403105e+01,2.395664e+01,2.423369e+01,2.405133e+01,2.406485e+01,2.423369e+01,2.404457e+01,2.396341e+01,2.401076e+01,2.393634e+01,2.378735e+01,2.379413e+01,2.369242e+01,2.382123e+01,2.368564e+01,2.369921e+01,2.388896e+01,2.404457e+01,2.405133e+01,2.422019e+01,2.432138e+01,2.434161e+01,2.444941e+01,2.455710e+01,2.463108e+01,2.457728e+01,2.487952e+01,2.470500e+01,2.491975e+01,2.491305e+01,2.497337e+01,2.517419e+01,2.517419e+01,2.520763e+01,2.519426e+01,2.521431e+01,2.522100e+01,2.520094e+01,2.512737e+01,2.526778e+01,2.525442e+01,2.516082e+01,2.514744e+01,2.498007e+01,2.519426e+01,2.520763e+01,2.613948e+01,2.770508e+01,2.841452e+01,2.847289e+01,2.845992e+01,2.821323e+01,2.833015e+01,2.834962e+01,2.838857e+01,2.821972e+01,2.818072e+01,2.820023e+01,2.814171e+01,2.818723e+01,2.805062e+01,2.798551e+01,2.802458e+01,2.797899e+01,2.774425e+01,2.769855e+01,2.742391e+01,2.733221e+01,2.761362e+01,2.739772e+01,2.710918e+01,2.683961e+01,2.676717e+01,2.657595e+01,2.664852e+01,2.643727e+01,2.655615e+01,2.647691e+01,2.633149e+01,2.621898e+01,2.615936e+01,2.583421e+01,2.582092e+01,2.548138e+01,2.545471e+01,2.513406e+01,2.506044e+01,2.469156e+01,2.444268e+01,2.428766e+01,2.432812e+01,2.429441e+01,2.421344e+01,2.434161e+01,2.424719e+01,2.415268e+01,2.423369e+01,2.422694e+01,2.419994e+01,2.420670e+01,2.419319e+01,2.424044e+01,2.428766e+01,2.417969e+01,2.425393e+01,2.431464e+01,2.424719e+01,2.413242e+01,2.424044e+01,2.417294e+01,2.416619e+01,2.426743e+01,2.432138e+01,2.428092e+01,2.426068e+01,2.411215e+01,2.419994e+01,2.423369e+01,2.419994e+01,2.416619e+01,2.413917e+01,2.434161e+01,2.413242e+01,2.420670e+01,2.421344e+01,2.418644e+01,2.418644e+01,2.414593e+01,2.414593e+01,2.411215e+01,2.415268e+01,2.410540e+01,2.415943e+01,2.422694e+01,2.415268e+01,2.414593e+01,2.421344e+01,2.412566e+01,2.403781e+01,2.414593e+01,2.407161e+01,2.406485e+01,2.407837e+01,2.411215e+01,2.410540e+01,2.400400e+01,2.411891e+01,2.404457e+01,2.401752e+01,2.405133e+01,2.407837e+01,2.395664e+01,2.399047e+01,2.405809e+01,2.403105e+01,2.404457e+01,2.401752e+01,2.406485e+01,2.401076e+01,2.401752e+01,2.400400e+01,2.398371e+01,2.395664e+01,2.399723e+01,2.393634e+01,2.403781e+01,2.392958e+01,2.392958e+01,2.392958e+01,2.393634e+01,2.393634e+01,2.386865e+01,2.395664e+01,2.391604e+01,2.394311e+01,2.392958e+01,2.397018e+01,2.392281e+01,2.395664e+01,2.399047e+01,2.395664e+01,2.390927e+01,2.405133e+01,2.403781e+01,2.396341e+01,2.394988e+01,2.399047e+01,2.386865e+01,2.391604e+01,2.402428e+01,2.401752e+01,2.401076e+01,2.399723e+01,2.396341e+01,2.397018e+01,2.394988e+01,2.399047e+01,2.399723e+01,2.399723e+01,2.399047e+01,2.398371e+01,2.397018e+01,2.395664e+01,2.387542e+01,2.401752e+01,2.403105e+01,2.386865e+01,2.401752e+01,2.394988e+01,2.393634e+01,2.392958e+01,2.405809e+01,2.399047e+01,2.399047e+01,2.401076e+01,2.394988e+01,2.396341e+01,2.392958e+01,2.404457e+01,2.393634e+01,2.403105e+01,2.390927e+01,2.401076e+01,2.394988e+01,2.394988e+01,2.397018e+01,2.398371e+01,2.407837e+01,2.397694e+01,2.392281e+01,2.396341e+01,2.391604e+01,2.399047e+01,2.393634e+01,2.394988e+01,2.405809e+01,2.404457e+01,2.404457e+01,2.405809e+01,2.405133e+01,2.396341e+01,2.404457e+01,2.397018e+01,2.399723e+01,2.413242e+01,2.392281e+01,2.406485e+01,2.393634e+01,2.416619e+01,2.412566e+01,2.417969e+01,2.426743e+01,2.474530e+01,2.645049e+01,2.697119e+01,2.722075e+01,2.745665e+01,2.752862e+01,2.758747e+01,2.772467e+01,2.777036e+01,2.767896e+01,2.777036e+01,2.776383e+01,2.761362e+01,2.756786e+01,2.758093e+01,2.746974e+01,2.739772e+01,2.750245e+01,2.738462e+01,2.699749e+01,2.695804e+01,2.672104e+01,2.658915e+01,2.645709e+01,2.611960e+01,2.573447e+01,2.559468e+01,2.539466e+01,2.540133e+01,2.529451e+01,2.520094e+01,2.522768e+01,2.530787e+01,2.518757e+01,2.520094e+01,2.502696e+01,2.495997e+01,2.478558e+01,2.448981e+01,2.463108e+01,2.466469e+01,2.464452e+01,2.464452e+01,2.444941e+01,2.440226e+01,2.430790e+01,2.409864e+01,2.409864e+01,2.437531e+01,2.438205e+01,2.431464e+01,2.438878e+01,2.425393e+01,2.425393e+01,2.426068e+01,2.412566e+01,2.411215e+01,2.403781e+01,2.401752e+01,2.434835e+01,2.436857e+01,2.442921e+01,2.441573e+01,2.426068e+01,2.447635e+01,2.436183e+01,2.438878e+01,2.430115e+01,2.430115e+01,2.417969e+01,2.429441e+01,2.425393e+01,2.434835e+01,2.429441e+01,2.430790e+01,2.410540e+01,2.408512e+01,2.389573e+01,2.394988e+01,2.391604e+01,2.387542e+01,2.386865e+01,2.382123e+01,2.387542e+01,2.371956e+01,2.372634e+01,2.361099e+01,2.368564e+01,2.369921e+01,2.352270e+01,2.348872e+01,2.353629e+01,2.332547e+01,2.346153e+01,2.340032e+01,2.340713e+01,2.338672e+01,2.335269e+01,2.336630e+01,2.337311e+01,2.334589e+01,2.335269e+01,2.334589e+01,2.325056e+01,2.327780e+01,2.331185e+01,2.330504e+01,2.331185e+01,2.320286e+01,2.324374e+01,2.318923e+01,2.316195e+01,2.304598e+01,2.297086e+01,2.310739e+01,2.290937e+01,2.281363e+01,2.291620e+01,2.287519e+01,2.313468e+01,2.341393e+01,2.385510e+01,2.399723e+01,2.416619e+01,2.405809e+01,2.403781e+01,2.388219e+01,2.394311e+01,2.389573e+01,2.382801e+01,2.388219e+01,2.398371e+01,2.395664e+01,2.407837e+01,2.403781e+01,2.411215e+01,2.382801e+01,2.390250e+01,2.376024e+01,2.345473e+01,2.329823e+01,2.313468e+01,2.312786e+01,2.341393e+01,2.368564e+01,2.376024e+01,2.373990e+01,2.367886e+01,2.363136e+01,2.357025e+01,2.324374e+01,2.323012e+01,2.324374e+01,2.315514e+01,2.305963e+01,2.305963e+01,2.310739e+01,2.296403e+01,2.291620e+01,2.298452e+01,2.290937e+01,2.284099e+01,2.285467e+01,2.295720e+01,2.295037e+01,2.296403e+01,2.294353e+01,2.290253e+01,2.316195e+01,2.313468e+01,2.325737e+01,2.337991e+01,2.345473e+01,2.374668e+01,2.376024e+01,2.381446e+01,2.381446e+01,2.397694e+01,2.373990e+01,2.395664e+01,2.377380e+01,2.404457e+01,2.391604e+01,2.395664e+01,2.405809e+01,2.401076e+01,2.403105e+01,2.398371e+01,2.394311e+01,2.382801e+01,2.400400e+01,2.399723e+01,2.394988e+01,2.392958e+01,2.409864e+01,2.395664e+01,2.409188e+01,2.405809e+01,2.403105e+01,2.392958e+01,2.404457e+01,2.416619e+01,2.412566e+01,2.416619e+01,2.410540e+01,2.404457e+01,2.403105e+01,2.404457e+01,2.389573e+01,2.394988e+01,2.394988e+01,2.388896e+01,2.375346e+01,2.374668e+01,2.388896e+01,2.365172e+01,2.365850e+01,2.350911e+01,2.354308e+01,2.350231e+01,2.365172e+01,2.392281e+01,2.419319e+01,2.418644e+01,2.417969e+01,2.433487e+01,2.409864e+01,2.401752e+01,2.369921e+01,2.355667e+01,2.354308e+01,2.347513e+01,2.346833e+01,2.347513e+01,2.356346e+01,2.349552e+01,2.363814e+01
2.384833e+01,2.385510e+01,2.392281e+01,2.388896e+01,2.404457e+01,2.390927e+01,2.390250e+01,2.392281e+01,2.399723e+01,2.403105e+01,2.397018e+01,2.407837e+01,2.407161e+01,2.409864e+01,2.407837e+01,2.407161e+01,2.416619e+01,2.395664e+01,2.400400e+01,2.398371e+01,2.412566e+01,2.412566e+01,2.408512e+01,2.412566e+01,2.411215e+01,2.411215e+01,2.410540e+01,2.410540e+01,2.415268e+01,2.413917e+01,2.413242e+01,2.413917e+01,2.424719e+01,2.428766e+01,2.447635e+01,2.491305e+01,2.506713e+01,2.506713e+01,2.514075e+01,2.514075e+01,2.552805e+01,2.582756e+01,2.611297e+01,2.615274e+01,2.616599e+01,2.619911e+01,2.626532e+01,2.629841e+01,2.631164e+01,2.631826e+01,2.633810e+01,2.629179e+01,2.637778e+01,2.643066e+01,2.625208e+01,2.641744e+01,2.634472e+01,2.639100e+01,2.637117e+01,2.632487e+01,2.626532e+01,2.633149e+01,2.630502e+01,2.620573e+01,2.614611e+01,2.619248e+01,2.616599e+01,2.603340e+01,2.606656e+01,2.602013e+01,2.607319e+01,2.594713e+01,2.598032e+01,2.599359e+01,2.599359e+01,2.599359e+01,2.597368e+01,2.583421e+01,2.610634e+01,2.593385e+01,2.578103e+01,2.576773e+01,2.564130e+01,2.571451e+01,2.564130e+01,2.560134e+01,2.568124e+01,2.558802e+01,2.553472e+01,2.548805e+01,2.528115e+01,2.522100e+01,2.509391e+01,2.485940e+01,2.471844e+01,2.429441e+01,2.440900e+01,2.420670e+01,2.401076e+01,2.406485e+01,2.401752e+01,2.402428e+01,2.402428e+01,2.422694e+01,2.438878e+01,2.438205e+01,2.438878e+01,2.481914e+01,2.467141e+01,2.476544e+01,2.512068e+01,2.509391e+01,2.514075e+01,2.518088e+01,2.510060e+01,2.481243e+01,2.459073e+01,2.405809e+01,2.382801e+01,2.364493e+01,2.380768e+01,2.384833e+01,2.380091e+01,2.371956e+01,2.377380e+01,2.384155e+01,2.384833e+01,2.394311e+01,2.421344e+01,2.425393e+01,2.424044e+01,2.417294e+01,2.436183e+01,2.441573e+01,2.442921e+01,2.444941e+01,2.446961e+01,2.448981e+01,2.465124e+01,2.459073e+01,2.467141e+01,2.455038e+01,2.440226e+01,2.432812e+01,2.421344e+01,2.424719e+01,2.430790e+01,2.397694e+01,2.401076e+01,2.401076e+01,2.398371e+01,2.392281e+01,2.403781e+01,2.402428e+01,2.404457e+01,2.405133e+01,2.406485e+01,2.401752e+01,2.401076e+01,2.402428e+01,2.392958e+01,2.384155e+01,2.377380e+01,2.373990e+01,2.378057e+01,2.369921e+01,2.374668e+01,2.388219e+01,2.410540e+01,2.409188e+01,2.412566e+01,2.425393e+01,2.444941e+01,2.444268e+01,2.448308e+01,2.455038e+01,2.467141e+01,2.455710e+01,2.462436e+01,2.465124e+01,2.491975e+01,2.491975e+01,2.510060e+01,2.508722e+01,2.498007e+01,2.518757e+01,2.526110e+01,2.504705e+01,2.518088e+01,2.502696e+01,2.512737e+01,2.513406e+01,2.516751e+01,2.509391e+01,2.520763e+01,2.519426e+01,2.517419e+01,2.595377e+01,2.733221e+01,2.836261e+01,2.845992e+01,2.849234e+01,2.845343e+01,2.840154e+01,2.845343e+01,2.844046e+01,2.848585e+01,2.837559e+01,2.838857e+01,2.830418e+01,2.816772e+01,2.805062e+01,2.804411e+01,2.803109e+01,2.797899e+01,2.799853e+01,2.777036e+01,2.766589e+01,2.768549e+01,2.752208e+01,2.733221e+01,2.721420e+01,2.710918e+01,2.678034e+01,2.675399e+01,2.670127e+01,2.670786e+01,2.645709e+01,2.658255e+01,2.645709e+01,2.632487e+01,2.631826e+01,2.605330e+01,2.582756e+01,2.580097e+01,2.563464e+01,2.553472e+01,2.530119e+01,2.515413e+01,2.465124e+01,2.437531e+01,2.434835e+01,2.422019e+01,2.435509e+01,2.423369e+01,2.413917e+01,2.414593e+01,2.417294e+01,2.421344e+01,2.419994e+01,2.422694e+01,2.429441e+01,2.408512e+01,2.422019e+01,2.426743e+01,2.414593e+01,2.414593e+01,2.422694e+01,2.417294e+01,2.416619e+01,2.425393e+01,2.415943e+01,2.429441e+01,2.413242e+01,2.426068e+01,2.413917e+01,2.425393e+01,2.413242e+01,2.413242e+01,2.417294e+01,2.416619e+01,2.418644e+01,2.413242e+01,2.415943e+01,2.415268e+01,2.418644e+01,2.419319e+01,2.415943e+01,2.416619e+01,2.413917e+01,2.415268e+01,2.409188e+01,2.415943e+01,2.407837e+01,2.421344e+01,2.409864e+01,2.420670e+01,2.405809e+01,2.414593e+01,2.405133e+01,2.405133e+01,2.404457e+01,2.414593e+01,2.405133e+01,2.393634e+01,2.403781e+01,2.405133e+01,2.400400e+01,2.389573e+01,2.410540e+01,2.401752e+01,2.407161e+01,2.407161e+01,2.401076e+01,2.402428e+01,2.406485e+01,2.402428e+01,2.403105e+01,2.403781e+01,2.402428e+01,2.401076e+01,2.399723e+01,2.397694e+01,2.394311e+01,2.389573e+01,2.395664e+01,2.405133e+01,2.391604e+01,2.392281e+01,2.392958e+01,2.396341e+01,2.386865e+01,2.399723e+01,2.385510e+01,2.401076e+01,2.394311e+01,2.396341e+01,2.397018e+01,2.399723e+01,2.399047e+01,2.399047e+01,2.399723e+01,2.399723e+01,2.397018e+01,2.398371e+01,2.398371e+01,2.400400e+01,2.393634e+01,2.399723e+01,2.395664e+01,2.399723e+01,2.405809e+01,2.398371e+01,2.396341e+01,2.405133e+01,2.404457e+01,2.402428e+01,2.400400e+01,2.398371e+01,2.395664e+01,2.391604e+01,2.392958e+01,2.390927e+01,2.403105e+01,2.395664e+01,2.401752e+01,2.399723e+01,2.401076e+01,2.399723e+01,2.394988e+01,2.392958e+01,2.392281e+01,2.397018e+01,2.393634e+01,2.390250e+01,2.390927e+01,2.392958e+01,2.405133e+01,2.393634e+01,2.390250e+01,2.396341e+01,2.390927e+01,2.393634e+01,2.394311e+01,2.394988e+01,2.394311e+01,2.403781e+01,2.386187e+01,2.388896e+01,2.395664e+01,2.388219e+01,2.390250e+01,2.392281e+01,2.393634e+01,2.406485e+01,2.411215e+01,2.400400e+01,2.398371e+01,2.386865e+01,2.407837e+01,2.390250e+01,2.405809e+01,2.391604e+01,2.407161e+01,2.396341e+01,2.407161e+01,2.405133e+01,2.407837e+01,2.401076e+01,2.402428e+01,2.412566e+01,2.418644e+01,2.415268e+01,2.458401e+01,2.644388e+01,2.690542e+01,2.722075e+01,2.738462e+01,2.754824e+01,2.753516e+01,2.756132e+01,2.758093e+01,2.759401e+01,2.769855e+01,2.780951e+01,2.760055e+01,2.754170e+01,2.752208e+01,2.748937e+01,2.745665e+01,2.728633e+01,2.734532e+01,2.731255e+01,2.703035e+01,2.685936e+01,2.655615e+01,2.643066e+01,2.610634e+01,2.602677e+01,2.567459e+01,2.552139e+01,2.544137e+01,2.538131e+01,2.533458e+01,2.526778e+01,2.520094e+01,2.506713e+01,2.506044e+01,2.498677e+01,2.480572e+01,2.483256e+01,2.475201e+01,2.478558e+01,2.465124e+01,2.464452e+01,2.463780e+01,2.443594e+01,2.425393e+01,2.422694e+01,2.417294e+01,2.411215e+01,2.405809e+01,2.402428e+01,2.417969e+01,2.414593e+01,2.427417e+01,2.415268e+01,2.411215e+01,2.411891e+01,2.394988e+01,2.418644e+01,2.396341e+01,2.422019e+01,2.422694e+01,2.437531e+01,2.433487e+01,2.426068e+01,2.428092e+01,2.441573e+01,2.427417e+01,2.422019e+01,2.409188e+01,2.426068e+01,2.421344e+01,2.428092e+01,2.427417e+01,2.412566e+01,2.419994e+01,2.412566e+01,2.406485e+01,2.396341e+01,2.388219e+01,2.390250e+01,2.375346e+01,2.391604e+01,2.376702e+01,2.365850e+01,2.376702e+01,2.365172e+01,2.361778e+01,2.371956e+01,2.363814e+01,2.352270e+01,2.354987e+01,2.341393e+01,2.333228e+01,2.337311e+01,2.332547e+01,2.337991e+01,2.340032e+01,2.338672e+01,2.330504e+01,2.338672e+01,2.342753e+01,2.331185e+01,2.337311e+01,2.331866e+01,2.326418e+01,2.336630e+01,2.333908e+01,2.318241e+01,2.327780e+01,2.320286e+01,2.316877e+01,2.315514e+01,2.314150e+01,2.278626e+01,2.284099e+01,2.294353e+01,2.278626e+01,2.283415e+01,2.282731e+01,2.303232e+01,2.325056e+01,2.386865e+01,2.392958e+01,2.415943e+01,2.407837e+01,2.394988e+01,2.389573e+01,2.388219e+01,2.397694e+01,2.401752e+01,2.397694e+01,2.402428e+01,2.402428e+01,2.408512e+01,2.409864e+01,2.384833e+01,2.383478e+01,2.386187e+01,2.384155e+01,2.370599e+01,2.350231e+01,2.346833e+01,2.347513e+01,2.362457e+01,2.363136e+01,2.378057e+01,2.375346e+01,2.359741e+01,2.358383e+01,2.354308e+01,2.316195e+01,2.321649e+01,2.316877e+01,2.312786e+01,2.313468e+01,2.303232e+01,2.310739e+01,2.299135e+01,2.303915e+01,2.300501e+01,2.288202e+01,2.293670e+01,2.295037e+01,2.292303e+01,2.277257e+01,2.284099e+01,2.288886e+01,2.293670e+01,2.310057e+01,2.323693e+01,2.314150e+01,2.334589e+01,2.356346e+01,2.358383e+01,2.372634e+01,2.376702e+01,2.371277e+01,2.374668e+01,2.384833e+01,2.375346e+01,2.388896e+01,2.380768e+01,2.395664e+01,2.398371e+01,2.401076e+01,2.393634e+01,2.390927e+01,2.385510e+01,2.382123e+01,2.397694e+01,2.401076e+01,2.396341e+01,2.401752e+01,2.387542e+01,2.405809e+01,2.403105e+01,2.393634e+01,2.399723e+01,2.399723e+01,2.399723e+01,2.409864e+01,2.415943e+01,2.415268e+01,2.414593e+01,2.410540e+01,2.428766e+01,2.419319e+01,2.424719e+01,2.390250e+01,2.396341e+01,2.393634e+01,2.392958e+01,2.388896e+01,2.389573e+01,2.388896e+01,2.378057e+01,2.357704e+01,2.347513e+01,2.337311e+01,2.359062e+01,2.359741e+01,2.381446e+01,2.386187e+01,2.383478e+01,2.400400e+01,2.378735e+01,2.375346e+01,2.354308e+01,2.331185e+01,2.332547e+01,2.345473e+01,2.330504e+01,2.334589e+01,2.334589e+01,2.353629e+01,2.342073e+01,2.341393e+01
2.385510e+01,2.388896e+01,2.394311e+01,2.394988e+01,2.397018e+01,2.392281e+01,2.392958e+01,2.406485e+01,2.420670e+01,2.392281e+01,2.398371e+01,2.390250e+01,2.389573e+01,2.408512e+01,2.409188e+01,2.396341e+01,2.410540e+01,2.397018e+01,2.402428e+01,2.413242e+01,2.415268e+01,2.394988e+01,2.413917e+01,2.413917e+01,2.409864e+01,2.408512e+01,2.411215e+01,2.415268e+01,2.414593e+01,2.413917e+01,2.422694e+01,2.425393e+01,2.426068e+01,2.428766e+01,2.475201e+01,2.476544e+01,2.481914e+01,2.501357e+01,2.517419e+01,2.498677e+01,2.522100e+01,2.565462e+01,2.606656e+01,2.609971e+01,2.609971e+01,2.617924e+01,2.621898e+01,2.628517e+01,2.632487e+01,2.635133e+01,2.641084e+01,2.641744e+01,2.639100e+01,2.641084e+01,2.625870e+01,2.638439e+01,2.639100e+01,2.639761e+01,2.638439e+01,2.636456e+01,2.633810e+01,2.634472e+01,2.629179e+01,2.614611e+01,2.613948e+01,2.619911e+01,2.607982e+01,2.615936e+01,2.601350e+01,2.602013e+01,2.601350e+01,2.602013e+01,2.596041e+01,2.588072e+01,2.600686e+01,2.598032e+01,2.592721e+01,2.597368e+01,2.576108e+01,2.591393e+01,2.575443e+01,2.571451e+01,2.565462e+01,2.579433e+01,2.560800e+01,2.540801e+01,2.558802e+01,2.554804e+01,2.536129e+01,2.550139e+01,2.539466e+01,2.529451e+01,2.518757e+01,2.489964e+01,2.485269e+01,2.471172e+01,2.442247e+01,2.422019e+01,2.403781e+01,2.411215e+01,2.400400e+01,2.404457e+01,2.394311e+01,2.403105e+01,2.434835e+01,2.436857e+01,2.463780e+01,2.478558e+01,2.479901e+01,2.479901e+01,2.490634e+01,2.504035e+01,2.504705e+01,2.500687e+01,2.500687e+01,2.484598e+01,2.444941e+01,2.401076e+01,2.365850e+01,2.371277e+01,2.365850e+01,2.367886e+01,2.372634e+01,2.364493e+01,2.365172e+01,2.375346e+01,2.376024e+01,2.377380e+01,2.397018e+01,2.405133e+01,2.411891e+01,2.416619e+01,2.416619e+01,2.442247e+01,2.450327e+01,2.446961e+01,2.444941e+01,2.446961e+01,2.451673e+01,2.444268e+01,2.458401e+01,2.448981e+01,2.438878e+01,2.442921e+01,2.431464e+01,2.423369e+01,2.419994e+01,2.420670e+01,2.412566e+01,2.388896e+01,2.399723e+01,2.396341e+01,2.386187e+01,2.400400e+01,2.404457e+01,2.401076e+01,2.402428e+01,2.396341e+01,2.388219e+01,2.392281e+01,2.389573e+01,2.388219e+01,2.364493e+01,2.361778e+01,2.369921e+01,2.379413e+01,2.373990e+01,2.387542e+01,2.386187e+01,2.411891e+01,2.411891e+01,2.427417e+01,2.426068e+01,2.420670e+01,2.435509e+01,2.443594e+01,2.460419e+01,2.463108e+01,2.470500e+01,2.468484e+01,2.481243e+01,2.483256e+01,2.484598e+01,2.498007e+01,2.503366e+01,2.512737e+01,2.498007e+01,2.515413e+01,2.507383e+01,2.515413e+01,2.510730e+01,2.524773e+01,2.522100e+01,2.514075e+01,2.518757e+01,2.524105e+01,2.498007e+01,2.561466e+01,2.644388e+01,2.793991e+01,2.845343e+01,2.846640e+01,2.846640e+01,2.842100e+01,2.845992e+01,2.845992e+01,2.845343e+01,2.818723e+01,2.847937e+01,2.823922e+01,2.812870e+01,2.825871e+01,2.826521e+01,2.823922e+01,2.808316e+01,2.805062e+01,2.792687e+01,2.793339e+01,2.775731e+01,2.762669e+01,2.765282e+01,2.738462e+01,2.720763e+01,2.713544e+01,2.683302e+01,2.679352e+01,2.681327e+01,2.651654e+01,2.663533e+01,2.643066e+01,2.641084e+01,2.631164e+01,2.604667e+01,2.600023e+01,2.592721e+01,2.570121e+01,2.579433e+01,2.537464e+01,2.532790e+01,2.503366e+01,2.470500e+01,2.436857e+01,2.424719e+01,2.438205e+01,2.427417e+01,2.413917e+01,2.420670e+01,2.417294e+01,2.419319e+01,2.421344e+01,2.422019e+01,2.421344e+01,2.418644e+01,2.418644e+01,2.430115e+01,2.424719e+01,2.419319e+01,2.415268e+01,2.413242e+01,2.409864e+01,2.420670e+01,2.406485e+01,2.411891e+01,2.426743e+01,2.422694e+01,2.420670e+01,2.415943e+01,2.422694e+01,2.413917e+01,2.422019e+01,2.438205e+01,2.419994e+01,2.413917e+01,2.422019e+01,2.424044e+01,2.404457e+01,2.409188e+01,2.412566e+01,2.412566e+01,2.409864e+01,2.400400e+01,2.416619e+01,2.412566e+01,2.411215e+01,2.411215e+01,2.422694e+01,2.420670e+01,2.417294e+01,2.419994e+01,2.409188e+01,2.410540e+01,2.409188e+01,2.409864e+01,2.407837e+01,2.409864e+01,2.412566e+01,2.393634e+01,2.403105e+01,2.403105e+01,2.407161e+01,2.406485e+01,2.399723e+01,2.403781e+01,2.403105e+01,2.406485e+01,2.408512e+01,2.403781e+01,2.409864e+01,2.404457e+01,2.404457e+01,2.400400e+01,2.405133e+01,2.392958e+01,2.404457e+01,2.394988e+01,2.397694e+01,2.401076e+01,2.387542e+01,2.392958e+01,2.384155e+01,2.394311e+01,2.393634e+01,2.397694e+01,2.398371e+01,2.394988e+01,2.395664e+01,2.393634e+01,2.398371e+01,2.389573e+01,2.388219e+01,2.400400e+01,2.400400e+01,2.395664e+01,2.401076e+01,2.402428e+01,2.399047e+01,2.397018e+01,2.394988e+01,2.393634e+01,2.392281e+01,2.399723e+01,2.401076e+01,2.397694e+01,2.403105e+01,2.389573e+01,2.389573e+01,2.388219e+01,2.398371e+01,2.392281e+01,2.398371e+01,2.395664e+01,2.389573e+01,2.396341e+01,2.403105e+01,2.386187e+01,2.393634e+01,2.389573e+01,2.405133e+01,2.397694e+01,2.389573e+01,2.390927e+01,2.390927e+01,2.402428e+01,2.392281e+01,2.383478e+01,2.398371e+01,2.401752e+01,2.387542e+01,2.400400e+01,2.401752e+01,2.394311e+01,2.395664e+01,2.401076e+01,2.395664e+01,2.391604e+01,2.394988e+01,2.390927e+01,2.395664e+01,2.394988e+01,2.393634e+01,2.389573e+01,2.388896e+01,2.389573e+01,2.392958e+01,2.397018e+01,2.392958e+01,2.399047e+01,2.401752e+01,2.406485e+01,2.407837e+01,2.407837e+01,2.403781e+01,2.408512e+01,2.393634e+01,2.405133e+01,2.409188e+01,2.392958e+01,2.395664e+01,2.397018e+01,2.398371e+01,2.415268e+01,2.414593e+01,2.415943e+01,2.455038e+01,2.629841e+01,2.716170e+01,2.737807e+01,2.746974e+01,2.764629e+01,2.754824e+01,2.760708e+01,2.768549e+01,2.779646e+01,2.780299e+01,2.769855e+01,2.761362e+01,2.763322e+01,2.755478e+01,2.750245e+01,2.745010e+01,2.735842e+01,2.731255e+01,2.716826e+01,2.691858e+01,2.676717e+01,2.655615e+01,2.645709e+01,2.605993e+01,2.611960e+01,2.571451e+01,2.560134e+01,2.529451e+01,2.521431e+01,2.525442e+01,2.525442e+01,2.523437e+01,2.507383e+01,2.505375e+01,2.506044e+01,2.481914e+01,2.482585e+01,2.484598e+01,2.472515e+01,2.473187e+01,2.448308e+01,2.455038e+01,2.440900e+01,2.402428e+01,2.403105e+01,2.405133e+01,2.396341e+01,2.403781e+01,2.387542e+01,2.391604e+01,2.400400e+01,2.391604e+01,2.396341e+01,2.411891e+01,2.405809e+01,2.390927e+01,2.398371e+01,2.396341e+01,2.419319e+01,2.420670e+01,2.424719e+01,2.411215e+01,2.413917e+01,2.425393e+01,2.425393e+01,2.425393e+01,2.409864e+01,2.409864e+01,2.425393e+01,2.422019e+01,2.411215e+01,2.409188e+01,2.411891e+01,2.413242e+01,2.389573e+01,2.402428e+01,2.392958e+01,2.389573e+01,2.387542e+01,2.387542e+01,2.385510e+01,2.379413e+01,2.371956e+01,2.369921e+01,2.364493e+01,2.363814e+01,2.359062e+01,2.353629e+01,2.370599e+01,2.342073e+01,2.348872e+01,2.342073e+01,2.335950e+01,2.341393e+01,2.340032e+01,2.330504e+01,2.335269e+01,2.342073e+01,2.338672e+01,2.331866e+01,2.337311e+01,2.337311e+01,2.325737e+01,2.330504e+01,2.322330e+01,2.329823e+01,2.326418e+01,2.330504e+01,2.317559e+01,2.323012e+01,2.317559e+01,2.312104e+01,2.301867e+01,2.288886e+01,2.303232e+01,2.281363e+01,2.281363e+01,2.293670e+01,2.301867e+01,2.315514e+01,2.378057e+01,2.390927e+01,2.412566e+01,2.390250e+01,2.397694e+01,2.401076e+01,2.388219e+01,2.402428e+01,2.396341e+01,2.404457e+01,2.405133e+01,2.399723e+01,2.410540e+01,2.407837e+01,2.411891e+01,2.382801e+01,2.394311e+01,2.384155e+01,2.388219e+01,2.373312e+01,2.362457e+01,2.363814e+01,2.367886e+01,2.364493e+01,2.369921e+01,2.361099e+01,2.373312e+01,2.355667e+01,2.348192e+01,2.325737e+01,2.323693e+01,2.318923e+01,2.304598e+01,2.318241e+01,2.299818e+01,2.292303e+01,2.308010e+01,2.299135e+01,2.299135e+01,2.305963e+01,2.299818e+01,2.301184e+01,2.289569e+01,2.290937e+01,2.287519e+01,2.286151e+01,2.305963e+01,2.320967e+01,2.325056e+01,2.325737e+01,2.337991e+01,2.354308e+01,2.355667e+01,2.359062e+01,2.368564e+01,2.379413e+01,2.378735e+01,2.374668e+01,2.380091e+01,2.375346e+01,2.380091e+01,2.388896e+01,2.378735e+01,2.386865e+01,2.384155e+01,2.384155e+01,2.386187e+01,2.380091e+01,2.386187e+01,2.392281e+01,2.389573e+01,2.401076e+01,2.392281e+01,2.392958e+01,2.408512e+01,2.413917e+01,2.411891e+01,2.398371e+01,2.411891e+01,2.422694e+01,2.414593e+01,2.424044e+01,2.420670e+01,2.447635e+01,2.442247e+01,2.437531e+01,2.434161e+01,2.426743e+01,2.428092e+01,2.419319e+01,2.386865e+01,2.386865e+01,2.389573e+01,2.373312e+01,2.361778e+01,2.363136e+01,2.352270e+01,2.334589e+01,2.335950e+01,2.345473e+01,2.353629e+01,2.355667e+01,2.345473e+01,2.352270e+01,2.353629e+01,2.348192e+01,2.306645e+01,2.328461e+01,2.300501e+01,2.309375e+01,2.322330e+01,2.318241e+01,2.335269e+01,2.337991e+01,2.332547e+01,2.332547e+01
2.386187e+01,2.397018e+01,2.394311e+01,2.398371e+01,2.379413e+01,2.394311e+01,2.417969e+01,2.398371e+01,2.390927e+01,2.409188e+01,2.400400e+01,2.396341e+01,2.389573e+01,2.408512e+01,2.415268e+01,2.404457e+01,2.392958e+01,2.403781e+01,2.410540e+01,2.410540e+01,2.403781e+01,2.415943e+01,2.408512e+01,2.407161e+01,2.413917e+01,2.407161e+01,2.413242e+01,2.408512e+01,2.413242e+01,2.419994e+01,2.421344e+01,2.434835e+01,2.431464e+01,2.426743e+01,2.465124e+01,2.495326e+01,2.473858e+01,2.485269e+01,2.495997e+01,2.499347e+01,2.493986e+01,2.525442e+01,2.567459e+01,2.578103e+01,2.582756e+01,2.605330e+01,2.619911e+01,2.623884e+01,2.626532e+01,2.625870e+01,2.627194e+01,2.642405e+01,2.639761e+01,2.641084e+01,2.631826e+01,2.626532e+01,2.633810e+01,2.636456e+01,2.639100e+01,2.629179e+01,2.629841e+01,2.629841e+01,2.633149e+01,2.617924e+01,2.612623e+01,2.616599e+01,2.612623e+01,2.617924e+01,2.607982e+01,2.596704e+01,2.600686e+01,2.600686e+01,2.599359e+01,2.600023e+01,2.599359e+01,2.596041e+01,2.592057e+01,2.593385e+01,2.594713e+01,2.589401e+01,2.572782e+01,2.566127e+01,2.552805e+01,2.566793e+01,2.559468e+01,2.551472e+01,2.542802e+01,2.556137e+01,2.526778e+01,2.552805e+01,2.538131e+01,2.532790e+01,2.522768e+01,2.494656e+01,2.489964e+01,2.475873e+01,2.444268e+01,2.419994e+01,2.415943e+01,2.403781e+01,2.392958e+01,2.393634e+01,2.393634e+01,2.405133e+01,2.416619e+01,2.436183e+01,2.440226e+01,2.461091e+01,2.468484e+01,2.484598e+01,2.489964e+01,2.491975e+01,2.512737e+01,2.512737e+01,2.499347e+01,2.483256e+01,2.458401e+01,2.397694e+01,2.376702e+01,2.363814e+01,2.365850e+01,2.374668e+01,2.363136e+01,2.372634e+01,2.367207e+01,2.372634e+01,2.375346e+01,2.381446e+01,2.397694e+01,2.399047e+01,2.413242e+01,2.412566e+01,2.415268e+01,2.411215e+01,2.435509e+01,2.429441e+01,2.446961e+01,2.444941e+01,2.451673e+01,2.451000e+01,2.455710e+01,2.459746e+01,2.453019e+01,2.434835e+01,2.442247e+01,2.427417e+01,2.439552e+01,2.400400e+01,2.414593e+01,2.415943e+01,2.401752e+01,2.403105e+01,2.388219e+01,2.389573e+01,2.389573e+01,2.401076e+01,2.391604e+01,2.403781e+01,2.398371e+01,2.390250e+01,2.388219e+01,2.385510e+01,2.358383e+01,2.361778e+01,2.369921e+01,2.369921e+01,2.392958e+01,2.379413e+01,2.397694e+01,2.392958e+01,2.413242e+01,2.411891e+01,2.420670e+01,2.437531e+01,2.427417e+01,2.440226e+01,2.450327e+01,2.455038e+01,2.450327e+01,2.455710e+01,2.463780e+01,2.485940e+01,2.474530e+01,2.502696e+01,2.502026e+01,2.488622e+01,2.498007e+01,2.498677e+01,2.507383e+01,2.500687e+01,2.515413e+01,2.508052e+01,2.512068e+01,2.512737e+01,2.514744e+01,2.527446e+01,2.499347e+01,2.521431e+01,2.566793e+01,2.649012e+01,2.794642e+01,2.834313e+01,2.845992e+01,2.845992e+01,2.869311e+01,2.853770e+01,2.845343e+01,2.848585e+01,2.849882e+01,2.844695e+01,2.828469e+01,2.847289e+01,2.826521e+01,2.811569e+01,2.822622e+01,2.804411e+01,2.810919e+01,2.794642e+01,2.792036e+01,2.767242e+01,2.769202e+01,2.741082e+01,2.746319e+01,2.719451e+01,2.716170e+01,2.683302e+01,2.675399e+01,2.658915e+01,2.652975e+01,2.652975e+01,2.636456e+01,2.631164e+01,2.617261e+01,2.612623e+01,2.601350e+01,2.578768e+01,2.562798e+01,2.562798e+01,2.558136e+01,2.534126e+01,2.495997e+01,2.466469e+01,2.422019e+01,2.419994e+01,2.416619e+01,2.424044e+01,2.416619e+01,2.428766e+01,2.417969e+01,2.427417e+01,2.424044e+01,2.419994e+01,2.428766e+01,2.424044e+01,2.426068e+01,2.422019e+01,2.424044e+01,2.416619e+01,2.406485e+01,2.425393e+01,2.409864e+01,2.419319e+01,2.421344e+01,2.416619e+01,2.419319e+01,2.416619e+01,2.411891e+01,2.422019e+01,2.418644e+01,2.414593e+01,2.417294e+01,2.422019e+01,2.414593e+01,2.419994e+01,2.415268e+01,2.409188e+01,2.406485e+01,2.414593e+01,2.409188e+01,2.410540e+01,2.413917e+01,2.414593e+01,2.410540e+01,2.420670e+01,2.411215e+01,2.405809e+01,2.416619e+01,2.414593e+01,2.410540e+01,2.407837e+01,2.405809e+01,2.407161e+01,2.407837e+01,2.410540e+01,2.414593e+01,2.409864e+01,2.409188e+01,2.410540e+01,2.412566e+01,2.405809e+01,2.409864e+01,2.398371e+01,2.396341e+01,2.405133e+01,2.410540e+01,2.407837e+01,2.394311e+01,2.404457e+01,2.411215e+01,2.401752e+01,2.405133e+01,2.400400e+01,2.393634e+01,2.400400e+01,2.390927e+01,2.400400e+01,2.407161e+01,2.401752e+01,2.390250e+01,2.377380e+01,2.384155e+01,2.393634e+01,2.386865e+01,2.379413e+01,2.391604e+01,2.401752e+01,2.394988e+01,2.392281e+01,2.394988e+01,2.399047e+01,2.397694e+01,2.399047e+01,2.386865e+01,2.400400e+01,2.402428e+01,2.385510e+01,2.395664e+01,2.392958e+01,2.392958e+01,2.401752e+01,2.392958e+01,2.403105e+01,2.401752e+01,2.388219e+01,2.399723e+01,2.398371e+01,2.399723e+01,2.400400e+01,2.396341e+01,2.396341e+01,2.393634e+01,2.384155e+01,2.401752e+01,2.386865e+01,2.398371e+01,2.397018e+01,2.405133e+01,2.388219e+01,2.374668e+01,2.403105e+01,2.388896e+01,2.390927e+01,2.403781e+01,2.394988e+01,2.394988e+01,2.388219e+01,2.399723e+01,2.398371e+01,2.394988e+01,2.399723e+01,2.403105e+01,2.390927e+01,2.400400e+01,2.389573e+01,2.389573e+01,2.390927e+01,2.392281e+01,2.396341e+01,2.393634e+01,2.393634e+01,2.392958e+01,2.386187e+01,2.390250e+01,2.391604e+01,2.392958e+01,2.400400e+01,2.406485e+01,2.405809e+01,2.403105e+01,2.401752e+01,2.406485e+01,2.396341e+01,2.409188e+01,2.410540e+01,2.392281e+01,2.403105e+01,2.397694e+01,2.412566e+01,2.414593e+01,2.414593e+01,2.410540e+01,2.397018e+01,2.413242e+01,2.452346e+01,2.633149e+01,2.710918e+01,2.724699e+01,2.758747e+01,2.752862e+01,2.778341e+01,2.775731e+01,2.772467e+01,2.778994e+01,2.767896e+01,2.763976e+01,2.765936e+01,2.762669e+01,2.755478e+01,2.754824e+01,2.737152e+01,2.735187e+01,2.720107e+01,2.713544e+01,2.691858e+01,2.683302e+01,2.652314e+01,2.652975e+01,2.607319e+01,2.595377e+01,2.558136e+01,2.559468e+01,2.529451e+01,2.525442e+01,2.526110e+01,2.521431e+01,2.511399e+01,2.507383e+01,2.501357e+01,2.500017e+01,2.479901e+01,2.476544e+01,2.471844e+01,2.472515e+01,2.471172e+01,2.447635e+01,2.443594e+01,2.424044e+01,2.403105e+01,2.404457e+01,2.407161e+01,2.403105e+01,2.398371e+01,2.376024e+01,2.385510e+01,2.392281e+01,2.371277e+01,2.390250e+01,2.384833e+01,2.390250e+01,2.382123e+01,2.390250e+01,2.394988e+01,2.417969e+01,2.398371e+01,2.401752e+01,2.409188e+01,2.411215e+01,2.407837e+01,2.425393e+01,2.418644e+01,2.407161e+01,2.411215e+01,2.422694e+01,2.411215e+01,2.412566e+01,2.406485e+01,2.399047e+01,2.411215e+01,2.413242e+01,2.391604e+01,2.409188e+01,2.388896e+01,2.385510e+01,2.386865e+01,2.372634e+01,2.369921e+01,2.369921e+01,2.357704e+01,2.351590e+01,2.365172e+01,2.354987e+01,2.355667e+01,2.347513e+01,2.350911e+01,2.351590e+01,2.335950e+01,2.335269e+01,2.334589e+01,2.335950e+01,2.329823e+01,2.331185e+01,2.335269e+01,2.342073e+01,2.336630e+01,2.335950e+01,2.333908e+01,2.323012e+01,2.320967e+01,2.319604e+01,2.327780e+01,2.333228e+01,2.329142e+01,2.319604e+01,2.319604e+01,2.318923e+01,2.304598e+01,2.301867e+01,2.308693e+01,2.300501e+01,2.285467e+01,2.297769e+01,2.284099e+01,2.284783e+01,2.344793e+01,2.379413e+01,2.408512e+01,2.415268e+01,2.411891e+01,2.414593e+01,2.402428e+01,2.401076e+01,2.397018e+01,2.401752e+01,2.399047e+01,2.405809e+01,2.416619e+01,2.410540e+01,2.413917e+01,2.413917e+01,2.369921e+01,2.400400e+01,2.399047e+01,2.373312e+01,2.380091e+01,2.372634e+01,2.372634e+01,2.363136e+01,2.364493e+01,2.362457e+01,2.327099e+01,2.361099e+01,2.346153e+01,2.359741e+01,2.327780e+01,2.323693e+01,2.310739e+01,2.324374e+01,2.314832e+01,2.295037e+01,2.290253e+01,2.303232e+01,2.299135e+01,2.297769e+01,2.297086e+01,2.302550e+01,2.304598e+01,2.286835e+01,2.286151e+01,2.289569e+01,2.298452e+01,2.294353e+01,2.316877e+01,2.329823e+01,2.324374e+01,2.342753e+01,2.340713e+01,2.348192e+01,2.355667e+01,2.371956e+01,2.373990e+01,2.382123e+01,2.378057e+01,2.389573e+01,2.369242e+01,2.379413e+01,2.384833e+01,2.384833e+01,2.386187e+01,2.385510e+01,2.377380e+01,2.381446e+01,2.381446e+01,2.404457e+01,2.394988e+01,2.402428e+01,2.389573e+01,2.396341e+01,2.397694e+01,2.416619e+01,2.411891e+01,2.411215e+01,2.405809e+01,2.439552e+01,2.416619e+01,2.444941e+01,2.441573e+01,2.421344e+01,2.449654e+01,2.450327e+01,2.439552e+01,2.436183e+01,2.441573e+01,2.417969e+01,2.422019e+01,2.415268e+01,2.413917e+01,2.414593e+01,2.373990e+01,2.382123e+01,2.384833e+01,2.361099e+01,2.354308e+01,2.357704e+01,2.335950e+01,2.345473e+01,2.318241e+01,2.322330e+01,2.332547e+01,2.315514e+01,2.313468e+01,2.312104e+01,2.294353e+01,2.300501e+01,2.305963e+01,2.297086e+01,2.325056e+01,2.314150e+01,2.321649e+01,2.325737e+01,2.323012e+01
2.384155e+01,2.407161e+01,2.397694e+01,2.403781e+01,2.399047e+01,2.384155e+01,2.400400e+01,2.388896e+01,2.392958e+01,2.395664e+01,2.392281e+01,2.402428e+01,2.397694e+01,2.407837e+01,2.400400e+01,2.390927e+01,2.397018e+01,2.394988e+01,2.396341e+01,2.409188e+01,2.411891e+01,2.415943e+01,2.411891e+01,2.408512e+01,2.406485e+01,2.421344e+01,2.409864e+01,2.413242e+01,2.409188e+01,2.415268e+01,2.413242e+01,2.422694e+01,2.429441e+01,2.443594e+01,2.477887e+01,2.481243e+01,2.479230e+01,2.471172e+01,2.473187e+01,2.487952e+01,2.472515e+01,2.493316e+01,2.520094e+01,2.526110e+01,2.565462e+01,2.580762e+01,2.606656e+01,2.615274e+01,2.616599e+01,2.623884e+01,2.628517e+01,2.621898e+01,2.631164e+01,2.637117e+01,2.621235e+01,2.623884e+01,2.639100e+01,2.621235e+01,2.627194e+01,2.613948e+01,2.631164e+01,2.629841e+01,2.617261e+01,2.617261e+01,2.631826e+01,2.605993e+01,2.621898e+01,2.607982e+01,2.605993e+01,2.606656e+01,2.584750e+01,2.596041e+01,2.616599e+01,2.596041e+01,2.596041e+01,2.594049e+01,2.592721e+01,2.576773e+01,2.584085e+01,2.579433e+01,2.574778e+01,2.563464e+01,2.569455e+01,2.570121e+01,2.562132e+01,2.549472e+01,2.551472e+01,2.537464e+01,2.535461e+01,2.530119e+01,2.533458e+01,2.518757e+01,2.515413e+01,2.491975e+01,2.495997e+01,2.476544e+01,2.444268e+01,2.430790e+01,2.423369e+01,2.413917e+01,2.401752e+01,2.394988e+01,2.410540e+01,2.401076e+01,2.416619e+01,2.407161e+01,2.448981e+01,2.468484e+01,2.470500e+01,2.485269e+01,2.486610e+01,2.488622e+01,2.483256e+01,2.482585e+01,2.483927e+01,2.485940e+01,2.460419e+01,2.427417e+01,2.374668e+01,2.357704e+01,2.361778e+01,2.359741e+01,2.359062e+01,2.367207e+01,2.375346e+01,2.363136e+01,2.384155e+01,2.398371e+01,2.379413e+01,2.384833e+01,2.388896e+01,2.390927e+01,2.416619e+01,2.424044e+01,2.422019e+01,2.419994e+01,2.446961e+01,2.432138e+01,2.440900e+01,2.451673e+01,2.448308e+01,2.452346e+01,2.448981e+01,2.432812e+01,2.428092e+01,2.434835e+01,2.418644e+01,2.419319e+01,2.414593e+01,2.407837e+01,2.403781e+01,2.399723e+01,2.392281e+01,2.379413e+01,2.386187e+01,2.397694e+01,2.390250e+01,2.399723e+01,2.400400e+01,2.388896e+01,2.386865e+01,2.383478e+01,2.362457e+01,2.366529e+01,2.367886e+01,2.371277e+01,2.386187e+01,2.409864e+01,2.393634e+01,2.412566e+01,2.415268e+01,2.422019e+01,2.426743e+01,2.428092e+01,2.417969e+01,2.428766e+01,2.448308e+01,2.448981e+01,2.452346e+01,2.455710e+01,2.464452e+01,2.474530e+01,2.477216e+01,2.477216e+01,2.489293e+01,2.498007e+01,2.489964e+01,2.500017e+01,2.503366e+01,2.495997e+01,2.508052e+01,2.520094e+01,2.522100e+01,2.512068e+01,2.523437e+01,2.512737e+01,2.508052e+01,2.502696e+01,2.518088e+01,2.568124e+01,2.693173e+01,2.830418e+01,2.846640e+01,2.847289e+01,2.847289e+01,2.844046e+01,2.852474e+01,2.840154e+01,2.844046e+01,2.844046e+01,2.827170e+01,2.836261e+01,2.827170e+01,2.834962e+01,2.818072e+01,2.806364e+01,2.803109e+01,2.799202e+01,2.788125e+01,2.786169e+01,2.778994e+01,2.776383e+01,2.752208e+01,2.750900e+01,2.729944e+01,2.692516e+01,2.670127e+01,2.669468e+01,2.656935e+01,2.657595e+01,2.650333e+01,2.629841e+01,2.633810e+01,2.615274e+01,2.580097e+01,2.588072e+01,2.578103e+01,2.565462e+01,2.553472e+01,2.539466e+01,2.517419e+01,2.489964e+01,2.444268e+01,2.421344e+01,2.421344e+01,2.431464e+01,2.422019e+01,2.413917e+01,2.411891e+01,2.426068e+01,2.431464e+01,2.426068e+01,2.415268e+01,2.415268e+01,2.412566e+01,2.415943e+01,2.412566e+01,2.424719e+01,2.415268e+01,2.424719e+01,2.409864e+01,2.417969e+01,2.409188e+01,2.418644e+01,2.413917e+01,2.409864e+01,2.418644e+01,2.418644e+01,2.421344e+01,2.424044e+01,2.424719e+01,2.424044e+01,2.413242e+01,2.416619e+01,2.425393e+01,2.416619e+01,2.411215e+01,2.415268e+01,2.409864e+01,2.411891e+01,2.407837e+01,2.426743e+01,2.409864e+01,2.413242e+01,2.404457e+01,2.403781e+01,2.412566e+01,2.417969e+01,2.415943e+01,2.409864e+01,2.406485e+01,2.406485e+01,2.405809e+01,2.396341e+01,2.408512e+01,2.407161e+01,2.404457e+01,2.407837e+01,2.406485e+01,2.402428e+01,2.401076e+01,2.397694e+01,2.397018e+01,2.394988e+01,2.407837e+01,2.405809e+01,2.403781e+01,2.409188e+01,2.409188e+01,2.400400e+01,2.399047e+01,2.400400e+01,2.397694e+01,2.400400e+01,2.390250e+01,2.400400e+01,2.402428e+01,2.392281e+01,2.401076e+01,2.416619e+01,2.395664e+01,2.383478e+01,2.392281e+01,2.397694e+01,2.392281e+01,2.395664e+01,2.394988e+01,2.396341e+01,2.396341e+01,2.395664e+01,2.391604e+01,2.388219e+01,2.384833e+01,2.406485e+01,2.401752e+01,2.385510e+01,2.394988e+01,2.399047e+01,2.393634e+01,2.392958e+01,2.392281e+01,2.390250e+01,2.391604e+01,2.393634e+01,2.388219e+01,2.394988e+01,2.399723e+01,2.399723e+01,2.388219e+01,2.389573e+01,2.390927e+01,2.397018e+01,2.401752e+01,2.382801e+01,2.403105e+01,2.388219e+01,2.392281e+01,2.388219e+01,2.387542e+01,2.386865e+01,2.397018e+01,2.396341e+01,2.388896e+01,2.394311e+01,2.401076e+01,2.392281e+01,2.387542e+01,2.392958e+01,2.402428e+01,2.390250e+01,2.386187e+01,2.384155e+01,2.386865e+01,2.384833e+01,2.390250e+01,2.392281e+01,2.386865e+01,2.384833e+01,2.397694e+01,2.390927e+01,2.394988e+01,2.390250e+01,2.392958e+01,2.403105e+01,2.390927e+01,2.397018e+01,2.402428e+01,2.394988e+01,2.397018e+01,2.403105e+01,2.412566e+01,2.403105e+01,2.390250e+01,2.398371e+01,2.401076e+01,2.400400e+01,2.411891e+01,2.403781e+01,2.414593e+01,2.404457e+01,2.413242e+01,2.400400e+01,2.415268e+01,2.453692e+01,2.620573e+01,2.689226e+01,2.729944e+01,2.734532e+01,2.759401e+01,2.769202e+01,2.768549e+01,2.779646e+01,2.769855e+01,2.771161e+01,2.769855e+01,2.766589e+01,2.768549e+01,2.773120e+01,2.754824e+01,2.735187e+01,2.736497e+01,2.727322e+01,2.689226e+01,2.686594e+01,2.683302e+01,2.653635e+01,2.634472e+01,2.615274e+01,2.604004e+01,2.563464e+01,2.546138e+01,2.537464e+01,2.526778e+01,2.525442e+01,2.508052e+01,2.506044e+01,2.497337e+01,2.498677e+01,2.502026e+01,2.480572e+01,2.476544e+01,2.474530e+01,2.454365e+01,2.446961e+01,2.442921e+01,2.442247e+01,2.418644e+01,2.377380e+01,2.395664e+01,2.382801e+01,2.376702e+01,2.375346e+01,2.372634e+01,2.391604e+01,2.374668e+01,2.363136e+01,2.386865e+01,2.373990e+01,2.390250e+01,2.394988e+01,2.391604e+01,2.401752e+01,2.398371e+01,2.401076e+01,2.402428e+01,2.392958e+01,2.419319e+01,2.407837e+01,2.403105e+01,2.411891e+01,2.401752e+01,2.411891e+01,2.407161e+01,2.401076e+01,2.407837e+01,2.414593e+01,2.409188e+01,2.403105e+01,2.394311e+01,2.403105e+01,2.392958e+01,2.392281e+01,2.368564e+01,2.378057e+01,2.374668e+01,2.355667e+01,2.361099e+01,2.367207e+01,2.354987e+01,2.357704e+01,2.359062e+01,2.354308e+01,2.352949e+01,2.341393e+01,2.344793e+01,2.350231e+01,2.340713e+01,2.320967e+01,2.333908e+01,2.329823e+01,2.330504e+01,2.331185e+01,2.331866e+01,2.332547e+01,2.320967e+01,2.329823e+01,2.313468e+01,2.308010e+01,2.319604e+01,2.336630e+01,2.321649e+01,2.325056e+01,2.316877e+01,2.312786e+01,2.316195e+01,2.316877e+01,2.299135e+01,2.297086e+01,2.287519e+01,2.282047e+01,2.282731e+01,2.284783e+01,2.296403e+01,2.346153e+01,2.389573e+01,2.415268e+01,2.403781e+01,2.401076e+01,2.398371e+01,2.399047e+01,2.393634e+01,2.397018e+01,2.399723e+01,2.409188e+01,2.404457e+01,2.408512e+01,2.396341e+01,2.383478e+01,2.372634e+01,2.379413e+01,2.386187e+01,2.387542e+01,2.373990e+01,2.379413e+01,2.371277e+01,2.368564e+01,2.397694e+01,2.368564e+01,2.361099e+01,2.344113e+01,2.346153e+01,2.345473e+01,2.346833e+01,2.323012e+01,2.333228e+01,2.318241e+01,2.320286e+01,2.296403e+01,2.313468e+01,2.297086e+01,2.292987e+01,2.290937e+01,2.294353e+01,2.295720e+01,2.290937e+01,2.303232e+01,2.287519e+01,2.289569e+01,2.289569e+01,2.298452e+01,2.316195e+01,2.314832e+01,2.324374e+01,2.336630e+01,2.347513e+01,2.342753e+01,2.344793e+01,2.361099e+01,2.358383e+01,2.360420e+01,2.372634e+01,2.367886e+01,2.365850e+01,2.365172e+01,2.383478e+01,2.364493e+01,2.382123e+01,2.384833e+01,2.382123e+01,2.378057e+01,2.373312e+01,2.384155e+01,2.383478e+01,2.383478e+01,2.390250e+01,2.398371e+01,2.395664e+01,2.392281e+01,2.416619e+01,2.409188e+01,2.399723e+01,2.412566e+01,2.401076e+01,2.408512e+01,2.427417e+01,2.436183e+01,2.450327e+01,2.453019e+01,2.439552e+01,2.438205e+01,2.455038e+01,2.450327e+01,2.449654e+01,2.432812e+01,2.428092e+01,2.419319e+01,2.412566e+01,2.405809e+01,2.384833e+01,2.378057e+01,2.384155e+01,2.359741e+01,2.363814e+01,2.340032e+01,2.325056e+01,2.329142e+01,2.320286e+01,2.308010e+01,2.303232e+01,2.314832e+01,2.310739e+01,2.286835e+01,2.300501e+01,2.307328e+01,2.286151e+01,2.299135e+01,2.316195e+01,2.323693e+01,2.307328e+01,2.331185e+01
2.394311e+01,2.389573e+01,2.392281e+01,2.398371e+01,2.381446e+01,2.389573e+01,2.399723e+01,2.405809e+01,2.397018e+01,2.397694e+01,2.401752e+01,2.390927e+01,2.404457e+01,2.413917e+01,2.413242e+01,2.397018e+01,2.398371e+01,2.397694e+01,2.401076e+01,2.407837e+01,2.405133e+01,2.405809e+01,2.405809e+01,2.409864e+01,2.401752e+01,2.416619e+01,2.415943e+01,2.417969e+01,2.415943e+01,2.405809e+01,2.421344e+01,2.406485e+01,2.435509e+01,2.476544e+01,2.486610e+01,2.483927e+01,2.469156e+01,2.466469e+01,2.473187e+01,2.480572e+01,2.484598e+01,2.486610e+01,2.485269e+01,2.491305e+01,2.491305e+01,2.508052e+01,2.523437e+01,2.556137e+01,2.565462e+01,2.611960e+01,2.628517e+01,2.617924e+01,2.626532e+01,2.635794e+01,2.633810e+01,2.635794e+01,2.630502e+01,2.610634e+01,2.613948e+01,2.625208e+01,2.623222e+01,2.614611e+01,2.621235e+01,2.597368e+01,2.615274e+01,2.609309e+01,2.611960e+01,2.606656e+01,2.605330e+01,2.593385e+01,2.599359e+01,2.598696e+01,2.595377e+01,2.600686e+01,2.598696e+01,2.612623e+01,2.596041e+01,2.594049e+01,2.588736e+01,2.582092e+01,2.564796e+01,2.569455e+01,2.571451e+01,2.566793e+01,2.560134e+01,2.540801e+01,2.523437e+01,2.548138e+01,2.527446e+01,2.542135e+01,2.524105e+01,2.516082e+01,2.514744e+01,2.502026e+01,2.490634e+01,2.476544e+01,2.454365e+01,2.439552e+01,2.428766e+01,2.416619e+01,2.409188e+01,2.394988e+01,2.390250e+01,2.407837e+01,2.413917e+01,2.417294e+01,2.434835e+01,2.438205e+01,2.467813e+01,2.474530e+01,2.481914e+01,2.471172e+01,2.477887e+01,2.491305e+01,2.482585e+01,2.481243e+01,2.470500e+01,2.446961e+01,2.392281e+01,2.350911e+01,2.354987e+01,2.363136e+01,2.354987e+01,2.363814e+01,2.366529e+01,2.365172e+01,2.367207e+01,2.387542e+01,2.382801e+01,2.386187e+01,2.389573e+01,2.386865e+01,2.410540e+01,2.402428e+01,2.421344e+01,2.423369e+01,2.428766e+01,2.430790e+01,2.442247e+01,2.446961e+01,2.440900e+01,2.451673e+01,2.450327e+01,2.442247e+01,2.430790e+01,2.444941e+01,2.424044e+01,2.424719e+01,2.419994e+01,2.405133e+01,2.407837e+01,2.385510e+01,2.390927e+01,2.386187e+01,2.387542e+01,2.384155e+01,2.382801e+01,2.382801e+01,2.394988e+01,2.392281e+01,2.365850e+01,2.373990e+01,2.363814e+01,2.359062e+01,2.373312e+01,2.367207e+01,2.367207e+01,2.393634e+01,2.394311e+01,2.414593e+01,2.411891e+01,2.411891e+01,2.415943e+01,2.417294e+01,2.424719e+01,2.417969e+01,2.432138e+01,2.425393e+01,2.448981e+01,2.448308e+01,2.452346e+01,2.463108e+01,2.469156e+01,2.472515e+01,2.469156e+01,2.484598e+01,2.491305e+01,2.475873e+01,2.485940e+01,2.504705e+01,2.505375e+01,2.511399e+01,2.516082e+01,2.528115e+01,2.524773e+01,2.516082e+01,2.513406e+01,2.504705e+01,2.499347e+01,2.517419e+01,2.616599e+01,2.799202e+01,2.846640e+01,2.845992e+01,2.833015e+01,2.844046e+01,2.825221e+01,2.822622e+01,2.835612e+01,2.824572e+01,2.823272e+01,2.821972e+01,2.811569e+01,2.817422e+01,2.808316e+01,2.807665e+01,2.803109e+01,2.796597e+01,2.790080e+01,2.785517e+01,2.777036e+01,2.774425e+01,2.769855e+01,2.750900e+01,2.735842e+01,2.724699e+01,2.689226e+01,2.695147e+01,2.661554e+01,2.647691e+01,2.638439e+01,2.640422e+01,2.640422e+01,2.621898e+01,2.596041e+01,2.591393e+01,2.580762e+01,2.576108e+01,2.552805e+01,2.555471e+01,2.539466e+01,2.491305e+01,2.454365e+01,2.438205e+01,2.420670e+01,2.430790e+01,2.425393e+01,2.415943e+01,2.428766e+01,2.411891e+01,2.417969e+01,2.411215e+01,2.416619e+01,2.416619e+01,2.411215e+01,2.411215e+01,2.412566e+01,2.410540e+01,2.419994e+01,2.409864e+01,2.404457e+01,2.408512e+01,2.419319e+01,2.407161e+01,2.416619e+01,2.407161e+01,2.419994e+01,2.416619e+01,2.411215e+01,2.415268e+01,2.429441e+01,2.420670e+01,2.415943e+01,2.419319e+01,2.409864e+01,2.423369e+01,2.409188e+01,2.407837e+01,2.409188e+01,2.409864e+01,2.416619e+01,2.416619e+01,2.408512e+01,2.409188e+01,2.417294e+01,2.405809e+01,2.402428e+01,2.409864e+01,2.415943e+01,2.416619e+01,2.416619e+01,2.402428e+01,2.411891e+01,2.413242e+01,2.407161e+01,2.407161e+01,2.401752e+01,2.405809e+01,2.412566e+01,2.407161e+01,2.401076e+01,2.397018e+01,2.397018e+01,2.394311e+01,2.401076e+01,2.399723e+01,2.403781e+01,2.404457e+01,2.405133e+01,2.403781e+01,2.398371e+01,2.400400e+01,2.390250e+01,2.404457e+01,2.392281e+01,2.401752e+01,2.401076e+01,2.403105e+01,2.388219e+01,2.397018e+01,2.386865e+01,2.394988e+01,2.394311e+01,2.379413e+01,2.396341e+01,2.390250e+01,2.384833e+01,2.394988e+01,2.396341e+01,2.396341e+01,2.393634e+01,2.392958e+01,2.398371e+01,2.397018e+01,2.380768e+01,2.403105e+01,2.390250e+01,2.384833e+01,2.395664e+01,2.392958e+01,2.397018e+01,2.397018e+01,2.398371e+01,2.388896e+01,2.389573e+01,2.388219e+01,2.385510e+01,2.390927e+01,2.387542e+01,2.386187e+01,2.389573e+01,2.388896e+01,2.396341e+01,2.390927e+01,2.387542e+01,2.388219e+01,2.403105e+01,2.404457e+01,2.387542e+01,2.386865e+01,2.401752e+01,2.380768e+01,2.380091e+01,2.401076e+01,2.374668e+01,2.400400e+01,2.386865e+01,2.389573e+01,2.394988e+01,2.390927e+01,2.386187e+01,2.388219e+01,2.385510e+01,2.381446e+01,2.386187e+01,2.385510e+01,2.391604e+01,2.395664e+01,2.390927e+01,2.389573e+01,2.390250e+01,2.392958e+01,2.388219e+01,2.397694e+01,2.388896e+01,2.392958e+01,2.397018e+01,2.398371e+01,2.405809e+01,2.400400e+01,2.402428e+01,2.393634e+01,2.400400e+01,2.395664e+01,2.397694e+01,2.400400e+01,2.399723e+01,2.401752e+01,2.403781e+01,2.409188e+01,2.418644e+01,2.411215e+01,2.413242e+01,2.422019e+01,2.593385e+01,2.683302e+01,2.731255e+01,2.756132e+01,2.759401e+01,2.763322e+01,2.758093e+01,2.779646e+01,2.770508e+01,2.777036e+01,2.778994e+01,2.765282e+01,2.763976e+01,2.770508e+01,2.737152e+01,2.749591e+01,2.735187e+01,2.704349e+01,2.705663e+01,2.678034e+01,2.679352e+01,2.654955e+01,2.627194e+01,2.611960e+01,2.584085e+01,2.564796e+01,2.559468e+01,2.541468e+01,2.528782e+01,2.522100e+01,2.498007e+01,2.489964e+01,2.489293e+01,2.487952e+01,2.463780e+01,2.469828e+01,2.459073e+01,2.439552e+01,2.419994e+01,2.416619e+01,2.413917e+01,2.424719e+01,2.403781e+01,2.383478e+01,2.382123e+01,2.369242e+01,2.367886e+01,2.376702e+01,2.372634e+01,2.413917e+01,2.385510e+01,2.356346e+01,2.377380e+01,2.382123e+01,2.384833e+01,2.375346e+01,2.389573e+01,2.387542e+01,2.391604e+01,2.393634e+01,2.390250e+01,2.396341e+01,2.389573e+01,2.392958e+01,2.399723e+01,2.402428e+01,2.403781e+01,2.411891e+01,2.412566e+01,2.395664e+01,2.401752e+01,2.403781e+01,2.398371e+01,2.388896e+01,2.388896e+01,2.386865e+01,2.383478e+01,2.370599e+01,2.363814e+01,2.368564e+01,2.371956e+01,2.361099e+01,2.369242e+01,2.361099e+01,2.352270e+01,2.340713e+01,2.347513e+01,2.349552e+01,2.337311e+01,2.339352e+01,2.336630e+01,2.322330e+01,2.342753e+01,2.326418e+01,2.329823e+01,2.337311e+01,2.334589e+01,2.329142e+01,2.321649e+01,2.316195e+01,2.312786e+01,2.313468e+01,2.312786e+01,2.312786e+01,2.323012e+01,2.318923e+01,2.333228e+01,2.316877e+01,2.329823e+01,2.320967e+01,2.326418e+01,2.308010e+01,2.313468e+01,2.301867e+01,2.310739e+01,2.282047e+01,2.282047e+01,2.284783e+01,2.308693e+01,2.354308e+01,2.394311e+01,2.403781e+01,2.403105e+01,2.382801e+01,2.384155e+01,2.397018e+01,2.407837e+01,2.399047e+01,2.390250e+01,2.397018e+01,2.401752e+01,2.400400e+01,2.385510e+01,2.383478e+01,2.364493e+01,2.374668e+01,2.374668e+01,2.376024e+01,2.349552e+01,2.373990e+01,2.377380e+01,2.386187e+01,2.373312e+01,2.376024e+01,2.354987e+01,2.327780e+01,2.348192e+01,2.356346e+01,2.329142e+01,2.322330e+01,2.347513e+01,2.317559e+01,2.310057e+01,2.299135e+01,2.308010e+01,2.302550e+01,2.305280e+01,2.304598e+01,2.285467e+01,2.300501e+01,2.287519e+01,2.290937e+01,2.288202e+01,2.293670e+01,2.288202e+01,2.306645e+01,2.309375e+01,2.325056e+01,2.342753e+01,2.333908e+01,2.354987e+01,2.356346e+01,2.358383e+01,2.358383e+01,2.359062e+01,2.371956e+01,2.367886e+01,2.369242e+01,2.351590e+01,2.357704e+01,2.370599e+01,2.361778e+01,2.384155e+01,2.363814e+01,2.367207e+01,2.373312e+01,2.373990e+01,2.373312e+01,2.373312e+01,2.379413e+01,2.394988e+01,2.393634e+01,2.394311e+01,2.388896e+01,2.407161e+01,2.420670e+01,2.422694e+01,2.421344e+01,2.430115e+01,2.431464e+01,2.432138e+01,2.448308e+01,2.434161e+01,2.444941e+01,2.451000e+01,2.439552e+01,2.444941e+01,2.447635e+01,2.434835e+01,2.445614e+01,2.434835e+01,2.419319e+01,2.417294e+01,2.393634e+01,2.408512e+01,2.385510e+01,2.388896e+01,2.365850e+01,2.385510e+01,2.331866e+01,2.348192e+01,2.323012e+01,2.318923e+01,2.319604e+01,2.296403e+01,2.303232e+01,2.296403e+01,2.308010e+01,2.284099e+01,2.308010e+01,2.301867e+01,2.288886e+01,2.308010e+01,2.316195e+01,2.303915e+01,2.328461e+01
2.399723e+01,2.388896e+01,2.385510e+01,2.402428e+01,2.409864e+01,2.405809e+01,2.392281e+01,2.405133e+01,2.396341e+01,2.399047e+01,2.394988e+01,2.394988e+01,2.405133e+01,2.397694e+01,2.397694e+01,2.413242e+01,2.401752e+01,2.397694e+01,2.401752e+01,2.405809e+01,2.415943e+01,2.403105e+01,2.409188e+01,2.422019e+01,2.420670e+01,2.407837e+01,2.416619e+01,2.424044e+01,2.409864e+01,2.399723e+01,2.424719e+01,2.428766e+01,2.472515e+01,2.484598e+01,2.489293e+01,2.481914e+01,2.475873e+01,2.480572e+01,2.483256e+01,2.481914e+01,2.484598e+01,2.481914e+01,2.487281e+01,2.496667e+01,2.486610e+01,2.493986e+01,2.520094e+01,2.510730e+01,2.539466e+01,2.562798e+01,2.614611e+01,2.625208e+01,2.609309e+01,2.621898e+01,2.615936e+01,2.609971e+01,2.619248e+01,2.625208e+01,2.611297e+01,2.621235e+01,2.619911e+01,2.605993e+01,2.617261e+01,2.617261e+01,2.609309e+01,2.600686e+01,2.604004e+01,2.588072e+01,2.602677e+01,2.598032e+01,2.598032e+01,2.596041e+01,2.589401e+01,2.587408e+01,2.590729e+01,2.589401e+01,2.587408e+01,2.582092e+01,2.582092e+01,2.592721e+01,2.569455e+01,2.580097e+01,2.565462e+01,2.562132e+01,2.560134e+01,2.538131e+01,2.546805e+01,2.536129e+01,2.528115e+01,2.524105e+01,2.520763e+01,2.522768e+01,2.514075e+01,2.500687e+01,2.505375e+01,2.475201e+01,2.448981e+01,2.459746e+01,2.432138e+01,2.415943e+01,2.400400e+01,2.409864e+01,2.394311e+01,2.394988e+01,2.396341e+01,2.402428e+01,2.425393e+01,2.438205e+01,2.438205e+01,2.461763e+01,2.473858e+01,2.479230e+01,2.480572e+01,2.487281e+01,2.479230e+01,2.471844e+01,2.473858e+01,2.441573e+01,2.397018e+01,2.346833e+01,2.350911e+01,2.359741e+01,2.363136e+01,2.361099e+01,2.365850e+01,2.369921e+01,2.378735e+01,2.377380e+01,2.383478e+01,2.386187e+01,2.384833e+01,2.388896e+01,2.397694e+01,2.413242e+01,2.395664e+01,2.426743e+01,2.428766e+01,2.435509e+01,2.441573e+01,2.447635e+01,2.440900e+01,2.445614e+01,2.446288e+01,2.436183e+01,2.437531e+01,2.438878e+01,2.428766e+01,2.419994e+01,2.407837e+01,2.409188e+01,2.395664e+01,2.394311e+01,2.393634e+01,2.378735e+01,2.383478e+01,2.400400e+01,2.388219e+01,2.386865e+01,2.383478e+01,2.390927e+01,2.379413e+01,2.369921e+01,2.368564e+01,2.361099e+01,2.373312e+01,2.378735e+01,2.384155e+01,2.403105e+01,2.403781e+01,2.410540e+01,2.407837e+01,2.409188e+01,2.424719e+01,2.419994e+01,2.421344e+01,2.429441e+01,2.442921e+01,2.440900e+01,2.442921e+01,2.445614e+01,2.454365e+01,2.445614e+01,2.448308e+01,2.453019e+01,2.468484e+01,2.479901e+01,2.473858e+01,2.487952e+01,2.481914e+01,2.503366e+01,2.493986e+01,2.509391e+01,2.507383e+01,2.524105e+01,2.512068e+01,2.511399e+01,2.508722e+01,2.506713e+01,2.518088e+01,2.508722e+01,2.596704e+01,2.733221e+01,2.805713e+01,2.829768e+01,2.825871e+01,2.824572e+01,2.822622e+01,2.825871e+01,2.827820e+01,2.812870e+01,2.811569e+01,2.817422e+01,2.808316e+01,2.806364e+01,2.805713e+01,2.801156e+01,2.799202e+01,2.764629e+01,2.793339e+01,2.771161e+01,2.773120e+01,2.770508e+01,2.750900e+01,2.750245e+01,2.726666e+01,2.726666e+01,2.729944e+01,2.701064e+01,2.692516e+01,2.680669e+01,2.661554e+01,2.652314e+01,2.643727e+01,2.623222e+01,2.605993e+01,2.608646e+01,2.580097e+01,2.573447e+01,2.562132e+01,2.552805e+01,2.550805e+01,2.525442e+01,2.491305e+01,2.461091e+01,2.426068e+01,2.430790e+01,2.415943e+01,2.415943e+01,2.411891e+01,2.411891e+01,2.414593e+01,2.409188e+01,2.412566e+01,2.412566e+01,2.422694e+01,2.419994e+01,2.411215e+01,2.409188e+01,2.409188e+01,2.407837e+01,2.418644e+01,2.412566e+01,2.421344e+01,2.410540e+01,2.419319e+01,2.409188e+01,2.410540e+01,2.415268e+01,2.419994e+01,2.410540e+01,2.416619e+01,2.417294e+01,2.415268e+01,2.407837e+01,2.419994e+01,2.419994e+01,2.407837e+01,2.426743e+01,2.409864e+01,2.418644e+01,2.405809e+01,2.417969e+01,2.401752e+01,2.407837e+01,2.399047e+01,2.409188e+01,2.411891e+01,2.415268e+01,2.411215e+01,2.413917e+01,2.407837e+01,2.409864e+01,2.417294e+01,2.403781e+01,2.406485e+01,2.407837e+01,2.401752e+01,2.413242e+01,2.409188e+01,2.409864e+01,2.403105e+01,2.413242e+01,2.404457e+01,2.399047e+01,2.402428e+01,2.408512e+01,2.398371e+01,2.402428e+01,2.407161e+01,2.405809e+01,2.397694e+01,2.399047e+01,2.393634e+01,2.391604e+01,2.403781e+01,2.399047e+01,2.400400e+01,2.412566e+01,2.396341e+01,2.402428e+01,2.394988e+01,2.403105e+01,2.393634e+01,2.380768e+01,2.388219e+01,2.392281e+01,2.385510e+01,2.399047e+01,2.399723e+01,2.393634e+01,2.394988e+01,2.393634e+01,2.392958e+01,2.405133e+01,2.401752e+01,2.393634e+01,2.394988e+01,2.399723e+01,2.399723e+01,2.389573e+01,2.385510e+01,2.395664e+01,2.396341e+01,2.396341e+01,2.390250e+01,2.393634e+01,2.388219e+01,2.392281e+01,2.401076e+01,2.397694e+01,2.398371e+01,2.388219e+01,2.411891e+01,2.388896e+01,2.387542e+01,2.382801e+01,2.387542e+01,2.390927e+01,2.388219e+01,2.388219e+01,2.388896e+01,2.389573e+01,2.378057e+01,2.382801e+01,2.400400e+01,2.388219e+01,2.397694e+01,2.391604e+01,2.399723e+01,2.384155e+01,2.388896e+01,2.390250e+01,2.386187e+01,2.389573e+01,2.387542e+01,2.388219e+01,2.390250e+01,2.390927e+01,2.391604e+01,2.390250e+01,2.408512e+01,2.394988e+01,2.391604e+01,2.394988e+01,2.394988e+01,2.390927e+01,2.403105e+01,2.401076e+01,2.399723e+01,2.401076e+01,2.403105e+01,2.392958e+01,2.403105e+01,2.400400e+01,2.399047e+01,2.394988e+01,2.401752e+01,2.410540e+01,2.401752e+01,2.403781e+01,2.405809e+01,2.412566e+01,2.411891e+01,2.422019e+01,2.559468e+01,2.683302e+01,2.724043e+01,2.754824e+01,2.759401e+01,2.771814e+01,2.775731e+01,2.770508e+01,2.769202e+01,2.775731e+01,2.768549e+01,2.765282e+01,2.770508e+01,2.765282e+01,2.744355e+01,2.738462e+01,2.739117e+01,2.708291e+01,2.706977e+01,2.687252e+01,2.680669e+01,2.644388e+01,2.621235e+01,2.600686e+01,2.586743e+01,2.562132e+01,2.564130e+01,2.531454e+01,2.539466e+01,2.514075e+01,2.499347e+01,2.497337e+01,2.481914e+01,2.464452e+01,2.465796e+01,2.440900e+01,2.422019e+01,2.419994e+01,2.415943e+01,2.424719e+01,2.422694e+01,2.411215e+01,2.415268e+01,2.403105e+01,2.379413e+01,2.368564e+01,2.359062e+01,2.367207e+01,2.386865e+01,2.413242e+01,2.374668e+01,2.358383e+01,2.363136e+01,2.377380e+01,2.379413e+01,2.383478e+01,2.387542e+01,2.387542e+01,2.371956e+01,2.388219e+01,2.392281e+01,2.392958e+01,2.384155e+01,2.393634e+01,2.394988e+01,2.407837e+01,2.399723e+01,2.409864e+01,2.414593e+01,2.404457e+01,2.394988e+01,2.394988e+01,2.406485e+01,2.405809e+01,2.395664e+01,2.386187e+01,2.392281e+01,2.369921e+01,2.373990e+01,2.371277e+01,2.366529e+01,2.361778e+01,2.367886e+01,2.351590e+01,2.353629e+01,2.349552e+01,2.344793e+01,2.339352e+01,2.336630e+01,2.346833e+01,2.351590e+01,2.336630e+01,2.326418e+01,2.329823e+01,2.316877e+01,2.333908e+01,2.320286e+01,2.332547e+01,2.333908e+01,2.318923e+01,2.316877e+01,2.301184e+01,2.308693e+01,2.330504e+01,2.327099e+01,2.329142e+01,2.337311e+01,2.320286e+01,2.337311e+01,2.332547e+01,2.311422e+01,2.302550e+01,2.319604e+01,2.299818e+01,2.289569e+01,2.300501e+01,2.288886e+01,2.283415e+01,2.320967e+01,2.355667e+01,2.371277e+01,2.401752e+01,2.399723e+01,2.397018e+01,2.380768e+01,2.394988e+01,2.386187e+01,2.405809e+01,2.389573e+01,2.397018e+01,2.393634e+01,2.391604e+01,2.381446e+01,2.363136e+01,2.369921e+01,2.368564e+01,2.359741e+01,2.348872e+01,2.341393e+01,2.340713e+01,2.357704e+01,2.377380e+01,2.356346e+01,2.360420e+01,2.350911e+01,2.349552e+01,2.355667e+01,2.335269e+01,2.348192e+01,2.324374e+01,2.317559e+01,2.319604e+01,2.299818e+01,2.297769e+01,2.309375e+01,2.298452e+01,2.297769e+01,2.305280e+01,2.298452e+01,2.302550e+01,2.289569e+01,2.307328e+01,2.301184e+01,2.297769e+01,2.299135e+01,2.312786e+01,2.310057e+01,2.324374e+01,2.328461e+01,2.342073e+01,2.359741e+01,2.345473e+01,2.366529e+01,2.359741e+01,2.356346e+01,2.340032e+01,2.356346e+01,2.355667e+01,2.358383e+01,2.352270e+01,2.358383e+01,2.359741e+01,2.369242e+01,2.359062e+01,2.357704e+01,2.370599e+01,2.373312e+01,2.374668e+01,2.372634e+01,2.391604e+01,2.383478e+01,2.387542e+01,2.393634e+01,2.393634e+01,2.404457e+01,2.401752e+01,2.418644e+01,2.424719e+01,2.428766e+01,2.433487e+01,2.451000e+01,2.445614e+01,2.432812e+01,2.444268e+01,2.452346e+01,2.452346e+01,2.452346e+01,2.441573e+01,2.447635e+01,2.435509e+01,2.435509e+01,2.434161e+01,2.423369e+01,2.421344e+01,2.394988e+01,2.406485e+01,2.392958e+01,2.388219e+01,2.386187e+01,2.359062e+01,2.323693e+01,2.323012e+01,2.321649e+01,2.308010e+01,2.312104e+01,2.306645e+01,2.311422e+01,2.312104e+01,2.289569e+01,2.304598e+01,2.309375e+01,2.309375e+01,2.308693e+01,2.308010e+01,2.307328e+01,2.320967e+01
2.383478e+01,2.400400e+01,2.402428e+01,2.403105e+01,2.403105e+01,2.396341e+01,2.397694e+01,2.393634e+01,2.401076e+01,2.407161e+01,2.401076e+01,2.394988e+01,2.405133e+01,2.401076e+01,2.397018e+01,2.403105e+01,2.415943e+01,2.403105e+01,2.403781e+01,2.403105e+01,2.426068e+01,2.407161e+01,2.405809e+01,2.403781e+01,2.415943e+01,2.406485e+01,2.411215e+01,2.407837e+01,2.427417e+01,2.416619e+01,2.428766e+01,2.456383e+01,2.488622e+01,2.495326e+01,2.504035e+01,2.493316e+01,2.487281e+01,2.470500e+01,2.471172e+01,2.495326e+01,2.469828e+01,2.479230e+01,2.487281e+01,2.483256e+01,2.489293e+01,2.484598e+01,2.491975e+01,2.504035e+01,2.512737e+01,2.547471e+01,2.596704e+01,2.616599e+01,2.604667e+01,2.611960e+01,2.616599e+01,2.618586e+01,2.613948e+01,2.609971e+01,2.604004e+01,2.617261e+01,2.602013e+01,2.599359e+01,2.613948e+01,2.607319e+01,2.602013e+01,2.590729e+01,2.587408e+01,2.590729e+01,2.591393e+01,2.600686e+01,2.583421e+01,2.598696e+01,2.596041e+01,2.593385e+01,2.587408e+01,2.584085e+01,2.590065e+01,2.592057e+01,2.595377e+01,2.590065e+01,2.576773e+01,2.570121e+01,2.565462e+01,2.568790e+01,2.545471e+01,2.542135e+01,2.541468e+01,2.543469e+01,2.536129e+01,2.523437e+01,2.522768e+01,2.508722e+01,2.516751e+01,2.500687e+01,2.487952e+01,2.474530e+01,2.475873e+01,2.445614e+01,2.436183e+01,2.421344e+01,2.400400e+01,2.398371e+01,2.401752e+01,2.401076e+01,2.394311e+01,2.395664e+01,2.407161e+01,2.430115e+01,2.438205e+01,2.442921e+01,2.469156e+01,2.468484e+01,2.468484e+01,2.481243e+01,2.459746e+01,2.462436e+01,2.465124e+01,2.453692e+01,2.426068e+01,2.399047e+01,2.357025e+01,2.360420e+01,2.357025e+01,2.358383e+01,2.371956e+01,2.371956e+01,2.367207e+01,2.381446e+01,2.385510e+01,2.386187e+01,2.396341e+01,2.385510e+01,2.408512e+01,2.399047e+01,2.416619e+01,2.420670e+01,2.435509e+01,2.432138e+01,2.440900e+01,2.436857e+01,2.436857e+01,2.438205e+01,2.441573e+01,2.441573e+01,2.438878e+01,2.415268e+01,2.433487e+01,2.436857e+01,2.412566e+01,2.386865e+01,2.401076e+01,2.390250e+01,2.385510e+01,2.372634e+01,2.373990e+01,2.387542e+01,2.379413e+01,2.394988e+01,2.390927e+01,2.375346e+01,2.369242e+01,2.369921e+01,2.367886e+01,2.360420e+01,2.373312e+01,2.380768e+01,2.378057e+01,2.389573e+01,2.404457e+01,2.415943e+01,2.403781e+01,2.415943e+01,2.414593e+01,2.419994e+01,2.424044e+01,2.423369e+01,2.434835e+01,2.441573e+01,2.437531e+01,2.446288e+01,2.446288e+01,2.448308e+01,2.444268e+01,2.452346e+01,2.463108e+01,2.472515e+01,2.484598e+01,2.473187e+01,2.487952e+01,2.485269e+01,2.502026e+01,2.504035e+01,2.510730e+01,2.511399e+01,2.510060e+01,2.504705e+01,2.519426e+01,2.509391e+01,2.505375e+01,2.511399e+01,2.585415e+01,2.695147e+01,2.775731e+01,2.792036e+01,2.804411e+01,2.797248e+01,2.793339e+01,2.775078e+01,2.780951e+01,2.775731e+01,2.780299e+01,2.778341e+01,2.766589e+01,2.758747e+01,2.759401e+01,2.755478e+01,2.763322e+01,2.756786e+01,2.754824e+01,2.751554e+01,2.752862e+01,2.744355e+01,2.750900e+01,2.750245e+01,2.729289e+01,2.728633e+01,2.716826e+01,2.699749e+01,2.690542e+01,2.675399e+01,2.674740e+01,2.656275e+01,2.668149e+01,2.643066e+01,2.613286e+01,2.602677e+01,2.593385e+01,2.572117e+01,2.572782e+01,2.543469e+01,2.542802e+01,2.534126e+01,2.518088e+01,2.466469e+01,2.434835e+01,2.430790e+01,2.417294e+01,2.414593e+01,2.417969e+01,2.411891e+01,2.411891e+01,2.413242e+01,2.414593e+01,2.411215e+01,2.416619e+01,2.412566e+01,2.411215e+01,2.409864e+01,2.411215e+01,2.406485e+01,2.405809e+01,2.414593e+01,2.407837e+01,2.413242e+01,2.407837e+01,2.417294e+01,2.411215e+01,2.411215e+01,2.421344e+01,2.409864e+01,2.409864e+01,2.424719e+01,2.417294e+01,2.418644e+01,2.411215e+01,2.412566e+01,2.404457e+01,2.411215e+01,2.412566e+01,2.398371e+01,2.411215e+01,2.419319e+01,2.400400e+01,2.401752e+01,2.403105e+01,2.409864e+01,2.404457e+01,2.409864e+01,2.418644e+01,2.409864e+01,2.412566e+01,2.408512e+01,2.399047e+01,2.407161e+01,2.403781e+01,2.408512e+01,2.409188e+01,2.402428e+01,2.399723e+01,2.403105e+01,2.405809e+01,2.391604e+01,2.396341e+01,2.405809e+01,2.403781e+01,2.397018e+01,2.395664e+01,2.403105e+01,2.398371e+01,2.394311e+01,2.397018e+01,2.400400e+01,2.393634e+01,2.399723e+01,2.396341e+01,2.402428e+01,2.400400e+01,2.397694e+01,2.394311e+01,2.401076e+01,2.390250e+01,2.399723e+01,2.390927e+01,2.388896e+01,2.386865e+01,2.396341e+01,2.390927e+01,2.399047e+01,2.392281e+01,2.398371e+01,2.398371e+01,2.392958e+01,2.401752e+01,2.402428e+01,2.401752e+01,2.397694e+01,2.386187e+01,2.397694e+01,2.397694e+01,2.386865e+01,2.393634e+01,2.392281e+01,2.402428e+01,2.401752e+01,2.399723e+01,2.391604e+01,2.392281e+01,2.394311e+01,2.403781e+01,2.395664e+01,2.390250e+01,2.389573e+01,2.388896e+01,2.391604e+01,2.386865e+01,2.387542e+01,2.387542e+01,2.380091e+01,2.390250e+01,2.385510e+01,2.384155e+01,2.401752e+01,2.382801e+01,2.380091e+01,2.395664e+01,2.386865e+01,2.399047e+01,2.387542e+01,2.388896e+01,2.385510e+01,2.385510e+01,2.386865e+01,2.392281e+01,2.388219e+01,2.389573e+01,2.390927e+01,2.389573e+01,2.390250e+01,2.386187e+01,2.394311e+01,2.395664e+01,2.394988e+01,2.392958e+01,2.389573e+01,2.399723e+01,2.401076e+01,2.396341e+01,2.395664e+01,2.396341e+01,2.411215e+01,2.398371e+01,2.398371e+01,2.401752e+01,2.400400e+01,2.394311e+01,2.400400e+01,2.398371e+01,2.398371e+01,2.402428e+01,2.384155e+01,2.407837e+01,2.413242e+01,2.420670e+01,2.422019e+01,2.538799e+01,2.683961e+01,2.720763e+01,2.762669e+01,2.754170e+01,2.781603e+01,2.772467e+01,2.780299e+01,2.778994e+01,2.771814e+01,2.769202e+01,2.768549e+01,2.769855e+01,2.767242e+01,2.757440e+01,2.736497e+01,2.726666e+01,2.705663e+01,2.684619e+01,2.685936e+01,2.668809e+01,2.642405e+01,2.617924e+01,2.602677e+01,2.584750e+01,2.557470e+01,2.541468e+01,2.526110e+01,2.524773e+01,2.516082e+01,2.491975e+01,2.493986e+01,2.487952e+01,2.467141e+01,2.444941e+01,2.443594e+01,2.426743e+01,2.443594e+01,2.417294e+01,2.406485e+01,2.411215e+01,2.404457e+01,2.409864e+01,2.397694e+01,2.384155e+01,2.367207e+01,2.360420e+01,2.356346e+01,2.349552e+01,2.359062e+01,2.358383e+01,2.357704e+01,2.365172e+01,2.361778e+01,2.382123e+01,2.378057e+01,2.382123e+01,2.387542e+01,2.388219e+01,2.373312e+01,2.365172e+01,2.380091e+01,2.400400e+01,2.382801e+01,2.384833e+01,2.387542e+01,2.387542e+01,2.389573e+01,2.394311e+01,2.394988e+01,2.395664e+01,2.394988e+01,2.392281e+01,2.400400e+01,2.402428e+01,2.370599e+01,2.371277e+01,2.369921e+01,2.375346e+01,2.361778e+01,2.374668e+01,2.363136e+01,2.375346e+01,2.371277e+01,2.352949e+01,2.338672e+01,2.334589e+01,2.341393e+01,2.340713e+01,2.342073e+01,2.341393e+01,2.322330e+01,2.335950e+01,2.329823e+01,2.318241e+01,2.331185e+01,2.322330e+01,2.321649e+01,2.320967e+01,2.312786e+01,2.305280e+01,2.305280e+01,2.314832e+01,2.346833e+01,2.333908e+01,2.344113e+01,2.332547e+01,2.337311e+01,2.329823e+01,2.320967e+01,2.332547e+01,2.311422e+01,2.301184e+01,2.288886e+01,2.294353e+01,2.290253e+01,2.282731e+01,2.295037e+01,2.330504e+01,2.367207e+01,2.382123e+01,2.396341e+01,2.401752e+01,2.384833e+01,2.380091e+01,2.393634e+01,2.388219e+01,2.399723e+01,2.385510e+01,2.391604e+01,2.389573e+01,2.388896e+01,2.361778e+01,2.347513e+01,2.356346e+01,2.370599e+01,2.363136e+01,2.333908e+01,2.322330e+01,2.303915e+01,2.342753e+01,2.359741e+01,2.352949e+01,2.347513e+01,2.348192e+01,2.346833e+01,2.347513e+01,2.335269e+01,2.323012e+01,2.318241e+01,2.318923e+01,2.311422e+01,2.305963e+01,2.312104e+01,2.290937e+01,2.302550e+01,2.294353e+01,2.299818e+01,2.288886e+01,2.303915e+01,2.297086e+01,2.298452e+01,2.292987e+01,2.293670e+01,2.308693e+01,2.318923e+01,2.314832e+01,2.329142e+01,2.341393e+01,2.344793e+01,2.335950e+01,2.346833e+01,2.350231e+01,2.354987e+01,2.352270e+01,2.351590e+01,2.346153e+01,2.354308e+01,2.372634e+01,2.355667e+01,2.357025e+01,2.361099e+01,2.357704e+01,2.360420e+01,2.358383e+01,2.369242e+01,2.361778e+01,2.381446e+01,2.387542e+01,2.395664e+01,2.388896e+01,2.392281e+01,2.401076e+01,2.405133e+01,2.403105e+01,2.403105e+01,2.422019e+01,2.430115e+01,2.428766e+01,2.427417e+01,2.431464e+01,2.435509e+01,2.448981e+01,2.442247e+01,2.453019e+01,2.444268e+01,2.453692e+01,2.438878e+01,2.451000e+01,2.436183e+01,2.446961e+01,2.444941e+01,2.427417e+01,2.422694e+01,2.405133e+01,2.405809e+01,2.391604e+01,2.384155e+01,2.386187e+01,2.359741e+01,2.359062e+01,2.348872e+01,2.354308e+01,2.320967e+01,2.321649e+01,2.328461e+01,2.310739e+01,2.314150e+01,2.305963e+01,2.303232e+01,2.317559e+01,2.303232e+01,2.299818e+01,2.300501e+01,2.301184e+01,2.311422e+01
2.382801e+01,2.384155e+01,2.401752e+01,2.390250e+01,2.399047e+01,2.401752e+01,2.411215e+01,2.407161e+01,2.400400e+01,2.399047e+01,2.411891e+01,2.413917e+01,2.415268e+01,2.407161e+01,2.402428e+01,2.404457e+01,2.405809e+01,2.403781e+01,2.409864e+01,2.409188e+01,2.407161e+01,2.418644e+01,2.405133e+01,2.409864e+01,2.413242e+01,2.411891e+01,2.411215e+01,2.407837e+01,2.446961e+01,2.419319e+01,2.447635e+01,2.495326e+01,2.495326e+01,2.522100e+01,2.523437e+01,2.506044e+01,2.500687e+01,2.506713e+01,2.505375e+01,2.519426e+01,2.492645e+01,2.518757e+01,2.516082e+01,2.513406e+01,2.520094e+01,2.494656e+01,2.520763e+01,2.518757e+01,2.529451e+01,2.568124e+01,2.603340e+01,2.599359e+01,2.612623e+01,2.617261e+01,2.614611e+01,2.603340e+01,2.608646e+01,2.611297e+01,2.612623e+01,2.604004e+01,2.596041e+01,2.602677e+01,2.598696e+01,2.602013e+01,2.589401e+01,2.592721e+01,2.594713e+01,2.604667e+01,2.588736e+01,2.600023e+01,2.586079e+01,2.599359e+01,2.590065e+01,2.590729e+01,2.588736e+01,2.588736e+01,2.582092e+01,2.586079e+01,2.576773e+01,2.578103e+01,2.588736e+01,2.576773e+01,2.567459e+01,2.551472e+01,2.550139e+01,2.567459e+01,2.540801e+01,2.540801e+01,2.540133e+01,2.532122e+01,2.537464e+01,2.516751e+01,2.500687e+01,2.507383e+01,2.500017e+01,2.477887e+01,2.475873e+01,2.448308e+01,2.434835e+01,2.431464e+01,2.407161e+01,2.401076e+01,2.400400e+01,2.392281e+01,2.393634e+01,2.426743e+01,2.403105e+01,2.426068e+01,2.415943e+01,2.457056e+01,2.474530e+01,2.460419e+01,2.473858e+01,2.474530e+01,2.462436e+01,2.460419e+01,2.453019e+01,2.423369e+01,2.428766e+01,2.392958e+01,2.364493e+01,2.354987e+01,2.357704e+01,2.359062e+01,2.362457e+01,2.366529e+01,2.378735e+01,2.377380e+01,2.382801e+01,2.383478e+01,2.390250e+01,2.399047e+01,2.400400e+01,2.392958e+01,2.398371e+01,2.411215e+01,2.419994e+01,2.415943e+01,2.426743e+01,2.419994e+01,2.437531e+01,2.439552e+01,2.426068e+01,2.432812e+01,2.420670e+01,2.416619e+01,2.417294e+01,2.419319e+01,2.404457e+01,2.410540e+01,2.387542e+01,2.385510e+01,2.386187e+01,2.375346e+01,2.386187e+01,2.381446e+01,2.377380e+01,2.380768e+01,2.371277e+01,2.378735e+01,2.370599e+01,2.367886e+01,2.359741e+01,2.359741e+01,2.371277e+01,2.362457e+01,2.383478e+01,2.404457e+01,2.401752e+01,2.403781e+01,2.401076e+01,2.416619e+01,2.422019e+01,2.411215e+01,2.412566e+01,2.418644e+01,2.440900e+01,2.441573e+01,2.441573e+01,2.446288e+01,2.440226e+01,2.450327e+01,2.455038e+01,2.448308e+01,2.446288e+01,2.450327e+01,2.480572e+01,2.482585e+01,2.481914e+01,2.481243e+01,2.487952e+01,2.485269e+01,2.498677e+01,2.503366e+01,2.498677e+01,2.509391e+01,2.503366e+01,2.509391e+01,2.506044e+01,2.506044e+01,2.538799e+01,2.658255e+01,2.749591e+01,2.765936e+01,2.765936e+01,2.760055e+01,2.754824e+01,2.746319e+01,2.746974e+01,2.748937e+01,2.720763e+01,2.718795e+01,2.711575e+01,2.716170e+01,2.697119e+01,2.703035e+01,2.687252e+01,2.685936e+01,2.712888e+01,2.714201e+01,2.714857e+01,2.695804e+01,2.712231e+01,2.715514e+01,2.703692e+01,2.718795e+01,2.696462e+01,2.705663e+01,2.706977e+01,2.701721e+01,2.671445e+01,2.676058e+01,2.646370e+01,2.649673e+01,2.626532e+01,2.617924e+01,2.598696e+01,2.570121e+01,2.561466e+01,2.552805e+01,2.545471e+01,2.525442e+01,2.522768e+01,2.482585e+01,2.434835e+01,2.432812e+01,2.419319e+01,2.422019e+01,2.418644e+01,2.416619e+01,2.417294e+01,2.411891e+01,2.410540e+01,2.411215e+01,2.419319e+01,2.424044e+01,2.410540e+01,2.420670e+01,2.406485e+01,2.417294e+01,2.415943e+01,2.414593e+01,2.402428e+01,2.415268e+01,2.412566e+01,2.405133e+01,2.408512e+01,2.418644e+01,2.417969e+01,2.417294e+01,2.408512e+01,2.419319e+01,2.417969e+01,2.415943e+01,2.407161e+01,2.405809e+01,2.406485e+01,2.401076e+01,2.415268e+01,2.403105e+01,2.418644e+01,2.411215e+01,2.403781e+01,2.411891e+01,2.405809e+01,2.417294e+01,2.410540e+01,2.397018e+01,2.406485e+01,2.409188e+01,2.408512e+01,2.409864e+01,2.393634e+01,2.403781e+01,2.399723e+01,2.411891e+01,2.398371e+01,2.399047e+01,2.413917e+01,2.409864e+01,2.392281e+01,2.396341e+01,2.395664e+01,2.396341e+01,2.400400e+01,2.409864e+01,2.407837e+01,2.399047e+01,2.408512e+01,2.407837e+01,2.399047e+01,2.402428e+01,2.395664e+01,2.392958e+01,2.398371e+01,2.402428e+01,2.390927e+01,2.400400e+01,2.399047e+01,2.401752e+01,2.395664e+01,2.394988e+01,2.392281e+01,2.390927e+01,2.398371e+01,2.390250e+01,2.388896e+01,2.388896e+01,2.395664e+01,2.390927e+01,2.389573e+01,2.396341e+01,2.401752e+01,2.399723e+01,2.382123e+01,2.390250e+01,2.387542e+01,2.386187e+01,2.390927e+01,2.390250e+01,2.398371e+01,2.394988e+01,2.396341e+01,2.399723e+01,2.400400e+01,2.388896e+01,2.391604e+01,2.398371e+01,2.388896e+01,2.390927e+01,2.394311e+01,2.389573e+01,2.393634e+01,2.389573e+01,2.390927e+01,2.387542e+01,2.387542e+01,2.386187e+01,2.390250e+01,2.364493e+01,2.384155e+01,2.376024e+01,2.392281e+01,2.385510e+01,2.385510e+01,2.380091e+01,2.380768e+01,2.382801e+01,2.385510e+01,2.385510e+01,2.385510e+01,2.389573e+01,2.388896e+01,2.390927e+01,2.386865e+01,2.384155e+01,2.392958e+01,2.391604e+01,2.395664e+01,2.394311e+01,2.388219e+01,2.396341e+01,2.385510e+01,2.389573e+01,2.388896e+01,2.395664e+01,2.404457e+01,2.396341e+01,2.397018e+01,2.393634e+01,2.399723e+01,2.394988e+01,2.399047e+01,2.401752e+01,2.400400e+01,2.393634e+01,2.399723e+01,2.399723e+01,2.399723e+01,2.397018e+01,2.407161e+01,2.408512e+01,2.408512e+01,2.416619e+01,2.516751e+01,2.685277e+01,2.720107e+01,2.749591e+01,2.756786e+01,2.768549e+01,2.762669e+01,2.772467e+01,2.771161e+01,2.773120e+01,2.768549e+01,2.769202e+01,2.760708e+01,2.748282e+01,2.744355e+01,2.744355e+01,2.720107e+01,2.720763e+01,2.684619e+01,2.672104e+01,2.668149e+01,2.644388e+01,2.617261e+01,2.594049e+01,2.572782e+01,2.556137e+01,2.532122e+01,2.538799e+01,2.524105e+01,2.518757e+01,2.486610e+01,2.493316e+01,2.483256e+01,2.461763e+01,2.451673e+01,2.433487e+01,2.442921e+01,2.430115e+01,2.415268e+01,2.420670e+01,2.403781e+01,2.407837e+01,2.391604e+01,2.401752e+01,2.376702e+01,2.403105e+01,2.361778e+01,2.366529e+01,2.368564e+01,2.355667e+01,2.351590e+01,2.356346e+01,2.366529e+01,2.370599e+01,2.378057e+01,2.375346e+01,2.369242e+01,2.386187e+01,2.382123e+01,2.369921e+01,2.377380e+01,2.383478e+01,2.381446e+01,2.380091e+01,2.378735e+01,2.383478e+01,2.379413e+01,2.390250e+01,2.383478e+01,2.393634e+01,2.394311e+01,2.391604e+01,2.390927e+01,2.370599e+01,2.393634e+01,2.388219e+01,2.369242e+01,2.371277e+01,2.365850e+01,2.371277e+01,2.367886e+01,2.368564e+01,2.359741e+01,2.375346e+01,2.362457e+01,2.355667e+01,2.352270e+01,2.338672e+01,2.327099e+01,2.348872e+01,2.344113e+01,2.328461e+01,2.328461e+01,2.331185e+01,2.325737e+01,2.325737e+01,2.326418e+01,2.332547e+01,2.325737e+01,2.320967e+01,2.319604e+01,2.327780e+01,2.313468e+01,2.350231e+01,2.352270e+01,2.342753e+01,2.352270e+01,2.340713e+01,2.338672e+01,2.314150e+01,2.322330e+01,2.305963e+01,2.309375e+01,2.299135e+01,2.295037e+01,2.288202e+01,2.306645e+01,2.300501e+01,2.342073e+01,2.367207e+01,2.374668e+01,2.382123e+01,2.381446e+01,2.384833e+01,2.371956e+01,2.384155e+01,2.366529e+01,2.400400e+01,2.386187e+01,2.379413e+01,2.367207e+01,2.382123e+01,2.349552e+01,2.349552e+01,2.347513e+01,2.344793e+01,2.344793e+01,2.323012e+01,2.324374e+01,2.323693e+01,2.323693e+01,2.350231e+01,2.352270e+01,2.352270e+01,2.352270e+01,2.346833e+01,2.344793e+01,2.333228e+01,2.318923e+01,2.325056e+01,2.324374e+01,2.304598e+01,2.308010e+01,2.301184e+01,2.293670e+01,2.298452e+01,2.298452e+01,2.295037e+01,2.296403e+01,2.301867e+01,2.295037e+01,2.293670e+01,2.294353e+01,2.290937e+01,2.314832e+01,2.296403e+01,2.333908e+01,2.342753e+01,2.344793e+01,2.340032e+01,2.345473e+01,2.349552e+01,2.347513e+01,2.361099e+01,2.355667e+01,2.353629e+01,2.344793e+01,2.350911e+01,2.342073e+01,2.353629e+01,2.354308e+01,2.357704e+01,2.362457e+01,2.363136e+01,2.348192e+01,2.369921e+01,2.386865e+01,2.375346e+01,2.394988e+01,2.391604e+01,2.392281e+01,2.394311e+01,2.394988e+01,2.406485e+01,2.412566e+01,2.422019e+01,2.409864e+01,2.426743e+01,2.429441e+01,2.430790e+01,2.446961e+01,2.440226e+01,2.447635e+01,2.438205e+01,2.446288e+01,2.439552e+01,2.453692e+01,2.450327e+01,2.454365e+01,2.448981e+01,2.447635e+01,2.444268e+01,2.428092e+01,2.419994e+01,2.429441e+01,2.407161e+01,2.404457e+01,2.396341e+01,2.380091e+01,2.357704e+01,2.359062e+01,2.358383e+01,2.346153e+01,2.340713e+01,2.349552e+01,2.322330e+01,2.306645e+01,2.316877e+01,2.304598e+01,2.306645e+01,2.303232e+01,2.305280e+01,2.305280e+01,2.318923e+01,2.291620e+01,2.295720e+01
2.394988e+01,2.407837e+01,2.407161e+01,2.410540e+01,2.397018e+01,2.417294e+01,2.418644e+01,2.413917e+01,2.432812e+01,2.428092e+01,2.417294e+01,2.417969e+01,2.417969e+01,2.424719e+01,2.436183e+01,2.428092e+01,2.426743e+01,2.428092e+01,2.429441e+01,2.429441e+01,2.431464e+01,2.432138e+01,2.428092e+01,2.434161e+01,2.438878e+01,2.455038e+01,2.456383e+01,2.451000e+01,2.455038e+01,2.455710e+01,2.484598e+01,2.540133e+01,2.524773e+01,2.562798e+01,2.565462e+01,2.566793e+01,2.571451e+01,2.562132e+01,2.580762e+01,2.570121e+01,2.586079e+01,2.584750e+01,2.568790e+01,2.575443e+01,2.570121e+01,2.573447e+01,2.574778e+01,2.598032e+01,2.596041e+01,2.605993e+01,2.629841e+01,2.631164e+01,2.621898e+01,2.618586e+01,2.633149e+01,2.628517e+01,2.613948e+01,2.607319e+01,2.620573e+01,2.603340e+01,2.607319e+01,2.600686e+01,2.596704e+01,2.594049e+01,2.588736e+01,2.595377e+01,2.586743e+01,2.580097e+01,2.580762e+01,2.580097e+01,2.579433e+01,2.582092e+01,2.587408e+01,2.586079e+01,2.590729e+01,2.588072e+01,2.584085e+01,2.584750e+01,2.592057e+01,2.571451e+01,2.579433e+01,2.566793e+01,2.569455e+01,2.566127e+01,2.562132e+01,2.542802e+01,2.528782e+01,2.532122e+01,2.542135e+01,2.526110e+01,2.527446e+01,2.530787e+01,2.524773e+01,2.529451e+01,2.498007e+01,2.491305e+01,2.459746e+01,2.460419e+01,2.448981e+01,2.433487e+01,2.406485e+01,2.407161e+01,2.399047e+01,2.387542e+01,2.393634e+01,2.393634e+01,2.396341e+01,2.402428e+01,2.432138e+01,2.435509e+01,2.458401e+01,2.457728e+01,2.463108e+01,2.457056e+01,2.460419e+01,2.446961e+01,2.427417e+01,2.424719e+01,2.420670e+01,2.397694e+01,2.387542e+01,2.354987e+01,2.363136e+01,2.359741e+01,2.365850e+01,2.374668e+01,2.369921e+01,2.373312e+01,2.398371e+01,2.385510e+01,2.386865e+01,2.386865e+01,2.402428e+01,2.402428e+01,2.398371e+01,2.410540e+01,2.417294e+01,2.420670e+01,2.433487e+01,2.433487e+01,2.433487e+01,2.434835e+01,2.434835e+01,2.415943e+01,2.429441e+01,2.408512e+01,2.418644e+01,2.409864e+01,2.403105e+01,2.409864e+01,2.385510e+01,2.382123e+01,2.391604e+01,2.386865e+01,2.379413e+01,2.386865e+01,2.380091e+01,2.380091e+01,2.385510e+01,2.373990e+01,2.370599e+01,2.368564e+01,2.370599e+01,2.379413e+01,2.378735e+01,2.371277e+01,2.381446e+01,2.401752e+01,2.384155e+01,2.386865e+01,2.405133e+01,2.407837e+01,2.416619e+01,2.409864e+01,2.422019e+01,2.430115e+01,2.430790e+01,2.442247e+01,2.444268e+01,2.451000e+01,2.440900e+01,2.448308e+01,2.444941e+01,2.459746e+01,2.466469e+01,2.465124e+01,2.463108e+01,2.475201e+01,2.471844e+01,2.489293e+01,2.483256e+01,2.493986e+01,2.500017e+01,2.491975e+01,2.503366e+01,2.512737e+01,2.508722e+01,2.506713e+01,2.504705e+01,2.504705e+01,2.542135e+01,2.649673e+01,2.731255e+01,2.761362e+01,2.746974e+01,2.733876e+01,2.731255e+01,2.726666e+01,2.710261e+01,2.693173e+01,2.698434e+01,2.688568e+01,2.668149e+01,2.657595e+01,2.662874e+01,2.631164e+01,2.629841e+01,2.629841e+01,2.623222e+01,2.640422e+01,2.644388e+01,2.647031e+01,2.666171e+01,2.670127e+01,2.672763e+01,2.683961e+01,2.689884e+01,2.689884e+01,2.703692e+01,2.689884e+01,2.701721e+01,2.690542e+01,2.658255e+01,2.644388e+01,2.645049e+01,2.625870e+01,2.625208e+01,2.596704e+01,2.572782e+01,2.572117e+01,2.552139e+01,2.542802e+01,2.514744e+01,2.493316e+01,2.457056e+01,2.433487e+01,2.420670e+01,2.419994e+01,2.415268e+01,2.415943e+01,2.413917e+01,2.414593e+01,2.411891e+01,2.416619e+01,2.411891e+01,2.409188e+01,2.410540e+01,2.407161e+01,2.415943e+01,2.415268e+01,2.411891e+01,2.416619e+01,2.405809e+01,2.403105e+01,2.408512e+01,2.418644e+01,2.415943e+01,2.416619e+01,2.414593e+01,2.417294e+01,2.415943e+01,2.407837e+01,2.414593e+01,2.418644e+01,2.413917e+01,2.411215e+01,2.411891e+01,2.412566e+01,2.403781e+01,2.409188e+01,2.408512e+01,2.399723e+01,2.404457e+01,2.403781e+01,2.413917e+01,2.408512e+01,2.406485e+01,2.409188e+01,2.408512e+01,2.411891e+01,2.407837e+01,2.406485e+01,2.407161e+01,2.411891e+01,2.406485e+01,2.400400e+01,2.409864e+01,2.402428e+01,2.411891e+01,2.395664e+01,2.392958e+01,2.395664e+01,2.397694e+01,2.397018e+01,2.403105e+01,2.403781e+01,2.410540e+01,2.403105e+01,2.397018e+01,2.405809e+01,2.405809e+01,2.398371e+01,2.397018e+01,2.394988e+01,2.401076e+01,2.398371e+01,2.405809e+01,2.393634e+01,2.401752e+01,2.387542e+01,2.392958e+01,2.390250e+01,2.397694e+01,2.392281e+01,2.392958e+01,2.390250e+01,2.386187e+01,2.393634e+01,2.388219e+01,2.401076e+01,2.395664e+01,2.399723e+01,2.399723e+01,2.399723e+01,2.397694e+01,2.397018e+01,2.392958e+01,2.388896e+01,2.392958e+01,2.395664e+01,2.390927e+01,2.397018e+01,2.399723e+01,2.386865e+01,2.389573e+01,2.398371e+01,2.394311e+01,2.410540e+01,2.386865e+01,2.390250e+01,2.386865e+01,2.389573e+01,2.397694e+01,2.388219e+01,2.388896e+01,2.388219e+01,2.388896e+01,2.388219e+01,2.388896e+01,2.387542e+01,2.386187e+01,2.402428e+01,2.383478e+01,2.382123e+01,2.383478e+01,2.399047e+01,2.385510e+01,2.379413e+01,2.380091e+01,2.400400e+01,2.387542e+01,2.388896e+01,2.391604e+01,2.394311e+01,2.390250e+01,2.392281e+01,2.391604e+01,2.387542e+01,2.388896e+01,2.392281e+01,2.395664e+01,2.390250e+01,2.389573e+01,2.387542e+01,2.393634e+01,2.387542e+01,2.394988e+01,2.394988e+01,2.392958e+01,2.399047e+01,2.394988e+01,2.399723e+01,2.398371e+01,2.399723e+01,2.392958e+01,2.401076e+01,2.402428e+01,2.400400e+01,2.399723e+01,2.408512e+01,2.402428e+01,2.404457e+01,2.405133e+01,2.415268e+01,2.516751e+01,2.684619e+01,2.738462e+01,2.749591e+01,2.753516e+01,2.769202e+01,2.769202e+01,2.773772e+01,2.776383e+01,2.777689e+01,2.768549e+01,2.767896e+01,2.766589e+01,2.748282e+01,2.747628e+01,2.736497e+01,2.718795e+01,2.721420e+01,2.689884e+01,2.672763e+01,2.666831e+01,2.644388e+01,2.619911e+01,2.564130e+01,2.556137e+01,2.558136e+01,2.530119e+01,2.516082e+01,2.517419e+01,2.516751e+01,2.489293e+01,2.469828e+01,2.463780e+01,2.451000e+01,2.444941e+01,2.428766e+01,2.418644e+01,2.411215e+01,2.406485e+01,2.408512e+01,2.405133e+01,2.411215e+01,2.405809e+01,2.405133e+01,2.405133e+01,2.398371e+01,2.394988e+01,2.405133e+01,2.397018e+01,2.384155e+01,2.392281e+01,2.392281e+01,2.382123e+01,2.384155e+01,2.375346e+01,2.376702e+01,2.365172e+01,2.369921e+01,2.376024e+01,2.381446e+01,2.374668e+01,2.379413e+01,2.373312e+01,2.376702e+01,2.364493e+01,2.367886e+01,2.384155e+01,2.367207e+01,2.393634e+01,2.386865e+01,2.394988e+01,2.383478e+01,2.386187e+01,2.378735e+01,2.370599e+01,2.378057e+01,2.386865e+01,2.381446e+01,2.367207e+01,2.375346e+01,2.372634e+01,2.377380e+01,2.405133e+01,2.403105e+01,2.405809e+01,2.390927e+01,2.378057e+01,2.351590e+01,2.349552e+01,2.352270e+01,2.352270e+01,2.332547e+01,2.332547e+01,2.328461e+01,2.327780e+01,2.327780e+01,2.335269e+01,2.337991e+01,2.331185e+01,2.331866e+01,2.333908e+01,2.331185e+01,2.350911e+01,2.345473e+01,2.350911e+01,2.352949e+01,2.347513e+01,2.336630e+01,2.346833e+01,2.332547e+01,2.323012e+01,2.306645e+01,2.320286e+01,2.303232e+01,2.304598e+01,2.286151e+01,2.284783e+01,2.303232e+01,2.356346e+01,2.367886e+01,2.364493e+01,2.380091e+01,2.379413e+01,2.377380e+01,2.371956e+01,2.366529e+01,2.373990e+01,2.369242e+01,2.375346e+01,2.379413e+01,2.374668e+01,2.361099e+01,2.357704e+01,2.346833e+01,2.347513e+01,2.337991e+01,2.345473e+01,2.327780e+01,2.327780e+01,2.323012e+01,2.342753e+01,2.348872e+01,2.355667e+01,2.350231e+01,2.348872e+01,2.332547e+01,2.346153e+01,2.327099e+01,2.323693e+01,2.321649e+01,2.314150e+01,2.322330e+01,2.303232e+01,2.294353e+01,2.299135e+01,2.289569e+01,2.304598e+01,2.291620e+01,2.295720e+01,2.299818e+01,2.292987e+01,2.306645e+01,2.301867e+01,2.320967e+01,2.314832e+01,2.321649e+01,2.331866e+01,2.351590e+01,2.348192e+01,2.342753e+01,2.349552e+01,2.352270e+01,2.346833e+01,2.351590e+01,2.348872e+01,2.352270e+01,2.344793e+01,2.350231e+01,2.349552e+01,2.350911e+01,2.355667e+01,2.356346e+01,2.359741e+01,2.361778e+01,2.350231e+01,2.366529e+01,2.354308e+01,2.373312e+01,2.386865e+01,2.395664e+01,2.401076e+01,2.402428e+01,2.409188e+01,2.405809e+01,2.426743e+01,2.428092e+01,2.427417e+01,2.432812e+01,2.438205e+01,2.426743e+01,2.451673e+01,2.451000e+01,2.450327e+01,2.450327e+01,2.446961e+01,2.456383e+01,2.451673e+01,2.455038e+01,2.455710e+01,2.459073e+01,2.454365e+01,2.454365e+01,2.442921e+01,2.445614e+01,2.409864e+01,2.423369e+01,2.394311e+01,2.398371e+01,2.378735e+01,2.373990e+01,2.367886e+01,2.354987e+01,2.356346e+01,2.340032e+01,2.324374e+01,2.323693e+01,2.325737e+01,2.324374e+01,2.301867e+01,2.308010e+01,2.297086e+01,2.286151e+01,2.288202e+01,2.294353e+01,2.301184e+01,2.298452e+01
2.396341e+01,2.399723e+01,2.411215e+01,2.435509e+01,2.413242e+01,2.434835e+01,2.465124e+01,2.485269e+01,2.507383e+01,2.508722e+01,2.509391e+01,2.510730e+01,2.511399e+01,2.498677e+01,2.508722e+01,2.498007e+01,2.504035e+01,2.504705e+01,2.527446e+01,2.527446e+01,2.523437e+01,2.520094e+01,2.500687e+01,2.519426e+01,2.520094e+01,2.540801e+01,2.538799e+01,2.543469e+01,2.544137e+01,2.573447e+01,2.591393e+01,2.600686e+01,2.609309e+01,2.615274e+01,2.612623e+01,2.613286e+01,2.617261e+01,2.605993e+01,2.605993e+01,2.620573e+01,2.611297e+01,2.610634e+01,2.631826e+01,2.619911e+01,2.611960e+01,2.615274e+01,2.615274e+01,2.618586e+01,2.620573e+01,2.621235e+01,2.618586e+01,2.621898e+01,2.629841e+01,2.641084e+01,2.621898e+01,2.637117e+01,2.627194e+01,2.627194e+01,2.620573e+01,2.617261e+01,2.619248e+01,2.601350e+01,2.605993e+01,2.600023e+01,2.592057e+01,2.592721e+01,2.589401e+01,2.586079e+01,2.577438e+01,2.583421e+01,2.584750e+01,2.584750e+01,2.588736e+01,2.583421e+01,2.576108e+01,2.586079e+01,2.588072e+01,2.588072e+01,2.578768e+01,2.586743e+01,2.584750e+01,2.569455e+01,2.560134e+01,2.572782e+01,2.533458e+01,2.561466e+01,2.540133e+01,2.538799e+01,2.537464e+01,2.536796e+01,2.528782e+01,2.532122e+01,2.515413e+01,2.514075e+01,2.497337e+01,2.485269e+01,2.488622e+01,2.464452e+01,2.456383e+01,2.436857e+01,2.414593e+01,2.408512e+01,2.388219e+01,2.390927e+01,2.385510e+01,2.393634e+01,2.381446e+01,2.404457e+01,2.407161e+01,2.436183e+01,2.432138e+01,2.437531e+01,2.459073e+01,2.456383e+01,2.457728e+01,2.450327e+01,2.422694e+01,2.419994e+01,2.416619e+01,2.415268e+01,2.372634e+01,2.354987e+01,2.357025e+01,2.365172e+01,2.360420e+01,2.376702e+01,2.380091e+01,2.380091e+01,2.377380e+01,2.384155e+01,2.400400e+01,2.391604e+01,2.390250e+01,2.405133e+01,2.405809e+01,2.394988e+01,2.409864e+01,2.426068e+01,2.434835e+01,2.431464e+01,2.430790e+01,2.446288e+01,2.425393e+01,2.429441e+01,2.421344e+01,2.413917e+01,2.411891e+01,2.406485e+01,2.393634e+01,2.394311e+01,2.388896e+01,2.390250e+01,2.388219e+01,2.388896e+01,2.373312e+01,2.387542e+01,2.375346e+01,2.370599e+01,2.383478e+01,2.378057e+01,2.370599e+01,2.369921e+01,2.370599e+01,2.367886e+01,2.365850e+01,2.384833e+01,2.383478e+01,2.388896e+01,2.405133e+01,2.406485e+01,2.407161e+01,2.405133e+01,2.409864e+01,2.409864e+01,2.411891e+01,2.416619e+01,2.430790e+01,2.430115e+01,2.443594e+01,2.446961e+01,2.457056e+01,2.453019e+01,2.446288e+01,2.465796e+01,2.443594e+01,2.467813e+01,2.470500e+01,2.466469e+01,2.467141e+01,2.469828e+01,2.479901e+01,2.483927e+01,2.494656e+01,2.485940e+01,2.497337e+01,2.502696e+01,2.502026e+01,2.502026e+01,2.504705e+01,2.512737e+01,2.540801e+01,2.666831e+01,2.716826e+01,2.731255e+01,2.730600e+01,2.699749e+01,2.697777e+01,2.682644e+01,2.663533e+01,2.674081e+01,2.653635e+01,2.659575e+01,2.656275e+01,2.626532e+01,2.601350e+01,2.590065e+01,2.583421e+01,2.572117e+01,2.573447e+01,2.562132e+01,2.561466e+01,2.580762e+01,2.589401e+01,2.593385e+01,2.621898e+01,2.626532e+01,2.641744e+01,2.675399e+01,2.687910e+01,2.687252e+01,2.678693e+01,2.687252e+01,2.673422e+01,2.649012e+01,2.647691e+01,2.625870e+01,2.626532e+01,2.588072e+01,2.596041e+01,2.571451e+01,2.551472e+01,2.537464e+01,2.520094e+01,2.493316e+01,2.493986e+01,2.434835e+01,2.411891e+01,2.416619e+01,2.419319e+01,2.422694e+01,2.413242e+01,2.415943e+01,2.410540e+01,2.409864e+01,2.396341e+01,2.413917e+01,2.410540e+01,2.402428e+01,2.399723e+01,2.403105e+01,2.416619e+01,2.415268e+01,2.402428e+01,2.402428e+01,2.411215e+01,2.409864e+01,2.411891e+01,2.404457e+01,2.411891e+01,2.419994e+01,2.410540e+01,2.409864e+01,2.407161e+01,2.406485e+01,2.405133e+01,2.409188e+01,2.405133e+01,2.402428e+01,2.400400e+01,2.401752e+01,2.405809e+01,2.407161e+01,2.409864e+01,2.409864e+01,2.387542e+01,2.407161e+01,2.411891e+01,2.408512e+01,2.409188e+01,2.409864e+01,2.398371e+01,2.409864e+01,2.407161e+01,2.401076e+01,2.402428e+01,2.399047e+01,2.403105e+01,2.397694e+01,2.406485e+01,2.397018e+01,2.397694e+01,2.400400e+01,2.392958e+01,2.407161e+01,2.394988e+01,2.407161e+01,2.399047e+01,2.407161e+01,2.400400e+01,2.401752e+01,2.395664e+01,2.395664e+01,2.403105e+01,2.397694e+01,2.397694e+01,2.396341e+01,2.397018e+01,2.390250e+01,2.397018e+01,2.390250e+01,2.397694e+01,2.392281e+01,2.397694e+01,2.394988e+01,2.392281e+01,2.389573e+01,2.387542e+01,2.387542e+01,2.386865e+01,2.397694e+01,2.399047e+01,2.394988e+01,2.391604e+01,2.394311e+01,2.396341e+01,2.386187e+01,2.401076e+01,2.385510e+01,2.393634e+01,2.392281e+01,2.390250e+01,2.394988e+01,2.401076e+01,2.386187e+01,2.390250e+01,2.399047e+01,2.387542e+01,2.388219e+01,2.388896e+01,2.389573e+01,2.391604e+01,2.385510e+01,2.390250e+01,2.386865e+01,2.390250e+01,2.390927e+01,2.387542e+01,2.387542e+01,2.386865e+01,2.390927e+01,2.385510e+01,2.394311e+01,2.399047e+01,2.380091e+01,2.399047e+01,2.383478e+01,2.389573e+01,2.387542e+01,2.386187e+01,2.380091e+01,2.394988e+01,2.391604e+01,2.390927e+01,2.392958e+01,2.394311e+01,2.379413e+01,2.393634e+01,2.376702e+01,2.394311e+01,2.386865e+01,2.393634e+01,2.388896e+01,2.389573e+01,2.386865e+01,2.395664e+01,2.392958e+01,2.398371e+01,2.397018e+01,2.393634e+01,2.392281e+01,2.399047e+01,2.398371e+01,2.405133e+01,2.397694e+01,2.395664e+01,2.394311e+01,2.394988e+01,2.397018e+01,2.390927e+01,2.393634e+01,2.407161e+01,2.400400e+01,2.401076e+01,2.414593e+01,2.514075e+01,2.673422e+01,2.706977e+01,2.743046e+01,2.761362e+01,2.760055e+01,2.762669e+01,2.775078e+01,2.774425e+01,2.770508e+01,2.769202e+01,2.750245e+01,2.766589e+01,2.748937e+01,2.742391e+01,2.717483e+01,2.722731e+01,2.700406e+01,2.689226e+01,2.685277e+01,2.645709e+01,2.641084e+01,2.616599e+01,2.599359e+01,2.548805e+01,2.540801e+01,2.543469e+01,2.524105e+01,2.516751e+01,2.484598e+01,2.486610e+01,2.473187e+01,2.479901e+01,2.461091e+01,2.453019e+01,2.446961e+01,2.428092e+01,2.405809e+01,2.399723e+01,2.408512e+01,2.411215e+01,2.414593e+01,2.410540e+01,2.405133e+01,2.404457e+01,2.405133e+01,2.405809e+01,2.409864e+01,2.401076e+01,2.417969e+01,2.400400e+01,2.394311e+01,2.390250e+01,2.389573e+01,2.389573e+01,2.377380e+01,2.381446e+01,2.382801e+01,2.375346e+01,2.379413e+01,2.378057e+01,2.374668e+01,2.377380e+01,2.377380e+01,2.371956e+01,2.383478e+01,2.367886e+01,2.394311e+01,2.377380e+01,2.392281e+01,2.369921e+01,2.376702e+01,2.382123e+01,2.375346e+01,2.369242e+01,2.374668e+01,2.370599e+01,2.382123e+01,2.389573e+01,2.393634e+01,2.381446e+01,2.409188e+01,2.397694e+01,2.401076e+01,2.405133e+01,2.406485e+01,2.402428e+01,2.401076e+01,2.387542e+01,2.389573e+01,2.380091e+01,2.359062e+01,2.355667e+01,2.335950e+01,2.327780e+01,2.328461e+01,2.327099e+01,2.339352e+01,2.334589e+01,2.337311e+01,2.347513e+01,2.340032e+01,2.338672e+01,2.350911e+01,2.331866e+01,2.349552e+01,2.337991e+01,2.350231e+01,2.323693e+01,2.324374e+01,2.314150e+01,2.309375e+01,2.308010e+01,2.303915e+01,2.295720e+01,2.291620e+01,2.302550e+01,2.336630e+01,2.354308e+01,2.375346e+01,2.368564e+01,2.377380e+01,2.378057e+01,2.369921e+01,2.373312e+01,2.365172e+01,2.371956e+01,2.365172e+01,2.372634e+01,2.377380e+01,2.365172e+01,2.358383e+01,2.349552e+01,2.346833e+01,2.355667e+01,2.344793e+01,2.339352e+01,2.328461e+01,2.333228e+01,2.340032e+01,2.343433e+01,2.350911e+01,2.337991e+01,2.334589e+01,2.350231e+01,2.321649e+01,2.330504e+01,2.322330e+01,2.318241e+01,2.322330e+01,2.309375e+01,2.316195e+01,2.306645e+01,2.308010e+01,2.299818e+01,2.298452e+01,2.301867e+01,2.296403e+01,2.295037e+01,2.307328e+01,2.305963e+01,2.297769e+01,2.315514e+01,2.309375e+01,2.325737e+01,2.331866e+01,2.327099e+01,2.345473e+01,2.361099e+01,2.348192e+01,2.345473e+01,2.351590e+01,2.344793e+01,2.354308e+01,2.331866e+01,2.346153e+01,2.333908e+01,2.348192e+01,2.339352e+01,2.346153e+01,2.346153e+01,2.346153e+01,2.359062e+01,2.367207e+01,2.369242e+01,2.367886e+01,2.373312e+01,2.380091e+01,2.398371e+01,2.397694e+01,2.414593e+01,2.417294e+01,2.412566e+01,2.415268e+01,2.428092e+01,2.428092e+01,2.426068e+01,2.440226e+01,2.442921e+01,2.434161e+01,2.446288e+01,2.452346e+01,2.447635e+01,2.453019e+01,2.453692e+01,2.455710e+01,2.455710e+01,2.457728e+01,2.458401e+01,2.444941e+01,2.469156e+01,2.443594e+01,2.446961e+01,2.438878e+01,2.411891e+01,2.409864e+01,2.409188e+01,2.397694e+01,2.373312e+01,2.384833e+01,2.365850e+01,2.382123e+01,2.350911e+01,2.344793e+01,2.348872e+01,2.335269e+01,2.325056e+01,2.327099e+01,2.306645e+01,2.306645e+01,2.307328e+01,2.277942e+01,2.316195e+01,2.299135e+01,2.304598e+01,2.292303e+01
2.398371e+01,2.410540e+01,2.429441e+01,2.463108e+01,2.485269e+01,2.514075e+01,2.550805e+01,2.561466e+01,2.584750e+01,2.597368e+01,2.594049e+01,2.577438e+01,2.571451e+01,2.588736e+01,2.590065e+01,2.590065e+01,2.583421e+01,2.588736e+01,2.593385e+01,2.605330e+01,2.600686e+01,2.599359e+01,2.601350e+01,2.600686e+01,2.601350e+01,2.621235e+01,2.622560e+01,2.622560e+01,2.627194e+01,2.638439e+01,2.632487e+01,2.621898e+01,2.640422e+01,2.647031e+01,2.642405e+01,2.641084e+01,2.656275e+01,2.641744e+01,2.617924e+01,2.629841e+01,2.632487e+01,2.631826e+01,2.633149e+01,2.619911e+01,2.615274e+01,2.628517e+01,2.620573e+01,2.617261e+01,2.617261e+01,2.618586e+01,2.632487e+01,2.635133e+01,2.633810e+01,2.633810e+01,2.639100e+01,2.639761e+01,2.623884e+01,2.612623e+01,2.619248e+01,2.616599e+01,2.617261e+01,2.602677e+01,2.604004e+01,2.619248e+01,2.608646e+01,2.600023e+01,2.602013e+01,2.593385e+01,2.592721e+01,2.579433e+01,2.580097e+01,2.564130e+01,2.588072e+01,2.564796e+01,2.582756e+01,2.570121e+01,2.577438e+01,2.566127e+01,2.566127e+01,2.565462e+01,2.561466e+01,2.542802e+01,2.534793e+01,2.538799e+01,2.542802e+01,2.543469e+01,2.542135e+01,2.538131e+01,2.532790e+01,2.523437e+01,2.531454e+01,2.518757e+01,2.516082e+01,2.510730e+01,2.510730e+01,2.494656e+01,2.485940e+01,2.467141e+01,2.465124e+01,2.453692e+01,2.418644e+01,2.405133e+01,2.388896e+01,2.384833e+01,2.377380e+01,2.380768e+01,2.372634e+01,2.389573e+01,2.403781e+01,2.408512e+01,2.437531e+01,2.437531e+01,2.426068e+01,2.436857e+01,2.440900e+01,2.419319e+01,2.412566e+01,2.411215e+01,2.399723e+01,2.389573e+01,2.366529e+01,2.370599e+01,2.361099e+01,2.369921e+01,2.373312e+01,2.384155e+01,2.390927e+01,2.380091e+01,2.384833e+01,2.395664e+01,2.397694e+01,2.391604e+01,2.400400e+01,2.392281e+01,2.402428e+01,2.412566e+01,2.411215e+01,2.421344e+01,2.417294e+01,2.418644e+01,2.417969e+01,2.417969e+01,2.425393e+01,2.422019e+01,2.428766e+01,2.410540e+01,2.410540e+01,2.405133e+01,2.396341e+01,2.392958e+01,2.394311e+01,2.391604e+01,2.389573e+01,2.370599e+01,2.376702e+01,2.380091e+01,2.380768e+01,2.375346e+01,2.374668e+01,2.367207e+01,2.359062e+01,2.354987e+01,2.358383e+01,2.372634e+01,2.371277e+01,2.378735e+01,2.385510e+01,2.392958e+01,2.383478e+01,2.401752e+01,2.401076e+01,2.403105e+01,2.408512e+01,2.411215e+01,2.411215e+01,2.413917e+01,2.450327e+01,2.444268e+01,2.442247e+01,2.444941e+01,2.451673e+01,2.456383e+01,2.454365e+01,2.463108e+01,2.442247e+01,2.446288e+01,2.467813e+01,2.441573e+01,2.455038e+01,2.463108e+01,2.471844e+01,2.480572e+01,2.471172e+01,2.487952e+01,2.474530e+01,2.495326e+01,2.495997e+01,2.493316e+01,2.503366e+01,2.504705e+01,2.568124e+01,2.673422e+01,2.683302e+01,2.695804e+01,2.672104e+01,2.667490e+01,2.646370e+01,2.639100e+01,2.624546e+01,2.629841e+01,2.619911e+01,2.605993e+01,2.598696e+01,2.595377e+01,2.582092e+01,2.543469e+01,2.508052e+01,2.503366e+01,2.510060e+01,2.504705e+01,2.525442e+01,2.523437e+01,2.523437e+01,2.524105e+01,2.535461e+01,2.530787e+01,2.582756e+01,2.650994e+01,2.670127e+01,2.663533e+01,2.678034e+01,2.666831e+01,2.672104e+01,2.649673e+01,2.646370e+01,2.649673e+01,2.625208e+01,2.595377e+01,2.590065e+01,2.565462e+01,2.558802e+01,2.540133e+01,2.523437e+01,2.514744e+01,2.488622e+01,2.431464e+01,2.415268e+01,2.419319e+01,2.416619e+01,2.418644e+01,2.413917e+01,2.415268e+01,2.413917e+01,2.409864e+01,2.404457e+01,2.407161e+01,2.401076e+01,2.405809e+01,2.405133e+01,2.413917e+01,2.413242e+01,2.412566e+01,2.407837e+01,2.400400e+01,2.404457e+01,2.402428e+01,2.413917e+01,2.414593e+01,2.410540e+01,2.407837e+01,2.411891e+01,2.407161e+01,2.403781e+01,2.407161e+01,2.404457e+01,2.399047e+01,2.405809e+01,2.403781e+01,2.403781e+01,2.398371e+01,2.399047e+01,2.394988e+01,2.404457e+01,2.403781e+01,2.405133e+01,2.409864e+01,2.413242e+01,2.410540e+01,2.409864e+01,2.404457e+01,2.402428e+01,2.405133e+01,2.392281e+01,2.403781e+01,2.392958e+01,2.400400e+01,2.407161e+01,2.392958e+01,2.394311e+01,2.399047e+01,2.394988e+01,2.394988e+01,2.397018e+01,2.400400e+01,2.392281e+01,2.397694e+01,2.394311e+01,2.401752e+01,2.396341e+01,2.397694e+01,2.398371e+01,2.395664e+01,2.391604e+01,2.396341e+01,2.399047e+01,2.394311e+01,2.397018e+01,2.391604e+01,2.386187e+01,2.390250e+01,2.386187e+01,2.390250e+01,2.405133e+01,2.386187e+01,2.394311e+01,2.396341e+01,2.386187e+01,2.394311e+01,2.383478e+01,2.380768e+01,2.388219e+01,2.392281e+01,2.386865e+01,2.390927e+01,2.395664e+01,2.388896e+01,2.390927e+01,2.386865e+01,2.390250e+01,2.385510e+01,2.391604e+01,2.383478e+01,2.387542e+01,2.389573e+01,2.389573e+01,2.379413e+01,2.386865e+01,2.386865e+01,2.389573e+01,2.387542e+01,2.384155e+01,2.384155e+01,2.382123e+01,2.382801e+01,2.388896e+01,2.376702e+01,2.384155e+01,2.385510e+01,2.388896e+01,2.381446e+01,2.388896e+01,2.382123e+01,2.381446e+01,2.385510e+01,2.384833e+01,2.378057e+01,2.390927e+01,2.378735e+01,2.389573e+01,2.390250e+01,2.376024e+01,2.387542e+01,2.388896e+01,2.394311e+01,2.386865e+01,2.380768e+01,2.382801e+01,2.384155e+01,2.388219e+01,2.393634e+01,2.390927e+01,2.392281e+01,2.387542e+01,2.383478e+01,2.390927e+01,2.397018e+01,2.389573e+01,2.391604e+01,2.401076e+01,2.398371e+01,2.392281e+01,2.386865e+01,2.390927e+01,2.382123e+01,2.389573e+01,2.391604e+01,2.398371e+01,2.390927e+01,2.401076e+01,2.394311e+01,2.400400e+01,2.403781e+01,2.406485e+01,2.426068e+01,2.515413e+01,2.670786e+01,2.698434e+01,2.746319e+01,2.752862e+01,2.767896e+01,2.760708e+01,2.773120e+01,2.766589e+01,2.765936e+01,2.756132e+01,2.748282e+01,2.740427e+01,2.735187e+01,2.742391e+01,2.720763e+01,2.722075e+01,2.692516e+01,2.696462e+01,2.686594e+01,2.660235e+01,2.627194e+01,2.623222e+01,2.590729e+01,2.555471e+01,2.541468e+01,2.519426e+01,2.490634e+01,2.485269e+01,2.467813e+01,2.462436e+01,2.462436e+01,2.455710e+01,2.453019e+01,2.451673e+01,2.433487e+01,2.430115e+01,2.426068e+01,2.408512e+01,2.408512e+01,2.419994e+01,2.412566e+01,2.408512e+01,2.403781e+01,2.410540e+01,2.433487e+01,2.411215e+01,2.413917e+01,2.409188e+01,2.408512e+01,2.399047e+01,2.393634e+01,2.392958e+01,2.389573e+01,2.394311e+01,2.390250e+01,2.381446e+01,2.386187e+01,2.371956e+01,2.378057e+01,2.385510e+01,2.373312e+01,2.376702e+01,2.369242e+01,2.370599e+01,2.365850e+01,2.369242e+01,2.363814e+01,2.373312e+01,2.370599e+01,2.368564e+01,2.369242e+01,2.370599e+01,2.365172e+01,2.365172e+01,2.386187e+01,2.376024e+01,2.388219e+01,2.392281e+01,2.386865e+01,2.393634e+01,2.395664e+01,2.391604e+01,2.393634e+01,2.397018e+01,2.403781e+01,2.401752e+01,2.403105e+01,2.415268e+01,2.406485e+01,2.407837e+01,2.388219e+01,2.362457e+01,2.361778e+01,2.353629e+01,2.352949e+01,2.342753e+01,2.329142e+01,2.336630e+01,2.340032e+01,2.333908e+01,2.335950e+01,2.330504e+01,2.336630e+01,2.350231e+01,2.337991e+01,2.333908e+01,2.321649e+01,2.324374e+01,2.327780e+01,2.327780e+01,2.314832e+01,2.309375e+01,2.301867e+01,2.299135e+01,2.301184e+01,2.310739e+01,2.339352e+01,2.361099e+01,2.372634e+01,2.371277e+01,2.361778e+01,2.374668e+01,2.372634e+01,2.367207e+01,2.367886e+01,2.364493e+01,2.370599e+01,2.367886e+01,2.361778e+01,2.361099e+01,2.362457e+01,2.335950e+01,2.348192e+01,2.344793e+01,2.344793e+01,2.340032e+01,2.329142e+01,2.341393e+01,2.331866e+01,2.344113e+01,2.342753e+01,2.348872e+01,2.335950e+01,2.325056e+01,2.325056e+01,2.332547e+01,2.323012e+01,2.318241e+01,2.309375e+01,2.308010e+01,2.295720e+01,2.282731e+01,2.295037e+01,2.298452e+01,2.299135e+01,2.292303e+01,2.294353e+01,2.297086e+01,2.298452e+01,2.305280e+01,2.297769e+01,2.308693e+01,2.318241e+01,2.322330e+01,2.319604e+01,2.357704e+01,2.344793e+01,2.348192e+01,2.361778e+01,2.348192e+01,2.343433e+01,2.347513e+01,2.350911e+01,2.333228e+01,2.337311e+01,2.352270e+01,2.335950e+01,2.342753e+01,2.344793e+01,2.350231e+01,2.359062e+01,2.348872e+01,2.344793e+01,2.362457e+01,2.368564e+01,2.367886e+01,2.399047e+01,2.408512e+01,2.417969e+01,2.416619e+01,2.424044e+01,2.415943e+01,2.429441e+01,2.410540e+01,2.424719e+01,2.424719e+01,2.428092e+01,2.422019e+01,2.432138e+01,2.430790e+01,2.434161e+01,2.424044e+01,2.444268e+01,2.455710e+01,2.456383e+01,2.457056e+01,2.456383e+01,2.457728e+01,2.455038e+01,2.455710e+01,2.457728e+01,2.454365e+01,2.441573e+01,2.438878e+01,2.419319e+01,2.395664e+01,2.396341e+01,2.392281e+01,2.397694e+01,2.382123e+01,2.392958e+01,2.396341e+01,2.382123e+01,2.347513e+01,2.352949e+01,2.348192e+01,2.329823e+01,2.332547e+01,2.328461e+01,2.286151e+01,2.285467e+01,2.288886e+01,2.275204e+01,2.288886e+01,2.297769e+01
2.403781e+01,2.448308e+01,2.496667e+01,2.534126e+01,2.562132e+01,2.584085e+01,2.602677e+01,2.604667e+01,2.613948e+01,2.617924e+01,2.621898e+01,2.620573e+01,2.619911e+01,2.622560e+01,2.620573e+01,2.622560e+01,2.637778e+01,2.627855e+01,2.620573e+01,2.631826e+01,2.645049e+01,2.645709e+01,2.643066e+01,2.644388e+01,2.641744e+01,2.641744e+01,2.643727e+01,2.643066e+01,2.644388e+01,2.654955e+01,2.654955e+01,2.652975e+01,2.651654e+01,2.650994e+01,2.648352e+01,2.656275e+01,2.650994e+01,2.650994e+01,2.637117e+01,2.652975e+01,2.635133e+01,2.633810e+01,2.641744e+01,2.639761e+01,2.602013e+01,2.627194e+01,2.629841e+01,2.629841e+01,2.621235e+01,2.621898e+01,2.633810e+01,2.632487e+01,2.633810e+01,2.637778e+01,2.631826e+01,2.636456e+01,2.634472e+01,2.619248e+01,2.621898e+01,2.616599e+01,2.619248e+01,2.609309e+01,2.617924e+01,2.613948e+01,2.609971e+01,2.596041e+01,2.605330e+01,2.603340e+01,2.607982e+01,2.590729e+01,2.594713e+01,2.596704e+01,2.593385e+01,2.579433e+01,2.589401e+01,2.580762e+01,2.586079e+01,2.567459e+01,2.565462e+01,2.564130e+01,2.555471e+01,2.550139e+01,2.547471e+01,2.529451e+01,2.535461e+01,2.530787e+01,2.540801e+01,2.532790e+01,2.532790e+01,2.535461e+01,2.517419e+01,2.519426e+01,2.516082e+01,2.520763e+01,2.508722e+01,2.518757e+01,2.491305e+01,2.460419e+01,2.469156e+01,2.457056e+01,2.424044e+01,2.407837e+01,2.408512e+01,2.385510e+01,2.385510e+01,2.376024e+01,2.373990e+01,2.370599e+01,2.397694e+01,2.401752e+01,2.419319e+01,2.433487e+01,2.434161e+01,2.414593e+01,2.421344e+01,2.427417e+01,2.415268e+01,2.420670e+01,2.407837e+01,2.371277e+01,2.374668e+01,2.371277e+01,2.367886e+01,2.367207e+01,2.373312e+01,2.373990e+01,2.376024e+01,2.382801e+01,2.378057e+01,2.390250e+01,2.397018e+01,2.383478e+01,2.384155e+01,2.392281e+01,2.408512e+01,2.401076e+01,2.419319e+01,2.411215e+01,2.414593e+01,2.416619e+01,2.420670e+01,2.430115e+01,2.433487e+01,2.415268e+01,2.422019e+01,2.407837e+01,2.411891e+01,2.405809e+01,2.397694e+01,2.396341e+01,2.393634e+01,2.393634e+01,2.397694e+01,2.390250e+01,2.383478e+01,2.380091e+01,2.372634e+01,2.376702e+01,2.370599e+01,2.370599e+01,2.367886e+01,2.357025e+01,2.361099e+01,2.363814e+01,2.380768e+01,2.369242e+01,2.394311e+01,2.384155e+01,2.390927e+01,2.401076e+01,2.403105e+01,2.409188e+01,2.412566e+01,2.417969e+01,2.426068e+01,2.422694e+01,2.427417e+01,2.428092e+01,2.444268e+01,2.436183e+01,2.434161e+01,2.438205e+01,2.442247e+01,2.440900e+01,2.440900e+01,2.439552e+01,2.453019e+01,2.465796e+01,2.459073e+01,2.463780e+01,2.459073e+01,2.476544e+01,2.495326e+01,2.475201e+01,2.479230e+01,2.477216e+01,2.471844e+01,2.501357e+01,2.493316e+01,2.532122e+01,2.598032e+01,2.649012e+01,2.650994e+01,2.670786e+01,2.656935e+01,2.615936e+01,2.614611e+01,2.613948e+01,2.594049e+01,2.586079e+01,2.586079e+01,2.584085e+01,2.572782e+01,2.544804e+01,2.544137e+01,2.498007e+01,2.494656e+01,2.455038e+01,2.471172e+01,2.485940e+01,2.477887e+01,2.485269e+01,2.470500e+01,2.459746e+01,2.469828e+01,2.490634e+01,2.532122e+01,2.584085e+01,2.631164e+01,2.659575e+01,2.687910e+01,2.678693e+01,2.674740e+01,2.680010e+01,2.672763e+01,2.669468e+01,2.647031e+01,2.624546e+01,2.607982e+01,2.580097e+01,2.560800e+01,2.551472e+01,2.536796e+01,2.516751e+01,2.467141e+01,2.466469e+01,2.434161e+01,2.415268e+01,2.416619e+01,2.412566e+01,2.409864e+01,2.418644e+01,2.407837e+01,2.405133e+01,2.418644e+01,2.401752e+01,2.408512e+01,2.404457e+01,2.402428e+01,2.401076e+01,2.404457e+01,2.400400e+01,2.412566e+01,2.405809e+01,2.404457e+01,2.410540e+01,2.406485e+01,2.415943e+01,2.418644e+01,2.408512e+01,2.409188e+01,2.404457e+01,2.406485e+01,2.403105e+01,2.411215e+01,2.399723e+01,2.413917e+01,2.408512e+01,2.398371e+01,2.403781e+01,2.402428e+01,2.396341e+01,2.402428e+01,2.392958e+01,2.408512e+01,2.407161e+01,2.405809e+01,2.397694e+01,2.405133e+01,2.398371e+01,2.407161e+01,2.404457e+01,2.405809e+01,2.409188e+01,2.400400e+01,2.397018e+01,2.401076e+01,2.393634e+01,2.397694e+01,2.394988e+01,2.396341e+01,2.402428e+01,2.396341e+01,2.398371e+01,2.401752e+01,2.403781e+01,2.396341e+01,2.383478e+01,2.395664e+01,2.399047e+01,2.394311e+01,2.397018e+01,2.390250e+01,2.394988e+01,2.397694e+01,2.391604e+01,2.390250e+01,2.394988e+01,2.386187e+01,2.388219e+01,2.406485e+01,2.389573e+01,2.396341e+01,2.388219e+01,2.397018e+01,2.392958e+01,2.392281e+01,2.390927e+01,2.382801e+01,2.381446e+01,2.386865e+01,2.388219e+01,2.395664e+01,2.401752e+01,2.390927e+01,2.392281e+01,2.387542e+01,2.386187e+01,2.387542e+01,2.392281e+01,2.392281e+01,2.387542e+01,2.376702e+01,2.380091e+01,2.379413e+01,2.383478e+01,2.388219e+01,2.384833e+01,2.390927e+01,2.386865e+01,2.387542e+01,2.388896e+01,2.386865e+01,2.384833e+01,2.390927e+01,2.389573e+01,2.380768e+01,2.384155e+01,2.379413e+01,2.389573e+01,2.387542e+01,2.389573e+01,2.390927e+01,2.387542e+01,2.388896e+01,2.387542e+01,2.386865e+01,2.379413e+01,2.376702e+01,2.376024e+01,2.377380e+01,2.391604e+01,2.386187e+01,2.375346e+01,2.383478e+01,2.376024e+01,2.392281e+01,2.384833e+01,2.388219e+01,2.389573e+01,2.395664e+01,2.388896e+01,2.388219e+01,2.394311e+01,2.386187e+01,2.395664e+01,2.391604e+01,2.390927e+01,2.394311e+01,2.396341e+01,2.388896e+01,2.394311e+01,2.390250e+01,2.395664e+01,2.391604e+01,2.395664e+01,2.391604e+01,2.392958e+01,2.390250e+01,2.388219e+01,2.392958e+01,2.403781e+01,2.403781e+01,2.404457e+01,2.502026e+01,2.667490e+01,2.699749e+01,2.727322e+01,2.750245e+01,2.763322e+01,2.763322e+01,2.780951e+01,2.779646e+01,2.775731e+01,2.766589e+01,2.754170e+01,2.747628e+01,2.745665e+01,2.730600e+01,2.715514e+01,2.715514e+01,2.691200e+01,2.696462e+01,2.662214e+01,2.659575e+01,2.627194e+01,2.592057e+01,2.584085e+01,2.562798e+01,2.531454e+01,2.525442e+01,2.487952e+01,2.502026e+01,2.464452e+01,2.462436e+01,2.459073e+01,2.455710e+01,2.446288e+01,2.450327e+01,2.455038e+01,2.445614e+01,2.435509e+01,2.431464e+01,2.433487e+01,2.423369e+01,2.433487e+01,2.436183e+01,2.433487e+01,2.433487e+01,2.438205e+01,2.426743e+01,2.429441e+01,2.417969e+01,2.421344e+01,2.407161e+01,2.399723e+01,2.394988e+01,2.394988e+01,2.392281e+01,2.390927e+01,2.390927e+01,2.390250e+01,2.387542e+01,2.365850e+01,2.384833e+01,2.372634e+01,2.363814e+01,2.384833e+01,2.367207e+01,2.377380e+01,2.372634e+01,2.379413e+01,2.369242e+01,2.371277e+01,2.371277e+01,2.371277e+01,2.357025e+01,2.369242e+01,2.352270e+01,2.388219e+01,2.387542e+01,2.389573e+01,2.409188e+01,2.401752e+01,2.391604e+01,2.373990e+01,2.396341e+01,2.392958e+01,2.403781e+01,2.400400e+01,2.412566e+01,2.430790e+01,2.430115e+01,2.409188e+01,2.424719e+01,2.416619e+01,2.415268e+01,2.380768e+01,2.380768e+01,2.371956e+01,2.368564e+01,2.337991e+01,2.337991e+01,2.333908e+01,2.346833e+01,2.334589e+01,2.333908e+01,2.335950e+01,2.333228e+01,2.325056e+01,2.321649e+01,2.314832e+01,2.304598e+01,2.323012e+01,2.308010e+01,2.305963e+01,2.305280e+01,2.303232e+01,2.297769e+01,2.303915e+01,2.305963e+01,2.337991e+01,2.362457e+01,2.374668e+01,2.378057e+01,2.374668e+01,2.370599e+01,2.372634e+01,2.367207e+01,2.365850e+01,2.365172e+01,2.364493e+01,2.359741e+01,2.352270e+01,2.354987e+01,2.360420e+01,2.349552e+01,2.354308e+01,2.361778e+01,2.365172e+01,2.357704e+01,2.352270e+01,2.348872e+01,2.346153e+01,2.339352e+01,2.347513e+01,2.346833e+01,2.333908e+01,2.322330e+01,2.346833e+01,2.319604e+01,2.320967e+01,2.309375e+01,2.307328e+01,2.312104e+01,2.298452e+01,2.311422e+01,2.293670e+01,2.309375e+01,2.307328e+01,2.297769e+01,2.295720e+01,2.300501e+01,2.305963e+01,2.297769e+01,2.307328e+01,2.314832e+01,2.323012e+01,2.342753e+01,2.350911e+01,2.352949e+01,2.354308e+01,2.356346e+01,2.352949e+01,2.348872e+01,2.348872e+01,2.348872e+01,2.335269e+01,2.333228e+01,2.344113e+01,2.351590e+01,2.342753e+01,2.342753e+01,2.345473e+01,2.350231e+01,2.350231e+01,2.346153e+01,2.368564e+01,2.376024e+01,2.380768e+01,2.381446e+01,2.403781e+01,2.411891e+01,2.423369e+01,2.429441e+01,2.414593e+01,2.434161e+01,2.419319e+01,2.420670e+01,2.424044e+01,2.420670e+01,2.424719e+01,2.417294e+01,2.417969e+01,2.418644e+01,2.419319e+01,2.432812e+01,2.424719e+01,2.436183e+01,2.434161e+01,2.448981e+01,2.456383e+01,2.457056e+01,2.470500e+01,2.477216e+01,2.458401e+01,2.456383e+01,2.451000e+01,2.439552e+01,2.438878e+01,2.401752e+01,2.395664e+01,2.413917e+01,2.393634e+01,2.420670e+01,2.409864e+01,2.407837e+01,2.379413e+01,2.379413e+01,2.368564e+01,2.371956e+01,2.335269e+01,2.333228e+01,2.330504e+01,2.306645e+01,2.285467e+01,2.285467e+01,2.279995e+01,2.292303e+01,2.284099e+01
2.413242e+01,2.453019e+01,2.504705e+01,2.558802e+01,2.576773e+01,2.585415e+01,2.606656e+01,2.612623e+01,2.621898e+01,2.620573e+01,2.619911e+01,2.630502e+01,2.626532e+01,2.621898e+01,2.631826e+01,2.637778e+01,2.630502e+01,2.641084e+01,2.656935e+01,2.649673e+01,2.647031e+01,2.645049e+01,2.645709e+01,2.626532e+01,2.646370e+01,2.656935e+01,2.647691e+01,2.650994e+01,2.654955e+01,2.650994e+01,2.641744e+01,2.655615e+01,2.636456e+01,2.654295e+01,2.652975e+01,2.643727e+01,2.652314e+01,2.658915e+01,2.650994e+01,2.636456e+01,2.649012e+01,2.640422e+01,2.640422e+01,2.620573e+01,2.628517e+01,2.628517e+01,2.633810e+01,2.613948e+01,2.627194e+01,2.623222e+01,2.635133e+01,2.635794e+01,2.635133e+01,2.617924e+01,2.634472e+01,2.633810e+01,2.621898e+01,2.638439e+01,2.631826e+01,2.614611e+01,2.623884e+01,2.617924e+01,2.612623e+01,2.619248e+01,2.629179e+01,2.614611e+01,2.596704e+01,2.609309e+01,2.609971e+01,2.607982e+01,2.607319e+01,2.584085e+01,2.607319e+01,2.592057e+01,2.602013e+01,2.588072e+01,2.569455e+01,2.573447e+01,2.572782e+01,2.564130e+01,2.546805e+01,2.556137e+01,2.540801e+01,2.528782e+01,2.530787e+01,2.545471e+01,2.539466e+01,2.544137e+01,2.530787e+01,2.530787e+01,2.524773e+01,2.531454e+01,2.516751e+01,2.524773e+01,2.516751e+01,2.498007e+01,2.478558e+01,2.481914e+01,2.463780e+01,2.444941e+01,2.456383e+01,2.411215e+01,2.407837e+01,2.380091e+01,2.392281e+01,2.386865e+01,2.371956e+01,2.384155e+01,2.369242e+01,2.381446e+01,2.395664e+01,2.428766e+01,2.417969e+01,2.434835e+01,2.419319e+01,2.410540e+01,2.401752e+01,2.409188e+01,2.406485e+01,2.376024e+01,2.359741e+01,2.363136e+01,2.363814e+01,2.358383e+01,2.356346e+01,2.384833e+01,2.376702e+01,2.380091e+01,2.383478e+01,2.385510e+01,2.386865e+01,2.388219e+01,2.391604e+01,2.386865e+01,2.404457e+01,2.400400e+01,2.403781e+01,2.405809e+01,2.414593e+01,2.428766e+01,2.422019e+01,2.423369e+01,2.421344e+01,2.422694e+01,2.431464e+01,2.410540e+01,2.413242e+01,2.405809e+01,2.399723e+01,2.395664e+01,2.392958e+01,2.394311e+01,2.393634e+01,2.379413e+01,2.376024e+01,2.374668e+01,2.349552e+01,2.372634e+01,2.369921e+01,2.352270e+01,2.357704e+01,2.354987e+01,2.357025e+01,2.361099e+01,2.361778e+01,2.384833e+01,2.388219e+01,2.391604e+01,2.394311e+01,2.400400e+01,2.406485e+01,2.406485e+01,2.412566e+01,2.410540e+01,2.420670e+01,2.420670e+01,2.424719e+01,2.425393e+01,2.430115e+01,2.430790e+01,2.441573e+01,2.442247e+01,2.439552e+01,2.440226e+01,2.428092e+01,2.435509e+01,2.440900e+01,2.447635e+01,2.445614e+01,2.443594e+01,2.450327e+01,2.458401e+01,2.451673e+01,2.459746e+01,2.469828e+01,2.464452e+01,2.473858e+01,2.474530e+01,2.485269e+01,2.536796e+01,2.598032e+01,2.624546e+01,2.631826e+01,2.624546e+01,2.623222e+01,2.588736e+01,2.576108e+01,2.572117e+01,2.558136e+01,2.550805e+01,2.546138e+01,2.543469e+01,2.536129e+01,2.517419e+01,2.488622e+01,2.473187e+01,2.434161e+01,2.424044e+01,2.434161e+01,2.422694e+01,2.410540e+01,2.403105e+01,2.397018e+01,2.403105e+01,2.446288e+01,2.457728e+01,2.498007e+01,2.547471e+01,2.593385e+01,2.623884e+01,2.674740e+01,2.683961e+01,2.684619e+01,2.694489e+01,2.691858e+01,2.668809e+01,2.649673e+01,2.618586e+01,2.607982e+01,2.580762e+01,2.560800e+01,2.559468e+01,2.538131e+01,2.516751e+01,2.493316e+01,2.465124e+01,2.430115e+01,2.411215e+01,2.411891e+01,2.411215e+01,2.412566e+01,2.407837e+01,2.397694e+01,2.406485e+01,2.397694e+01,2.419994e+01,2.403105e+01,2.408512e+01,2.401752e+01,2.406485e+01,2.403781e+01,2.404457e+01,2.399723e+01,2.395664e+01,2.407161e+01,2.400400e+01,2.400400e+01,2.394311e+01,2.406485e+01,2.406485e+01,2.403105e+01,2.407161e+01,2.403105e+01,2.415268e+01,2.405809e+01,2.407161e+01,2.399723e+01,2.397018e+01,2.397018e+01,2.403105e+01,2.403781e+01,2.403105e+01,2.403781e+01,2.409864e+01,2.394311e+01,2.387542e+01,2.405133e+01,2.391604e+01,2.403105e+01,2.399047e+01,2.397018e+01,2.394988e+01,2.400400e+01,2.388896e+01,2.399047e+01,2.408512e+01,2.393634e+01,2.394988e+01,2.395664e+01,2.394988e+01,2.402428e+01,2.399047e+01,2.405133e+01,2.393634e+01,2.401752e+01,2.396341e+01,2.392281e+01,2.387542e+01,2.399047e+01,2.401752e+01,2.396341e+01,2.399047e+01,2.396341e+01,2.397018e+01,2.388896e+01,2.388896e+01,2.388219e+01,2.386865e+01,2.388219e+01,2.389573e+01,2.382123e+01,2.384833e+01,2.391604e+01,2.387542e+01,2.384155e+01,2.397018e+01,2.388896e+01,2.390250e+01,2.382123e+01,2.394311e+01,2.388896e+01,2.380091e+01,2.389573e+01,2.388219e+01,2.386187e+01,2.394311e+01,2.388219e+01,2.386187e+01,2.388219e+01,2.384155e+01,2.384155e+01,2.388896e+01,2.392958e+01,2.391604e+01,2.383478e+01,2.379413e+01,2.377380e+01,2.383478e+01,2.382801e+01,2.385510e+01,2.386865e+01,2.386865e+01,2.389573e+01,2.382123e+01,2.386187e+01,2.381446e+01,2.380768e+01,2.382123e+01,2.384155e+01,2.380091e+01,2.383478e+01,2.380091e+01,2.387542e+01,2.392281e+01,2.376024e+01,2.384155e+01,2.378057e+01,2.388896e+01,2.380091e+01,2.388219e+01,2.392281e+01,2.383478e+01,2.381446e+01,2.378057e+01,2.383478e+01,2.378057e+01,2.382123e+01,2.382123e+01,2.386187e+01,2.384833e+01,2.387542e+01,2.391604e+01,2.377380e+01,2.392958e+01,2.385510e+01,2.390927e+01,2.389573e+01,2.382801e+01,2.388896e+01,2.389573e+01,2.388219e+01,2.390927e+01,2.396341e+01,2.389573e+01,2.396341e+01,2.389573e+01,2.394311e+01,2.387542e+01,2.388896e+01,2.388219e+01,2.394988e+01,2.397694e+01,2.403105e+01,2.407837e+01,2.502696e+01,2.661554e+01,2.724699e+01,2.727978e+01,2.746319e+01,2.755478e+01,2.769202e+01,2.778341e+01,2.761362e+01,2.765282e+01,2.777036e+01,2.750245e+01,2.753516e+01,2.749591e+01,2.727978e+01,2.729944e+01,2.716826e+01,2.700406e+01,2.687252e+01,2.664193e+01,2.658915e+01,2.624546e+01,2.613948e+01,2.585415e+01,2.553472e+01,2.530787e+01,2.535461e+01,2.509391e+01,2.491305e+01,2.489964e+01,2.481914e+01,2.462436e+01,2.444268e+01,2.438205e+01,2.445614e+01,2.440900e+01,2.432138e+01,2.434161e+01,2.432812e+01,2.432812e+01,2.428092e+01,2.431464e+01,2.434835e+01,2.432812e+01,2.433487e+01,2.437531e+01,2.425393e+01,2.435509e+01,2.422019e+01,2.426068e+01,2.419319e+01,2.401752e+01,2.412566e+01,2.401752e+01,2.404457e+01,2.395664e+01,2.393634e+01,2.392958e+01,2.380091e+01,2.382801e+01,2.381446e+01,2.381446e+01,2.380768e+01,2.360420e+01,2.362457e+01,2.380091e+01,2.378735e+01,2.367886e+01,2.363136e+01,2.366529e+01,2.370599e+01,2.367886e+01,2.349552e+01,2.353629e+01,2.380768e+01,2.407837e+01,2.398371e+01,2.401076e+01,2.414593e+01,2.397018e+01,2.404457e+01,2.389573e+01,2.392958e+01,2.393634e+01,2.394988e+01,2.405809e+01,2.405809e+01,2.419319e+01,2.433487e+01,2.432812e+01,2.430790e+01,2.421344e+01,2.436857e+01,2.425393e+01,2.403781e+01,2.385510e+01,2.381446e+01,2.373312e+01,2.351590e+01,2.365850e+01,2.333908e+01,2.333908e+01,2.315514e+01,2.320286e+01,2.299135e+01,2.321649e+01,2.293670e+01,2.285467e+01,2.289569e+01,2.301184e+01,2.318923e+01,2.318923e+01,2.295720e+01,2.297086e+01,2.301184e+01,2.310057e+01,2.305963e+01,2.339352e+01,2.361778e+01,2.375346e+01,2.375346e+01,2.366529e+01,2.373312e+01,2.372634e+01,2.383478e+01,2.370599e+01,2.365850e+01,2.361778e+01,2.361099e+01,2.361099e+01,2.345473e+01,2.354987e+01,2.352270e+01,2.348192e+01,2.349552e+01,2.367207e+01,2.363814e+01,2.365850e+01,2.350231e+01,2.354987e+01,2.352270e+01,2.347513e+01,2.329142e+01,2.320967e+01,2.320286e+01,2.315514e+01,2.304598e+01,2.313468e+01,2.310739e+01,2.291620e+01,2.299135e+01,2.292303e+01,2.288202e+01,2.304598e+01,2.297086e+01,2.299818e+01,2.290937e+01,2.297086e+01,2.305280e+01,2.290253e+01,2.301184e+01,2.299135e+01,2.320286e+01,2.325737e+01,2.345473e+01,2.356346e+01,2.346833e+01,2.354308e+01,2.364493e+01,2.367207e+01,2.355667e+01,2.349552e+01,2.351590e+01,2.340713e+01,2.348192e+01,2.340032e+01,2.338672e+01,2.334589e+01,2.343433e+01,2.342073e+01,2.353629e+01,2.368564e+01,2.345473e+01,2.373990e+01,2.371956e+01,2.380091e+01,2.381446e+01,2.404457e+01,2.409188e+01,2.419319e+01,2.414593e+01,2.417969e+01,2.430790e+01,2.436857e+01,2.438205e+01,2.416619e+01,2.427417e+01,2.411891e+01,2.424719e+01,2.422019e+01,2.420670e+01,2.422019e+01,2.415943e+01,2.425393e+01,2.430790e+01,2.422694e+01,2.436183e+01,2.434161e+01,2.457056e+01,2.452346e+01,2.455038e+01,2.455710e+01,2.457056e+01,2.451673e+01,2.442921e+01,2.427417e+01,2.401752e+01,2.422694e+01,2.413242e+01,2.415268e+01,2.439552e+01,2.411215e+01,2.421344e+01,2.408512e+01,2.399047e+01,2.380091e+01,2.357025e+01,2.350231e+01,2.309375e+01,2.334589e+01,2.303232e+01,2.309375e+01,2.301184e+01,2.287519e+01,2.284099e+01,2.266301e+01
2.446288e+01,2.495997e+01,2.547471e+01,2.566127e+01,2.582092e+01,2.584750e+01,2.620573e+01,2.611297e+01,2.625208e+01,2.623222e+01,2.617261e+01,2.641744e+01,2.625870e+01,2.627855e+01,2.646370e+01,2.639100e+01,2.648352e+01,2.637778e+01,2.642405e+01,2.647691e+01,2.656935e+01,2.650333e+01,2.648352e+01,2.645709e+01,2.657595e+01,2.660235e+01,2.652975e+01,2.650994e+01,2.646370e+01,2.650333e+01,2.656935e+01,2.655615e+01,2.652314e+01,2.653635e+01,2.655615e+01,2.654955e+01,2.652314e+01,2.660895e+01,2.651654e+01,2.639100e+01,2.649012e+01,2.650333e+01,2.650994e+01,2.625870e+01,2.643066e+01,2.639100e+01,2.629841e+01,2.631164e+01,2.633810e+01,2.619248e+01,2.632487e+01,2.626532e+01,2.634472e+01,2.634472e+01,2.631164e+01,2.635133e+01,2.617924e+01,2.631164e+01,2.627194e+01,2.639761e+01,2.631826e+01,2.640422e+01,2.621898e+01,2.622560e+01,2.629179e+01,2.613286e+01,2.615274e+01,2.617924e+01,2.596704e+01,2.610634e+01,2.594713e+01,2.595377e+01,2.588072e+01,2.590065e+01,2.603340e+01,2.580762e+01,2.582756e+01,2.586743e+01,2.564796e+01,2.568124e+01,2.554804e+01,2.522100e+01,2.523437e+01,2.516082e+01,2.522768e+01,2.525442e+01,2.540801e+01,2.536796e+01,2.528115e+01,2.539466e+01,2.530119e+01,2.524773e+01,2.522768e+01,2.507383e+01,2.513406e+01,2.498007e+01,2.500017e+01,2.498677e+01,2.471844e+01,2.460419e+01,2.430115e+01,2.414593e+01,2.424719e+01,2.388896e+01,2.380768e+01,2.377380e+01,2.368564e+01,2.365172e+01,2.371956e+01,2.384833e+01,2.394311e+01,2.394311e+01,2.399723e+01,2.410540e+01,2.396341e+01,2.395664e+01,2.397018e+01,2.399047e+01,2.391604e+01,2.369242e+01,2.359741e+01,2.363814e+01,2.363814e+01,2.369921e+01,2.364493e+01,2.363814e+01,2.378057e+01,2.383478e+01,2.383478e+01,2.384833e+01,2.400400e+01,2.398371e+01,2.395664e+01,2.397694e+01,2.393634e+01,2.394311e+01,2.413242e+01,2.415268e+01,2.403105e+01,2.422019e+01,2.396341e+01,2.434835e+01,2.422019e+01,2.419994e+01,2.420670e+01,2.412566e+01,2.409188e+01,2.406485e+01,2.406485e+01,2.401752e+01,2.401752e+01,2.393634e+01,2.393634e+01,2.378057e+01,2.390927e+01,2.380091e+01,2.384833e+01,2.371956e+01,2.371277e+01,2.357704e+01,2.353629e+01,2.355667e+01,2.357025e+01,2.369242e+01,2.392281e+01,2.378735e+01,2.399047e+01,2.394311e+01,2.385510e+01,2.395664e+01,2.404457e+01,2.416619e+01,2.408512e+01,2.412566e+01,2.417969e+01,2.419994e+01,2.430790e+01,2.425393e+01,2.426068e+01,2.427417e+01,2.437531e+01,2.428766e+01,2.439552e+01,2.430115e+01,2.434161e+01,2.426743e+01,2.427417e+01,2.436857e+01,2.442247e+01,2.438878e+01,2.432812e+01,2.443594e+01,2.436183e+01,2.442247e+01,2.432812e+01,2.436857e+01,2.440900e+01,2.471172e+01,2.476544e+01,2.536796e+01,2.563464e+01,2.574778e+01,2.574778e+01,2.593385e+01,2.572782e+01,2.569455e+01,2.550139e+01,2.550805e+01,2.537464e+01,2.526110e+01,2.504035e+01,2.535461e+01,2.498677e+01,2.455038e+01,2.439552e+01,2.425393e+01,2.390927e+01,2.391604e+01,2.404457e+01,2.444941e+01,2.498007e+01,2.384833e+01,2.376702e+01,2.397018e+01,2.407837e+01,2.459073e+01,2.490634e+01,2.548138e+01,2.588072e+01,2.616599e+01,2.650333e+01,2.671445e+01,2.693173e+01,2.692516e+01,2.695147e+01,2.680669e+01,2.658255e+01,2.631826e+01,2.630502e+01,2.599359e+01,2.598696e+01,2.560800e+01,2.540801e+01,2.516082e+01,2.493986e+01,2.475873e+01,2.454365e+01,2.413917e+01,2.418644e+01,2.405133e+01,2.414593e+01,2.420670e+01,2.406485e+01,2.407837e+01,2.408512e+01,2.401752e+01,2.403105e+01,2.406485e+01,2.411215e+01,2.400400e+01,2.406485e+01,2.407161e+01,2.404457e+01,2.402428e+01,2.403781e+01,2.403105e+01,2.405809e+01,2.407161e+01,2.401076e+01,2.398371e+01,2.409864e+01,2.413917e+01,2.406485e+01,2.409864e+01,2.416619e+01,2.408512e+01,2.418644e+01,2.399047e+01,2.405133e+01,2.402428e+01,2.403105e+01,2.401752e+01,2.392281e+01,2.397694e+01,2.402428e+01,2.395664e+01,2.392281e+01,2.397018e+01,2.401752e+01,2.392281e+01,2.392958e+01,2.413917e+01,2.403105e+01,2.410540e+01,2.400400e+01,2.405809e+01,2.405809e+01,2.395664e+01,2.395664e+01,2.390927e+01,2.409864e+01,2.394988e+01,2.400400e+01,2.397694e+01,2.400400e+01,2.400400e+01,2.394988e+01,2.401076e+01,2.399723e+01,2.398371e+01,2.384155e+01,2.396341e+01,2.392281e+01,2.392281e+01,2.393634e+01,2.390927e+01,2.388896e+01,2.392281e+01,2.386865e+01,2.383478e+01,2.401752e+01,2.388896e+01,2.380768e+01,2.392958e+01,2.383478e+01,2.394311e+01,2.390250e+01,2.394311e+01,2.394988e+01,2.394988e+01,2.392281e+01,2.396341e+01,2.384155e+01,2.391604e+01,2.386865e+01,2.385510e+01,2.393634e+01,2.390927e+01,2.379413e+01,2.384833e+01,2.392281e+01,2.391604e+01,2.384833e+01,2.380091e+01,2.378735e+01,2.382801e+01,2.382123e+01,2.382801e+01,2.380768e+01,2.385510e+01,2.381446e+01,2.386865e+01,2.381446e+01,2.380091e+01,2.378735e+01,2.401076e+01,2.380768e+01,2.384833e+01,2.376702e+01,2.384155e+01,2.382123e+01,2.372634e+01,2.384155e+01,2.364493e+01,2.382801e+01,2.376024e+01,2.381446e+01,2.386187e+01,2.390927e+01,2.386865e+01,2.379413e+01,2.382123e+01,2.385510e+01,2.383478e+01,2.387542e+01,2.390250e+01,2.385510e+01,2.387542e+01,2.387542e+01,2.394311e+01,2.384155e+01,2.382123e+01,2.387542e+01,2.392958e+01,2.390927e+01,2.376702e+01,2.390250e+01,2.387542e+01,2.394988e+01,2.387542e+01,2.392958e+01,2.386187e+01,2.390927e+01,2.389573e+01,2.388896e+01,2.390927e+01,2.391604e+01,2.387542e+01,2.390927e+01,2.406485e+01,2.391604e+01,2.403105e+01,2.401076e+01,2.411215e+01,2.489293e+01,2.658255e+01,2.724699e+01,2.733876e+01,2.764629e+01,2.760708e+01,2.761362e+01,2.759401e+01,2.760708e+01,2.768549e+01,2.761362e+01,2.762669e+01,2.735842e+01,2.739772e+01,2.726666e+01,2.729289e+01,2.720763e+01,2.712888e+01,2.687910e+01,2.666831e+01,2.665512e+01,2.633149e+01,2.612623e+01,2.583421e+01,2.559468e+01,2.553472e+01,2.526110e+01,2.532790e+01,2.524105e+01,2.489964e+01,2.470500e+01,2.455710e+01,2.461763e+01,2.453692e+01,2.442921e+01,2.445614e+01,2.434161e+01,2.439552e+01,2.435509e+01,2.439552e+01,2.438878e+01,2.451673e+01,2.462436e+01,2.457728e+01,2.456383e+01,2.426743e+01,2.439552e+01,2.424044e+01,2.413917e+01,2.418644e+01,2.420670e+01,2.411215e+01,2.411215e+01,2.402428e+01,2.398371e+01,2.398371e+01,2.412566e+01,2.399047e+01,2.388896e+01,2.381446e+01,2.379413e+01,2.387542e+01,2.390927e+01,2.378057e+01,2.388896e+01,2.383478e+01,2.376024e+01,2.368564e+01,2.367886e+01,2.369242e+01,2.363814e+01,2.371956e+01,2.367886e+01,2.376024e+01,2.390250e+01,2.407837e+01,2.411215e+01,2.418644e+01,2.408512e+01,2.413917e+01,2.407161e+01,2.413917e+01,2.413242e+01,2.392958e+01,2.415943e+01,2.419994e+01,2.430115e+01,2.434835e+01,2.431464e+01,2.442921e+01,2.443594e+01,2.439552e+01,2.440900e+01,2.426743e+01,2.417969e+01,2.413242e+01,2.406485e+01,2.388219e+01,2.388219e+01,2.385510e+01,2.369921e+01,2.359062e+01,2.318923e+01,2.319604e+01,2.295037e+01,2.295037e+01,2.285467e+01,2.286151e+01,2.287519e+01,2.292987e+01,2.295037e+01,2.325737e+01,2.316877e+01,2.304598e+01,2.301184e+01,2.308693e+01,2.334589e+01,2.347513e+01,2.365850e+01,2.367886e+01,2.374668e+01,2.377380e+01,2.373990e+01,2.385510e+01,2.384155e+01,2.385510e+01,2.369921e+01,2.365850e+01,2.361099e+01,2.357025e+01,2.357025e+01,2.342073e+01,2.352949e+01,2.368564e+01,2.389573e+01,2.379413e+01,2.384155e+01,2.366529e+01,2.384833e+01,2.377380e+01,2.357704e+01,2.363814e+01,2.359062e+01,2.316195e+01,2.319604e+01,2.306645e+01,2.313468e+01,2.302550e+01,2.305963e+01,2.292303e+01,2.295720e+01,2.297769e+01,2.288886e+01,2.300501e+01,2.281363e+01,2.297086e+01,2.298452e+01,2.300501e+01,2.301184e+01,2.304598e+01,2.291620e+01,2.312786e+01,2.327099e+01,2.346153e+01,2.354987e+01,2.365172e+01,2.366529e+01,2.365850e+01,2.376024e+01,2.352270e+01,2.350231e+01,2.365172e+01,2.367886e+01,2.352270e+01,2.347513e+01,2.345473e+01,2.359741e+01,2.346833e+01,2.354987e+01,2.350911e+01,2.363136e+01,2.358383e+01,2.363136e+01,2.371956e+01,2.369921e+01,2.381446e+01,2.397694e+01,2.401076e+01,2.405133e+01,2.413242e+01,2.415268e+01,2.417969e+01,2.416619e+01,2.438205e+01,2.419994e+01,2.429441e+01,2.414593e+01,2.402428e+01,2.426068e+01,2.436183e+01,2.400400e+01,2.419994e+01,2.397694e+01,2.407161e+01,2.407837e+01,2.419319e+01,2.428092e+01,2.434835e+01,2.462436e+01,2.456383e+01,2.455710e+01,2.457728e+01,2.457056e+01,2.453692e+01,2.443594e+01,2.440900e+01,2.435509e+01,2.417969e+01,2.420670e+01,2.435509e+01,2.439552e+01,2.436857e+01,2.409188e+01,2.405133e+01,2.413917e+01,2.392958e+01,2.382123e+01,2.356346e+01,2.340713e+01,2.333228e+01,2.333228e+01,2.333228e+01,2.295720e+01,2.297086e+01,2.301184e+01,2.278626e+01
2.454365e+01,2.496667e+01,2.546805e+01,2.582092e+01,2.583421e+01,2.605993e+01,2.613286e+01,2.609309e+01,2.619248e+01,2.626532e+01,2.623884e+01,2.631826e+01,2.630502e+01,2.643727e+01,2.635133e+01,2.637117e+01,2.646370e+01,2.645049e+01,2.647031e+01,2.643727e+01,2.641744e+01,2.654955e+01,2.645049e+01,2.641084e+01,2.650994e+01,2.652975e+01,2.658915e+01,2.656275e+01,2.650994e+01,2.654955e+01,2.654955e+01,2.653635e+01,2.647691e+01,2.662874e+01,2.657595e+01,2.649673e+01,2.654295e+01,2.654295e+01,2.661554e+01,2.664852e+01,2.653635e+01,2.650994e+01,2.641744e+01,2.647691e+01,2.642405e+01,2.637117e+01,2.637117e+01,2.652975e+01,2.636456e+01,2.627194e+01,2.631826e+01,2.627855e+01,2.625208e+01,2.610634e+01,2.635133e+01,2.619248e+01,2.638439e+01,2.617924e+01,2.611960e+01,2.636456e+01,2.635794e+01,2.622560e+01,2.633810e+01,2.623222e+01,2.618586e+01,2.616599e+01,2.609309e+01,2.614611e+01,2.612623e+01,2.608646e+01,2.609309e+01,2.587408e+01,2.598696e+01,2.598696e+01,2.597368e+01,2.577438e+01,2.579433e+01,2.576108e+01,2.565462e+01,2.557470e+01,2.536129e+01,2.516082e+01,2.512737e+01,2.521431e+01,2.519426e+01,2.534126e+01,2.544137e+01,2.539466e+01,2.528115e+01,2.524773e+01,2.532790e+01,2.529451e+01,2.520763e+01,2.515413e+01,2.510730e+01,2.507383e+01,2.504705e+01,2.498007e+01,2.469828e+01,2.453692e+01,2.453692e+01,2.431464e+01,2.422694e+01,2.383478e+01,2.395664e+01,2.372634e+01,2.383478e+01,2.370599e+01,2.348872e+01,2.372634e+01,2.375346e+01,2.392958e+01,2.405809e+01,2.382801e+01,2.384833e+01,2.394988e+01,2.391604e+01,2.390250e+01,2.382123e+01,2.363814e+01,2.373990e+01,2.360420e+01,2.372634e+01,2.361778e+01,2.363136e+01,2.373990e+01,2.378735e+01,2.377380e+01,2.384833e+01,2.380091e+01,2.400400e+01,2.402428e+01,2.397018e+01,2.390927e+01,2.397694e+01,2.406485e+01,2.402428e+01,2.403105e+01,2.415268e+01,2.417969e+01,2.418644e+01,2.428766e+01,2.432138e+01,2.419319e+01,2.414593e+01,2.423369e+01,2.427417e+01,2.410540e+01,2.405809e+01,2.403781e+01,2.403105e+01,2.404457e+01,2.397018e+01,2.401076e+01,2.378735e+01,2.372634e+01,2.371277e+01,2.363136e+01,2.354308e+01,2.356346e+01,2.361778e+01,2.357025e+01,2.361099e+01,2.368564e+01,2.384833e+01,2.378735e+01,2.393634e+01,2.383478e+01,2.401076e+01,2.399723e+01,2.405133e+01,2.407837e+01,2.410540e+01,2.412566e+01,2.422019e+01,2.428766e+01,2.414593e+01,2.428092e+01,2.424719e+01,2.426743e+01,2.428766e+01,2.433487e+01,2.439552e+01,2.426068e+01,2.432812e+01,2.430790e+01,2.438878e+01,2.434161e+01,2.424719e+01,2.432812e+01,2.422694e+01,2.424044e+01,2.429441e+01,2.427417e+01,2.429441e+01,2.428092e+01,2.432138e+01,2.434161e+01,2.467141e+01,2.483256e+01,2.503366e+01,2.520763e+01,2.510060e+01,2.519426e+01,2.518757e+01,2.517419e+01,2.533458e+01,2.520763e+01,2.507383e+01,2.504035e+01,2.487952e+01,2.481243e+01,2.455710e+01,2.439552e+01,2.418644e+01,2.391604e+01,2.390927e+01,2.410540e+01,2.410540e+01,2.392281e+01,2.394988e+01,2.403105e+01,2.403781e+01,2.425393e+01,2.457056e+01,2.489964e+01,2.513406e+01,2.548805e+01,2.568124e+01,2.607319e+01,2.643727e+01,2.657595e+01,2.689884e+01,2.691858e+01,2.693173e+01,2.676717e+01,2.666831e+01,2.662214e+01,2.641084e+01,2.611297e+01,2.598032e+01,2.566793e+01,2.545471e+01,2.533458e+01,2.484598e+01,2.487281e+01,2.453692e+01,2.433487e+01,2.413242e+01,2.411215e+01,2.419319e+01,2.401752e+01,2.407837e+01,2.405133e+01,2.407837e+01,2.385510e+01,2.407161e+01,2.405133e+01,2.407837e+01,2.404457e+01,2.403105e+01,2.415268e+01,2.404457e+01,2.404457e+01,2.407161e+01,2.389573e+01,2.405809e+01,2.407161e+01,2.398371e+01,2.393634e+01,2.402428e+01,2.408512e+01,2.394988e+01,2.398371e+01,2.402428e+01,2.399723e+01,2.399047e+01,2.411215e+01,2.397018e+01,2.397694e+01,2.394988e+01,2.397694e+01,2.396341e+01,2.396341e+01,2.409188e+01,2.399723e+01,2.406485e+01,2.399723e+01,2.409864e+01,2.397694e+01,2.393634e+01,2.402428e+01,2.396341e+01,2.399047e+01,2.397018e+01,2.400400e+01,2.397018e+01,2.395664e+01,2.398371e+01,2.399047e+01,2.403105e+01,2.399047e+01,2.397694e+01,2.398371e+01,2.395664e+01,2.389573e+01,2.401752e+01,2.392958e+01,2.398371e+01,2.379413e+01,2.395664e+01,2.379413e+01,2.397694e+01,2.386865e+01,2.390250e+01,2.392958e+01,2.396341e+01,2.389573e+01,2.388219e+01,2.386187e+01,2.383478e+01,2.384833e+01,2.381446e+01,2.386187e+01,2.379413e+01,2.391604e+01,2.378057e+01,2.393634e+01,2.392281e+01,2.394988e+01,2.391604e+01,2.394988e+01,2.382123e+01,2.387542e+01,2.393634e+01,2.386187e+01,2.382801e+01,2.384155e+01,2.388896e+01,2.384155e+01,2.394311e+01,2.382801e+01,2.383478e+01,2.384155e+01,2.384155e+01,2.382123e+01,2.382801e+01,2.378735e+01,2.380768e+01,2.389573e+01,2.382801e+01,2.381446e+01,2.381446e+01,2.378735e+01,2.380091e+01,2.381446e+01,2.380768e+01,2.381446e+01,2.378057e+01,2.379413e+01,2.384833e+01,2.387542e+01,2.383478e+01,2.374668e+01,2.375346e+01,2.384155e+01,2.387542e+01,2.386865e+01,2.378735e+01,2.382801e+01,2.384155e+01,2.390250e+01,2.388896e+01,2.388219e+01,2.388896e+01,2.381446e+01,2.385510e+01,2.385510e+01,2.390250e+01,2.385510e+01,2.390250e+01,2.392958e+01,2.389573e+01,2.384155e+01,2.388219e+01,2.387542e+01,2.386187e+01,2.388219e+01,2.384833e+01,2.387542e+01,2.390250e+01,2.393634e+01,2.390927e+01,2.391604e+01,2.385510e+01,2.391604e+01,2.388896e+01,2.405133e+01,2.398371e+01,2.390927e+01,2.389573e+01,2.394988e+01,2.405133e+01,2.417969e+01,2.479230e+01,2.654295e+01,2.704349e+01,2.732566e+01,2.746974e+01,2.746974e+01,2.773772e+01,2.766589e+01,2.769855e+01,2.760055e+01,2.758093e+01,2.765282e+01,2.729944e+01,2.748282e+01,2.728633e+01,2.726666e+01,2.721420e+01,2.707634e+01,2.684619e+01,2.676717e+01,2.649673e+01,2.627855e+01,2.612623e+01,2.583421e+01,2.563464e+01,2.545471e+01,2.534126e+01,2.540133e+01,2.526110e+01,2.515413e+01,2.487952e+01,2.482585e+01,2.462436e+01,2.464452e+01,2.456383e+01,2.446288e+01,2.455710e+01,2.440900e+01,2.451000e+01,2.462436e+01,2.466469e+01,2.469156e+01,2.466469e+01,2.461091e+01,2.436857e+01,2.430790e+01,2.427417e+01,2.444268e+01,2.426743e+01,2.424044e+01,2.409188e+01,2.425393e+01,2.404457e+01,2.405809e+01,2.401752e+01,2.388896e+01,2.397694e+01,2.376702e+01,2.398371e+01,2.386187e+01,2.397694e+01,2.396341e+01,2.379413e+01,2.386865e+01,2.388896e+01,2.376024e+01,2.367886e+01,2.372634e+01,2.365850e+01,2.368564e+01,2.365850e+01,2.368564e+01,2.371277e+01,2.392958e+01,2.414593e+01,2.412566e+01,2.413917e+01,2.417294e+01,2.428766e+01,2.415268e+01,2.420670e+01,2.430790e+01,2.434161e+01,2.424719e+01,2.427417e+01,2.419994e+01,2.434161e+01,2.435509e+01,2.443594e+01,2.443594e+01,2.445614e+01,2.440226e+01,2.439552e+01,2.438878e+01,2.436183e+01,2.419319e+01,2.419994e+01,2.409864e+01,2.427417e+01,2.398371e+01,2.387542e+01,2.388219e+01,2.363136e+01,2.329823e+01,2.323012e+01,2.305280e+01,2.295720e+01,2.288886e+01,2.290937e+01,2.297769e+01,2.311422e+01,2.329142e+01,2.311422e+01,2.326418e+01,2.327099e+01,2.310739e+01,2.346833e+01,2.365172e+01,2.371956e+01,2.371277e+01,2.386865e+01,2.384833e+01,2.403105e+01,2.381446e+01,2.399047e+01,2.376702e+01,2.371277e+01,2.374668e+01,2.372634e+01,2.361778e+01,2.365172e+01,2.357025e+01,2.365850e+01,2.377380e+01,2.365172e+01,2.373990e+01,2.394988e+01,2.399723e+01,2.397018e+01,2.394311e+01,2.381446e+01,2.371277e+01,2.349552e+01,2.318923e+01,2.317559e+01,2.316877e+01,2.299135e+01,2.301184e+01,2.297086e+01,2.301867e+01,2.291620e+01,2.301867e+01,2.287519e+01,2.290253e+01,2.300501e+01,2.299818e+01,2.300501e+01,2.303915e+01,2.306645e+01,2.314150e+01,2.314832e+01,2.316195e+01,2.334589e+01,2.333908e+01,2.359741e+01,2.365850e+01,2.369242e+01,2.371956e+01,2.369242e+01,2.361778e+01,2.371956e+01,2.363136e+01,2.354308e+01,2.360420e+01,2.359062e+01,2.350231e+01,2.362457e+01,2.352270e+01,2.356346e+01,2.354308e+01,2.373990e+01,2.360420e+01,2.363814e+01,2.371956e+01,2.373312e+01,2.381446e+01,2.376024e+01,2.409864e+01,2.410540e+01,2.401076e+01,2.405133e+01,2.407161e+01,2.415268e+01,2.415943e+01,2.438205e+01,2.419994e+01,2.422694e+01,2.413917e+01,2.403781e+01,2.387542e+01,2.397018e+01,2.386187e+01,2.386865e+01,2.390250e+01,2.407837e+01,2.394311e+01,2.411215e+01,2.432138e+01,2.432138e+01,2.457056e+01,2.465124e+01,2.457056e+01,2.442247e+01,2.453019e+01,2.439552e+01,2.452346e+01,2.451000e+01,2.458401e+01,2.434835e+01,2.464452e+01,2.450327e+01,2.435509e+01,2.432138e+01,2.427417e+01,2.422694e+01,2.422694e+01,2.392958e+01,2.384833e+01,2.357704e+01,2.361778e+01,2.361099e+01,2.317559e+01,2.307328e+01,2.308693e+01,2.297769e+01,2.280679e+01
2.460419e+01,2.498677e+01,2.546805e+01,2.580762e+01,2.598696e+01,2.615274e+01,2.611297e+01,2.620573e+01,2.616599e+01,2.629841e+01,2.635794e+01,2.645709e+01,2.633810e+01,2.641744e+01,2.649673e+01,2.647031e+01,2.627194e+01,2.642405e+01,2.633810e+01,2.645709e+01,2.647031e+01,2.635133e+01,2.639100e+01,2.651654e+01,2.652975e+01,2.650994e+01,2.649673e+01,2.645709e+01,2.650994e+01,2.656935e+01,2.638439e+01,2.649012e+01,2.653635e+01,2.630502e+01,2.656275e+01,2.652975e+01,2.652314e+01,2.654295e+01,2.652314e+01,2.657595e+01,2.653635e+01,2.653635e+01,2.655615e+01,2.650994e+01,2.656275e+01,2.636456e+01,2.637117e+01,2.638439e+01,2.631826e+01,2.633149e+01,2.632487e+01,2.626532e+01,2.629179e+01,2.615936e+01,2.623884e+01,2.615274e+01,2.627194e+01,2.619248e+01,2.615274e+01,2.619248e+01,2.614611e+01,2.621898e+01,2.620573e+01,2.623884e+01,2.633810e+01,2.626532e+01,2.620573e+01,2.619911e+01,2.605993e+01,2.609309e+01,2.598032e+01,2.598032e+01,2.590729e+01,2.600023e+01,2.581427e+01,2.589401e+01,2.576773e+01,2.562798e+01,2.561466e+01,2.552139e+01,2.526778e+01,2.523437e+01,2.515413e+01,2.511399e+01,2.491305e+01,2.524773e+01,2.531454e+01,2.546138e+01,2.530787e+01,2.530119e+01,2.527446e+01,2.526778e+01,2.524105e+01,2.518757e+01,2.512737e+01,2.495326e+01,2.502026e+01,2.492645e+01,2.469828e+01,2.459746e+01,2.455710e+01,2.445614e+01,2.434161e+01,2.396341e+01,2.382801e+01,2.380768e+01,2.356346e+01,2.354308e+01,2.361099e+01,2.381446e+01,2.371277e+01,2.390250e+01,2.378057e+01,2.396341e+01,2.384833e+01,2.381446e+01,2.388896e+01,2.385510e+01,2.381446e+01,2.363814e+01,2.361099e+01,2.355667e+01,2.370599e+01,2.363814e+01,2.357025e+01,2.352949e+01,2.353629e+01,2.369242e+01,2.365850e+01,2.375346e+01,2.392281e+01,2.398371e+01,2.401076e+01,2.395664e+01,2.387542e+01,2.395664e+01,2.390250e+01,2.402428e+01,2.415268e+01,2.424044e+01,2.430790e+01,2.428766e+01,2.440226e+01,2.436183e+01,2.432812e+01,2.433487e+01,2.407161e+01,2.406485e+01,2.404457e+01,2.397694e+01,2.403781e+01,2.395664e+01,2.390927e+01,2.390250e+01,2.368564e+01,2.371956e+01,2.374668e+01,2.372634e+01,2.361778e+01,2.359062e+01,2.355667e+01,2.354308e+01,2.363814e+01,2.364493e+01,2.367207e+01,2.391604e+01,2.392958e+01,2.393634e+01,2.398371e+01,2.397694e+01,2.404457e+01,2.407837e+01,2.407161e+01,2.408512e+01,2.415268e+01,2.418644e+01,2.415943e+01,2.419319e+01,2.417969e+01,2.410540e+01,2.415268e+01,2.429441e+01,2.430790e+01,2.428766e+01,2.436183e+01,2.428766e+01,2.428766e+01,2.436183e+01,2.424044e+01,2.432138e+01,2.422694e+01,2.422694e+01,2.424044e+01,2.422694e+01,2.414593e+01,2.429441e+01,2.433487e+01,2.431464e+01,2.430115e+01,2.450327e+01,2.438205e+01,2.451000e+01,2.472515e+01,2.471844e+01,2.491305e+01,2.493316e+01,2.507383e+01,2.502026e+01,2.475873e+01,2.481243e+01,2.471172e+01,2.467813e+01,2.469156e+01,2.438878e+01,2.438878e+01,2.416619e+01,2.432812e+01,2.433487e+01,2.451000e+01,2.449654e+01,2.430115e+01,2.444268e+01,2.445614e+01,2.451673e+01,2.489293e+01,2.516082e+01,2.505375e+01,2.546138e+01,2.585415e+01,2.609971e+01,2.645709e+01,2.656935e+01,2.690542e+01,2.688568e+01,2.691858e+01,2.694489e+01,2.674740e+01,2.660895e+01,2.658915e+01,2.633810e+01,2.607982e+01,2.588736e+01,2.542802e+01,2.528115e+01,2.529451e+01,2.487281e+01,2.469828e+01,2.434835e+01,2.412566e+01,2.403781e+01,2.414593e+01,2.416619e+01,2.405809e+01,2.414593e+01,2.407837e+01,2.399047e+01,2.404457e+01,2.405809e+01,2.408512e+01,2.410540e+01,2.416619e+01,2.394988e+01,2.398371e+01,2.392958e+01,2.401076e+01,2.407161e+01,2.407837e+01,2.401076e+01,2.406485e+01,2.387542e+01,2.401076e+01,2.406485e+01,2.401752e+01,2.411215e+01,2.406485e+01,2.416619e+01,2.397018e+01,2.397694e+01,2.401076e+01,2.397018e+01,2.400400e+01,2.406485e+01,2.405809e+01,2.392281e+01,2.390927e+01,2.407837e+01,2.404457e+01,2.406485e+01,2.405809e+01,2.392281e+01,2.401752e+01,2.404457e+01,2.403781e+01,2.395664e+01,2.391604e+01,2.404457e+01,2.395664e+01,2.401076e+01,2.398371e+01,2.392958e+01,2.387542e+01,2.380768e+01,2.401752e+01,2.400400e+01,2.402428e+01,2.401076e+01,2.402428e+01,2.399723e+01,2.388219e+01,2.391604e+01,2.388896e+01,2.397018e+01,2.379413e+01,2.378057e+01,2.388896e+01,2.397694e+01,2.389573e+01,2.400400e+01,2.391604e+01,2.388219e+01,2.385510e+01,2.390927e+01,2.392281e+01,2.378057e+01,2.394988e+01,2.385510e+01,2.385510e+01,2.387542e+01,2.390250e+01,2.392958e+01,2.389573e+01,2.387542e+01,2.381446e+01,2.384833e+01,2.394311e+01,2.388219e+01,2.392281e+01,2.391604e+01,2.385510e+01,2.378057e+01,2.396341e+01,2.388219e+01,2.386865e+01,2.386865e+01,2.385510e+01,2.379413e+01,2.380091e+01,2.380768e+01,2.378735e+01,2.378735e+01,2.381446e+01,2.383478e+01,2.377380e+01,2.387542e+01,2.381446e+01,2.380091e+01,2.382801e+01,2.382123e+01,2.384833e+01,2.385510e+01,2.380091e+01,2.378057e+01,2.382801e+01,2.368564e+01,2.386865e+01,2.373990e+01,2.386865e+01,2.375346e+01,2.363814e+01,2.382123e+01,2.385510e+01,2.382801e+01,2.376702e+01,2.386187e+01,2.390927e+01,2.376702e+01,2.388219e+01,2.386865e+01,2.390250e+01,2.385510e+01,2.389573e+01,2.389573e+01,2.384155e+01,2.386187e+01,2.388219e+01,2.386865e+01,2.383478e+01,2.385510e+01,2.383478e+01,2.386187e+01,2.384155e+01,2.388896e+01,2.389573e+01,2.391604e+01,2.378735e+01,2.389573e+01,2.389573e+01,2.390250e+01,2.403105e+01,2.397694e+01,2.407837e+01,2.397694e+01,2.405133e+01,2.400400e+01,2.448981e+01,2.638439e+01,2.703035e+01,2.735187e+01,2.753516e+01,2.767896e+01,2.765282e+01,2.763322e+01,2.759401e+01,2.776383e+01,2.763976e+01,2.729944e+01,2.749591e+01,2.740427e+01,2.741082e+01,2.732566e+01,2.724043e+01,2.708948e+01,2.695147e+01,2.665512e+01,2.654295e+01,2.636456e+01,2.613286e+01,2.584750e+01,2.584085e+01,2.552139e+01,2.557470e+01,2.537464e+01,2.533458e+01,2.519426e+01,2.498007e+01,2.469156e+01,2.486610e+01,2.463780e+01,2.477887e+01,2.455710e+01,2.449654e+01,2.452346e+01,2.466469e+01,2.481243e+01,2.460419e+01,2.469156e+01,2.466469e+01,2.465124e+01,2.435509e+01,2.428092e+01,2.441573e+01,2.434161e+01,2.433487e+01,2.432138e+01,2.436183e+01,2.430115e+01,2.414593e+01,2.405133e+01,2.394988e+01,2.397694e+01,2.403781e+01,2.390927e+01,2.397018e+01,2.392281e+01,2.396341e+01,2.398371e+01,2.393634e+01,2.381446e+01,2.375346e+01,2.383478e+01,2.379413e+01,2.363136e+01,2.369242e+01,2.365172e+01,2.369921e+01,2.373312e+01,2.379413e+01,2.386865e+01,2.390250e+01,2.428766e+01,2.430790e+01,2.415268e+01,2.424044e+01,2.436857e+01,2.436857e+01,2.436857e+01,2.423369e+01,2.435509e+01,2.446961e+01,2.443594e+01,2.444268e+01,2.442921e+01,2.446961e+01,2.449654e+01,2.451673e+01,2.443594e+01,2.459746e+01,2.438878e+01,2.438205e+01,2.444268e+01,2.440226e+01,2.436183e+01,2.419319e+01,2.426068e+01,2.417969e+01,2.403105e+01,2.391604e+01,2.364493e+01,2.346153e+01,2.331185e+01,2.292303e+01,2.295037e+01,2.301184e+01,2.294353e+01,2.323012e+01,2.318241e+01,2.337311e+01,2.329823e+01,2.331866e+01,2.337311e+01,2.350911e+01,2.371277e+01,2.365850e+01,2.367207e+01,2.382123e+01,2.392958e+01,2.403105e+01,2.395664e+01,2.397018e+01,2.391604e+01,2.371956e+01,2.367207e+01,2.366529e+01,2.365172e+01,2.362457e+01,2.368564e+01,2.373990e+01,2.378057e+01,2.367207e+01,2.369921e+01,2.380091e+01,2.390250e+01,2.371956e+01,2.382123e+01,2.374668e+01,2.348192e+01,2.345473e+01,2.318241e+01,2.315514e+01,2.299818e+01,2.296403e+01,2.298452e+01,2.279995e+01,2.294353e+01,2.290937e+01,2.288886e+01,2.295037e+01,2.292987e+01,2.283415e+01,2.291620e+01,2.299135e+01,2.293670e+01,2.288886e+01,2.312786e+01,2.317559e+01,2.329142e+01,2.344113e+01,2.355667e+01,2.369242e+01,2.372634e+01,2.383478e+01,2.383478e+01,2.382801e+01,2.374668e+01,2.384833e+01,2.369921e+01,2.371956e+01,2.363136e+01,2.363136e+01,2.351590e+01,2.357704e+01,2.357025e+01,2.353629e+01,2.349552e+01,2.363136e+01,2.358383e+01,2.372634e+01,2.376702e+01,2.371956e+01,2.396341e+01,2.399723e+01,2.409188e+01,2.411891e+01,2.397694e+01,2.394311e+01,2.401076e+01,2.411215e+01,2.424044e+01,2.438205e+01,2.436183e+01,2.411891e+01,2.390250e+01,2.380091e+01,2.337991e+01,2.328461e+01,2.317559e+01,2.326418e+01,2.316195e+01,2.341393e+01,2.354308e+01,2.371956e+01,2.421344e+01,2.431464e+01,2.450327e+01,2.457056e+01,2.449654e+01,2.447635e+01,2.443594e+01,2.452346e+01,2.455710e+01,2.462436e+01,2.465796e+01,2.459746e+01,2.458401e+01,2.469156e+01,2.457728e+01,2.446288e+01,2.430790e+01,2.411891e+01,2.419994e+01,2.416619e+01,2.405133e+01,2.370599e+01,2.386187e+01,2.332547e+01,2.332547e+01,2.314832e+01,2.291620e+01,2.282047e+01,2.302550e+01
2.459073e+01,2.518088e+01,2.546805e+01,2.576108e+01,2.579433e+01,2.603340e+01,2.611297e+01,2.610634e+01,2.615936e+01,2.619911e+01,2.629179e+01,2.629841e+01,2.629179e+01,2.639761e+01,2.643066e+01,2.641084e+01,2.626532e+01,2.643727e+01,2.649673e+01,2.645709e+01,2.633149e+01,2.640422e+01,2.658255e+01,2.647031e+01,2.651654e+01,2.641744e+01,2.646370e+01,2.648352e+01,2.645049e+01,2.647691e+01,2.650333e+01,2.648352e+01,2.648352e+01,2.649673e+01,2.652975e+01,2.652975e+01,2.652314e+01,2.650994e+01,2.651654e+01,2.651654e+01,2.650333e+01,2.649012e+01,2.639761e+01,2.643066e+01,2.645049e+01,2.641084e+01,2.637778e+01,2.634472e+01,2.637778e+01,2.629841e+01,2.635133e+01,2.619911e+01,2.627855e+01,2.615936e+01,2.610634e+01,2.601350e+01,2.610634e+01,2.611960e+01,2.609309e+01,2.615274e+01,2.609309e+01,2.620573e+01,2.621235e+01,2.623884e+01,2.621898e+01,2.625870e+01,2.599359e+01,2.602677e+01,2.601350e+01,2.599359e+01,2.596704e+01,2.588736e+01,2.586743e+01,2.588072e+01,2.578103e+01,2.582092e+01,2.564130e+01,2.564796e+01,2.547471e+01,2.534126e+01,2.512737e+01,2.523437e+01,2.506713e+01,2.489293e+01,2.506044e+01,2.516082e+01,2.543469e+01,2.544804e+01,2.532122e+01,2.536129e+01,2.532790e+01,2.526778e+01,2.526778e+01,2.513406e+01,2.506713e+01,2.500687e+01,2.498677e+01,2.501357e+01,2.489293e+01,2.485269e+01,2.469156e+01,2.441573e+01,2.434835e+01,2.399723e+01,2.399723e+01,2.369921e+01,2.373990e+01,2.365850e+01,2.360420e+01,2.369242e+01,2.369242e+01,2.368564e+01,2.369242e+01,2.378057e+01,2.380768e+01,2.383478e+01,2.377380e+01,2.383478e+01,2.376024e+01,2.359741e+01,2.356346e+01,2.355667e+01,2.347513e+01,2.346833e+01,2.355667e+01,2.354987e+01,2.354987e+01,2.369921e+01,2.376024e+01,2.369242e+01,2.388219e+01,2.381446e+01,2.382123e+01,2.395664e+01,2.389573e+01,2.383478e+01,2.403105e+01,2.407837e+01,2.422694e+01,2.422019e+01,2.428766e+01,2.431464e+01,2.428092e+01,2.424044e+01,2.421344e+01,2.434835e+01,2.411891e+01,2.405133e+01,2.403781e+01,2.397694e+01,2.398371e+01,2.401076e+01,2.383478e+01,2.376024e+01,2.382801e+01,2.378735e+01,2.371956e+01,2.367886e+01,2.354308e+01,2.359741e+01,2.357025e+01,2.357025e+01,2.363814e+01,2.365172e+01,2.388219e+01,2.363814e+01,2.392281e+01,2.397018e+01,2.394988e+01,2.399723e+01,2.405809e+01,2.411891e+01,2.410540e+01,2.407161e+01,2.415268e+01,2.411215e+01,2.416619e+01,2.410540e+01,2.413242e+01,2.413242e+01,2.408512e+01,2.412566e+01,2.418644e+01,2.429441e+01,2.424044e+01,2.424044e+01,2.419319e+01,2.415268e+01,2.417294e+01,2.421344e+01,2.421344e+01,2.399047e+01,2.404457e+01,2.392281e+01,2.389573e+01,2.385510e+01,2.394988e+01,2.404457e+01,2.405809e+01,2.432812e+01,2.409188e+01,2.415268e+01,2.434161e+01,2.438878e+01,2.448308e+01,2.454365e+01,2.454365e+01,2.454365e+01,2.455710e+01,2.469828e+01,2.469828e+01,2.474530e+01,2.467141e+01,2.448308e+01,2.454365e+01,2.463780e+01,2.479230e+01,2.518757e+01,2.523437e+01,2.525442e+01,2.510730e+01,2.498677e+01,2.500017e+01,2.495997e+01,2.494656e+01,2.492645e+01,2.499347e+01,2.540801e+01,2.564796e+01,2.600023e+01,2.645049e+01,2.675399e+01,2.689884e+01,2.686594e+01,2.695804e+01,2.701721e+01,2.682644e+01,2.663533e+01,2.662214e+01,2.633149e+01,2.615936e+01,2.602013e+01,2.548805e+01,2.532122e+01,2.531454e+01,2.477216e+01,2.474530e+01,2.430790e+01,2.413242e+01,2.405133e+01,2.401752e+01,2.398371e+01,2.397694e+01,2.404457e+01,2.401752e+01,2.399723e+01,2.398371e+01,2.394988e+01,2.403105e+01,2.407837e+01,2.396341e+01,2.397694e+01,2.389573e+01,2.389573e+01,2.398371e+01,2.395664e+01,2.411215e+01,2.391604e+01,2.404457e+01,2.390927e+01,2.386865e+01,2.405809e+01,2.390250e+01,2.399047e+01,2.405809e+01,2.397694e+01,2.397694e+01,2.396341e+01,2.394988e+01,2.393634e+01,2.397694e+01,2.395664e+01,2.394311e+01,2.394988e+01,2.402428e+01,2.397018e+01,2.401076e+01,2.394988e+01,2.407161e+01,2.392958e+01,2.400400e+01,2.403105e+01,2.392958e+01,2.397694e+01,2.400400e+01,2.397018e+01,2.394988e+01,2.394311e+01,2.388219e+01,2.390250e+01,2.397018e+01,2.396341e+01,2.401752e+01,2.392958e+01,2.390250e+01,2.388896e+01,2.389573e+01,2.390250e+01,2.390927e+01,2.386865e+01,2.397694e+01,2.396341e+01,2.396341e+01,2.390927e+01,2.386187e+01,2.391604e+01,2.386187e+01,2.383478e+01,2.384833e+01,2.387542e+01,2.386865e+01,2.397694e+01,2.381446e+01,2.390927e+01,2.388219e+01,2.378735e+01,2.381446e+01,2.384155e+01,2.392281e+01,2.397018e+01,2.393634e+01,2.384833e+01,2.391604e+01,2.390927e+01,2.388219e+01,2.384833e+01,2.386865e+01,2.385510e+01,2.381446e+01,2.395664e+01,2.375346e+01,2.390250e+01,2.390927e+01,2.387542e+01,2.380091e+01,2.382123e+01,2.381446e+01,2.390927e+01,2.378057e+01,2.378735e+01,2.388219e+01,2.379413e+01,2.376702e+01,2.376702e+01,2.369242e+01,2.381446e+01,2.378735e+01,2.379413e+01,2.377380e+01,2.385510e+01,2.384833e+01,2.381446e+01,2.376702e+01,2.369242e+01,2.384155e+01,2.373312e+01,2.374668e+01,2.382801e+01,2.382801e+01,2.380768e+01,2.389573e+01,2.390250e+01,2.375346e+01,2.376702e+01,2.373312e+01,2.387542e+01,2.384833e+01,2.382801e+01,2.388219e+01,2.376024e+01,2.387542e+01,2.388896e+01,2.382123e+01,2.380091e+01,2.385510e+01,2.385510e+01,2.386865e+01,2.388219e+01,2.385510e+01,2.383478e+01,2.384155e+01,2.382123e+01,2.381446e+01,2.387542e+01,2.387542e+01,2.388219e+01,2.392958e+01,2.392958e+01,2.390250e+01,2.398371e+01,2.389573e+01,2.403105e+01,2.399047e+01,2.403781e+01,2.425393e+01,2.615274e+01,2.679352e+01,2.708948e+01,2.741082e+01,2.748937e+01,2.757440e+01,2.750900e+01,2.775731e+01,2.756132e+01,2.755478e+01,2.738462e+01,2.745665e+01,2.743046e+01,2.744355e+01,2.722731e+01,2.720107e+01,2.710918e+01,2.681986e+01,2.673422e+01,2.655615e+01,2.613286e+01,2.615274e+01,2.583421e+01,2.573447e+01,2.554804e+01,2.552139e+01,2.534126e+01,2.537464e+01,2.527446e+01,2.518757e+01,2.501357e+01,2.490634e+01,2.483256e+01,2.483927e+01,2.482585e+01,2.464452e+01,2.477887e+01,2.478558e+01,2.473187e+01,2.467813e+01,2.461763e+01,2.461763e+01,2.459073e+01,2.444268e+01,2.446961e+01,2.439552e+01,2.447635e+01,2.426068e+01,2.430115e+01,2.411215e+01,2.420670e+01,2.422694e+01,2.411215e+01,2.409864e+01,2.417294e+01,2.391604e+01,2.399047e+01,2.392281e+01,2.390927e+01,2.382801e+01,2.381446e+01,2.397694e+01,2.393634e+01,2.394988e+01,2.370599e+01,2.371277e+01,2.370599e+01,2.366529e+01,2.360420e+01,2.369921e+01,2.378057e+01,2.367207e+01,2.403781e+01,2.392958e+01,2.412566e+01,2.427417e+01,2.421344e+01,2.429441e+01,2.438878e+01,2.437531e+01,2.441573e+01,2.446288e+01,2.440900e+01,2.458401e+01,2.453019e+01,2.447635e+01,2.457056e+01,2.455038e+01,2.453019e+01,2.447635e+01,2.450327e+01,2.447635e+01,2.464452e+01,2.446961e+01,2.451673e+01,2.446288e+01,2.446961e+01,2.461091e+01,2.427417e+01,2.435509e+01,2.428092e+01,2.414593e+01,2.390927e+01,2.376702e+01,2.340713e+01,2.338672e+01,2.325056e+01,2.325056e+01,2.335269e+01,2.346153e+01,2.344113e+01,2.344793e+01,2.354987e+01,2.356346e+01,2.354308e+01,2.357025e+01,2.380768e+01,2.388219e+01,2.390250e+01,2.390250e+01,2.397694e+01,2.417294e+01,2.417969e+01,2.402428e+01,2.394988e+01,2.395664e+01,2.381446e+01,2.381446e+01,2.365850e+01,2.368564e+01,2.367207e+01,2.374668e+01,2.365850e+01,2.374668e+01,2.366529e+01,2.367207e+01,2.367207e+01,2.364493e+01,2.369921e+01,2.339352e+01,2.340032e+01,2.314832e+01,2.312104e+01,2.297769e+01,2.291620e+01,2.301184e+01,2.297086e+01,2.292987e+01,2.278626e+01,2.299135e+01,2.289569e+01,2.287519e+01,2.286835e+01,2.290937e+01,2.287519e+01,2.284783e+01,2.306645e+01,2.292987e+01,2.310739e+01,2.313468e+01,2.331866e+01,2.355667e+01,2.369921e+01,2.370599e+01,2.379413e+01,2.378057e+01,2.377380e+01,2.378057e+01,2.372634e+01,2.381446e+01,2.378057e+01,2.378057e+01,2.376702e+01,2.367886e+01,2.374668e+01,2.375346e+01,2.374668e+01,2.362457e+01,2.388219e+01,2.373990e+01,2.372634e+01,2.373312e+01,2.399047e+01,2.392958e+01,2.394988e+01,2.394311e+01,2.397694e+01,2.404457e+01,2.399047e+01,2.394988e+01,2.404457e+01,2.394311e+01,2.409864e+01,2.424044e+01,2.424044e+01,2.385510e+01,2.357704e+01,2.326418e+01,2.301867e+01,2.282731e+01,2.273835e+01,2.279310e+01,2.279995e+01,2.271780e+01,2.309375e+01,2.337991e+01,2.354987e+01,2.394988e+01,2.422694e+01,2.415268e+01,2.419319e+01,2.453019e+01,2.445614e+01,2.455710e+01,2.467141e+01,2.490634e+01,2.489964e+01,2.465796e+01,2.459073e+01,2.464452e+01,2.459073e+01,2.443594e+01,2.424719e+01,2.411215e+01,2.415943e+01,2.406485e+01,2.403105e+01,2.392958e+01,2.378735e+01,2.330504e+01,2.314832e+01,2.313468e+01,2.295037e+01,2.284099e+01,2.301184e+01
2.473187e+01,2.517419e+01,2.572782e+01,2.579433e+01,2.580762e+01,2.604667e+01,2.613286e+01,2.611297e+01,2.619911e+01,2.609971e+01,2.623884e+01,2.623884e+01,2.629179e+01,2.627855e+01,2.633810e+01,2.629841e+01,2.642405e+01,2.637778e+01,2.655615e+01,2.643727e+01,2.657595e+01,2.632487e+01,2.652975e+01,2.637117e+01,2.649673e+01,2.649673e+01,2.648352e+01,2.644388e+01,2.637117e+01,2.656275e+01,2.646370e+01,2.658915e+01,2.651654e+01,2.649673e+01,2.642405e+01,2.647031e+01,2.647031e+01,2.652314e+01,2.639761e+01,2.655615e+01,2.654295e+01,2.642405e+01,2.645709e+01,2.635794e+01,2.644388e+01,2.645709e+01,2.642405e+01,2.638439e+01,2.628517e+01,2.627194e+01,2.644388e+01,2.637778e+01,2.623884e+01,2.613286e+01,2.616599e+01,2.614611e+01,2.609309e+01,2.607319e+01,2.615274e+01,2.605993e+01,2.618586e+01,2.618586e+01,2.616599e+01,2.615936e+01,2.619911e+01,2.617261e+01,2.613948e+01,2.611960e+01,2.598032e+01,2.605993e+01,2.602677e+01,2.587408e+01,2.569455e+01,2.584750e+01,2.576773e+01,2.562132e+01,2.562798e+01,2.540801e+01,2.528782e+01,2.526110e+01,2.528115e+01,2.493316e+01,2.487952e+01,2.498677e+01,2.521431e+01,2.533458e+01,2.547471e+01,2.532122e+01,2.536129e+01,2.532122e+01,2.528782e+01,2.528782e+01,2.520763e+01,2.512068e+01,2.510730e+01,2.517419e+01,2.498007e+01,2.496667e+01,2.482585e+01,2.486610e+01,2.456383e+01,2.455038e+01,2.436857e+01,2.413917e+01,2.402428e+01,2.381446e+01,2.371956e+01,2.342073e+01,2.352949e+01,2.352270e+01,2.351590e+01,2.357025e+01,2.361778e+01,2.362457e+01,2.376024e+01,2.361099e+01,2.381446e+01,2.378057e+01,2.363814e+01,2.359741e+01,2.342753e+01,2.354308e+01,2.349552e+01,2.343433e+01,2.352270e+01,2.354987e+01,2.369921e+01,2.373990e+01,2.371956e+01,2.382123e+01,2.371956e+01,2.376024e+01,2.392281e+01,2.385510e+01,2.381446e+01,2.390927e+01,2.398371e+01,2.399047e+01,2.406485e+01,2.424719e+01,2.428092e+01,2.430115e+01,2.426068e+01,2.433487e+01,2.430115e+01,2.426068e+01,2.419994e+01,2.412566e+01,2.402428e+01,2.386865e+01,2.390927e+01,2.401076e+01,2.395664e+01,2.384833e+01,2.381446e+01,2.375346e+01,2.371956e+01,2.367886e+01,2.361778e+01,2.359062e+01,2.357704e+01,2.372634e+01,2.375346e+01,2.383478e+01,2.382123e+01,2.390250e+01,2.394311e+01,2.392281e+01,2.393634e+01,2.400400e+01,2.403105e+01,2.401752e+01,2.384833e+01,2.411215e+01,2.394988e+01,2.391604e+01,2.409864e+01,2.413917e+01,2.405809e+01,2.404457e+01,2.415943e+01,2.422019e+01,2.418644e+01,2.424719e+01,2.420670e+01,2.422694e+01,2.420670e+01,2.419994e+01,2.428092e+01,2.423369e+01,2.397694e+01,2.389573e+01,2.394988e+01,2.386187e+01,2.382123e+01,2.378057e+01,2.384833e+01,2.389573e+01,2.390250e+01,2.384833e+01,2.407837e+01,2.407161e+01,2.397018e+01,2.411891e+01,2.415943e+01,2.447635e+01,2.450327e+01,2.446288e+01,2.457056e+01,2.456383e+01,2.442247e+01,2.458401e+01,2.467141e+01,2.470500e+01,2.468484e+01,2.500687e+01,2.543469e+01,2.569455e+01,2.582756e+01,2.580097e+01,2.589401e+01,2.571451e+01,2.542135e+01,2.532790e+01,2.516751e+01,2.526778e+01,2.518757e+01,2.536129e+01,2.551472e+01,2.584750e+01,2.613948e+01,2.645709e+01,2.672763e+01,2.685936e+01,2.687252e+01,2.699749e+01,2.670786e+01,2.688568e+01,2.671445e+01,2.656935e+01,2.631826e+01,2.599359e+01,2.586743e+01,2.538131e+01,2.532122e+01,2.506044e+01,2.467141e+01,2.446288e+01,2.403105e+01,2.409188e+01,2.407161e+01,2.404457e+01,2.394311e+01,2.402428e+01,2.397018e+01,2.395664e+01,2.394311e+01,2.393634e+01,2.408512e+01,2.394988e+01,2.393634e+01,2.394988e+01,2.401752e+01,2.401752e+01,2.390927e+01,2.396341e+01,2.396341e+01,2.397018e+01,2.401076e+01,2.393634e+01,2.395664e+01,2.394311e+01,2.408512e+01,2.397018e+01,2.408512e+01,2.398371e+01,2.386187e+01,2.397694e+01,2.394311e+01,2.405133e+01,2.394311e+01,2.403781e+01,2.390250e+01,2.398371e+01,2.401076e+01,2.386187e+01,2.392281e+01,2.392958e+01,2.404457e+01,2.399047e+01,2.403105e+01,2.400400e+01,2.394988e+01,2.384155e+01,2.394311e+01,2.395664e+01,2.393634e+01,2.392958e+01,2.405809e+01,2.398371e+01,2.399723e+01,2.382123e+01,2.380091e+01,2.401752e+01,2.403781e+01,2.392281e+01,2.393634e+01,2.401752e+01,2.392281e+01,2.415943e+01,2.394311e+01,2.392281e+01,2.392281e+01,2.388896e+01,2.382123e+01,2.388219e+01,2.385510e+01,2.386865e+01,2.386187e+01,2.386865e+01,2.389573e+01,2.384155e+01,2.388896e+01,2.391604e+01,2.390250e+01,2.392958e+01,2.385510e+01,2.380768e+01,2.384155e+01,2.395664e+01,2.388896e+01,2.378057e+01,2.390927e+01,2.390250e+01,2.388896e+01,2.391604e+01,2.391604e+01,2.382123e+01,2.388219e+01,2.383478e+01,2.383478e+01,2.378057e+01,2.381446e+01,2.386865e+01,2.382801e+01,2.375346e+01,2.363136e+01,2.391604e+01,2.380091e+01,2.380768e+01,2.379413e+01,2.382123e+01,2.382801e+01,2.382123e+01,2.377380e+01,2.382123e+01,2.376702e+01,2.384833e+01,2.374668e+01,2.372634e+01,2.381446e+01,2.373312e+01,2.371956e+01,2.372634e+01,2.371956e+01,2.385510e+01,2.369921e+01,2.378057e+01,2.387542e+01,2.370599e+01,2.368564e+01,2.388896e+01,2.390927e+01,2.372634e+01,2.388896e+01,2.380768e+01,2.384155e+01,2.385510e+01,2.390927e+01,2.376024e+01,2.377380e+01,2.390250e+01,2.388219e+01,2.384833e+01,2.375346e+01,2.387542e+01,2.386187e+01,2.385510e+01,2.388219e+01,2.383478e+01,2.381446e+01,2.382801e+01,2.378735e+01,2.386187e+01,2.399047e+01,2.394988e+01,2.387542e+01,2.382801e+01,2.390250e+01,2.402428e+01,2.394988e+01,2.393634e+01,2.399047e+01,2.398371e+01,2.425393e+01,2.589401e+01,2.678034e+01,2.708948e+01,2.727322e+01,2.752208e+01,2.755478e+01,2.763976e+01,2.760708e+01,2.757440e+01,2.754170e+01,2.737152e+01,2.746319e+01,2.744355e+01,2.730600e+01,2.724699e+01,2.725355e+01,2.686594e+01,2.689226e+01,2.666831e+01,2.654295e+01,2.631164e+01,2.620573e+01,2.590065e+01,2.578768e+01,2.566127e+01,2.569455e+01,2.552139e+01,2.538131e+01,2.528115e+01,2.524773e+01,2.522100e+01,2.510730e+01,2.502696e+01,2.501357e+01,2.502026e+01,2.479230e+01,2.472515e+01,2.473858e+01,2.485940e+01,2.468484e+01,2.469828e+01,2.467813e+01,2.469156e+01,2.458401e+01,2.456383e+01,2.440900e+01,2.428092e+01,2.438205e+01,2.452346e+01,2.438878e+01,2.443594e+01,2.421344e+01,2.417969e+01,2.413917e+01,2.423369e+01,2.411215e+01,2.391604e+01,2.394311e+01,2.401076e+01,2.392958e+01,2.397694e+01,2.384833e+01,2.388219e+01,2.386187e+01,2.392958e+01,2.384833e+01,2.371956e+01,2.369921e+01,2.366529e+01,2.381446e+01,2.381446e+01,2.382801e+01,2.390250e+01,2.391604e+01,2.416619e+01,2.424044e+01,2.432812e+01,2.421344e+01,2.440900e+01,2.440226e+01,2.467813e+01,2.446288e+01,2.460419e+01,2.452346e+01,2.471844e+01,2.474530e+01,2.461091e+01,2.461091e+01,2.473187e+01,2.455710e+01,2.462436e+01,2.465796e+01,2.456383e+01,2.463108e+01,2.468484e+01,2.451673e+01,2.461763e+01,2.445614e+01,2.442921e+01,2.451000e+01,2.430115e+01,2.432138e+01,2.417294e+01,2.413917e+01,2.384833e+01,2.370599e+01,2.355667e+01,2.348872e+01,2.350911e+01,2.348192e+01,2.374668e+01,2.371956e+01,2.375346e+01,2.353629e+01,2.357704e+01,2.379413e+01,2.378057e+01,2.390250e+01,2.407837e+01,2.410540e+01,2.413242e+01,2.420670e+01,2.426743e+01,2.398371e+01,2.404457e+01,2.386865e+01,2.384155e+01,2.372634e+01,2.374668e+01,2.384155e+01,2.381446e+01,2.382123e+01,2.366529e+01,2.361099e+01,2.369921e+01,2.362457e+01,2.348872e+01,2.349552e+01,2.337991e+01,2.321649e+01,2.321649e+01,2.300501e+01,2.312104e+01,2.304598e+01,2.292987e+01,2.290937e+01,2.282731e+01,2.292987e+01,2.281363e+01,2.289569e+01,2.292987e+01,2.286835e+01,2.292303e+01,2.297769e+01,2.302550e+01,2.292987e+01,2.285467e+01,2.293670e+01,2.330504e+01,2.331866e+01,2.355667e+01,2.378057e+01,2.392281e+01,2.382801e+01,2.381446e+01,2.389573e+01,2.402428e+01,2.402428e+01,2.390250e+01,2.380768e+01,2.382123e+01,2.391604e+01,2.397018e+01,2.389573e+01,2.397018e+01,2.376024e+01,2.393634e+01,2.394988e+01,2.394311e+01,2.395664e+01,2.390250e+01,2.398371e+01,2.403781e+01,2.404457e+01,2.412566e+01,2.392281e+01,2.407837e+01,2.393634e+01,2.405809e+01,2.403105e+01,2.409864e+01,2.412566e+01,2.409864e+01,2.409864e+01,2.384155e+01,2.372634e+01,2.328461e+01,2.322330e+01,2.289569e+01,2.285467e+01,2.278626e+01,2.271780e+01,2.263560e+01,2.271096e+01,2.284099e+01,2.305280e+01,2.350911e+01,2.362457e+01,2.382123e+01,2.397694e+01,2.413917e+01,2.450327e+01,2.455038e+01,2.495997e+01,2.513406e+01,2.514744e+01,2.511399e+01,2.484598e+01,2.471172e+01,2.466469e+01,2.466469e+01,2.452346e+01,2.433487e+01,2.419319e+01,2.422019e+01,2.393634e+01,2.394988e+01,2.390250e+01,2.376024e+01,2.340713e+01,2.310739e+01,2.288202e+01,2.288202e+01,2.284783e+01,2.290937e+01
2.498677e+01,2.514075e+01,2.550139e+01,2.577438e+01,2.600686e+01,2.601350e+01,2.612623e+01,2.615936e+01,2.619911e+01,2.622560e+01,2.627855e+01,2.631826e+01,2.629841e+01,2.633149e+01,2.634472e+01,2.638439e+01,2.654955e+01,2.642405e+01,2.650994e+01,2.639761e+01,2.648352e+01,2.634472e+01,2.631164e+01,2.650333e+01,2.632487e+01,2.643066e+01,2.640422e+01,2.654295e+01,2.647691e+01,2.645049e+01,2.639761e+01,2.630502e+01,2.649673e+01,2.629841e+01,2.626532e+01,2.629841e+01,2.631826e+01,2.635133e+01,2.641084e+01,2.655615e+01,2.643066e+01,2.649012e+01,2.638439e+01,2.641084e+01,2.639761e+01,2.641744e+01,2.636456e+01,2.637778e+01,2.645709e+01,2.643727e+01,2.629841e+01,2.625208e+01,2.628517e+01,2.620573e+01,2.617924e+01,2.622560e+01,2.606656e+01,2.607319e+01,2.615936e+01,2.615936e+01,2.612623e+01,2.612623e+01,2.630502e+01,2.611297e+01,2.616599e+01,2.607319e+01,2.604667e+01,2.598696e+01,2.592057e+01,2.592721e+01,2.593385e+01,2.590065e+01,2.582092e+01,2.561466e+01,2.562798e+01,2.562132e+01,2.543469e+01,2.539466e+01,2.543469e+01,2.524105e+01,2.494656e+01,2.485269e+01,2.490634e+01,2.512068e+01,2.513406e+01,2.531454e+01,2.530119e+01,2.538799e+01,2.532122e+01,2.540133e+01,2.538131e+01,2.528115e+01,2.521431e+01,2.526778e+01,2.511399e+01,2.504705e+01,2.504705e+01,2.503366e+01,2.484598e+01,2.485269e+01,2.456383e+01,2.455038e+01,2.428766e+01,2.415943e+01,2.391604e+01,2.399047e+01,2.346833e+01,2.357704e+01,2.350911e+01,2.346153e+01,2.350911e+01,2.342073e+01,2.340713e+01,2.361778e+01,2.367207e+01,2.369242e+01,2.362457e+01,2.364493e+01,2.362457e+01,2.363136e+01,2.356346e+01,2.355667e+01,2.350231e+01,2.343433e+01,2.332547e+01,2.353629e+01,2.350231e+01,2.355667e+01,2.350911e+01,2.374668e+01,2.367886e+01,2.372634e+01,2.379413e+01,2.382123e+01,2.380091e+01,2.383478e+01,2.378735e+01,2.404457e+01,2.411891e+01,2.407837e+01,2.419319e+01,2.433487e+01,2.436183e+01,2.432138e+01,2.429441e+01,2.414593e+01,2.411215e+01,2.410540e+01,2.404457e+01,2.399047e+01,2.397694e+01,2.385510e+01,2.396341e+01,2.392958e+01,2.380091e+01,2.375346e+01,2.377380e+01,2.358383e+01,2.358383e+01,2.352949e+01,2.359062e+01,2.360420e+01,2.376702e+01,2.388896e+01,2.390927e+01,2.391604e+01,2.392958e+01,2.395664e+01,2.398371e+01,2.397694e+01,2.415943e+01,2.403105e+01,2.406485e+01,2.407837e+01,2.413242e+01,2.406485e+01,2.393634e+01,2.403781e+01,2.407161e+01,2.409188e+01,2.413242e+01,2.420670e+01,2.423369e+01,2.424719e+01,2.421344e+01,2.422019e+01,2.421344e+01,2.426743e+01,2.417969e+01,2.409864e+01,2.395664e+01,2.389573e+01,2.379413e+01,2.383478e+01,2.380768e+01,2.369921e+01,2.357025e+01,2.372634e+01,2.382123e+01,2.386187e+01,2.369242e+01,2.387542e+01,2.392281e+01,2.402428e+01,2.407837e+01,2.410540e+01,2.413917e+01,2.433487e+01,2.436183e+01,2.451000e+01,2.449654e+01,2.447635e+01,2.451673e+01,2.461091e+01,2.491975e+01,2.518088e+01,2.569455e+01,2.586079e+01,2.609971e+01,2.607982e+01,2.610634e+01,2.606656e+01,2.584750e+01,2.560800e+01,2.545471e+01,2.546805e+01,2.561466e+01,2.559468e+01,2.572117e+01,2.598032e+01,2.615274e+01,2.672763e+01,2.675399e+01,2.691200e+01,2.701064e+01,2.714857e+01,2.707634e+01,2.697119e+01,2.691200e+01,2.674081e+01,2.657595e+01,2.609309e+01,2.610634e+01,2.566127e+01,2.531454e+01,2.509391e+01,2.477887e+01,2.436857e+01,2.419319e+01,2.401752e+01,2.402428e+01,2.403105e+01,2.399723e+01,2.396341e+01,2.396341e+01,2.397694e+01,2.394988e+01,2.397018e+01,2.393634e+01,2.392958e+01,2.390250e+01,2.397694e+01,2.393634e+01,2.399723e+01,2.391604e+01,2.394311e+01,2.399723e+01,2.398371e+01,2.403781e+01,2.401076e+01,2.398371e+01,2.401752e+01,2.387542e+01,2.400400e+01,2.395664e+01,2.394311e+01,2.397018e+01,2.388896e+01,2.388896e+01,2.394988e+01,2.385510e+01,2.400400e+01,2.394988e+01,2.401076e+01,2.404457e+01,2.399047e+01,2.402428e+01,2.401752e+01,2.396341e+01,2.391604e+01,2.401752e+01,2.396341e+01,2.401076e+01,2.394311e+01,2.397018e+01,2.394311e+01,2.399047e+01,2.388896e+01,2.397018e+01,2.398371e+01,2.394988e+01,2.393634e+01,2.397018e+01,2.387542e+01,2.391604e+01,2.390250e+01,2.391604e+01,2.395664e+01,2.388219e+01,2.394988e+01,2.393634e+01,2.392281e+01,2.382123e+01,2.391604e+01,2.382801e+01,2.386865e+01,2.385510e+01,2.393634e+01,2.388219e+01,2.388896e+01,2.383478e+01,2.380091e+01,2.387542e+01,2.388219e+01,2.396341e+01,2.394311e+01,2.384833e+01,2.394311e+01,2.386187e+01,2.384155e+01,2.391604e+01,2.378057e+01,2.388896e+01,2.386865e+01,2.381446e+01,2.379413e+01,2.393634e+01,2.382123e+01,2.380091e+01,2.387542e+01,2.386187e+01,2.384833e+01,2.384155e+01,2.368564e+01,2.379413e+01,2.374668e+01,2.388896e+01,2.384833e+01,2.379413e+01,2.378057e+01,2.381446e+01,2.379413e+01,2.377380e+01,2.381446e+01,2.369921e+01,2.378057e+01,2.380768e+01,2.373312e+01,2.373990e+01,2.386865e+01,2.384155e+01,2.378057e+01,2.370599e+01,2.380091e+01,2.378735e+01,2.385510e+01,2.380768e+01,2.382801e+01,2.382801e+01,2.380768e+01,2.373312e+01,2.386865e+01,2.392281e+01,2.389573e+01,2.382123e+01,2.378057e+01,2.378735e+01,2.392958e+01,2.392281e+01,2.380768e+01,2.385510e+01,2.384155e+01,2.379413e+01,2.383478e+01,2.386865e+01,2.373312e+01,2.376702e+01,2.384155e+01,2.392958e+01,2.386187e+01,2.383478e+01,2.384833e+01,2.379413e+01,2.403781e+01,2.392958e+01,2.391604e+01,2.384833e+01,2.393634e+01,2.392958e+01,2.395664e+01,2.396341e+01,2.399047e+01,2.399723e+01,2.422019e+01,2.425393e+01,2.570121e+01,2.664852e+01,2.724043e+01,2.726011e+01,2.749591e+01,2.740427e+01,2.756132e+01,2.760055e+01,2.751554e+01,2.756786e+01,2.742391e+01,2.755478e+01,2.740427e+01,2.737152e+01,2.719451e+01,2.716170e+01,2.682644e+01,2.674081e+01,2.673422e+01,2.660895e+01,2.621898e+01,2.605993e+01,2.589401e+01,2.564796e+01,2.563464e+01,2.554138e+01,2.558802e+01,2.553472e+01,2.535461e+01,2.522100e+01,2.513406e+01,2.516082e+01,2.507383e+01,2.511399e+01,2.503366e+01,2.500687e+01,2.473858e+01,2.495326e+01,2.488622e+01,2.491975e+01,2.516751e+01,2.488622e+01,2.492645e+01,2.467813e+01,2.450327e+01,2.454365e+01,2.456383e+01,2.451000e+01,2.439552e+01,2.444941e+01,2.446288e+01,2.432138e+01,2.423369e+01,2.415268e+01,2.412566e+01,2.413917e+01,2.409188e+01,2.403781e+01,2.395664e+01,2.388896e+01,2.384155e+01,2.398371e+01,2.384833e+01,2.390927e+01,2.372634e+01,2.390927e+01,2.372634e+01,2.369921e+01,2.367886e+01,2.382123e+01,2.382801e+01,2.382801e+01,2.398371e+01,2.383478e+01,2.418644e+01,2.419994e+01,2.420670e+01,2.436857e+01,2.449654e+01,2.448308e+01,2.454365e+01,2.467813e+01,2.487281e+01,2.485269e+01,2.498677e+01,2.481243e+01,2.499347e+01,2.492645e+01,2.477887e+01,2.473858e+01,2.468484e+01,2.467141e+01,2.465796e+01,2.474530e+01,2.472515e+01,2.465796e+01,2.471844e+01,2.461763e+01,2.461763e+01,2.461763e+01,2.446288e+01,2.445614e+01,2.448981e+01,2.423369e+01,2.413242e+01,2.414593e+01,2.394988e+01,2.383478e+01,2.395664e+01,2.378735e+01,2.378057e+01,2.382801e+01,2.376702e+01,2.375346e+01,2.378057e+01,2.397694e+01,2.405133e+01,2.422694e+01,2.411215e+01,2.411215e+01,2.430115e+01,2.434835e+01,2.424044e+01,2.407837e+01,2.387542e+01,2.383478e+01,2.383478e+01,2.383478e+01,2.380768e+01,2.398371e+01,2.403105e+01,2.402428e+01,2.390250e+01,2.380091e+01,2.363136e+01,2.364493e+01,2.346833e+01,2.342073e+01,2.323693e+01,2.298452e+01,2.318241e+01,2.303232e+01,2.297769e+01,2.297086e+01,2.292987e+01,2.290937e+01,2.295037e+01,2.275888e+01,2.284099e+01,2.293670e+01,2.284099e+01,2.286151e+01,2.284099e+01,2.288202e+01,2.282731e+01,2.312786e+01,2.309375e+01,2.347513e+01,2.352270e+01,2.381446e+01,2.405133e+01,2.382801e+01,2.396341e+01,2.397018e+01,2.380768e+01,2.388896e+01,2.400400e+01,2.399723e+01,2.402428e+01,2.396341e+01,2.377380e+01,2.406485e+01,2.394988e+01,2.399723e+01,2.408512e+01,2.407161e+01,2.425393e+01,2.394988e+01,2.396341e+01,2.407161e+01,2.417969e+01,2.403781e+01,2.403105e+01,2.404457e+01,2.410540e+01,2.405809e+01,2.417969e+01,2.416619e+01,2.417294e+01,2.415943e+01,2.407161e+01,2.394988e+01,2.386865e+01,2.370599e+01,2.347513e+01,2.342073e+01,2.333908e+01,2.300501e+01,2.287519e+01,2.279995e+01,2.267671e+01,2.271096e+01,2.262189e+01,2.267671e+01,2.273835e+01,2.283415e+01,2.324374e+01,2.352270e+01,2.373990e+01,2.411215e+01,2.446961e+01,2.457056e+01,2.478558e+01,2.509391e+01,2.512068e+01,2.511399e+01,2.513406e+01,2.512737e+01,2.491305e+01,2.459746e+01,2.449654e+01,2.449654e+01,2.447635e+01,2.426743e+01,2.415268e+01,2.415268e+01,2.383478e+01,2.376024e+01,2.352949e+01,2.333908e+01,2.309375e+01,2.284783e+01,2.275888e+01,2.284099e+01,2.281363e+01
2.510730e+01,2.554804e+01,2.580762e+01,2.594713e+01,2.602013e+01,2.616599e+01,2.607982e+01,2.618586e+01,2.619248e+01,2.620573e+01,2.624546e+01,2.643727e+01,2.637778e+01,2.635794e+01,2.656935e+01,2.635133e+01,2.643727e+01,2.649012e+01,2.640422e+01,2.643727e+01,2.640422e+01,2.631826e+01,2.654295e+01,2.646370e+01,2.650994e+01,2.656935e+01,2.646370e+01,2.644388e+01,2.643066e+01,2.657595e+01,2.641744e+01,2.639761e+01,2.628517e+01,2.629179e+01,2.627855e+01,2.629841e+01,2.633810e+01,2.643066e+01,2.654955e+01,2.646370e+01,2.635794e+01,2.643727e+01,2.643066e+01,2.632487e+01,2.631164e+01,2.637117e+01,2.639100e+01,2.637117e+01,2.629841e+01,2.643727e+01,2.627194e+01,2.627194e+01,2.625208e+01,2.631164e+01,2.618586e+01,2.622560e+01,2.619248e+01,2.623222e+01,2.600023e+01,2.610634e+01,2.617261e+01,2.605330e+01,2.610634e+01,2.607982e+01,2.608646e+01,2.604667e+01,2.603340e+01,2.600023e+01,2.601350e+01,2.596041e+01,2.574113e+01,2.578103e+01,2.579433e+01,2.569455e+01,2.546138e+01,2.549472e+01,2.541468e+01,2.534126e+01,2.528782e+01,2.507383e+01,2.509391e+01,2.478558e+01,2.487952e+01,2.489964e+01,2.522100e+01,2.518088e+01,2.530119e+01,2.538131e+01,2.533458e+01,2.528115e+01,2.527446e+01,2.532122e+01,2.529451e+01,2.518088e+01,2.516082e+01,2.507383e+01,2.506713e+01,2.501357e+01,2.486610e+01,2.483256e+01,2.458401e+01,2.441573e+01,2.446961e+01,2.426743e+01,2.398371e+01,2.397018e+01,2.370599e+01,2.360420e+01,2.351590e+01,2.348872e+01,2.346833e+01,2.354987e+01,2.342073e+01,2.350231e+01,2.359062e+01,2.361099e+01,2.372634e+01,2.365172e+01,2.363136e+01,2.354987e+01,2.347513e+01,2.346153e+01,2.339352e+01,2.340713e+01,2.333228e+01,2.351590e+01,2.351590e+01,2.348872e+01,2.367886e+01,2.352270e+01,2.366529e+01,2.375346e+01,2.373990e+01,2.381446e+01,2.380768e+01,2.398371e+01,2.384155e+01,2.378735e+01,2.390927e+01,2.403781e+01,2.410540e+01,2.424044e+01,2.436183e+01,2.431464e+01,2.429441e+01,2.428766e+01,2.424044e+01,2.407837e+01,2.407837e+01,2.401752e+01,2.392958e+01,2.388219e+01,2.384155e+01,2.381446e+01,2.371956e+01,2.375346e+01,2.359741e+01,2.357025e+01,2.357704e+01,2.356346e+01,2.357704e+01,2.371277e+01,2.387542e+01,2.391604e+01,2.390927e+01,2.392281e+01,2.393634e+01,2.395664e+01,2.405133e+01,2.395664e+01,2.407837e+01,2.408512e+01,2.407837e+01,2.399723e+01,2.388896e+01,2.398371e+01,2.397018e+01,2.415943e+01,2.410540e+01,2.409864e+01,2.413917e+01,2.425393e+01,2.415268e+01,2.423369e+01,2.419319e+01,2.422694e+01,2.405809e+01,2.417294e+01,2.419319e+01,2.395664e+01,2.395664e+01,2.398371e+01,2.378057e+01,2.379413e+01,2.369242e+01,2.357704e+01,2.360420e+01,2.368564e+01,2.376024e+01,2.375346e+01,2.394311e+01,2.382801e+01,2.387542e+01,2.390927e+01,2.392958e+01,2.403105e+01,2.409864e+01,2.428766e+01,2.428092e+01,2.426068e+01,2.432138e+01,2.440900e+01,2.448981e+01,2.453692e+01,2.477887e+01,2.527446e+01,2.547471e+01,2.589401e+01,2.610634e+01,2.611297e+01,2.610634e+01,2.628517e+01,2.623884e+01,2.621235e+01,2.597368e+01,2.598032e+01,2.594049e+01,2.594713e+01,2.600686e+01,2.604004e+01,2.626532e+01,2.671445e+01,2.683961e+01,2.703035e+01,2.712888e+01,2.711575e+01,2.712888e+01,2.710261e+01,2.695804e+01,2.693173e+01,2.666831e+01,2.625208e+01,2.621898e+01,2.598032e+01,2.564796e+01,2.500687e+01,2.489964e+01,2.465796e+01,2.407161e+01,2.409864e+01,2.401076e+01,2.405133e+01,2.404457e+01,2.398371e+01,2.395664e+01,2.396341e+01,2.386865e+01,2.405809e+01,2.394988e+01,2.401752e+01,2.395664e+01,2.397018e+01,2.397018e+01,2.396341e+01,2.388219e+01,2.390927e+01,2.386865e+01,2.397694e+01,2.389573e+01,2.397694e+01,2.394988e+01,2.397694e+01,2.392281e+01,2.390250e+01,2.384833e+01,2.397018e+01,2.397018e+01,2.396341e+01,2.394311e+01,2.400400e+01,2.395664e+01,2.395664e+01,2.386187e+01,2.386187e+01,2.398371e+01,2.396341e+01,2.397694e+01,2.395664e+01,2.401752e+01,2.392958e+01,2.392958e+01,2.397018e+01,2.396341e+01,2.394988e+01,2.387542e+01,2.387542e+01,2.386865e+01,2.405809e+01,2.402428e+01,2.390927e+01,2.394311e+01,2.381446e+01,2.396341e+01,2.395664e+01,2.396341e+01,2.391604e+01,2.405809e+01,2.388219e+01,2.394988e+01,2.395664e+01,2.388896e+01,2.392958e+01,2.393634e+01,2.390927e+01,2.369242e+01,2.388219e+01,2.392958e+01,2.398371e+01,2.390250e+01,2.386865e+01,2.378735e+01,2.385510e+01,2.387542e+01,2.378735e+01,2.385510e+01,2.380091e+01,2.382801e+01,2.386187e+01,2.376702e+01,2.394988e+01,2.378057e+01,2.392958e+01,2.386187e+01,2.381446e+01,2.381446e+01,2.382123e+01,2.390927e+01,2.380091e+01,2.386865e+01,2.377380e+01,2.385510e+01,2.384155e+01,2.377380e+01,2.378057e+01,2.384155e+01,2.376024e+01,2.385510e+01,2.376024e+01,2.384155e+01,2.381446e+01,2.389573e+01,2.384155e+01,2.378735e+01,2.381446e+01,2.371956e+01,2.369921e+01,2.378057e+01,2.370599e+01,2.379413e+01,2.370599e+01,2.386187e+01,2.369242e+01,2.379413e+01,2.377380e+01,2.382801e+01,2.380768e+01,2.371956e+01,2.390927e+01,2.381446e+01,2.376024e+01,2.392281e+01,2.382801e+01,2.382123e+01,2.381446e+01,2.382801e+01,2.392958e+01,2.378735e+01,2.381446e+01,2.379413e+01,2.380091e+01,2.389573e+01,2.378057e+01,2.378057e+01,2.388219e+01,2.386187e+01,2.383478e+01,2.386865e+01,2.380091e+01,2.384833e+01,2.384155e+01,2.389573e+01,2.382123e+01,2.386187e+01,2.381446e+01,2.384155e+01,2.384155e+01,2.392958e+01,2.391604e+01,2.391604e+01,2.389573e+01,2.403781e+01,2.399047e+01,2.403781e+01,2.394988e+01,2.431464e+01,2.572117e+01,2.669468e+01,2.708291e+01,2.744355e+01,2.743701e+01,2.748937e+01,2.760708e+01,2.755478e+01,2.762669e+01,2.752862e+01,2.756132e+01,2.737152e+01,2.741082e+01,2.733876e+01,2.719451e+01,2.716170e+01,2.703035e+01,2.681986e+01,2.664193e+01,2.658255e+01,2.635794e+01,2.622560e+01,2.604667e+01,2.578103e+01,2.572782e+01,2.569455e+01,2.568124e+01,2.548805e+01,2.550139e+01,2.528115e+01,2.523437e+01,2.544137e+01,2.540133e+01,2.518757e+01,2.516082e+01,2.513406e+01,2.516082e+01,2.501357e+01,2.517419e+01,2.510730e+01,2.497337e+01,2.493986e+01,2.489964e+01,2.479230e+01,2.471172e+01,2.475873e+01,2.469828e+01,2.461763e+01,2.446961e+01,2.450327e+01,2.440226e+01,2.423369e+01,2.432138e+01,2.429441e+01,2.409864e+01,2.410540e+01,2.415268e+01,2.404457e+01,2.396341e+01,2.410540e+01,2.412566e+01,2.402428e+01,2.397694e+01,2.405809e+01,2.388896e+01,2.387542e+01,2.374668e+01,2.372634e+01,2.367207e+01,2.382801e+01,2.382801e+01,2.385510e+01,2.388219e+01,2.384155e+01,2.402428e+01,2.411215e+01,2.415268e+01,2.432812e+01,2.452346e+01,2.443594e+01,2.475873e+01,2.485269e+01,2.490634e+01,2.510060e+01,2.498007e+01,2.506713e+01,2.502026e+01,2.495326e+01,2.479901e+01,2.483927e+01,2.470500e+01,2.481914e+01,2.475201e+01,2.478558e+01,2.468484e+01,2.475873e+01,2.479230e+01,2.473858e+01,2.475873e+01,2.481243e+01,2.467141e+01,2.453692e+01,2.457056e+01,2.448981e+01,2.441573e+01,2.445614e+01,2.415943e+01,2.415268e+01,2.440900e+01,2.418644e+01,2.415943e+01,2.405809e+01,2.402428e+01,2.378057e+01,2.394311e+01,2.424044e+01,2.422019e+01,2.448981e+01,2.415943e+01,2.420670e+01,2.429441e+01,2.434835e+01,2.427417e+01,2.382801e+01,2.386187e+01,2.376024e+01,2.376702e+01,2.380091e+01,2.393634e+01,2.384833e+01,2.403105e+01,2.411215e+01,2.411215e+01,2.387542e+01,2.386187e+01,2.382123e+01,2.364493e+01,2.338672e+01,2.320967e+01,2.308010e+01,2.295720e+01,2.297769e+01,2.294353e+01,2.297086e+01,2.288202e+01,2.288202e+01,2.286835e+01,2.279310e+01,2.276573e+01,2.286151e+01,2.281363e+01,2.300501e+01,2.288886e+01,2.297086e+01,2.292987e+01,2.316877e+01,2.335950e+01,2.371277e+01,2.387542e+01,2.385510e+01,2.395664e+01,2.411891e+01,2.394311e+01,2.399723e+01,2.389573e+01,2.394988e+01,2.407837e+01,2.402428e+01,2.400400e+01,2.398371e+01,2.395664e+01,2.395664e+01,2.410540e+01,2.410540e+01,2.415943e+01,2.424044e+01,2.403781e+01,2.420670e+01,2.422694e+01,2.423369e+01,2.417969e+01,2.409864e+01,2.424044e+01,2.412566e+01,2.410540e+01,2.403781e+01,2.429441e+01,2.416619e+01,2.416619e+01,2.403105e+01,2.382801e+01,2.374668e+01,2.373312e+01,2.332547e+01,2.331185e+01,2.323012e+01,2.290253e+01,2.292987e+01,2.288886e+01,2.284783e+01,2.270411e+01,2.257390e+01,2.269041e+01,2.282047e+01,2.263560e+01,2.314150e+01,2.321649e+01,2.371956e+01,2.403105e+01,2.442921e+01,2.463108e+01,2.500017e+01,2.504705e+01,2.513406e+01,2.534793e+01,2.519426e+01,2.514075e+01,2.509391e+01,2.495326e+01,2.489293e+01,2.460419e+01,2.455710e+01,2.455710e+01,2.428766e+01,2.423369e+01,2.401752e+01,2.383478e+01,2.376024e+01,2.347513e+01,2.316195e+01,2.311422e+01,2.284783e+01,2.275204e+01,2.275204e+01,2.271096e+01
2.554804e+01,2.588072e+01,2.592057e+01,2.601350e+01,2.621235e+01,2.620573e+01,2.625870e+01,2.618586e+01,2.629841e+01,2.649673e+01,2.647691e+01,2.647691e+01,2.632487e+01,2.631826e+01,2.649673e+01,2.635794e+01,2.629841e+01,2.633810e+01,2.636456e+01,2.648352e+01,2.650994e+01,2.645709e+01,2.643727e+01,2.649673e+01,2.649012e+01,2.635794e+01,2.643066e+01,2.645049e+01,2.643727e+01,2.645049e+01,2.643066e+01,2.630502e+01,2.639100e+01,2.629179e+01,2.625870e+01,2.633149e+01,2.629841e+01,2.629841e+01,2.634472e+01,2.635133e+01,2.628517e+01,2.640422e+01,2.630502e+01,2.635133e+01,2.627194e+01,2.642405e+01,2.643066e+01,2.641084e+01,2.642405e+01,2.636456e+01,2.634472e+01,2.624546e+01,2.617924e+01,2.627194e+01,2.625870e+01,2.611960e+01,2.619248e+01,2.600686e+01,2.598696e+01,2.598696e+01,2.606656e+01,2.601350e+01,2.611297e+01,2.590729e+01,2.603340e+01,2.605993e+01,2.602013e+01,2.586743e+01,2.598032e+01,2.596704e+01,2.592057e+01,2.575443e+01,2.574778e+01,2.550805e+01,2.558802e+01,2.548138e+01,2.533458e+01,2.530787e+01,2.520094e+01,2.491975e+01,2.492645e+01,2.476544e+01,2.475873e+01,2.487952e+01,2.516082e+01,2.541468e+01,2.531454e+01,2.527446e+01,2.530119e+01,2.527446e+01,2.528115e+01,2.540133e+01,2.527446e+01,2.526110e+01,2.525442e+01,2.504035e+01,2.506713e+01,2.506713e+01,2.493986e+01,2.483927e+01,2.473187e+01,2.457056e+01,2.463108e+01,2.425393e+01,2.396341e+01,2.379413e+01,2.359062e+01,2.348872e+01,2.348192e+01,2.340713e+01,2.337311e+01,2.344113e+01,2.342073e+01,2.355667e+01,2.354308e+01,2.350911e+01,2.350231e+01,2.350911e+01,2.352270e+01,2.360420e+01,2.350231e+01,2.331866e+01,2.335950e+01,2.339352e+01,2.333908e+01,2.330504e+01,2.350911e+01,2.346153e+01,2.360420e+01,2.365850e+01,2.363814e+01,2.373312e+01,2.374668e+01,2.378735e+01,2.380091e+01,2.379413e+01,2.386865e+01,2.386187e+01,2.386865e+01,2.407161e+01,2.401076e+01,2.416619e+01,2.409864e+01,2.427417e+01,2.428092e+01,2.415268e+01,2.414593e+01,2.413917e+01,2.394988e+01,2.386865e+01,2.390927e+01,2.383478e+01,2.382123e+01,2.382801e+01,2.378735e+01,2.369242e+01,2.352949e+01,2.357025e+01,2.357025e+01,2.348192e+01,2.357025e+01,2.377380e+01,2.377380e+01,2.384833e+01,2.394311e+01,2.394311e+01,2.403105e+01,2.412566e+01,2.408512e+01,2.393634e+01,2.406485e+01,2.407837e+01,2.404457e+01,2.396341e+01,2.405809e+01,2.392958e+01,2.422694e+01,2.403781e+01,2.402428e+01,2.409864e+01,2.413242e+01,2.424044e+01,2.426068e+01,2.429441e+01,2.421344e+01,2.424719e+01,2.422694e+01,2.427417e+01,2.419319e+01,2.411891e+01,2.395664e+01,2.394311e+01,2.377380e+01,2.373990e+01,2.367207e+01,2.359741e+01,2.358383e+01,2.353629e+01,2.371277e+01,2.383478e+01,2.365850e+01,2.383478e+01,2.377380e+01,2.385510e+01,2.391604e+01,2.394311e+01,2.416619e+01,2.407837e+01,2.412566e+01,2.432138e+01,2.435509e+01,2.427417e+01,2.437531e+01,2.451673e+01,2.479230e+01,2.508052e+01,2.510730e+01,2.544137e+01,2.571451e+01,2.588736e+01,2.594049e+01,2.622560e+01,2.631164e+01,2.628517e+01,2.635133e+01,2.641084e+01,2.639100e+01,2.635133e+01,2.627194e+01,2.671445e+01,2.675399e+01,2.684619e+01,2.715514e+01,2.712231e+01,2.713544e+01,2.718139e+01,2.711575e+01,2.718139e+01,2.718139e+01,2.706320e+01,2.689884e+01,2.652314e+01,2.614611e+01,2.617924e+01,2.566793e+01,2.524105e+01,2.485940e+01,2.465796e+01,2.428766e+01,2.403105e+01,2.403105e+01,2.400400e+01,2.402428e+01,2.396341e+01,2.399047e+01,2.390927e+01,2.402428e+01,2.390250e+01,2.396341e+01,2.387542e+01,2.392958e+01,2.394311e+01,2.392958e+01,2.394311e+01,2.395664e+01,2.390927e+01,2.395664e+01,2.393634e+01,2.383478e+01,2.411215e+01,2.384833e+01,2.388219e+01,2.397694e+01,2.394311e+01,2.391604e+01,2.397694e+01,2.396341e+01,2.394311e+01,2.394311e+01,2.388219e+01,2.393634e+01,2.392958e+01,2.392958e+01,2.397694e+01,2.397018e+01,2.394988e+01,2.391604e+01,2.385510e+01,2.404457e+01,2.390927e+01,2.394988e+01,2.394311e+01,2.390927e+01,2.393634e+01,2.388896e+01,2.392958e+01,2.396341e+01,2.397018e+01,2.389573e+01,2.394311e+01,2.394311e+01,2.395664e+01,2.394311e+01,2.394988e+01,2.407837e+01,2.392281e+01,2.383478e+01,2.384833e+01,2.390927e+01,2.384833e+01,2.375346e+01,2.383478e+01,2.389573e+01,2.388896e+01,2.390927e+01,2.386187e+01,2.385510e+01,2.395664e+01,2.386865e+01,2.391604e+01,2.386865e+01,2.386865e+01,2.386187e+01,2.383478e+01,2.385510e+01,2.388219e+01,2.385510e+01,2.385510e+01,2.381446e+01,2.392958e+01,2.383478e+01,2.382801e+01,2.394988e+01,2.374668e+01,2.394311e+01,2.380768e+01,2.385510e+01,2.375346e+01,2.391604e+01,2.381446e+01,2.383478e+01,2.384155e+01,2.381446e+01,2.370599e+01,2.377380e+01,2.374668e+01,2.378057e+01,2.378057e+01,2.376702e+01,2.378735e+01,2.376702e+01,2.378735e+01,2.378057e+01,2.378735e+01,2.379413e+01,2.369921e+01,2.373990e+01,2.378735e+01,2.373990e+01,2.380768e+01,2.380091e+01,2.381446e+01,2.382801e+01,2.369242e+01,2.371277e+01,2.373312e+01,2.376024e+01,2.406485e+01,2.376024e+01,2.377380e+01,2.386865e+01,2.383478e+01,2.382123e+01,2.383478e+01,2.382801e+01,2.378057e+01,2.381446e+01,2.397694e+01,2.380768e+01,2.384833e+01,2.381446e+01,2.382123e+01,2.377380e+01,2.386187e+01,2.390250e+01,2.384155e+01,2.383478e+01,2.383478e+01,2.384833e+01,2.384833e+01,2.383478e+01,2.380091e+01,2.385510e+01,2.404457e+01,2.388219e+01,2.389573e+01,2.392281e+01,2.386865e+01,2.403105e+01,2.389573e+01,2.394988e+01,2.393634e+01,2.389573e+01,2.401752e+01,2.412566e+01,2.564130e+01,2.664193e+01,2.709605e+01,2.735842e+01,2.724699e+01,2.750245e+01,2.746319e+01,2.760055e+01,2.756132e+01,2.758747e+01,2.751554e+01,2.744355e+01,2.742391e+01,2.735187e+01,2.729289e+01,2.702378e+01,2.694489e+01,2.683302e+01,2.674740e+01,2.656935e+01,2.639100e+01,2.622560e+01,2.598032e+01,2.596704e+01,2.589401e+01,2.569455e+01,2.568124e+01,2.566127e+01,2.565462e+01,2.532122e+01,2.537464e+01,2.547471e+01,2.559468e+01,2.553472e+01,2.544137e+01,2.538799e+01,2.529451e+01,2.514744e+01,2.521431e+01,2.518757e+01,2.519426e+01,2.492645e+01,2.498007e+01,2.496667e+01,2.479901e+01,2.467813e+01,2.462436e+01,2.467141e+01,2.449654e+01,2.446288e+01,2.448308e+01,2.434835e+01,2.426068e+01,2.431464e+01,2.415943e+01,2.411215e+01,2.418644e+01,2.420670e+01,2.413242e+01,2.412566e+01,2.406485e+01,2.406485e+01,2.407161e+01,2.399723e+01,2.408512e+01,2.392958e+01,2.376024e+01,2.386865e+01,2.390250e+01,2.381446e+01,2.385510e+01,2.386865e+01,2.385510e+01,2.393634e+01,2.403781e+01,2.410540e+01,2.428092e+01,2.430790e+01,2.443594e+01,2.451000e+01,2.483256e+01,2.485269e+01,2.488622e+01,2.511399e+01,2.514075e+01,2.504705e+01,2.500687e+01,2.497337e+01,2.483256e+01,2.477887e+01,2.482585e+01,2.467813e+01,2.477887e+01,2.485269e+01,2.489293e+01,2.487952e+01,2.467141e+01,2.491305e+01,2.477216e+01,2.480572e+01,2.463108e+01,2.476544e+01,2.461091e+01,2.461763e+01,2.462436e+01,2.452346e+01,2.444268e+01,2.477216e+01,2.443594e+01,2.446961e+01,2.430115e+01,2.439552e+01,2.437531e+01,2.424719e+01,2.423369e+01,2.427417e+01,2.439552e+01,2.435509e+01,2.442921e+01,2.437531e+01,2.433487e+01,2.436183e+01,2.427417e+01,2.384833e+01,2.388219e+01,2.373990e+01,2.378057e+01,2.384833e+01,2.394311e+01,2.400400e+01,2.422694e+01,2.425393e+01,2.422019e+01,2.410540e+01,2.407837e+01,2.393634e+01,2.388219e+01,2.371277e+01,2.329823e+01,2.324374e+01,2.295037e+01,2.288202e+01,2.289569e+01,2.272465e+01,2.281363e+01,2.280679e+01,2.269041e+01,2.273835e+01,2.292303e+01,2.276573e+01,2.274519e+01,2.289569e+01,2.287519e+01,2.308693e+01,2.293670e+01,2.318923e+01,2.365850e+01,2.368564e+01,2.392958e+01,2.392281e+01,2.376702e+01,2.357025e+01,2.351590e+01,2.349552e+01,2.350911e+01,2.378057e+01,2.380768e+01,2.391604e+01,2.403781e+01,2.401076e+01,2.436183e+01,2.407161e+01,2.412566e+01,2.420670e+01,2.430115e+01,2.427417e+01,2.426068e+01,2.432138e+01,2.423369e+01,2.422694e+01,2.419994e+01,2.418644e+01,2.417969e+01,2.421344e+01,2.435509e+01,2.415268e+01,2.434161e+01,2.427417e+01,2.417969e+01,2.384155e+01,2.372634e+01,2.359062e+01,2.344113e+01,2.331866e+01,2.327099e+01,2.310739e+01,2.290253e+01,2.288202e+01,2.293670e+01,2.271780e+01,2.279310e+01,2.277942e+01,2.271780e+01,2.293670e+01,2.314832e+01,2.359062e+01,2.374668e+01,2.403781e+01,2.459073e+01,2.459073e+01,2.485940e+01,2.510730e+01,2.508722e+01,2.548138e+01,2.539466e+01,2.548138e+01,2.517419e+01,2.528782e+01,2.499347e+01,2.493986e+01,2.499347e+01,2.466469e+01,2.442247e+01,2.444941e+01,2.418644e+01,2.382801e+01,2.398371e+01,2.371277e+01,2.340713e+01,2.340032e+01,2.299135e+01,2.287519e+01,2.276573e+01,2.277257e+01,2.265615e+01
2.594713e+01,2.592057e+01,2.604667e+01,2.604004e+01,2.625870e+01,2.615936e+01,2.611960e+01,2.626532e+01,2.623222e+01,2.647031e+01,2.646370e+01,2.643727e+01,2.643727e+01,2.649673e+01,2.647031e+01,2.648352e+01,2.652314e+01,2.642405e+01,2.647691e+01,2.646370e+01,2.631826e+01,2.637117e+01,2.652314e+01,2.645049e+01,2.649012e+01,2.657595e+01,2.660235e+01,2.643066e+01,2.637778e+01,2.635794e+01,2.637778e+01,2.637117e+01,2.629179e+01,2.627194e+01,2.625870e+01,2.620573e+01,2.627194e+01,2.624546e+01,2.617261e+01,2.629179e+01,2.623222e+01,2.622560e+01,2.631164e+01,2.635794e+01,2.635133e+01,2.635794e+01,2.644388e+01,2.639761e+01,2.624546e+01,2.625870e+01,2.627855e+01,2.627855e+01,2.627194e+01,2.629841e+01,2.623222e+01,2.623222e+01,2.617261e+01,2.602013e+01,2.600023e+01,2.584750e+01,2.598032e+01,2.607319e+01,2.586743e+01,2.592721e+01,2.600686e+01,2.605330e+01,2.602013e+01,2.591393e+01,2.590729e+01,2.576108e+01,2.594713e+01,2.562132e+01,2.563464e+01,2.568124e+01,2.546805e+01,2.532122e+01,2.542135e+01,2.526110e+01,2.524773e+01,2.509391e+01,2.493986e+01,2.481914e+01,2.473187e+01,2.492645e+01,2.502026e+01,2.531454e+01,2.536796e+01,2.531454e+01,2.528115e+01,2.534126e+01,2.522100e+01,2.528115e+01,2.525442e+01,2.531454e+01,2.537464e+01,2.510730e+01,2.504035e+01,2.506713e+01,2.489293e+01,2.492645e+01,2.479901e+01,2.465796e+01,2.457728e+01,2.429441e+01,2.397018e+01,2.394988e+01,2.373990e+01,2.365850e+01,2.339352e+01,2.340713e+01,2.329142e+01,2.343433e+01,2.334589e+01,2.329823e+01,2.340713e+01,2.351590e+01,2.364493e+01,2.347513e+01,2.351590e+01,2.358383e+01,2.358383e+01,2.337311e+01,2.329142e+01,2.337311e+01,2.333228e+01,2.329142e+01,2.330504e+01,2.340713e+01,2.335950e+01,2.348872e+01,2.364493e+01,2.373312e+01,2.369921e+01,2.372634e+01,2.374668e+01,2.377380e+01,2.378735e+01,2.384833e+01,2.403105e+01,2.403781e+01,2.401752e+01,2.402428e+01,2.417969e+01,2.424044e+01,2.411215e+01,2.411215e+01,2.428766e+01,2.402428e+01,2.389573e+01,2.389573e+01,2.386187e+01,2.384833e+01,2.384833e+01,2.376702e+01,2.380091e+01,2.354308e+01,2.358383e+01,2.350231e+01,2.360420e+01,2.362457e+01,2.377380e+01,2.370599e+01,2.378735e+01,2.392281e+01,2.411215e+01,2.397694e+01,2.408512e+01,2.409188e+01,2.409188e+01,2.409864e+01,2.400400e+01,2.406485e+01,2.404457e+01,2.399723e+01,2.401076e+01,2.399723e+01,2.401752e+01,2.423369e+01,2.404457e+01,2.422694e+01,2.414593e+01,2.426743e+01,2.422694e+01,2.430115e+01,2.428092e+01,2.424044e+01,2.422694e+01,2.400400e+01,2.399047e+01,2.399047e+01,2.395664e+01,2.394988e+01,2.380091e+01,2.369242e+01,2.373990e+01,2.353629e+01,2.363814e+01,2.360420e+01,2.354987e+01,2.364493e+01,2.362457e+01,2.371956e+01,2.365172e+01,2.385510e+01,2.390927e+01,2.388219e+01,2.396341e+01,2.394988e+01,2.398371e+01,2.405133e+01,2.430115e+01,2.428766e+01,2.419994e+01,2.425393e+01,2.455038e+01,2.461763e+01,2.465796e+01,2.507383e+01,2.542802e+01,2.558802e+01,2.558136e+01,2.590729e+01,2.607982e+01,2.625870e+01,2.634472e+01,2.654295e+01,2.670786e+01,2.682644e+01,2.669468e+01,2.685936e+01,2.713544e+01,2.714857e+01,2.714201e+01,2.737152e+01,2.737807e+01,2.737152e+01,2.733876e+01,2.731255e+01,2.717483e+01,2.703035e+01,2.691858e+01,2.682644e+01,2.639761e+01,2.617261e+01,2.598032e+01,2.568124e+01,2.501357e+01,2.469156e+01,2.426068e+01,2.428092e+01,2.402428e+01,2.400400e+01,2.401076e+01,2.391604e+01,2.401076e+01,2.398371e+01,2.389573e+01,2.401076e+01,2.390250e+01,2.395664e+01,2.395664e+01,2.390927e+01,2.393634e+01,2.389573e+01,2.388896e+01,2.396341e+01,2.393634e+01,2.388896e+01,2.388896e+01,2.389573e+01,2.392958e+01,2.394988e+01,2.399047e+01,2.397694e+01,2.396341e+01,2.395664e+01,2.390250e+01,2.393634e+01,2.390250e+01,2.392281e+01,2.388219e+01,2.390927e+01,2.405809e+01,2.397694e+01,2.403105e+01,2.394988e+01,2.392281e+01,2.394311e+01,2.392281e+01,2.390250e+01,2.389573e+01,2.394311e+01,2.393634e+01,2.392281e+01,2.395664e+01,2.395664e+01,2.386187e+01,2.386865e+01,2.388219e+01,2.392958e+01,2.395664e+01,2.398371e+01,2.397694e+01,2.384833e+01,2.397694e+01,2.382801e+01,2.391604e+01,2.386187e+01,2.390927e+01,2.394988e+01,2.383478e+01,2.390927e+01,2.385510e+01,2.386865e+01,2.388896e+01,2.390250e+01,2.388896e+01,2.387542e+01,2.381446e+01,2.384833e+01,2.385510e+01,2.388219e+01,2.385510e+01,2.388219e+01,2.380091e+01,2.383478e+01,2.389573e+01,2.385510e+01,2.384833e+01,2.399047e+01,2.381446e+01,2.383478e+01,2.392958e+01,2.381446e+01,2.382801e+01,2.379413e+01,2.386865e+01,2.373990e+01,2.392958e+01,2.392281e+01,2.383478e+01,2.379413e+01,2.374668e+01,2.371956e+01,2.378057e+01,2.384155e+01,2.380091e+01,2.367207e+01,2.371956e+01,2.377380e+01,2.381446e+01,2.373990e+01,2.379413e+01,2.373990e+01,2.378057e+01,2.384833e+01,2.359741e+01,2.380091e+01,2.377380e+01,2.376024e+01,2.379413e+01,2.378735e+01,2.367886e+01,2.379413e+01,2.375346e+01,2.377380e+01,2.381446e+01,2.376024e+01,2.376024e+01,2.374668e+01,2.380768e+01,2.378735e+01,2.382123e+01,2.376024e+01,2.382123e+01,2.379413e+01,2.379413e+01,2.380768e+01,2.390927e+01,2.382801e+01,2.382123e+01,2.388896e+01,2.391604e+01,2.388219e+01,2.386865e+01,2.388219e+01,2.384155e+01,2.389573e+01,2.389573e+01,2.390250e+01,2.384155e+01,2.384155e+01,2.384155e+01,2.386865e+01,2.384155e+01,2.386187e+01,2.380768e+01,2.378057e+01,2.391604e+01,2.392281e+01,2.395664e+01,2.390250e+01,2.401752e+01,2.401076e+01,2.413242e+01,2.568790e+01,2.663533e+01,2.718139e+01,2.712231e+01,2.743046e+01,2.744355e+01,2.756132e+01,2.756786e+01,2.756132e+01,2.764629e+01,2.748282e+01,2.743701e+01,2.741737e+01,2.732566e+01,2.718795e+01,2.705006e+01,2.708948e+01,2.706320e+01,2.673422e+01,2.667490e+01,2.651654e+01,2.625870e+01,2.611297e+01,2.596704e+01,2.596041e+01,2.598696e+01,2.569455e+01,2.593385e+01,2.576773e+01,2.565462e+01,2.556137e+01,2.560800e+01,2.554804e+01,2.555471e+01,2.531454e+01,2.524105e+01,2.526778e+01,2.526778e+01,2.528782e+01,2.520094e+01,2.516751e+01,2.517419e+01,2.504705e+01,2.480572e+01,2.489293e+01,2.473187e+01,2.467141e+01,2.465124e+01,2.465124e+01,2.454365e+01,2.437531e+01,2.445614e+01,2.454365e+01,2.435509e+01,2.430790e+01,2.425393e+01,2.415268e+01,2.417969e+01,2.415268e+01,2.419319e+01,2.415268e+01,2.419319e+01,2.417969e+01,2.405809e+01,2.404457e+01,2.403105e+01,2.380091e+01,2.399047e+01,2.386865e+01,2.386865e+01,2.394988e+01,2.386187e+01,2.391604e+01,2.398371e+01,2.400400e+01,2.426068e+01,2.419319e+01,2.428092e+01,2.432812e+01,2.444268e+01,2.463780e+01,2.468484e+01,2.483256e+01,2.488622e+01,2.502026e+01,2.481243e+01,2.483927e+01,2.475873e+01,2.469828e+01,2.483256e+01,2.458401e+01,2.471844e+01,2.479230e+01,2.463108e+01,2.474530e+01,2.476544e+01,2.481243e+01,2.488622e+01,2.489293e+01,2.486610e+01,2.497337e+01,2.482585e+01,2.481914e+01,2.481243e+01,2.483927e+01,2.486610e+01,2.489964e+01,2.471844e+01,2.482585e+01,2.468484e+01,2.481914e+01,2.455710e+01,2.455710e+01,2.457056e+01,2.468484e+01,2.436183e+01,2.455710e+01,2.451000e+01,2.447635e+01,2.465796e+01,2.438878e+01,2.426068e+01,2.407161e+01,2.401752e+01,2.385510e+01,2.376702e+01,2.388219e+01,2.386187e+01,2.401076e+01,2.401076e+01,2.424044e+01,2.426743e+01,2.428766e+01,2.428092e+01,2.410540e+01,2.407161e+01,2.392281e+01,2.398371e+01,2.373990e+01,2.355667e+01,2.325737e+01,2.290253e+01,2.284783e+01,2.288202e+01,2.274519e+01,2.269726e+01,2.295037e+01,2.281363e+01,2.300501e+01,2.301867e+01,2.307328e+01,2.292987e+01,2.318241e+01,2.337311e+01,2.342073e+01,2.340713e+01,2.371956e+01,2.370599e+01,2.386865e+01,2.369242e+01,2.348192e+01,2.348872e+01,2.318923e+01,2.317559e+01,2.329142e+01,2.329142e+01,2.363814e+01,2.390927e+01,2.406485e+01,2.438878e+01,2.412566e+01,2.413917e+01,2.422019e+01,2.423369e+01,2.417969e+01,2.430790e+01,2.422694e+01,2.426068e+01,2.428766e+01,2.424719e+01,2.422694e+01,2.427417e+01,2.429441e+01,2.427417e+01,2.436183e+01,2.428766e+01,2.431464e+01,2.414593e+01,2.415943e+01,2.388896e+01,2.361778e+01,2.327780e+01,2.326418e+01,2.320286e+01,2.305963e+01,2.300501e+01,2.300501e+01,2.290253e+01,2.299818e+01,2.297086e+01,2.298452e+01,2.319604e+01,2.318241e+01,2.359062e+01,2.378735e+01,2.401752e+01,2.435509e+01,2.447635e+01,2.490634e+01,2.491305e+01,2.522768e+01,2.530119e+01,2.563464e+01,2.546138e+01,2.544804e+01,2.551472e+01,2.544804e+01,2.551472e+01,2.521431e+01,2.514075e+01,2.497337e+01,2.469156e+01,2.461091e+01,2.434835e+01,2.417969e+01,2.417294e+01,2.399723e+01,2.377380e+01,2.350911e+01,2.331866e+01,2.309375e+01,2.286835e+01,2.278626e+01,2.272465e+01,2.263560e+01
2.621898e+01,2.620573e+01,2.633149e+01,2.621235e+01,2.633810e+01,2.622560e+01,2.617924e+01,2.630502e+01,2.632487e+01,2.638439e+01,2.644388e+01,2.645709e+01,2.649012e+01,2.648352e+01,2.646370e+01,2.647031e+01,2.629179e+01,2.649012e+01,2.651654e+01,2.638439e+01,2.649012e+01,2.641084e+01,2.656275e+01,2.650994e+01,2.645709e+01,2.643727e+01,2.642405e+01,2.643727e+01,2.646370e+01,2.641084e+01,2.640422e+01,2.640422e+01,2.637117e+01,2.637117e+01,2.623884e+01,2.605330e+01,2.631826e+01,2.613948e+01,2.629179e+01,2.615274e+01,2.627194e+01,2.617924e+01,2.623884e+01,2.623884e+01,2.641084e+01,2.635133e+01,2.629841e+01,2.623222e+01,2.619911e+01,2.641084e+01,2.623222e+01,2.627855e+01,2.629841e+01,2.625208e+01,2.625208e+01,2.608646e+01,2.618586e+01,2.601350e+01,2.595377e+01,2.598032e+01,2.586079e+01,2.582092e+01,2.598032e+01,2.584085e+01,2.602013e+01,2.597368e+01,2.599359e+01,2.600686e+01,2.598032e+01,2.595377e+01,2.570121e+01,2.562132e+01,2.566127e+01,2.557470e+01,2.563464e+01,2.544137e+01,2.536796e+01,2.516082e+01,2.512068e+01,2.502696e+01,2.473858e+01,2.473187e+01,2.480572e+01,2.481914e+01,2.511399e+01,2.514744e+01,2.524773e+01,2.534126e+01,2.534126e+01,2.531454e+01,2.530787e+01,2.528115e+01,2.533458e+01,2.528782e+01,2.510060e+01,2.516751e+01,2.519426e+01,2.508722e+01,2.497337e+01,2.481243e+01,2.477887e+01,2.469828e+01,2.454365e+01,2.441573e+01,2.429441e+01,2.396341e+01,2.369921e+01,2.367886e+01,2.335269e+01,2.339352e+01,2.329142e+01,2.331866e+01,2.334589e+01,2.348872e+01,2.334589e+01,2.348872e+01,2.344113e+01,2.346833e+01,2.346833e+01,2.346153e+01,2.338672e+01,2.341393e+01,2.337311e+01,2.339352e+01,2.331866e+01,2.347513e+01,2.335269e+01,2.340032e+01,2.349552e+01,2.337991e+01,2.345473e+01,2.353629e+01,2.362457e+01,2.375346e+01,2.369242e+01,2.383478e+01,2.381446e+01,2.371277e+01,2.397694e+01,2.388896e+01,2.399723e+01,2.399723e+01,2.409188e+01,2.407161e+01,2.413917e+01,2.410540e+01,2.406485e+01,2.397018e+01,2.389573e+01,2.390250e+01,2.394988e+01,2.388219e+01,2.385510e+01,2.376702e+01,2.365172e+01,2.363136e+01,2.332547e+01,2.350911e+01,2.359741e+01,2.354987e+01,2.377380e+01,2.378735e+01,2.396341e+01,2.413917e+01,2.400400e+01,2.408512e+01,2.405809e+01,2.404457e+01,2.410540e+01,2.407161e+01,2.411215e+01,2.407837e+01,2.404457e+01,2.409188e+01,2.419994e+01,2.420670e+01,2.421344e+01,2.421344e+01,2.425393e+01,2.440900e+01,2.434161e+01,2.424719e+01,2.426068e+01,2.434161e+01,2.420670e+01,2.429441e+01,2.431464e+01,2.401076e+01,2.399047e+01,2.401076e+01,2.396341e+01,2.396341e+01,2.384155e+01,2.378735e+01,2.371956e+01,2.365850e+01,2.354308e+01,2.362457e+01,2.358383e+01,2.369242e+01,2.357704e+01,2.374668e+01,2.376702e+01,2.382123e+01,2.384833e+01,2.386865e+01,2.396341e+01,2.405133e+01,2.408512e+01,2.407837e+01,2.403781e+01,2.405809e+01,2.415268e+01,2.411215e+01,2.421344e+01,2.432812e+01,2.457056e+01,2.458401e+01,2.491305e+01,2.497337e+01,2.504705e+01,2.526110e+01,2.558136e+01,2.589401e+01,2.613948e+01,2.621898e+01,2.641744e+01,2.688568e+01,2.693173e+01,2.718795e+01,2.739772e+01,2.730600e+01,2.745665e+01,2.749591e+01,2.753516e+01,2.754170e+01,2.745665e+01,2.734532e+01,2.741082e+01,2.716826e+01,2.712231e+01,2.696462e+01,2.663533e+01,2.632487e+01,2.607982e+01,2.587408e+01,2.548805e+01,2.486610e+01,2.440226e+01,2.423369e+01,2.403105e+01,2.401752e+01,2.400400e+01,2.397694e+01,2.392958e+01,2.400400e+01,2.387542e+01,2.387542e+01,2.389573e+01,2.385510e+01,2.389573e+01,2.392281e+01,2.391604e+01,2.391604e+01,2.392281e+01,2.386865e+01,2.402428e+01,2.390927e+01,2.384833e+01,2.391604e+01,2.388896e+01,2.386187e+01,2.397018e+01,2.393634e+01,2.389573e+01,2.389573e+01,2.388219e+01,2.392958e+01,2.388896e+01,2.391604e+01,2.388219e+01,2.382801e+01,2.392281e+01,2.382123e+01,2.392281e+01,2.390250e+01,2.393634e+01,2.397018e+01,2.395664e+01,2.394988e+01,2.392281e+01,2.398371e+01,2.390927e+01,2.386187e+01,2.392958e+01,2.384155e+01,2.388219e+01,2.404457e+01,2.386865e+01,2.397694e+01,2.382801e+01,2.399047e+01,2.392958e+01,2.390927e+01,2.388896e+01,2.390927e+01,2.386865e+01,2.392958e+01,2.378057e+01,2.397018e+01,2.387542e+01,2.390250e+01,2.389573e+01,2.383478e+01,2.392958e+01,2.389573e+01,2.388896e+01,2.399047e+01,2.386187e+01,2.383478e+01,2.384155e+01,2.383478e+01,2.387542e+01,2.388896e+01,2.381446e+01,2.390250e+01,2.388896e+01,2.382123e+01,2.388219e+01,2.384833e+01,2.385510e+01,2.384833e+01,2.387542e+01,2.376702e+01,2.380768e+01,2.385510e+01,2.384833e+01,2.384155e+01,2.384833e+01,2.372634e+01,2.381446e+01,2.383478e+01,2.382123e+01,2.369242e+01,2.364493e+01,2.369921e+01,2.380091e+01,2.368564e+01,2.375346e+01,2.367886e+01,2.376024e+01,2.375346e+01,2.376024e+01,2.372634e+01,2.372634e+01,2.375346e+01,2.373990e+01,2.379413e+01,2.372634e+01,2.377380e+01,2.364493e+01,2.382123e+01,2.384155e+01,2.377380e+01,2.378057e+01,2.371277e+01,2.381446e+01,2.376702e+01,2.377380e+01,2.378057e+01,2.379413e+01,2.388896e+01,2.381446e+01,2.382123e+01,2.381446e+01,2.382123e+01,2.382123e+01,2.380091e+01,2.386187e+01,2.378735e+01,2.381446e+01,2.388896e+01,2.384833e+01,2.387542e+01,2.382123e+01,2.382801e+01,2.383478e+01,2.384155e+01,2.388896e+01,2.389573e+01,2.387542e+01,2.389573e+01,2.385510e+01,2.387542e+01,2.380768e+01,2.386865e+01,2.386187e+01,2.383478e+01,2.386865e+01,2.390250e+01,2.388896e+01,2.395664e+01,2.399723e+01,2.404457e+01,2.410540e+01,2.561466e+01,2.664852e+01,2.701064e+01,2.731911e+01,2.736497e+01,2.754824e+01,2.752208e+01,2.745010e+01,2.750245e+01,2.748937e+01,2.750245e+01,2.749591e+01,2.756786e+01,2.756132e+01,2.739117e+01,2.726011e+01,2.706977e+01,2.705663e+01,2.683302e+01,2.658915e+01,2.653635e+01,2.640422e+01,2.631164e+01,2.616599e+01,2.597368e+01,2.615274e+01,2.600023e+01,2.599359e+01,2.600686e+01,2.574778e+01,2.577438e+01,2.560800e+01,2.554804e+01,2.555471e+01,2.544137e+01,2.552805e+01,2.540133e+01,2.524773e+01,2.525442e+01,2.516751e+01,2.518757e+01,2.506713e+01,2.502026e+01,2.496667e+01,2.490634e+01,2.465796e+01,2.471844e+01,2.464452e+01,2.461091e+01,2.455710e+01,2.449654e+01,2.455038e+01,2.438878e+01,2.433487e+01,2.434161e+01,2.430115e+01,2.436183e+01,2.416619e+01,2.424719e+01,2.418644e+01,2.409188e+01,2.409864e+01,2.426068e+01,2.407161e+01,2.404457e+01,2.405133e+01,2.406485e+01,2.385510e+01,2.386187e+01,2.401752e+01,2.388896e+01,2.389573e+01,2.397694e+01,2.397018e+01,2.398371e+01,2.415943e+01,2.422019e+01,2.415268e+01,2.422019e+01,2.444941e+01,2.467813e+01,2.443594e+01,2.473187e+01,2.487281e+01,2.479230e+01,2.482585e+01,2.454365e+01,2.465796e+01,2.457728e+01,2.451000e+01,2.448981e+01,2.449654e+01,2.451000e+01,2.463780e+01,2.465124e+01,2.470500e+01,2.487952e+01,2.487281e+01,2.479901e+01,2.506044e+01,2.484598e+01,2.487952e+01,2.494656e+01,2.502026e+01,2.504035e+01,2.485940e+01,2.502696e+01,2.496667e+01,2.493986e+01,2.492645e+01,2.490634e+01,2.495326e+01,2.488622e+01,2.481914e+01,2.477216e+01,2.481243e+01,2.474530e+01,2.467813e+01,2.470500e+01,2.440900e+01,2.436857e+01,2.434161e+01,2.407837e+01,2.399047e+01,2.374668e+01,2.373312e+01,2.393634e+01,2.394988e+01,2.387542e+01,2.401076e+01,2.405133e+01,2.427417e+01,2.432138e+01,2.426743e+01,2.410540e+01,2.409864e+01,2.390927e+01,2.413917e+01,2.415943e+01,2.377380e+01,2.318923e+01,2.293670e+01,2.292987e+01,2.282731e+01,2.273150e+01,2.282047e+01,2.277257e+01,2.282731e+01,2.310057e+01,2.337311e+01,2.344113e+01,2.333908e+01,2.334589e+01,2.356346e+01,2.371277e+01,2.376702e+01,2.399723e+01,2.393634e+01,2.392958e+01,2.367886e+01,2.346153e+01,2.316877e+01,2.312104e+01,2.291620e+01,2.311422e+01,2.310057e+01,2.344793e+01,2.385510e+01,2.401076e+01,2.411215e+01,2.405809e+01,2.422019e+01,2.417969e+01,2.431464e+01,2.419319e+01,2.429441e+01,2.420670e+01,2.428092e+01,2.422694e+01,2.431464e+01,2.431464e+01,2.428766e+01,2.444941e+01,2.424044e+01,2.432138e+01,2.419319e+01,2.413242e+01,2.417969e+01,2.401076e+01,2.384833e+01,2.359062e+01,2.359062e+01,2.335950e+01,2.324374e+01,2.331185e+01,2.322330e+01,2.327780e+01,2.327099e+01,2.328461e+01,2.345473e+01,2.375346e+01,2.375346e+01,2.397018e+01,2.408512e+01,2.447635e+01,2.455038e+01,2.483927e+01,2.495326e+01,2.530119e+01,2.532122e+01,2.538799e+01,2.550139e+01,2.552139e+01,2.562798e+01,2.558136e+01,2.562798e+01,2.568790e+01,2.546138e+01,2.529451e+01,2.498677e+01,2.497337e+01,2.477216e+01,2.469156e+01,2.449654e+01,2.422019e+01,2.420670e+01,2.391604e+01,2.373312e+01,2.348192e+01,2.333908e+01,2.322330e+01,2.311422e+01,2.290937e+01,2.284783e+01,2.269041e+01
2.641084e+01,2.641084e+01,2.623884e+01,2.639761e+01,2.622560e+01,2.641084e+01,2.624546e+01,2.643066e+01,2.633810e+01,2.645709e+01,2.645709e+01,2.649673e+01,2.639761e+01,2.632487e+01,2.639761e+01,2.637117e+01,2.635133e+01,2.647031e+01,2.639100e+01,2.639100e+01,2.650333e+01,2.635133e+01,2.635133e+01,2.658255e+01,2.645709e+01,2.641744e+01,2.644388e+01,2.628517e+01,2.642405e+01,2.640422e+01,2.634472e+01,2.638439e+01,2.636456e+01,2.625208e+01,2.624546e+01,2.623884e+01,2.621235e+01,2.617924e+01,2.621235e+01,2.607319e+01,2.619911e+01,2.625870e+01,2.616599e+01,2.636456e+01,2.610634e+01,2.614611e+01,2.621235e+01,2.615274e+01,2.619911e+01,2.621898e+01,2.619911e+01,2.619911e+01,2.623222e+01,2.621898e+01,2.623884e+01,2.609309e+01,2.601350e+01,2.604667e+01,2.608646e+01,2.584750e+01,2.589401e+01,2.581427e+01,2.585415e+01,2.594049e+01,2.582092e+01,2.589401e+01,2.584750e+01,2.581427e+01,2.580762e+01,2.580097e+01,2.582092e+01,2.566127e+01,2.558802e+01,2.544137e+01,2.535461e+01,2.534793e+01,2.532122e+01,2.530787e+01,2.506713e+01,2.506713e+01,2.475873e+01,2.478558e+01,2.469828e+01,2.491975e+01,2.513406e+01,2.516751e+01,2.514744e+01,2.514075e+01,2.524773e+01,2.524105e+01,2.526778e+01,2.528782e+01,2.528782e+01,2.527446e+01,2.523437e+01,2.522100e+01,2.512068e+01,2.489293e+01,2.493316e+01,2.490634e+01,2.471172e+01,2.467141e+01,2.470500e+01,2.441573e+01,2.420670e+01,2.397018e+01,2.376024e+01,2.365850e+01,2.340032e+01,2.329142e+01,2.331866e+01,2.320967e+01,2.322330e+01,2.331185e+01,2.331866e+01,2.333228e+01,2.335950e+01,2.346833e+01,2.349552e+01,2.321649e+01,2.335269e+01,2.341393e+01,2.337311e+01,2.344113e+01,2.344793e+01,2.340032e+01,2.342073e+01,2.334589e+01,2.339352e+01,2.352949e+01,2.337991e+01,2.357025e+01,2.382801e+01,2.384155e+01,2.376702e+01,2.378735e+01,2.372634e+01,2.366529e+01,2.377380e+01,2.382123e+01,2.390250e+01,2.389573e+01,2.409188e+01,2.405133e+01,2.397694e+01,2.413917e+01,2.413242e+01,2.392958e+01,2.388219e+01,2.387542e+01,2.393634e+01,2.382801e+01,2.364493e+01,2.363814e+01,2.349552e+01,2.348872e+01,2.355667e+01,2.349552e+01,2.367886e+01,2.367207e+01,2.382801e+01,2.392281e+01,2.393634e+01,2.393634e+01,2.409864e+01,2.410540e+01,2.409864e+01,2.407161e+01,2.409864e+01,2.409864e+01,2.419319e+01,2.413917e+01,2.420670e+01,2.405809e+01,2.418644e+01,2.420670e+01,2.427417e+01,2.425393e+01,2.426743e+01,2.428766e+01,2.419994e+01,2.422694e+01,2.425393e+01,2.424719e+01,2.423369e+01,2.430115e+01,2.423369e+01,2.417969e+01,2.399723e+01,2.409864e+01,2.401076e+01,2.389573e+01,2.373990e+01,2.370599e+01,2.368564e+01,2.372634e+01,2.377380e+01,2.367207e+01,2.358383e+01,2.361778e+01,2.354987e+01,2.357025e+01,2.361778e+01,2.378057e+01,2.381446e+01,2.378057e+01,2.389573e+01,2.407161e+01,2.397694e+01,2.394311e+01,2.396341e+01,2.405133e+01,2.408512e+01,2.407837e+01,2.413917e+01,2.421344e+01,2.414593e+01,2.429441e+01,2.438205e+01,2.459073e+01,2.460419e+01,2.485269e+01,2.502026e+01,2.522100e+01,2.562132e+01,2.561466e+01,2.596041e+01,2.627855e+01,2.660235e+01,2.690542e+01,2.729944e+01,2.729289e+01,2.747628e+01,2.754824e+01,2.744355e+01,2.743046e+01,2.753516e+01,2.743701e+01,2.734532e+01,2.723387e+01,2.705006e+01,2.687910e+01,2.661554e+01,2.647031e+01,2.620573e+01,2.588072e+01,2.562132e+01,2.503366e+01,2.461091e+01,2.419994e+01,2.404457e+01,2.401752e+01,2.402428e+01,2.392281e+01,2.386865e+01,2.401076e+01,2.393634e+01,2.392958e+01,2.390927e+01,2.397694e+01,2.392281e+01,2.391604e+01,2.392958e+01,2.392281e+01,2.389573e+01,2.392281e+01,2.388219e+01,2.389573e+01,2.385510e+01,2.385510e+01,2.397694e+01,2.380091e+01,2.393634e+01,2.391604e+01,2.397018e+01,2.393634e+01,2.384155e+01,2.390250e+01,2.388896e+01,2.386865e+01,2.384833e+01,2.393634e+01,2.391604e+01,2.388219e+01,2.386865e+01,2.389573e+01,2.393634e+01,2.380768e+01,2.399047e+01,2.398371e+01,2.396341e+01,2.403105e+01,2.390927e+01,2.388219e+01,2.382801e+01,2.394988e+01,2.394311e+01,2.399723e+01,2.392281e+01,2.396341e+01,2.387542e+01,2.395664e+01,2.391604e+01,2.395664e+01,2.388219e+01,2.393634e+01,2.392281e+01,2.381446e+01,2.379413e+01,2.390250e+01,2.388896e+01,2.389573e+01,2.386187e+01,2.385510e+01,2.391604e+01,2.386187e+01,2.385510e+01,2.386187e+01,2.373312e+01,2.385510e+01,2.387542e+01,2.388896e+01,2.388219e+01,2.388219e+01,2.389573e+01,2.382801e+01,2.383478e+01,2.389573e+01,2.381446e+01,2.381446e+01,2.386865e+01,2.376702e+01,2.374668e+01,2.380768e+01,2.384155e+01,2.378057e+01,2.383478e+01,2.373990e+01,2.381446e+01,2.387542e+01,2.376024e+01,2.379413e+01,2.370599e+01,2.371956e+01,2.380768e+01,2.378735e+01,2.376024e+01,2.378057e+01,2.361778e+01,2.376024e+01,2.373312e+01,2.371277e+01,2.370599e+01,2.364493e+01,2.370599e+01,2.371956e+01,2.378735e+01,2.369921e+01,2.361778e+01,2.373312e+01,2.374668e+01,2.382123e+01,2.378057e+01,2.380091e+01,2.372634e+01,2.378735e+01,2.380091e+01,2.373312e+01,2.375346e+01,2.384833e+01,2.376024e+01,2.378735e+01,2.385510e+01,2.380091e+01,2.377380e+01,2.380768e+01,2.377380e+01,2.378057e+01,2.383478e+01,2.378057e+01,2.379413e+01,2.378057e+01,2.382801e+01,2.383478e+01,2.388219e+01,2.382123e+01,2.383478e+01,2.379413e+01,2.382801e+01,2.382801e+01,2.388219e+01,2.383478e+01,2.384155e+01,2.386187e+01,2.379413e+01,2.383478e+01,2.387542e+01,2.386187e+01,2.390927e+01,2.386187e+01,2.393634e+01,2.391604e+01,2.390250e+01,2.397694e+01,2.407161e+01,2.517419e+01,2.643066e+01,2.702378e+01,2.727322e+01,2.730600e+01,2.740427e+01,2.747628e+01,2.746319e+01,2.745665e+01,2.750245e+01,2.752862e+01,2.743046e+01,2.751554e+01,2.741082e+01,2.730600e+01,2.731255e+01,2.719451e+01,2.705663e+01,2.687252e+01,2.676717e+01,2.658255e+01,2.658915e+01,2.647031e+01,2.623222e+01,2.623884e+01,2.631164e+01,2.629179e+01,2.600686e+01,2.621235e+01,2.609971e+01,2.592721e+01,2.602013e+01,2.589401e+01,2.558136e+01,2.583421e+01,2.572782e+01,2.543469e+01,2.534793e+01,2.524773e+01,2.526778e+01,2.518757e+01,2.509391e+01,2.501357e+01,2.477216e+01,2.475201e+01,2.482585e+01,2.464452e+01,2.468484e+01,2.465796e+01,2.463108e+01,2.458401e+01,2.453692e+01,2.452346e+01,2.451673e+01,2.446961e+01,2.419994e+01,2.433487e+01,2.434161e+01,2.422694e+01,2.430790e+01,2.431464e+01,2.409864e+01,2.412566e+01,2.406485e+01,2.409188e+01,2.405809e+01,2.410540e+01,2.409864e+01,2.391604e+01,2.409864e+01,2.396341e+01,2.409864e+01,2.397018e+01,2.400400e+01,2.406485e+01,2.425393e+01,2.417294e+01,2.422019e+01,2.426743e+01,2.432812e+01,2.444941e+01,2.440226e+01,2.447635e+01,2.477216e+01,2.474530e+01,2.453019e+01,2.465124e+01,2.422019e+01,2.428766e+01,2.440900e+01,2.424719e+01,2.437531e+01,2.467141e+01,2.463108e+01,2.474530e+01,2.474530e+01,2.485940e+01,2.485269e+01,2.485940e+01,2.495326e+01,2.504705e+01,2.501357e+01,2.504705e+01,2.509391e+01,2.518757e+01,2.516082e+01,2.517419e+01,2.507383e+01,2.495997e+01,2.502696e+01,2.499347e+01,2.510060e+01,2.495326e+01,2.489293e+01,2.475201e+01,2.471844e+01,2.478558e+01,2.465796e+01,2.458401e+01,2.450327e+01,2.436857e+01,2.436183e+01,2.410540e+01,2.409188e+01,2.395664e+01,2.376024e+01,2.390927e+01,2.384155e+01,2.388219e+01,2.403781e+01,2.398371e+01,2.413242e+01,2.415268e+01,2.413917e+01,2.389573e+01,2.376024e+01,2.390927e+01,2.398371e+01,2.407837e+01,2.417294e+01,2.361099e+01,2.312104e+01,2.284099e+01,2.275888e+01,2.268356e+01,2.270411e+01,2.277257e+01,2.297769e+01,2.337311e+01,2.349552e+01,2.382801e+01,2.367207e+01,2.380768e+01,2.370599e+01,2.392281e+01,2.380091e+01,2.403781e+01,2.418644e+01,2.394988e+01,2.369242e+01,2.357704e+01,2.325056e+01,2.295720e+01,2.316877e+01,2.295720e+01,2.330504e+01,2.373990e+01,2.378735e+01,2.417294e+01,2.421344e+01,2.414593e+01,2.424719e+01,2.421344e+01,2.416619e+01,2.391604e+01,2.417969e+01,2.419319e+01,2.419994e+01,2.428766e+01,2.426068e+01,2.434161e+01,2.426743e+01,2.427417e+01,2.427417e+01,2.431464e+01,2.425393e+01,2.436857e+01,2.415268e+01,2.426743e+01,2.385510e+01,2.389573e+01,2.388896e+01,2.358383e+01,2.344113e+01,2.363814e+01,2.372634e+01,2.388219e+01,2.377380e+01,2.397018e+01,2.395664e+01,2.405133e+01,2.444941e+01,2.469828e+01,2.477887e+01,2.473187e+01,2.502696e+01,2.522768e+01,2.550139e+01,2.534126e+01,2.556804e+01,2.572117e+01,2.559468e+01,2.557470e+01,2.566793e+01,2.564130e+01,2.546805e+01,2.560134e+01,2.548805e+01,2.532122e+01,2.526110e+01,2.514744e+01,2.485940e+01,2.465796e+01,2.442247e+01,2.440226e+01,2.422694e+01,2.401076e+01,2.388896e+01,2.392958e+01,2.377380e+01,2.328461e+01,2.327780e+01,2.290253e+01,2.291620e+01,2.286835e+01
2.631164e+01,2.627194e+01,2.633149e+01,2.633149e+01,2.623222e+01,2.624546e+01,2.635794e+01,2.629841e+01,2.647691e+01,2.646370e+01,2.649673e+01,2.647031e+01,2.646370e+01,2.650333e+01,2.642405e+01,2.647031e+01,2.638439e+01,2.634472e+01,2.634472e+01,2.640422e+01,2.642405e+01,2.640422e+01,2.658255e+01,2.637778e+01,2.658255e+01,2.647031e+01,2.644388e+01,2.649673e+01,2.647031e+01,2.636456e+01,2.636456e+01,2.634472e+01,2.637778e+01,2.634472e+01,2.621235e+01,2.633810e+01,2.623222e+01,2.604667e+01,2.606656e+01,2.623222e+01,2.618586e+01,2.605993e+01,2.621235e+01,2.621235e+01,2.619911e+01,2.619911e+01,2.611960e+01,2.628517e+01,2.622560e+01,2.612623e+01,2.617261e+01,2.625870e+01,2.621235e+01,2.621235e+01,2.621898e+01,2.621235e+01,2.608646e+01,2.600023e+01,2.597368e+01,2.593385e+01,2.592057e+01,2.575443e+01,2.579433e+01,2.580762e+01,2.589401e+01,2.580762e+01,2.584085e+01,2.584750e+01,2.576108e+01,2.580762e+01,2.574113e+01,2.567459e+01,2.574778e+01,2.542135e+01,2.546138e+01,2.533458e+01,2.540133e+01,2.512737e+01,2.511399e+01,2.509391e+01,2.479901e+01,2.475201e+01,2.478558e+01,2.489964e+01,2.504035e+01,2.500687e+01,2.513406e+01,2.514744e+01,2.516082e+01,2.512737e+01,2.527446e+01,2.524105e+01,2.526110e+01,2.530787e+01,2.526778e+01,2.506044e+01,2.502026e+01,2.506713e+01,2.487952e+01,2.501357e+01,2.477887e+01,2.473187e+01,2.463780e+01,2.436857e+01,2.403781e+01,2.411891e+01,2.397018e+01,2.367207e+01,2.335950e+01,2.333228e+01,2.335950e+01,2.323693e+01,2.297086e+01,2.323693e+01,2.333228e+01,2.325737e+01,2.335950e+01,2.340713e+01,2.342073e+01,2.327099e+01,2.344793e+01,2.347513e+01,2.343433e+01,2.347513e+01,2.350231e+01,2.343433e+01,2.344113e+01,2.350231e+01,2.344793e+01,2.342753e+01,2.348872e+01,2.344113e+01,2.369921e+01,2.350911e+01,2.367886e+01,2.381446e+01,2.376024e+01,2.377380e+01,2.370599e+01,2.395664e+01,2.375346e+01,2.383478e+01,2.402428e+01,2.410540e+01,2.414593e+01,2.403105e+01,2.408512e+01,2.396341e+01,2.392958e+01,2.393634e+01,2.383478e+01,2.371956e+01,2.361778e+01,2.362457e+01,2.352949e+01,2.335269e+01,2.346833e+01,2.361778e+01,2.378057e+01,2.362457e+01,2.382123e+01,2.387542e+01,2.392281e+01,2.397018e+01,2.413242e+01,2.411215e+01,2.409864e+01,2.425393e+01,2.415943e+01,2.408512e+01,2.424719e+01,2.425393e+01,2.419994e+01,2.418644e+01,2.436857e+01,2.425393e+01,2.435509e+01,2.426068e+01,2.441573e+01,2.430790e+01,2.426068e+01,2.422019e+01,2.430790e+01,2.418644e+01,2.428766e+01,2.424044e+01,2.428092e+01,2.419994e+01,2.409188e+01,2.404457e+01,2.397018e+01,2.386865e+01,2.392958e+01,2.378057e+01,2.368564e+01,2.365172e+01,2.365172e+01,2.374668e+01,2.359062e+01,2.357025e+01,2.357025e+01,2.354308e+01,2.370599e+01,2.365172e+01,2.369242e+01,2.378735e+01,2.386865e+01,2.372634e+01,2.394988e+01,2.381446e+01,2.401752e+01,2.407161e+01,2.405133e+01,2.405809e+01,2.413242e+01,2.419994e+01,2.409864e+01,2.413917e+01,2.420670e+01,2.421344e+01,2.428092e+01,2.451673e+01,2.459073e+01,2.485940e+01,2.494656e+01,2.521431e+01,2.525442e+01,2.560134e+01,2.605993e+01,2.627194e+01,2.680669e+01,2.727322e+01,2.741737e+01,2.744355e+01,2.756786e+01,2.758093e+01,2.750245e+01,2.745665e+01,2.739772e+01,2.737807e+01,2.713544e+01,2.687252e+01,2.685936e+01,2.660895e+01,2.638439e+01,2.602677e+01,2.582092e+01,2.550805e+01,2.500017e+01,2.446961e+01,2.414593e+01,2.400400e+01,2.399723e+01,2.394311e+01,2.399047e+01,2.394311e+01,2.393634e+01,2.384833e+01,2.399047e+01,2.393634e+01,2.388219e+01,2.389573e+01,2.390250e+01,2.389573e+01,2.391604e+01,2.383478e+01,2.390927e+01,2.395664e+01,2.396341e+01,2.391604e+01,2.387542e+01,2.386865e+01,2.389573e+01,2.392281e+01,2.396341e+01,2.382801e+01,2.391604e+01,2.390250e+01,2.387542e+01,2.380091e+01,2.390927e+01,2.390250e+01,2.380768e+01,2.392958e+01,2.390927e+01,2.387542e+01,2.390927e+01,2.397694e+01,2.388896e+01,2.392281e+01,2.377380e+01,2.385510e+01,2.391604e+01,2.387542e+01,2.394311e+01,2.394311e+01,2.388896e+01,2.392281e+01,2.398371e+01,2.398371e+01,2.398371e+01,2.383478e+01,2.396341e+01,2.393634e+01,2.389573e+01,2.391604e+01,2.382801e+01,2.391604e+01,2.389573e+01,2.382123e+01,2.392958e+01,2.390927e+01,2.379413e+01,2.389573e+01,2.386187e+01,2.386187e+01,2.386865e+01,2.385510e+01,2.397018e+01,2.384155e+01,2.384833e+01,2.389573e+01,2.390927e+01,2.377380e+01,2.379413e+01,2.384155e+01,2.388896e+01,2.388219e+01,2.386865e+01,2.385510e+01,2.380768e+01,2.375346e+01,2.386865e+01,2.392958e+01,2.376024e+01,2.378735e+01,2.382801e+01,2.372634e+01,2.373990e+01,2.386865e+01,2.382801e+01,2.383478e+01,2.376024e+01,2.375346e+01,2.383478e+01,2.376702e+01,2.390927e+01,2.367886e+01,2.379413e+01,2.370599e+01,2.378735e+01,2.376024e+01,2.383478e+01,2.382123e+01,2.383478e+01,2.371277e+01,2.375346e+01,2.365172e+01,2.371956e+01,2.373312e+01,2.386187e+01,2.372634e+01,2.374668e+01,2.379413e+01,2.386187e+01,2.382801e+01,2.369242e+01,2.375346e+01,2.369921e+01,2.378057e+01,2.380091e+01,2.378057e+01,2.397018e+01,2.378735e+01,2.375346e+01,2.369242e+01,2.381446e+01,2.380768e+01,2.385510e+01,2.387542e+01,2.382801e+01,2.378057e+01,2.380768e+01,2.382801e+01,2.382801e+01,2.382123e+01,2.389573e+01,2.382801e+01,2.378735e+01,2.382123e+01,2.383478e+01,2.373990e+01,2.380091e+01,2.390927e+01,2.380091e+01,2.393634e+01,2.378057e+01,2.380768e+01,2.393634e+01,2.390927e+01,2.384155e+01,2.383478e+01,2.382801e+01,2.400400e+01,2.403105e+01,2.498677e+01,2.639100e+01,2.703692e+01,2.725355e+01,2.737152e+01,2.741737e+01,2.750245e+01,2.745665e+01,2.756132e+01,2.757440e+01,2.757440e+01,2.753516e+01,2.745665e+01,2.740427e+01,2.738462e+01,2.732566e+01,2.708948e+01,2.728633e+01,2.703692e+01,2.691858e+01,2.670786e+01,2.670127e+01,2.650994e+01,2.647691e+01,2.635794e+01,2.632487e+01,2.628517e+01,2.615936e+01,2.615274e+01,2.621898e+01,2.598696e+01,2.591393e+01,2.588072e+01,2.586743e+01,2.582756e+01,2.584085e+01,2.585415e+01,2.559468e+01,2.565462e+01,2.530119e+01,2.512068e+01,2.512068e+01,2.516751e+01,2.504705e+01,2.495997e+01,2.485940e+01,2.475873e+01,2.475201e+01,2.465796e+01,2.479230e+01,2.463108e+01,2.436857e+01,2.455710e+01,2.450327e+01,2.433487e+01,2.448981e+01,2.440900e+01,2.446961e+01,2.430115e+01,2.427417e+01,2.426743e+01,2.416619e+01,2.413242e+01,2.426743e+01,2.406485e+01,2.409864e+01,2.407161e+01,2.411891e+01,2.403105e+01,2.408512e+01,2.405809e+01,2.411891e+01,2.413242e+01,2.415268e+01,2.417294e+01,2.417294e+01,2.420670e+01,2.413917e+01,2.425393e+01,2.430115e+01,2.439552e+01,2.413917e+01,2.438205e+01,2.443594e+01,2.450327e+01,2.440226e+01,2.425393e+01,2.428766e+01,2.425393e+01,2.422694e+01,2.422694e+01,2.446961e+01,2.457728e+01,2.463780e+01,2.457056e+01,2.483927e+01,2.483927e+01,2.487281e+01,2.493986e+01,2.512068e+01,2.508722e+01,2.516082e+01,2.538799e+01,2.536796e+01,2.523437e+01,2.518088e+01,2.520763e+01,2.517419e+01,2.517419e+01,2.522100e+01,2.495997e+01,2.508722e+01,2.511399e+01,2.514744e+01,2.494656e+01,2.499347e+01,2.479230e+01,2.461763e+01,2.453019e+01,2.452346e+01,2.438205e+01,2.419319e+01,2.416619e+01,2.407837e+01,2.395664e+01,2.377380e+01,2.395664e+01,2.389573e+01,2.395664e+01,2.392958e+01,2.410540e+01,2.403105e+01,2.418644e+01,2.412566e+01,2.409864e+01,2.392281e+01,2.413917e+01,2.414593e+01,2.420670e+01,2.411891e+01,2.371277e+01,2.325737e+01,2.282047e+01,2.282731e+01,2.264930e+01,2.274519e+01,2.290937e+01,2.313468e+01,2.339352e+01,2.353629e+01,2.363136e+01,2.377380e+01,2.382801e+01,2.382801e+01,2.396341e+01,2.390927e+01,2.410540e+01,2.412566e+01,2.413917e+01,2.400400e+01,2.357704e+01,2.352949e+01,2.330504e+01,2.332547e+01,2.351590e+01,2.373990e+01,2.377380e+01,2.397694e+01,2.423369e+01,2.422019e+01,2.438878e+01,2.438878e+01,2.393634e+01,2.417969e+01,2.417969e+01,2.419994e+01,2.419319e+01,2.422694e+01,2.421344e+01,2.415943e+01,2.428766e+01,2.426743e+01,2.432812e+01,2.432138e+01,2.431464e+01,2.433487e+01,2.434161e+01,2.429441e+01,2.436857e+01,2.422694e+01,2.436857e+01,2.413242e+01,2.414593e+01,2.413242e+01,2.426068e+01,2.430115e+01,2.432812e+01,2.444941e+01,2.458401e+01,2.459073e+01,2.476544e+01,2.489964e+01,2.516082e+01,2.520763e+01,2.522100e+01,2.547471e+01,2.548138e+01,2.568790e+01,2.561466e+01,2.571451e+01,2.581427e+01,2.560800e+01,2.564796e+01,2.579433e+01,2.571451e+01,2.569455e+01,2.570786e+01,2.550805e+01,2.538799e+01,2.519426e+01,2.503366e+01,2.485269e+01,2.466469e+01,2.446961e+01,2.444941e+01,2.426068e+01,2.400400e+01,2.422694e+01,2.369921e+01,2.394988e+01,2.354308e+01,2.331185e+01,2.318241e+01,2.314832e+01,2.292987e+01
2.629179e+01,2.631826e+01,2.645709e+01,2.626532e+01,2.641744e+01,2.654955e+01,2.637778e+01,2.639100e+01,2.638439e+01,2.644388e+01,2.630502e+01,2.640422e+01,2.642405e+01,2.641084e+01,2.649012e+01,2.631826e+01,2.633810e+01,2.640422e+01,2.640422e+01,2.638439e+01,2.644388e+01,2.639761e+01,2.638439e+01,2.641084e+01,2.641744e+01,2.638439e+01,2.640422e+01,2.632487e+01,2.639100e+01,2.639100e+01,2.643727e+01,2.635794e+01,2.634472e+01,2.637117e+01,2.635794e+01,2.630502e+01,2.609971e+01,2.635133e+01,2.616599e+01,2.622560e+01,2.613948e+01,2.603340e+01,2.619248e+01,2.602677e+01,2.597368e+01,2.593385e+01,2.600686e+01,2.604667e+01,2.596041e+01,2.609309e+01,2.625208e+01,2.619248e+01,2.621898e+01,2.617924e+01,2.619248e+01,2.617261e+01,2.603340e+01,2.602013e+01,2.604667e+01,2.590729e+01,2.590065e+01,2.574778e+01,2.580762e+01,2.573447e+01,2.564796e+01,2.582756e+01,2.576773e+01,2.595377e+01,2.566127e+01,2.569455e+01,2.561466e+01,2.558136e+01,2.560134e+01,2.541468e+01,2.524773e+01,2.528115e+01,2.528115e+01,2.510730e+01,2.508722e+01,2.506713e+01,2.477887e+01,2.478558e+01,2.483256e+01,2.494656e+01,2.514075e+01,2.514744e+01,2.512737e+01,2.514744e+01,2.516751e+01,2.511399e+01,2.514744e+01,2.506713e+01,2.527446e+01,2.526110e+01,2.503366e+01,2.504705e+01,2.505375e+01,2.505375e+01,2.489964e+01,2.485940e+01,2.473858e+01,2.477216e+01,2.472515e+01,2.438205e+01,2.439552e+01,2.400400e+01,2.397018e+01,2.363814e+01,2.349552e+01,2.329823e+01,2.328461e+01,2.325737e+01,2.316195e+01,2.327780e+01,2.319604e+01,2.327099e+01,2.321649e+01,2.327780e+01,2.328461e+01,2.344793e+01,2.365172e+01,2.353629e+01,2.351590e+01,2.352949e+01,2.350231e+01,2.342753e+01,2.350231e+01,2.343433e+01,2.346833e+01,2.340032e+01,2.344793e+01,2.354308e+01,2.345473e+01,2.353629e+01,2.353629e+01,2.364493e+01,2.366529e+01,2.367207e+01,2.368564e+01,2.378735e+01,2.382123e+01,2.399047e+01,2.386187e+01,2.401752e+01,2.401076e+01,2.404457e+01,2.409864e+01,2.394311e+01,2.394988e+01,2.384155e+01,2.381446e+01,2.378057e+01,2.363136e+01,2.355667e+01,2.337311e+01,2.333908e+01,2.342753e+01,2.346153e+01,2.360420e+01,2.380768e+01,2.384833e+01,2.385510e+01,2.398371e+01,2.413242e+01,2.419994e+01,2.416619e+01,2.413242e+01,2.426743e+01,2.409864e+01,2.415943e+01,2.427417e+01,2.421344e+01,2.422694e+01,2.426743e+01,2.428766e+01,2.441573e+01,2.431464e+01,2.451000e+01,2.443594e+01,2.435509e+01,2.442247e+01,2.440226e+01,2.441573e+01,2.420670e+01,2.430115e+01,2.421344e+01,2.426743e+01,2.411215e+01,2.424044e+01,2.411891e+01,2.407837e+01,2.392958e+01,2.393634e+01,2.384155e+01,2.380768e+01,2.374668e+01,2.361099e+01,2.375346e+01,2.360420e+01,2.355667e+01,2.354987e+01,2.365172e+01,2.366529e+01,2.380091e+01,2.371956e+01,2.376702e+01,2.382123e+01,2.382123e+01,2.395664e+01,2.394311e+01,2.397694e+01,2.393634e+01,2.404457e+01,2.399723e+01,2.400400e+01,2.407161e+01,2.404457e+01,2.409188e+01,2.409188e+01,2.421344e+01,2.417294e+01,2.422694e+01,2.434161e+01,2.453019e+01,2.456383e+01,2.467813e+01,2.492645e+01,2.514744e+01,2.555471e+01,2.584750e+01,2.617261e+01,2.653635e+01,2.697119e+01,2.744355e+01,2.748937e+01,2.754824e+01,2.763322e+01,2.754824e+01,2.737152e+01,2.738462e+01,2.726011e+01,2.707634e+01,2.692516e+01,2.677376e+01,2.645709e+01,2.635133e+01,2.600686e+01,2.568790e+01,2.550805e+01,2.485269e+01,2.401752e+01,2.395664e+01,2.389573e+01,2.397018e+01,2.386865e+01,2.388896e+01,2.386865e+01,2.393634e+01,2.391604e+01,2.389573e+01,2.391604e+01,2.388896e+01,2.377380e+01,2.374668e+01,2.397018e+01,2.378735e+01,2.384155e+01,2.388219e+01,2.378735e+01,2.376702e+01,2.378735e+01,2.383478e+01,2.382123e+01,2.378735e+01,2.390927e+01,2.390927e+01,2.384833e+01,2.397694e+01,2.387542e+01,2.386865e+01,2.394988e+01,2.388896e+01,2.386865e+01,2.388896e+01,2.385510e+01,2.392281e+01,2.387542e+01,2.388896e+01,2.397694e+01,2.388219e+01,2.396341e+01,2.395664e+01,2.390927e+01,2.392281e+01,2.392958e+01,2.387542e+01,2.394988e+01,2.394311e+01,2.386187e+01,2.390927e+01,2.390927e+01,2.380768e+01,2.394311e+01,2.387542e+01,2.393634e+01,2.395664e+01,2.387542e+01,2.382123e+01,2.394988e+01,2.389573e+01,2.384833e+01,2.388219e+01,2.388219e+01,2.383478e+01,2.388219e+01,2.384155e+01,2.383478e+01,2.390927e+01,2.386865e+01,2.390927e+01,2.371277e+01,2.379413e+01,2.390927e+01,2.380091e+01,2.378057e+01,2.377380e+01,2.391604e+01,2.386187e+01,2.379413e+01,2.379413e+01,2.376702e+01,2.386187e+01,2.383478e+01,2.376702e+01,2.376702e+01,2.369921e+01,2.374668e+01,2.380091e+01,2.367886e+01,2.348872e+01,2.384155e+01,2.381446e+01,2.376024e+01,2.373312e+01,2.372634e+01,2.373990e+01,2.373312e+01,2.365172e+01,2.379413e+01,2.368564e+01,2.376702e+01,2.378735e+01,2.374668e+01,2.368564e+01,2.359062e+01,2.366529e+01,2.380768e+01,2.379413e+01,2.375346e+01,2.373990e+01,2.384155e+01,2.374668e+01,2.372634e+01,2.371277e+01,2.374668e+01,2.371956e+01,2.369921e+01,2.373990e+01,2.380091e+01,2.382123e+01,2.377380e+01,2.380091e+01,2.376024e+01,2.379413e+01,2.371956e+01,2.367207e+01,2.378735e+01,2.384155e+01,2.380768e+01,2.394988e+01,2.376702e+01,2.376024e+01,2.383478e+01,2.380768e+01,2.383478e+01,2.380091e+01,2.377380e+01,2.374668e+01,2.382123e+01,2.372634e+01,2.388219e+01,2.382801e+01,2.384155e+01,2.387542e+01,2.378735e+01,2.384155e+01,2.390927e+01,2.382801e+01,2.373990e+01,2.390927e+01,2.386865e+01,2.388896e+01,2.388219e+01,2.384155e+01,2.400400e+01,2.443594e+01,2.606656e+01,2.670786e+01,2.708291e+01,2.727978e+01,2.730600e+01,2.745010e+01,2.763322e+01,2.745665e+01,2.758093e+01,2.758747e+01,2.756786e+01,2.743701e+01,2.740427e+01,2.738462e+01,2.732566e+01,2.736497e+01,2.703035e+01,2.693173e+01,2.703035e+01,2.683961e+01,2.688568e+01,2.654295e+01,2.656935e+01,2.639761e+01,2.631164e+01,2.648352e+01,2.621898e+01,2.619911e+01,2.605993e+01,2.619911e+01,2.604667e+01,2.608646e+01,2.601350e+01,2.584750e+01,2.588072e+01,2.566127e+01,2.563464e+01,2.563464e+01,2.541468e+01,2.533458e+01,2.532790e+01,2.516082e+01,2.502026e+01,2.498007e+01,2.491975e+01,2.476544e+01,2.472515e+01,2.470500e+01,2.467141e+01,2.487281e+01,2.465124e+01,2.458401e+01,2.458401e+01,2.451673e+01,2.447635e+01,2.444268e+01,2.430115e+01,2.448981e+01,2.446961e+01,2.440226e+01,2.435509e+01,2.432138e+01,2.427417e+01,2.405809e+01,2.407837e+01,2.409864e+01,2.405809e+01,2.411891e+01,2.409188e+01,2.409188e+01,2.413242e+01,2.429441e+01,2.417294e+01,2.424044e+01,2.419994e+01,2.424044e+01,2.415268e+01,2.431464e+01,2.433487e+01,2.430115e+01,2.438205e+01,2.437531e+01,2.407837e+01,2.432138e+01,2.428766e+01,2.424044e+01,2.422019e+01,2.419994e+01,2.440226e+01,2.436183e+01,2.440226e+01,2.457056e+01,2.454365e+01,2.459746e+01,2.468484e+01,2.479230e+01,2.491975e+01,2.501357e+01,2.511399e+01,2.530787e+01,2.524105e+01,2.532790e+01,2.544137e+01,2.539466e+01,2.548805e+01,2.538131e+01,2.542802e+01,2.518088e+01,2.504705e+01,2.518757e+01,2.519426e+01,2.521431e+01,2.499347e+01,2.475873e+01,2.478558e+01,2.469156e+01,2.464452e+01,2.455710e+01,2.451000e+01,2.441573e+01,2.434835e+01,2.412566e+01,2.425393e+01,2.398371e+01,2.397694e+01,2.393634e+01,2.390927e+01,2.402428e+01,2.392281e+01,2.401752e+01,2.409188e+01,2.401076e+01,2.400400e+01,2.386865e+01,2.397018e+01,2.418644e+01,2.415943e+01,2.416619e+01,2.400400e+01,2.377380e+01,2.322330e+01,2.310057e+01,2.278626e+01,2.285467e+01,2.274519e+01,2.294353e+01,2.318241e+01,2.342073e+01,2.360420e+01,2.359062e+01,2.378735e+01,2.384833e+01,2.381446e+01,2.382123e+01,2.411215e+01,2.432138e+01,2.436183e+01,2.437531e+01,2.426068e+01,2.411215e+01,2.404457e+01,2.368564e+01,2.366529e+01,2.384833e+01,2.395664e+01,2.419319e+01,2.455710e+01,2.424044e+01,2.424044e+01,2.426743e+01,2.421344e+01,2.422019e+01,2.413242e+01,2.422019e+01,2.417294e+01,2.411215e+01,2.417969e+01,2.419994e+01,2.412566e+01,2.410540e+01,2.428766e+01,2.428092e+01,2.429441e+01,2.457056e+01,2.440226e+01,2.434835e+01,2.459746e+01,2.432812e+01,2.437531e+01,2.439552e+01,2.451000e+01,2.448981e+01,2.464452e+01,2.474530e+01,2.473187e+01,2.479901e+01,2.479901e+01,2.500687e+01,2.516082e+01,2.515413e+01,2.524773e+01,2.530119e+01,2.546138e+01,2.553472e+01,2.550139e+01,2.569455e+01,2.566793e+01,2.570121e+01,2.571451e+01,2.561466e+01,2.587408e+01,2.579433e+01,2.592721e+01,2.572782e+01,2.552805e+01,2.566127e+01,2.539466e+01,2.539466e+01,2.515413e+01,2.479230e+01,2.475201e+01,2.476544e+01,2.442921e+01,2.428092e+01,2.426068e+01,2.422019e+01,2.424719e+01,2.399723e+01,2.409188e+01,2.376702e+01,2.335950e+01,2.317559e+01,2.296403e+01,2.292303e+01
2.631164e+01,2.639761e+01,2.658915e+01,2.643066e+01,2.655615e+01,2.637778e+01,2.652314e+01,2.653635e+01,2.643727e+01,2.648352e+01,2.643066e+01,2.629179e+01,2.646370e+01,2.643066e+01,2.645709e+01,2.637117e+01,2.646370e+01,2.644388e+01,2.645709e+01,2.636456e+01,2.647691e+01,2.643727e+01,2.649012e+01,2.638439e+01,2.641744e+01,2.658915e+01,2.639100e+01,2.637117e+01,2.636456e+01,2.631826e+01,2.625208e+01,2.635133e+01,2.635794e+01,2.633810e+01,2.637117e+01,2.637778e+01,2.638439e+01,2.621898e+01,2.629841e+01,2.625870e+01,2.607982e+01,2.605330e+01,2.595377e+01,2.613948e+01,2.596041e+01,2.589401e+01,2.609309e+01,2.600023e+01,2.623884e+01,2.599359e+01,2.617924e+01,2.611297e+01,2.613286e+01,2.613286e+01,2.609971e+01,2.607982e+01,2.596041e+01,2.605993e+01,2.605993e+01,2.600686e+01,2.594049e+01,2.590729e+01,2.578768e+01,2.578103e+01,2.581427e+01,2.584085e+01,2.566127e+01,2.563464e+01,2.562798e+01,2.568124e+01,2.571451e+01,2.548805e+01,2.541468e+01,2.534126e+01,2.532122e+01,2.530787e+01,2.524773e+01,2.508052e+01,2.510730e+01,2.512068e+01,2.483927e+01,2.467141e+01,2.477887e+01,2.486610e+01,2.499347e+01,2.510060e+01,2.516082e+01,2.515413e+01,2.501357e+01,2.514075e+01,2.522100e+01,2.505375e+01,2.507383e+01,2.508052e+01,2.506044e+01,2.495997e+01,2.504035e+01,2.498677e+01,2.504035e+01,2.487952e+01,2.479901e+01,2.471172e+01,2.470500e+01,2.472515e+01,2.414593e+01,2.400400e+01,2.399723e+01,2.365850e+01,2.361778e+01,2.333228e+01,2.327780e+01,2.320967e+01,2.319604e+01,2.318923e+01,2.314150e+01,2.322330e+01,2.327099e+01,2.329142e+01,2.327780e+01,2.349552e+01,2.363814e+01,2.351590e+01,2.357025e+01,2.352949e+01,2.355667e+01,2.358383e+01,2.352270e+01,2.348192e+01,2.347513e+01,2.350911e+01,2.342073e+01,2.347513e+01,2.367207e+01,2.361778e+01,2.366529e+01,2.357704e+01,2.376702e+01,2.373990e+01,2.380091e+01,2.384833e+01,2.384833e+01,2.397694e+01,2.387542e+01,2.390927e+01,2.393634e+01,2.396341e+01,2.391604e+01,2.386187e+01,2.393634e+01,2.383478e+01,2.382123e+01,2.365172e+01,2.359062e+01,2.348872e+01,2.340032e+01,2.335269e+01,2.352270e+01,2.357704e+01,2.363814e+01,2.380768e+01,2.392281e+01,2.394988e+01,2.401752e+01,2.417294e+01,2.407161e+01,2.413242e+01,2.412566e+01,2.427417e+01,2.428092e+01,2.424044e+01,2.428766e+01,2.426068e+01,2.422019e+01,2.424044e+01,2.425393e+01,2.438878e+01,2.443594e+01,2.450327e+01,2.451673e+01,2.450327e+01,2.443594e+01,2.440226e+01,2.437531e+01,2.424044e+01,2.431464e+01,2.427417e+01,2.432812e+01,2.430115e+01,2.414593e+01,2.407837e+01,2.405809e+01,2.394988e+01,2.386187e+01,2.386865e+01,2.371277e+01,2.373990e+01,2.371277e+01,2.390927e+01,2.364493e+01,2.371277e+01,2.359062e+01,2.373312e+01,2.368564e+01,2.368564e+01,2.369242e+01,2.374668e+01,2.388896e+01,2.395664e+01,2.397018e+01,2.384833e+01,2.387542e+01,2.404457e+01,2.392281e+01,2.401752e+01,2.401076e+01,2.405809e+01,2.405133e+01,2.409188e+01,2.407837e+01,2.407837e+01,2.411891e+01,2.419319e+01,2.415268e+01,2.418644e+01,2.437531e+01,2.422019e+01,2.456383e+01,2.473187e+01,2.489293e+01,2.533458e+01,2.576773e+01,2.602013e+01,2.652975e+01,2.674081e+01,2.695804e+01,2.742391e+01,2.777036e+01,2.752208e+01,2.780299e+01,2.742391e+01,2.742391e+01,2.727978e+01,2.700406e+01,2.689884e+01,2.649012e+01,2.631164e+01,2.604667e+01,2.578768e+01,2.552805e+01,2.530119e+01,2.458401e+01,2.399047e+01,2.396341e+01,2.397018e+01,2.390250e+01,2.395664e+01,2.393634e+01,2.395664e+01,2.393634e+01,2.388896e+01,2.385510e+01,2.390250e+01,2.386865e+01,2.390250e+01,2.386865e+01,2.391604e+01,2.388896e+01,2.388219e+01,2.378057e+01,2.386865e+01,2.390927e+01,2.401752e+01,2.380091e+01,2.390250e+01,2.392281e+01,2.386865e+01,2.387542e+01,2.387542e+01,2.387542e+01,2.384155e+01,2.382801e+01,2.378735e+01,2.387542e+01,2.392958e+01,2.390927e+01,2.401076e+01,2.384833e+01,2.388896e+01,2.387542e+01,2.393634e+01,2.390250e+01,2.396341e+01,2.392281e+01,2.394311e+01,2.391604e+01,2.388219e+01,2.393634e+01,2.384155e+01,2.394311e+01,2.403781e+01,2.394988e+01,2.383478e+01,2.382123e+01,2.386187e+01,2.391604e+01,2.400400e+01,2.384155e+01,2.384155e+01,2.390927e+01,2.384833e+01,2.382123e+01,2.386865e+01,2.382801e+01,2.389573e+01,2.384833e+01,2.384833e+01,2.386865e+01,2.376024e+01,2.393634e+01,2.390927e+01,2.376702e+01,2.378057e+01,2.395664e+01,2.376024e+01,2.378735e+01,2.379413e+01,2.382123e+01,2.382123e+01,2.388219e+01,2.382123e+01,2.382123e+01,2.382123e+01,2.380768e+01,2.393634e+01,2.380768e+01,2.388896e+01,2.378057e+01,2.381446e+01,2.379413e+01,2.384833e+01,2.384155e+01,2.374668e+01,2.376024e+01,2.382123e+01,2.376702e+01,2.377380e+01,2.376702e+01,2.367886e+01,2.367207e+01,2.365172e+01,2.363814e+01,2.373990e+01,2.376702e+01,2.363136e+01,2.362457e+01,2.378057e+01,2.364493e+01,2.373312e+01,2.372634e+01,2.374668e+01,2.376024e+01,2.377380e+01,2.376702e+01,2.375346e+01,2.371277e+01,2.380091e+01,2.378057e+01,2.371277e+01,2.378735e+01,2.377380e+01,2.374668e+01,2.388896e+01,2.380091e+01,2.384155e+01,2.379413e+01,2.378057e+01,2.380768e+01,2.380768e+01,2.380768e+01,2.373990e+01,2.380091e+01,2.379413e+01,2.377380e+01,2.380091e+01,2.383478e+01,2.377380e+01,2.379413e+01,2.364493e+01,2.372634e+01,2.375346e+01,2.378735e+01,2.383478e+01,2.378735e+01,2.407837e+01,2.383478e+01,2.379413e+01,2.380091e+01,2.385510e+01,2.393634e+01,2.382801e+01,2.389573e+01,2.383478e+01,2.383478e+01,2.382123e+01,2.403105e+01,2.424719e+01,2.572117e+01,2.697777e+01,2.724699e+01,2.734532e+01,2.738462e+01,2.754824e+01,2.763976e+01,2.763322e+01,2.754824e+01,2.755478e+01,2.767242e+01,2.745665e+01,2.754170e+01,2.744355e+01,2.746319e+01,2.731911e+01,2.705006e+01,2.701721e+01,2.701721e+01,2.685936e+01,2.682644e+01,2.682644e+01,2.652975e+01,2.657595e+01,2.651654e+01,2.650994e+01,2.639100e+01,2.646370e+01,2.627855e+01,2.614611e+01,2.617261e+01,2.605330e+01,2.594713e+01,2.587408e+01,2.586079e+01,2.572117e+01,2.560134e+01,2.561466e+01,2.556804e+01,2.541468e+01,2.536129e+01,2.502026e+01,2.532122e+01,2.509391e+01,2.494656e+01,2.498677e+01,2.484598e+01,2.486610e+01,2.480572e+01,2.454365e+01,2.468484e+01,2.474530e+01,2.455710e+01,2.469156e+01,2.452346e+01,2.448981e+01,2.455710e+01,2.461091e+01,2.453692e+01,2.442921e+01,2.436183e+01,2.436183e+01,2.433487e+01,2.426068e+01,2.417969e+01,2.414593e+01,2.416619e+01,2.420670e+01,2.426068e+01,2.411891e+01,2.434835e+01,2.439552e+01,2.442921e+01,2.450327e+01,2.416619e+01,2.435509e+01,2.430115e+01,2.422694e+01,2.430790e+01,2.438205e+01,2.441573e+01,2.428092e+01,2.436857e+01,2.419994e+01,2.430790e+01,2.421344e+01,2.418644e+01,2.427417e+01,2.422019e+01,2.440226e+01,2.446961e+01,2.440900e+01,2.453692e+01,2.462436e+01,2.474530e+01,2.478558e+01,2.481243e+01,2.514075e+01,2.524773e+01,2.531454e+01,2.526778e+01,2.544804e+01,2.542135e+01,2.534793e+01,2.544137e+01,2.541468e+01,2.540133e+01,2.534126e+01,2.523437e+01,2.503366e+01,2.506713e+01,2.498007e+01,2.495997e+01,2.498007e+01,2.482585e+01,2.477887e+01,2.465124e+01,2.460419e+01,2.438205e+01,2.436857e+01,2.440226e+01,2.437531e+01,2.426068e+01,2.405133e+01,2.432812e+01,2.411891e+01,2.410540e+01,2.410540e+01,2.407837e+01,2.406485e+01,2.404457e+01,2.409864e+01,2.399723e+01,2.405809e+01,2.394311e+01,2.392958e+01,2.384155e+01,2.386865e+01,2.384833e+01,2.359062e+01,2.324374e+01,2.309375e+01,2.314832e+01,2.292303e+01,2.279995e+01,2.293670e+01,2.339352e+01,2.342073e+01,2.368564e+01,2.360420e+01,2.383478e+01,2.407161e+01,2.398371e+01,2.398371e+01,2.411215e+01,2.419319e+01,2.457056e+01,2.455038e+01,2.453692e+01,2.454365e+01,2.440900e+01,2.428092e+01,2.429441e+01,2.448981e+01,2.450327e+01,2.451673e+01,2.455710e+01,2.457728e+01,2.458401e+01,2.451000e+01,2.439552e+01,2.426068e+01,2.422694e+01,2.418644e+01,2.417294e+01,2.417294e+01,2.411891e+01,2.411215e+01,2.421344e+01,2.426068e+01,2.430115e+01,2.447635e+01,2.455710e+01,2.438205e+01,2.473858e+01,2.467141e+01,2.475201e+01,2.475873e+01,2.489293e+01,2.491305e+01,2.485940e+01,2.481243e+01,2.509391e+01,2.512068e+01,2.523437e+01,2.520763e+01,2.504705e+01,2.527446e+01,2.544137e+01,2.555471e+01,2.555471e+01,2.557470e+01,2.565462e+01,2.568790e+01,2.566793e+01,2.570786e+01,2.574113e+01,2.584085e+01,2.588736e+01,2.574113e+01,2.593385e+01,2.588072e+01,2.586079e+01,2.558136e+01,2.538799e+01,2.540133e+01,2.529451e+01,2.516082e+01,2.492645e+01,2.497337e+01,2.471844e+01,2.448981e+01,2.442247e+01,2.436183e+01,2.430115e+01,2.421344e+01,2.432812e+01,2.433487e+01,2.419319e+01,2.413917e+01,2.371956e+01,2.334589e+01,2.318923e+01,2.316877e+01
2.641744e+01,2.641744e+01,2.655615e+01,2.652975e+01,2.640422e+01,2.639761e+01,2.645709e+01,2.643727e+01,2.645049e+01,2.641744e+01,2.648352e+01,2.636456e+01,2.651654e+01,2.645709e+01,2.639761e+01,2.637778e+01,2.650994e+01,2.642405e+01,2.645709e+01,2.641744e+01,2.643727e+01,2.638439e+01,2.636456e+01,2.641084e+01,2.635794e+01,2.638439e+01,2.635794e+01,2.629841e+01,2.637117e+01,2.626532e+01,2.662874e+01,2.632487e+01,2.618586e+01,2.643727e+01,2.635794e+01,2.610634e+01,2.639761e+01,2.618586e+01,2.623222e+01,2.618586e+01,2.624546e+01,2.600686e+01,2.600023e+01,2.596704e+01,2.596704e+01,2.598696e+01,2.597368e+01,2.598696e+01,2.596041e+01,2.627194e+01,2.610634e+01,2.611960e+01,2.611297e+01,2.605993e+01,2.611297e+01,2.609971e+01,2.606656e+01,2.607982e+01,2.584750e+01,2.594713e+01,2.605993e+01,2.582092e+01,2.576108e+01,2.553472e+01,2.558802e+01,2.560134e+01,2.563464e+01,2.562132e+01,2.562798e+01,2.563464e+01,2.551472e+01,2.550139e+01,2.550139e+01,2.538799e+01,2.536796e+01,2.529451e+01,2.510730e+01,2.512737e+01,2.501357e+01,2.508722e+01,2.487952e+01,2.483927e+01,2.491305e+01,2.492645e+01,2.518088e+01,2.519426e+01,2.504035e+01,2.519426e+01,2.518088e+01,2.518757e+01,2.498677e+01,2.501357e+01,2.504705e+01,2.506044e+01,2.507383e+01,2.506713e+01,2.502696e+01,2.495997e+01,2.483256e+01,2.481243e+01,2.474530e+01,2.473858e+01,2.450327e+01,2.446961e+01,2.424044e+01,2.399047e+01,2.394311e+01,2.364493e+01,2.361778e+01,2.333228e+01,2.324374e+01,2.321649e+01,2.326418e+01,2.318923e+01,2.327780e+01,2.311422e+01,2.312104e+01,2.325056e+01,2.335269e+01,2.366529e+01,2.361099e+01,2.354308e+01,2.353629e+01,2.372634e+01,2.363136e+01,2.358383e+01,2.365850e+01,2.355667e+01,2.350231e+01,2.350231e+01,2.346833e+01,2.348872e+01,2.349552e+01,2.350911e+01,2.361099e+01,2.352949e+01,2.370599e+01,2.378057e+01,2.376702e+01,2.379413e+01,2.380768e+01,2.385510e+01,2.388219e+01,2.382801e+01,2.392281e+01,2.397018e+01,2.408512e+01,2.386865e+01,2.380091e+01,2.382801e+01,2.373312e+01,2.359062e+01,2.350231e+01,2.344113e+01,2.335269e+01,2.353629e+01,2.357704e+01,2.356346e+01,2.368564e+01,2.379413e+01,2.388896e+01,2.399047e+01,2.413242e+01,2.411891e+01,2.417294e+01,2.425393e+01,2.423369e+01,2.413242e+01,2.424044e+01,2.428766e+01,2.428092e+01,2.427417e+01,2.442247e+01,2.432138e+01,2.435509e+01,2.446288e+01,2.450327e+01,2.446961e+01,2.444941e+01,2.440900e+01,2.428092e+01,2.424719e+01,2.424719e+01,2.446288e+01,2.446288e+01,2.430790e+01,2.436183e+01,2.438205e+01,2.427417e+01,2.413917e+01,2.413917e+01,2.392958e+01,2.409188e+01,2.392958e+01,2.380768e+01,2.372634e+01,2.373990e+01,2.390250e+01,2.372634e+01,2.371277e+01,2.346153e+01,2.355667e+01,2.375346e+01,2.367886e+01,2.370599e+01,2.390250e+01,2.382123e+01,2.399723e+01,2.393634e+01,2.401076e+01,2.387542e+01,2.397018e+01,2.393634e+01,2.397694e+01,2.388896e+01,2.402428e+01,2.401752e+01,2.395664e+01,2.401076e+01,2.411215e+01,2.409188e+01,2.411215e+01,2.406485e+01,2.418644e+01,2.422019e+01,2.419319e+01,2.423369e+01,2.463108e+01,2.461763e+01,2.479901e+01,2.524105e+01,2.544137e+01,2.594713e+01,2.604667e+01,2.624546e+01,2.673422e+01,2.739117e+01,2.756132e+01,2.754170e+01,2.736497e+01,2.735187e+01,2.731255e+01,2.705663e+01,2.691200e+01,2.677376e+01,2.649012e+01,2.610634e+01,2.593385e+01,2.555471e+01,2.530119e+01,2.486610e+01,2.401076e+01,2.392281e+01,2.398371e+01,2.388219e+01,2.385510e+01,2.376024e+01,2.390250e+01,2.394311e+01,2.384155e+01,2.392281e+01,2.389573e+01,2.388896e+01,2.390250e+01,2.388896e+01,2.389573e+01,2.389573e+01,2.388896e+01,2.377380e+01,2.391604e+01,2.378735e+01,2.380768e+01,2.387542e+01,2.382123e+01,2.386865e+01,2.388896e+01,2.379413e+01,2.387542e+01,2.386865e+01,2.385510e+01,2.381446e+01,2.386865e+01,2.389573e+01,2.385510e+01,2.386865e+01,2.397018e+01,2.376702e+01,2.393634e+01,2.388219e+01,2.390927e+01,2.399047e+01,2.397018e+01,2.392281e+01,2.394311e+01,2.389573e+01,2.382801e+01,2.391604e+01,2.389573e+01,2.390250e+01,2.391604e+01,2.388219e+01,2.384155e+01,2.392958e+01,2.397694e+01,2.392281e+01,2.393634e+01,2.392958e+01,2.388896e+01,2.384155e+01,2.387542e+01,2.384833e+01,2.384155e+01,2.382801e+01,2.384155e+01,2.384833e+01,2.380768e+01,2.386865e+01,2.383478e+01,2.374668e+01,2.379413e+01,2.387542e+01,2.378735e+01,2.388896e+01,2.378735e+01,2.381446e+01,2.382801e+01,2.385510e+01,2.382801e+01,2.384155e+01,2.380768e+01,2.379413e+01,2.392281e+01,2.381446e+01,2.385510e+01,2.396341e+01,2.380768e+01,2.386187e+01,2.380768e+01,2.378735e+01,2.375346e+01,2.375346e+01,2.370599e+01,2.382801e+01,2.371956e+01,2.376024e+01,2.378057e+01,2.376024e+01,2.369242e+01,2.378057e+01,2.377380e+01,2.373312e+01,2.376702e+01,2.376024e+01,2.373312e+01,2.378057e+01,2.373990e+01,2.368564e+01,2.371277e+01,2.371277e+01,2.378057e+01,2.373312e+01,2.375346e+01,2.380768e+01,2.376024e+01,2.365172e+01,2.374668e+01,2.373990e+01,2.368564e+01,2.369921e+01,2.375346e+01,2.375346e+01,2.379413e+01,2.378735e+01,2.380768e+01,2.380091e+01,2.378735e+01,2.376024e+01,2.380091e+01,2.384155e+01,2.374668e+01,2.382123e+01,2.380091e+01,2.378735e+01,2.386865e+01,2.383478e+01,2.376024e+01,2.388219e+01,2.375346e+01,2.369242e+01,2.381446e+01,2.376024e+01,2.382123e+01,2.388219e+01,2.384155e+01,2.384833e+01,2.389573e+01,2.383478e+01,2.384155e+01,2.391604e+01,2.390250e+01,2.383478e+01,2.389573e+01,2.384155e+01,2.384833e+01,2.396341e+01,2.419319e+01,2.548805e+01,2.674740e+01,2.712231e+01,2.738462e+01,2.763976e+01,2.766589e+01,2.763322e+01,2.771161e+01,2.762015e+01,2.771814e+01,2.762015e+01,2.761362e+01,2.740427e+01,2.738462e+01,2.742391e+01,2.735842e+01,2.703035e+01,2.703692e+01,2.698434e+01,2.704349e+01,2.701064e+01,2.702378e+01,2.667490e+01,2.652975e+01,2.653635e+01,2.660235e+01,2.654295e+01,2.634472e+01,2.626532e+01,2.623884e+01,2.611960e+01,2.609309e+01,2.600686e+01,2.607982e+01,2.598032e+01,2.592057e+01,2.572117e+01,2.560800e+01,2.560800e+01,2.562132e+01,2.559468e+01,2.537464e+01,2.536129e+01,2.508052e+01,2.507383e+01,2.485269e+01,2.486610e+01,2.487952e+01,2.495326e+01,2.475201e+01,2.493316e+01,2.479230e+01,2.466469e+01,2.466469e+01,2.470500e+01,2.468484e+01,2.466469e+01,2.456383e+01,2.461091e+01,2.453019e+01,2.445614e+01,2.439552e+01,2.435509e+01,2.432138e+01,2.434161e+01,2.430115e+01,2.412566e+01,2.416619e+01,2.436183e+01,2.422019e+01,2.432812e+01,2.444268e+01,2.445614e+01,2.454365e+01,2.442247e+01,2.442247e+01,2.440900e+01,2.444941e+01,2.437531e+01,2.440900e+01,2.438878e+01,2.440226e+01,2.420670e+01,2.429441e+01,2.421344e+01,2.421344e+01,2.417294e+01,2.423369e+01,2.441573e+01,2.445614e+01,2.439552e+01,2.439552e+01,2.448981e+01,2.467141e+01,2.479230e+01,2.479230e+01,2.497337e+01,2.514744e+01,2.511399e+01,2.536129e+01,2.537464e+01,2.536129e+01,2.548805e+01,2.544804e+01,2.540133e+01,2.535461e+01,2.539466e+01,2.524773e+01,2.522100e+01,2.501357e+01,2.500687e+01,2.498677e+01,2.489293e+01,2.491975e+01,2.482585e+01,2.475873e+01,2.479901e+01,2.452346e+01,2.459073e+01,2.437531e+01,2.428766e+01,2.432812e+01,2.451673e+01,2.439552e+01,2.441573e+01,2.453019e+01,2.444268e+01,2.445614e+01,2.444941e+01,2.420670e+01,2.421344e+01,2.413917e+01,2.409864e+01,2.405133e+01,2.400400e+01,2.403105e+01,2.399047e+01,2.395664e+01,2.382123e+01,2.367886e+01,2.344113e+01,2.339352e+01,2.323012e+01,2.330504e+01,2.333908e+01,2.340032e+01,2.362457e+01,2.372634e+01,2.384155e+01,2.384155e+01,2.408512e+01,2.410540e+01,2.415943e+01,2.414593e+01,2.432138e+01,2.434161e+01,2.433487e+01,2.473858e+01,2.490634e+01,2.459746e+01,2.473858e+01,2.459746e+01,2.460419e+01,2.463780e+01,2.471844e+01,2.475873e+01,2.453692e+01,2.455710e+01,2.457056e+01,2.441573e+01,2.440226e+01,2.424044e+01,2.419994e+01,2.421344e+01,2.422694e+01,2.430790e+01,2.416619e+01,2.413917e+01,2.428766e+01,2.426068e+01,2.432138e+01,2.442247e+01,2.454365e+01,2.455038e+01,2.478558e+01,2.475201e+01,2.475873e+01,2.500017e+01,2.485940e+01,2.508052e+01,2.512068e+01,2.536796e+01,2.538131e+01,2.510730e+01,2.540801e+01,2.544137e+01,2.552139e+01,2.552805e+01,2.571451e+01,2.558802e+01,2.570786e+01,2.552139e+01,2.580762e+01,2.576108e+01,2.600686e+01,2.574113e+01,2.585415e+01,2.587408e+01,2.587408e+01,2.594713e+01,2.597368e+01,2.590065e+01,2.568790e+01,2.570121e+01,2.539466e+01,2.523437e+01,2.503366e+01,2.498007e+01,2.502696e+01,2.473858e+01,2.457728e+01,2.461091e+01,2.462436e+01,2.427417e+01,2.426743e+01,2.438205e+01,2.424719e+01,2.422694e+01,2.432138e+01,2.426068e+01,2.402428e+01,2.348192e+01,2.350231e+01,2.325056e+01
2.633810e+01,2.645709e+01,2.639100e+01,2.641084e+01,2.639761e+01,2.643066e+01,2.637778e+01,2.639100e+01,2.637117e+01,2.642405e+01,2.640422e+01,2.631826e+01,2.631826e+01,2.619911e+01,2.643727e+01,2.639761e+01,2.637117e+01,2.643727e+01,2.643727e+01,2.640422e+01,2.645709e+01,2.646370e+01,2.641744e+01,2.639761e+01,2.634472e+01,2.637778e+01,2.622560e+01,2.627194e+01,2.623222e+01,2.623884e+01,2.635794e+01,2.627194e+01,2.635794e+01,2.638439e+01,2.635133e+01,2.637778e+01,2.637117e+01,2.629179e+01,2.627194e+01,2.621235e+01,2.617924e+01,2.616599e+01,2.604004e+01,2.599359e+01,2.587408e+01,2.594713e+01,2.588736e+01,2.593385e+01,2.594713e+01,2.592057e+01,2.592721e+01,2.610634e+01,2.607982e+01,2.605330e+01,2.604667e+01,2.614611e+01,2.604667e+01,2.607319e+01,2.602013e+01,2.584085e+01,2.590729e+01,2.585415e+01,2.582756e+01,2.570121e+01,2.571451e+01,2.562798e+01,2.558136e+01,2.556804e+01,2.553472e+01,2.555471e+01,2.552139e+01,2.543469e+01,2.542135e+01,2.540133e+01,2.528115e+01,2.531454e+01,2.522768e+01,2.508722e+01,2.508722e+01,2.489964e+01,2.491305e+01,2.477216e+01,2.479901e+01,2.511399e+01,2.519426e+01,2.518757e+01,2.495997e+01,2.508052e+01,2.504035e+01,2.510730e+01,2.504705e+01,2.508052e+01,2.502696e+01,2.493986e+01,2.508052e+01,2.491975e+01,2.489293e+01,2.495997e+01,2.506044e+01,2.475873e+01,2.472515e+01,2.471172e+01,2.462436e+01,2.448308e+01,2.417294e+01,2.420670e+01,2.402428e+01,2.384833e+01,2.361778e+01,2.329142e+01,2.327099e+01,2.325737e+01,2.317559e+01,2.324374e+01,2.303232e+01,2.306645e+01,2.314150e+01,2.312104e+01,2.320967e+01,2.344793e+01,2.365172e+01,2.369242e+01,2.371277e+01,2.369242e+01,2.364493e+01,2.345473e+01,2.349552e+01,2.354308e+01,2.346153e+01,2.345473e+01,2.347513e+01,2.347513e+01,2.344113e+01,2.367886e+01,2.365850e+01,2.359062e+01,2.372634e+01,2.378057e+01,2.378057e+01,2.379413e+01,2.381446e+01,2.371956e+01,2.384155e+01,2.395664e+01,2.378057e+01,2.385510e+01,2.386865e+01,2.369242e+01,2.387542e+01,2.380768e+01,2.377380e+01,2.351590e+01,2.339352e+01,2.344113e+01,2.334589e+01,2.348872e+01,2.354308e+01,2.359741e+01,2.374668e+01,2.379413e+01,2.402428e+01,2.399723e+01,2.409188e+01,2.417294e+01,2.416619e+01,2.422694e+01,2.433487e+01,2.424044e+01,2.429441e+01,2.430115e+01,2.443594e+01,2.436857e+01,2.440900e+01,2.440900e+01,2.444268e+01,2.446288e+01,2.440900e+01,2.446288e+01,2.440226e+01,2.440900e+01,2.443594e+01,2.436857e+01,2.440226e+01,2.436857e+01,2.449654e+01,2.440226e+01,2.432138e+01,2.432812e+01,2.415943e+01,2.420670e+01,2.401752e+01,2.407837e+01,2.396341e+01,2.399047e+01,2.389573e+01,2.393634e+01,2.389573e+01,2.370599e+01,2.370599e+01,2.368564e+01,2.346153e+01,2.352270e+01,2.359741e+01,2.367207e+01,2.373990e+01,2.370599e+01,2.383478e+01,2.389573e+01,2.389573e+01,2.388219e+01,2.369242e+01,2.383478e+01,2.392281e+01,2.378057e+01,2.384155e+01,2.397694e+01,2.390927e+01,2.385510e+01,2.397018e+01,2.397694e+01,2.407161e+01,2.414593e+01,2.406485e+01,2.415268e+01,2.403781e+01,2.414593e+01,2.417294e+01,2.427417e+01,2.441573e+01,2.462436e+01,2.473187e+01,2.480572e+01,2.522768e+01,2.546805e+01,2.591393e+01,2.630502e+01,2.661554e+01,2.706977e+01,2.735842e+01,2.746319e+01,2.751554e+01,2.731255e+01,2.715514e+01,2.699092e+01,2.676058e+01,2.635794e+01,2.627194e+01,2.592057e+01,2.561466e+01,2.532790e+01,2.487952e+01,2.401076e+01,2.395664e+01,2.395664e+01,2.392958e+01,2.390927e+01,2.386865e+01,2.394988e+01,2.386865e+01,2.389573e+01,2.372634e+01,2.393634e+01,2.390927e+01,2.385510e+01,2.385510e+01,2.384833e+01,2.388219e+01,2.386865e+01,2.377380e+01,2.380768e+01,2.378057e+01,2.385510e+01,2.379413e+01,2.385510e+01,2.378057e+01,2.382123e+01,2.383478e+01,2.383478e+01,2.383478e+01,2.379413e+01,2.376024e+01,2.385510e+01,2.390250e+01,2.385510e+01,2.386187e+01,2.397694e+01,2.386187e+01,2.387542e+01,2.388896e+01,2.390250e+01,2.388896e+01,2.394988e+01,2.394988e+01,2.386187e+01,2.384833e+01,2.383478e+01,2.384833e+01,2.380768e+01,2.386865e+01,2.385510e+01,2.390927e+01,2.392281e+01,2.384833e+01,2.394311e+01,2.384155e+01,2.392958e+01,2.392958e+01,2.386187e+01,2.389573e+01,2.382123e+01,2.385510e+01,2.378057e+01,2.367207e+01,2.367886e+01,2.383478e+01,2.383478e+01,2.382801e+01,2.385510e+01,2.388896e+01,2.384833e+01,2.365172e+01,2.373990e+01,2.385510e+01,2.376702e+01,2.380091e+01,2.385510e+01,2.381446e+01,2.381446e+01,2.382123e+01,2.377380e+01,2.374668e+01,2.379413e+01,2.380091e+01,2.384155e+01,2.376702e+01,2.382801e+01,2.388219e+01,2.385510e+01,2.380768e+01,2.382801e+01,2.382801e+01,2.371956e+01,2.375346e+01,2.376702e+01,2.376024e+01,2.367207e+01,2.372634e+01,2.370599e+01,2.380768e+01,2.375346e+01,2.375346e+01,2.374668e+01,2.375346e+01,2.374668e+01,2.366529e+01,2.369242e+01,2.370599e+01,2.376024e+01,2.374668e+01,2.371277e+01,2.377380e+01,2.373312e+01,2.376702e+01,2.373312e+01,2.372634e+01,2.379413e+01,2.369242e+01,2.377380e+01,2.378057e+01,2.376702e+01,2.374668e+01,2.381446e+01,2.373990e+01,2.380091e+01,2.371956e+01,2.377380e+01,2.372634e+01,2.374668e+01,2.387542e+01,2.380768e+01,2.385510e+01,2.388219e+01,2.384833e+01,2.383478e+01,2.384833e+01,2.387542e+01,2.384155e+01,2.382801e+01,2.380091e+01,2.373990e+01,2.390250e+01,2.385510e+01,2.388219e+01,2.386187e+01,2.382801e+01,2.389573e+01,2.392281e+01,2.386865e+01,2.389573e+01,2.394311e+01,2.390250e+01,2.386865e+01,2.381446e+01,2.394311e+01,2.402428e+01,2.410540e+01,2.538131e+01,2.678034e+01,2.706977e+01,2.739117e+01,2.743046e+01,2.758747e+01,2.770508e+01,2.775078e+01,2.779646e+01,2.771814e+01,2.764629e+01,2.763322e+01,2.762669e+01,2.744355e+01,2.739772e+01,2.745665e+01,2.737152e+01,2.716170e+01,2.710261e+01,2.715514e+01,2.705006e+01,2.671445e+01,2.672763e+01,2.671445e+01,2.658255e+01,2.653635e+01,2.643727e+01,2.641744e+01,2.627855e+01,2.623222e+01,2.619248e+01,2.608646e+01,2.605993e+01,2.610634e+01,2.596704e+01,2.596041e+01,2.567459e+01,2.565462e+01,2.563464e+01,2.554804e+01,2.544137e+01,2.534126e+01,2.532790e+01,2.534793e+01,2.523437e+01,2.500687e+01,2.504705e+01,2.495326e+01,2.496667e+01,2.493986e+01,2.493986e+01,2.481914e+01,2.488622e+01,2.466469e+01,2.480572e+01,2.475201e+01,2.469156e+01,2.473187e+01,2.475201e+01,2.465796e+01,2.446961e+01,2.445614e+01,2.450327e+01,2.432812e+01,2.437531e+01,2.440900e+01,2.436183e+01,2.432812e+01,2.433487e+01,2.434835e+01,2.448981e+01,2.455710e+01,2.452346e+01,2.474530e+01,2.451673e+01,2.456383e+01,2.461763e+01,2.457728e+01,2.434161e+01,2.445614e+01,2.440900e+01,2.432138e+01,2.411891e+01,2.423369e+01,2.424719e+01,2.431464e+01,2.426743e+01,2.424044e+01,2.424719e+01,2.442247e+01,2.443594e+01,2.438878e+01,2.435509e+01,2.445614e+01,2.460419e+01,2.478558e+01,2.491975e+01,2.513406e+01,2.530119e+01,2.520763e+01,2.530119e+01,2.534126e+01,2.546805e+01,2.548138e+01,2.538799e+01,2.524105e+01,2.513406e+01,2.514075e+01,2.508722e+01,2.489293e+01,2.485269e+01,2.489293e+01,2.489964e+01,2.488622e+01,2.478558e+01,2.480572e+01,2.468484e+01,2.456383e+01,2.455038e+01,2.440900e+01,2.436183e+01,2.441573e+01,2.441573e+01,2.442247e+01,2.453692e+01,2.456383e+01,2.453019e+01,2.452346e+01,2.443594e+01,2.449654e+01,2.451673e+01,2.432138e+01,2.434161e+01,2.415268e+01,2.426068e+01,2.428092e+01,2.421344e+01,2.401076e+01,2.400400e+01,2.400400e+01,2.399723e+01,2.381446e+01,2.379413e+01,2.380768e+01,2.400400e+01,2.386187e+01,2.385510e+01,2.409188e+01,2.404457e+01,2.409864e+01,2.440900e+01,2.453019e+01,2.434161e+01,2.442921e+01,2.442247e+01,2.453692e+01,2.471844e+01,2.492645e+01,2.506713e+01,2.519426e+01,2.490634e+01,2.504035e+01,2.504705e+01,2.502696e+01,2.502696e+01,2.497337e+01,2.471844e+01,2.489293e+01,2.463108e+01,2.456383e+01,2.453692e+01,2.429441e+01,2.422694e+01,2.414593e+01,2.418644e+01,2.420670e+01,2.430790e+01,2.390250e+01,2.413917e+01,2.414593e+01,2.435509e+01,2.433487e+01,2.450327e+01,2.434161e+01,2.474530e+01,2.473858e+01,2.509391e+01,2.512737e+01,2.512068e+01,2.514075e+01,2.523437e+01,2.531454e+01,2.534793e+01,2.540133e+01,2.530787e+01,2.549472e+01,2.549472e+01,2.567459e+01,2.568790e+01,2.570786e+01,2.572117e+01,2.582092e+01,2.580762e+01,2.574113e+01,2.586743e+01,2.584085e+01,2.589401e+01,2.605330e+01,2.592721e+01,2.588736e+01,2.587408e+01,2.588072e+01,2.563464e+01,2.538131e+01,2.527446e+01,2.520763e+01,2.495997e+01,2.474530e+01,2.481243e+01,2.460419e+01,2.444941e+01,2.436857e+01,2.431464e+01,2.431464e+01,2.426068e+01,2.419319e+01,2.422019e+01,2.406485e+01,2.433487e+01,2.422019e+01,2.402428e+01,2.389573e+01,2.354987e+01,2.318923e+01
2.639100e+01,2.639761e+01,2.637117e+01,2.636456e+01,2.641084e+01,2.638439e+01,2.631826e+01,2.641084e+01,2.639100e+01,2.639100e+01,2.625208e+01,2.643727e+01,2.635794e+01,2.623222e+01,2.633810e+01,2.633810e+01,2.632487e+01,2.638439e+01,2.641084e+01,2.639761e+01,2.639100e+01,2.641744e+01,2.637117e+01,2.640422e+01,2.638439e+01,2.630502e+01,2.625208e+01,2.624546e+01,2.621898e+01,2.621235e+01,2.626532e+01,2.619248e+01,2.626532e+01,2.630502e+01,2.628517e+01,2.637778e+01,2.625870e+01,2.635794e+01,2.625208e+01,2.615936e+01,2.623222e+01,2.603340e+01,2.613948e+01,2.600686e+01,2.586079e+01,2.586079e+01,2.588736e+01,2.590729e+01,2.594049e+01,2.580097e+01,2.611297e+01,2.601350e+01,2.609309e+01,2.605330e+01,2.608646e+01,2.603340e+01,2.605993e+01,2.603340e+01,2.605330e+01,2.592057e+01,2.587408e+01,2.570121e+01,2.567459e+01,2.561466e+01,2.569455e+01,2.560134e+01,2.556804e+01,2.549472e+01,2.556137e+01,2.552139e+01,2.536129e+01,2.548138e+01,2.544137e+01,2.534126e+01,2.532122e+01,2.526110e+01,2.518088e+01,2.518757e+01,2.504035e+01,2.510730e+01,2.487952e+01,2.484598e+01,2.489293e+01,2.487281e+01,2.502696e+01,2.508052e+01,2.501357e+01,2.514744e+01,2.510730e+01,2.500017e+01,2.502696e+01,2.508052e+01,2.492645e+01,2.502696e+01,2.494656e+01,2.498677e+01,2.502696e+01,2.489293e+01,2.484598e+01,2.483927e+01,2.475873e+01,2.473187e+01,2.459073e+01,2.439552e+01,2.441573e+01,2.417294e+01,2.414593e+01,2.388896e+01,2.363814e+01,2.335950e+01,2.330504e+01,2.315514e+01,2.312786e+01,2.312104e+01,2.312786e+01,2.305963e+01,2.316877e+01,2.325056e+01,2.320286e+01,2.333908e+01,2.367207e+01,2.367886e+01,2.367886e+01,2.374668e+01,2.363814e+01,2.365172e+01,2.364493e+01,2.363814e+01,2.354308e+01,2.348192e+01,2.352270e+01,2.340713e+01,2.348872e+01,2.350231e+01,2.351590e+01,2.369242e+01,2.369242e+01,2.376702e+01,2.372634e+01,2.373312e+01,2.383478e+01,2.384155e+01,2.386865e+01,2.387542e+01,2.376702e+01,2.382123e+01,2.376702e+01,2.367207e+01,2.369921e+01,2.381446e+01,2.353629e+01,2.336630e+01,2.343433e+01,2.341393e+01,2.331866e+01,2.325056e+01,2.335269e+01,2.356346e+01,2.391604e+01,2.382801e+01,2.380091e+01,2.405133e+01,2.419994e+01,2.415268e+01,2.423369e+01,2.425393e+01,2.426068e+01,2.434161e+01,2.434161e+01,2.434161e+01,2.446288e+01,2.441573e+01,2.440226e+01,2.443594e+01,2.442247e+01,2.441573e+01,2.442921e+01,2.446288e+01,2.440900e+01,2.441573e+01,2.441573e+01,2.451000e+01,2.442921e+01,2.438878e+01,2.440900e+01,2.432812e+01,2.435509e+01,2.438205e+01,2.417969e+01,2.419994e+01,2.440226e+01,2.417294e+01,2.397694e+01,2.399723e+01,2.398371e+01,2.390927e+01,2.392281e+01,2.390927e+01,2.374668e+01,2.373312e+01,2.359741e+01,2.371956e+01,2.369921e+01,2.371956e+01,2.372634e+01,2.371956e+01,2.377380e+01,2.385510e+01,2.392281e+01,2.386187e+01,2.384833e+01,2.380091e+01,2.369921e+01,2.376702e+01,2.388896e+01,2.398371e+01,2.382123e+01,2.407837e+01,2.395664e+01,2.391604e+01,2.391604e+01,2.401076e+01,2.407837e+01,2.415268e+01,2.418644e+01,2.422019e+01,2.419319e+01,2.427417e+01,2.430790e+01,2.436183e+01,2.452346e+01,2.467141e+01,2.477216e+01,2.514075e+01,2.522100e+01,2.572782e+01,2.616599e+01,2.642405e+01,2.666171e+01,2.735187e+01,2.744355e+01,2.731255e+01,2.727322e+01,2.708948e+01,2.676058e+01,2.654955e+01,2.625870e+01,2.580097e+01,2.572117e+01,2.528115e+01,2.473858e+01,2.409188e+01,2.400400e+01,2.394311e+01,2.394311e+01,2.394311e+01,2.388219e+01,2.388219e+01,2.380768e+01,2.382123e+01,2.393634e+01,2.386187e+01,2.392958e+01,2.388896e+01,2.386865e+01,2.387542e+01,2.388896e+01,2.390250e+01,2.382123e+01,2.385510e+01,2.389573e+01,2.388896e+01,2.377380e+01,2.382123e+01,2.371277e+01,2.376024e+01,2.382801e+01,2.385510e+01,2.379413e+01,2.376702e+01,2.389573e+01,2.390927e+01,2.389573e+01,2.380768e+01,2.385510e+01,2.396341e+01,2.386187e+01,2.387542e+01,2.389573e+01,2.383478e+01,2.389573e+01,2.390927e+01,2.390250e+01,2.386865e+01,2.383478e+01,2.380768e+01,2.384155e+01,2.399047e+01,2.383478e+01,2.390250e+01,2.384155e+01,2.387542e+01,2.390927e+01,2.388896e+01,2.382801e+01,2.390927e+01,2.386187e+01,2.390927e+01,2.386865e+01,2.386187e+01,2.386187e+01,2.384833e+01,2.371277e+01,2.399723e+01,2.382801e+01,2.388896e+01,2.372634e+01,2.380091e+01,2.390250e+01,2.388896e+01,2.392958e+01,2.389573e+01,2.380768e+01,2.374668e+01,2.378057e+01,2.388896e+01,2.386187e+01,2.383478e+01,2.382123e+01,2.382123e+01,2.378735e+01,2.394311e+01,2.380091e+01,2.378735e+01,2.384155e+01,2.394311e+01,2.380091e+01,2.382801e+01,2.386187e+01,2.386187e+01,2.387542e+01,2.371956e+01,2.367207e+01,2.373990e+01,2.367886e+01,2.380091e+01,2.379413e+01,2.371956e+01,2.378735e+01,2.375346e+01,2.375346e+01,2.374668e+01,2.355667e+01,2.372634e+01,2.374668e+01,2.374668e+01,2.378057e+01,2.374668e+01,2.376702e+01,2.377380e+01,2.359062e+01,2.375346e+01,2.371277e+01,2.377380e+01,2.375346e+01,2.372634e+01,2.372634e+01,2.373990e+01,2.376702e+01,2.379413e+01,2.378735e+01,2.376024e+01,2.374668e+01,2.383478e+01,2.378735e+01,2.378057e+01,2.380091e+01,2.375346e+01,2.389573e+01,2.381446e+01,2.382801e+01,2.374668e+01,2.392281e+01,2.390250e+01,2.371277e+01,2.382801e+01,2.379413e+01,2.384833e+01,2.382123e+01,2.384833e+01,2.376024e+01,2.389573e+01,2.389573e+01,2.388219e+01,2.389573e+01,2.378057e+01,2.385510e+01,2.384833e+01,2.387542e+01,2.384155e+01,2.380768e+01,2.384833e+01,2.379413e+01,2.400400e+01,2.396341e+01,2.411215e+01,2.526778e+01,2.676717e+01,2.720763e+01,2.737152e+01,2.748937e+01,2.746974e+01,2.752208e+01,2.785517e+01,2.759401e+01,2.767242e+01,2.767242e+01,2.758093e+01,2.757440e+01,2.742391e+01,2.752208e+01,2.752862e+01,2.737807e+01,2.724699e+01,2.722075e+01,2.706977e+01,2.703035e+01,2.699092e+01,2.680669e+01,2.673422e+01,2.674740e+01,2.666831e+01,2.658915e+01,2.649673e+01,2.651654e+01,2.649012e+01,2.649673e+01,2.625870e+01,2.611297e+01,2.602013e+01,2.605330e+01,2.592057e+01,2.585415e+01,2.583421e+01,2.576773e+01,2.550139e+01,2.543469e+01,2.546805e+01,2.540133e+01,2.524773e+01,2.512068e+01,2.525442e+01,2.496667e+01,2.512068e+01,2.499347e+01,2.504705e+01,2.496667e+01,2.479901e+01,2.493316e+01,2.495326e+01,2.506044e+01,2.487952e+01,2.480572e+01,2.477216e+01,2.493986e+01,2.477887e+01,2.479901e+01,2.459073e+01,2.444941e+01,2.445614e+01,2.432138e+01,2.439552e+01,2.433487e+01,2.433487e+01,2.437531e+01,2.446288e+01,2.451673e+01,2.454365e+01,2.463108e+01,2.477887e+01,2.469828e+01,2.461763e+01,2.459073e+01,2.463780e+01,2.465124e+01,2.448308e+01,2.444268e+01,2.430790e+01,2.424719e+01,2.419994e+01,2.425393e+01,2.427417e+01,2.421344e+01,2.412566e+01,2.415943e+01,2.427417e+01,2.440900e+01,2.441573e+01,2.440900e+01,2.454365e+01,2.469156e+01,2.475201e+01,2.489293e+01,2.495997e+01,2.516082e+01,2.519426e+01,2.534126e+01,2.534126e+01,2.534793e+01,2.538799e+01,2.512068e+01,2.514075e+01,2.509391e+01,2.489964e+01,2.498677e+01,2.481243e+01,2.481243e+01,2.489293e+01,2.485940e+01,2.492645e+01,2.473858e+01,2.475873e+01,2.466469e+01,2.452346e+01,2.456383e+01,2.448308e+01,2.451000e+01,2.441573e+01,2.459073e+01,2.453692e+01,2.458401e+01,2.461091e+01,2.460419e+01,2.463780e+01,2.471844e+01,2.473187e+01,2.453019e+01,2.456383e+01,2.451000e+01,2.457056e+01,2.456383e+01,2.457056e+01,2.459073e+01,2.449654e+01,2.441573e+01,2.448308e+01,2.443594e+01,2.432138e+01,2.432138e+01,2.429441e+01,2.453692e+01,2.437531e+01,2.438878e+01,2.438205e+01,2.448981e+01,2.459746e+01,2.463108e+01,2.461763e+01,2.449654e+01,2.469156e+01,2.459073e+01,2.493986e+01,2.491975e+01,2.519426e+01,2.521431e+01,2.536129e+01,2.516751e+01,2.514744e+01,2.512737e+01,2.513406e+01,2.510730e+01,2.508052e+01,2.491305e+01,2.475873e+01,2.459073e+01,2.473858e+01,2.453692e+01,2.425393e+01,2.422019e+01,2.427417e+01,2.418644e+01,2.423369e+01,2.412566e+01,2.411215e+01,2.405133e+01,2.405133e+01,2.435509e+01,2.425393e+01,2.457056e+01,2.444941e+01,2.465124e+01,2.478558e+01,2.511399e+01,2.497337e+01,2.512068e+01,2.508722e+01,2.521431e+01,2.529451e+01,2.540801e+01,2.540801e+01,2.542802e+01,2.545471e+01,2.548138e+01,2.552139e+01,2.570121e+01,2.570786e+01,2.572117e+01,2.574113e+01,2.581427e+01,2.582756e+01,2.594713e+01,2.584085e+01,2.604667e+01,2.601350e+01,2.597368e+01,2.601350e+01,2.582092e+01,2.576773e+01,2.577438e+01,2.542135e+01,2.538799e+01,2.522100e+01,2.492645e+01,2.472515e+01,2.469156e+01,2.450327e+01,2.454365e+01,2.452346e+01,2.423369e+01,2.430115e+01,2.421344e+01,2.422019e+01,2.407837e+01,2.422019e+01,2.424044e+01,2.424044e+01,2.409864e+01,2.393634e+01,2.378057e+01,2.361778e+01
2.643727e+01,2.639100e+01,2.641084e+01,2.643066e+01,2.637778e+01,2.637778e+01,2.637117e+01,2.624546e+01,2.617924e+01,2.640422e+01,2.619248e+01,2.617924e+01,2.621235e+01,2.615274e+01,2.633149e+01,2.620573e+01,2.629841e+01,2.623884e+01,2.639761e+01,2.640422e+01,2.637778e+01,2.637117e+01,2.645049e+01,2.640422e+01,2.637117e+01,2.633149e+01,2.633810e+01,2.621235e+01,2.621235e+01,2.619911e+01,2.627194e+01,2.622560e+01,2.627855e+01,2.638439e+01,2.611960e+01,2.621898e+01,2.613948e+01,2.624546e+01,2.621898e+01,2.607319e+01,2.612623e+01,2.611297e+01,2.590729e+01,2.603340e+01,2.586079e+01,2.584750e+01,2.579433e+01,2.585415e+01,2.572117e+01,2.582092e+01,2.581427e+01,2.602677e+01,2.599359e+01,2.602013e+01,2.611960e+01,2.601350e+01,2.602677e+01,2.596041e+01,2.596041e+01,2.578768e+01,2.583421e+01,2.576108e+01,2.570786e+01,2.564130e+01,2.552805e+01,2.537464e+01,2.541468e+01,2.534126e+01,2.551472e+01,2.550139e+01,2.545471e+01,2.544137e+01,2.534793e+01,2.530787e+01,2.537464e+01,2.525442e+01,2.515413e+01,2.507383e+01,2.504705e+01,2.506044e+01,2.508722e+01,2.484598e+01,2.489293e+01,2.476544e+01,2.504035e+01,2.488622e+01,2.496667e+01,2.485269e+01,2.502696e+01,2.486610e+01,2.502696e+01,2.504705e+01,2.507383e+01,2.504035e+01,2.503366e+01,2.497337e+01,2.495326e+01,2.491305e+01,2.485940e+01,2.481243e+01,2.474530e+01,2.461763e+01,2.448308e+01,2.450327e+01,2.419994e+01,2.434161e+01,2.409864e+01,2.394988e+01,2.362457e+01,2.352270e+01,2.333228e+01,2.315514e+01,2.319604e+01,2.310057e+01,2.312104e+01,2.306645e+01,2.310739e+01,2.314832e+01,2.317559e+01,2.333228e+01,2.343433e+01,2.370599e+01,2.380091e+01,2.367207e+01,2.372634e+01,2.367207e+01,2.359062e+01,2.368564e+01,2.360420e+01,2.351590e+01,2.348192e+01,2.342753e+01,2.346153e+01,2.339352e+01,2.368564e+01,2.368564e+01,2.367886e+01,2.378057e+01,2.380768e+01,2.361099e+01,2.378735e+01,2.371956e+01,2.382801e+01,2.370599e+01,2.369921e+01,2.386187e+01,2.383478e+01,2.368564e+01,2.373990e+01,2.359741e+01,2.348192e+01,2.344113e+01,2.344113e+01,2.335269e+01,2.335950e+01,2.342073e+01,2.350231e+01,2.356346e+01,2.377380e+01,2.380091e+01,2.409864e+01,2.416619e+01,2.404457e+01,2.417969e+01,2.422019e+01,2.431464e+01,2.426743e+01,2.435509e+01,2.433487e+01,2.434835e+01,2.444941e+01,2.439552e+01,2.439552e+01,2.442247e+01,2.436183e+01,2.446288e+01,2.439552e+01,2.436857e+01,2.457728e+01,2.441573e+01,2.444941e+01,2.440226e+01,2.441573e+01,2.453692e+01,2.438205e+01,2.436183e+01,2.437531e+01,2.436183e+01,2.431464e+01,2.417294e+01,2.419319e+01,2.415268e+01,2.417969e+01,2.404457e+01,2.394311e+01,2.388219e+01,2.383478e+01,2.371956e+01,2.373990e+01,2.357025e+01,2.367207e+01,2.350911e+01,2.370599e+01,2.358383e+01,2.371956e+01,2.371956e+01,2.384155e+01,2.376024e+01,2.375346e+01,2.384155e+01,2.374668e+01,2.378735e+01,2.378057e+01,2.384833e+01,2.386865e+01,2.384155e+01,2.382801e+01,2.382123e+01,2.401752e+01,2.387542e+01,2.386865e+01,2.390250e+01,2.400400e+01,2.403105e+01,2.421344e+01,2.417294e+01,2.413242e+01,2.412566e+01,2.427417e+01,2.433487e+01,2.442247e+01,2.440900e+01,2.467141e+01,2.467813e+01,2.490634e+01,2.523437e+01,2.556137e+01,2.612623e+01,2.614611e+01,2.659575e+01,2.690542e+01,2.699092e+01,2.705663e+01,2.708291e+01,2.674081e+01,2.670786e+01,2.627855e+01,2.591393e+01,2.557470e+01,2.521431e+01,2.461091e+01,2.399723e+01,2.407837e+01,2.392958e+01,2.392958e+01,2.390927e+01,2.390250e+01,2.388219e+01,2.388896e+01,2.390250e+01,2.389573e+01,2.377380e+01,2.385510e+01,2.372634e+01,2.384155e+01,2.390927e+01,2.359741e+01,2.390927e+01,2.381446e+01,2.386865e+01,2.380768e+01,2.386187e+01,2.374668e+01,2.378735e+01,2.386187e+01,2.378735e+01,2.382801e+01,2.381446e+01,2.385510e+01,2.380091e+01,2.375346e+01,2.378735e+01,2.382123e+01,2.383478e+01,2.390250e+01,2.393634e+01,2.386865e+01,2.390250e+01,2.388219e+01,2.381446e+01,2.376024e+01,2.394988e+01,2.385510e+01,2.390250e+01,2.384833e+01,2.386187e+01,2.388219e+01,2.389573e+01,2.384155e+01,2.391604e+01,2.376024e+01,2.386187e+01,2.392281e+01,2.392281e+01,2.393634e+01,2.387542e+01,2.384155e+01,2.380768e+01,2.386865e+01,2.384155e+01,2.387542e+01,2.373990e+01,2.386865e+01,2.382123e+01,2.379413e+01,2.390250e+01,2.384833e+01,2.375346e+01,2.383478e+01,2.388219e+01,2.384833e+01,2.382123e+01,2.380091e+01,2.369242e+01,2.371956e+01,2.382123e+01,2.390250e+01,2.378057e+01,2.381446e+01,2.383478e+01,2.380091e+01,2.384155e+01,2.379413e+01,2.379413e+01,2.384833e+01,2.367207e+01,2.371956e+01,2.381446e+01,2.380768e+01,2.380091e+01,2.382123e+01,2.378735e+01,2.378735e+01,2.374668e+01,2.370599e+01,2.363814e+01,2.361778e+01,2.373312e+01,2.385510e+01,2.375346e+01,2.373990e+01,2.367207e+01,2.375346e+01,2.374668e+01,2.368564e+01,2.360420e+01,2.367886e+01,2.380768e+01,2.380768e+01,2.379413e+01,2.373990e+01,2.386865e+01,2.379413e+01,2.371956e+01,2.378057e+01,2.370599e+01,2.371277e+01,2.375346e+01,2.376024e+01,2.378057e+01,2.375346e+01,2.380091e+01,2.374668e+01,2.380091e+01,2.376024e+01,2.379413e+01,2.384833e+01,2.377380e+01,2.376024e+01,2.382123e+01,2.371277e+01,2.384155e+01,2.393634e+01,2.380768e+01,2.388896e+01,2.368564e+01,2.372634e+01,2.380768e+01,2.380091e+01,2.383478e+01,2.390250e+01,2.388896e+01,2.376702e+01,2.390250e+01,2.382123e+01,2.382801e+01,2.388219e+01,2.387542e+01,2.386865e+01,2.379413e+01,2.384833e+01,2.388896e+01,2.383478e+01,2.381446e+01,2.394988e+01,2.409864e+01,2.523437e+01,2.670786e+01,2.714201e+01,2.748282e+01,2.751554e+01,2.762669e+01,2.773772e+01,2.772467e+01,2.774425e+01,2.775731e+01,2.775078e+01,2.762015e+01,2.777036e+01,2.769855e+01,2.759401e+01,2.752862e+01,2.737152e+01,2.732566e+01,2.731911e+01,2.729944e+01,2.716826e+01,2.714201e+01,2.692516e+01,2.679352e+01,2.679352e+01,2.670127e+01,2.669468e+01,2.664852e+01,2.665512e+01,2.653635e+01,2.643727e+01,2.646370e+01,2.625208e+01,2.622560e+01,2.620573e+01,2.601350e+01,2.604004e+01,2.587408e+01,2.576108e+01,2.572117e+01,2.574113e+01,2.558136e+01,2.546138e+01,2.536129e+01,2.511399e+01,2.513406e+01,2.495326e+01,2.495326e+01,2.496667e+01,2.496667e+01,2.497337e+01,2.505375e+01,2.501357e+01,2.517419e+01,2.488622e+01,2.498007e+01,2.508722e+01,2.487952e+01,2.499347e+01,2.481243e+01,2.483256e+01,2.479230e+01,2.477216e+01,2.456383e+01,2.455038e+01,2.457728e+01,2.434835e+01,2.440226e+01,2.438878e+01,2.452346e+01,2.450327e+01,2.463780e+01,2.457728e+01,2.476544e+01,2.474530e+01,2.467141e+01,2.473187e+01,2.467813e+01,2.468484e+01,2.449654e+01,2.448981e+01,2.450327e+01,2.438205e+01,2.432812e+01,2.436857e+01,2.428092e+01,2.419319e+01,2.411215e+01,2.416619e+01,2.446961e+01,2.431464e+01,2.442247e+01,2.440226e+01,2.442921e+01,2.454365e+01,2.454365e+01,2.475201e+01,2.493986e+01,2.516082e+01,2.493986e+01,2.517419e+01,2.520763e+01,2.518088e+01,2.506713e+01,2.510060e+01,2.511399e+01,2.513406e+01,2.491305e+01,2.488622e+01,2.487281e+01,2.493986e+01,2.487952e+01,2.477887e+01,2.480572e+01,2.469828e+01,2.466469e+01,2.465124e+01,2.448981e+01,2.467141e+01,2.455038e+01,2.465796e+01,2.465796e+01,2.461763e+01,2.459073e+01,2.461763e+01,2.463780e+01,2.460419e+01,2.472515e+01,2.474530e+01,2.473187e+01,2.473858e+01,2.471172e+01,2.465124e+01,2.462436e+01,2.467141e+01,2.471844e+01,2.481243e+01,2.487281e+01,2.483256e+01,2.480572e+01,2.475201e+01,2.474530e+01,2.466469e+01,2.473187e+01,2.477216e+01,2.479230e+01,2.449654e+01,2.474530e+01,2.474530e+01,2.485940e+01,2.497337e+01,2.497337e+01,2.504035e+01,2.496667e+01,2.508722e+01,2.509391e+01,2.516751e+01,2.526110e+01,2.534126e+01,2.532122e+01,2.534126e+01,2.533458e+01,2.536129e+01,2.525442e+01,2.535461e+01,2.504705e+01,2.500687e+01,2.495997e+01,2.460419e+01,2.457056e+01,2.457056e+01,2.430115e+01,2.422019e+01,2.409864e+01,2.423369e+01,2.412566e+01,2.415943e+01,2.411891e+01,2.411891e+01,2.411891e+01,2.417969e+01,2.424044e+01,2.438205e+01,2.436183e+01,2.441573e+01,2.460419e+01,2.475873e+01,2.482585e+01,2.514744e+01,2.525442e+01,2.504705e+01,2.518757e+01,2.526778e+01,2.529451e+01,2.508052e+01,2.531454e+01,2.527446e+01,2.540133e+01,2.553472e+01,2.574778e+01,2.563464e+01,2.581427e+01,2.586743e+01,2.574113e+01,2.587408e+01,2.590729e+01,2.588736e+01,2.582756e+01,2.601350e+01,2.600686e+01,2.589401e+01,2.576773e+01,2.562798e+01,2.546138e+01,2.520763e+01,2.498007e+01,2.498677e+01,2.471844e+01,2.435509e+01,2.445614e+01,2.454365e+01,2.453019e+01,2.440226e+01,2.433487e+01,2.429441e+01,2.419319e+01,2.405133e+01,2.401076e+01,2.395664e+01,2.392958e+01,2.394311e+01,2.381446e+01,2.358383e+01,2.346153e+01
2.625208e+01,2.619911e+01,2.627855e+01,2.621898e+01,2.616599e+01,2.623222e+01,2.620573e+01,2.632487e+01,2.618586e+01,2.607982e+01,2.602677e+01,2.606656e+01,2.616599e+01,2.612623e+01,2.611960e+01,2.598696e+01,2.625870e+01,2.609971e+01,2.611297e+01,2.629179e+01,2.621235e+01,2.636456e+01,2.633149e+01,2.617924e+01,2.638439e+01,2.637117e+01,2.630502e+01,2.622560e+01,2.623222e+01,2.617261e+01,2.621235e+01,2.621898e+01,2.627194e+01,2.619911e+01,2.617924e+01,2.615274e+01,2.615936e+01,2.619248e+01,2.620573e+01,2.614611e+01,2.600686e+01,2.604667e+01,2.592721e+01,2.587408e+01,2.580097e+01,2.572782e+01,2.582092e+01,2.592721e+01,2.574778e+01,2.577438e+01,2.599359e+01,2.596041e+01,2.597368e+01,2.599359e+01,2.592721e+01,2.590065e+01,2.600023e+01,2.582756e+01,2.597368e+01,2.578103e+01,2.588736e+01,2.587408e+01,2.566793e+01,2.547471e+01,2.550805e+01,2.538131e+01,2.532122e+01,2.529451e+01,2.547471e+01,2.551472e+01,2.545471e+01,2.532122e+01,2.532790e+01,2.532790e+01,2.524105e+01,2.518088e+01,2.506713e+01,2.506713e+01,2.512737e+01,2.511399e+01,2.483927e+01,2.487281e+01,2.477887e+01,2.486610e+01,2.485940e+01,2.483927e+01,2.483256e+01,2.489964e+01,2.500687e+01,2.485269e+01,2.498007e+01,2.497337e+01,2.498677e+01,2.495997e+01,2.483927e+01,2.495326e+01,2.502026e+01,2.491305e+01,2.494656e+01,2.478558e+01,2.471844e+01,2.453692e+01,2.427417e+01,2.442247e+01,2.442247e+01,2.414593e+01,2.413917e+01,2.396341e+01,2.363136e+01,2.341393e+01,2.333908e+01,2.333228e+01,2.314150e+01,2.306645e+01,2.304598e+01,2.308010e+01,2.306645e+01,2.299818e+01,2.318241e+01,2.331866e+01,2.359062e+01,2.386187e+01,2.372634e+01,2.380091e+01,2.391604e+01,2.391604e+01,2.390250e+01,2.391604e+01,2.354308e+01,2.366529e+01,2.346833e+01,2.352949e+01,2.339352e+01,2.339352e+01,2.361778e+01,2.359741e+01,2.370599e+01,2.371956e+01,2.375346e+01,2.371956e+01,2.376702e+01,2.386187e+01,2.381446e+01,2.367886e+01,2.385510e+01,2.386187e+01,2.371277e+01,2.373990e+01,2.365850e+01,2.356346e+01,2.342073e+01,2.337311e+01,2.329142e+01,2.324374e+01,2.323693e+01,2.324374e+01,2.351590e+01,2.376702e+01,2.394311e+01,2.380091e+01,2.399047e+01,2.410540e+01,2.428092e+01,2.424044e+01,2.432138e+01,2.431464e+01,2.433487e+01,2.434161e+01,2.434835e+01,2.436857e+01,2.438205e+01,2.438878e+01,2.447635e+01,2.441573e+01,2.438878e+01,2.450327e+01,2.434835e+01,2.443594e+01,2.436183e+01,2.444268e+01,2.444941e+01,2.445614e+01,2.446961e+01,2.457728e+01,2.456383e+01,2.454365e+01,2.442247e+01,2.441573e+01,2.438205e+01,2.431464e+01,2.443594e+01,2.425393e+01,2.415268e+01,2.417294e+01,2.394311e+01,2.391604e+01,2.388896e+01,2.364493e+01,2.348192e+01,2.376702e+01,2.359062e+01,2.349552e+01,2.351590e+01,2.365172e+01,2.369921e+01,2.369242e+01,2.370599e+01,2.380091e+01,2.382801e+01,2.369242e+01,2.378057e+01,2.384155e+01,2.381446e+01,2.374668e+01,2.389573e+01,2.371956e+01,2.378057e+01,2.388896e+01,2.384833e+01,2.386865e+01,2.387542e+01,2.386865e+01,2.400400e+01,2.402428e+01,2.403781e+01,2.408512e+01,2.416619e+01,2.419319e+01,2.427417e+01,2.430115e+01,2.430790e+01,2.440226e+01,2.444268e+01,2.457056e+01,2.452346e+01,2.485269e+01,2.514744e+01,2.535461e+01,2.575443e+01,2.609971e+01,2.635794e+01,2.641084e+01,2.664852e+01,2.664193e+01,2.661554e+01,2.656275e+01,2.631826e+01,2.591393e+01,2.564796e+01,2.514075e+01,2.461763e+01,2.396341e+01,2.402428e+01,2.397018e+01,2.390250e+01,2.392958e+01,2.388896e+01,2.392958e+01,2.391604e+01,2.390927e+01,2.390927e+01,2.392281e+01,2.384833e+01,2.378735e+01,2.382123e+01,2.387542e+01,2.384833e+01,2.399047e+01,2.388219e+01,2.389573e+01,2.381446e+01,2.379413e+01,2.390927e+01,2.378057e+01,2.375346e+01,2.380768e+01,2.378735e+01,2.376702e+01,2.379413e+01,2.386187e+01,2.379413e+01,2.377380e+01,2.383478e+01,2.391604e+01,2.392281e+01,2.394988e+01,2.379413e+01,2.389573e+01,2.390927e+01,2.386865e+01,2.385510e+01,2.390250e+01,2.385510e+01,2.392281e+01,2.380091e+01,2.388896e+01,2.386865e+01,2.392281e+01,2.388219e+01,2.380768e+01,2.394311e+01,2.384833e+01,2.388896e+01,2.394311e+01,2.381446e+01,2.390250e+01,2.389573e+01,2.383478e+01,2.386187e+01,2.379413e+01,2.385510e+01,2.385510e+01,2.384155e+01,2.381446e+01,2.375346e+01,2.376024e+01,2.384155e+01,2.373312e+01,2.382123e+01,2.385510e+01,2.371277e+01,2.373990e+01,2.382801e+01,2.381446e+01,2.373312e+01,2.380091e+01,2.376024e+01,2.382123e+01,2.376024e+01,2.377380e+01,2.388219e+01,2.379413e+01,2.382801e+01,2.386187e+01,2.382123e+01,2.382123e+01,2.380091e+01,2.373990e+01,2.373312e+01,2.383478e+01,2.382123e+01,2.383478e+01,2.375346e+01,2.373990e+01,2.360420e+01,2.362457e+01,2.371956e+01,2.372634e+01,2.374668e+01,2.373312e+01,2.373312e+01,2.369921e+01,2.371956e+01,2.373312e+01,2.373312e+01,2.367207e+01,2.364493e+01,2.378057e+01,2.376024e+01,2.358383e+01,2.377380e+01,2.365850e+01,2.368564e+01,2.380768e+01,2.369921e+01,2.369242e+01,2.376702e+01,2.373990e+01,2.369921e+01,2.378057e+01,2.373990e+01,2.377380e+01,2.372634e+01,2.371277e+01,2.373990e+01,2.380768e+01,2.383478e+01,2.373990e+01,2.376024e+01,2.372634e+01,2.376024e+01,2.378735e+01,2.369242e+01,2.371956e+01,2.377380e+01,2.369921e+01,2.385510e+01,2.369242e+01,2.380768e+01,2.384833e+01,2.385510e+01,2.371277e+01,2.371277e+01,2.386187e+01,2.380091e+01,2.386865e+01,2.386187e+01,2.396341e+01,2.388896e+01,2.386187e+01,2.378735e+01,2.387542e+01,2.381446e+01,2.373312e+01,2.401076e+01,2.408512e+01,2.477216e+01,2.662874e+01,2.710261e+01,2.731911e+01,2.750245e+01,2.756132e+01,2.771161e+01,2.790732e+01,2.778994e+01,2.792036e+01,2.769855e+01,2.777689e+01,2.775078e+01,2.765282e+01,2.759401e+01,2.760708e+01,2.746974e+01,2.747628e+01,2.721420e+01,2.732566e+01,2.736497e+01,2.709605e+01,2.685936e+01,2.694489e+01,2.695804e+01,2.692516e+01,2.672104e+01,2.672763e+01,2.647691e+01,2.666171e+01,2.654295e+01,2.635133e+01,2.637778e+01,2.633810e+01,2.625870e+01,2.611960e+01,2.604004e+01,2.606656e+01,2.600023e+01,2.574778e+01,2.578103e+01,2.553472e+01,2.550139e+01,2.536129e+01,2.522768e+01,2.526778e+01,2.523437e+01,2.501357e+01,2.495997e+01,2.498007e+01,2.516082e+01,2.532790e+01,2.527446e+01,2.512068e+01,2.513406e+01,2.510730e+01,2.502696e+01,2.483927e+01,2.483927e+01,2.486610e+01,2.492645e+01,2.483927e+01,2.471844e+01,2.463108e+01,2.463780e+01,2.465796e+01,2.462436e+01,2.453692e+01,2.446961e+01,2.453019e+01,2.450327e+01,2.462436e+01,2.454365e+01,2.458401e+01,2.473858e+01,2.469828e+01,2.457056e+01,2.457056e+01,2.477216e+01,2.470500e+01,2.456383e+01,2.447635e+01,2.430115e+01,2.428092e+01,2.423369e+01,2.423369e+01,2.428766e+01,2.422019e+01,2.439552e+01,2.424719e+01,2.440900e+01,2.437531e+01,2.440226e+01,2.442921e+01,2.451673e+01,2.447635e+01,2.485269e+01,2.456383e+01,2.489964e+01,2.498007e+01,2.495326e+01,2.499347e+01,2.505375e+01,2.497337e+01,2.491305e+01,2.480572e+01,2.494656e+01,2.487952e+01,2.488622e+01,2.485940e+01,2.474530e+01,2.484598e+01,2.476544e+01,2.481914e+01,2.464452e+01,2.479901e+01,2.474530e+01,2.462436e+01,2.468484e+01,2.467141e+01,2.467141e+01,2.463108e+01,2.461091e+01,2.461763e+01,2.467141e+01,2.474530e+01,2.468484e+01,2.472515e+01,2.468484e+01,2.479230e+01,2.479230e+01,2.483927e+01,2.487952e+01,2.487281e+01,2.493986e+01,2.498677e+01,2.503366e+01,2.508722e+01,2.508722e+01,2.481243e+01,2.508722e+01,2.487281e+01,2.503366e+01,2.494656e+01,2.479901e+01,2.482585e+01,2.489964e+01,2.489964e+01,2.479230e+01,2.498007e+01,2.489293e+01,2.502696e+01,2.505375e+01,2.506713e+01,2.521431e+01,2.508052e+01,2.532122e+01,2.538131e+01,2.538799e+01,2.540801e+01,2.544804e+01,2.535461e+01,2.538799e+01,2.524773e+01,2.513406e+01,2.514744e+01,2.506044e+01,2.482585e+01,2.459073e+01,2.461091e+01,2.451673e+01,2.413917e+01,2.413917e+01,2.413917e+01,2.428766e+01,2.407837e+01,2.415943e+01,2.408512e+01,2.406485e+01,2.406485e+01,2.405809e+01,2.420670e+01,2.420670e+01,2.443594e+01,2.445614e+01,2.457056e+01,2.479230e+01,2.497337e+01,2.498007e+01,2.504035e+01,2.494656e+01,2.508722e+01,2.526110e+01,2.493316e+01,2.521431e+01,2.522768e+01,2.522100e+01,2.531454e+01,2.526110e+01,2.561466e+01,2.564796e+01,2.592057e+01,2.577438e+01,2.586079e+01,2.590729e+01,2.581427e+01,2.589401e+01,2.600023e+01,2.598032e+01,2.590729e+01,2.555471e+01,2.574113e+01,2.549472e+01,2.544137e+01,2.516082e+01,2.516751e+01,2.493316e+01,2.476544e+01,2.456383e+01,2.459073e+01,2.442921e+01,2.428766e+01,2.428092e+01,2.424719e+01,2.414593e+01,2.392958e+01,2.397694e+01,2.392281e+01,2.392958e+01,2.388896e+01,2.386865e+01,2.378057e+01,2.367886e+01,2.341393e+01
2.618586e+01,2.622560e+01,2.614611e+01,2.613948e+01,2.611960e+01,2.611960e+01,2.610634e+01,2.597368e+01,2.614611e+01,2.605330e+01,2.616599e+01,2.611297e+01,2.599359e+01,2.597368e+01,2.611960e+01,2.613948e+01,2.623222e+01,2.610634e+01,2.620573e+01,2.621235e+01,2.620573e+01,2.620573e+01,2.630502e+01,2.619911e+01,2.621898e+01,2.635794e+01,2.633810e+01,2.627194e+01,2.625208e+01,2.620573e+01,2.616599e+01,2.605330e+01,2.623884e+01,2.601350e+01,2.612623e+01,2.609309e+01,2.615274e+01,2.603340e+01,2.605993e+01,2.618586e+01,2.602677e+01,2.613286e+01,2.587408e+01,2.592721e+01,2.581427e+01,2.584085e+01,2.574113e+01,2.576773e+01,2.576773e+01,2.576773e+01,2.586079e+01,2.577438e+01,2.592721e+01,2.590729e+01,2.594049e+01,2.586743e+01,2.576108e+01,2.580762e+01,2.597368e+01,2.580762e+01,2.581427e+01,2.580097e+01,2.570121e+01,2.562798e+01,2.558136e+01,2.532122e+01,2.540801e+01,2.550139e+01,2.538131e+01,2.541468e+01,2.548138e+01,2.539466e+01,2.534126e+01,2.528115e+01,2.530119e+01,2.510060e+01,2.518757e+01,2.512068e+01,2.509391e+01,2.504035e+01,2.504705e+01,2.494656e+01,2.487281e+01,2.485269e+01,2.482585e+01,2.489293e+01,2.490634e+01,2.501357e+01,2.512068e+01,2.498677e+01,2.493316e+01,2.492645e+01,2.495997e+01,2.502696e+01,2.484598e+01,2.500687e+01,2.500017e+01,2.473858e+01,2.466469e+01,2.465124e+01,2.473187e+01,2.453692e+01,2.448981e+01,2.446961e+01,2.436183e+01,2.418644e+01,2.401076e+01,2.386865e+01,2.367886e+01,2.358383e+01,2.328461e+01,2.323012e+01,2.312786e+01,2.313468e+01,2.310057e+01,2.303915e+01,2.298452e+01,2.315514e+01,2.320286e+01,2.342753e+01,2.385510e+01,2.386865e+01,2.381446e+01,2.393634e+01,2.406485e+01,2.386865e+01,2.392281e+01,2.364493e+01,2.398371e+01,2.378057e+01,2.371277e+01,2.342753e+01,2.350231e+01,2.342073e+01,2.350231e+01,2.352949e+01,2.354987e+01,2.370599e+01,2.371956e+01,2.374668e+01,2.368564e+01,2.372634e+01,2.369242e+01,2.384155e+01,2.378057e+01,2.382801e+01,2.361099e+01,2.361099e+01,2.357025e+01,2.344113e+01,2.340713e+01,2.327780e+01,2.334589e+01,2.327780e+01,2.332547e+01,2.325056e+01,2.359741e+01,2.378735e+01,2.384155e+01,2.400400e+01,2.415268e+01,2.415943e+01,2.424044e+01,2.431464e+01,2.430115e+01,2.442247e+01,2.436183e+01,2.436857e+01,2.435509e+01,2.435509e+01,2.434835e+01,2.438878e+01,2.440900e+01,2.439552e+01,2.439552e+01,2.438878e+01,2.448981e+01,2.455710e+01,2.460419e+01,2.455710e+01,2.457056e+01,2.457728e+01,2.451673e+01,2.451000e+01,2.463780e+01,2.459073e+01,2.452346e+01,2.448308e+01,2.446961e+01,2.443594e+01,2.444268e+01,2.420670e+01,2.411215e+01,2.415268e+01,2.413917e+01,2.390250e+01,2.374668e+01,2.367207e+01,2.365172e+01,2.352949e+01,2.348872e+01,2.355667e+01,2.354987e+01,2.370599e+01,2.367207e+01,2.371956e+01,2.370599e+01,2.378735e+01,2.374668e+01,2.379413e+01,2.384155e+01,2.374668e+01,2.383478e+01,2.376702e+01,2.379413e+01,2.370599e+01,2.376702e+01,2.372634e+01,2.379413e+01,2.382123e+01,2.383478e+01,2.391604e+01,2.399047e+01,2.392281e+01,2.401752e+01,2.403105e+01,2.407837e+01,2.408512e+01,2.411215e+01,2.424719e+01,2.430790e+01,2.430790e+01,2.435509e+01,2.431464e+01,2.457056e+01,2.440226e+01,2.461091e+01,2.485269e+01,2.522768e+01,2.543469e+01,2.567459e+01,2.568790e+01,2.578103e+01,2.597368e+01,2.617261e+01,2.623222e+01,2.625208e+01,2.591393e+01,2.558802e+01,2.514075e+01,2.442247e+01,2.409188e+01,2.397018e+01,2.392281e+01,2.402428e+01,2.386187e+01,2.374668e+01,2.393634e+01,2.370599e+01,2.390250e+01,2.382801e+01,2.375346e+01,2.386865e+01,2.378057e+01,2.365850e+01,2.386187e+01,2.383478e+01,2.384155e+01,2.382123e+01,2.379413e+01,2.383478e+01,2.380768e+01,2.388219e+01,2.380768e+01,2.380768e+01,2.381446e+01,2.373312e+01,2.376702e+01,2.375346e+01,2.375346e+01,2.381446e+01,2.376702e+01,2.379413e+01,2.390250e+01,2.382123e+01,2.386865e+01,2.390927e+01,2.386187e+01,2.384155e+01,2.388219e+01,2.381446e+01,2.386187e+01,2.386187e+01,2.382123e+01,2.390250e+01,2.392281e+01,2.381446e+01,2.380091e+01,2.383478e+01,2.388219e+01,2.387542e+01,2.386865e+01,2.390250e+01,2.388219e+01,2.393634e+01,2.383478e+01,2.384833e+01,2.380768e+01,2.377380e+01,2.380091e+01,2.386187e+01,2.382801e+01,2.388896e+01,2.380768e+01,2.384833e+01,2.380768e+01,2.375346e+01,2.378057e+01,2.379413e+01,2.375346e+01,2.384833e+01,2.380091e+01,2.378735e+01,2.376024e+01,2.376024e+01,2.371956e+01,2.381446e+01,2.369242e+01,2.382801e+01,2.383478e+01,2.380768e+01,2.377380e+01,2.371277e+01,2.383478e+01,2.381446e+01,2.384833e+01,2.380091e+01,2.378057e+01,2.375346e+01,2.380091e+01,2.386187e+01,2.376702e+01,2.374668e+01,2.376702e+01,2.369242e+01,2.371277e+01,2.371956e+01,2.364493e+01,2.372634e+01,2.359741e+01,2.373312e+01,2.371956e+01,2.370599e+01,2.370599e+01,2.365172e+01,2.371956e+01,2.371277e+01,2.369921e+01,2.371956e+01,2.363814e+01,2.367886e+01,2.364493e+01,2.361778e+01,2.368564e+01,2.365850e+01,2.373990e+01,2.373990e+01,2.376702e+01,2.375346e+01,2.378735e+01,2.365172e+01,2.372634e+01,2.376024e+01,2.371277e+01,2.374668e+01,2.373312e+01,2.381446e+01,2.371277e+01,2.379413e+01,2.384155e+01,2.378057e+01,2.374668e+01,2.367207e+01,2.382123e+01,2.388896e+01,2.367207e+01,2.385510e+01,2.375346e+01,2.384155e+01,2.381446e+01,2.369242e+01,2.386865e+01,2.387542e+01,2.381446e+01,2.384833e+01,2.380091e+01,2.383478e+01,2.395664e+01,2.384155e+01,2.380768e+01,2.376702e+01,2.384833e+01,2.392281e+01,2.382123e+01,2.398371e+01,2.412566e+01,2.485940e+01,2.635794e+01,2.708948e+01,2.744355e+01,2.760708e+01,2.765282e+01,2.780951e+01,2.778341e+01,2.779646e+01,2.778341e+01,2.797248e+01,2.777689e+01,2.786821e+01,2.790080e+01,2.778341e+01,2.764629e+01,2.752862e+01,2.758747e+01,2.743701e+01,2.745010e+01,2.721420e+01,2.710918e+01,2.722731e+01,2.696462e+01,2.700406e+01,2.696462e+01,2.683961e+01,2.688568e+01,2.681327e+01,2.664852e+01,2.647691e+01,2.654295e+01,2.650333e+01,2.642405e+01,2.633810e+01,2.607319e+01,2.611960e+01,2.609309e+01,2.609309e+01,2.598696e+01,2.578103e+01,2.571451e+01,2.570786e+01,2.564130e+01,2.558802e+01,2.536796e+01,2.533458e+01,2.522768e+01,2.506713e+01,2.504705e+01,2.506713e+01,2.532790e+01,2.528115e+01,2.534126e+01,2.526110e+01,2.527446e+01,2.518088e+01,2.517419e+01,2.506044e+01,2.493986e+01,2.500017e+01,2.495997e+01,2.487952e+01,2.483927e+01,2.481914e+01,2.464452e+01,2.471844e+01,2.459746e+01,2.457728e+01,2.459073e+01,2.453019e+01,2.453692e+01,2.462436e+01,2.454365e+01,2.471844e+01,2.463108e+01,2.462436e+01,2.467141e+01,2.472515e+01,2.471172e+01,2.457056e+01,2.444268e+01,2.434835e+01,2.428092e+01,2.432138e+01,2.422694e+01,2.438205e+01,2.432812e+01,2.444941e+01,2.442247e+01,2.440226e+01,2.432812e+01,2.433487e+01,2.438878e+01,2.444941e+01,2.444941e+01,2.459073e+01,2.465796e+01,2.485269e+01,2.479230e+01,2.483256e+01,2.493986e+01,2.485940e+01,2.490634e+01,2.487281e+01,2.481914e+01,2.481243e+01,2.481243e+01,2.484598e+01,2.491305e+01,2.484598e+01,2.485940e+01,2.480572e+01,2.478558e+01,2.476544e+01,2.460419e+01,2.473187e+01,2.469828e+01,2.477216e+01,2.470500e+01,2.464452e+01,2.456383e+01,2.473187e+01,2.471172e+01,2.459746e+01,2.461091e+01,2.470500e+01,2.472515e+01,2.471844e+01,2.470500e+01,2.465796e+01,2.483256e+01,2.493986e+01,2.491975e+01,2.491975e+01,2.498007e+01,2.509391e+01,2.518757e+01,2.519426e+01,2.512068e+01,2.538799e+01,2.515413e+01,2.488622e+01,2.492645e+01,2.477216e+01,2.480572e+01,2.498007e+01,2.491975e+01,2.489293e+01,2.498677e+01,2.520763e+01,2.516082e+01,2.517419e+01,2.519426e+01,2.517419e+01,2.529451e+01,2.529451e+01,2.532790e+01,2.538131e+01,2.548805e+01,2.541468e+01,2.536129e+01,2.518757e+01,2.538131e+01,2.517419e+01,2.517419e+01,2.493986e+01,2.469156e+01,2.469156e+01,2.445614e+01,2.437531e+01,2.416619e+01,2.413242e+01,2.414593e+01,2.409188e+01,2.414593e+01,2.412566e+01,2.415268e+01,2.406485e+01,2.408512e+01,2.404457e+01,2.406485e+01,2.409188e+01,2.423369e+01,2.438878e+01,2.435509e+01,2.453019e+01,2.461763e+01,2.477216e+01,2.476544e+01,2.486610e+01,2.492645e+01,2.484598e+01,2.488622e+01,2.495997e+01,2.496667e+01,2.495326e+01,2.531454e+01,2.538131e+01,2.532122e+01,2.546138e+01,2.572782e+01,2.566793e+01,2.564796e+01,2.576773e+01,2.574113e+01,2.584085e+01,2.562132e+01,2.579433e+01,2.576773e+01,2.553472e+01,2.555471e+01,2.552805e+01,2.529451e+01,2.518088e+01,2.511399e+01,2.475201e+01,2.474530e+01,2.455038e+01,2.438205e+01,2.428766e+01,2.435509e+01,2.401752e+01,2.406485e+01,2.397018e+01,2.395664e+01,2.394988e+01,2.384833e+01,2.394988e+01,2.386865e+01,2.386865e+01,2.372634e+01,2.366529e+01,2.331866e+01
2.615936e+01,2.614611e+01,2.615936e+01,2.616599e+01,2.611297e+01,2.615274e+01,2.601350e+01,2.603340e+01,2.613948e+01,2.592057e+01,2.616599e+01,2.617261e+01,2.596704e+01,2.594049e+01,2.600023e+01,2.592057e+01,2.615274e+01,2.594049e+01,2.590065e+01,2.617924e+01,2.618586e+01,2.619248e+01,2.622560e+01,2.620573e+01,2.620573e+01,2.623222e+01,2.626532e+01,2.625208e+01,2.617261e+01,2.620573e+01,2.612623e+01,2.612623e+01,2.603340e+01,2.610634e+01,2.606656e+01,2.600686e+01,2.615936e+01,2.617261e+01,2.609309e+01,2.621898e+01,2.592721e+01,2.611960e+01,2.593385e+01,2.600023e+01,2.575443e+01,2.587408e+01,2.571451e+01,2.568124e+01,2.572782e+01,2.572782e+01,2.570786e+01,2.574113e+01,2.586743e+01,2.593385e+01,2.592721e+01,2.594049e+01,2.594049e+01,2.577438e+01,2.580762e+01,2.574113e+01,2.587408e+01,2.568790e+01,2.571451e+01,2.563464e+01,2.544804e+01,2.532122e+01,2.547471e+01,2.544137e+01,2.546138e+01,2.544137e+01,2.533458e+01,2.526110e+01,2.546138e+01,2.525442e+01,2.531454e+01,2.516751e+01,2.514075e+01,2.518088e+01,2.512737e+01,2.505375e+01,2.507383e+01,2.508722e+01,2.492645e+01,2.487952e+01,2.487281e+01,2.483927e+01,2.488622e+01,2.484598e+01,2.491975e+01,2.489293e+01,2.492645e+01,2.498677e+01,2.489964e+01,2.497337e+01,2.491975e+01,2.478558e+01,2.502026e+01,2.479230e+01,2.469828e+01,2.470500e+01,2.463108e+01,2.459073e+01,2.454365e+01,2.440226e+01,2.438878e+01,2.419994e+01,2.394311e+01,2.392958e+01,2.371277e+01,2.362457e+01,2.327780e+01,2.330504e+01,2.315514e+01,2.316195e+01,2.308693e+01,2.308010e+01,2.299818e+01,2.318241e+01,2.330504e+01,2.385510e+01,2.413917e+01,2.411891e+01,2.398371e+01,2.411215e+01,2.392281e+01,2.390250e+01,2.396341e+01,2.387542e+01,2.387542e+01,2.401076e+01,2.374668e+01,2.360420e+01,2.349552e+01,2.348192e+01,2.346833e+01,2.344113e+01,2.353629e+01,2.367207e+01,2.372634e+01,2.374668e+01,2.371277e+01,2.372634e+01,2.392281e+01,2.366529e+01,2.367886e+01,2.370599e+01,2.371277e+01,2.352270e+01,2.364493e+01,2.352949e+01,2.340713e+01,2.333228e+01,2.337311e+01,2.334589e+01,2.346833e+01,2.354308e+01,2.361778e+01,2.390250e+01,2.397018e+01,2.408512e+01,2.422694e+01,2.422694e+01,2.422019e+01,2.427417e+01,2.434835e+01,2.447635e+01,2.438878e+01,2.438878e+01,2.436183e+01,2.441573e+01,2.439552e+01,2.442247e+01,2.440900e+01,2.438878e+01,2.444941e+01,2.453692e+01,2.453019e+01,2.449654e+01,2.467813e+01,2.459746e+01,2.465796e+01,2.466469e+01,2.467141e+01,2.465124e+01,2.457056e+01,2.464452e+01,2.463108e+01,2.451673e+01,2.446288e+01,2.444268e+01,2.445614e+01,2.429441e+01,2.435509e+01,2.422019e+01,2.418644e+01,2.395664e+01,2.373990e+01,2.373312e+01,2.355667e+01,2.359741e+01,2.358383e+01,2.362457e+01,2.359062e+01,2.368564e+01,2.366529e+01,2.367207e+01,2.371956e+01,2.380768e+01,2.377380e+01,2.365850e+01,2.381446e+01,2.383478e+01,2.382123e+01,2.378057e+01,2.373312e+01,2.376024e+01,2.363814e+01,2.367886e+01,2.388219e+01,2.378735e+01,2.386865e+01,2.389573e+01,2.397694e+01,2.396341e+01,2.402428e+01,2.413242e+01,2.418644e+01,2.420670e+01,2.404457e+01,2.411215e+01,2.430115e+01,2.429441e+01,2.428766e+01,2.444268e+01,2.440226e+01,2.454365e+01,2.451000e+01,2.460419e+01,2.469156e+01,2.514075e+01,2.515413e+01,2.543469e+01,2.550139e+01,2.556137e+01,2.576108e+01,2.580762e+01,2.580762e+01,2.582756e+01,2.562132e+01,2.512068e+01,2.442247e+01,2.411215e+01,2.393634e+01,2.397018e+01,2.387542e+01,2.393634e+01,2.392958e+01,2.390250e+01,2.386865e+01,2.386865e+01,2.371277e+01,2.386865e+01,2.378735e+01,2.391604e+01,2.380091e+01,2.380091e+01,2.382801e+01,2.380091e+01,2.380091e+01,2.382123e+01,2.386865e+01,2.379413e+01,2.381446e+01,2.390250e+01,2.390250e+01,2.378735e+01,2.377380e+01,2.374668e+01,2.373312e+01,2.370599e+01,2.378057e+01,2.382123e+01,2.392281e+01,2.398371e+01,2.386865e+01,2.390250e+01,2.386187e+01,2.394311e+01,2.391604e+01,2.393634e+01,2.386187e+01,2.388219e+01,2.390250e+01,2.385510e+01,2.386187e+01,2.388896e+01,2.392958e+01,2.383478e+01,2.380091e+01,2.393634e+01,2.394311e+01,2.376702e+01,2.390250e+01,2.392958e+01,2.386865e+01,2.390250e+01,2.389573e+01,2.384155e+01,2.389573e+01,2.380091e+01,2.379413e+01,2.386187e+01,2.388219e+01,2.378057e+01,2.376702e+01,2.388219e+01,2.376702e+01,2.378735e+01,2.382801e+01,2.380091e+01,2.379413e+01,2.386187e+01,2.383478e+01,2.370599e+01,2.371956e+01,2.376024e+01,2.380091e+01,2.378735e+01,2.384155e+01,2.383478e+01,2.373990e+01,2.382123e+01,2.388896e+01,2.374668e+01,2.368564e+01,2.385510e+01,2.390927e+01,2.381446e+01,2.385510e+01,2.384155e+01,2.376024e+01,2.374668e+01,2.373312e+01,2.370599e+01,2.378735e+01,2.370599e+01,2.366529e+01,2.375346e+01,2.356346e+01,2.371277e+01,2.371956e+01,2.363136e+01,2.370599e+01,2.363814e+01,2.371277e+01,2.369921e+01,2.367207e+01,2.371956e+01,2.375346e+01,2.373990e+01,2.368564e+01,2.372634e+01,2.368564e+01,2.365172e+01,2.366529e+01,2.365850e+01,2.376702e+01,2.375346e+01,2.378057e+01,2.376702e+01,2.367886e+01,2.375346e+01,2.384833e+01,2.381446e+01,2.379413e+01,2.386187e+01,2.375346e+01,2.376024e+01,2.386187e+01,2.375346e+01,2.384155e+01,2.382801e+01,2.370599e+01,2.376024e+01,2.381446e+01,2.372634e+01,2.370599e+01,2.363814e+01,2.386865e+01,2.382801e+01,2.387542e+01,2.381446e+01,2.382801e+01,2.371277e+01,2.373990e+01,2.388896e+01,2.381446e+01,2.384155e+01,2.379413e+01,2.379413e+01,2.378735e+01,2.394988e+01,2.388219e+01,2.394988e+01,2.388219e+01,2.399723e+01,2.475873e+01,2.662874e+01,2.707634e+01,2.742391e+01,2.759401e+01,2.762015e+01,2.788125e+01,2.789429e+01,2.790732e+01,2.792687e+01,2.786821e+01,2.801807e+01,2.786169e+01,2.784212e+01,2.783560e+01,2.778341e+01,2.759401e+01,2.756786e+01,2.744355e+01,2.754824e+01,2.744355e+01,2.739117e+01,2.718139e+01,2.695804e+01,2.716170e+01,2.700406e+01,2.704349e+01,2.705663e+01,2.685936e+01,2.677376e+01,2.672104e+01,2.660895e+01,2.652975e+01,2.646370e+01,2.630502e+01,2.633810e+01,2.628517e+01,2.619248e+01,2.615936e+01,2.606656e+01,2.599359e+01,2.596041e+01,2.586079e+01,2.570121e+01,2.568124e+01,2.566793e+01,2.550139e+01,2.542135e+01,2.546805e+01,2.546138e+01,2.541468e+01,2.548805e+01,2.534793e+01,2.537464e+01,2.531454e+01,2.528782e+01,2.526110e+01,2.517419e+01,2.515413e+01,2.512068e+01,2.526778e+01,2.506713e+01,2.495997e+01,2.493316e+01,2.485269e+01,2.491305e+01,2.481243e+01,2.477887e+01,2.457056e+01,2.459073e+01,2.460419e+01,2.445614e+01,2.458401e+01,2.457056e+01,2.459073e+01,2.465124e+01,2.458401e+01,2.473187e+01,2.475201e+01,2.479901e+01,2.459073e+01,2.455710e+01,2.430115e+01,2.436857e+01,2.428092e+01,2.440226e+01,2.442921e+01,2.424044e+01,2.442921e+01,2.448308e+01,2.446961e+01,2.447635e+01,2.439552e+01,2.437531e+01,2.439552e+01,2.451000e+01,2.451000e+01,2.449654e+01,2.478558e+01,2.478558e+01,2.471172e+01,2.471844e+01,2.472515e+01,2.481243e+01,2.475873e+01,2.475873e+01,2.480572e+01,2.480572e+01,2.475873e+01,2.477216e+01,2.502026e+01,2.484598e+01,2.463108e+01,2.482585e+01,2.475873e+01,2.477887e+01,2.470500e+01,2.475201e+01,2.470500e+01,2.484598e+01,2.475873e+01,2.457728e+01,2.456383e+01,2.457728e+01,2.466469e+01,2.463108e+01,2.457728e+01,2.465796e+01,2.461763e+01,2.471844e+01,2.477887e+01,2.477216e+01,2.480572e+01,2.488622e+01,2.495326e+01,2.513406e+01,2.522768e+01,2.520763e+01,2.540133e+01,2.524773e+01,2.511399e+01,2.491975e+01,2.491975e+01,2.481914e+01,2.479230e+01,2.479230e+01,2.489293e+01,2.499347e+01,2.518088e+01,2.516751e+01,2.516751e+01,2.516082e+01,2.515413e+01,2.514075e+01,2.513406e+01,2.538799e+01,2.541468e+01,2.540801e+01,2.542135e+01,2.549472e+01,2.549472e+01,2.525442e+01,2.540133e+01,2.532790e+01,2.524105e+01,2.513406e+01,2.483256e+01,2.479901e+01,2.460419e+01,2.457056e+01,2.419319e+01,2.409864e+01,2.409864e+01,2.416619e+01,2.412566e+01,2.415943e+01,2.413917e+01,2.409864e+01,2.421344e+01,2.407837e+01,2.420670e+01,2.415268e+01,2.404457e+01,2.413242e+01,2.438878e+01,2.435509e+01,2.452346e+01,2.460419e+01,2.473187e+01,2.471844e+01,2.486610e+01,2.487952e+01,2.469828e+01,2.459073e+01,2.477216e+01,2.469156e+01,2.497337e+01,2.500017e+01,2.525442e+01,2.528782e+01,2.540133e+01,2.555471e+01,2.562798e+01,2.560134e+01,2.561466e+01,2.563464e+01,2.576108e+01,2.576108e+01,2.560800e+01,2.562798e+01,2.561466e+01,2.551472e+01,2.542135e+01,2.536796e+01,2.514075e+01,2.514744e+01,2.487281e+01,2.472515e+01,2.475873e+01,2.440226e+01,2.435509e+01,2.434161e+01,2.430790e+01,2.397018e+01,2.382801e+01,2.382801e+01,2.380768e+01,2.360420e+01,2.380768e+01,2.390927e+01,2.385510e+01,2.380768e+01,2.368564e+01,2.357025e+01
2.621898e+01,2.617261e+01,2.617924e+01,2.614611e+01,2.604004e+01,2.615936e+01,2.614611e+01,2.594049e+01,2.588736e+01,2.598032e+01,2.588072e+01,2.598032e+01,2.594713e+01,2.587408e+01,2.586743e+01,2.588736e+01,2.585415e+01,2.589401e+01,2.596041e+01,2.602013e+01,2.620573e+01,2.596041e+01,2.623222e+01,2.619248e+01,2.595377e+01,2.622560e+01,2.604667e+01,2.612623e+01,2.611297e+01,2.611297e+01,2.615274e+01,2.614611e+01,2.605330e+01,2.600023e+01,2.604667e+01,2.600023e+01,2.602677e+01,2.604004e+01,2.607319e+01,2.614611e+01,2.599359e+01,2.590729e+01,2.585415e+01,2.590065e+01,2.588072e+01,2.575443e+01,2.570121e+01,2.566793e+01,2.562798e+01,2.552805e+01,2.572782e+01,2.565462e+01,2.579433e+01,2.590729e+01,2.595377e+01,2.573447e+01,2.586743e+01,2.575443e+01,2.587408e+01,2.577438e+01,2.574778e+01,2.577438e+01,2.561466e+01,2.552805e+01,2.550139e+01,2.547471e+01,2.534126e+01,2.532790e+01,2.538799e+01,2.517419e+01,2.535461e+01,2.534793e+01,2.531454e+01,2.518757e+01,2.522100e+01,2.519426e+01,2.516082e+01,2.509391e+01,2.511399e+01,2.518088e+01,2.503366e+01,2.493316e+01,2.496667e+01,2.488622e+01,2.479230e+01,2.488622e+01,2.489964e+01,2.489964e+01,2.494656e+01,2.498007e+01,2.500687e+01,2.498677e+01,2.514075e+01,2.508722e+01,2.491975e+01,2.477216e+01,2.477887e+01,2.470500e+01,2.474530e+01,2.472515e+01,2.460419e+01,2.462436e+01,2.458401e+01,2.455038e+01,2.435509e+01,2.416619e+01,2.394311e+01,2.396341e+01,2.378057e+01,2.363814e+01,2.333228e+01,2.329823e+01,2.323693e+01,2.311422e+01,2.302550e+01,2.299135e+01,2.298452e+01,2.325056e+01,2.378057e+01,2.401752e+01,2.399047e+01,2.417969e+01,2.411891e+01,2.413242e+01,2.388219e+01,2.393634e+01,2.390927e+01,2.384833e+01,2.391604e+01,2.397018e+01,2.376702e+01,2.359741e+01,2.348192e+01,2.341393e+01,2.351590e+01,2.350911e+01,2.367886e+01,2.355667e+01,2.371956e+01,2.371956e+01,2.371277e+01,2.367886e+01,2.377380e+01,2.371956e+01,2.367207e+01,2.371956e+01,2.344793e+01,2.352949e+01,2.333908e+01,2.345473e+01,2.330504e+01,2.340713e+01,2.333908e+01,2.340713e+01,2.339352e+01,2.358383e+01,2.366529e+01,2.396341e+01,2.397018e+01,2.407161e+01,2.417969e+01,2.423369e+01,2.413242e+01,2.429441e+01,2.434835e+01,2.434161e+01,2.446961e+01,2.440226e+01,2.439552e+01,2.437531e+01,2.438878e+01,2.444268e+01,2.440900e+01,2.440226e+01,2.451673e+01,2.454365e+01,2.462436e+01,2.462436e+01,2.465124e+01,2.467141e+01,2.465124e+01,2.465796e+01,2.468484e+01,2.469156e+01,2.458401e+01,2.456383e+01,2.464452e+01,2.450327e+01,2.451673e+01,2.449654e+01,2.438205e+01,2.424044e+01,2.425393e+01,2.426068e+01,2.415268e+01,2.390927e+01,2.391604e+01,2.367886e+01,2.354987e+01,2.355667e+01,2.352270e+01,2.355667e+01,2.361778e+01,2.366529e+01,2.362457e+01,2.363136e+01,2.367207e+01,2.373990e+01,2.361099e+01,2.361778e+01,2.373990e+01,2.376024e+01,2.365850e+01,2.373312e+01,2.361778e+01,2.368564e+01,2.369921e+01,2.360420e+01,2.364493e+01,2.388896e+01,2.376024e+01,2.385510e+01,2.389573e+01,2.401752e+01,2.400400e+01,2.402428e+01,2.407837e+01,2.415943e+01,2.411891e+01,2.409864e+01,2.413242e+01,2.414593e+01,2.417969e+01,2.425393e+01,2.423369e+01,2.429441e+01,2.436183e+01,2.459073e+01,2.453019e+01,2.454365e+01,2.472515e+01,2.475873e+01,2.506044e+01,2.504035e+01,2.534793e+01,2.541468e+01,2.543469e+01,2.541468e+01,2.540801e+01,2.508722e+01,2.426743e+01,2.406485e+01,2.391604e+01,2.398371e+01,2.394311e+01,2.393634e+01,2.390927e+01,2.384833e+01,2.388219e+01,2.386865e+01,2.391604e+01,2.382123e+01,2.382123e+01,2.382123e+01,2.381446e+01,2.380091e+01,2.384833e+01,2.379413e+01,2.382123e+01,2.387542e+01,2.385510e+01,2.381446e+01,2.377380e+01,2.376024e+01,2.379413e+01,2.373990e+01,2.390250e+01,2.383478e+01,2.373990e+01,2.388219e+01,2.386865e+01,2.385510e+01,2.382801e+01,2.384833e+01,2.392958e+01,2.383478e+01,2.386865e+01,2.384833e+01,2.386187e+01,2.378735e+01,2.378057e+01,2.387542e+01,2.388219e+01,2.378057e+01,2.384833e+01,2.388896e+01,2.385510e+01,2.394311e+01,2.399047e+01,2.388219e+01,2.393634e+01,2.380091e+01,2.388219e+01,2.383478e+01,2.390927e+01,2.388896e+01,2.391604e+01,2.380091e+01,2.383478e+01,2.382123e+01,2.385510e+01,2.382801e+01,2.385510e+01,2.388219e+01,2.385510e+01,2.386187e+01,2.381446e+01,2.377380e+01,2.376702e+01,2.381446e+01,2.380768e+01,2.387542e+01,2.380091e+01,2.372634e+01,2.382801e+01,2.371956e+01,2.378735e+01,2.382801e+01,2.378735e+01,2.380091e+01,2.387542e+01,2.373990e+01,2.369921e+01,2.371956e+01,2.381446e+01,2.385510e+01,2.370599e+01,2.374668e+01,2.385510e+01,2.379413e+01,2.382123e+01,2.378057e+01,2.371956e+01,2.374668e+01,2.363814e+01,2.380768e+01,2.370599e+01,2.372634e+01,2.368564e+01,2.371956e+01,2.368564e+01,2.373312e+01,2.371956e+01,2.367207e+01,2.370599e+01,2.372634e+01,2.355667e+01,2.369242e+01,2.367207e+01,2.375346e+01,2.366529e+01,2.375346e+01,2.365172e+01,2.368564e+01,2.369242e+01,2.373312e+01,2.376024e+01,2.374668e+01,2.366529e+01,2.376024e+01,2.378735e+01,2.376702e+01,2.370599e+01,2.380091e+01,2.369242e+01,2.374668e+01,2.381446e+01,2.382123e+01,2.373312e+01,2.375346e+01,2.384833e+01,2.382123e+01,2.386187e+01,2.382801e+01,2.380768e+01,2.387542e+01,2.376024e+01,2.376024e+01,2.382123e+01,2.380091e+01,2.386865e+01,2.377380e+01,2.370599e+01,2.373312e+01,2.375346e+01,2.380768e+01,2.394988e+01,2.380768e+01,2.389573e+01,2.378735e+01,2.390250e+01,2.392958e+01,2.380091e+01,2.390927e+01,2.414593e+01,2.398371e+01,2.476544e+01,2.645049e+01,2.706320e+01,2.736497e+01,2.761362e+01,2.761362e+01,2.789429e+01,2.793991e+01,2.799853e+01,2.801807e+01,2.802458e+01,2.800504e+01,2.790732e+01,2.784865e+01,2.785517e+01,2.799202e+01,2.786169e+01,2.762015e+01,2.771161e+01,2.761362e+01,2.748937e+01,2.741082e+01,2.718795e+01,2.727978e+01,2.725355e+01,2.724043e+01,2.695804e+01,2.683961e+01,2.681986e+01,2.685936e+01,2.686594e+01,2.688568e+01,2.672104e+01,2.655615e+01,2.666831e+01,2.633149e+01,2.638439e+01,2.629841e+01,2.609309e+01,2.608646e+01,2.607982e+01,2.598696e+01,2.592057e+01,2.588736e+01,2.580097e+01,2.570121e+01,2.564796e+01,2.579433e+01,2.566793e+01,2.561466e+01,2.561466e+01,2.550139e+01,2.552139e+01,2.553472e+01,2.554804e+01,2.553472e+01,2.528782e+01,2.534793e+01,2.518757e+01,2.527446e+01,2.519426e+01,2.517419e+01,2.513406e+01,2.510060e+01,2.508722e+01,2.495997e+01,2.496667e+01,2.498007e+01,2.475873e+01,2.461763e+01,2.452346e+01,2.456383e+01,2.437531e+01,2.444268e+01,2.452346e+01,2.451673e+01,2.463780e+01,2.460419e+01,2.462436e+01,2.457728e+01,2.459073e+01,2.430790e+01,2.441573e+01,2.425393e+01,2.438205e+01,2.438205e+01,2.445614e+01,2.444268e+01,2.442921e+01,2.446961e+01,2.452346e+01,2.445614e+01,2.439552e+01,2.440900e+01,2.447635e+01,2.437531e+01,2.448308e+01,2.450327e+01,2.470500e+01,2.469156e+01,2.461763e+01,2.468484e+01,2.473187e+01,2.476544e+01,2.484598e+01,2.478558e+01,2.477887e+01,2.481243e+01,2.475873e+01,2.479230e+01,2.476544e+01,2.480572e+01,2.485940e+01,2.494656e+01,2.469156e+01,2.465124e+01,2.473858e+01,2.471172e+01,2.471172e+01,2.473187e+01,2.455038e+01,2.446961e+01,2.452346e+01,2.453019e+01,2.453692e+01,2.444268e+01,2.446961e+01,2.459073e+01,2.467141e+01,2.469156e+01,2.478558e+01,2.475873e+01,2.487281e+01,2.499347e+01,2.498007e+01,2.520763e+01,2.522100e+01,2.518088e+01,2.519426e+01,2.519426e+01,2.514744e+01,2.491305e+01,2.490634e+01,2.474530e+01,2.469156e+01,2.480572e+01,2.478558e+01,2.498007e+01,2.512737e+01,2.498677e+01,2.512737e+01,2.520094e+01,2.531454e+01,2.535461e+01,2.528115e+01,2.542135e+01,2.544137e+01,2.548138e+01,2.547471e+01,2.546805e+01,2.538131e+01,2.534793e+01,2.524105e+01,2.522100e+01,2.515413e+01,2.486610e+01,2.483927e+01,2.482585e+01,2.448981e+01,2.442921e+01,2.437531e+01,2.406485e+01,2.408512e+01,2.411215e+01,2.412566e+01,2.412566e+01,2.430790e+01,2.430790e+01,2.430790e+01,2.437531e+01,2.419994e+01,2.422019e+01,2.407837e+01,2.409864e+01,2.415268e+01,2.428092e+01,2.457728e+01,2.450327e+01,2.470500e+01,2.474530e+01,2.466469e+01,2.460419e+01,2.461763e+01,2.444268e+01,2.450327e+01,2.470500e+01,2.469828e+01,2.499347e+01,2.501357e+01,2.508722e+01,2.523437e+01,2.546138e+01,2.559468e+01,2.560134e+01,2.562132e+01,2.568124e+01,2.576773e+01,2.578103e+01,2.552805e+01,2.558136e+01,2.559468e+01,2.558136e+01,2.538131e+01,2.522768e+01,2.515413e+01,2.485269e+01,2.487281e+01,2.480572e+01,2.487281e+01,2.474530e+01,2.436183e+01,2.415943e+01,2.400400e+01,2.382801e+01,2.381446e+01,2.377380e+01,2.369921e+01,2.367207e+01,2.363814e+01,2.375346e+01,2.361099e+01,2.374668e+01,2.359741e+01,2.356346e+01
2.621235e+01,2.621235e+01,2.617924e+01,2.614611e+01,2.611960e+01,2.595377e+01,2.595377e+01,2.590065e+01,2.593385e+01,2.595377e+01,2.594049e+01,2.586743e+01,2.576108e+01,2.573447e+01,2.582756e+01,2.584750e+01,2.585415e+01,2.585415e+01,2.583421e+01,2.582092e+01,2.594049e+01,2.596041e+01,2.596041e+01,2.596041e+01,2.594713e+01,2.596704e+01,2.595377e+01,2.607982e+01,2.611297e+01,2.598696e+01,2.612623e+01,2.600686e+01,2.607319e+01,2.609309e+01,2.604667e+01,2.594049e+01,2.594049e+01,2.599359e+01,2.596704e+01,2.579433e+01,2.596704e+01,2.584750e+01,2.589401e+01,2.598696e+01,2.584750e+01,2.584750e+01,2.568790e+01,2.575443e+01,2.572117e+01,2.555471e+01,2.554804e+01,2.556804e+01,2.558136e+01,2.575443e+01,2.573447e+01,2.574113e+01,2.573447e+01,2.572117e+01,2.580097e+01,2.579433e+01,2.578103e+01,2.564130e+01,2.560800e+01,2.550805e+01,2.556804e+01,2.533458e+01,2.542135e+01,2.540801e+01,2.542802e+01,2.534126e+01,2.530787e+01,2.530787e+01,2.530119e+01,2.520094e+01,2.525442e+01,2.520763e+01,2.525442e+01,2.514075e+01,2.515413e+01,2.505375e+01,2.508722e+01,2.503366e+01,2.504705e+01,2.502026e+01,2.508722e+01,2.487952e+01,2.489293e+01,2.485940e+01,2.500017e+01,2.515413e+01,2.514744e+01,2.507383e+01,2.519426e+01,2.508052e+01,2.488622e+01,2.475873e+01,2.480572e+01,2.468484e+01,2.477216e+01,2.459073e+01,2.455038e+01,2.438205e+01,2.438205e+01,2.444941e+01,2.426068e+01,2.430790e+01,2.417294e+01,2.400400e+01,2.375346e+01,2.358383e+01,2.357704e+01,2.331185e+01,2.316877e+01,2.321649e+01,2.300501e+01,2.300501e+01,2.326418e+01,2.339352e+01,2.376024e+01,2.410540e+01,2.411891e+01,2.421344e+01,2.407837e+01,2.394311e+01,2.392958e+01,2.379413e+01,2.388896e+01,2.393634e+01,2.396341e+01,2.401752e+01,2.382801e+01,2.371956e+01,2.344793e+01,2.343433e+01,2.366529e+01,2.350231e+01,2.354308e+01,2.350911e+01,2.367207e+01,2.371956e+01,2.373312e+01,2.381446e+01,2.364493e+01,2.363814e+01,2.370599e+01,2.372634e+01,2.365172e+01,2.361778e+01,2.345473e+01,2.332547e+01,2.327780e+01,2.323693e+01,2.329142e+01,2.328461e+01,2.345473e+01,2.367886e+01,2.376024e+01,2.395664e+01,2.392281e+01,2.400400e+01,2.419319e+01,2.417294e+01,2.413917e+01,2.426743e+01,2.412566e+01,2.424719e+01,2.434161e+01,2.434835e+01,2.438205e+01,2.438878e+01,2.446961e+01,2.444268e+01,2.455038e+01,2.446288e+01,2.456383e+01,2.453019e+01,2.468484e+01,2.477216e+01,2.475201e+01,2.480572e+01,2.475873e+01,2.469156e+01,2.467813e+01,2.475873e+01,2.468484e+01,2.466469e+01,2.465796e+01,2.448308e+01,2.448981e+01,2.432812e+01,2.438205e+01,2.442921e+01,2.429441e+01,2.430115e+01,2.407161e+01,2.386865e+01,2.377380e+01,2.357025e+01,2.354987e+01,2.346833e+01,2.346833e+01,2.348872e+01,2.351590e+01,2.348872e+01,2.356346e+01,2.353629e+01,2.359062e+01,2.369242e+01,2.353629e+01,2.367207e+01,2.363136e+01,2.373990e+01,2.375346e+01,2.372634e+01,2.359741e+01,2.358383e+01,2.371277e+01,2.361778e+01,2.386187e+01,2.378057e+01,2.389573e+01,2.385510e+01,2.389573e+01,2.385510e+01,2.399723e+01,2.398371e+01,2.405133e+01,2.403781e+01,2.404457e+01,2.406485e+01,2.408512e+01,2.417969e+01,2.417294e+01,2.417969e+01,2.427417e+01,2.430790e+01,2.432138e+01,2.453019e+01,2.445614e+01,2.429441e+01,2.457728e+01,2.451673e+01,2.458401e+01,2.476544e+01,2.474530e+01,2.498677e+01,2.508052e+01,2.511399e+01,2.504705e+01,2.474530e+01,2.409864e+01,2.405809e+01,2.394988e+01,2.385510e+01,2.385510e+01,2.391604e+01,2.392281e+01,2.369242e+01,2.393634e+01,2.384833e+01,2.389573e+01,2.391604e+01,2.378735e+01,2.378735e+01,2.399047e+01,2.384833e+01,2.379413e+01,2.382801e+01,2.384833e+01,2.379413e+01,2.394311e+01,2.386187e+01,2.378057e+01,2.376702e+01,2.376702e+01,2.375346e+01,2.371277e+01,2.369242e+01,2.373312e+01,2.382801e+01,2.380091e+01,2.387542e+01,2.388896e+01,2.379413e+01,2.379413e+01,2.382123e+01,2.379413e+01,2.375346e+01,2.393634e+01,2.384833e+01,2.383478e+01,2.353629e+01,2.384155e+01,2.384833e+01,2.385510e+01,2.386187e+01,2.395664e+01,2.383478e+01,2.381446e+01,2.378735e+01,2.376024e+01,2.378735e+01,2.388896e+01,2.390250e+01,2.382801e+01,2.392281e+01,2.380091e+01,2.384833e+01,2.385510e+01,2.382801e+01,2.381446e+01,2.379413e+01,2.373990e+01,2.384155e+01,2.380091e+01,2.387542e+01,2.376702e+01,2.384155e+01,2.377380e+01,2.365850e+01,2.379413e+01,2.386187e+01,2.382801e+01,2.383478e+01,2.378735e+01,2.376702e+01,2.377380e+01,2.382123e+01,2.386187e+01,2.385510e+01,2.377380e+01,2.379413e+01,2.373312e+01,2.386865e+01,2.371956e+01,2.376702e+01,2.377380e+01,2.388896e+01,2.377380e+01,2.376024e+01,2.376702e+01,2.378057e+01,2.376024e+01,2.375346e+01,2.371277e+01,2.371956e+01,2.383478e+01,2.365172e+01,2.371277e+01,2.368564e+01,2.372634e+01,2.370599e+01,2.373312e+01,2.365850e+01,2.368564e+01,2.369242e+01,2.366529e+01,2.366529e+01,2.365850e+01,2.368564e+01,2.370599e+01,2.371277e+01,2.373312e+01,2.373990e+01,2.373990e+01,2.373312e+01,2.372634e+01,2.369921e+01,2.374668e+01,2.377380e+01,2.376024e+01,2.378735e+01,2.378057e+01,2.374668e+01,2.379413e+01,2.376702e+01,2.378057e+01,2.379413e+01,2.385510e+01,2.378057e+01,2.376702e+01,2.383478e+01,2.367207e+01,2.386187e+01,2.368564e+01,2.371277e+01,2.378735e+01,2.382123e+01,2.369921e+01,2.368564e+01,2.384833e+01,2.378057e+01,2.380768e+01,2.385510e+01,2.373312e+01,2.384155e+01,2.374668e+01,2.376024e+01,2.378057e+01,2.380768e+01,2.395664e+01,2.380091e+01,2.387542e+01,2.392281e+01,2.383478e+01,2.393634e+01,2.453019e+01,2.646370e+01,2.706977e+01,2.739117e+01,2.762669e+01,2.778994e+01,2.788125e+01,2.795294e+01,2.812220e+01,2.817422e+01,2.794642e+01,2.814171e+01,2.792036e+01,2.801807e+01,2.799202e+01,2.793991e+01,2.788777e+01,2.771161e+01,2.775078e+01,2.770508e+01,2.770508e+01,2.747628e+01,2.747628e+01,2.723387e+01,2.733221e+01,2.712231e+01,2.724699e+01,2.700406e+01,2.700406e+01,2.687252e+01,2.676717e+01,2.676058e+01,2.672104e+01,2.658255e+01,2.674081e+01,2.652314e+01,2.647691e+01,2.636456e+01,2.642405e+01,2.637778e+01,2.634472e+01,2.630502e+01,2.607319e+01,2.602013e+01,2.604667e+01,2.590065e+01,2.589401e+01,2.574778e+01,2.582756e+01,2.578103e+01,2.572782e+01,2.578768e+01,2.578768e+01,2.552139e+01,2.553472e+01,2.553472e+01,2.554138e+01,2.533458e+01,2.553472e+01,2.547471e+01,2.536129e+01,2.539466e+01,2.520094e+01,2.523437e+01,2.532790e+01,2.507383e+01,2.517419e+01,2.501357e+01,2.480572e+01,2.464452e+01,2.464452e+01,2.430115e+01,2.420670e+01,2.423369e+01,2.438205e+01,2.438205e+01,2.442921e+01,2.453692e+01,2.448308e+01,2.437531e+01,2.434161e+01,2.436183e+01,2.430115e+01,2.438878e+01,2.436857e+01,2.440226e+01,2.453019e+01,2.448981e+01,2.449654e+01,2.453019e+01,2.454365e+01,2.457056e+01,2.442921e+01,2.451000e+01,2.446288e+01,2.451673e+01,2.470500e+01,2.467813e+01,2.459746e+01,2.458401e+01,2.472515e+01,2.488622e+01,2.483927e+01,2.478558e+01,2.483256e+01,2.476544e+01,2.491305e+01,2.493316e+01,2.495997e+01,2.493986e+01,2.500687e+01,2.500017e+01,2.483927e+01,2.487952e+01,2.475873e+01,2.469828e+01,2.473187e+01,2.471172e+01,2.469828e+01,2.467813e+01,2.451673e+01,2.451000e+01,2.451000e+01,2.435509e+01,2.442247e+01,2.439552e+01,2.446961e+01,2.455038e+01,2.465124e+01,2.463108e+01,2.463108e+01,2.455038e+01,2.493316e+01,2.487952e+01,2.506713e+01,2.514744e+01,2.525442e+01,2.536129e+01,2.520094e+01,2.518757e+01,2.486610e+01,2.479901e+01,2.470500e+01,2.469156e+01,2.462436e+01,2.463108e+01,2.466469e+01,2.496667e+01,2.494656e+01,2.503366e+01,2.511399e+01,2.520094e+01,2.523437e+01,2.530119e+01,2.529451e+01,2.534793e+01,2.528782e+01,2.540133e+01,2.538799e+01,2.534126e+01,2.550139e+01,2.536796e+01,2.532122e+01,2.521431e+01,2.520094e+01,2.487952e+01,2.476544e+01,2.457728e+01,2.445614e+01,2.440900e+01,2.431464e+01,2.405133e+01,2.402428e+01,2.410540e+01,2.429441e+01,2.431464e+01,2.431464e+01,2.431464e+01,2.434161e+01,2.431464e+01,2.423369e+01,2.421344e+01,2.419994e+01,2.406485e+01,2.418644e+01,2.419319e+01,2.426068e+01,2.426743e+01,2.436857e+01,2.445614e+01,2.459746e+01,2.441573e+01,2.444268e+01,2.436183e+01,2.430115e+01,2.446288e+01,2.448308e+01,2.469828e+01,2.479901e+01,2.481243e+01,2.502696e+01,2.524773e+01,2.522768e+01,2.540133e+01,2.542802e+01,2.560800e+01,2.559468e+01,2.556137e+01,2.562132e+01,2.558802e+01,2.536129e+01,2.544804e+01,2.532790e+01,2.522768e+01,2.497337e+01,2.485940e+01,2.471844e+01,2.481243e+01,2.479230e+01,2.449654e+01,2.449654e+01,2.436183e+01,2.405133e+01,2.390927e+01,2.390927e+01,2.367207e+01,2.366529e+01,2.366529e+01,2.358383e+01,2.346833e+01,2.354987e+01,2.358383e+01,2.347513e+01,2.363814e+01
2.622560e+01,2.619911e+01,2.613948e+01,2.607319e+01,2.611960e+01,2.599359e+01,2.594713e+01,2.592721e+01,2.593385e+01,2.584085e+01,2.588072e+01,2.582756e+01,2.574113e+01,2.560134e+01,2.562798e+01,2.564796e+01,2.566793e+01,2.558802e+01,2.564796e+01,2.556804e+01,2.571451e+01,2.571451e+01,2.573447e+01,2.572117e+01,2.592057e+01,2.594049e+01,2.595377e+01,2.598032e+01,2.596041e+01,2.568124e+01,2.599359e+01,2.586743e+01,2.600686e+01,2.574778e+01,2.586743e+01,2.573447e+01,2.593385e+01,2.570121e+01,2.572782e+01,2.576773e+01,2.580762e+01,2.577438e+01,2.578103e+01,2.576108e+01,2.572117e+01,2.562798e+01,2.567459e+01,2.549472e+01,2.550805e+01,2.546805e+01,2.541468e+01,2.553472e+01,2.546138e+01,2.556804e+01,2.571451e+01,2.567459e+01,2.574778e+01,2.574113e+01,2.563464e+01,2.581427e+01,2.580097e+01,2.552805e+01,2.556804e+01,2.546138e+01,2.552805e+01,2.530787e+01,2.536129e+01,2.515413e+01,2.529451e+01,2.526778e+01,2.533458e+01,2.526778e+01,2.525442e+01,2.533458e+01,2.528782e+01,2.525442e+01,2.524773e+01,2.524773e+01,2.501357e+01,2.506713e+01,2.499347e+01,2.507383e+01,2.504705e+01,2.493986e+01,2.493316e+01,2.487281e+01,2.498007e+01,2.512737e+01,2.505375e+01,2.510730e+01,2.510730e+01,2.518088e+01,2.518088e+01,2.510060e+01,2.497337e+01,2.491305e+01,2.461763e+01,2.459073e+01,2.459746e+01,2.455710e+01,2.451000e+01,2.453019e+01,2.429441e+01,2.446288e+01,2.433487e+01,2.429441e+01,2.396341e+01,2.399047e+01,2.374668e+01,2.365172e+01,2.355667e+01,2.334589e+01,2.313468e+01,2.310739e+01,2.301867e+01,2.315514e+01,2.319604e+01,2.337991e+01,2.394988e+01,2.409188e+01,2.425393e+01,2.402428e+01,2.414593e+01,2.401752e+01,2.394988e+01,2.389573e+01,2.397694e+01,2.396341e+01,2.397018e+01,2.379413e+01,2.376702e+01,2.373990e+01,2.344113e+01,2.344793e+01,2.345473e+01,2.346833e+01,2.351590e+01,2.352270e+01,2.361099e+01,2.361778e+01,2.352949e+01,2.361099e+01,2.361099e+01,2.368564e+01,2.358383e+01,2.340713e+01,2.340713e+01,2.342753e+01,2.337991e+01,2.316877e+01,2.323693e+01,2.313468e+01,2.325737e+01,2.340713e+01,2.339352e+01,2.357704e+01,2.363814e+01,2.391604e+01,2.398371e+01,2.399723e+01,2.396341e+01,2.417294e+01,2.419994e+01,2.405809e+01,2.428092e+01,2.414593e+01,2.435509e+01,2.415268e+01,2.434161e+01,2.443594e+01,2.429441e+01,2.444268e+01,2.449654e+01,2.455710e+01,2.448308e+01,2.469156e+01,2.470500e+01,2.467813e+01,2.460419e+01,2.472515e+01,2.468484e+01,2.474530e+01,2.465124e+01,2.471844e+01,2.464452e+01,2.453019e+01,2.465124e+01,2.448981e+01,2.444941e+01,2.459073e+01,2.432812e+01,2.430115e+01,2.418644e+01,2.395664e+01,2.395664e+01,2.358383e+01,2.361099e+01,2.354308e+01,2.343433e+01,2.354308e+01,2.350231e+01,2.352949e+01,2.347513e+01,2.363136e+01,2.348192e+01,2.348192e+01,2.365850e+01,2.352949e+01,2.357704e+01,2.352270e+01,2.352270e+01,2.370599e+01,2.361099e+01,2.358383e+01,2.367207e+01,2.358383e+01,2.365172e+01,2.376024e+01,2.376702e+01,2.387542e+01,2.384155e+01,2.366529e+01,2.379413e+01,2.387542e+01,2.383478e+01,2.389573e+01,2.402428e+01,2.403105e+01,2.395664e+01,2.387542e+01,2.408512e+01,2.411891e+01,2.408512e+01,2.419994e+01,2.422694e+01,2.428766e+01,2.421344e+01,2.422694e+01,2.430115e+01,2.429441e+01,2.444941e+01,2.437531e+01,2.439552e+01,2.450327e+01,2.467141e+01,2.457056e+01,2.478558e+01,2.487281e+01,2.480572e+01,2.467141e+01,2.423369e+01,2.386187e+01,2.407161e+01,2.388219e+01,2.384833e+01,2.372634e+01,2.388219e+01,2.378735e+01,2.385510e+01,2.390927e+01,2.386187e+01,2.378735e+01,2.380768e+01,2.380091e+01,2.380091e+01,2.388219e+01,2.380768e+01,2.381446e+01,2.380091e+01,2.385510e+01,2.383478e+01,2.374668e+01,2.375346e+01,2.384833e+01,2.376702e+01,2.371956e+01,2.376702e+01,2.371956e+01,2.376024e+01,2.373312e+01,2.379413e+01,2.372634e+01,2.381446e+01,2.374668e+01,2.371956e+01,2.376024e+01,2.379413e+01,2.381446e+01,2.380768e+01,2.379413e+01,2.388219e+01,2.382123e+01,2.373990e+01,2.378057e+01,2.385510e+01,2.386187e+01,2.383478e+01,2.384155e+01,2.387542e+01,2.383478e+01,2.380768e+01,2.378735e+01,2.382123e+01,2.378735e+01,2.389573e+01,2.380091e+01,2.388219e+01,2.380768e+01,2.373990e+01,2.363136e+01,2.382123e+01,2.378735e+01,2.366529e+01,2.368564e+01,2.366529e+01,2.372634e+01,2.384833e+01,2.376024e+01,2.376702e+01,2.376702e+01,2.372634e+01,2.376702e+01,2.381446e+01,2.378057e+01,2.376702e+01,2.377380e+01,2.373990e+01,2.379413e+01,2.379413e+01,2.378057e+01,2.384833e+01,2.379413e+01,2.376702e+01,2.373312e+01,2.373990e+01,2.376024e+01,2.374668e+01,2.386865e+01,2.374668e+01,2.377380e+01,2.359062e+01,2.360420e+01,2.371956e+01,2.370599e+01,2.374668e+01,2.368564e+01,2.378057e+01,2.363814e+01,2.370599e+01,2.371277e+01,2.371277e+01,2.372634e+01,2.365850e+01,2.365172e+01,2.360420e+01,2.362457e+01,2.368564e+01,2.365172e+01,2.367207e+01,2.365172e+01,2.365850e+01,2.376024e+01,2.369921e+01,2.379413e+01,2.357025e+01,2.366529e+01,2.365850e+01,2.371956e+01,2.375346e+01,2.371277e+01,2.366529e+01,2.363814e+01,2.381446e+01,2.376024e+01,2.369242e+01,2.363814e+01,2.373990e+01,2.371956e+01,2.366529e+01,2.371277e+01,2.365850e+01,2.364493e+01,2.360420e+01,2.372634e+01,2.372634e+01,2.369242e+01,2.371956e+01,2.382801e+01,2.373990e+01,2.381446e+01,2.378057e+01,2.376702e+01,2.376702e+01,2.390927e+01,2.371277e+01,2.379413e+01,2.380768e+01,2.373312e+01,2.384155e+01,2.378057e+01,2.371956e+01,2.376702e+01,2.390250e+01,2.378735e+01,2.390927e+01,2.388219e+01,2.449654e+01,2.616599e+01,2.710261e+01,2.731911e+01,2.762669e+01,2.762669e+01,2.778341e+01,2.797899e+01,2.823922e+01,2.796597e+01,2.803760e+01,2.808967e+01,2.797248e+01,2.797899e+01,2.801156e+01,2.806364e+01,2.794642e+01,2.794642e+01,2.773120e+01,2.775731e+01,2.769855e+01,2.747628e+01,2.739772e+01,2.724043e+01,2.729944e+01,2.723387e+01,2.706977e+01,2.705663e+01,2.687252e+01,2.687910e+01,2.685277e+01,2.689884e+01,2.671445e+01,2.665512e+01,2.668809e+01,2.649012e+01,2.652314e+01,2.649012e+01,2.647691e+01,2.639761e+01,2.636456e+01,2.611297e+01,2.626532e+01,2.616599e+01,2.609309e+01,2.609971e+01,2.610634e+01,2.604004e+01,2.586743e+01,2.583421e+01,2.592057e+01,2.583421e+01,2.590065e+01,2.554804e+01,2.568790e+01,2.562132e+01,2.553472e+01,2.551472e+01,2.559468e+01,2.552139e+01,2.542802e+01,2.558802e+01,2.534793e+01,2.528115e+01,2.538131e+01,2.537464e+01,2.520763e+01,2.501357e+01,2.477887e+01,2.470500e+01,2.468484e+01,2.429441e+01,2.425393e+01,2.408512e+01,2.406485e+01,2.406485e+01,2.405809e+01,2.412566e+01,2.434835e+01,2.426743e+01,2.404457e+01,2.421344e+01,2.425393e+01,2.435509e+01,2.425393e+01,2.439552e+01,2.436857e+01,2.447635e+01,2.455710e+01,2.461091e+01,2.465796e+01,2.462436e+01,2.455710e+01,2.444941e+01,2.472515e+01,2.472515e+01,2.475201e+01,2.471172e+01,2.473187e+01,2.477216e+01,2.480572e+01,2.483256e+01,2.484598e+01,2.495326e+01,2.491975e+01,2.482585e+01,2.493986e+01,2.478558e+01,2.498677e+01,2.474530e+01,2.492645e+01,2.493316e+01,2.478558e+01,2.483927e+01,2.481914e+01,2.465796e+01,2.467141e+01,2.461091e+01,2.454365e+01,2.452346e+01,2.453019e+01,2.444941e+01,2.444268e+01,2.436857e+01,2.423369e+01,2.441573e+01,2.453019e+01,2.461763e+01,2.443594e+01,2.446961e+01,2.442247e+01,2.459746e+01,2.460419e+01,2.482585e+01,2.485269e+01,2.512068e+01,2.511399e+01,2.516751e+01,2.512068e+01,2.500687e+01,2.471844e+01,2.476544e+01,2.469828e+01,2.465796e+01,2.453019e+01,2.455038e+01,2.464452e+01,2.461091e+01,2.473858e+01,2.498007e+01,2.497337e+01,2.520763e+01,2.526110e+01,2.532790e+01,2.521431e+01,2.536129e+01,2.524105e+01,2.540801e+01,2.544137e+01,2.534793e+01,2.536129e+01,2.523437e+01,2.518757e+01,2.495997e+01,2.487281e+01,2.504035e+01,2.463108e+01,2.444268e+01,2.440900e+01,2.421344e+01,2.407837e+01,2.407837e+01,2.418644e+01,2.410540e+01,2.416619e+01,2.422694e+01,2.432138e+01,2.435509e+01,2.448981e+01,2.452346e+01,2.431464e+01,2.419319e+01,2.405809e+01,2.390927e+01,2.399047e+01,2.405133e+01,2.417294e+01,2.418644e+01,2.420670e+01,2.422694e+01,2.442247e+01,2.437531e+01,2.438205e+01,2.430115e+01,2.437531e+01,2.436183e+01,2.440900e+01,2.450327e+01,2.468484e+01,2.475201e+01,2.489293e+01,2.504035e+01,2.516751e+01,2.522100e+01,2.537464e+01,2.560134e+01,2.536129e+01,2.559468e+01,2.552805e+01,2.544137e+01,2.537464e+01,2.536796e+01,2.531454e+01,2.520763e+01,2.500687e+01,2.493986e+01,2.485269e+01,2.479901e+01,2.453692e+01,2.440900e+01,2.436857e+01,2.411891e+01,2.406485e+01,2.400400e+01,2.394311e+01,2.371956e+01,2.352949e+01,2.365172e+01,2.345473e+01,2.343433e+01,2.343433e+01,2.342753e+01,2.343433e+01,2.343433e+01
2.627855e+01,2.621235e+01,2.625870e+01,2.607982e+01,2.616599e+01,2.622560e+01,2.609971e+01,2.604667e+01,2.600023e+01,2.591393e+01,2.574778e+01,2.575443e+01,2.544137e+01,2.561466e+01,2.560134e+01,2.570121e+01,2.565462e+01,2.549472e+01,2.545471e+01,2.548805e+01,2.552805e+01,2.548805e+01,2.572117e+01,2.541468e+01,2.547471e+01,2.574778e+01,2.552805e+01,2.561466e+01,2.574113e+01,2.574778e+01,2.574778e+01,2.589401e+01,2.580762e+01,2.577438e+01,2.580097e+01,2.559468e+01,2.574113e+01,2.580762e+01,2.585415e+01,2.594049e+01,2.584085e+01,2.558136e+01,2.588736e+01,2.569455e+01,2.548138e+01,2.569455e+01,2.568790e+01,2.565462e+01,2.548138e+01,2.556804e+01,2.537464e+01,2.555471e+01,2.542135e+01,2.552805e+01,2.563464e+01,2.559468e+01,2.574778e+01,2.568124e+01,2.572782e+01,2.583421e+01,2.564796e+01,2.560800e+01,2.558136e+01,2.557470e+01,2.557470e+01,2.531454e+01,2.536129e+01,2.529451e+01,2.527446e+01,2.537464e+01,2.535461e+01,2.530787e+01,2.532790e+01,2.536129e+01,2.548138e+01,2.522768e+01,2.512068e+01,2.525442e+01,2.513406e+01,2.509391e+01,2.504705e+01,2.504035e+01,2.508722e+01,2.493986e+01,2.518088e+01,2.514075e+01,2.518757e+01,2.521431e+01,2.519426e+01,2.520094e+01,2.519426e+01,2.508052e+01,2.511399e+01,2.504035e+01,2.492645e+01,2.469156e+01,2.450327e+01,2.452346e+01,2.440226e+01,2.450327e+01,2.455038e+01,2.445614e+01,2.429441e+01,2.426743e+01,2.428766e+01,2.418644e+01,2.400400e+01,2.380768e+01,2.380768e+01,2.355667e+01,2.344113e+01,2.346153e+01,2.318923e+01,2.305963e+01,2.322330e+01,2.327099e+01,2.337991e+01,2.371277e+01,2.411215e+01,2.413242e+01,2.405133e+01,2.412566e+01,2.401076e+01,2.398371e+01,2.396341e+01,2.390927e+01,2.397018e+01,2.381446e+01,2.384833e+01,2.392958e+01,2.389573e+01,2.388896e+01,2.366529e+01,2.346153e+01,2.363136e+01,2.346153e+01,2.357025e+01,2.363136e+01,2.363136e+01,2.378057e+01,2.360420e+01,2.363814e+01,2.357704e+01,2.357025e+01,2.367886e+01,2.346833e+01,2.354308e+01,2.326418e+01,2.320967e+01,2.322330e+01,2.322330e+01,2.327099e+01,2.331866e+01,2.327780e+01,2.337991e+01,2.367886e+01,2.381446e+01,2.393634e+01,2.386865e+01,2.403781e+01,2.407837e+01,2.411891e+01,2.409188e+01,2.411215e+01,2.415943e+01,2.417969e+01,2.430115e+01,2.419994e+01,2.436857e+01,2.434835e+01,2.440226e+01,2.442247e+01,2.447635e+01,2.463108e+01,2.461091e+01,2.463108e+01,2.474530e+01,2.473187e+01,2.485269e+01,2.494656e+01,2.479901e+01,2.483927e+01,2.475201e+01,2.473858e+01,2.472515e+01,2.467813e+01,2.465124e+01,2.448308e+01,2.448308e+01,2.432812e+01,2.440900e+01,2.429441e+01,2.422019e+01,2.389573e+01,2.393634e+01,2.365850e+01,2.355667e+01,2.354308e+01,2.352270e+01,2.339352e+01,2.352270e+01,2.342073e+01,2.345473e+01,2.361099e+01,2.348192e+01,2.347513e+01,2.351590e+01,2.354308e+01,2.347513e+01,2.352270e+01,2.368564e+01,2.366529e+01,2.348872e+01,2.370599e+01,2.357704e+01,2.354987e+01,2.360420e+01,2.350911e+01,2.371277e+01,2.370599e+01,2.378057e+01,2.382123e+01,2.375346e+01,2.386865e+01,2.381446e+01,2.382123e+01,2.389573e+01,2.399047e+01,2.385510e+01,2.407837e+01,2.396341e+01,2.388896e+01,2.398371e+01,2.395664e+01,2.409864e+01,2.420670e+01,2.424719e+01,2.431464e+01,2.429441e+01,2.428092e+01,2.422019e+01,2.441573e+01,2.443594e+01,2.440900e+01,2.442921e+01,2.457728e+01,2.455710e+01,2.454365e+01,2.470500e+01,2.451673e+01,2.415268e+01,2.410540e+01,2.395664e+01,2.391604e+01,2.386865e+01,2.382801e+01,2.389573e+01,2.388219e+01,2.393634e+01,2.376702e+01,2.376702e+01,2.373990e+01,2.386865e+01,2.378057e+01,2.379413e+01,2.378057e+01,2.378735e+01,2.384833e+01,2.389573e+01,2.386865e+01,2.381446e+01,2.384833e+01,2.376702e+01,2.381446e+01,2.370599e+01,2.373990e+01,2.390250e+01,2.370599e+01,2.374668e+01,2.378735e+01,2.374668e+01,2.385510e+01,2.382123e+01,2.382801e+01,2.375346e+01,2.383478e+01,2.373990e+01,2.384155e+01,2.384833e+01,2.384155e+01,2.378735e+01,2.375346e+01,2.385510e+01,2.386865e+01,2.385510e+01,2.385510e+01,2.386187e+01,2.384155e+01,2.386187e+01,2.385510e+01,2.384833e+01,2.390927e+01,2.377380e+01,2.387542e+01,2.386187e+01,2.380091e+01,2.382123e+01,2.388896e+01,2.386865e+01,2.378735e+01,2.381446e+01,2.375346e+01,2.383478e+01,2.376024e+01,2.371277e+01,2.388896e+01,2.373312e+01,2.368564e+01,2.373990e+01,2.365172e+01,2.373312e+01,2.365850e+01,2.402428e+01,2.373990e+01,2.378735e+01,2.379413e+01,2.394988e+01,2.380091e+01,2.375346e+01,2.371277e+01,2.377380e+01,2.382123e+01,2.382801e+01,2.374668e+01,2.384155e+01,2.380091e+01,2.371956e+01,2.379413e+01,2.377380e+01,2.376024e+01,2.374668e+01,2.376024e+01,2.383478e+01,2.359741e+01,2.373312e+01,2.376702e+01,2.368564e+01,2.354308e+01,2.371277e+01,2.367886e+01,2.366529e+01,2.369242e+01,2.367207e+01,2.354308e+01,2.370599e+01,2.364493e+01,2.350231e+01,2.366529e+01,2.361099e+01,2.365850e+01,2.369921e+01,2.382123e+01,2.370599e+01,2.369242e+01,2.365172e+01,2.372634e+01,2.369242e+01,2.368564e+01,2.369921e+01,2.367207e+01,2.367207e+01,2.371956e+01,2.385510e+01,2.367207e+01,2.376024e+01,2.374668e+01,2.378057e+01,2.371956e+01,2.372634e+01,2.373312e+01,2.365850e+01,2.388896e+01,2.365850e+01,2.376024e+01,2.374668e+01,2.376024e+01,2.374668e+01,2.388219e+01,2.371277e+01,2.375346e+01,2.369242e+01,2.373990e+01,2.374668e+01,2.376702e+01,2.388219e+01,2.388219e+01,2.381446e+01,2.381446e+01,2.380768e+01,2.371956e+01,2.375346e+01,2.378057e+01,2.369921e+01,2.386187e+01,2.380091e+01,2.390250e+01,2.438205e+01,2.613948e+01,2.693831e+01,2.730600e+01,2.761362e+01,2.783560e+01,2.795945e+01,2.797899e+01,2.797899e+01,2.810919e+01,2.793339e+01,2.819373e+01,2.817422e+01,2.801807e+01,2.800504e+01,2.805713e+01,2.798551e+01,2.786169e+01,2.778994e+01,2.789429e+01,2.775731e+01,2.766589e+01,2.744355e+01,2.733876e+01,2.739117e+01,2.741737e+01,2.720107e+01,2.708291e+01,2.707634e+01,2.708948e+01,2.707634e+01,2.691200e+01,2.691200e+01,2.674081e+01,2.663533e+01,2.658255e+01,2.691858e+01,2.664193e+01,2.646370e+01,2.663533e+01,2.643066e+01,2.641084e+01,2.637778e+01,2.613286e+01,2.615936e+01,2.622560e+01,2.628517e+01,2.620573e+01,2.619911e+01,2.598032e+01,2.582092e+01,2.594713e+01,2.584750e+01,2.582092e+01,2.576773e+01,2.576773e+01,2.571451e+01,2.578103e+01,2.580762e+01,2.573447e+01,2.561466e+01,2.562798e+01,2.560800e+01,2.560134e+01,2.556804e+01,2.536129e+01,2.554138e+01,2.510060e+01,2.505375e+01,2.495997e+01,2.475201e+01,2.444941e+01,2.415943e+01,2.413242e+01,2.397694e+01,2.402428e+01,2.397018e+01,2.396341e+01,2.402428e+01,2.409188e+01,2.417294e+01,2.401076e+01,2.416619e+01,2.430790e+01,2.439552e+01,2.434835e+01,2.456383e+01,2.455710e+01,2.453019e+01,2.467813e+01,2.457728e+01,2.481914e+01,2.480572e+01,2.481243e+01,2.471172e+01,2.485269e+01,2.491305e+01,2.493986e+01,2.487952e+01,2.481243e+01,2.485940e+01,2.504705e+01,2.488622e+01,2.493986e+01,2.493316e+01,2.501357e+01,2.503366e+01,2.497337e+01,2.497337e+01,2.496667e+01,2.489293e+01,2.500687e+01,2.474530e+01,2.483256e+01,2.479901e+01,2.471844e+01,2.469156e+01,2.455038e+01,2.453692e+01,2.461763e+01,2.442247e+01,2.450327e+01,2.432812e+01,2.432812e+01,2.438205e+01,2.429441e+01,2.419994e+01,2.453692e+01,2.446961e+01,2.443594e+01,2.444268e+01,2.440900e+01,2.482585e+01,2.485269e+01,2.485269e+01,2.512737e+01,2.512068e+01,2.499347e+01,2.512068e+01,2.498677e+01,2.471844e+01,2.471844e+01,2.457056e+01,2.452346e+01,2.457728e+01,2.450327e+01,2.446288e+01,2.459746e+01,2.480572e+01,2.494656e+01,2.487952e+01,2.504035e+01,2.510730e+01,2.521431e+01,2.546138e+01,2.530119e+01,2.534793e+01,2.532790e+01,2.536129e+01,2.535461e+01,2.536796e+01,2.519426e+01,2.524773e+01,2.513406e+01,2.489964e+01,2.485269e+01,2.444268e+01,2.442921e+01,2.424044e+01,2.422694e+01,2.405809e+01,2.401752e+01,2.407161e+01,2.407161e+01,2.428766e+01,2.434835e+01,2.420670e+01,2.455038e+01,2.455038e+01,2.443594e+01,2.419994e+01,2.418644e+01,2.386187e+01,2.369921e+01,2.370599e+01,2.388896e+01,2.397694e+01,2.378735e+01,2.381446e+01,2.416619e+01,2.423369e+01,2.422694e+01,2.431464e+01,2.425393e+01,2.409188e+01,2.426068e+01,2.425393e+01,2.446288e+01,2.446288e+01,2.444941e+01,2.485940e+01,2.481914e+01,2.504705e+01,2.508052e+01,2.524773e+01,2.532122e+01,2.546138e+01,2.534126e+01,2.538799e+01,2.536796e+01,2.534126e+01,2.534126e+01,2.501357e+01,2.496667e+01,2.500687e+01,2.484598e+01,2.479230e+01,2.455710e+01,2.442247e+01,2.456383e+01,2.436857e+01,2.423369e+01,2.431464e+01,2.407837e+01,2.393634e+01,2.394988e+01,2.365172e+01,2.369242e+01,2.363136e+01,2.347513e+01,2.351590e+01,2.342753e+01,2.342073e+01,2.355667e+01
2.623222e+01,2.623884e+01,2.620573e+01,2.631164e+01,2.611960e+01,2.611960e+01,2.595377e+01,2.593385e+01,2.609971e+01,2.589401e+01,2.577438e+01,2.576108e+01,2.572117e+01,2.575443e+01,2.574778e+01,2.564130e+01,2.555471e+01,2.548138e+01,2.550139e+01,2.544804e+01,2.546805e+01,2.540801e+01,2.543469e+01,2.542135e+01,2.544804e+01,2.544804e+01,2.569455e+01,2.569455e+01,2.548138e+01,2.549472e+01,2.549472e+01,2.549472e+01,2.552139e+01,2.552139e+01,2.557470e+01,2.559468e+01,2.582756e+01,2.569455e+01,2.570786e+01,2.562132e+01,2.572117e+01,2.556137e+01,2.564130e+01,2.574778e+01,2.576108e+01,2.563464e+01,2.546805e+01,2.554804e+01,2.554804e+01,2.552805e+01,2.555471e+01,2.555471e+01,2.535461e+01,2.556137e+01,2.534126e+01,2.556804e+01,2.565462e+01,2.550139e+01,2.545471e+01,2.550805e+01,2.548805e+01,2.550805e+01,2.545471e+01,2.559468e+01,2.538799e+01,2.542802e+01,2.534126e+01,2.516082e+01,2.520094e+01,2.519426e+01,2.531454e+01,2.532790e+01,2.533458e+01,2.530787e+01,2.532790e+01,2.532790e+01,2.530119e+01,2.507383e+01,2.502696e+01,2.508052e+01,2.510730e+01,2.504035e+01,2.502696e+01,2.507383e+01,2.516082e+01,2.519426e+01,2.520094e+01,2.524105e+01,2.515413e+01,2.532790e+01,2.521431e+01,2.510730e+01,2.506044e+01,2.499347e+01,2.483927e+01,2.476544e+01,2.442921e+01,2.429441e+01,2.447635e+01,2.437531e+01,2.418644e+01,2.434161e+01,2.428766e+01,2.422019e+01,2.421344e+01,2.421344e+01,2.399723e+01,2.392281e+01,2.387542e+01,2.369242e+01,2.353629e+01,2.346833e+01,2.349552e+01,2.323693e+01,2.325737e+01,2.358383e+01,2.401076e+01,2.402428e+01,2.407837e+01,2.429441e+01,2.415943e+01,2.415268e+01,2.402428e+01,2.398371e+01,2.397694e+01,2.398371e+01,2.390250e+01,2.399047e+01,2.397694e+01,2.380768e+01,2.397694e+01,2.372634e+01,2.367886e+01,2.343433e+01,2.355667e+01,2.359062e+01,2.377380e+01,2.361099e+01,2.375346e+01,2.357025e+01,2.364493e+01,2.367207e+01,2.365172e+01,2.363814e+01,2.349552e+01,2.350231e+01,2.337991e+01,2.338672e+01,2.318923e+01,2.327099e+01,2.328461e+01,2.323012e+01,2.324374e+01,2.333228e+01,2.357704e+01,2.363136e+01,2.365172e+01,2.371277e+01,2.389573e+01,2.394988e+01,2.403105e+01,2.419319e+01,2.411215e+01,2.413242e+01,2.411891e+01,2.411891e+01,2.434835e+01,2.436857e+01,2.437531e+01,2.433487e+01,2.440900e+01,2.451673e+01,2.461763e+01,2.449654e+01,2.473858e+01,2.479230e+01,2.471172e+01,2.475873e+01,2.479230e+01,2.476544e+01,2.483927e+01,2.485940e+01,2.476544e+01,2.482585e+01,2.459073e+01,2.453692e+01,2.460419e+01,2.443594e+01,2.442921e+01,2.438878e+01,2.428766e+01,2.422694e+01,2.391604e+01,2.381446e+01,2.367207e+01,2.361778e+01,2.352949e+01,2.352270e+01,2.351590e+01,2.340713e+01,2.345473e+01,2.347513e+01,2.348872e+01,2.346833e+01,2.348872e+01,2.348872e+01,2.351590e+01,2.348872e+01,2.350231e+01,2.356346e+01,2.356346e+01,2.351590e+01,2.348192e+01,2.363814e+01,2.359062e+01,2.354308e+01,2.363136e+01,2.369242e+01,2.369242e+01,2.380768e+01,2.371277e+01,2.375346e+01,2.376024e+01,2.373312e+01,2.375346e+01,2.397018e+01,2.383478e+01,2.403105e+01,2.383478e+01,2.388896e+01,2.398371e+01,2.384833e+01,2.402428e+01,2.395664e+01,2.410540e+01,2.411215e+01,2.405133e+01,2.416619e+01,2.423369e+01,2.421344e+01,2.423369e+01,2.426068e+01,2.425393e+01,2.428766e+01,2.427417e+01,2.422694e+01,2.436857e+01,2.457728e+01,2.451000e+01,2.444268e+01,2.420670e+01,2.405133e+01,2.394988e+01,2.388896e+01,2.388896e+01,2.388219e+01,2.388219e+01,2.387542e+01,2.382123e+01,2.381446e+01,2.382801e+01,2.381446e+01,2.383478e+01,2.378057e+01,2.378057e+01,2.380091e+01,2.386187e+01,2.383478e+01,2.382801e+01,2.379413e+01,2.383478e+01,2.385510e+01,2.380091e+01,2.375346e+01,2.380768e+01,2.382801e+01,2.372634e+01,2.378057e+01,2.382801e+01,2.378735e+01,2.378057e+01,2.378057e+01,2.380768e+01,2.385510e+01,2.382123e+01,2.381446e+01,2.371956e+01,2.381446e+01,2.388219e+01,2.384833e+01,2.384155e+01,2.380091e+01,2.382801e+01,2.385510e+01,2.384833e+01,2.382801e+01,2.382801e+01,2.382801e+01,2.393634e+01,2.389573e+01,2.386187e+01,2.379413e+01,2.377380e+01,2.382123e+01,2.381446e+01,2.380091e+01,2.382123e+01,2.384155e+01,2.388896e+01,2.378057e+01,2.387542e+01,2.380091e+01,2.378735e+01,2.392958e+01,2.372634e+01,2.373312e+01,2.373990e+01,2.373312e+01,2.373990e+01,2.367886e+01,2.380768e+01,2.369921e+01,2.378735e+01,2.374668e+01,2.377380e+01,2.376024e+01,2.378735e+01,2.375346e+01,2.384833e+01,2.377380e+01,2.381446e+01,2.376702e+01,2.371956e+01,2.378735e+01,2.380768e+01,2.378735e+01,2.380768e+01,2.378057e+01,2.375346e+01,2.376024e+01,2.374668e+01,2.369242e+01,2.371956e+01,2.384833e+01,2.374668e+01,2.376702e+01,2.373312e+01,2.369242e+01,2.365850e+01,2.375346e+01,2.367886e+01,2.369921e+01,2.365172e+01,2.364493e+01,2.365850e+01,2.364493e+01,2.362457e+01,2.357704e+01,2.365172e+01,2.376024e+01,2.362457e+01,2.357704e+01,2.369921e+01,2.355667e+01,2.367886e+01,2.370599e+01,2.365172e+01,2.368564e+01,2.367886e+01,2.365850e+01,2.367886e+01,2.385510e+01,2.374668e+01,2.376024e+01,2.365172e+01,2.371277e+01,2.370599e+01,2.379413e+01,2.372634e+01,2.371956e+01,2.363136e+01,2.364493e+01,2.359741e+01,2.377380e+01,2.359062e+01,2.371956e+01,2.367207e+01,2.380768e+01,2.382801e+01,2.377380e+01,2.375346e+01,2.372634e+01,2.373312e+01,2.375346e+01,2.366529e+01,2.382801e+01,2.380768e+01,2.380091e+01,2.384155e+01,2.378735e+01,2.371277e+01,2.380768e+01,2.384155e+01,2.388896e+01,2.388896e+01,2.387542e+01,2.437531e+01,2.592721e+01,2.692516e+01,2.745010e+01,2.748937e+01,2.781603e+01,2.778994e+01,2.811569e+01,2.814171e+01,2.812870e+01,2.818072e+01,2.829119e+01,2.825871e+01,2.810268e+01,2.816122e+01,2.805713e+01,2.822622e+01,2.791384e+01,2.793339e+01,2.788777e+01,2.790732e+01,2.764629e+01,2.746319e+01,2.746974e+01,2.734532e+01,2.733221e+01,2.748937e+01,2.717483e+01,2.716826e+01,2.709605e+01,2.712231e+01,2.708291e+01,2.702378e+01,2.708291e+01,2.687252e+01,2.681327e+01,2.671445e+01,2.669468e+01,2.664193e+01,2.658915e+01,2.664852e+01,2.637778e+01,2.643727e+01,2.629179e+01,2.636456e+01,2.631164e+01,2.626532e+01,2.629841e+01,2.621898e+01,2.623884e+01,2.595377e+01,2.619248e+01,2.611297e+01,2.594049e+01,2.609309e+01,2.595377e+01,2.580097e+01,2.583421e+01,2.582092e+01,2.577438e+01,2.562798e+01,2.565462e+01,2.571451e+01,2.560800e+01,2.549472e+01,2.536129e+01,2.547471e+01,2.536796e+01,2.527446e+01,2.497337e+01,2.473187e+01,2.447635e+01,2.432812e+01,2.413917e+01,2.394988e+01,2.395664e+01,2.397694e+01,2.389573e+01,2.401752e+01,2.406485e+01,2.407161e+01,2.397694e+01,2.413917e+01,2.413917e+01,2.434835e+01,2.444941e+01,2.449654e+01,2.457728e+01,2.474530e+01,2.474530e+01,2.493316e+01,2.484598e+01,2.481914e+01,2.477887e+01,2.483256e+01,2.502026e+01,2.502696e+01,2.505375e+01,2.494656e+01,2.498677e+01,2.506044e+01,2.515413e+01,2.500017e+01,2.505375e+01,2.497337e+01,2.497337e+01,2.503366e+01,2.495997e+01,2.503366e+01,2.502026e+01,2.490634e+01,2.483927e+01,2.485269e+01,2.473187e+01,2.473858e+01,2.463780e+01,2.464452e+01,2.453019e+01,2.448981e+01,2.446961e+01,2.438205e+01,2.438878e+01,2.443594e+01,2.431464e+01,2.427417e+01,2.425393e+01,2.422694e+01,2.421344e+01,2.424719e+01,2.432812e+01,2.435509e+01,2.455038e+01,2.472515e+01,2.478558e+01,2.477887e+01,2.481914e+01,2.491305e+01,2.495997e+01,2.502696e+01,2.500017e+01,2.464452e+01,2.466469e+01,2.436857e+01,2.453019e+01,2.438205e+01,2.437531e+01,2.437531e+01,2.455710e+01,2.456383e+01,2.457728e+01,2.487281e+01,2.504035e+01,2.512737e+01,2.506044e+01,2.541468e+01,2.528782e+01,2.535461e+01,2.532790e+01,2.533458e+01,2.516082e+01,2.528782e+01,2.521431e+01,2.508052e+01,2.500687e+01,2.485269e+01,2.479230e+01,2.461091e+01,2.440900e+01,2.422019e+01,2.403781e+01,2.399723e+01,2.396341e+01,2.413242e+01,2.413242e+01,2.420670e+01,2.436857e+01,2.437531e+01,2.439552e+01,2.456383e+01,2.441573e+01,2.418644e+01,2.381446e+01,2.386187e+01,2.360420e+01,2.348872e+01,2.333228e+01,2.354987e+01,2.372634e+01,2.371277e+01,2.381446e+01,2.397694e+01,2.401752e+01,2.417294e+01,2.378057e+01,2.385510e+01,2.388219e+01,2.411215e+01,2.405133e+01,2.424044e+01,2.441573e+01,2.443594e+01,2.482585e+01,2.481914e+01,2.500017e+01,2.493986e+01,2.530787e+01,2.524773e+01,2.532122e+01,2.520094e+01,2.535461e+01,2.532790e+01,2.513406e+01,2.504705e+01,2.481914e+01,2.488622e+01,2.476544e+01,2.487281e+01,2.444268e+01,2.440900e+01,2.440900e+01,2.426743e+01,2.412566e+01,2.420670e+01,2.407161e+01,2.394988e+01,2.393634e+01,2.392958e+01,2.363814e+01,2.358383e+01,2.342073e+01,2.342753e+01,2.340032e+01,2.338672e+01,2.337311e+01
2.621235e+01,2.626532e+01,2.612623e+01,2.624546e+01,2.627194e+01,2.611960e+01,2.621898e+01,2.614611e+01,2.620573e+01,2.594049e+01,2.599359e+01,2.585415e+01,2.588736e+01,2.570121e+01,2.590065e+01,2.586079e+01,2.566793e+01,2.560134e+01,2.564130e+01,2.552805e+01,2.541468e+01,2.541468e+01,2.540133e+01,2.529451e+01,2.532790e+01,2.536129e+01,2.534126e+01,2.542802e+01,2.534126e+01,2.537464e+01,2.533458e+01,2.532122e+01,2.540801e+01,2.534126e+01,2.522768e+01,2.535461e+01,2.540801e+01,2.544804e+01,2.524773e+01,2.544804e+01,2.537464e+01,2.533458e+01,2.540801e+01,2.545471e+01,2.558802e+01,2.546138e+01,2.553472e+01,2.544804e+01,2.545471e+01,2.533458e+01,2.533458e+01,2.529451e+01,2.529451e+01,2.548805e+01,2.540801e+01,2.524105e+01,2.540801e+01,2.548805e+01,2.558136e+01,2.552805e+01,2.547471e+01,2.550139e+01,2.542802e+01,2.541468e+01,2.536129e+01,2.535461e+01,2.514744e+01,2.528782e+01,2.516751e+01,2.516751e+01,2.534126e+01,2.533458e+01,2.534126e+01,2.531454e+01,2.530119e+01,2.538131e+01,2.520763e+01,2.528115e+01,2.510730e+01,2.510730e+01,2.516082e+01,2.514744e+01,2.506713e+01,2.510730e+01,2.505375e+01,2.517419e+01,2.519426e+01,2.518088e+01,2.510060e+01,2.527446e+01,2.505375e+01,2.502696e+01,2.499347e+01,2.496667e+01,2.463108e+01,2.458401e+01,2.441573e+01,2.428766e+01,2.422019e+01,2.413917e+01,2.422019e+01,2.420670e+01,2.419319e+01,2.422019e+01,2.426068e+01,2.411215e+01,2.382801e+01,2.381446e+01,2.378735e+01,2.352949e+01,2.361778e+01,2.352949e+01,2.338672e+01,2.321649e+01,2.345473e+01,2.365850e+01,2.399723e+01,2.419319e+01,2.410540e+01,2.420670e+01,2.414593e+01,2.418644e+01,2.413242e+01,2.399047e+01,2.397694e+01,2.384833e+01,2.389573e+01,2.401076e+01,2.388896e+01,2.389573e+01,2.399047e+01,2.373312e+01,2.368564e+01,2.354308e+01,2.355667e+01,2.359741e+01,2.348192e+01,2.365850e+01,2.369242e+01,2.369242e+01,2.332547e+01,2.359062e+01,2.352949e+01,2.356346e+01,2.341393e+01,2.348192e+01,2.342753e+01,2.325737e+01,2.330504e+01,2.324374e+01,2.334589e+01,2.323012e+01,2.325056e+01,2.350911e+01,2.363136e+01,2.382123e+01,2.384155e+01,2.389573e+01,2.389573e+01,2.407161e+01,2.398371e+01,2.413242e+01,2.408512e+01,2.411215e+01,2.412566e+01,2.419319e+01,2.429441e+01,2.437531e+01,2.432812e+01,2.451000e+01,2.452346e+01,2.443594e+01,2.459073e+01,2.457056e+01,2.460419e+01,2.480572e+01,2.466469e+01,2.480572e+01,2.477216e+01,2.481243e+01,2.483256e+01,2.490634e+01,2.473187e+01,2.469828e+01,2.477887e+01,2.467141e+01,2.459073e+01,2.446288e+01,2.435509e+01,2.414593e+01,2.396341e+01,2.373312e+01,2.378057e+01,2.378057e+01,2.364493e+01,2.351590e+01,2.361099e+01,2.331866e+01,2.345473e+01,2.343433e+01,2.342073e+01,2.342753e+01,2.342073e+01,2.343433e+01,2.343433e+01,2.346153e+01,2.347513e+01,2.344113e+01,2.352949e+01,2.340713e+01,2.344793e+01,2.350231e+01,2.348192e+01,2.357704e+01,2.350911e+01,2.347513e+01,2.363814e+01,2.361099e+01,2.353629e+01,2.365172e+01,2.368564e+01,2.376024e+01,2.368564e+01,2.375346e+01,2.367886e+01,2.379413e+01,2.380768e+01,2.383478e+01,2.386865e+01,2.393634e+01,2.384155e+01,2.390927e+01,2.392958e+01,2.409864e+01,2.392958e+01,2.404457e+01,2.406485e+01,2.405133e+01,2.418644e+01,2.411891e+01,2.415943e+01,2.421344e+01,2.422019e+01,2.424044e+01,2.424719e+01,2.417969e+01,2.425393e+01,2.426743e+01,2.424044e+01,2.419319e+01,2.417294e+01,2.406485e+01,2.393634e+01,2.382801e+01,2.387542e+01,2.388219e+01,2.378735e+01,2.386865e+01,2.390250e+01,2.382123e+01,2.384155e+01,2.378057e+01,2.375346e+01,2.387542e+01,2.378057e+01,2.382123e+01,2.386865e+01,2.379413e+01,2.384155e+01,2.384833e+01,2.382801e+01,2.385510e+01,2.377380e+01,2.382123e+01,2.386187e+01,2.378057e+01,2.382123e+01,2.374668e+01,2.384833e+01,2.373990e+01,2.366529e+01,2.378057e+01,2.373990e+01,2.374668e+01,2.373312e+01,2.384155e+01,2.381446e+01,2.382123e+01,2.386865e+01,2.374668e+01,2.373312e+01,2.381446e+01,2.378735e+01,2.382801e+01,2.385510e+01,2.387542e+01,2.384833e+01,2.382123e+01,2.382801e+01,2.388219e+01,2.384833e+01,2.381446e+01,2.382801e+01,2.384155e+01,2.384155e+01,2.380091e+01,2.382801e+01,2.382123e+01,2.374668e+01,2.379413e+01,2.379413e+01,2.375346e+01,2.378735e+01,2.372634e+01,2.371956e+01,2.371956e+01,2.363136e+01,2.377380e+01,2.384155e+01,2.373990e+01,2.378735e+01,2.368564e+01,2.377380e+01,2.375346e+01,2.357704e+01,2.378735e+01,2.374668e+01,2.379413e+01,2.371956e+01,2.371277e+01,2.383478e+01,2.372634e+01,2.370599e+01,2.373990e+01,2.372634e+01,2.372634e+01,2.380768e+01,2.369921e+01,2.371956e+01,2.375346e+01,2.367207e+01,2.372634e+01,2.367886e+01,2.363814e+01,2.357025e+01,2.363136e+01,2.367886e+01,2.367886e+01,2.369921e+01,2.367207e+01,2.365850e+01,2.367886e+01,2.363814e+01,2.363136e+01,2.361099e+01,2.367886e+01,2.363814e+01,2.361778e+01,2.360420e+01,2.362457e+01,2.365172e+01,2.357704e+01,2.363814e+01,2.371277e+01,2.367207e+01,2.369242e+01,2.364493e+01,2.363814e+01,2.366529e+01,2.367207e+01,2.359741e+01,2.366529e+01,2.367886e+01,2.376024e+01,2.366529e+01,2.378735e+01,2.371277e+01,2.375346e+01,2.365850e+01,2.373312e+01,2.367207e+01,2.370599e+01,2.362457e+01,2.373990e+01,2.362457e+01,2.366529e+01,2.367886e+01,2.369242e+01,2.382123e+01,2.380091e+01,2.372634e+01,2.374668e+01,2.376024e+01,2.375346e+01,2.381446e+01,2.380768e+01,2.382123e+01,2.381446e+01,2.383478e+01,2.384155e+01,2.373990e+01,2.372634e+01,2.378057e+01,2.378735e+01,2.386865e+01,2.385510e+01,2.426743e+01,2.580762e+01,2.688568e+01,2.748282e+01,2.759401e+01,2.762015e+01,2.790080e+01,2.800504e+01,2.809617e+01,2.814171e+01,2.834313e+01,2.817422e+01,2.831717e+01,2.816772e+01,2.827820e+01,2.823922e+01,2.824572e+01,2.799853e+01,2.803760e+01,2.782908e+01,2.790732e+01,2.790732e+01,2.764629e+01,2.753516e+01,2.738462e+01,2.734532e+01,2.726666e+01,2.710261e+01,2.712888e+01,2.722075e+01,2.704349e+01,2.694489e+01,2.687910e+01,2.695804e+01,2.688568e+01,2.701064e+01,2.697777e+01,2.677376e+01,2.664852e+01,2.662214e+01,2.652975e+01,2.667490e+01,2.662214e+01,2.645709e+01,2.635133e+01,2.639100e+01,2.655615e+01,2.629179e+01,2.633810e+01,2.629179e+01,2.617924e+01,2.619248e+01,2.605993e+01,2.607982e+01,2.604004e+01,2.598032e+01,2.607319e+01,2.610634e+01,2.617924e+01,2.599359e+01,2.588736e+01,2.586079e+01,2.564796e+01,2.563464e+01,2.556137e+01,2.554138e+01,2.552139e+01,2.538131e+01,2.529451e+01,2.516082e+01,2.498007e+01,2.467141e+01,2.443594e+01,2.432138e+01,2.394988e+01,2.391604e+01,2.378735e+01,2.390250e+01,2.375346e+01,2.392281e+01,2.384155e+01,2.411215e+01,2.413917e+01,2.435509e+01,2.435509e+01,2.436857e+01,2.448981e+01,2.457728e+01,2.472515e+01,2.477216e+01,2.476544e+01,2.487281e+01,2.481914e+01,2.485269e+01,2.483927e+01,2.485269e+01,2.504705e+01,2.503366e+01,2.499347e+01,2.509391e+01,2.504705e+01,2.518757e+01,2.508722e+01,2.508722e+01,2.517419e+01,2.514075e+01,2.513406e+01,2.509391e+01,2.499347e+01,2.493986e+01,2.491975e+01,2.493986e+01,2.481243e+01,2.473858e+01,2.468484e+01,2.454365e+01,2.455710e+01,2.454365e+01,2.448981e+01,2.448308e+01,2.432812e+01,2.425393e+01,2.436183e+01,2.437531e+01,2.423369e+01,2.419319e+01,2.422019e+01,2.420670e+01,2.420670e+01,2.435509e+01,2.419994e+01,2.437531e+01,2.451673e+01,2.458401e+01,2.455038e+01,2.478558e+01,2.477216e+01,2.501357e+01,2.491305e+01,2.473858e+01,2.465124e+01,2.450327e+01,2.421344e+01,2.432138e+01,2.436183e+01,2.433487e+01,2.436857e+01,2.436857e+01,2.448981e+01,2.453692e+01,2.487952e+01,2.502026e+01,2.515413e+01,2.524105e+01,2.523437e+01,2.528782e+01,2.524105e+01,2.524773e+01,2.528115e+01,2.519426e+01,2.498677e+01,2.506044e+01,2.488622e+01,2.497337e+01,2.477216e+01,2.460419e+01,2.443594e+01,2.442921e+01,2.403781e+01,2.413242e+01,2.401752e+01,2.389573e+01,2.405133e+01,2.402428e+01,2.417294e+01,2.419994e+01,2.432812e+01,2.448981e+01,2.446961e+01,2.442247e+01,2.399723e+01,2.370599e+01,2.351590e+01,2.329142e+01,2.331185e+01,2.313468e+01,2.330504e+01,2.357025e+01,2.357704e+01,2.366529e+01,2.369242e+01,2.368564e+01,2.363814e+01,2.363136e+01,2.359741e+01,2.372634e+01,2.372634e+01,2.382801e+01,2.417969e+01,2.436183e+01,2.442247e+01,2.457056e+01,2.477216e+01,2.481243e+01,2.495997e+01,2.497337e+01,2.517419e+01,2.523437e+01,2.514744e+01,2.535461e+01,2.507383e+01,2.507383e+01,2.502026e+01,2.485940e+01,2.468484e+01,2.459073e+01,2.476544e+01,2.444941e+01,2.419319e+01,2.422694e+01,2.440900e+01,2.413917e+01,2.429441e+01,2.409188e+01,2.411891e+01,2.401076e+01,2.387542e+01,2.365172e+01,2.370599e+01,2.343433e+01,2.347513e+01,2.335950e+01,2.336630e+01,2.340032e+01
2.630502e+01,2.635794e+01,2.619911e+01,2.618586e+01,2.629841e+01,2.625208e+01,2.619248e+01,2.620573e+01,2.618586e+01,2.605330e+01,2.617924e+01,2.609971e+01,2.607982e+01,2.592057e+01,2.595377e+01,2.576108e+01,2.574778e+01,2.569455e+01,2.572117e+01,2.570121e+01,2.541468e+01,2.570786e+01,2.545471e+01,2.543469e+01,2.540133e+01,2.538799e+01,2.536129e+01,2.526110e+01,2.538799e+01,2.529451e+01,2.534793e+01,2.528782e+01,2.522100e+01,2.531454e+01,2.533458e+01,2.532122e+01,2.532790e+01,2.524773e+01,2.534126e+01,2.526110e+01,2.538799e+01,2.530119e+01,2.529451e+01,2.537464e+01,2.536796e+01,2.548138e+01,2.546138e+01,2.551472e+01,2.528782e+01,2.539466e+01,2.528782e+01,2.528115e+01,2.522768e+01,2.528115e+01,2.524105e+01,2.511399e+01,2.543469e+01,2.537464e+01,2.539466e+01,2.544137e+01,2.544137e+01,2.542135e+01,2.544804e+01,2.548805e+01,2.536796e+01,2.534126e+01,2.526778e+01,2.518757e+01,2.522100e+01,2.525442e+01,2.529451e+01,2.518088e+01,2.531454e+01,2.520094e+01,2.530787e+01,2.532790e+01,2.518088e+01,2.522100e+01,2.520094e+01,2.506044e+01,2.514075e+01,2.518088e+01,2.498677e+01,2.518088e+01,2.493316e+01,2.516751e+01,2.520094e+01,2.521431e+01,2.528115e+01,2.522768e+01,2.510060e+01,2.500687e+01,2.500017e+01,2.473187e+01,2.460419e+01,2.431464e+01,2.444941e+01,2.431464e+01,2.425393e+01,2.431464e+01,2.418644e+01,2.422694e+01,2.417294e+01,2.403781e+01,2.409864e+01,2.405133e+01,2.394311e+01,2.378057e+01,2.376702e+01,2.349552e+01,2.350911e+01,2.348192e+01,2.354987e+01,2.352270e+01,2.368564e+01,2.417294e+01,2.427417e+01,2.428092e+01,2.419319e+01,2.430115e+01,2.429441e+01,2.414593e+01,2.405809e+01,2.395664e+01,2.394311e+01,2.398371e+01,2.385510e+01,2.382123e+01,2.392958e+01,2.393634e+01,2.403105e+01,2.387542e+01,2.388219e+01,2.365172e+01,2.370599e+01,2.365172e+01,2.369921e+01,2.371956e+01,2.365850e+01,2.369242e+01,2.372634e+01,2.363136e+01,2.359062e+01,2.345473e+01,2.331866e+01,2.361099e+01,2.336630e+01,2.337311e+01,2.318241e+01,2.320967e+01,2.321649e+01,2.321649e+01,2.353629e+01,2.350231e+01,2.371956e+01,2.377380e+01,2.379413e+01,2.386865e+01,2.402428e+01,2.403105e+01,2.413917e+01,2.408512e+01,2.404457e+01,2.417969e+01,2.438205e+01,2.436857e+01,2.435509e+01,2.434835e+01,2.434835e+01,2.446288e+01,2.452346e+01,2.457056e+01,2.459073e+01,2.461763e+01,2.461763e+01,2.478558e+01,2.481914e+01,2.487281e+01,2.484598e+01,2.483927e+01,2.483256e+01,2.495997e+01,2.487952e+01,2.480572e+01,2.463780e+01,2.457056e+01,2.462436e+01,2.437531e+01,2.430790e+01,2.394311e+01,2.371277e+01,2.372634e+01,2.369921e+01,2.369242e+01,2.355667e+01,2.354308e+01,2.352949e+01,2.350231e+01,2.345473e+01,2.342753e+01,2.335269e+01,2.337311e+01,2.337991e+01,2.338672e+01,2.343433e+01,2.341393e+01,2.335950e+01,2.356346e+01,2.338672e+01,2.344793e+01,2.334589e+01,2.347513e+01,2.349552e+01,2.352949e+01,2.360420e+01,2.366529e+01,2.362457e+01,2.357704e+01,2.361778e+01,2.365172e+01,2.364493e+01,2.372634e+01,2.372634e+01,2.369921e+01,2.367886e+01,2.376702e+01,2.370599e+01,2.384155e+01,2.388896e+01,2.386865e+01,2.389573e+01,2.399047e+01,2.401752e+01,2.389573e+01,2.397694e+01,2.400400e+01,2.415943e+01,2.403781e+01,2.405809e+01,2.405133e+01,2.413242e+01,2.413242e+01,2.419319e+01,2.415268e+01,2.417969e+01,2.419994e+01,2.420670e+01,2.422019e+01,2.424719e+01,2.406485e+01,2.413242e+01,2.400400e+01,2.399723e+01,2.403105e+01,2.380768e+01,2.390927e+01,2.391604e+01,2.385510e+01,2.386187e+01,2.376702e+01,2.386865e+01,2.380768e+01,2.381446e+01,2.371277e+01,2.384833e+01,2.378057e+01,2.384833e+01,2.384833e+01,2.380091e+01,2.382801e+01,2.378735e+01,2.385510e+01,2.376024e+01,2.392281e+01,2.384155e+01,2.382123e+01,2.382123e+01,2.381446e+01,2.372634e+01,2.375346e+01,2.377380e+01,2.373312e+01,2.383478e+01,2.383478e+01,2.388896e+01,2.384833e+01,2.386187e+01,2.380768e+01,2.384833e+01,2.378057e+01,2.373990e+01,2.378057e+01,2.380768e+01,2.382801e+01,2.385510e+01,2.387542e+01,2.385510e+01,2.382801e+01,2.380768e+01,2.387542e+01,2.386865e+01,2.386865e+01,2.384833e+01,2.384155e+01,2.384833e+01,2.384155e+01,2.376702e+01,2.391604e+01,2.386865e+01,2.382123e+01,2.392281e+01,2.379413e+01,2.369921e+01,2.377380e+01,2.379413e+01,2.378735e+01,2.374668e+01,2.382123e+01,2.383478e+01,2.382801e+01,2.383478e+01,2.373312e+01,2.371956e+01,2.376024e+01,2.374668e+01,2.378735e+01,2.373990e+01,2.373312e+01,2.380091e+01,2.376702e+01,2.373312e+01,2.375346e+01,2.376024e+01,2.373312e+01,2.373990e+01,2.376024e+01,2.373990e+01,2.380091e+01,2.365850e+01,2.373990e+01,2.371277e+01,2.372634e+01,2.359062e+01,2.376702e+01,2.367207e+01,2.381446e+01,2.367886e+01,2.365850e+01,2.362457e+01,2.363814e+01,2.381446e+01,2.369921e+01,2.364493e+01,2.358383e+01,2.359741e+01,2.378057e+01,2.359741e+01,2.365850e+01,2.368564e+01,2.364493e+01,2.372634e+01,2.365850e+01,2.374668e+01,2.366529e+01,2.369242e+01,2.370599e+01,2.365172e+01,2.369921e+01,2.370599e+01,2.372634e+01,2.369242e+01,2.362457e+01,2.364493e+01,2.374668e+01,2.372634e+01,2.372634e+01,2.371277e+01,2.371956e+01,2.369921e+01,2.369242e+01,2.364493e+01,2.363136e+01,2.361099e+01,2.371277e+01,2.367886e+01,2.368564e+01,2.365172e+01,2.369242e+01,2.384833e+01,2.373312e+01,2.371956e+01,2.375346e+01,2.382123e+01,2.372634e+01,2.377380e+01,2.380091e+01,2.376702e+01,2.378735e+01,2.385510e+01,2.371956e+01,2.376024e+01,2.381446e+01,2.377380e+01,2.388219e+01,2.391604e+01,2.394311e+01,2.424044e+01,2.558802e+01,2.689226e+01,2.726011e+01,2.754170e+01,2.786169e+01,2.797899e+01,2.808967e+01,2.809617e+01,2.821972e+01,2.825221e+01,2.824572e+01,2.821972e+01,2.834313e+01,2.833664e+01,2.833015e+01,2.828469e+01,2.808316e+01,2.797248e+01,2.807665e+01,2.792036e+01,2.790732e+01,2.769202e+01,2.759401e+01,2.753516e+01,2.752208e+01,2.738462e+01,2.720763e+01,2.727322e+01,2.721420e+01,2.707634e+01,2.705006e+01,2.707634e+01,2.716170e+01,2.707634e+01,2.698434e+01,2.697119e+01,2.695804e+01,2.695804e+01,2.681327e+01,2.689884e+01,2.687252e+01,2.671445e+01,2.671445e+01,2.671445e+01,2.656275e+01,2.633149e+01,2.656275e+01,2.658255e+01,2.628517e+01,2.641744e+01,2.641084e+01,2.626532e+01,2.629179e+01,2.621898e+01,2.611297e+01,2.625208e+01,2.623884e+01,2.620573e+01,2.619248e+01,2.612623e+01,2.599359e+01,2.595377e+01,2.592057e+01,2.586079e+01,2.568124e+01,2.560134e+01,2.552805e+01,2.552805e+01,2.526110e+01,2.524105e+01,2.479901e+01,2.449654e+01,2.430790e+01,2.422694e+01,2.394988e+01,2.380768e+01,2.372634e+01,2.385510e+01,2.391604e+01,2.405133e+01,2.400400e+01,2.417294e+01,2.420670e+01,2.434835e+01,2.439552e+01,2.435509e+01,2.470500e+01,2.453019e+01,2.473858e+01,2.457728e+01,2.479901e+01,2.486610e+01,2.483256e+01,2.485269e+01,2.487952e+01,2.497337e+01,2.504705e+01,2.507383e+01,2.511399e+01,2.501357e+01,2.513406e+01,2.509391e+01,2.515413e+01,2.507383e+01,2.512068e+01,2.517419e+01,2.511399e+01,2.498007e+01,2.495326e+01,2.491305e+01,2.475201e+01,2.473187e+01,2.467813e+01,2.476544e+01,2.463108e+01,2.465796e+01,2.447635e+01,2.444941e+01,2.446288e+01,2.442921e+01,2.442921e+01,2.434835e+01,2.433487e+01,2.424719e+01,2.430115e+01,2.416619e+01,2.418644e+01,2.416619e+01,2.416619e+01,2.421344e+01,2.432812e+01,2.442921e+01,2.448981e+01,2.451000e+01,2.469156e+01,2.475873e+01,2.475873e+01,2.475201e+01,2.450327e+01,2.440900e+01,2.431464e+01,2.425393e+01,2.422019e+01,2.403105e+01,2.413242e+01,2.434835e+01,2.430790e+01,2.450327e+01,2.455038e+01,2.486610e+01,2.492645e+01,2.491305e+01,2.510730e+01,2.510730e+01,2.512737e+01,2.524773e+01,2.524105e+01,2.501357e+01,2.504705e+01,2.502026e+01,2.497337e+01,2.485940e+01,2.482585e+01,2.467813e+01,2.449654e+01,2.444268e+01,2.423369e+01,2.409864e+01,2.400400e+01,2.382123e+01,2.373312e+01,2.378057e+01,2.398371e+01,2.408512e+01,2.417294e+01,2.417969e+01,2.445614e+01,2.429441e+01,2.418644e+01,2.384155e+01,2.366529e+01,2.343433e+01,2.303232e+01,2.297769e+01,2.331185e+01,2.333228e+01,2.354308e+01,2.363136e+01,2.344113e+01,2.350231e+01,2.329142e+01,2.345473e+01,2.337311e+01,2.329823e+01,2.352270e+01,2.358383e+01,2.377380e+01,2.384155e+01,2.396341e+01,2.437531e+01,2.436857e+01,2.453019e+01,2.478558e+01,2.481914e+01,2.476544e+01,2.495326e+01,2.496667e+01,2.497337e+01,2.500017e+01,2.487952e+01,2.489964e+01,2.486610e+01,2.474530e+01,2.452346e+01,2.455038e+01,2.449654e+01,2.446961e+01,2.419994e+01,2.413242e+01,2.411891e+01,2.420670e+01,2.409864e+01,2.411215e+01,2.402428e+01,2.414593e+01,2.382801e+01,2.367886e+01,2.369921e+01,2.354308e+01,2.345473e+01,2.329823e+01,2.319604e+01,2.337991e+01
2.629179e+01,2.625208e+01,2.629179e+01,2.629179e+01,2.629179e+01,2.619911e+01,2.625870e+01,2.621898e+01,2.614611e+01,2.617924e+01,2.615936e+01,2.611960e+01,2.607319e+01,2.617261e+01,2.602013e+01,2.596704e+01,2.601350e+01,2.582092e+01,2.578768e+01,2.572117e+01,2.573447e+01,2.577438e+01,2.555471e+01,2.566793e+01,2.570786e+01,2.544804e+01,2.530119e+01,2.531454e+01,2.514075e+01,2.520094e+01,2.519426e+01,2.521431e+01,2.532122e+01,2.516082e+01,2.515413e+01,2.519426e+01,2.500017e+01,2.497337e+01,2.509391e+01,2.506044e+01,2.495997e+01,2.512068e+01,2.508722e+01,2.518757e+01,2.533458e+01,2.528115e+01,2.530119e+01,2.533458e+01,2.528115e+01,2.524773e+01,2.529451e+01,2.520094e+01,2.523437e+01,2.524105e+01,2.520763e+01,2.508722e+01,2.509391e+01,2.518757e+01,2.533458e+01,2.541468e+01,2.541468e+01,2.541468e+01,2.550805e+01,2.527446e+01,2.540801e+01,2.534793e+01,2.536796e+01,2.524105e+01,2.514075e+01,2.528782e+01,2.519426e+01,2.518757e+01,2.522768e+01,2.522768e+01,2.518088e+01,2.532122e+01,2.534126e+01,2.523437e+01,2.526110e+01,2.515413e+01,2.515413e+01,2.517419e+01,2.512068e+01,2.512068e+01,2.515413e+01,2.520763e+01,2.520763e+01,2.521431e+01,2.514744e+01,2.523437e+01,2.509391e+01,2.502026e+01,2.462436e+01,2.469156e+01,2.443594e+01,2.438205e+01,2.431464e+01,2.430790e+01,2.431464e+01,2.428092e+01,2.419994e+01,2.416619e+01,2.417969e+01,2.419994e+01,2.411215e+01,2.405809e+01,2.402428e+01,2.386187e+01,2.382123e+01,2.372634e+01,2.359741e+01,2.348872e+01,2.356346e+01,2.372634e+01,2.394311e+01,2.413917e+01,2.430790e+01,2.428766e+01,2.439552e+01,2.434161e+01,2.422694e+01,2.416619e+01,2.415268e+01,2.401076e+01,2.403781e+01,2.390927e+01,2.385510e+01,2.394311e+01,2.403781e+01,2.395664e+01,2.392281e+01,2.398371e+01,2.394988e+01,2.386187e+01,2.371956e+01,2.371956e+01,2.386865e+01,2.370599e+01,2.378057e+01,2.376024e+01,2.362457e+01,2.363136e+01,2.363136e+01,2.348192e+01,2.347513e+01,2.340032e+01,2.334589e+01,2.326418e+01,2.318241e+01,2.308010e+01,2.320286e+01,2.327099e+01,2.332547e+01,2.338672e+01,2.376702e+01,2.378057e+01,2.383478e+01,2.382801e+01,2.392281e+01,2.409188e+01,2.409188e+01,2.409188e+01,2.416619e+01,2.435509e+01,2.424044e+01,2.426743e+01,2.435509e+01,2.438205e+01,2.449654e+01,2.453692e+01,2.459746e+01,2.460419e+01,2.460419e+01,2.462436e+01,2.477887e+01,2.463780e+01,2.477887e+01,2.491305e+01,2.489964e+01,2.492645e+01,2.489964e+01,2.489964e+01,2.493316e+01,2.481243e+01,2.460419e+01,2.455038e+01,2.434835e+01,2.420670e+01,2.403105e+01,2.364493e+01,2.359741e+01,2.353629e+01,2.353629e+01,2.354308e+01,2.366529e+01,2.354987e+01,2.350231e+01,2.347513e+01,2.333908e+01,2.336630e+01,2.335269e+01,2.340713e+01,2.339352e+01,2.342073e+01,2.344113e+01,2.347513e+01,2.342753e+01,2.351590e+01,2.337311e+01,2.349552e+01,2.346153e+01,2.350911e+01,2.342073e+01,2.357704e+01,2.352270e+01,2.350231e+01,2.360420e+01,2.360420e+01,2.362457e+01,2.363136e+01,2.365850e+01,2.376024e+01,2.364493e+01,2.367886e+01,2.369921e+01,2.381446e+01,2.382801e+01,2.386865e+01,2.379413e+01,2.384155e+01,2.389573e+01,2.388896e+01,2.396341e+01,2.397018e+01,2.401752e+01,2.399047e+01,2.415268e+01,2.397018e+01,2.403105e+01,2.399047e+01,2.409864e+01,2.419319e+01,2.413917e+01,2.416619e+01,2.401076e+01,2.410540e+01,2.413242e+01,2.422694e+01,2.420670e+01,2.418644e+01,2.419994e+01,2.415943e+01,2.399047e+01,2.397018e+01,2.389573e+01,2.373990e+01,2.384155e+01,2.383478e+01,2.384833e+01,2.387542e+01,2.377380e+01,2.378057e+01,2.378057e+01,2.386187e+01,2.387542e+01,2.385510e+01,2.380091e+01,2.378735e+01,2.392958e+01,2.378057e+01,2.377380e+01,2.390250e+01,2.373990e+01,2.383478e+01,2.384833e+01,2.373312e+01,2.384155e+01,2.378057e+01,2.376024e+01,2.377380e+01,2.387542e+01,2.378057e+01,2.381446e+01,2.380768e+01,2.381446e+01,2.380091e+01,2.386187e+01,2.388219e+01,2.386187e+01,2.388219e+01,2.377380e+01,2.379413e+01,2.380768e+01,2.390927e+01,2.380768e+01,2.382801e+01,2.378735e+01,2.374668e+01,2.380091e+01,2.383478e+01,2.380768e+01,2.385510e+01,2.386865e+01,2.382123e+01,2.381446e+01,2.382801e+01,2.386187e+01,2.383478e+01,2.382123e+01,2.384833e+01,2.378735e+01,2.375346e+01,2.380768e+01,2.371277e+01,2.377380e+01,2.373312e+01,2.389573e+01,2.375346e+01,2.382801e+01,2.384833e+01,2.382123e+01,2.388896e+01,2.376024e+01,2.376024e+01,2.375346e+01,2.368564e+01,2.378735e+01,2.379413e+01,2.374668e+01,2.380091e+01,2.370599e+01,2.373990e+01,2.373312e+01,2.371277e+01,2.375346e+01,2.372634e+01,2.369921e+01,2.376024e+01,2.375346e+01,2.373990e+01,2.374668e+01,2.377380e+01,2.367207e+01,2.373990e+01,2.366529e+01,2.376024e+01,2.361099e+01,2.367207e+01,2.371277e+01,2.378735e+01,2.365172e+01,2.380091e+01,2.371277e+01,2.359741e+01,2.371277e+01,2.365172e+01,2.367886e+01,2.368564e+01,2.374668e+01,2.357704e+01,2.365850e+01,2.369921e+01,2.352949e+01,2.365172e+01,2.373312e+01,2.363814e+01,2.367886e+01,2.369242e+01,2.371277e+01,2.370599e+01,2.365850e+01,2.371277e+01,2.359741e+01,2.372634e+01,2.371277e+01,2.359062e+01,2.370599e+01,2.368564e+01,2.365850e+01,2.364493e+01,2.362457e+01,2.370599e+01,2.367207e+01,2.370599e+01,2.385510e+01,2.369921e+01,2.367886e+01,2.376024e+01,2.380768e+01,2.376702e+01,2.366529e+01,2.380768e+01,2.376024e+01,2.373990e+01,2.373312e+01,2.376702e+01,2.375346e+01,2.373312e+01,2.373990e+01,2.375346e+01,2.386187e+01,2.379413e+01,2.383478e+01,2.382801e+01,2.386187e+01,2.397694e+01,2.427417e+01,2.557470e+01,2.694489e+01,2.724699e+01,2.742391e+01,2.771161e+01,2.809617e+01,2.812220e+01,2.824572e+01,2.820673e+01,2.823922e+01,2.832366e+01,2.823922e+01,2.831717e+01,2.834962e+01,2.836261e+01,2.826521e+01,2.818072e+01,2.825871e+01,2.809617e+01,2.810919e+01,2.790732e+01,2.782908e+01,2.780951e+01,2.756132e+01,2.759401e+01,2.754170e+01,2.737807e+01,2.746319e+01,2.712888e+01,2.733876e+01,2.720107e+01,2.706977e+01,2.729289e+01,2.708948e+01,2.699092e+01,2.701721e+01,2.705663e+01,2.697777e+01,2.681327e+01,2.693173e+01,2.699749e+01,2.685936e+01,2.683961e+01,2.676717e+01,2.667490e+01,2.656935e+01,2.658255e+01,2.662214e+01,2.658255e+01,2.633149e+01,2.650994e+01,2.650994e+01,2.639100e+01,2.633810e+01,2.622560e+01,2.623884e+01,2.615274e+01,2.619248e+01,2.618586e+01,2.619248e+01,2.617924e+01,2.598032e+01,2.600023e+01,2.577438e+01,2.579433e+01,2.571451e+01,2.548805e+01,2.555471e+01,2.554138e+01,2.524773e+01,2.493986e+01,2.475873e+01,2.438205e+01,2.426068e+01,2.413242e+01,2.387542e+01,2.373312e+01,2.384833e+01,2.392281e+01,2.399723e+01,2.399723e+01,2.422019e+01,2.419994e+01,2.424719e+01,2.442247e+01,2.435509e+01,2.438205e+01,2.433487e+01,2.446961e+01,2.457056e+01,2.461091e+01,2.457056e+01,2.482585e+01,2.478558e+01,2.482585e+01,2.500687e+01,2.500687e+01,2.504035e+01,2.498007e+01,2.508052e+01,2.512737e+01,2.514075e+01,2.500017e+01,2.499347e+01,2.505375e+01,2.503366e+01,2.463108e+01,2.467141e+01,2.455038e+01,2.451000e+01,2.448308e+01,2.451000e+01,2.448981e+01,2.452346e+01,2.457056e+01,2.448308e+01,2.447635e+01,2.446961e+01,2.444941e+01,2.441573e+01,2.428766e+01,2.424044e+01,2.434161e+01,2.424044e+01,2.406485e+01,2.412566e+01,2.414593e+01,2.421344e+01,2.417969e+01,2.415943e+01,2.432138e+01,2.432138e+01,2.435509e+01,2.448981e+01,2.442921e+01,2.438878e+01,2.438878e+01,2.449654e+01,2.430790e+01,2.433487e+01,2.411891e+01,2.420670e+01,2.416619e+01,2.411215e+01,2.405809e+01,2.419994e+01,2.422019e+01,2.434835e+01,2.442921e+01,2.448308e+01,2.463108e+01,2.485269e+01,2.510060e+01,2.522768e+01,2.507383e+01,2.511399e+01,2.508052e+01,2.504705e+01,2.510730e+01,2.486610e+01,2.487952e+01,2.467813e+01,2.460419e+01,2.446961e+01,2.422019e+01,2.419319e+01,2.404457e+01,2.404457e+01,2.401752e+01,2.368564e+01,2.376702e+01,2.375346e+01,2.367886e+01,2.392281e+01,2.414593e+01,2.414593e+01,2.417969e+01,2.412566e+01,2.392281e+01,2.382123e+01,2.342753e+01,2.316195e+01,2.286151e+01,2.327780e+01,2.328461e+01,2.336630e+01,2.365850e+01,2.374668e+01,2.373312e+01,2.359741e+01,2.352949e+01,2.336630e+01,2.324374e+01,2.324374e+01,2.349552e+01,2.354987e+01,2.355667e+01,2.377380e+01,2.383478e+01,2.401076e+01,2.426743e+01,2.430790e+01,2.440900e+01,2.453692e+01,2.475873e+01,2.477887e+01,2.498007e+01,2.476544e+01,2.489964e+01,2.474530e+01,2.489964e+01,2.477216e+01,2.446961e+01,2.447635e+01,2.441573e+01,2.415268e+01,2.423369e+01,2.413917e+01,2.411215e+01,2.410540e+01,2.408512e+01,2.406485e+01,2.409188e+01,2.401076e+01,2.408512e+01,2.394988e+01,2.380768e+01,2.378735e+01,2.365172e+01,2.344113e+01,2.327780e+01,2.324374e+01,2.325056e+01
2.632487e+01,2.633810e+01,2.632487e+01,2.627855e+01,2.623884e+01,2.619911e+01,2.618586e+01,2.617261e+01,2.619911e+01,2.619248e+01,2.623222e+01,2.617924e+01,2.615274e+01,2.617261e+01,2.617261e+01,2.598032e+01,2.603340e+01,2.576108e+01,2.605330e+01,2.584750e+01,2.581427e+01,2.598032e+01,2.598032e+01,2.598696e+01,2.570786e+01,2.577438e+01,2.574778e+01,2.537464e+01,2.549472e+01,2.527446e+01,2.521431e+01,2.550139e+01,2.534126e+01,2.530787e+01,2.520763e+01,2.517419e+01,2.516751e+01,2.509391e+01,2.501357e+01,2.504035e+01,2.497337e+01,2.463780e+01,2.494656e+01,2.510730e+01,2.513406e+01,2.489964e+01,2.516082e+01,2.518088e+01,2.516751e+01,2.520094e+01,2.522768e+01,2.524773e+01,2.504705e+01,2.517419e+01,2.520763e+01,2.508052e+01,2.510060e+01,2.512068e+01,2.512068e+01,2.516751e+01,2.534793e+01,2.531454e+01,2.524773e+01,2.537464e+01,2.534126e+01,2.528115e+01,2.516082e+01,2.510060e+01,2.532790e+01,2.505375e+01,2.516082e+01,2.517419e+01,2.516082e+01,2.510730e+01,2.513406e+01,2.518757e+01,2.518088e+01,2.532122e+01,2.516082e+01,2.517419e+01,2.516751e+01,2.514744e+01,2.511399e+01,2.504705e+01,2.514075e+01,2.518088e+01,2.517419e+01,2.534126e+01,2.530787e+01,2.512068e+01,2.489293e+01,2.487281e+01,2.477216e+01,2.444941e+01,2.442921e+01,2.421344e+01,2.435509e+01,2.426743e+01,2.427417e+01,2.423369e+01,2.425393e+01,2.419994e+01,2.418644e+01,2.415268e+01,2.415943e+01,2.388896e+01,2.406485e+01,2.386187e+01,2.369921e+01,2.373990e+01,2.371277e+01,2.351590e+01,2.370599e+01,2.395664e+01,2.405809e+01,2.427417e+01,2.432812e+01,2.434835e+01,2.430790e+01,2.433487e+01,2.432812e+01,2.435509e+01,2.422019e+01,2.417969e+01,2.399723e+01,2.390250e+01,2.401076e+01,2.382801e+01,2.386187e+01,2.389573e+01,2.390250e+01,2.411891e+01,2.413917e+01,2.397694e+01,2.390250e+01,2.387542e+01,2.373990e+01,2.382123e+01,2.367207e+01,2.371956e+01,2.362457e+01,2.367886e+01,2.342753e+01,2.339352e+01,2.333228e+01,2.330504e+01,2.316195e+01,2.319604e+01,2.320967e+01,2.318923e+01,2.323693e+01,2.335950e+01,2.349552e+01,2.349552e+01,2.380091e+01,2.401752e+01,2.394988e+01,2.394988e+01,2.393634e+01,2.407161e+01,2.413242e+01,2.422019e+01,2.424719e+01,2.439552e+01,2.427417e+01,2.438205e+01,2.434835e+01,2.444268e+01,2.439552e+01,2.446288e+01,2.454365e+01,2.444941e+01,2.457728e+01,2.459073e+01,2.464452e+01,2.480572e+01,2.477887e+01,2.484598e+01,2.485269e+01,2.487952e+01,2.491305e+01,2.491975e+01,2.491975e+01,2.485940e+01,2.434161e+01,2.417969e+01,2.393634e+01,2.366529e+01,2.364493e+01,2.356346e+01,2.351590e+01,2.351590e+01,2.358383e+01,2.354987e+01,2.363814e+01,2.352949e+01,2.346833e+01,2.329823e+01,2.330504e+01,2.331185e+01,2.336630e+01,2.332547e+01,2.327780e+01,2.341393e+01,2.342753e+01,2.341393e+01,2.340032e+01,2.351590e+01,2.335269e+01,2.338672e+01,2.344113e+01,2.348872e+01,2.348192e+01,2.348872e+01,2.356346e+01,2.356346e+01,2.359062e+01,2.360420e+01,2.363814e+01,2.363136e+01,2.363136e+01,2.367207e+01,2.365850e+01,2.367886e+01,2.367886e+01,2.377380e+01,2.385510e+01,2.381446e+01,2.381446e+01,2.391604e+01,2.387542e+01,2.397694e+01,2.391604e+01,2.397018e+01,2.390927e+01,2.381446e+01,2.386865e+01,2.400400e+01,2.404457e+01,2.391604e+01,2.388219e+01,2.403105e+01,2.393634e+01,2.414593e+01,2.403105e+01,2.413242e+01,2.411891e+01,2.413917e+01,2.406485e+01,2.408512e+01,2.405133e+01,2.413242e+01,2.412566e+01,2.409864e+01,2.396341e+01,2.392281e+01,2.384155e+01,2.385510e+01,2.380768e+01,2.383478e+01,2.382801e+01,2.381446e+01,2.376702e+01,2.380768e+01,2.376702e+01,2.384155e+01,2.380091e+01,2.378057e+01,2.384155e+01,2.378735e+01,2.380768e+01,2.383478e+01,2.376702e+01,2.381446e+01,2.378735e+01,2.373990e+01,2.380768e+01,2.394311e+01,2.373990e+01,2.375346e+01,2.374668e+01,2.369921e+01,2.374668e+01,2.377380e+01,2.382801e+01,2.378057e+01,2.388219e+01,2.386865e+01,2.386865e+01,2.376702e+01,2.377380e+01,2.377380e+01,2.391604e+01,2.381446e+01,2.377380e+01,2.391604e+01,2.382123e+01,2.387542e+01,2.390250e+01,2.384155e+01,2.376702e+01,2.380768e+01,2.373990e+01,2.387542e+01,2.383478e+01,2.378735e+01,2.377380e+01,2.379413e+01,2.385510e+01,2.383478e+01,2.379413e+01,2.376702e+01,2.378735e+01,2.371956e+01,2.374668e+01,2.373990e+01,2.380768e+01,2.380091e+01,2.398371e+01,2.390250e+01,2.377380e+01,2.367886e+01,2.378057e+01,2.374668e+01,2.376702e+01,2.377380e+01,2.384155e+01,2.378057e+01,2.378735e+01,2.371956e+01,2.378057e+01,2.376024e+01,2.375346e+01,2.373312e+01,2.373990e+01,2.373990e+01,2.378057e+01,2.375346e+01,2.372634e+01,2.375346e+01,2.374668e+01,2.373990e+01,2.373990e+01,2.363136e+01,2.366529e+01,2.378057e+01,2.371956e+01,2.375346e+01,2.385510e+01,2.371277e+01,2.360420e+01,2.367886e+01,2.359741e+01,2.369921e+01,2.374668e+01,2.367207e+01,2.361778e+01,2.368564e+01,2.373990e+01,2.360420e+01,2.371277e+01,2.373312e+01,2.369242e+01,2.365172e+01,2.375346e+01,2.365172e+01,2.368564e+01,2.369921e+01,2.377380e+01,2.376024e+01,2.369242e+01,2.371956e+01,2.374668e+01,2.371956e+01,2.371277e+01,2.363814e+01,2.368564e+01,2.372634e+01,2.373990e+01,2.380091e+01,2.380091e+01,2.373312e+01,2.363814e+01,2.370599e+01,2.373312e+01,2.368564e+01,2.386187e+01,2.378735e+01,2.373312e+01,2.372634e+01,2.371277e+01,2.378735e+01,2.376702e+01,2.374668e+01,2.371956e+01,2.371956e+01,2.380768e+01,2.371956e+01,2.380091e+01,2.373990e+01,2.380768e+01,2.373990e+01,2.382801e+01,2.388219e+01,2.380091e+01,2.384833e+01,2.413242e+01,2.517419e+01,2.684619e+01,2.722075e+01,2.754170e+01,2.785517e+01,2.802458e+01,2.811569e+01,2.820673e+01,2.829119e+01,2.828469e+01,2.827170e+01,2.821323e+01,2.820023e+01,2.829768e+01,2.832366e+01,2.833015e+01,2.819373e+01,2.812220e+01,2.809617e+01,2.829768e+01,2.807665e+01,2.803760e+01,2.778994e+01,2.776383e+01,2.772467e+01,2.772467e+01,2.756786e+01,2.747628e+01,2.733876e+01,2.741082e+01,2.739772e+01,2.714201e+01,2.718795e+01,2.717483e+01,2.720107e+01,2.714201e+01,2.716170e+01,2.726011e+01,2.717483e+01,2.703035e+01,2.685277e+01,2.701064e+01,2.685936e+01,2.681327e+01,2.678693e+01,2.675399e+01,2.676717e+01,2.654295e+01,2.672104e+01,2.657595e+01,2.680669e+01,2.652314e+01,2.643727e+01,2.649673e+01,2.638439e+01,2.637117e+01,2.638439e+01,2.645049e+01,2.627194e+01,2.638439e+01,2.639100e+01,2.628517e+01,2.625208e+01,2.598032e+01,2.598032e+01,2.605330e+01,2.572117e+01,2.568124e+01,2.560800e+01,2.528115e+01,2.516751e+01,2.504035e+01,2.460419e+01,2.422694e+01,2.422019e+01,2.391604e+01,2.387542e+01,2.403105e+01,2.394311e+01,2.406485e+01,2.404457e+01,2.422019e+01,2.420670e+01,2.430790e+01,2.430790e+01,2.420670e+01,2.420670e+01,2.417969e+01,2.432138e+01,2.432138e+01,2.458401e+01,2.437531e+01,2.443594e+01,2.463780e+01,2.479230e+01,2.477216e+01,2.492645e+01,2.495326e+01,2.498677e+01,2.514075e+01,2.497337e+01,2.503366e+01,2.485940e+01,2.465796e+01,2.457728e+01,2.433487e+01,2.414593e+01,2.384833e+01,2.385510e+01,2.384833e+01,2.385510e+01,2.385510e+01,2.413917e+01,2.390927e+01,2.397018e+01,2.413242e+01,2.414593e+01,2.434161e+01,2.433487e+01,2.428766e+01,2.421344e+01,2.423369e+01,2.415943e+01,2.405133e+01,2.407161e+01,2.405133e+01,2.413917e+01,2.410540e+01,2.403781e+01,2.396341e+01,2.403781e+01,2.409864e+01,2.422019e+01,2.416619e+01,2.423369e+01,2.422019e+01,2.414593e+01,2.411891e+01,2.417294e+01,2.401076e+01,2.401076e+01,2.375346e+01,2.394311e+01,2.394311e+01,2.393634e+01,2.399047e+01,2.401752e+01,2.443594e+01,2.438205e+01,2.456383e+01,2.455710e+01,2.469156e+01,2.495997e+01,2.491975e+01,2.508052e+01,2.490634e+01,2.490634e+01,2.471172e+01,2.474530e+01,2.448308e+01,2.408512e+01,2.406485e+01,2.395664e+01,2.397018e+01,2.393634e+01,2.404457e+01,2.379413e+01,2.397018e+01,2.380768e+01,2.352949e+01,2.371956e+01,2.367207e+01,2.360420e+01,2.368564e+01,2.384155e+01,2.390250e+01,2.387542e+01,2.387542e+01,2.388219e+01,2.342753e+01,2.312104e+01,2.303915e+01,2.290937e+01,2.305963e+01,2.335269e+01,2.365850e+01,2.391604e+01,2.375346e+01,2.373990e+01,2.356346e+01,2.353629e+01,2.335269e+01,2.316877e+01,2.320967e+01,2.316877e+01,2.320967e+01,2.347513e+01,2.358383e+01,2.384155e+01,2.391604e+01,2.396341e+01,2.397694e+01,2.425393e+01,2.443594e+01,2.448981e+01,2.453019e+01,2.475873e+01,2.475873e+01,2.481243e+01,2.476544e+01,2.476544e+01,2.447635e+01,2.446288e+01,2.448308e+01,2.446288e+01,2.418644e+01,2.405809e+01,2.409188e+01,2.409188e+01,2.419319e+01,2.415943e+01,2.411215e+01,2.406485e+01,2.402428e+01,2.402428e+01,2.379413e+01,2.377380e+01,2.377380e+01,2.358383e+01,2.350231e+01,2.327099e+01,2.348192e+01,2.316877e+01
2.631826e+01,2.631826e+01,2.627194e+01,2.624546e+01,2.629179e+01,2.629841e+01,2.630502e+01,2.618586e+01,2.618586e+01,2.645049e+01,2.598696e+01,2.619248e+01,2.615936e+01,2.613286e+01,2.605330e+01,2.582756e+01,2.607319e+01,2.602013e+01,2.605993e+01,2.605993e+01,2.591393e+01,2.596041e+01,2.595377e+01,2.597368e+01,2.609309e+01,2.592721e+01,2.599359e+01,2.580097e+01,2.574113e+01,2.556137e+01,2.568790e+01,2.551472e+01,2.550139e+01,2.537464e+01,2.547471e+01,2.525442e+01,2.496667e+01,2.504705e+01,2.496667e+01,2.496667e+01,2.489293e+01,2.487952e+01,2.462436e+01,2.487952e+01,2.481243e+01,2.462436e+01,2.477216e+01,2.496667e+01,2.500687e+01,2.490634e+01,2.504705e+01,2.498007e+01,2.510730e+01,2.503366e+01,2.500687e+01,2.485940e+01,2.491975e+01,2.493986e+01,2.491975e+01,2.498007e+01,2.519426e+01,2.519426e+01,2.542135e+01,2.525442e+01,2.528782e+01,2.520094e+01,2.522100e+01,2.518088e+01,2.508722e+01,2.504705e+01,2.516082e+01,2.503366e+01,2.506713e+01,2.510060e+01,2.520094e+01,2.518757e+01,2.518088e+01,2.522100e+01,2.518088e+01,2.516082e+01,2.515413e+01,2.510730e+01,2.516082e+01,2.522768e+01,2.527446e+01,2.517419e+01,2.514075e+01,2.520763e+01,2.524105e+01,2.513406e+01,2.503366e+01,2.469156e+01,2.464452e+01,2.444268e+01,2.442247e+01,2.427417e+01,2.423369e+01,2.430115e+01,2.430790e+01,2.428092e+01,2.414593e+01,2.422694e+01,2.424719e+01,2.419994e+01,2.415943e+01,2.407837e+01,2.388896e+01,2.390927e+01,2.388219e+01,2.373990e+01,2.371277e+01,2.368564e+01,2.356346e+01,2.388219e+01,2.424044e+01,2.438205e+01,2.432812e+01,2.432812e+01,2.442921e+01,2.430790e+01,2.429441e+01,2.430115e+01,2.410540e+01,2.407837e+01,2.389573e+01,2.403105e+01,2.386865e+01,2.386187e+01,2.387542e+01,2.382801e+01,2.398371e+01,2.398371e+01,2.415268e+01,2.404457e+01,2.416619e+01,2.411891e+01,2.393634e+01,2.385510e+01,2.378735e+01,2.376024e+01,2.363814e+01,2.359741e+01,2.337991e+01,2.336630e+01,2.324374e+01,2.307328e+01,2.316877e+01,2.302550e+01,2.318241e+01,2.318241e+01,2.329142e+01,2.343433e+01,2.365172e+01,2.373312e+01,2.375346e+01,2.382801e+01,2.409864e+01,2.405133e+01,2.396341e+01,2.415943e+01,2.410540e+01,2.411891e+01,2.426743e+01,2.440226e+01,2.438205e+01,2.433487e+01,2.439552e+01,2.439552e+01,2.452346e+01,2.440900e+01,2.442247e+01,2.457728e+01,2.455710e+01,2.454365e+01,2.467813e+01,2.461091e+01,2.463780e+01,2.487281e+01,2.489964e+01,2.489964e+01,2.492645e+01,2.496667e+01,2.481243e+01,2.451673e+01,2.405133e+01,2.357025e+01,2.353629e+01,2.332547e+01,2.336630e+01,2.342073e+01,2.335950e+01,2.349552e+01,2.359741e+01,2.353629e+01,2.344113e+01,2.353629e+01,2.348872e+01,2.346153e+01,2.330504e+01,2.327099e+01,2.333908e+01,2.329142e+01,2.318923e+01,2.333908e+01,2.319604e+01,2.330504e+01,2.346153e+01,2.333908e+01,2.333228e+01,2.335269e+01,2.335269e+01,2.342753e+01,2.364493e+01,2.340713e+01,2.358383e+01,2.355667e+01,2.359062e+01,2.356346e+01,2.373990e+01,2.363136e+01,2.375346e+01,2.380091e+01,2.365172e+01,2.375346e+01,2.373312e+01,2.370599e+01,2.388896e+01,2.372634e+01,2.388219e+01,2.386187e+01,2.384833e+01,2.390927e+01,2.380768e+01,2.380768e+01,2.387542e+01,2.381446e+01,2.385510e+01,2.385510e+01,2.390250e+01,2.390927e+01,2.407161e+01,2.392958e+01,2.397694e+01,2.401076e+01,2.396341e+01,2.406485e+01,2.396341e+01,2.409188e+01,2.420670e+01,2.413242e+01,2.417294e+01,2.412566e+01,2.405133e+01,2.407161e+01,2.408512e+01,2.394988e+01,2.391604e+01,2.384833e+01,2.383478e+01,2.385510e+01,2.381446e+01,2.382123e+01,2.383478e+01,2.382123e+01,2.382801e+01,2.381446e+01,2.380091e+01,2.379413e+01,2.384155e+01,2.378735e+01,2.386865e+01,2.377380e+01,2.376024e+01,2.381446e+01,2.375346e+01,2.373990e+01,2.378735e+01,2.375346e+01,2.371956e+01,2.364493e+01,2.373990e+01,2.373990e+01,2.376702e+01,2.380768e+01,2.375346e+01,2.390927e+01,2.377380e+01,2.387542e+01,2.382801e+01,2.390250e+01,2.390250e+01,2.390927e+01,2.380768e+01,2.388219e+01,2.379413e+01,2.378057e+01,2.390927e+01,2.378735e+01,2.388219e+01,2.374668e+01,2.377380e+01,2.388219e+01,2.378057e+01,2.376702e+01,2.373312e+01,2.367886e+01,2.377380e+01,2.376024e+01,2.386187e+01,2.381446e+01,2.376024e+01,2.378057e+01,2.376024e+01,2.367207e+01,2.373312e+01,2.374668e+01,2.374668e+01,2.379413e+01,2.397694e+01,2.367886e+01,2.382123e+01,2.378735e+01,2.377380e+01,2.374668e+01,2.376702e+01,2.373312e+01,2.379413e+01,2.386865e+01,2.378735e+01,2.371956e+01,2.371956e+01,2.373312e+01,2.367886e+01,2.373990e+01,2.368564e+01,2.371956e+01,2.369921e+01,2.368564e+01,2.373990e+01,2.373990e+01,2.375346e+01,2.371277e+01,2.365850e+01,2.357704e+01,2.373990e+01,2.377380e+01,2.363136e+01,2.363136e+01,2.361778e+01,2.356346e+01,2.362457e+01,2.366529e+01,2.357025e+01,2.365850e+01,2.354987e+01,2.365850e+01,2.369242e+01,2.369921e+01,2.360420e+01,2.370599e+01,2.372634e+01,2.369242e+01,2.371277e+01,2.370599e+01,2.362457e+01,2.363814e+01,2.380768e+01,2.367207e+01,2.376702e+01,2.369242e+01,2.362457e+01,2.369921e+01,2.363136e+01,2.368564e+01,2.369242e+01,2.369242e+01,2.369242e+01,2.366529e+01,2.363814e+01,2.380768e+01,2.366529e+01,2.372634e+01,2.371956e+01,2.363136e+01,2.372634e+01,2.380768e+01,2.368564e+01,2.367886e+01,2.369921e+01,2.364493e+01,2.364493e+01,2.375346e+01,2.376702e+01,2.370599e+01,2.369242e+01,2.373312e+01,2.369921e+01,2.380091e+01,2.375346e+01,2.371277e+01,2.380091e+01,2.383478e+01,2.374668e+01,2.378735e+01,2.377380e+01,2.382123e+01,2.391604e+01,2.516751e+01,2.662214e+01,2.728633e+01,2.752862e+01,2.769855e+01,2.810919e+01,2.817422e+01,2.821323e+01,2.831717e+01,2.824572e+01,2.831067e+01,2.831717e+01,2.832366e+01,2.832366e+01,2.833664e+01,2.822622e+01,2.827820e+01,2.835612e+01,2.814821e+01,2.805713e+01,2.816772e+01,2.783560e+01,2.784865e+01,2.782256e+01,2.775731e+01,2.768549e+01,2.756786e+01,2.746319e+01,2.743046e+01,2.727322e+01,2.730600e+01,2.729944e+01,2.736497e+01,2.714857e+01,2.720107e+01,2.722075e+01,2.720107e+01,2.699749e+01,2.718795e+01,2.706977e+01,2.706320e+01,2.706320e+01,2.708948e+01,2.687910e+01,2.686594e+01,2.694489e+01,2.674081e+01,2.683961e+01,2.674740e+01,2.665512e+01,2.662874e+01,2.666171e+01,2.667490e+01,2.661554e+01,2.645709e+01,2.643727e+01,2.647031e+01,2.645709e+01,2.626532e+01,2.638439e+01,2.642405e+01,2.632487e+01,2.639100e+01,2.607319e+01,2.607319e+01,2.601350e+01,2.588072e+01,2.581427e+01,2.552139e+01,2.546138e+01,2.536796e+01,2.510730e+01,2.475873e+01,2.452346e+01,2.401752e+01,2.384833e+01,2.395664e+01,2.401076e+01,2.391604e+01,2.388219e+01,2.405133e+01,2.422019e+01,2.426743e+01,2.419319e+01,2.430115e+01,2.417969e+01,2.426743e+01,2.409864e+01,2.421344e+01,2.428092e+01,2.422694e+01,2.431464e+01,2.456383e+01,2.465796e+01,2.453019e+01,2.474530e+01,2.473187e+01,2.497337e+01,2.494656e+01,2.497337e+01,2.475873e+01,2.471172e+01,2.436183e+01,2.411891e+01,2.389573e+01,2.386187e+01,2.333228e+01,2.303915e+01,2.303232e+01,2.277257e+01,2.276573e+01,2.304598e+01,2.317559e+01,2.309375e+01,2.327099e+01,2.340032e+01,2.367886e+01,2.407837e+01,2.407837e+01,2.415268e+01,2.436183e+01,2.422019e+01,2.401752e+01,2.411215e+01,2.405809e+01,2.400400e+01,2.392281e+01,2.398371e+01,2.392281e+01,2.390927e+01,2.378057e+01,2.397018e+01,2.394988e+01,2.386865e+01,2.396341e+01,2.406485e+01,2.382801e+01,2.390250e+01,2.398371e+01,2.386187e+01,2.379413e+01,2.385510e+01,2.376702e+01,2.375346e+01,2.381446e+01,2.388219e+01,2.399047e+01,2.425393e+01,2.433487e+01,2.440900e+01,2.457056e+01,2.462436e+01,2.471172e+01,2.464452e+01,2.459746e+01,2.455710e+01,2.453019e+01,2.438205e+01,2.411891e+01,2.388219e+01,2.371277e+01,2.356346e+01,2.330504e+01,2.335950e+01,2.327099e+01,2.339352e+01,2.356346e+01,2.378735e+01,2.356346e+01,2.350911e+01,2.350231e+01,2.342753e+01,2.357704e+01,2.366529e+01,2.365850e+01,2.371956e+01,2.363814e+01,2.347513e+01,2.342753e+01,2.339352e+01,2.278626e+01,2.290253e+01,2.308010e+01,2.337311e+01,2.366529e+01,2.367886e+01,2.391604e+01,2.388896e+01,2.381446e+01,2.369242e+01,2.351590e+01,2.348192e+01,2.337991e+01,2.310057e+01,2.307328e+01,2.314832e+01,2.346833e+01,2.354308e+01,2.357704e+01,2.360420e+01,2.367886e+01,2.367207e+01,2.399047e+01,2.399047e+01,2.409864e+01,2.449654e+01,2.471172e+01,2.451000e+01,2.451000e+01,2.461091e+01,2.449654e+01,2.448981e+01,2.448308e+01,2.437531e+01,2.411891e+01,2.402428e+01,2.401076e+01,2.390250e+01,2.386865e+01,2.409188e+01,2.388896e+01,2.399723e+01,2.404457e+01,2.400400e+01,2.407837e+01,2.395664e+01,2.370599e+01,2.360420e+01,2.354308e+01,2.337991e+01,2.320967e+01,2.317559e+01,2.317559e+01
2.611960e+01,2.620573e+01,2.626532e+01,2.619911e+01,2.617924e+01,2.631826e+01,2.619248e+01,2.635794e+01,2.623884e+01,2.616599e+01,2.626532e+01,2.620573e+01,2.617261e+01,2.622560e+01,2.609971e+01,2.615936e+01,2.619248e+01,2.605993e+01,2.614611e+01,2.615936e+01,2.611960e+01,2.595377e+01,2.607982e+01,2.601350e+01,2.603340e+01,2.607982e+01,2.592721e+01,2.575443e+01,2.578768e+01,2.579433e+01,2.581427e+01,2.576773e+01,2.574113e+01,2.562798e+01,2.566127e+01,2.527446e+01,2.533458e+01,2.540133e+01,2.509391e+01,2.502026e+01,2.484598e+01,2.477887e+01,2.493986e+01,2.492645e+01,2.484598e+01,2.469828e+01,2.465796e+01,2.470500e+01,2.484598e+01,2.476544e+01,2.491305e+01,2.467141e+01,2.488622e+01,2.492645e+01,2.480572e+01,2.475873e+01,2.484598e+01,2.462436e+01,2.483927e+01,2.495326e+01,2.493316e+01,2.502696e+01,2.510060e+01,2.505375e+01,2.512068e+01,2.526110e+01,2.514744e+01,2.510060e+01,2.494656e+01,2.503366e+01,2.498007e+01,2.485940e+01,2.500687e+01,2.500687e+01,2.516751e+01,2.520094e+01,2.513406e+01,2.514075e+01,2.520763e+01,2.518088e+01,2.513406e+01,2.518757e+01,2.516751e+01,2.518757e+01,2.530119e+01,2.521431e+01,2.528115e+01,2.512737e+01,2.516751e+01,2.519426e+01,2.502696e+01,2.487281e+01,2.456383e+01,2.434161e+01,2.428092e+01,2.426068e+01,2.438205e+01,2.434161e+01,2.429441e+01,2.424719e+01,2.427417e+01,2.423369e+01,2.420670e+01,2.414593e+01,2.415943e+01,2.409864e+01,2.407161e+01,2.394311e+01,2.390927e+01,2.374668e+01,2.371956e+01,2.371956e+01,2.370599e+01,2.399047e+01,2.412566e+01,2.428766e+01,2.432812e+01,2.442247e+01,2.444268e+01,2.442921e+01,2.434161e+01,2.426068e+01,2.422019e+01,2.407837e+01,2.401752e+01,2.380768e+01,2.386865e+01,2.388219e+01,2.392281e+01,2.390250e+01,2.394311e+01,2.396341e+01,2.411891e+01,2.415268e+01,2.413242e+01,2.417294e+01,2.411891e+01,2.410540e+01,2.403105e+01,2.397694e+01,2.382123e+01,2.355667e+01,2.358383e+01,2.330504e+01,2.326418e+01,2.318923e+01,2.316877e+01,2.312104e+01,2.316195e+01,2.316195e+01,2.323693e+01,2.338672e+01,2.363136e+01,2.370599e+01,2.386865e+01,2.389573e+01,2.399047e+01,2.418644e+01,2.399047e+01,2.414593e+01,2.419994e+01,2.422694e+01,2.439552e+01,2.440226e+01,2.437531e+01,2.430115e+01,2.450327e+01,2.438878e+01,2.440226e+01,2.458401e+01,2.438205e+01,2.444268e+01,2.446288e+01,2.447635e+01,2.446961e+01,2.451000e+01,2.463108e+01,2.456383e+01,2.458401e+01,2.459746e+01,2.451000e+01,2.449654e+01,2.448308e+01,2.411215e+01,2.357704e+01,2.315514e+01,2.323012e+01,2.319604e+01,2.321649e+01,2.326418e+01,2.355667e+01,2.357704e+01,2.357704e+01,2.359062e+01,2.358383e+01,2.334589e+01,2.327099e+01,2.337311e+01,2.324374e+01,2.330504e+01,2.327780e+01,2.318241e+01,2.323012e+01,2.337311e+01,2.318241e+01,2.331866e+01,2.340713e+01,2.342073e+01,2.314150e+01,2.337991e+01,2.337311e+01,2.338672e+01,2.338672e+01,2.336630e+01,2.339352e+01,2.359741e+01,2.357704e+01,2.362457e+01,2.361099e+01,2.378057e+01,2.376024e+01,2.377380e+01,2.365850e+01,2.382123e+01,2.372634e+01,2.382123e+01,2.381446e+01,2.381446e+01,2.378735e+01,2.376024e+01,2.398371e+01,2.382801e+01,2.382123e+01,2.392958e+01,2.386187e+01,2.384833e+01,2.386187e+01,2.384155e+01,2.384833e+01,2.386865e+01,2.391604e+01,2.387542e+01,2.405809e+01,2.394311e+01,2.403105e+01,2.394988e+01,2.408512e+01,2.402428e+01,2.409864e+01,2.408512e+01,2.415268e+01,2.409864e+01,2.419319e+01,2.408512e+01,2.398371e+01,2.394988e+01,2.385510e+01,2.390927e+01,2.378057e+01,2.380091e+01,2.380768e+01,2.379413e+01,2.373312e+01,2.380091e+01,2.382123e+01,2.378057e+01,2.378735e+01,2.376024e+01,2.386865e+01,2.378057e+01,2.387542e+01,2.386865e+01,2.372634e+01,2.374668e+01,2.378735e+01,2.375346e+01,2.373990e+01,2.371956e+01,2.373990e+01,2.387542e+01,2.376702e+01,2.376024e+01,2.371277e+01,2.374668e+01,2.384833e+01,2.381446e+01,2.379413e+01,2.392958e+01,2.378057e+01,2.377380e+01,2.378057e+01,2.380091e+01,2.379413e+01,2.386187e+01,2.377380e+01,2.372634e+01,2.379413e+01,2.372634e+01,2.383478e+01,2.384155e+01,2.388219e+01,2.380768e+01,2.371956e+01,2.385510e+01,2.378057e+01,2.373312e+01,2.375346e+01,2.379413e+01,2.386865e+01,2.385510e+01,2.374668e+01,2.376024e+01,2.376024e+01,2.371277e+01,2.373990e+01,2.368564e+01,2.369242e+01,2.376702e+01,2.365850e+01,2.376024e+01,2.370599e+01,2.378057e+01,2.375346e+01,2.369242e+01,2.365850e+01,2.376702e+01,2.370599e+01,2.378057e+01,2.373990e+01,2.371277e+01,2.355667e+01,2.376024e+01,2.367207e+01,2.366529e+01,2.371956e+01,2.376024e+01,2.371956e+01,2.376024e+01,2.360420e+01,2.376024e+01,2.368564e+01,2.373990e+01,2.360420e+01,2.371277e+01,2.374668e+01,2.363136e+01,2.359741e+01,2.365850e+01,2.361778e+01,2.354987e+01,2.361099e+01,2.363814e+01,2.361778e+01,2.356346e+01,2.368564e+01,2.366529e+01,2.357704e+01,2.367207e+01,2.354987e+01,2.354308e+01,2.368564e+01,2.362457e+01,2.367886e+01,2.361778e+01,2.363136e+01,2.365172e+01,2.364493e+01,2.365172e+01,2.363136e+01,2.368564e+01,2.369242e+01,2.363814e+01,2.364493e+01,2.367207e+01,2.363814e+01,2.365850e+01,2.367886e+01,2.363136e+01,2.363814e+01,2.369921e+01,2.365850e+01,2.371277e+01,2.366529e+01,2.364493e+01,2.366529e+01,2.362457e+01,2.377380e+01,2.363814e+01,2.378057e+01,2.374668e+01,2.380091e+01,2.375346e+01,2.366529e+01,2.367207e+01,2.373990e+01,2.376702e+01,2.374668e+01,2.369242e+01,2.381446e+01,2.382801e+01,2.370599e+01,2.376024e+01,2.374668e+01,2.382123e+01,2.381446e+01,2.382123e+01,2.414593e+01,2.510730e+01,2.660235e+01,2.721420e+01,2.747628e+01,2.765936e+01,2.784865e+01,2.807665e+01,2.823922e+01,2.823272e+01,2.829119e+01,2.832366e+01,2.834962e+01,2.833664e+01,2.833664e+01,2.836910e+01,2.821323e+01,2.829768e+01,2.820673e+01,2.813520e+01,2.818723e+01,2.807665e+01,2.805062e+01,2.782256e+01,2.781603e+01,2.773120e+01,2.758747e+01,2.771161e+01,2.748937e+01,2.728633e+01,2.745010e+01,2.731255e+01,2.739772e+01,2.724043e+01,2.740427e+01,2.714201e+01,2.728633e+01,2.723387e+01,2.728633e+01,2.722731e+01,2.727978e+01,2.689884e+01,2.708291e+01,2.710918e+01,2.709605e+01,2.699749e+01,2.693831e+01,2.676717e+01,2.689226e+01,2.690542e+01,2.669468e+01,2.685277e+01,2.688568e+01,2.676717e+01,2.681986e+01,2.674081e+01,2.645709e+01,2.663533e+01,2.646370e+01,2.651654e+01,2.644388e+01,2.643727e+01,2.642405e+01,2.633810e+01,2.627855e+01,2.605993e+01,2.605993e+01,2.597368e+01,2.584750e+01,2.558136e+01,2.557470e+01,2.543469e+01,2.532790e+01,2.475873e+01,2.447635e+01,2.408512e+01,2.388896e+01,2.386187e+01,2.392281e+01,2.388896e+01,2.384833e+01,2.404457e+01,2.400400e+01,2.407837e+01,2.414593e+01,2.424719e+01,2.410540e+01,2.411891e+01,2.417294e+01,2.417969e+01,2.415268e+01,2.429441e+01,2.422019e+01,2.432138e+01,2.454365e+01,2.457056e+01,2.473858e+01,2.479901e+01,2.475873e+01,2.473187e+01,2.430115e+01,2.419319e+01,2.383478e+01,2.380768e+01,2.343433e+01,2.331866e+01,2.331185e+01,2.284099e+01,2.230611e+01,2.204451e+01,2.204451e+01,2.223733e+01,2.246412e+01,2.257390e+01,2.245725e+01,2.254646e+01,2.258761e+01,2.280679e+01,2.318241e+01,2.355667e+01,2.380768e+01,2.390250e+01,2.409864e+01,2.389573e+01,2.419994e+01,2.403781e+01,2.399723e+01,2.401076e+01,2.390250e+01,2.378735e+01,2.393634e+01,2.374668e+01,2.394988e+01,2.390250e+01,2.388219e+01,2.375346e+01,2.386187e+01,2.364493e+01,2.373312e+01,2.369242e+01,2.358383e+01,2.359741e+01,2.372634e+01,2.375346e+01,2.367886e+01,2.384833e+01,2.380091e+01,2.397018e+01,2.398371e+01,2.406485e+01,2.415943e+01,2.439552e+01,2.457056e+01,2.446961e+01,2.446961e+01,2.432812e+01,2.394311e+01,2.371277e+01,2.344113e+01,2.316195e+01,2.299818e+01,2.281363e+01,2.278626e+01,2.253275e+01,2.276573e+01,2.282047e+01,2.323012e+01,2.361099e+01,2.375346e+01,2.376024e+01,2.360420e+01,2.357704e+01,2.343433e+01,2.344113e+01,2.346153e+01,2.340032e+01,2.363814e+01,2.335950e+01,2.336630e+01,2.319604e+01,2.299818e+01,2.284099e+01,2.281363e+01,2.312786e+01,2.342753e+01,2.378057e+01,2.394988e+01,2.412566e+01,2.408512e+01,2.379413e+01,2.372634e+01,2.351590e+01,2.335269e+01,2.316877e+01,2.305963e+01,2.295037e+01,2.286835e+01,2.314832e+01,2.312104e+01,2.320286e+01,2.342073e+01,2.325737e+01,2.354308e+01,2.344793e+01,2.369242e+01,2.394311e+01,2.403105e+01,2.434835e+01,2.438878e+01,2.434161e+01,2.447635e+01,2.436857e+01,2.427417e+01,2.427417e+01,2.408512e+01,2.386865e+01,2.367886e+01,2.368564e+01,2.388219e+01,2.362457e+01,2.359062e+01,2.377380e+01,2.388219e+01,2.399047e+01,2.397018e+01,2.409864e+01,2.371277e+01,2.375346e+01,2.357704e+01,2.369242e+01,2.348872e+01,2.326418e+01,2.318241e+01,2.315514e+01
2.609309e+01,2.614611e+01,2.631164e+01,2.616599e+01,2.619911e+01,2.621898e+01,2.620573e+01,2.626532e+01,2.626532e+01,2.617924e+01,2.609309e+01,2.611297e+01,2.613286e+01,2.621235e+01,2.607319e+01,2.616599e+01,2.611297e+01,2.612623e+01,2.621898e+01,2.605993e+01,2.606656e+01,2.608646e+01,2.611960e+01,2.599359e+01,2.617924e+01,2.612623e+01,2.606656e+01,2.604004e+01,2.586743e+01,2.605993e+01,2.582092e+01,2.576773e+01,2.586743e+01,2.572782e+01,2.569455e+01,2.565462e+01,2.553472e+01,2.531454e+01,2.525442e+01,2.513406e+01,2.504035e+01,2.501357e+01,2.503366e+01,2.487281e+01,2.479901e+01,2.480572e+01,2.469828e+01,2.461763e+01,2.461763e+01,2.466469e+01,2.465124e+01,2.466469e+01,2.449654e+01,2.452346e+01,2.448308e+01,2.457728e+01,2.442921e+01,2.450327e+01,2.459746e+01,2.473858e+01,2.480572e+01,2.479230e+01,2.502696e+01,2.487952e+01,2.508722e+01,2.504035e+01,2.505375e+01,2.505375e+01,2.483256e+01,2.484598e+01,2.481914e+01,2.492645e+01,2.483256e+01,2.514744e+01,2.507383e+01,2.505375e+01,2.522100e+01,2.512737e+01,2.505375e+01,2.520763e+01,2.515413e+01,2.513406e+01,2.527446e+01,2.513406e+01,2.519426e+01,2.520094e+01,2.523437e+01,2.523437e+01,2.514744e+01,2.518088e+01,2.504035e+01,2.507383e+01,2.479901e+01,2.452346e+01,2.426743e+01,2.429441e+01,2.437531e+01,2.434835e+01,2.432138e+01,2.430790e+01,2.426743e+01,2.417969e+01,2.426743e+01,2.428766e+01,2.420670e+01,2.408512e+01,2.401752e+01,2.409864e+01,2.392281e+01,2.392281e+01,2.373312e+01,2.371277e+01,2.368564e+01,2.385510e+01,2.388896e+01,2.406485e+01,2.433487e+01,2.439552e+01,2.444268e+01,2.431464e+01,2.419319e+01,2.420670e+01,2.405133e+01,2.403781e+01,2.384155e+01,2.397694e+01,2.377380e+01,2.374668e+01,2.390250e+01,2.383478e+01,2.386187e+01,2.394311e+01,2.412566e+01,2.408512e+01,2.431464e+01,2.422694e+01,2.422019e+01,2.425393e+01,2.426068e+01,2.413917e+01,2.399723e+01,2.386187e+01,2.359741e+01,2.357025e+01,2.329142e+01,2.318241e+01,2.308010e+01,2.315514e+01,2.312786e+01,2.318923e+01,2.326418e+01,2.341393e+01,2.337991e+01,2.388219e+01,2.388896e+01,2.397018e+01,2.394988e+01,2.415268e+01,2.404457e+01,2.419319e+01,2.419994e+01,2.419319e+01,2.438205e+01,2.428092e+01,2.426743e+01,2.432812e+01,2.440900e+01,2.434161e+01,2.438878e+01,2.417294e+01,2.440900e+01,2.442921e+01,2.440226e+01,2.444941e+01,2.451000e+01,2.427417e+01,2.424719e+01,2.424044e+01,2.393634e+01,2.380768e+01,2.380091e+01,2.371277e+01,2.361778e+01,2.318923e+01,2.320286e+01,2.320967e+01,2.308693e+01,2.311422e+01,2.320967e+01,2.334589e+01,2.335950e+01,2.348192e+01,2.368564e+01,2.354987e+01,2.350911e+01,2.344113e+01,2.319604e+01,2.337991e+01,2.323693e+01,2.320967e+01,2.316195e+01,2.316195e+01,2.316195e+01,2.312786e+01,2.314150e+01,2.332547e+01,2.331866e+01,2.315514e+01,2.316195e+01,2.333228e+01,2.333908e+01,2.340713e+01,2.350231e+01,2.356346e+01,2.350911e+01,2.363136e+01,2.365850e+01,2.361099e+01,2.360420e+01,2.367207e+01,2.366529e+01,2.380091e+01,2.371277e+01,2.379413e+01,2.376024e+01,2.396341e+01,2.376024e+01,2.383478e+01,2.377380e+01,2.374668e+01,2.387542e+01,2.376702e+01,2.388896e+01,2.381446e+01,2.381446e+01,2.375346e+01,2.381446e+01,2.387542e+01,2.385510e+01,2.391604e+01,2.390927e+01,2.380768e+01,2.382801e+01,2.385510e+01,2.397018e+01,2.388896e+01,2.409188e+01,2.407161e+01,2.405133e+01,2.397694e+01,2.411215e+01,2.412566e+01,2.415943e+01,2.396341e+01,2.422694e+01,2.403105e+01,2.386865e+01,2.396341e+01,2.389573e+01,2.376024e+01,2.392281e+01,2.376702e+01,2.380768e+01,2.381446e+01,2.380768e+01,2.381446e+01,2.376702e+01,2.381446e+01,2.370599e+01,2.384155e+01,2.374668e+01,2.373312e+01,2.371956e+01,2.376702e+01,2.378057e+01,2.386865e+01,2.382123e+01,2.387542e+01,2.371956e+01,2.376702e+01,2.371956e+01,2.376702e+01,2.373990e+01,2.369242e+01,2.383478e+01,2.386865e+01,2.384155e+01,2.380768e+01,2.381446e+01,2.382123e+01,2.378735e+01,2.380768e+01,2.384155e+01,2.371277e+01,2.379413e+01,2.373990e+01,2.371277e+01,2.385510e+01,2.380768e+01,2.397694e+01,2.377380e+01,2.377380e+01,2.378735e+01,2.381446e+01,2.369242e+01,2.382123e+01,2.381446e+01,2.369242e+01,2.384155e+01,2.376702e+01,2.380091e+01,2.367886e+01,2.367207e+01,2.369921e+01,2.376702e+01,2.364493e+01,2.370599e+01,2.364493e+01,2.365850e+01,2.379413e+01,2.353629e+01,2.375346e+01,2.380091e+01,2.375346e+01,2.367207e+01,2.364493e+01,2.366529e+01,2.371277e+01,2.377380e+01,2.361778e+01,2.375346e+01,2.361099e+01,2.376702e+01,2.365172e+01,2.368564e+01,2.371277e+01,2.370599e+01,2.367886e+01,2.369242e+01,2.371956e+01,2.363136e+01,2.372634e+01,2.366529e+01,2.367886e+01,2.370599e+01,2.363814e+01,2.366529e+01,2.364493e+01,2.365850e+01,2.359062e+01,2.354308e+01,2.359062e+01,2.365850e+01,2.352949e+01,2.360420e+01,2.356346e+01,2.355667e+01,2.364493e+01,2.362457e+01,2.350231e+01,2.364493e+01,2.365172e+01,2.365172e+01,2.352270e+01,2.360420e+01,2.361778e+01,2.361099e+01,2.365172e+01,2.361099e+01,2.363136e+01,2.366529e+01,2.362457e+01,2.364493e+01,2.363814e+01,2.363814e+01,2.359741e+01,2.362457e+01,2.363814e+01,2.368564e+01,2.368564e+01,2.369921e+01,2.365850e+01,2.367207e+01,2.371277e+01,2.369242e+01,2.364493e+01,2.378057e+01,2.361778e+01,2.369921e+01,2.369921e+01,2.363136e+01,2.367207e+01,2.372634e+01,2.378735e+01,2.369242e+01,2.368564e+01,2.365850e+01,2.378735e+01,2.373312e+01,2.382123e+01,2.373990e+01,2.381446e+01,2.382801e+01,2.381446e+01,2.373312e+01,2.382123e+01,2.405133e+01,2.488622e+01,2.652975e+01,2.720107e+01,2.745010e+01,2.774425e+01,2.786821e+01,2.811569e+01,2.814171e+01,2.825871e+01,2.818723e+01,2.840803e+01,2.829768e+01,2.816122e+01,2.833015e+01,2.833015e+01,2.826521e+01,2.827820e+01,2.822622e+01,2.822622e+01,2.817422e+01,2.818072e+01,2.812870e+01,2.788125e+01,2.787473e+01,2.766589e+01,2.771161e+01,2.769855e+01,2.750245e+01,2.746974e+01,2.746974e+01,2.729944e+01,2.745665e+01,2.726666e+01,2.735187e+01,2.727322e+01,2.735187e+01,2.731255e+01,2.716170e+01,2.730600e+01,2.730600e+01,2.709605e+01,2.714201e+01,2.708948e+01,2.699749e+01,2.699092e+01,2.695804e+01,2.695147e+01,2.695804e+01,2.716826e+01,2.697777e+01,2.689884e+01,2.678693e+01,2.681327e+01,2.683302e+01,2.683302e+01,2.667490e+01,2.680669e+01,2.650333e+01,2.669468e+01,2.674081e+01,2.657595e+01,2.660235e+01,2.638439e+01,2.641084e+01,2.611297e+01,2.606656e+01,2.591393e+01,2.596704e+01,2.583421e+01,2.554804e+01,2.536796e+01,2.506713e+01,2.473858e+01,2.449654e+01,2.428092e+01,2.399723e+01,2.397694e+01,2.395664e+01,2.386865e+01,2.411215e+01,2.404457e+01,2.406485e+01,2.390927e+01,2.406485e+01,2.390927e+01,2.384833e+01,2.393634e+01,2.399723e+01,2.387542e+01,2.411215e+01,2.415943e+01,2.416619e+01,2.436183e+01,2.453019e+01,2.451673e+01,2.453692e+01,2.464452e+01,2.451000e+01,2.417294e+01,2.410540e+01,2.378735e+01,2.341393e+01,2.323693e+01,2.313468e+01,2.288202e+01,2.282731e+01,2.262189e+01,2.204451e+01,2.164393e+01,2.149157e+01,2.182369e+01,2.198935e+01,2.223733e+01,2.194796e+01,2.194106e+01,2.220292e+01,2.226485e+01,2.245725e+01,2.280679e+01,2.313468e+01,2.331866e+01,2.389573e+01,2.387542e+01,2.392958e+01,2.397018e+01,2.387542e+01,2.384833e+01,2.397018e+01,2.390250e+01,2.379413e+01,2.388896e+01,2.381446e+01,2.367886e+01,2.363814e+01,2.368564e+01,2.363136e+01,2.364493e+01,2.368564e+01,2.352270e+01,2.353629e+01,2.351590e+01,2.354308e+01,2.337991e+01,2.336630e+01,2.360420e+01,2.382123e+01,2.366529e+01,2.363814e+01,2.392281e+01,2.391604e+01,2.391604e+01,2.420670e+01,2.428092e+01,2.396341e+01,2.378735e+01,2.335269e+01,2.284099e+01,2.235422e+01,2.229923e+01,2.192726e+01,2.193416e+01,2.207897e+01,2.205140e+01,2.236797e+01,2.277942e+01,2.327099e+01,2.337991e+01,2.381446e+01,2.376024e+01,2.367207e+01,2.347513e+01,2.344793e+01,2.340032e+01,2.327099e+01,2.334589e+01,2.323693e+01,2.339352e+01,2.336630e+01,2.312104e+01,2.295037e+01,2.298452e+01,2.295720e+01,2.318923e+01,2.367886e+01,2.405133e+01,2.400400e+01,2.407161e+01,2.388219e+01,2.390927e+01,2.357025e+01,2.347513e+01,2.325737e+01,2.289569e+01,2.288886e+01,2.258761e+01,2.284783e+01,2.303232e+01,2.310057e+01,2.308693e+01,2.295037e+01,2.308693e+01,2.310057e+01,2.306645e+01,2.328461e+01,2.339352e+01,2.392958e+01,2.397694e+01,2.402428e+01,2.434835e+01,2.411215e+01,2.409864e+01,2.408512e+01,2.410540e+01,2.388219e+01,2.380768e+01,2.373312e+01,2.359741e+01,2.362457e+01,2.362457e+01,2.357704e+01,2.384155e+01,2.361099e+01,2.372634e+01,2.390250e+01,2.390250e+01,2.370599e+01,2.367886e+01,2.352270e+01,2.356346e+01,2.331866e+01,2.323693e+01,2.317559e+01,2.311422e+01
2.628517e+01,2.613286e+01,2.614611e+01,2.619911e+01,2.621235e+01,2.629841e+01,2.613948e+01,2.617924e+01,2.617924e+01,2.624546e+01,2.627194e+01,2.633810e+01,2.598696e+01,2.611960e+01,2.619911e+01,2.611960e+01,2.621235e+01,2.618586e+01,2.617261e+01,2.606656e+01,2.609309e+01,2.616599e+01,2.629179e+01,2.600686e+01,2.614611e+01,2.605993e+01,2.600686e+01,2.588736e+01,2.606656e+01,2.605330e+01,2.605993e+01,2.602677e+01,2.582756e+01,2.569455e+01,2.583421e+01,2.580097e+01,2.564796e+01,2.560134e+01,2.566127e+01,2.550805e+01,2.541468e+01,2.520763e+01,2.513406e+01,2.491975e+01,2.499347e+01,2.477887e+01,2.463780e+01,2.466469e+01,2.456383e+01,2.463780e+01,2.469828e+01,2.464452e+01,2.440226e+01,2.440900e+01,2.444941e+01,2.447635e+01,2.437531e+01,2.436857e+01,2.440900e+01,2.448981e+01,2.464452e+01,2.463108e+01,2.463780e+01,2.468484e+01,2.472515e+01,2.474530e+01,2.503366e+01,2.483927e+01,2.482585e+01,2.495326e+01,2.479901e+01,2.481914e+01,2.482585e+01,2.493986e+01,2.494656e+01,2.500687e+01,2.507383e+01,2.506044e+01,2.506713e+01,2.508052e+01,2.519426e+01,2.510060e+01,2.513406e+01,2.522768e+01,2.525442e+01,2.524773e+01,2.508052e+01,2.520094e+01,2.508722e+01,2.505375e+01,2.508052e+01,2.504705e+01,2.481914e+01,2.453692e+01,2.452346e+01,2.441573e+01,2.436857e+01,2.451673e+01,2.444268e+01,2.442247e+01,2.436857e+01,2.432812e+01,2.431464e+01,2.428766e+01,2.432138e+01,2.407161e+01,2.430790e+01,2.393634e+01,2.413242e+01,2.419319e+01,2.386187e+01,2.386187e+01,2.379413e+01,2.383478e+01,2.379413e+01,2.391604e+01,2.418644e+01,2.426743e+01,2.436857e+01,2.434161e+01,2.440226e+01,2.427417e+01,2.406485e+01,2.407161e+01,2.401076e+01,2.375346e+01,2.390250e+01,2.378057e+01,2.372634e+01,2.379413e+01,2.379413e+01,2.395664e+01,2.384833e+01,2.410540e+01,2.399723e+01,2.404457e+01,2.411891e+01,2.414593e+01,2.410540e+01,2.411891e+01,2.397694e+01,2.413242e+01,2.365172e+01,2.382123e+01,2.353629e+01,2.329142e+01,2.325056e+01,2.323012e+01,2.314150e+01,2.323012e+01,2.340713e+01,2.356346e+01,2.357025e+01,2.380091e+01,2.386865e+01,2.406485e+01,2.415943e+01,2.417294e+01,2.422694e+01,2.419319e+01,2.438205e+01,2.426743e+01,2.436183e+01,2.434161e+01,2.446961e+01,2.444941e+01,2.441573e+01,2.446288e+01,2.451673e+01,2.439552e+01,2.441573e+01,2.465124e+01,2.428766e+01,2.435509e+01,2.443594e+01,2.424044e+01,2.413242e+01,2.371277e+01,2.326418e+01,2.308010e+01,2.310057e+01,2.311422e+01,2.310739e+01,2.307328e+01,2.299818e+01,2.305963e+01,2.305280e+01,2.314150e+01,2.320967e+01,2.320967e+01,2.343433e+01,2.356346e+01,2.344793e+01,2.347513e+01,2.342753e+01,2.350231e+01,2.325056e+01,2.324374e+01,2.329823e+01,2.318241e+01,2.329142e+01,2.331185e+01,2.323693e+01,2.332547e+01,2.318241e+01,2.318241e+01,2.312786e+01,2.331185e+01,2.333228e+01,2.334589e+01,2.329823e+01,2.344113e+01,2.338672e+01,2.350911e+01,2.355667e+01,2.355667e+01,2.357025e+01,2.368564e+01,2.376024e+01,2.371956e+01,2.373990e+01,2.388896e+01,2.382801e+01,2.382123e+01,2.383478e+01,2.383478e+01,2.385510e+01,2.384155e+01,2.383478e+01,2.383478e+01,2.382801e+01,2.386865e+01,2.386187e+01,2.383478e+01,2.384155e+01,2.373312e+01,2.384155e+01,2.385510e+01,2.386865e+01,2.382123e+01,2.388896e+01,2.380768e+01,2.389573e+01,2.390250e+01,2.395664e+01,2.392958e+01,2.395664e+01,2.396341e+01,2.411891e+01,2.397694e+01,2.409864e+01,2.417294e+01,2.411891e+01,2.422019e+01,2.411215e+01,2.415268e+01,2.410540e+01,2.392958e+01,2.384833e+01,2.384155e+01,2.381446e+01,2.380091e+01,2.380768e+01,2.379413e+01,2.378735e+01,2.383478e+01,2.385510e+01,2.386187e+01,2.384155e+01,2.376024e+01,2.380768e+01,2.384833e+01,2.372634e+01,2.374668e+01,2.377380e+01,2.382801e+01,2.378735e+01,2.380768e+01,2.378735e+01,2.374668e+01,2.377380e+01,2.374668e+01,2.376702e+01,2.377380e+01,2.376702e+01,2.371956e+01,2.388896e+01,2.382123e+01,2.385510e+01,2.386187e+01,2.380091e+01,2.380768e+01,2.379413e+01,2.377380e+01,2.388896e+01,2.388219e+01,2.385510e+01,2.376702e+01,2.381446e+01,2.386865e+01,2.375346e+01,2.380768e+01,2.380768e+01,2.370599e+01,2.379413e+01,2.375346e+01,2.377380e+01,2.382123e+01,2.371956e+01,2.380091e+01,2.372634e+01,2.367207e+01,2.373312e+01,2.367886e+01,2.372634e+01,2.371277e+01,2.378735e+01,2.358383e+01,2.363814e+01,2.364493e+01,2.374668e+01,2.375346e+01,2.368564e+01,2.365850e+01,2.364493e+01,2.363814e+01,2.373312e+01,2.375346e+01,2.369242e+01,2.359062e+01,2.364493e+01,2.368564e+01,2.368564e+01,2.373312e+01,2.369242e+01,2.364493e+01,2.370599e+01,2.377380e+01,2.367207e+01,2.369921e+01,2.369242e+01,2.376024e+01,2.371277e+01,2.364493e+01,2.382801e+01,2.362457e+01,2.383478e+01,2.365172e+01,2.367207e+01,2.363814e+01,2.367207e+01,2.358383e+01,2.363136e+01,2.361778e+01,2.367886e+01,2.354308e+01,2.352949e+01,2.352949e+01,2.352270e+01,2.354308e+01,2.372634e+01,2.358383e+01,2.355667e+01,2.366529e+01,2.359062e+01,2.354987e+01,2.361778e+01,2.362457e+01,2.363814e+01,2.364493e+01,2.364493e+01,2.373312e+01,2.370599e+01,2.362457e+01,2.361099e+01,2.361099e+01,2.365172e+01,2.360420e+01,2.367207e+01,2.373312e+01,2.366529e+01,2.367886e+01,2.363136e+01,2.365172e+01,2.365172e+01,2.363136e+01,2.369921e+01,2.372634e+01,2.373312e+01,2.373990e+01,2.363814e+01,2.367207e+01,2.373990e+01,2.375346e+01,2.373312e+01,2.370599e+01,2.365850e+01,2.373312e+01,2.371956e+01,2.375346e+01,2.378735e+01,2.371277e+01,2.377380e+01,2.379413e+01,2.372634e+01,2.380091e+01,2.390250e+01,2.485269e+01,2.635794e+01,2.703035e+01,2.749591e+01,2.778341e+01,2.788125e+01,2.787473e+01,2.814821e+01,2.822622e+01,2.828469e+01,2.850530e+01,2.838208e+01,2.836910e+01,2.839505e+01,2.841452e+01,2.839505e+01,2.834313e+01,2.832366e+01,2.827170e+01,2.819373e+01,2.816122e+01,2.819373e+01,2.804411e+01,2.774425e+01,2.775731e+01,2.768549e+01,2.762015e+01,2.767242e+01,2.762015e+01,2.745010e+01,2.743046e+01,2.745665e+01,2.743701e+01,2.731255e+01,2.727978e+01,2.716826e+01,2.730600e+01,2.741082e+01,2.731911e+01,2.743701e+01,2.730600e+01,2.727978e+01,2.724043e+01,2.714201e+01,2.699749e+01,2.710261e+01,2.695147e+01,2.716826e+01,2.718795e+01,2.697119e+01,2.705006e+01,2.687252e+01,2.695804e+01,2.691200e+01,2.684619e+01,2.679352e+01,2.674740e+01,2.673422e+01,2.667490e+01,2.669468e+01,2.663533e+01,2.657595e+01,2.657595e+01,2.650333e+01,2.617261e+01,2.613286e+01,2.601350e+01,2.600023e+01,2.587408e+01,2.557470e+01,2.541468e+01,2.510730e+01,2.475873e+01,2.449654e+01,2.428092e+01,2.405809e+01,2.399723e+01,2.409864e+01,2.399723e+01,2.397018e+01,2.407161e+01,2.410540e+01,2.409188e+01,2.413242e+01,2.385510e+01,2.404457e+01,2.393634e+01,2.402428e+01,2.399047e+01,2.396341e+01,2.417969e+01,2.445614e+01,2.448981e+01,2.452346e+01,2.449654e+01,2.442921e+01,2.415268e+01,2.381446e+01,2.375346e+01,2.361778e+01,2.336630e+01,2.311422e+01,2.292987e+01,2.282731e+01,2.283415e+01,2.285467e+01,2.258076e+01,2.222357e+01,2.182369e+01,2.149157e+01,2.148464e+01,2.183060e+01,2.209275e+01,2.194796e+01,2.190655e+01,2.184441e+01,2.211341e+01,2.208586e+01,2.227860e+01,2.242292e+01,2.289569e+01,2.327099e+01,2.366529e+01,2.388219e+01,2.388896e+01,2.384833e+01,2.390250e+01,2.374668e+01,2.395664e+01,2.376024e+01,2.376024e+01,2.376702e+01,2.367207e+01,2.365850e+01,2.361099e+01,2.363814e+01,2.342073e+01,2.344793e+01,2.356346e+01,2.355667e+01,2.328461e+01,2.355667e+01,2.338672e+01,2.352949e+01,2.347513e+01,2.333908e+01,2.336630e+01,2.331185e+01,2.365172e+01,2.364493e+01,2.363814e+01,2.388896e+01,2.384833e+01,2.342753e+01,2.325056e+01,2.272465e+01,2.234048e+01,2.200314e+01,2.169236e+01,2.152622e+01,2.135287e+01,2.152622e+01,2.180988e+01,2.218228e+01,2.297086e+01,2.369921e+01,2.384155e+01,2.377380e+01,2.395664e+01,2.378735e+01,2.378057e+01,2.342753e+01,2.337991e+01,2.335950e+01,2.319604e+01,2.305280e+01,2.278626e+01,2.299135e+01,2.292303e+01,2.278626e+01,2.271780e+01,2.294353e+01,2.336630e+01,2.370599e+01,2.405809e+01,2.410540e+01,2.404457e+01,2.389573e+01,2.382123e+01,2.355667e+01,2.311422e+01,2.290253e+01,2.271780e+01,2.256704e+01,2.251902e+01,2.264245e+01,2.281363e+01,2.278626e+01,2.301184e+01,2.278626e+01,2.280679e+01,2.262874e+01,2.290253e+01,2.300501e+01,2.309375e+01,2.344113e+01,2.367207e+01,2.403781e+01,2.402428e+01,2.406485e+01,2.388219e+01,2.403781e+01,2.384155e+01,2.370599e+01,2.363136e+01,2.350231e+01,2.353629e+01,2.352270e+01,2.358383e+01,2.347513e+01,2.356346e+01,2.356346e+01,2.389573e+01,2.375346e+01,2.370599e+01,2.372634e+01,2.366529e+01,2.352949e+01,2.361778e+01,2.325737e+01,2.318241e+01,2.304598e+01,2.312786e+01
2.621235e+01,2.611297e+01,2.609309e+01,2.609971e+01,2.617924e+01,2.605993e+01,2.618586e+01,2.623884e+01,2.626532e+01,2.622560e+01,2.617924e+01,2.613286e+01,2.611297e+01,2.617924e+01,2.617924e+01,2.624546e+01,2.621235e+01,2.615274e+01,2.619911e+01,2.617924e+01,2.616599e+01,2.618586e+01,2.625208e+01,2.612623e+01,2.621235e+01,2.614611e+01,2.608646e+01,2.618586e+01,2.603340e+01,2.605993e+01,2.600023e+01,2.600686e+01,2.583421e+01,2.598696e+01,2.596704e+01,2.594713e+01,2.578103e+01,2.582092e+01,2.561466e+01,2.544137e+01,2.546805e+01,2.521431e+01,2.535461e+01,2.513406e+01,2.489293e+01,2.483927e+01,2.491975e+01,2.487281e+01,2.465124e+01,2.465796e+01,2.465124e+01,2.457056e+01,2.444941e+01,2.448981e+01,2.444268e+01,2.432812e+01,2.428766e+01,2.438205e+01,2.436857e+01,2.434161e+01,2.462436e+01,2.451000e+01,2.454365e+01,2.465796e+01,2.465124e+01,2.470500e+01,2.458401e+01,2.458401e+01,2.485269e+01,2.482585e+01,2.477216e+01,2.450327e+01,2.481243e+01,2.485940e+01,2.501357e+01,2.485269e+01,2.489293e+01,2.484598e+01,2.498007e+01,2.506713e+01,2.510060e+01,2.506713e+01,2.508052e+01,2.515413e+01,2.525442e+01,2.524773e+01,2.524105e+01,2.524105e+01,2.518088e+01,2.507383e+01,2.506044e+01,2.507383e+01,2.492645e+01,2.480572e+01,2.459746e+01,2.471844e+01,2.438878e+01,2.468484e+01,2.461091e+01,2.461763e+01,2.448981e+01,2.445614e+01,2.427417e+01,2.436857e+01,2.432812e+01,2.438878e+01,2.435509e+01,2.420670e+01,2.406485e+01,2.419319e+01,2.404457e+01,2.390250e+01,2.380091e+01,2.386187e+01,2.358383e+01,2.379413e+01,2.400400e+01,2.436183e+01,2.436857e+01,2.433487e+01,2.436857e+01,2.435509e+01,2.411891e+01,2.415943e+01,2.397018e+01,2.391604e+01,2.377380e+01,2.367207e+01,2.373312e+01,2.376702e+01,2.388219e+01,2.377380e+01,2.381446e+01,2.390927e+01,2.405133e+01,2.397018e+01,2.407161e+01,2.407837e+01,2.411891e+01,2.413242e+01,2.393634e+01,2.405133e+01,2.404457e+01,2.404457e+01,2.361099e+01,2.359062e+01,2.318923e+01,2.317559e+01,2.314832e+01,2.320967e+01,2.338672e+01,2.350911e+01,2.354987e+01,2.388219e+01,2.389573e+01,2.395664e+01,2.406485e+01,2.422694e+01,2.422019e+01,2.426068e+01,2.428766e+01,2.432812e+01,2.433487e+01,2.440226e+01,2.440226e+01,2.438205e+01,2.472515e+01,2.446288e+01,2.469156e+01,2.440226e+01,2.469828e+01,2.440226e+01,2.434835e+01,2.438205e+01,2.417969e+01,2.422019e+01,2.401076e+01,2.344793e+01,2.303232e+01,2.296403e+01,2.310057e+01,2.310057e+01,2.297086e+01,2.296403e+01,2.311422e+01,2.305963e+01,2.309375e+01,2.312104e+01,2.317559e+01,2.329823e+01,2.350231e+01,2.350231e+01,2.346833e+01,2.346833e+01,2.345473e+01,2.333228e+01,2.323693e+01,2.330504e+01,2.327099e+01,2.327099e+01,2.310057e+01,2.323012e+01,2.320286e+01,2.324374e+01,2.327099e+01,2.323012e+01,2.315514e+01,2.333908e+01,2.333908e+01,2.336630e+01,2.339352e+01,2.339352e+01,2.346153e+01,2.340032e+01,2.354987e+01,2.352270e+01,2.365850e+01,2.366529e+01,2.369242e+01,2.374668e+01,2.382801e+01,2.380091e+01,2.378057e+01,2.369921e+01,2.383478e+01,2.385510e+01,2.369921e+01,2.374668e+01,2.378735e+01,2.375346e+01,2.388896e+01,2.389573e+01,2.386187e+01,2.385510e+01,2.375346e+01,2.386865e+01,2.380091e+01,2.371956e+01,2.376024e+01,2.386865e+01,2.385510e+01,2.385510e+01,2.389573e+01,2.389573e+01,2.390927e+01,2.393634e+01,2.394311e+01,2.397018e+01,2.413242e+01,2.407161e+01,2.413917e+01,2.411891e+01,2.414593e+01,2.434161e+01,2.411891e+01,2.426743e+01,2.400400e+01,2.414593e+01,2.391604e+01,2.391604e+01,2.383478e+01,2.374668e+01,2.374668e+01,2.377380e+01,2.382123e+01,2.373312e+01,2.382123e+01,2.387542e+01,2.371956e+01,2.381446e+01,2.386187e+01,2.379413e+01,2.374668e+01,2.378735e+01,2.380091e+01,2.378735e+01,2.378057e+01,2.379413e+01,2.379413e+01,2.369921e+01,2.382123e+01,2.378057e+01,2.382801e+01,2.384833e+01,2.378735e+01,2.371277e+01,2.382123e+01,2.374668e+01,2.396341e+01,2.380768e+01,2.387542e+01,2.372634e+01,2.376702e+01,2.378057e+01,2.369921e+01,2.390250e+01,2.376702e+01,2.376024e+01,2.373312e+01,2.374668e+01,2.380091e+01,2.377380e+01,2.379413e+01,2.377380e+01,2.378057e+01,2.375346e+01,2.373990e+01,2.382123e+01,2.378735e+01,2.376702e+01,2.376024e+01,2.380768e+01,2.373312e+01,2.369242e+01,2.355667e+01,2.379413e+01,2.371277e+01,2.367886e+01,2.370599e+01,2.376024e+01,2.365850e+01,2.376024e+01,2.373990e+01,2.371277e+01,2.371956e+01,2.372634e+01,2.371277e+01,2.373990e+01,2.373312e+01,2.376702e+01,2.368564e+01,2.369921e+01,2.371956e+01,2.368564e+01,2.374668e+01,2.371277e+01,2.367207e+01,2.369921e+01,2.377380e+01,2.363136e+01,2.353629e+01,2.375346e+01,2.369242e+01,2.372634e+01,2.370599e+01,2.366529e+01,2.363814e+01,2.361099e+01,2.357704e+01,2.367207e+01,2.359062e+01,2.363814e+01,2.365850e+01,2.356346e+01,2.362457e+01,2.369921e+01,2.364493e+01,2.356346e+01,2.366529e+01,2.361778e+01,2.361778e+01,2.357025e+01,2.355667e+01,2.361099e+01,2.360420e+01,2.349552e+01,2.364493e+01,2.352949e+01,2.360420e+01,2.368564e+01,2.359741e+01,2.359741e+01,2.362457e+01,2.350231e+01,2.361778e+01,2.362457e+01,2.342073e+01,2.360420e+01,2.370599e+01,2.367207e+01,2.374668e+01,2.376024e+01,2.363814e+01,2.374668e+01,2.367886e+01,2.371956e+01,2.367886e+01,2.375346e+01,2.370599e+01,2.373990e+01,2.371956e+01,2.370599e+01,2.370599e+01,2.378057e+01,2.371277e+01,2.365172e+01,2.369242e+01,2.365172e+01,2.373312e+01,2.376024e+01,2.371277e+01,2.372634e+01,2.381446e+01,2.381446e+01,2.385510e+01,2.389573e+01,2.385510e+01,2.482585e+01,2.634472e+01,2.703035e+01,2.746319e+01,2.750245e+01,2.787473e+01,2.816772e+01,2.818723e+01,2.816772e+01,2.834313e+01,2.841452e+01,2.829768e+01,2.822622e+01,2.845343e+01,2.845343e+01,2.850530e+01,2.822622e+01,2.845992e+01,2.820673e+01,2.817422e+01,2.815471e+01,2.814171e+01,2.797248e+01,2.784212e+01,2.786169e+01,2.784865e+01,2.778341e+01,2.761362e+01,2.746974e+01,2.758747e+01,2.732566e+01,2.745665e+01,2.741737e+01,2.739772e+01,2.737152e+01,2.727978e+01,2.733876e+01,2.735187e+01,2.733876e+01,2.733876e+01,2.735187e+01,2.746974e+01,2.730600e+01,2.708291e+01,2.713544e+01,2.722731e+01,2.724699e+01,2.726666e+01,2.736497e+01,2.722731e+01,2.724043e+01,2.705006e+01,2.716170e+01,2.690542e+01,2.691200e+01,2.684619e+01,2.683302e+01,2.688568e+01,2.682644e+01,2.676058e+01,2.676717e+01,2.673422e+01,2.660895e+01,2.645049e+01,2.641744e+01,2.645049e+01,2.625208e+01,2.605330e+01,2.598032e+01,2.579433e+01,2.539466e+01,2.508052e+01,2.498677e+01,2.468484e+01,2.450327e+01,2.444941e+01,2.418644e+01,2.403105e+01,2.409188e+01,2.406485e+01,2.411215e+01,2.411215e+01,2.400400e+01,2.413917e+01,2.401076e+01,2.405133e+01,2.398371e+01,2.398371e+01,2.413242e+01,2.411891e+01,2.418644e+01,2.427417e+01,2.423369e+01,2.431464e+01,2.417294e+01,2.381446e+01,2.382123e+01,2.350911e+01,2.342753e+01,2.327099e+01,2.299818e+01,2.305963e+01,2.283415e+01,2.279310e+01,2.283415e+01,2.281363e+01,2.275888e+01,2.264245e+01,2.203761e+01,2.157470e+01,2.157470e+01,2.154007e+01,2.203072e+01,2.196866e+01,2.206518e+01,2.187204e+01,2.187894e+01,2.201004e+01,2.199624e+01,2.204451e+01,2.236797e+01,2.282047e+01,2.329142e+01,2.363136e+01,2.390250e+01,2.386187e+01,2.382123e+01,2.380091e+01,2.376702e+01,2.378057e+01,2.378057e+01,2.371277e+01,2.365850e+01,2.356346e+01,2.366529e+01,2.349552e+01,2.343433e+01,2.346833e+01,2.340032e+01,2.339352e+01,2.330504e+01,2.331185e+01,2.333908e+01,2.333908e+01,2.335950e+01,2.315514e+01,2.301867e+01,2.303232e+01,2.307328e+01,2.314832e+01,2.311422e+01,2.311422e+01,2.324374e+01,2.297769e+01,2.271096e+01,2.203072e+01,2.192726e+01,2.169927e+01,2.129039e+01,2.116531e+01,2.123482e+01,2.153314e+01,2.214096e+01,2.279995e+01,2.364493e+01,2.380091e+01,2.400400e+01,2.415268e+01,2.398371e+01,2.405809e+01,2.387542e+01,2.382123e+01,2.375346e+01,2.337991e+01,2.337311e+01,2.300501e+01,2.301867e+01,2.298452e+01,2.292303e+01,2.272465e+01,2.297769e+01,2.303915e+01,2.365172e+01,2.385510e+01,2.386865e+01,2.403781e+01,2.397694e+01,2.374668e+01,2.335950e+01,2.312104e+01,2.276573e+01,2.275888e+01,2.247785e+01,2.251216e+01,2.258761e+01,2.236797e+01,2.251902e+01,2.273150e+01,2.275204e+01,2.260818e+01,2.260132e+01,2.258761e+01,2.260132e+01,2.260132e+01,2.297769e+01,2.344793e+01,2.348872e+01,2.365172e+01,2.392958e+01,2.387542e+01,2.380091e+01,2.386187e+01,2.386865e+01,2.367207e+01,2.351590e+01,2.344793e+01,2.346153e+01,2.349552e+01,2.358383e+01,2.350911e+01,2.376024e+01,2.376702e+01,2.371956e+01,2.384833e+01,2.369921e+01,2.369921e+01,2.358383e+01,2.352270e+01,2.342753e+01,2.331866e+01,2.321649e+01,2.303232e+01,2.316195e+01
2.613948e+01,2.607982e+01,2.611960e+01,2.611297e+01,2.612623e+01,2.621235e+01,2.619248e+01,2.619911e+01,2.629179e+01,2.618586e+01,2.619248e+01,2.620573e+01,2.618586e+01,2.621898e+01,2.620573e+01,2.623884e+01,2.619248e+01,2.633149e+01,2.620573e+01,2.619248e+01,2.624546e+01,2.621898e+01,2.617924e+01,2.618586e+01,2.621235e+01,2.609971e+01,2.609971e+01,2.621898e+01,2.606656e+01,2.605993e+01,2.605330e+01,2.605330e+01,2.596041e+01,2.590729e+01,2.582756e+01,2.578103e+01,2.580097e+01,2.579433e+01,2.565462e+01,2.566793e+01,2.560134e+01,2.544804e+01,2.535461e+01,2.528115e+01,2.514075e+01,2.518757e+01,2.516082e+01,2.487952e+01,2.492645e+01,2.462436e+01,2.465124e+01,2.442921e+01,2.455038e+01,2.447635e+01,2.445614e+01,2.433487e+01,2.428092e+01,2.440226e+01,2.435509e+01,2.422019e+01,2.436183e+01,2.426743e+01,2.433487e+01,2.436857e+01,2.436183e+01,2.437531e+01,2.457056e+01,2.465124e+01,2.457728e+01,2.455038e+01,2.477216e+01,2.446288e+01,2.461763e+01,2.481243e+01,2.461763e+01,2.483927e+01,2.488622e+01,2.497337e+01,2.508722e+01,2.498007e+01,2.493986e+01,2.495997e+01,2.496667e+01,2.512737e+01,2.525442e+01,2.512737e+01,2.524773e+01,2.522768e+01,2.524105e+01,2.514744e+01,2.526110e+01,2.508052e+01,2.508052e+01,2.484598e+01,2.481243e+01,2.465796e+01,2.453692e+01,2.455710e+01,2.467141e+01,2.461763e+01,2.446288e+01,2.442921e+01,2.438205e+01,2.438205e+01,2.438205e+01,2.438205e+01,2.439552e+01,2.444941e+01,2.429441e+01,2.444941e+01,2.419319e+01,2.405809e+01,2.393634e+01,2.392958e+01,2.377380e+01,2.378057e+01,2.401076e+01,2.435509e+01,2.426068e+01,2.439552e+01,2.435509e+01,2.424719e+01,2.409188e+01,2.413242e+01,2.409864e+01,2.388219e+01,2.387542e+01,2.389573e+01,2.385510e+01,2.375346e+01,2.376702e+01,2.367886e+01,2.376024e+01,2.385510e+01,2.387542e+01,2.407161e+01,2.392958e+01,2.399723e+01,2.407837e+01,2.411215e+01,2.413917e+01,2.415268e+01,2.394988e+01,2.386865e+01,2.384833e+01,2.360420e+01,2.317559e+01,2.319604e+01,2.316877e+01,2.347513e+01,2.348192e+01,2.352949e+01,2.376702e+01,2.387542e+01,2.391604e+01,2.388219e+01,2.420670e+01,2.415268e+01,2.425393e+01,2.423369e+01,2.437531e+01,2.426743e+01,2.441573e+01,2.453692e+01,2.451673e+01,2.447635e+01,2.469828e+01,2.452346e+01,2.470500e+01,2.465124e+01,2.453692e+01,2.446288e+01,2.428092e+01,2.422694e+01,2.430115e+01,2.419994e+01,2.397018e+01,2.341393e+01,2.309375e+01,2.291620e+01,2.290253e+01,2.283415e+01,2.301867e+01,2.300501e+01,2.299818e+01,2.304598e+01,2.301184e+01,2.320286e+01,2.320286e+01,2.348192e+01,2.348192e+01,2.348192e+01,2.350231e+01,2.343433e+01,2.341393e+01,2.334589e+01,2.316877e+01,2.315514e+01,2.318923e+01,2.314150e+01,2.329142e+01,2.314150e+01,2.325056e+01,2.318923e+01,2.317559e+01,2.327099e+01,2.329142e+01,2.330504e+01,2.327780e+01,2.334589e+01,2.338672e+01,2.337991e+01,2.348192e+01,2.352949e+01,2.352949e+01,2.360420e+01,2.357704e+01,2.369921e+01,2.369242e+01,2.371277e+01,2.373990e+01,2.373312e+01,2.378057e+01,2.363814e+01,2.380768e+01,2.369921e+01,2.384833e+01,2.375346e+01,2.382123e+01,2.378057e+01,2.390927e+01,2.387542e+01,2.381446e+01,2.375346e+01,2.378735e+01,2.373312e+01,2.380091e+01,2.372634e+01,2.382123e+01,2.387542e+01,2.383478e+01,2.375346e+01,2.373990e+01,2.392958e+01,2.392281e+01,2.387542e+01,2.398371e+01,2.397018e+01,2.411215e+01,2.402428e+01,2.411891e+01,2.416619e+01,2.427417e+01,2.428766e+01,2.434835e+01,2.422694e+01,2.421344e+01,2.424719e+01,2.415268e+01,2.394988e+01,2.384833e+01,2.383478e+01,2.384155e+01,2.382801e+01,2.378057e+01,2.384833e+01,2.388896e+01,2.382123e+01,2.384155e+01,2.386865e+01,2.374668e+01,2.379413e+01,2.380091e+01,2.378735e+01,2.381446e+01,2.381446e+01,2.367886e+01,2.372634e+01,2.366529e+01,2.375346e+01,2.375346e+01,2.380091e+01,2.373312e+01,2.373990e+01,2.385510e+01,2.382801e+01,2.378057e+01,2.371277e+01,2.380768e+01,2.384155e+01,2.381446e+01,2.384155e+01,2.382801e+01,2.380768e+01,2.392281e+01,2.380091e+01,2.375346e+01,2.378057e+01,2.377380e+01,2.375346e+01,2.376702e+01,2.374668e+01,2.377380e+01,2.374668e+01,2.384155e+01,2.380091e+01,2.384833e+01,2.384155e+01,2.377380e+01,2.378057e+01,2.370599e+01,2.377380e+01,2.373312e+01,2.376024e+01,2.374668e+01,2.382801e+01,2.376702e+01,2.372634e+01,2.372634e+01,2.367207e+01,2.363814e+01,2.374668e+01,2.376024e+01,2.370599e+01,2.376024e+01,2.369242e+01,2.369921e+01,2.365850e+01,2.372634e+01,2.367207e+01,2.371956e+01,2.367886e+01,2.368564e+01,2.365850e+01,2.362457e+01,2.375346e+01,2.363814e+01,2.376702e+01,2.371277e+01,2.359741e+01,2.367886e+01,2.376702e+01,2.365172e+01,2.376702e+01,2.363136e+01,2.372634e+01,2.360420e+01,2.357025e+01,2.361778e+01,2.365850e+01,2.361778e+01,2.359062e+01,2.359741e+01,2.354987e+01,2.354308e+01,2.355667e+01,2.367886e+01,2.352949e+01,2.370599e+01,2.361099e+01,2.363136e+01,2.363814e+01,2.363136e+01,2.365850e+01,2.362457e+01,2.363814e+01,2.355667e+01,2.357025e+01,2.361099e+01,2.361099e+01,2.363136e+01,2.363136e+01,2.371956e+01,2.363136e+01,2.361099e+01,2.352270e+01,2.367886e+01,2.358383e+01,2.360420e+01,2.359062e+01,2.357025e+01,2.370599e+01,2.361099e+01,2.371956e+01,2.367207e+01,2.369242e+01,2.357704e+01,2.357704e+01,2.373312e+01,2.352949e+01,2.369242e+01,2.370599e+01,2.371956e+01,2.362457e+01,2.366529e+01,2.366529e+01,2.368564e+01,2.371277e+01,2.369242e+01,2.367207e+01,2.375346e+01,2.373312e+01,2.383478e+01,2.375346e+01,2.384833e+01,2.380768e+01,2.396341e+01,2.453692e+01,2.645049e+01,2.702378e+01,2.735842e+01,2.775078e+01,2.795294e+01,2.813520e+01,2.836261e+01,2.839505e+01,2.826521e+01,2.842100e+01,2.840803e+01,2.842100e+01,2.838857e+01,2.850530e+01,2.846640e+01,2.844046e+01,2.835612e+01,2.842100e+01,2.821972e+01,2.830418e+01,2.811569e+01,2.794642e+01,2.782256e+01,2.780951e+01,2.783560e+01,2.768549e+01,2.767896e+01,2.759401e+01,2.763976e+01,2.748282e+01,2.748282e+01,2.741737e+01,2.748282e+01,2.737807e+01,2.740427e+01,2.741737e+01,2.743701e+01,2.736497e+01,2.745010e+01,2.746974e+01,2.733876e+01,2.732566e+01,2.723387e+01,2.721420e+01,2.712888e+01,2.716826e+01,2.729289e+01,2.730600e+01,2.729289e+01,2.727322e+01,2.726011e+01,2.729289e+01,2.703035e+01,2.695804e+01,2.695804e+01,2.685277e+01,2.689226e+01,2.689226e+01,2.691858e+01,2.689226e+01,2.676058e+01,2.665512e+01,2.660895e+01,2.666831e+01,2.639761e+01,2.642405e+01,2.622560e+01,2.601350e+01,2.561466e+01,2.540801e+01,2.534793e+01,2.505375e+01,2.500687e+01,2.485269e+01,2.467813e+01,2.446288e+01,2.448308e+01,2.439552e+01,2.412566e+01,2.405133e+01,2.406485e+01,2.403105e+01,2.409864e+01,2.397694e+01,2.414593e+01,2.407161e+01,2.410540e+01,2.406485e+01,2.422019e+01,2.415943e+01,2.413242e+01,2.390250e+01,2.377380e+01,2.382123e+01,2.352270e+01,2.347513e+01,2.325056e+01,2.300501e+01,2.323693e+01,2.301867e+01,2.299135e+01,2.285467e+01,2.288202e+01,2.284099e+01,2.282731e+01,2.284099e+01,2.279995e+01,2.240919e+01,2.179606e+01,2.158855e+01,2.149850e+01,2.184441e+01,2.199624e+01,2.205829e+01,2.187204e+01,2.185823e+01,2.195486e+01,2.211341e+01,2.198245e+01,2.214096e+01,2.230611e+01,2.262189e+01,2.318241e+01,2.373990e+01,2.379413e+01,2.377380e+01,2.368564e+01,2.375346e+01,2.371277e+01,2.380091e+01,2.363136e+01,2.364493e+01,2.355667e+01,2.355667e+01,2.351590e+01,2.352270e+01,2.348872e+01,2.333228e+01,2.335950e+01,2.327099e+01,2.331185e+01,2.310739e+01,2.315514e+01,2.289569e+01,2.275204e+01,2.259447e+01,2.250530e+01,2.230611e+01,2.249844e+01,2.238858e+01,2.250530e+01,2.234735e+01,2.240919e+01,2.200314e+01,2.164393e+01,2.168544e+01,2.147771e+01,2.117226e+01,2.113750e+01,2.120702e+01,2.193416e+01,2.247098e+01,2.315514e+01,2.380091e+01,2.397018e+01,2.411215e+01,2.409188e+01,2.420670e+01,2.398371e+01,2.401752e+01,2.388219e+01,2.374668e+01,2.360420e+01,2.335269e+01,2.335269e+01,2.309375e+01,2.314832e+01,2.292303e+01,2.306645e+01,2.290937e+01,2.305280e+01,2.338672e+01,2.357025e+01,2.370599e+01,2.369921e+01,2.328461e+01,2.305963e+01,2.304598e+01,2.272465e+01,2.257390e+01,2.273835e+01,2.259447e+01,2.250530e+01,2.253275e+01,2.236110e+01,2.248471e+01,2.249158e+01,2.250530e+01,2.251216e+01,2.246412e+01,2.246412e+01,2.253275e+01,2.256018e+01,2.285467e+01,2.294353e+01,2.320286e+01,2.344113e+01,2.365850e+01,2.367886e+01,2.367207e+01,2.378057e+01,2.364493e+01,2.330504e+01,2.353629e+01,2.332547e+01,2.342753e+01,2.347513e+01,2.375346e+01,2.378735e+01,2.373990e+01,2.383478e+01,2.378057e+01,2.367886e+01,2.369921e+01,2.361099e+01,2.359741e+01,2.352270e+01,2.337311e+01,2.333908e+01,2.299818e+01,2.301184e+01,2.291620e+01
2.593385e+01,2.606656e+01,2.604004e+01,2.607982e+01,2.620573e+01,2.615936e+01,2.620573e+01,2.615936e+01,2.621898e+01,2.625208e+01,2.629179e+01,2.623884e+01,2.619911e+01,2.615274e+01,2.617924e+01,2.613948e+01,2.621898e+01,2.619248e+01,2.621898e+01,2.624546e+01,2.621898e+01,2.626532e+01,2.612623e+01,2.613948e+01,2.627194e+01,2.623884e+01,2.619911e+01,2.621898e+01,2.617924e+01,2.611960e+01,2.605993e+01,2.611297e+01,2.590729e+01,2.602013e+01,2.590729e+01,2.595377e+01,2.587408e+01,2.596704e+01,2.561466e+01,2.549472e+01,2.561466e+01,2.542135e+01,2.546805e+01,2.544804e+01,2.538799e+01,2.534126e+01,2.532122e+01,2.517419e+01,2.513406e+01,2.487952e+01,2.478558e+01,2.479230e+01,2.480572e+01,2.479230e+01,2.473187e+01,2.450327e+01,2.441573e+01,2.427417e+01,2.427417e+01,2.426743e+01,2.415943e+01,2.415268e+01,2.426743e+01,2.411215e+01,2.419319e+01,2.436857e+01,2.413242e+01,2.438205e+01,2.452346e+01,2.445614e+01,2.448308e+01,2.448981e+01,2.446288e+01,2.446961e+01,2.461763e+01,2.479901e+01,2.480572e+01,2.485940e+01,2.488622e+01,2.480572e+01,2.496667e+01,2.492645e+01,2.491305e+01,2.501357e+01,2.504705e+01,2.514744e+01,2.508052e+01,2.526110e+01,2.520763e+01,2.508052e+01,2.511399e+01,2.510060e+01,2.483927e+01,2.482585e+01,2.462436e+01,2.438205e+01,2.428766e+01,2.460419e+01,2.475201e+01,2.473858e+01,2.471844e+01,2.467813e+01,2.465124e+01,2.463780e+01,2.440226e+01,2.453019e+01,2.453019e+01,2.438205e+01,2.455038e+01,2.444268e+01,2.417294e+01,2.419319e+01,2.403105e+01,2.390927e+01,2.382801e+01,2.387542e+01,2.397694e+01,2.434161e+01,2.438878e+01,2.440900e+01,2.438205e+01,2.440226e+01,2.429441e+01,2.426743e+01,2.409188e+01,2.410540e+01,2.409188e+01,2.388896e+01,2.379413e+01,2.384155e+01,2.373312e+01,2.362457e+01,2.357025e+01,2.371956e+01,2.365172e+01,2.400400e+01,2.378735e+01,2.393634e+01,2.389573e+01,2.408512e+01,2.422694e+01,2.415268e+01,2.405133e+01,2.386865e+01,2.384155e+01,2.354308e+01,2.320286e+01,2.317559e+01,2.323693e+01,2.344113e+01,2.345473e+01,2.358383e+01,2.393634e+01,2.387542e+01,2.403105e+01,2.403781e+01,2.395664e+01,2.409188e+01,2.426068e+01,2.428766e+01,2.433487e+01,2.438878e+01,2.453692e+01,2.457728e+01,2.467813e+01,2.465124e+01,2.468484e+01,2.468484e+01,2.473858e+01,2.473858e+01,2.467813e+01,2.465124e+01,2.453692e+01,2.429441e+01,2.426743e+01,2.391604e+01,2.350231e+01,2.309375e+01,2.299818e+01,2.279995e+01,2.292303e+01,2.296403e+01,2.295037e+01,2.296403e+01,2.299135e+01,2.303232e+01,2.297769e+01,2.322330e+01,2.316877e+01,2.349552e+01,2.350231e+01,2.348872e+01,2.348872e+01,2.346153e+01,2.336630e+01,2.327780e+01,2.329823e+01,2.315514e+01,2.329823e+01,2.325737e+01,2.329142e+01,2.311422e+01,2.322330e+01,2.325056e+01,2.326418e+01,2.325737e+01,2.331185e+01,2.328461e+01,2.335269e+01,2.337311e+01,2.340032e+01,2.341393e+01,2.342073e+01,2.339352e+01,2.354987e+01,2.354987e+01,2.365172e+01,2.357704e+01,2.369242e+01,2.369242e+01,2.365172e+01,2.365172e+01,2.367886e+01,2.371956e+01,2.375346e+01,2.377380e+01,2.371277e+01,2.371277e+01,2.380091e+01,2.373990e+01,2.387542e+01,2.372634e+01,2.382801e+01,2.390250e+01,2.379413e+01,2.376024e+01,2.378735e+01,2.379413e+01,2.383478e+01,2.378735e+01,2.386865e+01,2.373990e+01,2.392281e+01,2.384833e+01,2.392958e+01,2.384833e+01,2.399047e+01,2.394311e+01,2.405133e+01,2.415268e+01,2.417294e+01,2.419319e+01,2.428766e+01,2.432812e+01,2.436857e+01,2.434161e+01,2.431464e+01,2.430115e+01,2.426068e+01,2.426743e+01,2.391604e+01,2.387542e+01,2.389573e+01,2.377380e+01,2.384155e+01,2.384833e+01,2.380091e+01,2.381446e+01,2.386187e+01,2.381446e+01,2.384155e+01,2.382801e+01,2.377380e+01,2.382801e+01,2.384155e+01,2.375346e+01,2.368564e+01,2.374668e+01,2.380768e+01,2.375346e+01,2.375346e+01,2.377380e+01,2.374668e+01,2.379413e+01,2.371956e+01,2.388896e+01,2.384155e+01,2.400400e+01,2.382123e+01,2.383478e+01,2.378735e+01,2.373990e+01,2.392281e+01,2.388219e+01,2.390927e+01,2.370599e+01,2.389573e+01,2.378057e+01,2.352949e+01,2.376024e+01,2.378735e+01,2.390250e+01,2.373990e+01,2.380091e+01,2.378057e+01,2.378735e+01,2.383478e+01,2.370599e+01,2.382123e+01,2.380091e+01,2.379413e+01,2.373312e+01,2.375346e+01,2.376024e+01,2.373990e+01,2.372634e+01,2.375346e+01,2.375346e+01,2.367207e+01,2.368564e+01,2.365172e+01,2.372634e+01,2.369242e+01,2.367886e+01,2.368564e+01,2.366529e+01,2.367886e+01,2.369242e+01,2.369921e+01,2.370599e+01,2.367886e+01,2.366529e+01,2.367886e+01,2.364493e+01,2.370599e+01,2.365172e+01,2.361099e+01,2.365850e+01,2.367207e+01,2.365850e+01,2.382123e+01,2.367207e+01,2.369242e+01,2.364493e+01,2.365850e+01,2.362457e+01,2.356346e+01,2.371956e+01,2.362457e+01,2.359062e+01,2.361099e+01,2.360420e+01,2.359062e+01,2.354987e+01,2.359062e+01,2.361099e+01,2.366529e+01,2.364493e+01,2.356346e+01,2.365172e+01,2.367886e+01,2.358383e+01,2.355667e+01,2.352949e+01,2.352949e+01,2.363136e+01,2.357025e+01,2.364493e+01,2.350231e+01,2.364493e+01,2.365850e+01,2.358383e+01,2.373990e+01,2.376702e+01,2.354308e+01,2.358383e+01,2.361099e+01,2.371277e+01,2.366529e+01,2.365850e+01,2.360420e+01,2.367207e+01,2.360420e+01,2.376024e+01,2.363136e+01,2.362457e+01,2.352949e+01,2.381446e+01,2.369242e+01,2.366529e+01,2.374668e+01,2.372634e+01,2.366529e+01,2.364493e+01,2.367207e+01,2.374668e+01,2.374668e+01,2.366529e+01,2.373312e+01,2.373312e+01,2.367207e+01,2.388896e+01,2.370599e+01,2.380091e+01,2.378057e+01,2.386865e+01,2.389573e+01,2.454365e+01,2.628517e+01,2.702378e+01,2.739117e+01,2.782908e+01,2.784865e+01,2.805062e+01,2.824572e+01,2.823922e+01,2.833015e+01,2.842749e+01,2.844046e+01,2.843398e+01,2.848585e+01,2.851826e+01,2.845343e+01,2.846640e+01,2.837559e+01,2.832366e+01,2.829768e+01,2.820673e+01,2.821323e+01,2.798551e+01,2.789429e+01,2.792687e+01,2.784865e+01,2.777689e+01,2.770508e+01,2.760055e+01,2.752862e+01,2.748937e+01,2.749591e+01,2.755478e+01,2.745010e+01,2.750900e+01,2.755478e+01,2.744355e+01,2.737807e+01,2.749591e+01,2.748937e+01,2.737807e+01,2.745010e+01,2.746319e+01,2.730600e+01,2.722731e+01,2.722731e+01,2.737152e+01,2.725355e+01,2.726011e+01,2.729289e+01,2.729289e+01,2.732566e+01,2.735842e+01,2.729289e+01,2.720763e+01,2.696462e+01,2.698434e+01,2.716170e+01,2.709605e+01,2.692516e+01,2.687252e+01,2.683302e+01,2.686594e+01,2.668149e+01,2.659575e+01,2.666831e+01,2.630502e+01,2.620573e+01,2.608646e+01,2.586743e+01,2.559468e+01,2.547471e+01,2.532122e+01,2.508052e+01,2.495326e+01,2.473187e+01,2.463108e+01,2.442921e+01,2.435509e+01,2.412566e+01,2.413917e+01,2.405133e+01,2.401752e+01,2.412566e+01,2.427417e+01,2.444268e+01,2.429441e+01,2.429441e+01,2.425393e+01,2.417969e+01,2.394988e+01,2.398371e+01,2.383478e+01,2.369921e+01,2.356346e+01,2.343433e+01,2.322330e+01,2.303232e+01,2.295037e+01,2.297769e+01,2.301184e+01,2.298452e+01,2.285467e+01,2.282047e+01,2.284783e+01,2.288886e+01,2.284783e+01,2.288202e+01,2.266986e+01,2.226485e+01,2.189275e+01,2.160240e+01,2.196866e+01,2.196176e+01,2.192036e+01,2.187204e+01,2.196866e+01,2.187894e+01,2.196176e+01,2.192726e+01,2.202383e+01,2.220981e+01,2.232673e+01,2.282047e+01,2.333228e+01,2.342753e+01,2.358383e+01,2.384833e+01,2.357704e+01,2.369242e+01,2.367886e+01,2.360420e+01,2.369921e+01,2.354308e+01,2.352270e+01,2.352270e+01,2.346833e+01,2.340713e+01,2.340032e+01,2.334589e+01,2.325056e+01,2.309375e+01,2.281363e+01,2.255332e+01,2.241605e+01,2.208586e+01,2.201693e+01,2.159547e+01,2.159547e+01,2.158855e+01,2.188585e+01,2.189275e+01,2.187204e+01,2.172693e+01,2.161624e+01,2.165777e+01,2.160240e+01,2.124176e+01,2.117922e+01,2.126955e+01,2.179606e+01,2.253960e+01,2.307328e+01,2.365172e+01,2.384833e+01,2.416619e+01,2.417294e+01,2.402428e+01,2.410540e+01,2.403781e+01,2.403781e+01,2.403781e+01,2.376024e+01,2.367207e+01,2.350911e+01,2.337991e+01,2.321649e+01,2.333908e+01,2.312786e+01,2.307328e+01,2.290253e+01,2.307328e+01,2.305963e+01,2.306645e+01,2.312104e+01,2.324374e+01,2.301184e+01,2.295720e+01,2.270411e+01,2.264930e+01,2.262189e+01,2.259447e+01,2.251902e+01,2.251902e+01,2.248471e+01,2.250530e+01,2.237484e+01,2.253275e+01,2.249844e+01,2.250530e+01,2.259447e+01,2.260818e+01,2.229923e+01,2.259447e+01,2.253960e+01,2.282731e+01,2.280679e+01,2.323012e+01,2.342753e+01,2.369921e+01,2.375346e+01,2.374668e+01,2.357704e+01,2.355667e+01,2.352270e+01,2.344113e+01,2.340713e+01,2.359741e+01,2.356346e+01,2.380768e+01,2.383478e+01,2.384833e+01,2.373312e+01,2.369242e+01,2.366529e+01,2.354987e+01,2.346833e+01,2.339352e+01,2.325737e+01,2.327780e+01,2.305280e+01,2.327099e+01,2.287519e+01
2.598032e+01,2.590729e+01,2.602013e+01,2.609309e+01,2.614611e+01,2.609309e+01,2.617261e+01,2.638439e+01,2.622560e+01,2.612623e+01,2.613948e+01,2.602677e+01,2.614611e+01,2.613948e+01,2.607319e+01,2.607319e+01,2.607982e+01,2.623222e+01,2.608646e+01,2.617924e+01,2.621235e+01,2.627855e+01,2.609309e+01,2.622560e+01,2.613286e+01,2.624546e+01,2.621235e+01,2.607982e+01,2.611297e+01,2.608646e+01,2.615936e+01,2.611960e+01,2.607319e+01,2.586743e+01,2.596041e+01,2.581427e+01,2.586743e+01,2.561466e+01,2.561466e+01,2.564796e+01,2.558802e+01,2.544137e+01,2.540133e+01,2.541468e+01,2.528115e+01,2.521431e+01,2.521431e+01,2.519426e+01,2.520094e+01,2.510060e+01,2.510730e+01,2.510730e+01,2.502026e+01,2.507383e+01,2.474530e+01,2.479230e+01,2.459746e+01,2.441573e+01,2.453692e+01,2.429441e+01,2.424044e+01,2.414593e+01,2.414593e+01,2.417969e+01,2.409864e+01,2.418644e+01,2.417969e+01,2.415943e+01,2.416619e+01,2.422019e+01,2.417294e+01,2.426743e+01,2.436183e+01,2.426068e+01,2.419994e+01,2.452346e+01,2.479230e+01,2.460419e+01,2.479230e+01,2.471172e+01,2.479230e+01,2.473187e+01,2.480572e+01,2.488622e+01,2.497337e+01,2.498007e+01,2.513406e+01,2.524773e+01,2.512737e+01,2.512068e+01,2.511399e+01,2.508722e+01,2.488622e+01,2.462436e+01,2.428092e+01,2.422019e+01,2.430790e+01,2.471844e+01,2.471844e+01,2.490634e+01,2.473858e+01,2.461091e+01,2.444941e+01,2.459746e+01,2.451673e+01,2.437531e+01,2.464452e+01,2.444941e+01,2.434161e+01,2.446961e+01,2.441573e+01,2.419994e+01,2.399047e+01,2.388219e+01,2.378735e+01,2.393634e+01,2.399723e+01,2.427417e+01,2.436857e+01,2.427417e+01,2.438205e+01,2.442921e+01,2.439552e+01,2.440900e+01,2.414593e+01,2.413242e+01,2.412566e+01,2.409188e+01,2.394311e+01,2.388896e+01,2.388896e+01,2.376702e+01,2.367886e+01,2.367207e+01,2.378735e+01,2.373990e+01,2.386865e+01,2.379413e+01,2.407161e+01,2.406485e+01,2.412566e+01,2.412566e+01,2.399723e+01,2.378735e+01,2.336630e+01,2.322330e+01,2.312786e+01,2.305963e+01,2.321649e+01,2.346833e+01,2.350231e+01,2.377380e+01,2.386865e+01,2.392281e+01,2.403781e+01,2.404457e+01,2.407161e+01,2.425393e+01,2.418644e+01,2.422019e+01,2.430115e+01,2.438878e+01,2.439552e+01,2.440900e+01,2.446288e+01,2.461763e+01,2.478558e+01,2.482585e+01,2.473858e+01,2.475201e+01,2.469828e+01,2.457728e+01,2.457728e+01,2.432138e+01,2.421344e+01,2.371277e+01,2.330504e+01,2.285467e+01,2.279995e+01,2.287519e+01,2.287519e+01,2.299818e+01,2.284783e+01,2.301184e+01,2.303915e+01,2.297769e+01,2.307328e+01,2.318923e+01,2.329142e+01,2.334589e+01,2.348872e+01,2.331185e+01,2.336630e+01,2.339352e+01,2.316877e+01,2.318241e+01,2.317559e+01,2.320286e+01,2.320967e+01,2.320967e+01,2.317559e+01,2.312786e+01,2.318923e+01,2.323012e+01,2.318241e+01,2.324374e+01,2.328461e+01,2.328461e+01,2.321649e+01,2.339352e+01,2.338672e+01,2.346153e+01,2.344113e+01,2.345473e+01,2.364493e+01,2.348192e+01,2.364493e+01,2.363136e+01,2.365172e+01,2.367886e+01,2.357704e+01,2.345473e+01,2.365172e+01,2.364493e+01,2.368564e+01,2.350231e+01,2.367886e+01,2.359741e+01,2.366529e+01,2.367207e+01,2.368564e+01,2.383478e+01,2.373990e+01,2.368564e+01,2.365850e+01,2.376702e+01,2.358383e+01,2.379413e+01,2.365172e+01,2.382123e+01,2.378057e+01,2.380091e+01,2.376024e+01,2.391604e+01,2.375346e+01,2.396341e+01,2.390250e+01,2.400400e+01,2.401076e+01,2.402428e+01,2.417294e+01,2.424044e+01,2.426068e+01,2.438878e+01,2.426743e+01,2.439552e+01,2.444268e+01,2.434835e+01,2.420670e+01,2.407161e+01,2.397694e+01,2.388896e+01,2.384833e+01,2.378735e+01,2.373312e+01,2.377380e+01,2.381446e+01,2.383478e+01,2.379413e+01,2.371956e+01,2.375346e+01,2.379413e+01,2.380768e+01,2.382801e+01,2.380768e+01,2.381446e+01,2.378057e+01,2.371277e+01,2.378057e+01,2.367207e+01,2.373990e+01,2.375346e+01,2.374668e+01,2.369921e+01,2.382801e+01,2.366529e+01,2.363136e+01,2.373312e+01,2.378057e+01,2.373990e+01,2.371277e+01,2.377380e+01,2.386865e+01,2.372634e+01,2.369921e+01,2.376702e+01,2.376024e+01,2.376702e+01,2.377380e+01,2.393634e+01,2.377380e+01,2.371956e+01,2.382801e+01,2.379413e+01,2.379413e+01,2.371277e+01,2.369921e+01,2.378735e+01,2.379413e+01,2.378057e+01,2.369242e+01,2.372634e+01,2.365172e+01,2.371956e+01,2.368564e+01,2.369242e+01,2.363136e+01,2.373312e+01,2.369921e+01,2.360420e+01,2.368564e+01,2.369921e+01,2.365850e+01,2.363136e+01,2.370599e+01,2.369921e+01,2.363814e+01,2.371277e+01,2.368564e+01,2.363814e+01,2.366529e+01,2.365850e+01,2.362457e+01,2.361099e+01,2.364493e+01,2.371277e+01,2.376702e+01,2.368564e+01,2.365850e+01,2.364493e+01,2.370599e+01,2.350231e+01,2.365172e+01,2.363814e+01,2.365172e+01,2.372634e+01,2.367207e+01,2.358383e+01,2.357025e+01,2.362457e+01,2.361099e+01,2.359062e+01,2.363136e+01,2.354308e+01,2.353629e+01,2.352949e+01,2.364493e+01,2.356346e+01,2.353629e+01,2.354987e+01,2.360420e+01,2.365172e+01,2.365172e+01,2.358383e+01,2.347513e+01,2.356346e+01,2.357704e+01,2.345473e+01,2.361099e+01,2.362457e+01,2.363814e+01,2.354308e+01,2.363136e+01,2.359741e+01,2.359062e+01,2.360420e+01,2.362457e+01,2.365172e+01,2.364493e+01,2.355667e+01,2.357025e+01,2.353629e+01,2.363136e+01,2.361099e+01,2.359741e+01,2.367886e+01,2.359062e+01,2.358383e+01,2.373312e+01,2.372634e+01,2.369242e+01,2.369242e+01,2.369242e+01,2.365850e+01,2.363136e+01,2.369242e+01,2.367207e+01,2.364493e+01,2.370599e+01,2.371277e+01,2.372634e+01,2.371956e+01,2.375346e+01,2.377380e+01,2.378057e+01,2.376702e+01,2.384833e+01,2.434161e+01,2.592721e+01,2.698434e+01,2.737807e+01,2.758747e+01,2.786821e+01,2.795945e+01,2.823922e+01,2.827820e+01,2.829768e+01,2.844046e+01,2.840154e+01,2.844046e+01,2.851826e+01,2.850530e+01,2.853122e+01,2.845343e+01,2.834962e+01,2.831067e+01,2.833664e+01,2.830418e+01,2.808967e+01,2.795945e+01,2.792036e+01,2.783560e+01,2.785517e+01,2.780951e+01,2.765936e+01,2.756786e+01,2.755478e+01,2.753516e+01,2.752862e+01,2.745665e+01,2.745010e+01,2.748937e+01,2.743046e+01,2.759401e+01,2.742391e+01,2.747628e+01,2.737807e+01,2.742391e+01,2.738462e+01,2.742391e+01,2.727322e+01,2.743701e+01,2.729944e+01,2.748282e+01,2.743701e+01,2.746974e+01,2.741082e+01,2.733221e+01,2.741082e+01,2.736497e+01,2.729944e+01,2.736497e+01,2.715514e+01,2.704349e+01,2.703035e+01,2.698434e+01,2.712888e+01,2.689226e+01,2.694489e+01,2.674740e+01,2.680010e+01,2.670127e+01,2.652975e+01,2.647031e+01,2.619248e+01,2.609971e+01,2.602677e+01,2.582756e+01,2.572117e+01,2.531454e+01,2.528782e+01,2.506713e+01,2.479901e+01,2.473187e+01,2.455038e+01,2.467141e+01,2.413242e+01,2.413242e+01,2.407837e+01,2.418644e+01,2.442921e+01,2.445614e+01,2.446288e+01,2.432812e+01,2.429441e+01,2.407837e+01,2.406485e+01,2.383478e+01,2.356346e+01,2.356346e+01,2.346833e+01,2.323693e+01,2.324374e+01,2.299818e+01,2.296403e+01,2.294353e+01,2.299818e+01,2.276573e+01,2.251216e+01,2.280679e+01,2.288886e+01,2.284783e+01,2.295037e+01,2.288886e+01,2.291620e+01,2.292987e+01,2.288886e+01,2.233360e+01,2.161624e+01,2.185132e+01,2.197555e+01,2.192036e+01,2.195486e+01,2.189275e+01,2.194106e+01,2.187894e+01,2.185823e+01,2.203761e+01,2.199624e+01,2.215474e+01,2.257390e+01,2.278626e+01,2.296403e+01,2.347513e+01,2.337991e+01,2.370599e+01,2.363814e+01,2.365172e+01,2.358383e+01,2.347513e+01,2.351590e+01,2.353629e+01,2.335950e+01,2.338672e+01,2.345473e+01,2.339352e+01,2.308010e+01,2.279995e+01,2.275888e+01,2.237484e+01,2.205140e+01,2.167852e+01,2.157470e+01,2.117226e+01,2.148464e+01,2.110272e+01,2.108880e+01,2.121397e+01,2.149157e+01,2.148464e+01,2.131122e+01,2.126260e+01,2.123482e+01,2.120702e+01,2.117226e+01,2.126260e+01,2.172002e+01,2.245039e+01,2.305963e+01,2.359741e+01,2.369921e+01,2.394988e+01,2.382123e+01,2.403781e+01,2.392958e+01,2.415268e+01,2.419319e+01,2.399723e+01,2.392281e+01,2.389573e+01,2.383478e+01,2.371277e+01,2.341393e+01,2.353629e+01,2.333228e+01,2.319604e+01,2.312786e+01,2.314832e+01,2.313468e+01,2.307328e+01,2.298452e+01,2.292303e+01,2.281363e+01,2.282731e+01,2.271780e+01,2.273150e+01,2.266986e+01,2.265615e+01,2.264245e+01,2.252588e+01,2.248471e+01,2.240919e+01,2.231298e+01,2.237484e+01,2.234048e+01,2.246412e+01,2.230611e+01,2.246412e+01,2.229235e+01,2.248471e+01,2.247098e+01,2.231298e+01,2.259447e+01,2.282731e+01,2.292303e+01,2.303232e+01,2.346833e+01,2.370599e+01,2.379413e+01,2.376024e+01,2.355667e+01,2.340713e+01,2.341393e+01,2.333908e+01,2.358383e+01,2.383478e+01,2.377380e+01,2.384155e+01,2.373312e+01,2.374668e+01,2.361099e+01,2.363136e+01,2.337991e+01,2.344113e+01,2.323693e+01,2.332547e+01,2.313468e+01,2.303915e+01,2.297769e+01,2.286835e+01
2.598696e+01,2.609309e+01,2.604667e+01,2.604004e+01,2.607982e+01,2.615936e+01,2.612623e+01,2.611297e+01,2.612623e+01,2.616599e+01,2.612623e+01,2.615274e+01,2.609309e+01,2.607982e+01,2.612623e+01,2.612623e+01,2.609309e+01,2.615274e+01,2.619248e+01,2.613286e+01,2.605330e+01,2.624546e+01,2.621898e+01,2.614611e+01,2.602013e+01,2.617924e+01,2.617261e+01,2.615936e+01,2.615274e+01,2.625208e+01,2.611297e+01,2.608646e+01,2.594713e+01,2.595377e+01,2.596041e+01,2.584750e+01,2.568790e+01,2.583421e+01,2.582092e+01,2.561466e+01,2.562132e+01,2.540801e+01,2.544137e+01,2.552805e+01,2.557470e+01,2.537464e+01,2.554804e+01,2.554138e+01,2.538799e+01,2.544804e+01,2.530119e+01,2.516082e+01,2.513406e+01,2.506044e+01,2.504035e+01,2.508052e+01,2.505375e+01,2.473187e+01,2.471172e+01,2.457056e+01,2.460419e+01,2.442921e+01,2.421344e+01,2.413917e+01,2.408512e+01,2.415268e+01,2.402428e+01,2.413917e+01,2.403105e+01,2.412566e+01,2.416619e+01,2.412566e+01,2.407837e+01,2.413917e+01,2.430790e+01,2.448981e+01,2.429441e+01,2.455038e+01,2.463108e+01,2.471172e+01,2.471844e+01,2.488622e+01,2.479230e+01,2.481914e+01,2.479230e+01,2.500017e+01,2.493316e+01,2.502696e+01,2.506713e+01,2.510060e+01,2.504035e+01,2.491975e+01,2.463780e+01,2.430790e+01,2.413242e+01,2.413242e+01,2.436183e+01,2.467813e+01,2.467141e+01,2.474530e+01,2.479901e+01,2.475201e+01,2.447635e+01,2.448308e+01,2.453692e+01,2.454365e+01,2.458401e+01,2.455038e+01,2.451673e+01,2.453692e+01,2.432812e+01,2.451000e+01,2.426743e+01,2.406485e+01,2.397694e+01,2.403781e+01,2.429441e+01,2.436857e+01,2.434161e+01,2.444268e+01,2.444941e+01,2.442247e+01,2.442247e+01,2.438878e+01,2.431464e+01,2.438205e+01,2.415268e+01,2.416619e+01,2.417294e+01,2.414593e+01,2.385510e+01,2.385510e+01,2.358383e+01,2.363814e+01,2.373312e+01,2.374668e+01,2.397694e+01,2.408512e+01,2.406485e+01,2.417294e+01,2.405133e+01,2.432138e+01,2.389573e+01,2.342073e+01,2.316877e+01,2.314832e+01,2.308010e+01,2.322330e+01,2.325737e+01,2.346833e+01,2.369242e+01,2.373312e+01,2.390250e+01,2.401752e+01,2.404457e+01,2.417969e+01,2.417294e+01,2.419994e+01,2.425393e+01,2.440900e+01,2.432812e+01,2.430115e+01,2.425393e+01,2.443594e+01,2.459073e+01,2.485269e+01,2.483927e+01,2.486610e+01,2.487281e+01,2.486610e+01,2.473858e+01,2.462436e+01,2.475201e+01,2.432138e+01,2.431464e+01,2.369242e+01,2.331185e+01,2.288886e+01,2.281363e+01,2.288202e+01,2.303232e+01,2.299818e+01,2.285467e+01,2.302550e+01,2.303915e+01,2.306645e+01,2.305963e+01,2.322330e+01,2.333908e+01,2.348872e+01,2.346833e+01,2.340713e+01,2.333908e+01,2.325737e+01,2.326418e+01,2.323012e+01,2.320967e+01,2.320286e+01,2.314150e+01,2.326418e+01,2.318923e+01,2.316877e+01,2.322330e+01,2.332547e+01,2.312104e+01,2.305280e+01,2.330504e+01,2.333908e+01,2.333228e+01,2.336630e+01,2.339352e+01,2.348872e+01,2.356346e+01,2.357025e+01,2.354308e+01,2.366529e+01,2.354308e+01,2.348872e+01,2.359062e+01,2.362457e+01,2.363814e+01,2.352270e+01,2.354987e+01,2.361778e+01,2.351590e+01,2.358383e+01,2.357704e+01,2.370599e+01,2.367207e+01,2.359741e+01,2.363136e+01,2.359062e+01,2.367207e+01,2.376024e+01,2.365850e+01,2.359741e+01,2.378057e+01,2.371277e+01,2.365850e+01,2.373990e+01,2.378735e+01,2.386187e+01,2.386187e+01,2.381446e+01,2.392958e+01,2.397694e+01,2.392281e+01,2.410540e+01,2.406485e+01,2.403781e+01,2.423369e+01,2.428092e+01,2.427417e+01,2.435509e+01,2.442921e+01,2.446288e+01,2.438878e+01,2.445614e+01,2.434161e+01,2.430790e+01,2.415268e+01,2.388896e+01,2.380091e+01,2.382123e+01,2.382123e+01,2.373312e+01,2.379413e+01,2.381446e+01,2.382123e+01,2.388219e+01,2.371956e+01,2.375346e+01,2.376024e+01,2.378057e+01,2.376024e+01,2.381446e+01,2.373990e+01,2.380091e+01,2.379413e+01,2.367207e+01,2.374668e+01,2.373990e+01,2.379413e+01,2.371956e+01,2.372634e+01,2.375346e+01,2.375346e+01,2.374668e+01,2.380768e+01,2.373312e+01,2.381446e+01,2.391604e+01,2.377380e+01,2.371956e+01,2.372634e+01,2.373990e+01,2.376702e+01,2.382801e+01,2.373990e+01,2.376702e+01,2.376702e+01,2.373990e+01,2.381446e+01,2.384155e+01,2.373312e+01,2.386187e+01,2.377380e+01,2.378735e+01,2.367886e+01,2.378735e+01,2.376024e+01,2.379413e+01,2.376702e+01,2.365172e+01,2.375346e+01,2.369921e+01,2.374668e+01,2.376024e+01,2.376702e+01,2.363136e+01,2.366529e+01,2.375346e+01,2.359741e+01,2.365850e+01,2.365172e+01,2.373312e+01,2.363136e+01,2.361099e+01,2.361778e+01,2.368564e+01,2.366529e+01,2.370599e+01,2.373312e+01,2.369242e+01,2.370599e+01,2.364493e+01,2.361099e+01,2.362457e+01,2.364493e+01,2.363136e+01,2.365172e+01,2.357025e+01,2.366529e+01,2.359062e+01,2.365850e+01,2.358383e+01,2.358383e+01,2.365172e+01,2.365850e+01,2.369242e+01,2.367207e+01,2.358383e+01,2.362457e+01,2.361099e+01,2.358383e+01,2.358383e+01,2.357704e+01,2.360420e+01,2.367207e+01,2.356346e+01,2.362457e+01,2.363136e+01,2.364493e+01,2.356346e+01,2.364493e+01,2.352949e+01,2.362457e+01,2.360420e+01,2.357704e+01,2.352949e+01,2.368564e+01,2.359741e+01,2.355667e+01,2.356346e+01,2.358383e+01,2.364493e+01,2.364493e+01,2.361099e+01,2.375346e+01,2.357025e+01,2.365850e+01,2.363136e+01,2.352949e+01,2.367207e+01,2.372634e+01,2.362457e+01,2.377380e+01,2.363814e+01,2.367886e+01,2.365850e+01,2.377380e+01,2.360420e+01,2.371956e+01,2.367886e+01,2.367886e+01,2.364493e+01,2.368564e+01,2.364493e+01,2.366529e+01,2.378735e+01,2.372634e+01,2.365172e+01,2.371956e+01,2.374668e+01,2.379413e+01,2.387542e+01,2.377380e+01,2.431464e+01,2.592057e+01,2.689884e+01,2.733876e+01,2.762669e+01,2.778994e+01,2.803109e+01,2.814171e+01,2.830418e+01,2.831067e+01,2.846640e+01,2.847937e+01,2.854418e+01,2.840803e+01,2.838857e+01,2.840803e+01,2.852474e+01,2.851178e+01,2.833015e+01,2.828469e+01,2.842749e+01,2.824572e+01,2.798551e+01,2.789429e+01,2.782908e+01,2.784212e+01,2.782256e+01,2.763322e+01,2.763976e+01,2.752862e+01,2.756132e+01,2.746974e+01,2.763322e+01,2.753516e+01,2.763976e+01,2.752208e+01,2.746974e+01,2.749591e+01,2.763322e+01,2.748282e+01,2.748937e+01,2.746319e+01,2.741737e+01,2.746319e+01,2.743701e+01,2.746974e+01,2.760708e+01,2.747628e+01,2.756786e+01,2.739117e+01,2.750245e+01,2.756786e+01,2.737807e+01,2.729289e+01,2.739117e+01,2.725355e+01,2.721420e+01,2.708948e+01,2.715514e+01,2.697777e+01,2.699749e+01,2.705663e+01,2.691858e+01,2.691858e+01,2.672763e+01,2.664193e+01,2.660235e+01,2.649012e+01,2.641084e+01,2.613948e+01,2.593385e+01,2.572117e+01,2.554804e+01,2.550139e+01,2.531454e+01,2.506713e+01,2.475201e+01,2.479230e+01,2.468484e+01,2.423369e+01,2.438878e+01,2.425393e+01,2.424044e+01,2.440900e+01,2.444941e+01,2.446288e+01,2.444941e+01,2.442247e+01,2.429441e+01,2.408512e+01,2.384155e+01,2.354987e+01,2.354308e+01,2.316877e+01,2.301867e+01,2.308693e+01,2.312786e+01,2.279995e+01,2.299818e+01,2.288202e+01,2.281363e+01,2.287519e+01,2.285467e+01,2.291620e+01,2.291620e+01,2.307328e+01,2.307328e+01,2.298452e+01,2.299135e+01,2.300501e+01,2.290253e+01,2.234048e+01,2.205140e+01,2.189275e+01,2.190655e+01,2.214785e+01,2.212030e+01,2.183751e+01,2.196176e+01,2.203072e+01,2.180988e+01,2.193416e+01,2.201004e+01,2.207207e+01,2.260818e+01,2.284783e+01,2.312786e+01,2.338672e+01,2.351590e+01,2.361778e+01,2.342753e+01,2.358383e+01,2.364493e+01,2.363136e+01,2.344793e+01,2.349552e+01,2.351590e+01,2.350231e+01,2.330504e+01,2.297769e+01,2.256018e+01,2.214096e+01,2.167852e+01,2.153314e+01,2.126955e+01,2.127649e+01,2.128344e+01,2.105400e+01,2.108184e+01,2.088682e+01,2.106792e+01,2.104008e+01,2.109576e+01,2.110272e+01,2.110967e+01,2.106792e+01,2.113750e+01,2.156778e+01,2.192726e+01,2.281363e+01,2.303915e+01,2.344113e+01,2.367886e+01,2.360420e+01,2.379413e+01,2.382123e+01,2.410540e+01,2.405809e+01,2.411215e+01,2.407161e+01,2.407837e+01,2.403781e+01,2.393634e+01,2.401076e+01,2.386865e+01,2.363814e+01,2.365850e+01,2.354308e+01,2.327780e+01,2.350911e+01,2.349552e+01,2.306645e+01,2.317559e+01,2.309375e+01,2.313468e+01,2.293670e+01,2.272465e+01,2.279995e+01,2.276573e+01,2.269726e+01,2.267671e+01,2.253960e+01,2.249844e+01,2.249844e+01,2.248471e+01,2.242979e+01,2.244352e+01,2.240232e+01,2.254646e+01,2.242979e+01,2.246412e+01,2.246412e+01,2.253275e+01,2.249844e+01,2.234735e+01,2.256704e+01,2.257390e+01,2.257390e+01,2.301867e+01,2.336630e+01,2.365172e+01,2.375346e+01,2.372634e+01,2.357025e+01,2.352949e+01,2.333908e+01,2.354308e+01,2.381446e+01,2.374668e+01,2.386865e+01,2.388896e+01,2.367886e+01,2.372634e+01,2.351590e+01,2.365850e+01,2.344793e+01,2.335950e+01,2.335950e+01,2.331185e+01,2.314832e+01,2.300501e+01,2.298452e+01,2.285467e+01
2.590729e+01,2.604667e+01,2.580762e+01,2.602677e+01,2.607319e+01,2.593385e+01,2.614611e+01,2.614611e+01,2.601350e+01,2.602013e+01,2.617924e+01,2.605993e+01,2.615936e+01,2.605993e+01,2.607319e+01,2.607982e+01,2.609309e+01,2.609971e+01,2.615274e+01,2.614611e+01,2.600686e+01,2.601350e+01,2.623222e+01,2.604004e+01,2.609971e+01,2.618586e+01,2.609309e+01,2.608646e+01,2.617261e+01,2.612623e+01,2.610634e+01,2.610634e+01,2.612623e+01,2.592721e+01,2.594049e+01,2.591393e+01,2.594713e+01,2.564796e+01,2.577438e+01,2.576773e+01,2.562798e+01,2.569455e+01,2.570121e+01,2.562798e+01,2.558802e+01,2.568790e+01,2.562798e+01,2.562132e+01,2.570121e+01,2.569455e+01,2.568124e+01,2.546138e+01,2.544137e+01,2.551472e+01,2.519426e+01,2.518757e+01,2.512737e+01,2.509391e+01,2.495997e+01,2.498007e+01,2.468484e+01,2.459746e+01,2.444941e+01,2.434835e+01,2.423369e+01,2.417294e+01,2.419319e+01,2.392958e+01,2.392958e+01,2.396341e+01,2.410540e+01,2.386865e+01,2.391604e+01,2.405133e+01,2.403781e+01,2.410540e+01,2.421344e+01,2.432138e+01,2.431464e+01,2.432812e+01,2.471844e+01,2.448308e+01,2.451673e+01,2.443594e+01,2.465796e+01,2.472515e+01,2.497337e+01,2.479230e+01,2.495997e+01,2.501357e+01,2.467141e+01,2.459073e+01,2.456383e+01,2.428766e+01,2.416619e+01,2.409188e+01,2.434835e+01,2.462436e+01,2.475873e+01,2.486610e+01,2.489293e+01,2.479901e+01,2.471844e+01,2.461763e+01,2.453019e+01,2.451673e+01,2.461091e+01,2.451000e+01,2.477216e+01,2.459746e+01,2.452346e+01,2.449654e+01,2.427417e+01,2.451000e+01,2.449654e+01,2.431464e+01,2.434835e+01,2.463780e+01,2.464452e+01,2.442921e+01,2.443594e+01,2.455710e+01,2.445614e+01,2.446288e+01,2.450327e+01,2.442247e+01,2.438205e+01,2.432812e+01,2.432812e+01,2.415268e+01,2.416619e+01,2.387542e+01,2.383478e+01,2.392958e+01,2.386187e+01,2.401752e+01,2.408512e+01,2.413917e+01,2.418644e+01,2.427417e+01,2.429441e+01,2.420670e+01,2.379413e+01,2.340032e+01,2.316877e+01,2.314150e+01,2.323693e+01,2.321649e+01,2.323012e+01,2.349552e+01,2.373990e+01,2.371956e+01,2.391604e+01,2.394311e+01,2.407161e+01,2.419994e+01,2.425393e+01,2.422694e+01,2.419319e+01,2.432812e+01,2.417294e+01,2.445614e+01,2.438878e+01,2.458401e+01,2.460419e+01,2.487952e+01,2.481914e+01,2.487281e+01,2.489964e+01,2.484598e+01,2.482585e+01,2.483256e+01,2.466469e+01,2.469156e+01,2.432138e+01,2.389573e+01,2.338672e+01,2.297086e+01,2.289569e+01,2.290937e+01,2.279995e+01,2.283415e+01,2.288202e+01,2.299818e+01,2.293670e+01,2.304598e+01,2.308010e+01,2.324374e+01,2.342073e+01,2.337311e+01,2.344113e+01,2.339352e+01,2.332547e+01,2.333908e+01,2.333228e+01,2.331866e+01,2.330504e+01,2.321649e+01,2.319604e+01,2.318241e+01,2.323012e+01,2.320286e+01,2.314150e+01,2.331866e+01,2.323012e+01,2.325737e+01,2.329142e+01,2.331185e+01,2.346153e+01,2.345473e+01,2.343433e+01,2.345473e+01,2.333908e+01,2.345473e+01,2.348872e+01,2.343433e+01,2.350911e+01,2.350911e+01,2.337991e+01,2.349552e+01,2.357704e+01,2.345473e+01,2.356346e+01,2.329142e+01,2.350231e+01,2.352270e+01,2.352270e+01,2.350231e+01,2.349552e+01,2.350231e+01,2.360420e+01,2.375346e+01,2.357704e+01,2.357025e+01,2.364493e+01,2.365172e+01,2.362457e+01,2.365172e+01,2.384155e+01,2.367207e+01,2.373312e+01,2.380091e+01,2.387542e+01,2.378057e+01,2.397018e+01,2.397694e+01,2.407837e+01,2.405809e+01,2.407837e+01,2.416619e+01,2.426743e+01,2.428092e+01,2.432812e+01,2.425393e+01,2.426743e+01,2.434835e+01,2.442921e+01,2.441573e+01,2.440900e+01,2.433487e+01,2.416619e+01,2.409864e+01,2.392281e+01,2.367886e+01,2.383478e+01,2.382801e+01,2.378735e+01,2.375346e+01,2.373312e+01,2.373312e+01,2.388219e+01,2.373990e+01,2.371956e+01,2.370599e+01,2.370599e+01,2.382123e+01,2.383478e+01,2.373312e+01,2.375346e+01,2.375346e+01,2.377380e+01,2.374668e+01,2.373312e+01,2.365172e+01,2.363136e+01,2.374668e+01,2.373312e+01,2.378735e+01,2.380768e+01,2.380091e+01,2.376024e+01,2.380768e+01,2.374668e+01,2.382801e+01,2.380091e+01,2.371956e+01,2.380091e+01,2.379413e+01,2.376024e+01,2.378735e+01,2.369921e+01,2.370599e+01,2.373312e+01,2.371956e+01,2.374668e+01,2.365850e+01,2.369921e+01,2.372634e+01,2.366529e+01,2.382801e+01,2.367207e+01,2.379413e+01,2.377380e+01,2.372634e+01,2.372634e+01,2.365172e+01,2.376024e+01,2.367886e+01,2.371277e+01,2.366529e+01,2.359741e+01,2.366529e+01,2.361778e+01,2.363136e+01,2.360420e+01,2.359062e+01,2.378735e+01,2.365172e+01,2.359741e+01,2.358383e+01,2.364493e+01,2.366529e+01,2.361099e+01,2.367886e+01,2.353629e+01,2.359062e+01,2.360420e+01,2.360420e+01,2.362457e+01,2.367886e+01,2.363136e+01,2.363136e+01,2.359741e+01,2.354308e+01,2.351590e+01,2.373312e+01,2.350911e+01,2.370599e+01,2.367207e+01,2.369242e+01,2.349552e+01,2.369921e+01,2.361099e+01,2.357704e+01,2.350911e+01,2.354987e+01,2.348872e+01,2.357025e+01,2.356346e+01,2.359741e+01,2.344793e+01,2.344793e+01,2.363814e+01,2.352949e+01,2.350911e+01,2.354308e+01,2.356346e+01,2.340032e+01,2.356346e+01,2.359741e+01,2.365850e+01,2.355667e+01,2.359062e+01,2.357704e+01,2.355667e+01,2.357025e+01,2.359062e+01,2.357025e+01,2.362457e+01,2.351590e+01,2.363814e+01,2.357704e+01,2.359062e+01,2.363136e+01,2.361099e+01,2.363136e+01,2.363136e+01,2.361099e+01,2.352270e+01,2.361099e+01,2.360420e+01,2.363136e+01,2.359062e+01,2.366529e+01,2.369242e+01,2.365850e+01,2.367207e+01,2.369242e+01,2.365172e+01,2.365172e+01,2.371277e+01,2.366529e+01,2.375346e+01,2.372634e+01,2.384833e+01,2.377380e+01,2.378057e+01,2.427417e+01,2.569455e+01,2.678034e+01,2.720107e+01,2.758093e+01,2.760708e+01,2.801156e+01,2.812220e+01,2.833015e+01,2.829768e+01,2.845343e+01,2.836261e+01,2.847289e+01,2.842100e+01,2.851826e+01,2.838208e+01,2.846640e+01,2.842100e+01,2.844046e+01,2.828469e+01,2.828469e+01,2.821323e+01,2.798551e+01,2.792687e+01,2.798551e+01,2.788777e+01,2.778341e+01,2.769202e+01,2.772467e+01,2.752862e+01,2.757440e+01,2.755478e+01,2.745010e+01,2.753516e+01,2.753516e+01,2.756786e+01,2.763976e+01,2.752208e+01,2.748937e+01,2.748937e+01,2.747628e+01,2.737807e+01,2.740427e+01,2.746974e+01,2.747628e+01,2.759401e+01,2.745665e+01,2.758747e+01,2.763976e+01,2.748282e+01,2.754824e+01,2.750245e+01,2.742391e+01,2.746974e+01,2.727978e+01,2.719451e+01,2.719451e+01,2.719451e+01,2.717483e+01,2.699749e+01,2.714857e+01,2.712231e+01,2.705006e+01,2.689884e+01,2.690542e+01,2.670127e+01,2.656275e+01,2.650333e+01,2.620573e+01,2.614611e+01,2.601350e+01,2.588736e+01,2.556804e+01,2.556804e+01,2.536129e+01,2.505375e+01,2.483256e+01,2.471172e+01,2.479230e+01,2.446288e+01,2.432138e+01,2.428766e+01,2.435509e+01,2.446288e+01,2.438205e+01,2.442921e+01,2.442921e+01,2.430115e+01,2.428766e+01,2.376024e+01,2.363136e+01,2.342073e+01,2.323693e+01,2.329823e+01,2.307328e+01,2.299818e+01,2.299135e+01,2.283415e+01,2.293670e+01,2.289569e+01,2.287519e+01,2.280679e+01,2.286835e+01,2.286151e+01,2.282731e+01,2.285467e+01,2.296403e+01,2.296403e+01,2.308010e+01,2.315514e+01,2.318241e+01,2.292303e+01,2.273150e+01,2.247098e+01,2.206518e+01,2.192726e+01,2.199624e+01,2.196176e+01,2.187204e+01,2.183060e+01,2.199624e+01,2.196176e+01,2.189275e+01,2.225797e+01,2.219604e+01,2.242979e+01,2.266986e+01,2.312786e+01,2.314150e+01,2.328461e+01,2.344793e+01,2.350911e+01,2.348872e+01,2.346153e+01,2.341393e+01,2.350911e+01,2.344793e+01,2.330504e+01,2.293670e+01,2.251902e+01,2.200314e+01,2.167160e+01,2.130427e+01,2.124871e+01,2.099831e+01,2.097741e+01,2.106792e+01,2.106792e+01,2.103312e+01,2.086590e+01,2.105400e+01,2.108184e+01,2.103312e+01,2.107488e+01,2.120007e+01,2.130427e+01,2.167160e+01,2.230611e+01,2.282047e+01,2.349552e+01,2.352270e+01,2.370599e+01,2.368564e+01,2.376024e+01,2.376024e+01,2.382123e+01,2.407837e+01,2.407837e+01,2.384155e+01,2.409864e+01,2.408512e+01,2.412566e+01,2.394988e+01,2.390927e+01,2.387542e+01,2.379413e+01,2.384833e+01,2.371956e+01,2.366529e+01,2.348192e+01,2.323012e+01,2.351590e+01,2.323012e+01,2.309375e+01,2.320967e+01,2.308010e+01,2.299818e+01,2.272465e+01,2.272465e+01,2.292987e+01,2.269726e+01,2.257390e+01,2.253275e+01,2.247785e+01,2.253960e+01,2.249158e+01,2.245725e+01,2.242292e+01,2.227860e+01,2.241605e+01,2.228548e+01,2.242979e+01,2.242979e+01,2.248471e+01,2.234048e+01,2.231298e+01,2.252588e+01,2.256704e+01,2.303232e+01,2.316877e+01,2.357704e+01,2.368564e+01,2.375346e+01,2.363136e+01,2.370599e+01,2.352949e+01,2.352270e+01,2.371956e+01,2.382123e+01,2.371277e+01,2.373312e+01,2.377380e+01,2.371956e+01,2.350911e+01,2.337311e+01,2.339352e+01,2.344793e+01,2.330504e+01,2.312104e+01,2.301184e+01,2.299818e+01,2.293670e+01,2.284783e+01
2.591393e+01,2.591393e+01,2.607982e+01,2.602013e+01,2.589401e+01,2.603340e+01,2.612623e+01,2.614611e+01,2.603340e+01,2.609309e+01,2.591393e+01,2.611297e+01,2.602013e+01,2.600686e+01,2.614611e+01,2.608646e+01,2.615936e+01,2.613948e+01,2.607319e+01,2.620573e+01,2.608646e+01,2.598032e+01,2.605993e+01,2.602013e+01,2.615936e+01,2.600023e+01,2.604667e+01,2.606656e+01,2.613948e+01,2.596041e+01,2.612623e+01,2.585415e+01,2.590065e+01,2.605330e+01,2.584750e+01,2.590729e+01,2.585415e+01,2.584750e+01,2.581427e+01,2.577438e+01,2.564796e+01,2.580762e+01,2.590065e+01,2.584750e+01,2.584750e+01,2.604004e+01,2.605993e+01,2.585415e+01,2.595377e+01,2.571451e+01,2.581427e+01,2.590065e+01,2.577438e+01,2.551472e+01,2.553472e+01,2.555471e+01,2.538131e+01,2.529451e+01,2.520094e+01,2.512737e+01,2.507383e+01,2.483927e+01,2.472515e+01,2.461091e+01,2.450327e+01,2.423369e+01,2.414593e+01,2.416619e+01,2.409864e+01,2.417969e+01,2.389573e+01,2.385510e+01,2.387542e+01,2.402428e+01,2.389573e+01,2.402428e+01,2.403105e+01,2.430790e+01,2.419994e+01,2.427417e+01,2.432138e+01,2.434161e+01,2.441573e+01,2.450327e+01,2.458401e+01,2.455038e+01,2.477216e+01,2.479230e+01,2.479230e+01,2.476544e+01,2.470500e+01,2.453019e+01,2.422694e+01,2.419994e+01,2.413917e+01,2.407161e+01,2.430115e+01,2.436183e+01,2.460419e+01,2.467141e+01,2.471172e+01,2.486610e+01,2.483256e+01,2.471844e+01,2.472515e+01,2.459746e+01,2.477216e+01,2.465796e+01,2.458401e+01,2.457056e+01,2.477887e+01,2.473858e+01,2.472515e+01,2.463780e+01,2.456383e+01,2.468484e+01,2.465124e+01,2.466469e+01,2.457728e+01,2.463780e+01,2.456383e+01,2.466469e+01,2.461091e+01,2.448981e+01,2.461763e+01,2.447635e+01,2.441573e+01,2.446288e+01,2.430790e+01,2.434835e+01,2.417969e+01,2.414593e+01,2.391604e+01,2.399047e+01,2.394988e+01,2.392281e+01,2.405133e+01,2.407837e+01,2.419994e+01,2.428092e+01,2.422694e+01,2.405133e+01,2.392281e+01,2.357704e+01,2.327780e+01,2.309375e+01,2.327099e+01,2.312786e+01,2.323012e+01,2.350231e+01,2.357025e+01,2.398371e+01,2.400400e+01,2.397694e+01,2.402428e+01,2.422019e+01,2.408512e+01,2.417969e+01,2.424719e+01,2.415943e+01,2.432812e+01,2.432138e+01,2.439552e+01,2.458401e+01,2.459073e+01,2.478558e+01,2.487952e+01,2.489964e+01,2.502696e+01,2.489293e+01,2.483927e+01,2.465124e+01,2.466469e+01,2.438205e+01,2.440226e+01,2.414593e+01,2.371956e+01,2.301184e+01,2.277257e+01,2.279995e+01,2.284783e+01,2.292987e+01,2.301184e+01,2.289569e+01,2.294353e+01,2.293670e+01,2.320286e+01,2.340713e+01,2.342753e+01,2.347513e+01,2.334589e+01,2.333908e+01,2.328461e+01,2.333908e+01,2.331866e+01,2.320967e+01,2.325056e+01,2.328461e+01,2.325737e+01,2.321649e+01,2.321649e+01,2.324374e+01,2.322330e+01,2.323693e+01,2.332547e+01,2.327099e+01,2.331866e+01,2.329142e+01,2.329142e+01,2.345473e+01,2.346833e+01,2.329823e+01,2.348872e+01,2.348872e+01,2.346153e+01,2.344113e+01,2.348192e+01,2.354987e+01,2.345473e+01,2.343433e+01,2.350231e+01,2.344113e+01,2.354987e+01,2.346153e+01,2.344113e+01,2.342753e+01,2.340032e+01,2.353629e+01,2.357704e+01,2.355667e+01,2.364493e+01,2.354987e+01,2.355667e+01,2.354987e+01,2.353629e+01,2.357025e+01,2.363136e+01,2.365850e+01,2.369242e+01,2.367886e+01,2.382801e+01,2.390250e+01,2.398371e+01,2.395664e+01,2.401076e+01,2.407837e+01,2.406485e+01,2.408512e+01,2.416619e+01,2.422694e+01,2.426743e+01,2.426068e+01,2.428092e+01,2.430115e+01,2.428766e+01,2.438878e+01,2.441573e+01,2.443594e+01,2.444268e+01,2.434161e+01,2.422694e+01,2.424719e+01,2.394311e+01,2.372634e+01,2.392281e+01,2.376024e+01,2.380091e+01,2.376024e+01,2.373312e+01,2.372634e+01,2.371956e+01,2.382123e+01,2.377380e+01,2.386187e+01,2.375346e+01,2.372634e+01,2.369242e+01,2.381446e+01,2.374668e+01,2.373312e+01,2.363136e+01,2.374668e+01,2.383478e+01,2.384155e+01,2.373990e+01,2.380768e+01,2.371277e+01,2.375346e+01,2.375346e+01,2.375346e+01,2.360420e+01,2.375346e+01,2.378057e+01,2.375346e+01,2.376702e+01,2.367886e+01,2.383478e+01,2.374668e+01,2.374668e+01,2.381446e+01,2.373990e+01,2.371277e+01,2.373312e+01,2.380091e+01,2.381446e+01,2.367207e+01,2.376024e+01,2.376024e+01,2.365850e+01,2.367207e+01,2.367207e+01,2.367886e+01,2.376702e+01,2.371277e+01,2.369921e+01,2.363814e+01,2.371956e+01,2.363814e+01,2.359062e+01,2.369921e+01,2.371277e+01,2.367886e+01,2.363136e+01,2.358383e+01,2.359741e+01,2.363814e+01,2.366529e+01,2.360420e+01,2.358383e+01,2.361778e+01,2.362457e+01,2.364493e+01,2.372634e+01,2.371277e+01,2.363136e+01,2.359062e+01,2.355667e+01,2.360420e+01,2.363136e+01,2.362457e+01,2.352270e+01,2.371277e+01,2.360420e+01,2.352270e+01,2.372634e+01,2.361778e+01,2.357025e+01,2.361778e+01,2.365850e+01,2.366529e+01,2.365850e+01,2.349552e+01,2.348872e+01,2.354308e+01,2.356346e+01,2.354308e+01,2.357704e+01,2.357025e+01,2.357025e+01,2.345473e+01,2.354987e+01,2.363814e+01,2.362457e+01,2.362457e+01,2.357025e+01,2.358383e+01,2.351590e+01,2.364493e+01,2.357704e+01,2.357025e+01,2.359741e+01,2.361099e+01,2.358383e+01,2.353629e+01,2.350911e+01,2.363136e+01,2.357704e+01,2.342753e+01,2.357704e+01,2.358383e+01,2.357025e+01,2.369242e+01,2.355667e+01,2.355667e+01,2.361099e+01,2.359741e+01,2.361778e+01,2.361778e+01,2.359741e+01,2.372634e+01,2.357025e+01,2.369242e+01,2.367886e+01,2.354987e+01,2.369921e+01,2.373990e+01,2.368564e+01,2.370599e+01,2.367886e+01,2.370599e+01,2.366529e+01,2.369242e+01,2.375346e+01,2.382123e+01,2.383478e+01,2.378057e+01,2.380091e+01,2.432812e+01,2.568790e+01,2.683961e+01,2.730600e+01,2.754170e+01,2.790080e+01,2.816122e+01,2.829119e+01,2.828469e+01,2.838857e+01,2.846640e+01,2.849234e+01,2.845992e+01,2.853122e+01,2.851826e+01,2.845992e+01,2.854418e+01,2.841452e+01,2.848585e+01,2.826521e+01,2.849882e+01,2.822622e+01,2.798551e+01,2.788777e+01,2.786169e+01,2.790732e+01,2.777689e+01,2.772467e+01,2.782908e+01,2.765936e+01,2.773120e+01,2.762015e+01,2.754824e+01,2.752208e+01,2.765282e+01,2.765936e+01,2.762669e+01,2.754824e+01,2.765282e+01,2.758747e+01,2.745665e+01,2.745010e+01,2.754170e+01,2.748282e+01,2.747628e+01,2.762015e+01,2.760055e+01,2.760055e+01,2.765936e+01,2.745665e+01,2.750245e+01,2.755478e+01,2.746974e+01,2.739772e+01,2.725355e+01,2.734532e+01,2.725355e+01,2.733876e+01,2.718795e+01,2.729289e+01,2.722075e+01,2.723387e+01,2.706977e+01,2.706320e+01,2.699092e+01,2.688568e+01,2.673422e+01,2.652975e+01,2.633810e+01,2.631164e+01,2.625208e+01,2.605330e+01,2.570121e+01,2.568790e+01,2.550805e+01,2.525442e+01,2.507383e+01,2.477887e+01,2.473858e+01,2.448308e+01,2.439552e+01,2.447635e+01,2.446288e+01,2.442921e+01,2.442921e+01,2.439552e+01,2.429441e+01,2.396341e+01,2.399723e+01,2.377380e+01,2.354308e+01,2.356346e+01,2.333228e+01,2.332547e+01,2.322330e+01,2.304598e+01,2.298452e+01,2.297769e+01,2.299135e+01,2.302550e+01,2.288886e+01,2.299818e+01,2.290937e+01,2.300501e+01,2.293670e+01,2.293670e+01,2.304598e+01,2.327099e+01,2.315514e+01,2.317559e+01,2.316195e+01,2.320286e+01,2.318241e+01,2.307328e+01,2.286835e+01,2.251216e+01,2.222357e+01,2.203072e+01,2.204451e+01,2.184441e+01,2.188585e+01,2.192036e+01,2.198245e+01,2.192726e+01,2.207897e+01,2.233360e+01,2.242292e+01,2.267671e+01,2.269041e+01,2.302550e+01,2.313468e+01,2.322330e+01,2.319604e+01,2.323012e+01,2.345473e+01,2.334589e+01,2.340032e+01,2.310057e+01,2.248471e+01,2.198935e+01,2.167852e+01,2.156778e+01,2.119312e+01,2.097741e+01,2.106096e+01,2.126260e+01,2.096348e+01,2.096348e+01,2.107488e+01,2.104704e+01,2.106792e+01,2.096348e+01,2.115141e+01,2.116531e+01,2.131122e+01,2.195486e+01,2.248471e+01,2.282731e+01,2.329142e+01,2.367886e+01,2.359741e+01,2.360420e+01,2.373990e+01,2.385510e+01,2.379413e+01,2.378057e+01,2.379413e+01,2.388896e+01,2.401752e+01,2.398371e+01,2.404457e+01,2.405809e+01,2.407837e+01,2.391604e+01,2.394311e+01,2.391604e+01,2.386187e+01,2.392958e+01,2.383478e+01,2.372634e+01,2.352949e+01,2.337311e+01,2.354987e+01,2.343433e+01,2.327099e+01,2.310739e+01,2.298452e+01,2.303915e+01,2.275204e+01,2.277257e+01,2.273150e+01,2.276573e+01,2.261503e+01,2.241605e+01,2.250530e+01,2.242979e+01,2.242979e+01,2.245725e+01,2.240232e+01,2.243666e+01,2.245725e+01,2.244352e+01,2.239545e+01,2.238858e+01,2.238171e+01,2.247785e+01,2.238171e+01,2.254646e+01,2.274519e+01,2.325056e+01,2.358383e+01,2.371956e+01,2.376024e+01,2.373312e+01,2.374668e+01,2.348872e+01,2.356346e+01,2.346833e+01,2.384833e+01,2.389573e+01,2.365850e+01,2.373990e+01,2.373312e+01,2.342073e+01,2.344793e+01,2.329823e+01,2.323693e+01,2.330504e+01,2.324374e+01,2.315514e+01,2.317559e+01,2.296403e+01,2.293670e+01
2.577438e+01,2.592721e+01,2.592721e+01,2.579433e+01,2.607982e+01,2.576773e+01,2.598696e+01,2.594049e+01,2.610634e+01,2.594049e+01,2.596704e+01,2.596041e+01,2.592057e+01,2.597368e+01,2.605330e+01,2.602677e+01,2.606656e+01,2.609309e+01,2.613948e+01,2.595377e+01,2.600023e+01,2.597368e+01,2.609309e+01,2.601350e+01,2.611297e+01,2.602677e+01,2.607982e+01,2.598032e+01,2.602677e+01,2.611960e+01,2.595377e+01,2.609971e+01,2.598696e+01,2.596041e+01,2.602677e+01,2.607319e+01,2.584085e+01,2.590729e+01,2.588072e+01,2.590729e+01,2.593385e+01,2.594713e+01,2.600023e+01,2.594049e+01,2.612623e+01,2.605993e+01,2.610634e+01,2.604004e+01,2.602013e+01,2.582092e+01,2.590729e+01,2.583421e+01,2.572117e+01,2.566793e+01,2.558136e+01,2.568124e+01,2.551472e+01,2.537464e+01,2.534793e+01,2.529451e+01,2.527446e+01,2.519426e+01,2.483927e+01,2.477887e+01,2.472515e+01,2.461091e+01,2.430115e+01,2.453692e+01,2.418644e+01,2.417294e+01,2.409864e+01,2.411215e+01,2.386865e+01,2.393634e+01,2.392958e+01,2.381446e+01,2.396341e+01,2.390927e+01,2.404457e+01,2.392281e+01,2.406485e+01,2.417969e+01,2.426068e+01,2.426743e+01,2.420670e+01,2.423369e+01,2.451673e+01,2.458401e+01,2.459073e+01,2.471844e+01,2.469828e+01,2.461763e+01,2.432812e+01,2.427417e+01,2.417294e+01,2.429441e+01,2.416619e+01,2.426068e+01,2.427417e+01,2.467813e+01,2.463108e+01,2.468484e+01,2.470500e+01,2.473187e+01,2.473187e+01,2.472515e+01,2.478558e+01,2.474530e+01,2.476544e+01,2.477887e+01,2.477887e+01,2.488622e+01,2.477887e+01,2.492645e+01,2.473858e+01,2.469156e+01,2.461763e+01,2.464452e+01,2.463108e+01,2.461091e+01,2.469156e+01,2.451673e+01,2.463108e+01,2.450327e+01,2.459746e+01,2.449654e+01,2.457056e+01,2.455710e+01,2.450327e+01,2.448308e+01,2.436183e+01,2.440226e+01,2.421344e+01,2.407161e+01,2.405133e+01,2.405809e+01,2.422694e+01,2.426068e+01,2.436183e+01,2.430790e+01,2.436183e+01,2.413917e+01,2.388896e+01,2.355667e+01,2.340032e+01,2.323693e+01,2.323693e+01,2.334589e+01,2.336630e+01,2.352270e+01,2.382801e+01,2.400400e+01,2.414593e+01,2.410540e+01,2.419994e+01,2.413242e+01,2.422019e+01,2.425393e+01,2.434835e+01,2.443594e+01,2.429441e+01,2.428766e+01,2.413917e+01,2.404457e+01,2.393634e+01,2.422019e+01,2.444268e+01,2.456383e+01,2.479230e+01,2.487952e+01,2.483927e+01,2.470500e+01,2.477887e+01,2.463780e+01,2.440900e+01,2.378057e+01,2.331866e+01,2.264245e+01,2.297769e+01,2.275204e+01,2.282731e+01,2.296403e+01,2.296403e+01,2.302550e+01,2.308010e+01,2.309375e+01,2.321649e+01,2.346833e+01,2.346153e+01,2.336630e+01,2.340032e+01,2.335269e+01,2.331866e+01,2.329142e+01,2.329142e+01,2.327099e+01,2.337991e+01,2.329823e+01,2.320286e+01,2.325737e+01,2.324374e+01,2.323693e+01,2.325056e+01,2.324374e+01,2.325056e+01,2.333228e+01,2.337311e+01,2.348192e+01,2.344113e+01,2.346153e+01,2.345473e+01,2.339352e+01,2.345473e+01,2.344113e+01,2.348872e+01,2.348192e+01,2.358383e+01,2.339352e+01,2.356346e+01,2.361099e+01,2.342753e+01,2.350231e+01,2.337991e+01,2.347513e+01,2.349552e+01,2.339352e+01,2.344793e+01,2.355667e+01,2.350911e+01,2.344113e+01,2.354308e+01,2.352270e+01,2.364493e+01,2.354987e+01,2.357025e+01,2.364493e+01,2.362457e+01,2.357704e+01,2.364493e+01,2.369921e+01,2.380091e+01,2.397018e+01,2.386865e+01,2.402428e+01,2.406485e+01,2.409188e+01,2.407161e+01,2.411215e+01,2.422694e+01,2.424044e+01,2.416619e+01,2.420670e+01,2.430115e+01,2.443594e+01,2.438878e+01,2.460419e+01,2.444268e+01,2.448981e+01,2.451673e+01,2.451673e+01,2.430790e+01,2.409864e+01,2.406485e+01,2.380768e+01,2.379413e+01,2.376024e+01,2.383478e+01,2.373990e+01,2.372634e+01,2.372634e+01,2.387542e+01,2.375346e+01,2.367886e+01,2.370599e+01,2.384833e+01,2.375346e+01,2.384155e+01,2.367207e+01,2.372634e+01,2.380768e+01,2.372634e+01,2.380768e+01,2.373312e+01,2.377380e+01,2.381446e+01,2.377380e+01,2.373990e+01,2.382123e+01,2.373990e+01,2.382123e+01,2.374668e+01,2.369921e+01,2.367886e+01,2.366529e+01,2.368564e+01,2.376024e+01,2.378735e+01,2.373312e+01,2.378735e+01,2.373312e+01,2.376024e+01,2.367207e+01,2.368564e+01,2.369242e+01,2.365172e+01,2.374668e+01,2.364493e+01,2.365850e+01,2.378735e+01,2.365850e+01,2.366529e+01,2.365172e+01,2.368564e+01,2.375346e+01,2.342753e+01,2.369242e+01,2.367207e+01,2.371277e+01,2.359741e+01,2.367886e+01,2.352949e+01,2.361099e+01,2.363136e+01,2.364493e+01,2.359062e+01,2.359741e+01,2.377380e+01,2.364493e+01,2.358383e+01,2.357704e+01,2.357025e+01,2.361778e+01,2.354987e+01,2.360420e+01,2.376024e+01,2.359741e+01,2.354308e+01,2.361778e+01,2.367207e+01,2.374668e+01,2.361778e+01,2.367886e+01,2.361099e+01,2.363814e+01,2.353629e+01,2.357025e+01,2.354308e+01,2.352270e+01,2.349552e+01,2.365850e+01,2.359062e+01,2.354308e+01,2.359062e+01,2.352949e+01,2.346833e+01,2.354987e+01,2.358383e+01,2.357704e+01,2.361099e+01,2.363814e+01,2.357025e+01,2.350231e+01,2.348192e+01,2.341393e+01,2.344793e+01,2.362457e+01,2.355667e+01,2.355667e+01,2.360420e+01,2.359062e+01,2.358383e+01,2.361778e+01,2.374668e+01,2.357704e+01,2.352270e+01,2.364493e+01,2.359062e+01,2.361778e+01,2.364493e+01,2.369921e+01,2.367886e+01,2.352270e+01,2.363814e+01,2.361099e+01,2.359741e+01,2.360420e+01,2.359741e+01,2.361778e+01,2.357025e+01,2.374668e+01,2.363814e+01,2.368564e+01,2.363814e+01,2.352949e+01,2.367886e+01,2.354987e+01,2.369242e+01,2.370599e+01,2.367207e+01,2.373312e+01,2.369921e+01,2.373312e+01,2.367207e+01,2.378057e+01,2.378735e+01,2.381446e+01,2.379413e+01,2.407161e+01,2.542135e+01,2.678693e+01,2.729944e+01,2.754824e+01,2.774425e+01,2.785517e+01,2.816122e+01,2.829768e+01,2.829768e+01,2.847289e+01,2.844695e+01,2.846640e+01,2.851826e+01,2.850530e+01,2.861543e+01,2.876426e+01,2.859601e+01,2.843398e+01,2.831067e+01,2.844046e+01,2.827820e+01,2.805713e+01,2.807665e+01,2.795294e+01,2.794642e+01,2.777036e+01,2.771161e+01,2.777036e+01,2.770508e+01,2.768549e+01,2.769202e+01,2.776383e+01,2.758747e+01,2.763976e+01,2.769202e+01,2.758093e+01,2.766589e+01,2.769202e+01,2.746319e+01,2.762015e+01,2.748282e+01,2.750900e+01,2.752208e+01,2.762669e+01,2.769202e+01,2.775731e+01,2.769855e+01,2.776383e+01,2.767896e+01,2.767896e+01,2.751554e+01,2.741737e+01,2.752862e+01,2.746974e+01,2.743701e+01,2.729944e+01,2.735842e+01,2.725355e+01,2.736497e+01,2.729289e+01,2.729944e+01,2.710918e+01,2.716170e+01,2.695147e+01,2.694489e+01,2.687252e+01,2.667490e+01,2.665512e+01,2.648352e+01,2.635133e+01,2.609971e+01,2.592057e+01,2.559468e+01,2.519426e+01,2.517419e+01,2.500687e+01,2.483256e+01,2.458401e+01,2.452346e+01,2.452346e+01,2.444268e+01,2.436183e+01,2.438205e+01,2.441573e+01,2.451000e+01,2.399047e+01,2.400400e+01,2.378057e+01,2.388896e+01,2.373312e+01,2.354987e+01,2.329142e+01,2.331866e+01,2.318923e+01,2.317559e+01,2.312104e+01,2.308010e+01,2.302550e+01,2.286835e+01,2.286151e+01,2.304598e+01,2.310057e+01,2.302550e+01,2.299135e+01,2.316195e+01,2.311422e+01,2.303915e+01,2.341393e+01,2.316877e+01,2.320286e+01,2.359741e+01,2.361099e+01,2.337311e+01,2.335269e+01,2.318241e+01,2.294353e+01,2.231986e+01,2.205140e+01,2.201693e+01,2.205829e+01,2.206518e+01,2.207207e+01,2.211341e+01,2.217539e+01,2.203761e+01,2.240919e+01,2.231986e+01,2.267671e+01,2.266301e+01,2.290937e+01,2.304598e+01,2.292303e+01,2.320286e+01,2.324374e+01,2.319604e+01,2.317559e+01,2.258076e+01,2.216851e+01,2.173385e+01,2.144998e+01,2.124176e+01,2.121397e+01,2.104704e+01,2.101920e+01,2.109576e+01,2.110967e+01,2.117226e+01,2.124871e+01,2.102616e+01,2.120007e+01,2.138756e+01,2.139450e+01,2.175459e+01,2.205140e+01,2.249844e+01,2.283415e+01,2.334589e+01,2.351590e+01,2.360420e+01,2.357025e+01,2.382801e+01,2.375346e+01,2.373312e+01,2.397018e+01,2.393634e+01,2.392958e+01,2.394988e+01,2.401752e+01,2.405133e+01,2.403781e+01,2.428092e+01,2.428766e+01,2.409864e+01,2.401076e+01,2.397694e+01,2.399047e+01,2.385510e+01,2.391604e+01,2.389573e+01,2.376702e+01,2.354987e+01,2.353629e+01,2.339352e+01,2.323693e+01,2.335269e+01,2.320967e+01,2.298452e+01,2.295037e+01,2.275204e+01,2.272465e+01,2.269041e+01,2.266301e+01,2.256018e+01,2.269726e+01,2.266986e+01,2.241605e+01,2.235422e+01,2.245039e+01,2.258076e+01,2.249844e+01,2.242292e+01,2.231298e+01,2.247098e+01,2.231298e+01,2.253275e+01,2.256018e+01,2.256018e+01,2.303915e+01,2.320286e+01,2.342753e+01,2.380091e+01,2.376702e+01,2.379413e+01,2.376024e+01,2.357704e+01,2.341393e+01,2.369921e+01,2.371956e+01,2.396341e+01,2.392281e+01,2.384155e+01,2.369242e+01,2.355667e+01,2.340032e+01,2.333228e+01,2.333228e+01,2.329142e+01,2.315514e+01,2.294353e+01,2.292987e+01,2.289569e+01,2.288886e+01
2.581427e+01,2.574778e+01,2.584085e+01,2.584750e+01,2.580097e+01,2.577438e+01,2.583421e+01,2.597368e+01,2.586079e+01,2.585415e+01,2.599359e+01,2.590729e+01,2.608646e+01,2.612623e+01,2.595377e+01,2.596704e+01,2.599359e+01,2.580097e+01,2.597368e+01,2.610634e+01,2.600023e+01,2.600023e+01,2.598696e+01,2.593385e+01,2.600023e+01,2.597368e+01,2.597368e+01,2.599359e+01,2.599359e+01,2.596041e+01,2.592721e+01,2.597368e+01,2.591393e+01,2.594713e+01,2.596041e+01,2.584085e+01,2.605993e+01,2.596041e+01,2.598032e+01,2.594713e+01,2.594049e+01,2.611960e+01,2.614611e+01,2.613948e+01,2.613286e+01,2.605330e+01,2.609309e+01,2.604004e+01,2.604667e+01,2.605330e+01,2.594049e+01,2.589401e+01,2.580762e+01,2.586079e+01,2.574113e+01,2.560134e+01,2.558802e+01,2.554804e+01,2.552805e+01,2.545471e+01,2.516082e+01,2.515413e+01,2.510730e+01,2.495326e+01,2.472515e+01,2.486610e+01,2.465124e+01,2.455710e+01,2.446961e+01,2.432812e+01,2.416619e+01,2.417969e+01,2.407161e+01,2.396341e+01,2.383478e+01,2.395664e+01,2.396341e+01,2.387542e+01,2.379413e+01,2.378735e+01,2.389573e+01,2.387542e+01,2.422694e+01,2.394988e+01,2.416619e+01,2.426068e+01,2.424044e+01,2.452346e+01,2.451000e+01,2.461091e+01,2.475873e+01,2.455038e+01,2.448981e+01,2.443594e+01,2.430115e+01,2.428092e+01,2.428766e+01,2.419319e+01,2.430790e+01,2.432138e+01,2.442921e+01,2.450327e+01,2.464452e+01,2.465796e+01,2.473858e+01,2.481243e+01,2.483256e+01,2.477216e+01,2.477887e+01,2.479230e+01,2.487281e+01,2.478558e+01,2.470500e+01,2.470500e+01,2.468484e+01,2.459073e+01,2.465124e+01,2.461763e+01,2.462436e+01,2.463108e+01,2.466469e+01,2.454365e+01,2.460419e+01,2.463108e+01,2.460419e+01,2.483927e+01,2.489293e+01,2.465124e+01,2.464452e+01,2.459746e+01,2.461091e+01,2.453692e+01,2.442921e+01,2.430115e+01,2.444941e+01,2.435509e+01,2.442247e+01,2.456383e+01,2.451673e+01,2.446288e+01,2.417294e+01,2.401076e+01,2.394988e+01,2.360420e+01,2.357025e+01,2.323693e+01,2.331866e+01,2.327099e+01,2.353629e+01,2.380768e+01,2.376702e+01,2.399047e+01,2.390927e+01,2.400400e+01,2.401752e+01,2.407837e+01,2.405809e+01,2.422694e+01,2.426743e+01,2.424719e+01,2.420670e+01,2.425393e+01,2.411891e+01,2.386865e+01,2.344113e+01,2.339352e+01,2.369242e+01,2.402428e+01,2.446288e+01,2.469156e+01,2.463780e+01,2.461763e+01,2.463780e+01,2.438205e+01,2.409864e+01,2.333908e+01,2.291620e+01,2.274519e+01,2.266986e+01,2.286151e+01,2.279995e+01,2.293670e+01,2.301184e+01,2.303915e+01,2.310057e+01,2.329823e+01,2.335950e+01,2.346153e+01,2.349552e+01,2.349552e+01,2.339352e+01,2.333228e+01,2.327780e+01,2.331185e+01,2.333228e+01,2.330504e+01,2.327780e+01,2.327780e+01,2.325737e+01,2.325056e+01,2.325737e+01,2.320967e+01,2.321649e+01,2.335269e+01,2.323012e+01,2.330504e+01,2.329823e+01,2.327099e+01,2.327780e+01,2.336630e+01,2.325056e+01,2.326418e+01,2.339352e+01,2.343433e+01,2.341393e+01,2.342073e+01,2.342073e+01,2.345473e+01,2.338672e+01,2.338672e+01,2.340032e+01,2.334589e+01,2.346153e+01,2.346833e+01,2.332547e+01,2.337991e+01,2.333228e+01,2.337311e+01,2.347513e+01,2.337991e+01,2.354308e+01,2.348872e+01,2.345473e+01,2.354308e+01,2.350231e+01,2.367207e+01,2.367886e+01,2.369921e+01,2.382123e+01,2.376024e+01,2.397018e+01,2.391604e+01,2.394988e+01,2.400400e+01,2.407161e+01,2.417294e+01,2.410540e+01,2.408512e+01,2.424719e+01,2.427417e+01,2.427417e+01,2.429441e+01,2.430790e+01,2.434161e+01,2.431464e+01,2.446961e+01,2.446288e+01,2.444941e+01,2.444268e+01,2.453019e+01,2.447635e+01,2.428092e+01,2.417294e+01,2.403781e+01,2.387542e+01,2.373990e+01,2.374668e+01,2.376702e+01,2.378057e+01,2.383478e+01,2.379413e+01,2.376702e+01,2.386865e+01,2.371277e+01,2.380091e+01,2.385510e+01,2.373990e+01,2.380091e+01,2.369242e+01,2.380091e+01,2.377380e+01,2.372634e+01,2.372634e+01,2.370599e+01,2.376024e+01,2.379413e+01,2.378735e+01,2.373990e+01,2.375346e+01,2.376024e+01,2.372634e+01,2.380091e+01,2.378057e+01,2.378057e+01,2.371277e+01,2.380091e+01,2.371956e+01,2.380091e+01,2.369242e+01,2.369242e+01,2.368564e+01,2.367207e+01,2.371956e+01,2.368564e+01,2.367886e+01,2.373312e+01,2.380768e+01,2.371956e+01,2.371956e+01,2.361099e+01,2.364493e+01,2.367886e+01,2.372634e+01,2.370599e+01,2.366529e+01,2.366529e+01,2.371277e+01,2.359741e+01,2.354308e+01,2.350231e+01,2.363814e+01,2.362457e+01,2.363814e+01,2.353629e+01,2.362457e+01,2.353629e+01,2.356346e+01,2.357025e+01,2.355667e+01,2.355667e+01,2.354308e+01,2.358383e+01,2.369242e+01,2.354987e+01,2.365850e+01,2.362457e+01,2.352270e+01,2.361778e+01,2.364493e+01,2.361099e+01,2.356346e+01,2.352949e+01,2.351590e+01,2.361099e+01,2.349552e+01,2.355667e+01,2.354987e+01,2.353629e+01,2.363814e+01,2.363136e+01,2.356346e+01,2.350911e+01,2.354987e+01,2.352270e+01,2.344113e+01,2.350911e+01,2.357025e+01,2.352949e+01,2.338672e+01,2.361099e+01,2.346833e+01,2.352270e+01,2.354987e+01,2.348192e+01,2.364493e+01,2.357025e+01,2.353629e+01,2.351590e+01,2.359741e+01,2.361099e+01,2.361099e+01,2.358383e+01,2.361778e+01,2.362457e+01,2.352270e+01,2.366529e+01,2.360420e+01,2.368564e+01,2.353629e+01,2.369921e+01,2.358383e+01,2.361099e+01,2.357025e+01,2.361778e+01,2.361778e+01,2.363136e+01,2.362457e+01,2.365172e+01,2.357025e+01,2.367207e+01,2.360420e+01,2.366529e+01,2.370599e+01,2.356346e+01,2.365172e+01,2.361099e+01,2.363814e+01,2.368564e+01,2.361099e+01,2.372634e+01,2.376702e+01,2.370599e+01,2.369921e+01,2.366529e+01,2.377380e+01,2.376702e+01,2.388896e+01,2.393634e+01,2.526110e+01,2.653635e+01,2.707634e+01,2.758093e+01,2.777689e+01,2.805062e+01,2.814821e+01,2.823272e+01,2.827820e+01,2.840154e+01,2.849234e+01,2.847937e+01,2.851178e+01,2.849234e+01,2.847937e+01,2.869311e+01,2.868017e+01,2.844046e+01,2.842749e+01,2.844695e+01,2.818072e+01,2.812220e+01,2.800504e+01,2.788777e+01,2.786821e+01,2.775078e+01,2.785517e+01,2.787473e+01,2.768549e+01,2.775078e+01,2.772467e+01,2.768549e+01,2.754170e+01,2.760708e+01,2.771161e+01,2.768549e+01,2.754170e+01,2.750900e+01,2.750245e+01,2.760708e+01,2.759401e+01,2.763322e+01,2.760708e+01,2.762669e+01,2.777036e+01,2.777036e+01,2.778341e+01,2.775731e+01,2.767242e+01,2.762015e+01,2.763976e+01,2.762669e+01,2.752208e+01,2.754170e+01,2.744355e+01,2.746319e+01,2.733876e+01,2.745665e+01,2.736497e+01,2.732566e+01,2.729289e+01,2.734532e+01,2.732566e+01,2.710261e+01,2.706320e+01,2.704349e+01,2.698434e+01,2.667490e+01,2.668149e+01,2.633810e+01,2.618586e+01,2.583421e+01,2.552139e+01,2.525442e+01,2.501357e+01,2.475201e+01,2.451673e+01,2.457056e+01,2.455710e+01,2.457056e+01,2.454365e+01,2.454365e+01,2.436183e+01,2.442247e+01,2.422019e+01,2.412566e+01,2.417294e+01,2.390927e+01,2.396341e+01,2.368564e+01,2.360420e+01,2.342753e+01,2.327099e+01,2.330504e+01,2.314150e+01,2.312104e+01,2.298452e+01,2.303232e+01,2.298452e+01,2.302550e+01,2.303915e+01,2.305963e+01,2.303915e+01,2.316195e+01,2.307328e+01,2.316195e+01,2.317559e+01,2.337311e+01,2.351590e+01,2.360420e+01,2.364493e+01,2.364493e+01,2.360420e+01,2.359062e+01,2.358383e+01,2.337311e+01,2.307328e+01,2.254646e+01,2.212030e+01,2.208586e+01,2.200314e+01,2.210653e+01,2.205829e+01,2.217539e+01,2.218916e+01,2.222357e+01,2.232673e+01,2.243666e+01,2.247098e+01,2.250530e+01,2.282047e+01,2.290937e+01,2.291620e+01,2.284099e+01,2.289569e+01,2.256018e+01,2.231986e+01,2.170619e+01,2.147771e+01,2.146384e+01,2.126955e+01,2.115836e+01,2.105400e+01,2.106792e+01,2.106096e+01,2.126260e+01,2.123482e+01,2.107488e+01,2.123482e+01,2.140837e+01,2.176841e+01,2.204451e+01,2.250530e+01,2.249844e+01,2.305963e+01,2.303915e+01,2.342753e+01,2.344793e+01,2.366529e+01,2.383478e+01,2.386865e+01,2.384833e+01,2.363814e+01,2.391604e+01,2.397694e+01,2.392281e+01,2.405133e+01,2.401076e+01,2.415943e+01,2.411215e+01,2.407837e+01,2.411215e+01,2.420670e+01,2.422694e+01,2.397694e+01,2.399047e+01,2.403105e+01,2.394988e+01,2.394311e+01,2.390250e+01,2.373312e+01,2.352949e+01,2.361099e+01,2.361099e+01,2.338672e+01,2.323693e+01,2.325737e+01,2.310057e+01,2.305963e+01,2.287519e+01,2.279995e+01,2.266986e+01,2.282047e+01,2.273835e+01,2.254646e+01,2.255332e+01,2.263560e+01,2.259447e+01,2.252588e+01,2.236797e+01,2.236797e+01,2.249158e+01,2.236797e+01,2.241605e+01,2.230611e+01,2.247785e+01,2.249844e+01,2.275888e+01,2.317559e+01,2.337991e+01,2.363136e+01,2.350911e+01,2.378057e+01,2.369921e+01,2.366529e+01,2.363136e+01,2.346833e+01,2.366529e+01,2.386865e+01,2.390927e+01,2.399047e+01,2.380091e+01,2.354987e+01,2.359062e+01,2.333228e+01,2.337991e+01,2.318241e+01,2.305280e+01,2.295720e+01,2.299135e+01,2.296403e+01,2.284783e+01
2.560134e+01,2.570786e+01,2.568790e+01,2.584750e+01,2.586079e+01,2.582092e+01,2.578768e+01,2.583421e+01,2.588736e+01,2.588072e+01,2.586743e+01,2.587408e+01,2.588736e+01,2.592057e+01,2.589401e+01,2.584085e+01,2.595377e+01,2.594713e+01,2.599359e+01,2.601350e+01,2.591393e+01,2.592721e+01,2.590729e+01,2.598696e+01,2.600686e+01,2.602677e+01,2.593385e+01,2.596041e+01,2.582756e+01,2.596704e+01,2.596041e+01,2.594713e+01,2.588072e+01,2.584750e+01,2.584750e+01,2.602013e+01,2.606656e+01,2.603340e+01,2.605993e+01,2.606656e+01,2.612623e+01,2.615936e+01,2.613948e+01,2.609309e+01,2.605330e+01,2.611297e+01,2.607319e+01,2.607319e+01,2.602013e+01,2.600023e+01,2.608646e+01,2.582092e+01,2.589401e+01,2.582092e+01,2.582092e+01,2.566127e+01,2.576773e+01,2.564130e+01,2.546805e+01,2.545471e+01,2.542135e+01,2.518757e+01,2.518088e+01,2.506044e+01,2.518088e+01,2.492645e+01,2.486610e+01,2.486610e+01,2.472515e+01,2.453019e+01,2.453019e+01,2.427417e+01,2.426743e+01,2.409864e+01,2.415943e+01,2.398371e+01,2.380091e+01,2.380768e+01,2.392958e+01,2.380091e+01,2.390250e+01,2.384833e+01,2.388219e+01,2.376024e+01,2.381446e+01,2.403105e+01,2.413242e+01,2.420670e+01,2.401752e+01,2.426068e+01,2.430115e+01,2.445614e+01,2.451673e+01,2.451000e+01,2.427417e+01,2.425393e+01,2.428092e+01,2.414593e+01,2.422694e+01,2.432812e+01,2.445614e+01,2.442921e+01,2.449654e+01,2.469828e+01,2.471172e+01,2.476544e+01,2.490634e+01,2.481914e+01,2.473858e+01,2.476544e+01,2.479230e+01,2.473858e+01,2.476544e+01,2.472515e+01,2.462436e+01,2.463780e+01,2.461763e+01,2.465124e+01,2.451673e+01,2.445614e+01,2.432138e+01,2.455038e+01,2.457728e+01,2.465124e+01,2.465796e+01,2.466469e+01,2.464452e+01,2.459746e+01,2.457728e+01,2.463780e+01,2.465796e+01,2.463780e+01,2.446288e+01,2.447635e+01,2.452346e+01,2.457728e+01,2.481914e+01,2.465124e+01,2.455038e+01,2.441573e+01,2.415943e+01,2.397694e+01,2.395664e+01,2.363814e+01,2.355667e+01,2.328461e+01,2.333908e+01,2.329142e+01,2.350231e+01,2.357704e+01,2.386187e+01,2.384155e+01,2.405809e+01,2.405133e+01,2.407161e+01,2.416619e+01,2.417969e+01,2.416619e+01,2.414593e+01,2.420670e+01,2.413917e+01,2.413917e+01,2.407837e+01,2.378735e+01,2.333908e+01,2.296403e+01,2.315514e+01,2.340713e+01,2.373312e+01,2.402428e+01,2.403781e+01,2.412566e+01,2.394988e+01,2.367886e+01,2.332547e+01,2.290937e+01,2.271780e+01,2.294353e+01,2.276573e+01,2.286835e+01,2.295037e+01,2.288202e+01,2.295720e+01,2.307328e+01,2.314150e+01,2.330504e+01,2.348872e+01,2.347513e+01,2.346153e+01,2.358383e+01,2.353629e+01,2.332547e+01,2.333228e+01,2.339352e+01,2.331185e+01,2.326418e+01,2.330504e+01,2.325056e+01,2.323693e+01,2.320967e+01,2.325056e+01,2.322330e+01,2.320286e+01,2.323693e+01,2.325737e+01,2.319604e+01,2.324374e+01,2.325056e+01,2.333908e+01,2.331866e+01,2.328461e+01,2.328461e+01,2.332547e+01,2.340032e+01,2.340713e+01,2.335269e+01,2.331866e+01,2.331185e+01,2.337311e+01,2.332547e+01,2.335269e+01,2.340713e+01,2.335950e+01,2.331866e+01,2.331866e+01,2.333908e+01,2.349552e+01,2.336630e+01,2.338672e+01,2.348192e+01,2.353629e+01,2.345473e+01,2.355667e+01,2.352949e+01,2.361099e+01,2.363136e+01,2.357704e+01,2.369242e+01,2.386187e+01,2.371956e+01,2.375346e+01,2.391604e+01,2.400400e+01,2.405133e+01,2.408512e+01,2.415268e+01,2.409188e+01,2.409864e+01,2.422019e+01,2.425393e+01,2.417294e+01,2.425393e+01,2.430790e+01,2.444268e+01,2.445614e+01,2.432812e+01,2.447635e+01,2.448981e+01,2.449654e+01,2.447635e+01,2.446288e+01,2.436857e+01,2.422019e+01,2.393634e+01,2.372634e+01,2.368564e+01,2.375346e+01,2.374668e+01,2.381446e+01,2.376702e+01,2.382123e+01,2.380768e+01,2.376024e+01,2.375346e+01,2.374668e+01,2.370599e+01,2.372634e+01,2.365172e+01,2.367207e+01,2.369921e+01,2.377380e+01,2.370599e+01,2.371956e+01,2.374668e+01,2.369921e+01,2.380091e+01,2.373990e+01,2.374668e+01,2.374668e+01,2.373990e+01,2.373312e+01,2.374668e+01,2.373990e+01,2.371956e+01,2.376702e+01,2.376024e+01,2.372634e+01,2.372634e+01,2.366529e+01,2.367886e+01,2.371956e+01,2.369242e+01,2.365850e+01,2.390927e+01,2.369921e+01,2.363136e+01,2.377380e+01,2.372634e+01,2.365850e+01,2.361778e+01,2.369921e+01,2.367886e+01,2.362457e+01,2.367207e+01,2.371277e+01,2.370599e+01,2.356346e+01,2.359062e+01,2.355667e+01,2.363814e+01,2.361778e+01,2.363136e+01,2.349552e+01,2.346833e+01,2.361099e+01,2.351590e+01,2.357025e+01,2.352270e+01,2.365850e+01,2.359062e+01,2.353629e+01,2.357025e+01,2.356346e+01,2.355667e+01,2.354308e+01,2.352270e+01,2.354308e+01,2.357025e+01,2.360420e+01,2.359062e+01,2.356346e+01,2.356346e+01,2.354987e+01,2.354987e+01,2.344793e+01,2.354308e+01,2.345473e+01,2.353629e+01,2.349552e+01,2.353629e+01,2.349552e+01,2.348872e+01,2.342753e+01,2.351590e+01,2.344793e+01,2.346153e+01,2.350911e+01,2.364493e+01,2.349552e+01,2.352270e+01,2.353629e+01,2.352270e+01,2.352270e+01,2.359741e+01,2.344793e+01,2.339352e+01,2.348192e+01,2.348872e+01,2.355667e+01,2.358383e+01,2.359741e+01,2.359741e+01,2.358383e+01,2.348192e+01,2.352270e+01,2.344793e+01,2.369242e+01,2.365172e+01,2.355667e+01,2.354987e+01,2.356346e+01,2.361778e+01,2.355667e+01,2.359062e+01,2.360420e+01,2.358383e+01,2.359741e+01,2.362457e+01,2.368564e+01,2.365172e+01,2.358383e+01,2.357025e+01,2.361778e+01,2.361778e+01,2.354308e+01,2.358383e+01,2.359741e+01,2.357025e+01,2.361778e+01,2.362457e+01,2.373990e+01,2.361099e+01,2.373312e+01,2.372634e+01,2.375346e+01,2.375346e+01,2.378735e+01,2.386865e+01,2.523437e+01,2.643066e+01,2.708291e+01,2.755478e+01,2.779646e+01,2.801156e+01,2.820673e+01,2.819373e+01,2.818723e+01,2.844046e+01,2.849234e+01,2.845343e+01,2.848585e+01,2.858305e+01,2.856362e+01,2.871899e+01,2.873839e+01,2.859601e+01,2.846640e+01,2.840154e+01,2.834313e+01,2.820673e+01,2.805062e+01,2.803760e+01,2.788777e+01,2.793339e+01,2.791384e+01,2.782908e+01,2.783560e+01,2.773120e+01,2.774425e+01,2.783560e+01,2.768549e+01,2.762669e+01,2.765282e+01,2.762015e+01,2.760055e+01,2.750900e+01,2.752208e+01,2.750900e+01,2.763976e+01,2.763322e+01,2.765282e+01,2.769202e+01,2.773120e+01,2.775731e+01,2.781603e+01,2.775731e+01,2.765936e+01,2.776383e+01,2.751554e+01,2.752862e+01,2.756132e+01,2.756132e+01,2.751554e+01,2.745665e+01,2.746319e+01,2.745010e+01,2.731911e+01,2.745010e+01,2.743701e+01,2.734532e+01,2.723387e+01,2.722075e+01,2.705006e+01,2.713544e+01,2.701721e+01,2.687252e+01,2.668809e+01,2.639100e+01,2.608646e+01,2.572782e+01,2.531454e+01,2.499347e+01,2.486610e+01,2.460419e+01,2.441573e+01,2.450327e+01,2.454365e+01,2.457056e+01,2.451673e+01,2.455710e+01,2.461763e+01,2.433487e+01,2.422694e+01,2.422694e+01,2.409188e+01,2.384833e+01,2.390250e+01,2.384155e+01,2.361099e+01,2.350231e+01,2.344113e+01,2.336630e+01,2.311422e+01,2.322330e+01,2.319604e+01,2.310057e+01,2.303232e+01,2.313468e+01,2.308693e+01,2.305280e+01,2.308010e+01,2.303232e+01,2.311422e+01,2.327780e+01,2.333228e+01,2.335269e+01,2.363136e+01,2.361099e+01,2.368564e+01,2.365850e+01,2.383478e+01,2.378057e+01,2.379413e+01,2.356346e+01,2.359741e+01,2.315514e+01,2.298452e+01,2.255332e+01,2.240232e+01,2.229235e+01,2.219604e+01,2.225797e+01,2.240919e+01,2.201693e+01,2.216162e+01,2.207207e+01,2.212030e+01,2.216851e+01,2.257390e+01,2.251902e+01,2.261503e+01,2.262874e+01,2.231298e+01,2.209275e+01,2.189275e+01,2.164393e+01,2.130427e+01,2.126260e+01,2.115141e+01,2.122787e+01,2.113750e+01,2.106096e+01,2.112359e+01,2.110272e+01,2.133898e+01,2.138062e+01,2.174076e+01,2.193416e+01,2.231986e+01,2.270411e+01,2.297769e+01,2.308010e+01,2.334589e+01,2.351590e+01,2.354987e+01,2.364493e+01,2.371956e+01,2.366529e+01,2.382801e+01,2.394988e+01,2.382123e+01,2.395664e+01,2.397694e+01,2.397018e+01,2.399723e+01,2.403105e+01,2.411891e+01,2.405133e+01,2.428092e+01,2.415943e+01,2.433487e+01,2.424044e+01,2.404457e+01,2.403105e+01,2.407837e+01,2.402428e+01,2.415268e+01,2.389573e+01,2.373990e+01,2.374668e+01,2.361778e+01,2.342753e+01,2.358383e+01,2.340713e+01,2.332547e+01,2.303232e+01,2.306645e+01,2.299818e+01,2.290253e+01,2.277257e+01,2.267671e+01,2.266301e+01,2.253275e+01,2.264930e+01,2.266301e+01,2.246412e+01,2.238171e+01,2.240919e+01,2.236110e+01,2.238858e+01,2.240232e+01,2.245039e+01,2.244352e+01,2.248471e+01,2.248471e+01,2.273150e+01,2.308693e+01,2.327780e+01,2.359741e+01,2.371956e+01,2.377380e+01,2.376702e+01,2.345473e+01,2.356346e+01,2.346153e+01,2.376702e+01,2.392958e+01,2.393634e+01,2.390927e+01,2.388219e+01,2.369921e+01,2.333228e+01,2.331185e+01,2.333908e+01,2.319604e+01,2.316195e+01,2.292303e+01,2.278626e+01,2.280679e+01,2.280679e+01
2.574113e+01,2.568124e+01,2.578103e+01,2.566793e+01,2.574778e+01,2.578768e+01,2.571451e+01,2.578103e+01,2.584085e+01,2.576108e+01,2.573447e+01,2.586743e+01,2.584085e+01,2.589401e+01,2.590065e+01,2.591393e+01,2.584750e+01,2.580762e+01,2.590729e+01,2.581427e+01,2.589401e+01,2.599359e+01,2.592721e+01,2.594713e+01,2.600023e+01,2.582092e+01,2.592721e+01,2.589401e+01,2.596704e+01,2.578103e+01,2.591393e+01,2.580097e+01,2.575443e+01,2.587408e+01,2.611297e+01,2.603340e+01,2.604004e+01,2.615274e+01,2.602677e+01,2.607319e+01,2.604004e+01,2.619911e+01,2.619248e+01,2.611297e+01,2.619911e+01,2.611297e+01,2.621235e+01,2.607982e+01,2.604004e+01,2.608646e+01,2.606656e+01,2.609971e+01,2.596041e+01,2.582092e+01,2.583421e+01,2.572782e+01,2.573447e+01,2.562132e+01,2.560134e+01,2.558136e+01,2.544804e+01,2.540801e+01,2.539466e+01,2.527446e+01,2.526110e+01,2.504035e+01,2.516082e+01,2.491975e+01,2.489293e+01,2.490634e+01,2.477887e+01,2.453692e+01,2.453019e+01,2.424719e+01,2.451673e+01,2.426743e+01,2.417969e+01,2.397694e+01,2.386187e+01,2.387542e+01,2.391604e+01,2.371277e+01,2.378735e+01,2.362457e+01,2.379413e+01,2.375346e+01,2.382123e+01,2.388219e+01,2.384155e+01,2.401752e+01,2.405133e+01,2.430115e+01,2.446288e+01,2.447635e+01,2.428092e+01,2.424044e+01,2.423369e+01,2.434835e+01,2.429441e+01,2.436183e+01,2.434835e+01,2.427417e+01,2.445614e+01,2.451673e+01,2.465796e+01,2.463780e+01,2.473858e+01,2.473858e+01,2.455038e+01,2.473187e+01,2.472515e+01,2.473187e+01,2.467813e+01,2.465796e+01,2.468484e+01,2.459746e+01,2.467141e+01,2.440226e+01,2.451673e+01,2.436183e+01,2.437531e+01,2.441573e+01,2.439552e+01,2.457056e+01,2.446961e+01,2.453692e+01,2.463108e+01,2.452346e+01,2.453019e+01,2.462436e+01,2.458401e+01,2.448981e+01,2.455038e+01,2.457728e+01,2.446288e+01,2.452346e+01,2.462436e+01,2.460419e+01,2.430790e+01,2.447635e+01,2.397694e+01,2.398371e+01,2.391604e+01,2.382801e+01,2.357704e+01,2.331185e+01,2.329823e+01,2.330504e+01,2.337991e+01,2.383478e+01,2.384155e+01,2.390250e+01,2.405133e+01,2.405809e+01,2.404457e+01,2.394311e+01,2.390250e+01,2.371277e+01,2.373312e+01,2.341393e+01,2.378057e+01,2.378735e+01,2.381446e+01,2.365172e+01,2.318923e+01,2.295720e+01,2.313468e+01,2.335269e+01,2.357704e+01,2.363136e+01,2.369242e+01,2.346833e+01,2.346833e+01,2.309375e+01,2.285467e+01,2.279310e+01,2.270411e+01,2.286151e+01,2.290253e+01,2.289569e+01,2.297086e+01,2.297769e+01,2.303915e+01,2.323012e+01,2.335950e+01,2.344113e+01,2.353629e+01,2.350231e+01,2.349552e+01,2.342073e+01,2.346153e+01,2.342753e+01,2.337991e+01,2.347513e+01,2.332547e+01,2.331185e+01,2.316195e+01,2.326418e+01,2.323693e+01,2.325737e+01,2.321649e+01,2.311422e+01,2.320286e+01,2.318923e+01,2.327099e+01,2.329823e+01,2.327099e+01,2.325056e+01,2.314150e+01,2.320286e+01,2.330504e+01,2.333908e+01,2.333228e+01,2.335269e+01,2.333908e+01,2.328461e+01,2.333908e+01,2.333908e+01,2.338672e+01,2.329142e+01,2.325056e+01,2.330504e+01,2.329142e+01,2.330504e+01,2.332547e+01,2.330504e+01,2.340032e+01,2.342753e+01,2.348192e+01,2.336630e+01,2.343433e+01,2.343433e+01,2.352270e+01,2.351590e+01,2.370599e+01,2.347513e+01,2.376024e+01,2.372634e+01,2.375346e+01,2.388219e+01,2.400400e+01,2.399723e+01,2.388896e+01,2.409864e+01,2.418644e+01,2.416619e+01,2.419319e+01,2.419319e+01,2.419994e+01,2.429441e+01,2.421344e+01,2.417969e+01,2.432812e+01,2.426068e+01,2.431464e+01,2.444941e+01,2.451673e+01,2.457728e+01,2.442921e+01,2.441573e+01,2.446288e+01,2.426068e+01,2.422694e+01,2.404457e+01,2.376702e+01,2.376024e+01,2.380091e+01,2.370599e+01,2.372634e+01,2.369921e+01,2.372634e+01,2.375346e+01,2.371956e+01,2.370599e+01,2.373312e+01,2.370599e+01,2.364493e+01,2.364493e+01,2.364493e+01,2.365850e+01,2.384833e+01,2.365172e+01,2.366529e+01,2.365850e+01,2.373312e+01,2.371956e+01,2.378057e+01,2.364493e+01,2.375346e+01,2.373990e+01,2.380091e+01,2.367886e+01,2.374668e+01,2.373312e+01,2.367886e+01,2.372634e+01,2.374668e+01,2.376024e+01,2.367886e+01,2.369242e+01,2.366529e+01,2.367886e+01,2.367207e+01,2.365850e+01,2.371277e+01,2.362457e+01,2.367886e+01,2.363136e+01,2.367886e+01,2.368564e+01,2.360420e+01,2.366529e+01,2.366529e+01,2.370599e+01,2.365850e+01,2.374668e+01,2.367207e+01,2.363136e+01,2.361099e+01,2.360420e+01,2.354987e+01,2.348192e+01,2.357704e+01,2.346833e+01,2.365850e+01,2.364493e+01,2.355667e+01,2.357025e+01,2.360420e+01,2.359062e+01,2.355667e+01,2.352949e+01,2.354987e+01,2.354308e+01,2.359062e+01,2.354987e+01,2.353629e+01,2.359062e+01,2.359062e+01,2.363136e+01,2.361778e+01,2.356346e+01,2.359741e+01,2.354308e+01,2.354987e+01,2.357025e+01,2.339352e+01,2.348192e+01,2.346833e+01,2.358383e+01,2.348872e+01,2.348872e+01,2.348192e+01,2.348872e+01,2.347513e+01,2.354308e+01,2.341393e+01,2.352270e+01,2.352270e+01,2.352949e+01,2.340032e+01,2.350911e+01,2.351590e+01,2.349552e+01,2.344113e+01,2.346153e+01,2.363814e+01,2.350231e+01,2.352270e+01,2.353629e+01,2.359741e+01,2.361099e+01,2.355667e+01,2.368564e+01,2.349552e+01,2.346153e+01,2.366529e+01,2.360420e+01,2.354987e+01,2.359741e+01,2.359741e+01,2.349552e+01,2.359062e+01,2.359062e+01,2.369921e+01,2.359062e+01,2.358383e+01,2.363136e+01,2.359062e+01,2.357704e+01,2.358383e+01,2.363136e+01,2.354987e+01,2.355667e+01,2.350911e+01,2.363136e+01,2.337991e+01,2.361778e+01,2.361778e+01,2.373990e+01,2.365850e+01,2.371956e+01,2.372634e+01,2.372634e+01,2.369242e+01,2.376702e+01,2.375346e+01,2.404457e+01,2.490634e+01,2.643066e+01,2.708291e+01,2.735187e+01,2.779646e+01,2.803109e+01,2.807014e+01,2.806364e+01,2.838857e+01,2.838857e+01,2.847289e+01,2.847937e+01,2.847937e+01,2.858953e+01,2.860248e+01,2.874486e+01,2.866722e+01,2.858305e+01,2.836910e+01,2.859601e+01,2.836261e+01,2.809617e+01,2.791384e+01,2.793339e+01,2.804411e+01,2.791384e+01,2.788125e+01,2.788777e+01,2.784865e+01,2.778341e+01,2.773772e+01,2.773120e+01,2.770508e+01,2.758747e+01,2.775731e+01,2.767242e+01,2.760708e+01,2.758093e+01,2.749591e+01,2.763976e+01,2.763322e+01,2.755478e+01,2.757440e+01,2.768549e+01,2.762669e+01,2.778341e+01,2.773120e+01,2.773120e+01,2.773120e+01,2.765936e+01,2.767896e+01,2.756786e+01,2.780951e+01,2.754824e+01,2.746319e+01,2.758093e+01,2.748282e+01,2.754824e+01,2.735187e+01,2.756786e+01,2.754824e+01,2.746319e+01,2.733221e+01,2.720107e+01,2.727978e+01,2.706320e+01,2.711575e+01,2.679352e+01,2.689884e+01,2.639100e+01,2.590065e+01,2.550139e+01,2.523437e+01,2.485269e+01,2.465124e+01,2.448308e+01,2.450327e+01,2.432138e+01,2.461763e+01,2.456383e+01,2.457056e+01,2.477887e+01,2.471172e+01,2.444941e+01,2.451000e+01,2.436183e+01,2.421344e+01,2.399047e+01,2.408512e+01,2.383478e+01,2.363814e+01,2.365172e+01,2.355667e+01,2.341393e+01,2.319604e+01,2.337991e+01,2.317559e+01,2.311422e+01,2.305963e+01,2.325737e+01,2.305963e+01,2.310739e+01,2.310057e+01,2.306645e+01,2.318241e+01,2.333908e+01,2.358383e+01,2.357704e+01,2.339352e+01,2.369242e+01,2.390250e+01,2.386187e+01,2.380091e+01,2.382123e+01,2.381446e+01,2.382123e+01,2.382123e+01,2.389573e+01,2.355667e+01,2.341393e+01,2.301867e+01,2.290937e+01,2.255332e+01,2.261503e+01,2.214096e+01,2.216162e+01,2.203072e+01,2.203072e+01,2.196176e+01,2.200314e+01,2.216162e+01,2.216162e+01,2.216851e+01,2.227860e+01,2.227860e+01,2.175459e+01,2.171310e+01,2.140143e+01,2.133204e+01,2.144304e+01,2.126260e+01,2.126260e+01,2.124871e+01,2.142224e+01,2.138062e+01,2.174076e+01,2.176150e+01,2.200314e+01,2.231298e+01,2.249158e+01,2.271096e+01,2.308693e+01,2.325056e+01,2.323693e+01,2.340032e+01,2.342753e+01,2.361778e+01,2.381446e+01,2.367886e+01,2.384833e+01,2.377380e+01,2.382801e+01,2.386865e+01,2.397018e+01,2.393634e+01,2.398371e+01,2.407837e+01,2.413242e+01,2.422019e+01,2.424719e+01,2.423369e+01,2.426068e+01,2.427417e+01,2.435509e+01,2.422019e+01,2.410540e+01,2.413917e+01,2.403781e+01,2.402428e+01,2.399723e+01,2.380091e+01,2.371956e+01,2.359741e+01,2.372634e+01,2.363814e+01,2.349552e+01,2.329823e+01,2.338672e+01,2.313468e+01,2.302550e+01,2.296403e+01,2.296403e+01,2.282047e+01,2.276573e+01,2.269726e+01,2.249844e+01,2.264245e+01,2.253960e+01,2.242979e+01,2.245725e+01,2.238858e+01,2.242979e+01,2.236110e+01,2.230611e+01,2.245039e+01,2.242292e+01,2.256704e+01,2.275204e+01,2.305963e+01,2.320286e+01,2.340713e+01,2.337311e+01,2.342073e+01,2.376024e+01,2.346153e+01,2.361778e+01,2.363814e+01,2.390927e+01,2.389573e+01,2.408512e+01,2.396341e+01,2.377380e+01,2.371956e+01,2.347513e+01,2.351590e+01,2.350911e+01,2.320967e+01,2.318923e+01,2.292303e+01,2.291620e+01,2.277257e+01,2.281363e+01
2.579433e+01,2.576773e+01,2.576108e+01,2.575443e+01,2.581427e+01,2.583421e+01,2.573447e+01,2.584750e+01,2.574113e+01,2.576773e+01,2.583421e+01,2.588072e+01,2.594713e+01,2.590065e+01,2.589401e+01,2.580097e+01,2.590065e+01,2.580762e+01,2.584750e+01,2.592721e+01,2.588736e+01,2.592057e+01,2.594713e+01,2.586079e+01,2.574778e+01,2.600023e+01,2.582756e+01,2.594049e+01,2.580097e+01,2.583421e+01,2.594713e+01,2.600686e+01,2.604667e+01,2.600023e+01,2.609971e+01,2.617924e+01,2.604004e+01,2.602677e+01,2.621898e+01,2.621898e+01,2.615936e+01,2.622560e+01,2.615936e+01,2.615274e+01,2.611960e+01,2.616599e+01,2.623222e+01,2.619911e+01,2.611960e+01,2.607319e+01,2.607319e+01,2.596704e+01,2.602013e+01,2.588736e+01,2.577438e+01,2.560134e+01,2.557470e+01,2.558802e+01,2.566793e+01,2.551472e+01,2.548805e+01,2.547471e+01,2.549472e+01,2.550805e+01,2.538131e+01,2.543469e+01,2.528115e+01,2.517419e+01,2.517419e+01,2.515413e+01,2.501357e+01,2.481914e+01,2.458401e+01,2.472515e+01,2.453019e+01,2.437531e+01,2.432812e+01,2.408512e+01,2.392281e+01,2.395664e+01,2.392281e+01,2.388896e+01,2.372634e+01,2.369921e+01,2.371277e+01,2.369921e+01,2.361778e+01,2.378735e+01,2.366529e+01,2.359741e+01,2.386865e+01,2.395664e+01,2.399723e+01,2.424719e+01,2.424044e+01,2.428092e+01,2.425393e+01,2.436857e+01,2.436183e+01,2.451673e+01,2.448308e+01,2.445614e+01,2.443594e+01,2.447635e+01,2.462436e+01,2.465124e+01,2.472515e+01,2.470500e+01,2.469828e+01,2.472515e+01,2.467813e+01,2.471844e+01,2.459073e+01,2.463108e+01,2.442921e+01,2.440226e+01,2.461091e+01,2.441573e+01,2.437531e+01,2.435509e+01,2.427417e+01,2.439552e+01,2.426068e+01,2.430115e+01,2.439552e+01,2.450327e+01,2.436857e+01,2.454365e+01,2.471844e+01,2.459073e+01,2.450327e+01,2.446961e+01,2.447635e+01,2.446288e+01,2.434835e+01,2.456383e+01,2.459073e+01,2.442921e+01,2.416619e+01,2.424044e+01,2.409188e+01,2.403781e+01,2.399723e+01,2.398371e+01,2.388896e+01,2.352949e+01,2.337991e+01,2.343433e+01,2.334589e+01,2.373312e+01,2.380091e+01,2.409188e+01,2.411215e+01,2.403105e+01,2.404457e+01,2.399723e+01,2.378057e+01,2.334589e+01,2.290253e+01,2.286835e+01,2.309375e+01,2.333228e+01,2.336630e+01,2.333228e+01,2.296403e+01,2.297086e+01,2.329142e+01,2.323693e+01,2.330504e+01,2.340032e+01,2.346153e+01,2.323693e+01,2.284783e+01,2.281363e+01,2.264930e+01,2.281363e+01,2.273150e+01,2.290253e+01,2.286835e+01,2.293670e+01,2.290253e+01,2.299135e+01,2.312786e+01,2.316195e+01,2.339352e+01,2.346153e+01,2.350231e+01,2.360420e+01,2.350911e+01,2.334589e+01,2.335950e+01,2.327099e+01,2.335269e+01,2.349552e+01,2.333908e+01,2.331866e+01,2.329142e+01,2.327099e+01,2.326418e+01,2.322330e+01,2.315514e+01,2.314150e+01,2.312786e+01,2.326418e+01,2.332547e+01,2.317559e+01,2.318923e+01,2.319604e+01,2.316877e+01,2.320286e+01,2.335269e+01,2.332547e+01,2.325056e+01,2.323012e+01,2.327099e+01,2.305280e+01,2.324374e+01,2.334589e+01,2.323012e+01,2.330504e+01,2.324374e+01,2.329142e+01,2.316195e+01,2.317559e+01,2.335269e+01,2.331866e+01,2.338672e+01,2.335269e+01,2.333908e+01,2.347513e+01,2.335950e+01,2.344113e+01,2.349552e+01,2.365850e+01,2.355667e+01,2.359741e+01,2.367207e+01,2.381446e+01,2.368564e+01,2.375346e+01,2.390250e+01,2.390927e+01,2.398371e+01,2.411215e+01,2.410540e+01,2.417294e+01,2.413242e+01,2.421344e+01,2.423369e+01,2.429441e+01,2.430790e+01,2.426743e+01,2.438205e+01,2.436857e+01,2.444268e+01,2.445614e+01,2.445614e+01,2.448308e+01,2.450327e+01,2.444941e+01,2.435509e+01,2.433487e+01,2.424719e+01,2.407161e+01,2.376024e+01,2.399047e+01,2.371277e+01,2.373312e+01,2.373312e+01,2.381446e+01,2.375346e+01,2.376702e+01,2.365850e+01,2.373312e+01,2.378057e+01,2.378057e+01,2.380768e+01,2.379413e+01,2.372634e+01,2.364493e+01,2.364493e+01,2.367886e+01,2.369921e+01,2.373312e+01,2.367886e+01,2.371277e+01,2.356346e+01,2.369242e+01,2.376702e+01,2.364493e+01,2.377380e+01,2.378735e+01,2.371277e+01,2.369242e+01,2.367207e+01,2.368564e+01,2.367207e+01,2.365850e+01,2.367207e+01,2.368564e+01,2.370599e+01,2.366529e+01,2.369242e+01,2.364493e+01,2.369921e+01,2.363136e+01,2.365172e+01,2.367207e+01,2.365850e+01,2.367207e+01,2.361099e+01,2.363136e+01,2.362457e+01,2.354308e+01,2.355667e+01,2.356346e+01,2.371277e+01,2.355667e+01,2.349552e+01,2.354308e+01,2.365850e+01,2.361099e+01,2.359062e+01,2.360420e+01,2.352270e+01,2.360420e+01,2.348872e+01,2.356346e+01,2.371956e+01,2.349552e+01,2.356346e+01,2.357025e+01,2.348192e+01,2.348192e+01,2.356346e+01,2.352949e+01,2.351590e+01,2.354987e+01,2.354308e+01,2.359741e+01,2.337311e+01,2.349552e+01,2.363136e+01,2.341393e+01,2.350911e+01,2.349552e+01,2.350911e+01,2.350231e+01,2.361778e+01,2.352949e+01,2.346833e+01,2.345473e+01,2.345473e+01,2.350911e+01,2.354308e+01,2.353629e+01,2.351590e+01,2.354308e+01,2.348192e+01,2.343433e+01,2.346153e+01,2.351590e+01,2.348192e+01,2.342073e+01,2.350911e+01,2.357704e+01,2.348192e+01,2.350911e+01,2.359741e+01,2.360420e+01,2.358383e+01,2.354987e+01,2.354987e+01,2.342753e+01,2.344113e+01,2.359062e+01,2.350231e+01,2.361778e+01,2.352270e+01,2.346833e+01,2.357025e+01,2.348872e+01,2.352949e+01,2.357704e+01,2.344793e+01,2.359741e+01,2.352949e+01,2.360420e+01,2.360420e+01,2.361099e+01,2.355667e+01,2.359062e+01,2.360420e+01,2.356346e+01,2.360420e+01,2.359741e+01,2.356346e+01,2.361099e+01,2.364493e+01,2.361778e+01,2.365172e+01,2.379413e+01,2.370599e+01,2.368564e+01,2.373312e+01,2.373990e+01,2.378057e+01,2.402428e+01,2.487281e+01,2.629179e+01,2.696462e+01,2.756786e+01,2.760055e+01,2.782908e+01,2.808316e+01,2.824572e+01,2.834962e+01,2.833015e+01,2.852474e+01,2.850530e+01,2.847937e+01,2.857010e+01,2.859601e+01,2.858305e+01,2.860896e+01,2.875133e+01,2.840154e+01,2.838857e+01,2.836261e+01,2.816772e+01,2.799202e+01,2.797899e+01,2.795294e+01,2.793339e+01,2.786169e+01,2.788125e+01,2.778994e+01,2.792687e+01,2.783560e+01,2.775078e+01,2.775731e+01,2.763322e+01,2.762669e+01,2.763976e+01,2.756132e+01,2.747628e+01,2.763976e+01,2.756786e+01,2.757440e+01,2.760055e+01,2.777036e+01,2.766589e+01,2.771161e+01,2.776383e+01,2.782256e+01,2.775731e+01,2.778341e+01,2.771161e+01,2.765936e+01,2.764629e+01,2.754170e+01,2.763322e+01,2.760055e+01,2.756786e+01,2.763976e+01,2.759401e+01,2.755478e+01,2.758747e+01,2.752208e+01,2.751554e+01,2.735187e+01,2.733876e+01,2.733221e+01,2.723387e+01,2.718795e+01,2.704349e+01,2.672763e+01,2.619248e+01,2.568124e+01,2.522768e+01,2.485940e+01,2.473858e+01,2.460419e+01,2.446288e+01,2.451673e+01,2.446288e+01,2.457728e+01,2.471172e+01,2.496667e+01,2.481914e+01,2.491305e+01,2.475873e+01,2.477216e+01,2.465796e+01,2.453692e+01,2.426068e+01,2.413242e+01,2.413242e+01,2.385510e+01,2.365172e+01,2.371277e+01,2.343433e+01,2.337991e+01,2.342753e+01,2.332547e+01,2.316877e+01,2.318923e+01,2.320967e+01,2.304598e+01,2.329142e+01,2.325737e+01,2.333228e+01,2.327780e+01,2.333228e+01,2.357704e+01,2.369242e+01,2.365850e+01,2.363136e+01,2.374668e+01,2.391604e+01,2.397018e+01,2.397694e+01,2.399047e+01,2.398371e+01,2.401076e+01,2.386865e+01,2.379413e+01,2.382123e+01,2.359062e+01,2.344113e+01,2.300501e+01,2.297769e+01,2.268356e+01,2.239545e+01,2.219604e+01,2.203761e+01,2.178915e+01,2.183060e+01,2.202383e+01,2.231298e+01,2.205140e+01,2.207207e+01,2.206518e+01,2.189275e+01,2.167160e+01,2.160932e+01,2.158163e+01,2.144304e+01,2.147078e+01,2.164393e+01,2.171310e+01,2.198935e+01,2.202383e+01,2.229923e+01,2.229923e+01,2.261503e+01,2.264930e+01,2.277942e+01,2.303232e+01,2.301184e+01,2.327780e+01,2.326418e+01,2.331185e+01,2.359062e+01,2.353629e+01,2.374668e+01,2.382123e+01,2.376024e+01,2.390250e+01,2.379413e+01,2.392958e+01,2.397018e+01,2.382123e+01,2.401076e+01,2.403105e+01,2.422694e+01,2.421344e+01,2.427417e+01,2.440226e+01,2.438205e+01,2.436183e+01,2.438205e+01,2.431464e+01,2.411891e+01,2.405809e+01,2.401752e+01,2.411215e+01,2.411891e+01,2.398371e+01,2.375346e+01,2.370599e+01,2.378057e+01,2.369242e+01,2.350231e+01,2.344113e+01,2.330504e+01,2.339352e+01,2.312104e+01,2.297769e+01,2.300501e+01,2.299135e+01,2.279995e+01,2.289569e+01,2.251216e+01,2.271780e+01,2.266986e+01,2.250530e+01,2.246412e+01,2.241605e+01,2.237484e+01,2.244352e+01,2.242292e+01,2.242979e+01,2.242292e+01,2.247098e+01,2.245725e+01,2.272465e+01,2.310057e+01,2.290253e+01,2.306645e+01,2.292987e+01,2.325737e+01,2.314832e+01,2.347513e+01,2.361099e+01,2.388896e+01,2.395664e+01,2.394988e+01,2.405133e+01,2.372634e+01,2.378735e+01,2.359062e+01,2.342073e+01,2.323693e+01,2.323012e+01,2.322330e+01,2.298452e+01,2.283415e+01,2.279995e+01,2.293670e+01
2.570121e+01,2.568124e+01,2.580762e+01,2.570121e+01,2.567459e+01,2.571451e+01,2.566127e+01,2.582756e+01,2.583421e+01,2.572117e+01,2.579433e+01,2.584750e+01,2.585415e+01,2.586079e+01,2.590729e+01,2.588736e+01,2.591393e+01,2.583421e+01,2.582756e+01,2.589401e+01,2.590065e+01,2.587408e+01,2.591393e+01,2.582756e+01,2.590729e+01,2.587408e+01,2.578768e+01,2.600023e+01,2.599359e+01,2.600686e+01,2.615936e+01,2.611960e+01,2.605330e+01,2.597368e+01,2.621898e+01,2.607319e+01,2.618586e+01,2.621898e+01,2.617924e+01,2.625208e+01,2.615274e+01,2.625208e+01,2.613948e+01,2.603340e+01,2.613286e+01,2.607982e+01,2.613948e+01,2.611960e+01,2.609971e+01,2.612623e+01,2.614611e+01,2.596704e+01,2.594713e+01,2.587408e+01,2.588072e+01,2.586079e+01,2.582756e+01,2.566127e+01,2.558802e+01,2.564796e+01,2.569455e+01,2.567459e+01,2.567459e+01,2.549472e+01,2.560800e+01,2.557470e+01,2.545471e+01,2.548138e+01,2.542802e+01,2.541468e+01,2.524105e+01,2.520094e+01,2.498007e+01,2.495997e+01,2.495326e+01,2.463780e+01,2.463108e+01,2.432812e+01,2.430790e+01,2.416619e+01,2.394311e+01,2.393634e+01,2.374668e+01,2.386187e+01,2.369921e+01,2.371956e+01,2.352270e+01,2.363136e+01,2.357704e+01,2.361099e+01,2.360420e+01,2.367886e+01,2.390927e+01,2.394311e+01,2.397694e+01,2.422019e+01,2.430790e+01,2.425393e+01,2.447635e+01,2.448308e+01,2.442247e+01,2.448308e+01,2.446288e+01,2.451673e+01,2.455710e+01,2.464452e+01,2.467141e+01,2.457728e+01,2.461091e+01,2.464452e+01,2.470500e+01,2.458401e+01,2.436857e+01,2.461763e+01,2.439552e+01,2.435509e+01,2.424044e+01,2.440226e+01,2.442247e+01,2.422694e+01,2.433487e+01,2.432812e+01,2.426068e+01,2.434835e+01,2.436183e+01,2.432812e+01,2.441573e+01,2.448308e+01,2.459746e+01,2.456383e+01,2.456383e+01,2.443594e+01,2.445614e+01,2.442247e+01,2.441573e+01,2.432138e+01,2.439552e+01,2.435509e+01,2.414593e+01,2.411215e+01,2.403105e+01,2.401076e+01,2.398371e+01,2.403781e+01,2.389573e+01,2.390927e+01,2.363136e+01,2.360420e+01,2.361099e+01,2.365172e+01,2.386187e+01,2.396341e+01,2.386865e+01,2.401752e+01,2.382801e+01,2.398371e+01,2.368564e+01,2.313468e+01,2.286151e+01,2.264930e+01,2.262874e+01,2.268356e+01,2.297769e+01,2.296403e+01,2.293670e+01,2.316877e+01,2.332547e+01,2.332547e+01,2.355667e+01,2.334589e+01,2.344113e+01,2.322330e+01,2.279995e+01,2.281363e+01,2.265615e+01,2.281363e+01,2.270411e+01,2.275204e+01,2.295037e+01,2.291620e+01,2.302550e+01,2.295037e+01,2.323012e+01,2.338672e+01,2.352949e+01,2.346833e+01,2.359062e+01,2.352270e+01,2.352949e+01,2.346833e+01,2.346153e+01,2.342753e+01,2.337991e+01,2.338672e+01,2.339352e+01,2.335950e+01,2.317559e+01,2.325737e+01,2.316195e+01,2.319604e+01,2.313468e+01,2.320967e+01,2.315514e+01,2.318923e+01,2.321649e+01,2.316195e+01,2.320286e+01,2.320967e+01,2.319604e+01,2.324374e+01,2.311422e+01,2.320967e+01,2.329823e+01,2.327099e+01,2.329142e+01,2.327099e+01,2.327099e+01,2.323693e+01,2.324374e+01,2.333908e+01,2.330504e+01,2.325737e+01,2.335269e+01,2.330504e+01,2.332547e+01,2.331185e+01,2.340032e+01,2.336630e+01,2.342073e+01,2.348192e+01,2.350911e+01,2.346153e+01,2.357704e+01,2.361099e+01,2.382123e+01,2.361778e+01,2.365850e+01,2.373990e+01,2.390250e+01,2.392958e+01,2.392281e+01,2.390927e+01,2.403781e+01,2.402428e+01,2.408512e+01,2.417294e+01,2.424719e+01,2.418644e+01,2.427417e+01,2.429441e+01,2.434161e+01,2.438205e+01,2.441573e+01,2.440226e+01,2.445614e+01,2.443594e+01,2.445614e+01,2.455710e+01,2.447635e+01,2.451673e+01,2.440900e+01,2.430790e+01,2.425393e+01,2.414593e+01,2.399047e+01,2.376024e+01,2.377380e+01,2.373312e+01,2.373312e+01,2.376024e+01,2.369921e+01,2.376024e+01,2.371956e+01,2.378057e+01,2.369242e+01,2.366529e+01,2.366529e+01,2.366529e+01,2.363814e+01,2.372634e+01,2.365172e+01,2.368564e+01,2.373312e+01,2.381446e+01,2.369921e+01,2.381446e+01,2.380091e+01,2.372634e+01,2.378735e+01,2.362457e+01,2.383478e+01,2.369242e+01,2.376024e+01,2.382801e+01,2.369242e+01,2.371277e+01,2.371277e+01,2.369242e+01,2.371956e+01,2.359741e+01,2.365850e+01,2.365172e+01,2.363814e+01,2.361778e+01,2.369242e+01,2.369242e+01,2.367207e+01,2.369242e+01,2.366529e+01,2.367886e+01,2.365172e+01,2.369242e+01,2.367207e+01,2.359741e+01,2.359741e+01,2.361778e+01,2.352949e+01,2.361099e+01,2.360420e+01,2.361099e+01,2.365850e+01,2.357025e+01,2.350911e+01,2.363136e+01,2.353629e+01,2.348192e+01,2.340713e+01,2.345473e+01,2.374668e+01,2.365850e+01,2.349552e+01,2.354308e+01,2.352270e+01,2.354987e+01,2.352949e+01,2.348872e+01,2.357704e+01,2.345473e+01,2.343433e+01,2.357025e+01,2.350911e+01,2.350911e+01,2.346153e+01,2.359741e+01,2.338672e+01,2.347513e+01,2.350911e+01,2.349552e+01,2.352270e+01,2.352270e+01,2.348192e+01,2.351590e+01,2.348872e+01,2.342753e+01,2.345473e+01,2.341393e+01,2.349552e+01,2.352270e+01,2.342753e+01,2.349552e+01,2.350231e+01,2.346833e+01,2.345473e+01,2.351590e+01,2.352949e+01,2.350911e+01,2.340713e+01,2.348192e+01,2.358383e+01,2.352270e+01,2.350911e+01,2.340713e+01,2.352949e+01,2.350911e+01,2.356346e+01,2.345473e+01,2.360420e+01,2.357025e+01,2.347513e+01,2.348872e+01,2.346833e+01,2.348192e+01,2.345473e+01,2.356346e+01,2.357704e+01,2.357704e+01,2.345473e+01,2.354308e+01,2.352270e+01,2.356346e+01,2.357025e+01,2.358383e+01,2.359062e+01,2.354308e+01,2.346833e+01,2.354987e+01,2.357704e+01,2.368564e+01,2.357025e+01,2.361099e+01,2.375346e+01,2.371956e+01,2.369921e+01,2.365172e+01,2.370599e+01,2.376702e+01,2.373990e+01,2.380091e+01,2.467141e+01,2.614611e+01,2.685277e+01,2.737152e+01,2.757440e+01,2.784865e+01,2.788777e+01,2.809617e+01,2.829768e+01,2.844695e+01,2.849234e+01,2.851178e+01,2.851178e+01,2.868664e+01,2.860248e+01,2.861543e+01,2.873839e+01,2.856362e+01,2.861543e+01,2.844695e+01,2.840803e+01,2.833015e+01,2.824572e+01,2.788777e+01,2.809617e+01,2.790732e+01,2.795294e+01,2.788777e+01,2.780951e+01,2.785517e+01,2.786821e+01,2.782908e+01,2.777689e+01,2.747628e+01,2.761362e+01,2.745010e+01,2.762669e+01,2.770508e+01,2.760708e+01,2.758093e+01,2.750245e+01,2.778341e+01,2.760055e+01,2.760055e+01,2.769855e+01,2.773772e+01,2.762669e+01,2.771161e+01,2.771814e+01,2.770508e+01,2.771161e+01,2.762669e+01,2.770508e+01,2.762669e+01,2.757440e+01,2.765936e+01,2.767242e+01,2.769202e+01,2.767896e+01,2.767896e+01,2.769202e+01,2.758093e+01,2.750900e+01,2.752862e+01,2.743046e+01,2.752862e+01,2.716170e+01,2.703692e+01,2.672104e+01,2.619248e+01,2.574113e+01,2.518088e+01,2.484598e+01,2.460419e+01,2.444268e+01,2.441573e+01,2.443594e+01,2.459746e+01,2.480572e+01,2.487952e+01,2.502026e+01,2.502026e+01,2.522768e+01,2.492645e+01,2.491305e+01,2.461091e+01,2.444941e+01,2.446961e+01,2.446961e+01,2.411891e+01,2.416619e+01,2.386865e+01,2.373990e+01,2.378057e+01,2.365850e+01,2.333228e+01,2.342753e+01,2.337311e+01,2.321649e+01,2.320967e+01,2.332547e+01,2.333228e+01,2.324374e+01,2.333908e+01,2.328461e+01,2.354987e+01,2.370599e+01,2.366529e+01,2.372634e+01,2.392958e+01,2.382123e+01,2.396341e+01,2.399047e+01,2.414593e+01,2.400400e+01,2.404457e+01,2.421344e+01,2.417969e+01,2.406485e+01,2.384833e+01,2.375346e+01,2.385510e+01,2.347513e+01,2.348192e+01,2.310739e+01,2.298452e+01,2.260818e+01,2.259447e+01,2.234735e+01,2.237484e+01,2.236797e+01,2.236110e+01,2.234048e+01,2.234735e+01,2.234048e+01,2.233360e+01,2.245725e+01,2.203072e+01,2.211341e+01,2.222357e+01,2.211341e+01,2.201693e+01,2.232673e+01,2.238171e+01,2.248471e+01,2.258761e+01,2.262874e+01,2.291620e+01,2.308010e+01,2.297769e+01,2.319604e+01,2.314832e+01,2.307328e+01,2.340713e+01,2.355667e+01,2.354308e+01,2.356346e+01,2.357025e+01,2.360420e+01,2.372634e+01,2.386187e+01,2.399047e+01,2.397018e+01,2.394311e+01,2.403781e+01,2.400400e+01,2.414593e+01,2.405809e+01,2.423369e+01,2.433487e+01,2.438205e+01,2.447635e+01,2.451000e+01,2.440900e+01,2.449654e+01,2.442921e+01,2.440900e+01,2.414593e+01,2.418644e+01,2.419319e+01,2.405133e+01,2.402428e+01,2.401076e+01,2.374668e+01,2.371956e+01,2.350231e+01,2.347513e+01,2.347513e+01,2.338672e+01,2.305963e+01,2.320967e+01,2.299818e+01,2.282731e+01,2.285467e+01,2.279310e+01,2.265615e+01,2.265615e+01,2.260818e+01,2.256018e+01,2.258761e+01,2.236110e+01,2.235422e+01,2.245039e+01,2.241605e+01,2.245039e+01,2.243666e+01,2.243666e+01,2.262189e+01,2.258761e+01,2.257390e+01,2.282047e+01,2.262189e+01,2.291620e+01,2.284099e+01,2.312104e+01,2.318241e+01,2.354987e+01,2.388896e+01,2.397694e+01,2.401076e+01,2.405133e+01,2.388896e+01,2.382123e+01,2.370599e+01,2.357704e+01,2.333908e+01,2.323012e+01,2.301867e+01,2.294353e+01,2.281363e+01,2.277942e+01,2.277257e+01
2.570786e+01,2.576108e+01,2.580762e+01,2.569455e+01,2.574113e+01,2.572117e+01,2.586743e+01,2.566793e+01,2.579433e+01,2.566127e+01,2.580097e+01,2.572782e+01,2.574113e+01,2.574778e+01,2.595377e+01,2.580762e+01,2.581427e+01,2.591393e+01,2.590729e+01,2.592721e+01,2.575443e+01,2.592721e+01,2.590065e+01,2.588072e+01,2.585415e+01,2.584750e+01,2.602677e+01,2.586079e+01,2.594713e+01,2.604667e+01,2.608646e+01,2.611297e+01,2.609971e+01,2.618586e+01,2.613286e+01,2.620573e+01,2.617261e+01,2.622560e+01,2.620573e+01,2.618586e+01,2.619248e+01,2.627194e+01,2.622560e+01,2.621235e+01,2.613948e+01,2.594713e+01,2.605993e+01,2.613948e+01,2.613286e+01,2.605330e+01,2.609309e+01,2.597368e+01,2.603340e+01,2.584085e+01,2.589401e+01,2.584750e+01,2.560800e+01,2.592057e+01,2.588072e+01,2.590729e+01,2.584750e+01,2.578768e+01,2.584085e+01,2.582092e+01,2.582092e+01,2.578768e+01,2.575443e+01,2.560800e+01,2.556137e+01,2.536129e+01,2.544137e+01,2.528115e+01,2.521431e+01,2.524105e+01,2.502696e+01,2.471172e+01,2.486610e+01,2.463780e+01,2.442921e+01,2.443594e+01,2.417294e+01,2.416619e+01,2.414593e+01,2.392958e+01,2.379413e+01,2.372634e+01,2.366529e+01,2.363814e+01,2.360420e+01,2.357704e+01,2.362457e+01,2.367207e+01,2.368564e+01,2.376702e+01,2.384155e+01,2.418644e+01,2.433487e+01,2.448308e+01,2.445614e+01,2.444941e+01,2.451673e+01,2.448981e+01,2.448981e+01,2.453019e+01,2.460419e+01,2.448308e+01,2.465124e+01,2.463780e+01,2.461091e+01,2.459746e+01,2.465796e+01,2.457728e+01,2.443594e+01,2.437531e+01,2.452346e+01,2.436183e+01,2.436857e+01,2.435509e+01,2.421344e+01,2.432812e+01,2.424719e+01,2.422694e+01,2.430790e+01,2.433487e+01,2.430790e+01,2.434835e+01,2.444941e+01,2.440900e+01,2.451000e+01,2.440226e+01,2.441573e+01,2.439552e+01,2.436857e+01,2.442247e+01,2.438205e+01,2.448308e+01,2.437531e+01,2.433487e+01,2.431464e+01,2.407161e+01,2.404457e+01,2.403781e+01,2.406485e+01,2.407837e+01,2.408512e+01,2.397694e+01,2.380091e+01,2.359741e+01,2.365850e+01,2.369921e+01,2.372634e+01,2.369921e+01,2.357704e+01,2.354308e+01,2.379413e+01,2.370599e+01,2.331185e+01,2.263560e+01,2.261503e+01,2.260132e+01,2.265615e+01,2.264930e+01,2.269041e+01,2.289569e+01,2.296403e+01,2.329142e+01,2.360420e+01,2.360420e+01,2.349552e+01,2.368564e+01,2.323012e+01,2.303232e+01,2.277942e+01,2.275204e+01,2.278626e+01,2.284099e+01,2.280679e+01,2.288202e+01,2.308010e+01,2.295720e+01,2.297086e+01,2.329142e+01,2.350911e+01,2.350911e+01,2.376702e+01,2.376024e+01,2.359741e+01,2.352270e+01,2.354308e+01,2.348192e+01,2.344793e+01,2.343433e+01,2.343433e+01,2.337991e+01,2.337991e+01,2.335269e+01,2.333228e+01,2.335950e+01,2.326418e+01,2.324374e+01,2.315514e+01,2.323012e+01,2.320286e+01,2.320967e+01,2.316877e+01,2.317559e+01,2.318241e+01,2.325056e+01,2.320286e+01,2.323012e+01,2.323693e+01,2.316195e+01,2.329142e+01,2.327099e+01,2.327780e+01,2.325737e+01,2.318241e+01,2.318241e+01,2.326418e+01,2.324374e+01,2.325056e+01,2.327780e+01,2.328461e+01,2.329142e+01,2.342073e+01,2.331185e+01,2.343433e+01,2.350911e+01,2.346833e+01,2.361099e+01,2.359062e+01,2.362457e+01,2.377380e+01,2.359062e+01,2.370599e+01,2.382801e+01,2.384833e+01,2.382123e+01,2.387542e+01,2.394988e+01,2.399723e+01,2.402428e+01,2.408512e+01,2.418644e+01,2.420670e+01,2.417969e+01,2.420670e+01,2.438205e+01,2.430790e+01,2.439552e+01,2.439552e+01,2.448981e+01,2.443594e+01,2.442247e+01,2.439552e+01,2.447635e+01,2.451000e+01,2.443594e+01,2.434835e+01,2.445614e+01,2.442921e+01,2.429441e+01,2.428092e+01,2.422694e+01,2.394988e+01,2.376024e+01,2.377380e+01,2.373312e+01,2.373990e+01,2.373312e+01,2.367207e+01,2.368564e+01,2.370599e+01,2.374668e+01,2.364493e+01,2.363136e+01,2.367886e+01,2.364493e+01,2.364493e+01,2.378057e+01,2.359062e+01,2.363814e+01,2.367207e+01,2.372634e+01,2.375346e+01,2.373312e+01,2.373990e+01,2.372634e+01,2.372634e+01,2.373312e+01,2.368564e+01,2.370599e+01,2.373312e+01,2.367886e+01,2.367207e+01,2.365850e+01,2.365850e+01,2.369242e+01,2.378057e+01,2.363136e+01,2.359062e+01,2.361099e+01,2.363136e+01,2.363136e+01,2.363814e+01,2.364493e+01,2.367886e+01,2.362457e+01,2.367207e+01,2.365850e+01,2.368564e+01,2.356346e+01,2.355667e+01,2.355667e+01,2.354987e+01,2.359741e+01,2.354308e+01,2.360420e+01,2.359741e+01,2.350231e+01,2.345473e+01,2.352270e+01,2.347513e+01,2.347513e+01,2.347513e+01,2.350231e+01,2.342073e+01,2.363136e+01,2.354308e+01,2.352949e+01,2.350231e+01,2.352270e+01,2.350231e+01,2.352949e+01,2.354308e+01,2.351590e+01,2.348872e+01,2.352949e+01,2.354308e+01,2.350911e+01,2.356346e+01,2.355667e+01,2.344793e+01,2.346153e+01,2.331866e+01,2.348192e+01,2.348872e+01,2.344113e+01,2.348192e+01,2.346153e+01,2.354308e+01,2.345473e+01,2.345473e+01,2.354308e+01,2.350911e+01,2.351590e+01,2.344793e+01,2.345473e+01,2.343433e+01,2.348872e+01,2.346153e+01,2.350911e+01,2.351590e+01,2.344793e+01,2.352270e+01,2.346153e+01,2.343433e+01,2.353629e+01,2.350911e+01,2.348192e+01,2.350911e+01,2.354308e+01,2.352270e+01,2.359741e+01,2.357025e+01,2.352949e+01,2.354987e+01,2.349552e+01,2.355667e+01,2.351590e+01,2.346153e+01,2.348192e+01,2.355667e+01,2.346153e+01,2.354987e+01,2.353629e+01,2.354987e+01,2.358383e+01,2.360420e+01,2.354987e+01,2.361778e+01,2.355667e+01,2.357025e+01,2.358383e+01,2.375346e+01,2.361099e+01,2.371277e+01,2.360420e+01,2.374668e+01,2.378057e+01,2.369242e+01,2.371277e+01,2.371277e+01,2.368564e+01,2.366529e+01,2.381446e+01,2.369242e+01,2.380091e+01,2.462436e+01,2.629179e+01,2.690542e+01,2.737807e+01,2.781603e+01,2.786821e+01,2.812220e+01,2.822622e+01,2.834313e+01,2.841452e+01,2.848585e+01,2.858305e+01,2.863486e+01,2.863486e+01,2.859601e+01,2.872546e+01,2.867369e+01,2.873839e+01,2.868664e+01,2.856362e+01,2.844046e+01,2.823272e+01,2.844046e+01,2.832366e+01,2.809617e+01,2.795294e+01,2.795945e+01,2.799202e+01,2.784865e+01,2.795945e+01,2.784212e+01,2.781603e+01,2.769202e+01,2.778994e+01,2.768549e+01,2.763322e+01,2.771161e+01,2.757440e+01,2.757440e+01,2.750245e+01,2.777036e+01,2.782256e+01,2.767896e+01,2.774425e+01,2.765282e+01,2.762669e+01,2.767896e+01,2.780951e+01,2.765282e+01,2.771161e+01,2.771161e+01,2.777689e+01,2.773120e+01,2.762015e+01,2.775078e+01,2.760055e+01,2.758093e+01,2.769855e+01,2.767896e+01,2.770508e+01,2.765936e+01,2.763976e+01,2.749591e+01,2.745665e+01,2.746974e+01,2.750245e+01,2.743046e+01,2.717483e+01,2.672104e+01,2.635794e+01,2.584750e+01,2.552139e+01,2.510060e+01,2.471172e+01,2.452346e+01,2.455038e+01,2.454365e+01,2.489964e+01,2.501357e+01,2.501357e+01,2.520763e+01,2.522100e+01,2.516082e+01,2.520094e+01,2.513406e+01,2.490634e+01,2.481243e+01,2.469156e+01,2.446961e+01,2.446961e+01,2.418644e+01,2.415943e+01,2.391604e+01,2.376702e+01,2.374668e+01,2.359062e+01,2.359062e+01,2.352949e+01,2.345473e+01,2.328461e+01,2.337991e+01,2.345473e+01,2.335269e+01,2.335269e+01,2.345473e+01,2.367207e+01,2.368564e+01,2.392281e+01,2.392281e+01,2.394311e+01,2.399723e+01,2.426068e+01,2.420670e+01,2.426068e+01,2.433487e+01,2.429441e+01,2.425393e+01,2.425393e+01,2.428766e+01,2.410540e+01,2.392281e+01,2.392958e+01,2.392958e+01,2.350911e+01,2.352270e+01,2.333228e+01,2.316195e+01,2.288202e+01,2.260818e+01,2.258761e+01,2.269726e+01,2.258076e+01,2.242292e+01,2.266986e+01,2.252588e+01,2.248471e+01,2.249844e+01,2.237484e+01,2.241605e+01,2.238858e+01,2.238858e+01,2.271780e+01,2.267671e+01,2.273150e+01,2.284099e+01,2.254646e+01,2.296403e+01,2.292303e+01,2.308693e+01,2.318241e+01,2.318923e+01,2.326418e+01,2.331866e+01,2.352270e+01,2.337311e+01,2.363814e+01,2.354308e+01,2.365172e+01,2.356346e+01,2.376024e+01,2.363814e+01,2.378735e+01,2.380091e+01,2.382801e+01,2.385510e+01,2.406485e+01,2.407837e+01,2.415943e+01,2.428766e+01,2.424719e+01,2.445614e+01,2.450327e+01,2.442247e+01,2.457728e+01,2.446961e+01,2.454365e+01,2.445614e+01,2.442921e+01,2.432812e+01,2.402428e+01,2.402428e+01,2.404457e+01,2.403105e+01,2.390250e+01,2.387542e+01,2.373312e+01,2.347513e+01,2.346153e+01,2.337311e+01,2.342073e+01,2.339352e+01,2.312104e+01,2.282731e+01,2.289569e+01,2.288202e+01,2.282731e+01,2.266301e+01,2.275888e+01,2.269726e+01,2.271096e+01,2.258761e+01,2.247785e+01,2.245725e+01,2.244352e+01,2.239545e+01,2.242979e+01,2.242292e+01,2.246412e+01,2.236110e+01,2.234735e+01,2.258076e+01,2.275888e+01,2.278626e+01,2.278626e+01,2.292987e+01,2.344793e+01,2.352949e+01,2.387542e+01,2.407837e+01,2.391604e+01,2.394988e+01,2.395664e+01,2.378735e+01,2.369921e+01,2.343433e+01,2.349552e+01,2.340713e+01,2.318923e+01,2.297769e+01,2.296403e+01,2.277257e+01,2.279995e+01
2.571451e+01,2.584085e+01,2.572782e+01,2.590729e+01,2.578768e+01,2.586079e+01,2.573447e+01,2.570121e+01,2.584085e+01,2.571451e+01,2.590729e+01,2.568790e+01,2.577438e+01,2.565462e+01,2.580762e+01,2.588736e+01,2.588736e+01,2.584085e+01,2.584085e+01,2.583421e+01,2.588736e+01,2.596704e+01,2.586079e+01,2.589401e+01,2.588072e+01,2.592057e+01,2.592057e+01,2.594713e+01,2.614611e+01,2.606656e+01,2.609309e+01,2.616599e+01,2.621898e+01,2.620573e+01,2.635133e+01,2.625208e+01,2.617924e+01,2.623222e+01,2.627194e+01,2.621898e+01,2.616599e+01,2.614611e+01,2.615936e+01,2.613286e+01,2.615936e+01,2.615274e+01,2.609309e+01,2.604667e+01,2.613948e+01,2.592721e+01,2.608646e+01,2.592721e+01,2.592057e+01,2.593385e+01,2.596041e+01,2.592057e+01,2.600023e+01,2.600686e+01,2.609309e+01,2.592057e+01,2.587408e+01,2.585415e+01,2.586079e+01,2.580762e+01,2.574778e+01,2.568124e+01,2.558136e+01,2.561466e+01,2.566127e+01,2.544804e+01,2.544804e+01,2.546138e+01,2.523437e+01,2.532790e+01,2.520094e+01,2.499347e+01,2.501357e+01,2.481243e+01,2.463780e+01,2.448981e+01,2.458401e+01,2.440226e+01,2.413917e+01,2.408512e+01,2.403781e+01,2.376702e+01,2.373312e+01,2.361778e+01,2.365172e+01,2.360420e+01,2.359741e+01,2.359062e+01,2.361778e+01,2.362457e+01,2.388896e+01,2.390250e+01,2.394311e+01,2.426743e+01,2.425393e+01,2.448308e+01,2.448308e+01,2.449654e+01,2.446288e+01,2.453019e+01,2.453019e+01,2.459746e+01,2.460419e+01,2.463108e+01,2.471844e+01,2.470500e+01,2.461091e+01,2.450327e+01,2.451673e+01,2.437531e+01,2.445614e+01,2.431464e+01,2.435509e+01,2.430115e+01,2.431464e+01,2.426743e+01,2.415268e+01,2.420670e+01,2.417969e+01,2.434161e+01,2.433487e+01,2.427417e+01,2.440226e+01,2.442921e+01,2.448981e+01,2.448981e+01,2.436183e+01,2.446288e+01,2.448308e+01,2.434161e+01,2.438205e+01,2.438878e+01,2.425393e+01,2.432138e+01,2.410540e+01,2.403105e+01,2.404457e+01,2.411215e+01,2.396341e+01,2.400400e+01,2.399047e+01,2.404457e+01,2.390927e+01,2.371956e+01,2.373990e+01,2.373990e+01,2.360420e+01,2.331185e+01,2.266301e+01,2.264930e+01,2.284099e+01,2.308693e+01,2.240919e+01,2.238171e+01,2.249844e+01,2.243666e+01,2.259447e+01,2.267671e+01,2.264245e+01,2.288886e+01,2.327099e+01,2.360420e+01,2.360420e+01,2.357704e+01,2.361778e+01,2.351590e+01,2.334589e+01,2.312786e+01,2.273835e+01,2.282047e+01,2.282047e+01,2.280679e+01,2.291620e+01,2.290937e+01,2.320286e+01,2.329823e+01,2.333228e+01,2.333908e+01,2.376702e+01,2.378735e+01,2.390250e+01,2.369921e+01,2.361099e+01,2.344113e+01,2.337991e+01,2.348192e+01,2.342073e+01,2.344113e+01,2.342073e+01,2.342073e+01,2.338672e+01,2.337991e+01,2.336630e+01,2.336630e+01,2.335950e+01,2.337311e+01,2.316877e+01,2.320286e+01,2.319604e+01,2.327780e+01,2.311422e+01,2.316195e+01,2.321649e+01,2.313468e+01,2.310739e+01,2.325737e+01,2.320286e+01,2.318241e+01,2.325056e+01,2.326418e+01,2.310057e+01,2.329142e+01,2.319604e+01,2.327099e+01,2.328461e+01,2.326418e+01,2.327099e+01,2.324374e+01,2.320286e+01,2.345473e+01,2.346833e+01,2.337311e+01,2.341393e+01,2.355667e+01,2.352270e+01,2.374668e+01,2.348192e+01,2.362457e+01,2.372634e+01,2.377380e+01,2.375346e+01,2.379413e+01,2.376702e+01,2.388896e+01,2.394988e+01,2.402428e+01,2.408512e+01,2.411215e+01,2.415268e+01,2.415268e+01,2.422019e+01,2.429441e+01,2.423369e+01,2.429441e+01,2.443594e+01,2.453692e+01,2.446961e+01,2.443594e+01,2.450327e+01,2.445614e+01,2.453019e+01,2.445614e+01,2.444941e+01,2.455710e+01,2.448308e+01,2.446288e+01,2.453019e+01,2.428766e+01,2.432138e+01,2.426068e+01,2.405133e+01,2.403781e+01,2.380091e+01,2.373990e+01,2.369921e+01,2.361778e+01,2.363136e+01,2.361778e+01,2.363814e+01,2.366529e+01,2.386187e+01,2.363136e+01,2.370599e+01,2.363136e+01,2.363814e+01,2.373312e+01,2.370599e+01,2.372634e+01,2.365172e+01,2.372634e+01,2.373990e+01,2.373312e+01,2.367886e+01,2.363814e+01,2.364493e+01,2.365850e+01,2.365172e+01,2.368564e+01,2.365850e+01,2.373312e+01,2.363814e+01,2.376702e+01,2.359062e+01,2.364493e+01,2.370599e+01,2.373990e+01,2.360420e+01,2.371277e+01,2.374668e+01,2.374668e+01,2.365172e+01,2.369242e+01,2.365172e+01,2.368564e+01,2.357704e+01,2.365172e+01,2.376024e+01,2.362457e+01,2.362457e+01,2.356346e+01,2.356346e+01,2.364493e+01,2.353629e+01,2.371277e+01,2.349552e+01,2.361778e+01,2.360420e+01,2.353629e+01,2.354987e+01,2.344793e+01,2.344793e+01,2.350911e+01,2.359741e+01,2.354987e+01,2.357025e+01,2.353629e+01,2.356346e+01,2.350231e+01,2.350231e+01,2.350231e+01,2.357704e+01,2.350231e+01,2.348192e+01,2.348192e+01,2.350911e+01,2.354987e+01,2.352949e+01,2.348872e+01,2.351590e+01,2.350231e+01,2.350911e+01,2.333228e+01,2.351590e+01,2.346833e+01,2.344113e+01,2.352270e+01,2.348872e+01,2.342073e+01,2.337311e+01,2.350231e+01,2.349552e+01,2.351590e+01,2.350231e+01,2.356346e+01,2.365850e+01,2.344113e+01,2.348872e+01,2.350911e+01,2.350911e+01,2.342753e+01,2.352949e+01,2.343433e+01,2.352949e+01,2.341393e+01,2.362457e+01,2.350911e+01,2.352270e+01,2.353629e+01,2.344113e+01,2.352949e+01,2.356346e+01,2.339352e+01,2.356346e+01,2.350231e+01,2.369921e+01,2.350911e+01,2.347513e+01,2.355667e+01,2.350231e+01,2.352270e+01,2.352949e+01,2.351590e+01,2.351590e+01,2.350911e+01,2.357704e+01,2.361778e+01,2.362457e+01,2.360420e+01,2.354987e+01,2.381446e+01,2.361099e+01,2.368564e+01,2.361778e+01,2.362457e+01,2.357025e+01,2.362457e+01,2.377380e+01,2.363814e+01,2.380768e+01,2.377380e+01,2.369921e+01,2.371956e+01,2.375346e+01,2.381446e+01,2.464452e+01,2.587408e+01,2.690542e+01,2.736497e+01,2.756786e+01,2.784212e+01,2.792687e+01,2.801156e+01,2.820673e+01,2.834962e+01,2.848585e+01,2.844695e+01,2.860896e+01,2.862838e+01,2.868017e+01,2.871252e+01,2.865428e+01,2.858305e+01,2.864133e+01,2.844046e+01,2.836910e+01,2.830418e+01,2.828469e+01,2.829768e+01,2.820023e+01,2.801807e+01,2.803109e+01,2.820023e+01,2.782908e+01,2.782256e+01,2.782908e+01,2.782256e+01,2.773772e+01,2.778341e+01,2.777689e+01,2.765936e+01,2.764629e+01,2.752862e+01,2.764629e+01,2.766589e+01,2.772467e+01,2.770508e+01,2.775078e+01,2.771161e+01,2.773120e+01,2.770508e+01,2.780299e+01,2.771161e+01,2.767896e+01,2.771161e+01,2.771161e+01,2.763976e+01,2.777036e+01,2.769855e+01,2.766589e+01,2.758747e+01,2.781603e+01,2.767242e+01,2.766589e+01,2.773120e+01,2.777689e+01,2.791384e+01,2.749591e+01,2.750245e+01,2.754824e+01,2.753516e+01,2.748282e+01,2.718139e+01,2.702378e+01,2.648352e+01,2.628517e+01,2.586743e+01,2.544137e+01,2.508052e+01,2.470500e+01,2.461091e+01,2.492645e+01,2.498007e+01,2.530787e+01,2.550805e+01,2.550139e+01,2.553472e+01,2.552805e+01,2.527446e+01,2.541468e+01,2.518088e+01,2.484598e+01,2.493316e+01,2.469156e+01,2.446961e+01,2.467141e+01,2.447635e+01,2.416619e+01,2.415943e+01,2.384155e+01,2.383478e+01,2.370599e+01,2.367207e+01,2.359062e+01,2.352270e+01,2.346153e+01,2.350231e+01,2.343433e+01,2.366529e+01,2.351590e+01,2.348872e+01,2.390927e+01,2.393634e+01,2.390927e+01,2.417294e+01,2.425393e+01,2.429441e+01,2.436183e+01,2.436857e+01,2.451673e+01,2.442247e+01,2.444941e+01,2.430115e+01,2.426743e+01,2.432812e+01,2.423369e+01,2.389573e+01,2.391604e+01,2.378735e+01,2.350911e+01,2.344793e+01,2.333228e+01,2.337991e+01,2.314832e+01,2.311422e+01,2.282047e+01,2.278626e+01,2.271096e+01,2.285467e+01,2.269041e+01,2.271096e+01,2.269041e+01,2.257390e+01,2.275888e+01,2.280679e+01,2.278626e+01,2.289569e+01,2.272465e+01,2.286835e+01,2.304598e+01,2.302550e+01,2.303915e+01,2.305280e+01,2.320286e+01,2.319604e+01,2.322330e+01,2.330504e+01,2.331185e+01,2.355667e+01,2.351590e+01,2.363136e+01,2.360420e+01,2.373990e+01,2.359062e+01,2.356346e+01,2.371956e+01,2.389573e+01,2.386865e+01,2.376024e+01,2.397694e+01,2.418644e+01,2.414593e+01,2.431464e+01,2.428092e+01,2.440900e+01,2.441573e+01,2.444268e+01,2.457728e+01,2.456383e+01,2.471172e+01,2.455038e+01,2.453019e+01,2.457056e+01,2.441573e+01,2.438878e+01,2.427417e+01,2.420670e+01,2.421344e+01,2.407161e+01,2.392281e+01,2.383478e+01,2.375346e+01,2.347513e+01,2.347513e+01,2.339352e+01,2.337991e+01,2.326418e+01,2.300501e+01,2.293670e+01,2.297086e+01,2.287519e+01,2.297086e+01,2.290253e+01,2.272465e+01,2.266301e+01,2.271096e+01,2.262874e+01,2.260818e+01,2.249158e+01,2.245039e+01,2.242979e+01,2.262189e+01,2.241605e+01,2.249158e+01,2.248471e+01,2.256018e+01,2.264930e+01,2.272465e+01,2.275204e+01,2.293670e+01,2.333228e+01,2.373312e+01,2.391604e+01,2.415943e+01,2.410540e+01,2.395664e+01,2.388219e+01,2.386187e+01,2.367207e+01,2.348192e+01,2.340713e+01,2.319604e+01,2.298452e+01,2.277257e+01,2.277257e+01,2.277942e+01,2.286835e+01
2.603340e+01,2.586743e+01,2.603340e+01,2.589401e+01,2.590729e+01,2.590065e+01,2.583421e+01,2.568790e+01,2.578103e+01,2.569455e+01,2.583421e+01,2.572117e+01,2.584750e+01,2.568790e+01,2.566793e+01,2.579433e+01,2.565462e+01,2.584085e+01,2.582092e+01,2.580762e+01,2.591393e+01,2.587408e+01,2.595377e+01,2.590729e+01,2.595377e+01,2.590065e+01,2.607319e+01,2.614611e+01,2.614611e+01,2.617261e+01,2.609971e+01,2.621898e+01,2.616599e+01,2.617924e+01,2.616599e+01,2.630502e+01,2.625870e+01,2.619248e+01,2.619248e+01,2.628517e+01,2.618586e+01,2.622560e+01,2.614611e+01,2.609971e+01,2.607982e+01,2.596704e+01,2.602677e+01,2.580762e+01,2.584085e+01,2.595377e+01,2.598032e+01,2.592057e+01,2.598032e+01,2.592057e+01,2.602013e+01,2.604004e+01,2.615936e+01,2.601350e+01,2.619248e+01,2.600686e+01,2.598032e+01,2.604004e+01,2.585415e+01,2.588072e+01,2.585415e+01,2.582092e+01,2.574113e+01,2.566793e+01,2.561466e+01,2.545471e+01,2.563464e+01,2.535461e+01,2.534793e+01,2.532790e+01,2.522100e+01,2.489964e+01,2.498677e+01,2.487281e+01,2.471844e+01,2.491305e+01,2.463108e+01,2.439552e+01,2.429441e+01,2.428092e+01,2.401752e+01,2.391604e+01,2.397018e+01,2.391604e+01,2.369921e+01,2.357025e+01,2.378735e+01,2.357025e+01,2.363814e+01,2.356346e+01,2.357025e+01,2.376024e+01,2.386187e+01,2.390927e+01,2.423369e+01,2.446288e+01,2.453019e+01,2.437531e+01,2.451000e+01,2.451673e+01,2.457056e+01,2.444941e+01,2.451000e+01,2.471172e+01,2.463108e+01,2.458401e+01,2.457056e+01,2.442247e+01,2.440226e+01,2.444268e+01,2.427417e+01,2.417294e+01,2.428092e+01,2.416619e+01,2.420670e+01,2.428092e+01,2.413917e+01,2.422694e+01,2.417294e+01,2.417294e+01,2.423369e+01,2.420670e+01,2.430115e+01,2.434161e+01,2.438878e+01,2.436183e+01,2.445614e+01,2.446288e+01,2.439552e+01,2.436857e+01,2.433487e+01,2.432812e+01,2.434161e+01,2.411891e+01,2.422694e+01,2.406485e+01,2.403105e+01,2.403105e+01,2.406485e+01,2.409864e+01,2.410540e+01,2.409188e+01,2.388219e+01,2.380091e+01,2.370599e+01,2.361099e+01,2.359741e+01,2.310739e+01,2.224421e+01,2.191346e+01,2.236110e+01,2.202383e+01,2.202383e+01,2.216851e+01,2.239545e+01,2.252588e+01,2.246412e+01,2.256018e+01,2.277942e+01,2.323693e+01,2.354308e+01,2.380768e+01,2.367886e+01,2.363814e+01,2.369921e+01,2.361778e+01,2.320967e+01,2.282731e+01,2.284783e+01,2.278626e+01,2.280679e+01,2.285467e+01,2.287519e+01,2.310739e+01,2.317559e+01,2.328461e+01,2.357025e+01,2.370599e+01,2.377380e+01,2.404457e+01,2.383478e+01,2.371956e+01,2.353629e+01,2.350231e+01,2.340032e+01,2.344793e+01,2.335950e+01,2.329142e+01,2.340032e+01,2.341393e+01,2.340032e+01,2.337991e+01,2.337311e+01,2.336630e+01,2.328461e+01,2.325737e+01,2.327099e+01,2.323012e+01,2.317559e+01,2.335269e+01,2.316877e+01,2.321649e+01,2.322330e+01,2.317559e+01,2.315514e+01,2.321649e+01,2.327099e+01,2.317559e+01,2.316195e+01,2.316877e+01,2.325737e+01,2.323012e+01,2.327099e+01,2.325737e+01,2.329142e+01,2.330504e+01,2.332547e+01,2.330504e+01,2.329142e+01,2.350911e+01,2.345473e+01,2.342753e+01,2.352949e+01,2.355667e+01,2.361099e+01,2.364493e+01,2.364493e+01,2.351590e+01,2.374668e+01,2.365850e+01,2.380091e+01,2.399047e+01,2.384833e+01,2.400400e+01,2.402428e+01,2.401076e+01,2.405809e+01,2.406485e+01,2.405809e+01,2.415268e+01,2.420670e+01,2.430790e+01,2.432812e+01,2.438205e+01,2.443594e+01,2.446961e+01,2.447635e+01,2.448308e+01,2.450327e+01,2.453692e+01,2.451000e+01,2.440226e+01,2.446288e+01,2.445614e+01,2.437531e+01,2.442247e+01,2.432138e+01,2.438205e+01,2.438205e+01,2.415268e+01,2.412566e+01,2.402428e+01,2.380091e+01,2.373312e+01,2.370599e+01,2.367886e+01,2.364493e+01,2.363136e+01,2.364493e+01,2.368564e+01,2.380768e+01,2.386187e+01,2.377380e+01,2.369921e+01,2.367207e+01,2.367207e+01,2.371956e+01,2.368564e+01,2.369242e+01,2.373312e+01,2.381446e+01,2.358383e+01,2.361099e+01,2.369921e+01,2.364493e+01,2.360420e+01,2.365850e+01,2.367886e+01,2.368564e+01,2.367886e+01,2.369921e+01,2.361099e+01,2.363814e+01,2.363814e+01,2.371956e+01,2.375346e+01,2.363136e+01,2.361099e+01,2.369242e+01,2.365172e+01,2.363814e+01,2.373312e+01,2.368564e+01,2.366529e+01,2.361778e+01,2.349552e+01,2.354308e+01,2.365172e+01,2.354987e+01,2.355667e+01,2.359062e+01,2.359062e+01,2.357704e+01,2.355667e+01,2.359062e+01,2.350231e+01,2.343433e+01,2.356346e+01,2.358383e+01,2.347513e+01,2.344113e+01,2.357025e+01,2.341393e+01,2.351590e+01,2.354308e+01,2.346153e+01,2.352270e+01,2.350911e+01,2.348192e+01,2.353629e+01,2.349552e+01,2.351590e+01,2.342753e+01,2.355667e+01,2.352949e+01,2.332547e+01,2.344793e+01,2.349552e+01,2.352949e+01,2.340713e+01,2.344793e+01,2.335269e+01,2.350911e+01,2.331866e+01,2.352270e+01,2.342073e+01,2.342753e+01,2.338672e+01,2.338672e+01,2.350911e+01,2.333908e+01,2.344793e+01,2.345473e+01,2.333908e+01,2.344793e+01,2.342753e+01,2.348192e+01,2.338672e+01,2.352270e+01,2.342073e+01,2.349552e+01,2.342073e+01,2.359741e+01,2.348872e+01,2.352270e+01,2.349552e+01,2.350231e+01,2.358383e+01,2.354308e+01,2.349552e+01,2.349552e+01,2.350911e+01,2.337991e+01,2.339352e+01,2.349552e+01,2.360420e+01,2.357704e+01,2.358383e+01,2.348192e+01,2.347513e+01,2.352270e+01,2.350911e+01,2.345473e+01,2.354308e+01,2.360420e+01,2.359062e+01,2.361778e+01,2.363136e+01,2.361778e+01,2.359741e+01,2.352949e+01,2.355667e+01,2.357704e+01,2.359062e+01,2.369242e+01,2.367886e+01,2.357704e+01,2.362457e+01,2.357704e+01,2.372634e+01,2.363814e+01,2.367886e+01,2.374668e+01,2.373990e+01,2.433487e+01,2.582092e+01,2.690542e+01,2.734532e+01,2.776383e+01,2.776383e+01,2.796597e+01,2.800504e+01,2.823272e+01,2.849882e+01,2.849234e+01,2.858305e+01,2.860896e+01,2.854418e+01,2.860896e+01,2.869958e+01,2.862191e+01,2.866722e+01,2.871899e+01,2.856362e+01,2.866075e+01,2.829768e+01,2.822622e+01,2.825221e+01,2.807014e+01,2.825221e+01,2.801807e+01,2.781603e+01,2.779646e+01,2.784865e+01,2.778341e+01,2.771161e+01,2.779646e+01,2.772467e+01,2.769202e+01,2.767896e+01,2.766589e+01,2.764629e+01,2.766589e+01,2.760055e+01,2.768549e+01,2.770508e+01,2.774425e+01,2.760055e+01,2.770508e+01,2.776383e+01,2.769855e+01,2.769855e+01,2.767242e+01,2.768549e+01,2.765936e+01,2.762015e+01,2.759401e+01,2.770508e+01,2.784865e+01,2.753516e+01,2.755478e+01,2.765936e+01,2.777689e+01,2.771161e+01,2.775731e+01,2.786169e+01,2.766589e+01,2.761362e+01,2.767242e+01,2.750245e+01,2.748937e+01,2.745665e+01,2.719451e+01,2.710918e+01,2.674740e+01,2.647031e+01,2.601350e+01,2.564130e+01,2.521431e+01,2.524773e+01,2.520763e+01,2.540133e+01,2.558802e+01,2.559468e+01,2.578768e+01,2.576773e+01,2.555471e+01,2.552805e+01,2.532122e+01,2.522768e+01,2.514075e+01,2.518757e+01,2.495326e+01,2.469828e+01,2.468484e+01,2.447635e+01,2.425393e+01,2.419994e+01,2.415943e+01,2.390927e+01,2.399723e+01,2.371956e+01,2.370599e+01,2.357025e+01,2.363814e+01,2.367886e+01,2.367207e+01,2.365850e+01,2.368564e+01,2.368564e+01,2.399047e+01,2.417294e+01,2.414593e+01,2.409188e+01,2.431464e+01,2.430790e+01,2.444941e+01,2.465124e+01,2.467813e+01,2.467813e+01,2.468484e+01,2.464452e+01,2.438205e+01,2.452346e+01,2.435509e+01,2.427417e+01,2.420670e+01,2.405133e+01,2.384833e+01,2.355667e+01,2.357025e+01,2.342073e+01,2.335269e+01,2.304598e+01,2.310739e+01,2.303232e+01,2.297086e+01,2.295720e+01,2.295720e+01,2.273835e+01,2.284099e+01,2.288202e+01,2.282731e+01,2.282047e+01,2.279310e+01,2.282047e+01,2.282047e+01,2.296403e+01,2.301867e+01,2.296403e+01,2.308010e+01,2.319604e+01,2.320967e+01,2.310057e+01,2.322330e+01,2.337991e+01,2.326418e+01,2.340713e+01,2.344793e+01,2.359062e+01,2.365850e+01,2.366529e+01,2.369921e+01,2.376702e+01,2.369242e+01,2.382801e+01,2.390927e+01,2.387542e+01,2.398371e+01,2.405133e+01,2.412566e+01,2.414593e+01,2.427417e+01,2.427417e+01,2.441573e+01,2.452346e+01,2.457056e+01,2.463780e+01,2.469156e+01,2.448308e+01,2.448308e+01,2.459073e+01,2.437531e+01,2.442247e+01,2.432138e+01,2.415268e+01,2.415268e+01,2.400400e+01,2.386865e+01,2.371956e+01,2.377380e+01,2.371277e+01,2.346153e+01,2.341393e+01,2.340713e+01,2.324374e+01,2.328461e+01,2.310057e+01,2.295720e+01,2.290253e+01,2.288886e+01,2.284099e+01,2.293670e+01,2.269726e+01,2.263560e+01,2.263560e+01,2.250530e+01,2.243666e+01,2.263560e+01,2.248471e+01,2.245039e+01,2.249158e+01,2.238858e+01,2.234735e+01,2.256018e+01,2.253960e+01,2.256018e+01,2.280679e+01,2.278626e+01,2.318241e+01,2.348872e+01,2.382801e+01,2.401076e+01,2.416619e+01,2.412566e+01,2.387542e+01,2.367886e+01,2.379413e+01,2.334589e+01,2.345473e+01,2.313468e+01,2.313468e+01,2.299818e+01,2.278626e+01,2.275888e+01,2.277257e+01
2.597368e+01,2.598696e+01,2.602013e+01,2.594049e+01,2.589401e+01,2.590729e+01,2.579433e+01,2.584085e+01,2.572782e+01,2.586743e+01,2.573447e+01,2.574113e+01,2.589401e+01,2.574113e+01,2.591393e+01,2.587408e+01,2.580762e+01,2.585415e+01,2.589401e+01,2.591393e+01,2.592721e+01,2.595377e+01,2.603340e+01,2.591393e+01,2.600023e+01,2.604667e+01,2.605330e+01,2.613286e+01,2.622560e+01,2.621898e+01,2.622560e+01,2.621898e+01,2.615274e+01,2.623222e+01,2.615936e+01,2.630502e+01,2.618586e+01,2.617924e+01,2.603340e+01,2.621898e+01,2.620573e+01,2.608646e+01,2.615936e+01,2.622560e+01,2.600023e+01,2.598032e+01,2.605993e+01,2.594713e+01,2.590729e+01,2.596704e+01,2.595377e+01,2.593385e+01,2.601350e+01,2.615936e+01,2.599359e+01,2.613948e+01,2.598032e+01,2.598032e+01,2.610634e+01,2.605330e+01,2.606656e+01,2.594049e+01,2.602677e+01,2.585415e+01,2.585415e+01,2.583421e+01,2.567459e+01,2.571451e+01,2.545471e+01,2.558136e+01,2.548805e+01,2.542135e+01,2.532122e+01,2.529451e+01,2.521431e+01,2.518757e+01,2.495997e+01,2.491975e+01,2.488622e+01,2.461763e+01,2.463108e+01,2.430115e+01,2.452346e+01,2.426068e+01,2.430115e+01,2.399723e+01,2.394311e+01,2.399723e+01,2.392281e+01,2.393634e+01,2.372634e+01,2.358383e+01,2.361778e+01,2.358383e+01,2.363814e+01,2.359741e+01,2.377380e+01,2.384833e+01,2.417294e+01,2.442921e+01,2.430790e+01,2.428766e+01,2.453019e+01,2.465124e+01,2.453692e+01,2.464452e+01,2.459073e+01,2.459746e+01,2.464452e+01,2.471172e+01,2.453692e+01,2.449654e+01,2.443594e+01,2.445614e+01,2.424044e+01,2.424719e+01,2.416619e+01,2.417969e+01,2.410540e+01,2.408512e+01,2.412566e+01,2.420670e+01,2.415268e+01,2.427417e+01,2.426743e+01,2.422019e+01,2.433487e+01,2.428092e+01,2.434835e+01,2.453692e+01,2.446961e+01,2.432812e+01,2.438878e+01,2.431464e+01,2.431464e+01,2.426743e+01,2.413917e+01,2.424044e+01,2.410540e+01,2.428092e+01,2.415943e+01,2.402428e+01,2.401076e+01,2.405133e+01,2.409864e+01,2.406485e+01,2.386187e+01,2.387542e+01,2.371277e+01,2.357704e+01,2.331866e+01,2.256704e+01,2.183060e+01,2.180988e+01,2.179606e+01,2.178915e+01,2.177533e+01,2.196176e+01,2.251216e+01,2.251902e+01,2.255332e+01,2.277942e+01,2.325056e+01,2.369242e+01,2.383478e+01,2.384833e+01,2.408512e+01,2.389573e+01,2.385510e+01,2.367207e+01,2.315514e+01,2.286835e+01,2.285467e+01,2.282731e+01,2.297769e+01,2.300501e+01,2.312786e+01,2.310739e+01,2.338672e+01,2.337991e+01,2.361099e+01,2.386187e+01,2.399723e+01,2.419994e+01,2.391604e+01,2.356346e+01,2.350911e+01,2.345473e+01,2.337991e+01,2.338672e+01,2.343433e+01,2.344793e+01,2.340032e+01,2.335950e+01,2.340032e+01,2.333908e+01,2.335950e+01,2.336630e+01,2.330504e+01,2.323012e+01,2.331866e+01,2.318241e+01,2.320967e+01,2.317559e+01,2.319604e+01,2.314150e+01,2.314150e+01,2.320967e+01,2.321649e+01,2.316877e+01,2.323012e+01,2.314832e+01,2.321649e+01,2.325737e+01,2.325056e+01,2.325056e+01,2.325056e+01,2.325056e+01,2.327099e+01,2.327780e+01,2.328461e+01,2.332547e+01,2.339352e+01,2.338672e+01,2.344793e+01,2.355667e+01,2.355667e+01,2.358383e+01,2.369242e+01,2.371277e+01,2.363136e+01,2.371277e+01,2.367207e+01,2.378735e+01,2.378735e+01,2.385510e+01,2.389573e+01,2.401752e+01,2.404457e+01,2.400400e+01,2.407161e+01,2.409864e+01,2.422019e+01,2.422019e+01,2.424719e+01,2.436183e+01,2.444268e+01,2.449654e+01,2.444941e+01,2.452346e+01,2.453019e+01,2.451000e+01,2.449654e+01,2.444941e+01,2.446288e+01,2.439552e+01,2.434835e+01,2.444268e+01,2.442921e+01,2.437531e+01,2.440226e+01,2.432138e+01,2.434161e+01,2.424044e+01,2.416619e+01,2.409864e+01,2.392281e+01,2.380091e+01,2.361099e+01,2.364493e+01,2.363814e+01,2.363814e+01,2.364493e+01,2.363136e+01,2.383478e+01,2.365172e+01,2.365850e+01,2.367207e+01,2.366529e+01,2.363136e+01,2.359741e+01,2.362457e+01,2.372634e+01,2.375346e+01,2.366529e+01,2.368564e+01,2.373990e+01,2.368564e+01,2.372634e+01,2.359062e+01,2.365850e+01,2.368564e+01,2.367886e+01,2.354308e+01,2.358383e+01,2.361778e+01,2.361778e+01,2.358383e+01,2.359741e+01,2.366529e+01,2.367207e+01,2.367207e+01,2.367886e+01,2.363136e+01,2.366529e+01,2.369242e+01,2.361099e+01,2.363136e+01,2.365172e+01,2.352270e+01,2.356346e+01,2.356346e+01,2.350911e+01,2.358383e+01,2.357704e+01,2.354308e+01,2.354987e+01,2.354308e+01,2.358383e+01,2.337311e+01,2.350231e+01,2.356346e+01,2.349552e+01,2.340032e+01,2.347513e+01,2.350231e+01,2.347513e+01,2.352949e+01,2.349552e+01,2.351590e+01,2.346833e+01,2.350911e+01,2.351590e+01,2.349552e+01,2.347513e+01,2.344793e+01,2.347513e+01,2.345473e+01,2.350911e+01,2.342753e+01,2.346833e+01,2.348192e+01,2.350911e+01,2.336630e+01,2.331185e+01,2.351590e+01,2.346153e+01,2.340032e+01,2.348192e+01,2.337311e+01,2.346833e+01,2.346153e+01,2.335950e+01,2.349552e+01,2.350231e+01,2.349552e+01,2.349552e+01,2.337991e+01,2.343433e+01,2.332547e+01,2.346153e+01,2.352949e+01,2.329142e+01,2.339352e+01,2.331866e+01,2.354308e+01,2.350911e+01,2.348872e+01,2.348192e+01,2.340713e+01,2.352949e+01,2.364493e+01,2.353629e+01,2.350911e+01,2.346153e+01,2.342073e+01,2.340713e+01,2.350231e+01,2.352270e+01,2.353629e+01,2.353629e+01,2.348872e+01,2.353629e+01,2.344113e+01,2.350911e+01,2.354308e+01,2.359062e+01,2.356346e+01,2.360420e+01,2.362457e+01,2.361099e+01,2.362457e+01,2.361778e+01,2.350911e+01,2.353629e+01,2.360420e+01,2.357025e+01,2.360420e+01,2.371277e+01,2.370599e+01,2.354987e+01,2.360420e+01,2.352949e+01,2.367207e+01,2.370599e+01,2.364493e+01,2.378735e+01,2.371277e+01,2.432812e+01,2.569455e+01,2.671445e+01,2.734532e+01,2.775731e+01,2.784212e+01,2.788125e+01,2.813520e+01,2.808316e+01,2.842100e+01,2.844046e+01,2.848585e+01,2.843398e+01,2.864780e+01,2.861543e+01,2.865428e+01,2.873839e+01,2.870605e+01,2.870605e+01,2.869958e+01,2.853770e+01,2.846640e+01,2.829768e+01,2.827170e+01,2.828469e+01,2.803760e+01,2.804411e+01,2.780951e+01,2.775078e+01,2.784212e+01,2.780299e+01,2.781603e+01,2.777036e+01,2.769855e+01,2.775078e+01,2.770508e+01,2.763976e+01,2.762015e+01,2.777036e+01,2.768549e+01,2.768549e+01,2.777689e+01,2.771161e+01,2.771161e+01,2.769202e+01,2.769855e+01,2.748937e+01,2.772467e+01,2.767242e+01,2.771161e+01,2.768549e+01,2.763976e+01,2.767242e+01,2.770508e+01,2.769855e+01,2.762015e+01,2.765282e+01,2.771161e+01,2.760708e+01,2.764629e+01,2.767896e+01,2.784212e+01,2.781603e+01,2.752862e+01,2.761362e+01,2.763976e+01,2.765936e+01,2.746974e+01,2.743701e+01,2.743046e+01,2.700406e+01,2.677376e+01,2.643066e+01,2.635133e+01,2.585415e+01,2.586743e+01,2.584085e+01,2.599359e+01,2.599359e+01,2.601350e+01,2.604004e+01,2.594049e+01,2.578768e+01,2.574113e+01,2.552139e+01,2.549472e+01,2.529451e+01,2.536129e+01,2.516751e+01,2.496667e+01,2.493986e+01,2.463780e+01,2.451000e+01,2.435509e+01,2.436857e+01,2.416619e+01,2.403105e+01,2.397018e+01,2.396341e+01,2.390927e+01,2.395664e+01,2.391604e+01,2.377380e+01,2.375346e+01,2.386865e+01,2.399723e+01,2.407837e+01,2.419319e+01,2.428766e+01,2.446288e+01,2.455038e+01,2.449654e+01,2.447635e+01,2.479230e+01,2.481914e+01,2.495326e+01,2.477216e+01,2.483927e+01,2.480572e+01,2.465796e+01,2.451000e+01,2.448981e+01,2.432812e+01,2.423369e+01,2.416619e+01,2.391604e+01,2.365172e+01,2.372634e+01,2.344793e+01,2.329823e+01,2.329142e+01,2.316195e+01,2.293670e+01,2.295720e+01,2.314150e+01,2.288202e+01,2.281363e+01,2.289569e+01,2.291620e+01,2.298452e+01,2.286835e+01,2.289569e+01,2.289569e+01,2.291620e+01,2.299818e+01,2.305280e+01,2.303915e+01,2.319604e+01,2.321649e+01,2.323012e+01,2.320286e+01,2.343433e+01,2.331866e+01,2.350911e+01,2.340713e+01,2.359062e+01,2.372634e+01,2.373990e+01,2.371277e+01,2.370599e+01,2.369921e+01,2.379413e+01,2.372634e+01,2.392281e+01,2.402428e+01,2.403105e+01,2.395664e+01,2.403105e+01,2.416619e+01,2.444941e+01,2.453019e+01,2.448308e+01,2.448981e+01,2.457056e+01,2.460419e+01,2.446288e+01,2.455038e+01,2.444941e+01,2.455038e+01,2.444268e+01,2.453019e+01,2.450327e+01,2.437531e+01,2.420670e+01,2.404457e+01,2.397018e+01,2.386865e+01,2.373312e+01,2.367886e+01,2.356346e+01,2.354308e+01,2.349552e+01,2.337991e+01,2.314150e+01,2.313468e+01,2.297769e+01,2.301867e+01,2.290937e+01,2.292303e+01,2.279310e+01,2.286151e+01,2.284099e+01,2.262874e+01,2.262874e+01,2.260132e+01,2.272465e+01,2.264245e+01,2.253960e+01,2.255332e+01,2.262874e+01,2.255332e+01,2.271096e+01,2.284783e+01,2.271780e+01,2.281363e+01,2.317559e+01,2.357704e+01,2.371956e+01,2.409188e+01,2.413242e+01,2.411215e+01,2.384833e+01,2.378057e+01,2.357025e+01,2.346153e+01,2.327099e+01,2.321649e+01,2.299818e+01,2.296403e+01,2.292303e+01,2.276573e+01,2.275204e+01
2.590065e+01,2.572782e+01,2.595377e+01,2.590065e+01,2.588072e+01,2.589401e+01,2.584750e+01,2.573447e+01,2.578103e+01,2.576108e+01,2.590729e+01,2.573447e+01,2.571451e+01,2.575443e+01,2.580762e+01,2.584085e+01,2.575443e+01,2.585415e+01,2.597368e+01,2.589401e+01,2.604667e+01,2.602013e+01,2.600686e+01,2.613948e+01,2.610634e+01,2.614611e+01,2.612623e+01,2.614611e+01,2.613948e+01,2.623222e+01,2.621235e+01,2.623222e+01,2.623884e+01,2.612623e+01,2.619911e+01,2.613286e+01,2.615936e+01,2.624546e+01,2.617261e+01,2.616599e+01,2.608646e+01,2.601350e+01,2.602677e+01,2.605330e+01,2.602677e+01,2.594713e+01,2.602677e+01,2.600686e+01,2.594049e+01,2.597368e+01,2.604004e+01,2.602677e+01,2.609309e+01,2.609309e+01,2.596041e+01,2.617924e+01,2.611960e+01,2.613286e+01,2.607319e+01,2.605330e+01,2.594049e+01,2.590065e+01,2.588072e+01,2.576773e+01,2.589401e+01,2.573447e+01,2.573447e+01,2.562132e+01,2.555471e+01,2.546138e+01,2.539466e+01,2.538131e+01,2.527446e+01,2.524105e+01,2.528115e+01,2.512737e+01,2.498007e+01,2.496667e+01,2.495326e+01,2.485269e+01,2.493986e+01,2.455710e+01,2.455038e+01,2.456383e+01,2.447635e+01,2.405809e+01,2.404457e+01,2.392281e+01,2.387542e+01,2.387542e+01,2.363136e+01,2.362457e+01,2.358383e+01,2.357704e+01,2.357704e+01,2.365850e+01,2.363814e+01,2.380091e+01,2.407161e+01,2.416619e+01,2.417969e+01,2.420670e+01,2.433487e+01,2.445614e+01,2.455038e+01,2.455710e+01,2.433487e+01,2.459073e+01,2.447635e+01,2.444268e+01,2.459073e+01,2.448308e+01,2.446288e+01,2.440226e+01,2.423369e+01,2.415268e+01,2.417969e+01,2.407161e+01,2.418644e+01,2.422019e+01,2.405133e+01,2.403781e+01,2.413917e+01,2.417969e+01,2.414593e+01,2.414593e+01,2.411891e+01,2.429441e+01,2.441573e+01,2.434835e+01,2.451000e+01,2.442921e+01,2.431464e+01,2.426743e+01,2.437531e+01,2.412566e+01,2.411215e+01,2.407837e+01,2.404457e+01,2.413242e+01,2.404457e+01,2.411215e+01,2.400400e+01,2.395664e+01,2.383478e+01,2.383478e+01,2.379413e+01,2.328461e+01,2.330504e+01,2.278626e+01,2.255332e+01,2.224421e+01,2.181678e+01,2.181678e+01,2.185823e+01,2.172693e+01,2.181678e+01,2.201004e+01,2.242292e+01,2.264930e+01,2.258761e+01,2.297086e+01,2.358383e+01,2.386187e+01,2.410540e+01,2.410540e+01,2.407161e+01,2.388219e+01,2.387542e+01,2.367886e+01,2.291620e+01,2.290937e+01,2.293670e+01,2.293670e+01,2.303232e+01,2.310739e+01,2.327099e+01,2.325056e+01,2.337991e+01,2.354987e+01,2.373312e+01,2.416619e+01,2.420670e+01,2.416619e+01,2.381446e+01,2.351590e+01,2.352949e+01,2.348192e+01,2.333908e+01,2.342753e+01,2.341393e+01,2.340032e+01,2.336630e+01,2.335950e+01,2.335269e+01,2.335269e+01,2.331185e+01,2.320286e+01,2.324374e+01,2.325737e+01,2.316877e+01,2.316877e+01,2.330504e+01,2.320967e+01,2.319604e+01,2.327780e+01,2.312786e+01,2.314150e+01,2.317559e+01,2.317559e+01,2.327780e+01,2.323012e+01,2.314832e+01,2.323693e+01,2.323012e+01,2.312786e+01,2.327099e+01,2.324374e+01,2.344113e+01,2.331185e+01,2.327780e+01,2.331866e+01,2.346153e+01,2.354987e+01,2.348872e+01,2.354987e+01,2.358383e+01,2.360420e+01,2.358383e+01,2.356346e+01,2.377380e+01,2.360420e+01,2.376702e+01,2.382123e+01,2.380091e+01,2.389573e+01,2.393634e+01,2.401752e+01,2.391604e+01,2.403105e+01,2.406485e+01,2.407161e+01,2.411215e+01,2.425393e+01,2.435509e+01,2.430115e+01,2.432812e+01,2.441573e+01,2.440900e+01,2.446961e+01,2.451673e+01,2.439552e+01,2.436857e+01,2.443594e+01,2.438878e+01,2.442247e+01,2.440226e+01,2.436183e+01,2.436857e+01,2.448308e+01,2.440226e+01,2.438878e+01,2.429441e+01,2.416619e+01,2.394311e+01,2.388219e+01,2.361778e+01,2.370599e+01,2.363814e+01,2.360420e+01,2.369921e+01,2.369242e+01,2.359741e+01,2.384833e+01,2.361778e+01,2.366529e+01,2.363136e+01,2.364493e+01,2.367207e+01,2.354308e+01,2.370599e+01,2.367886e+01,2.355667e+01,2.371277e+01,2.363814e+01,2.354987e+01,2.359062e+01,2.360420e+01,2.366529e+01,2.367886e+01,2.368564e+01,2.368564e+01,2.354308e+01,2.363814e+01,2.357025e+01,2.362457e+01,2.361099e+01,2.339352e+01,2.367207e+01,2.357704e+01,2.363136e+01,2.356346e+01,2.361099e+01,2.364493e+01,2.356346e+01,2.356346e+01,2.360420e+01,2.358383e+01,2.360420e+01,2.354987e+01,2.354308e+01,2.352270e+01,2.352949e+01,2.347513e+01,2.351590e+01,2.346153e+01,2.357025e+01,2.346153e+01,2.344793e+01,2.354308e+01,2.351590e+01,2.353629e+01,2.345473e+01,2.342753e+01,2.340032e+01,2.346833e+01,2.346153e+01,2.341393e+01,2.346153e+01,2.350911e+01,2.338672e+01,2.346153e+01,2.347513e+01,2.346833e+01,2.341393e+01,2.335950e+01,2.344793e+01,2.331866e+01,2.343433e+01,2.345473e+01,2.339352e+01,2.344113e+01,2.334589e+01,2.338672e+01,2.346833e+01,2.335950e+01,2.344113e+01,2.329142e+01,2.341393e+01,2.333908e+01,2.337311e+01,2.338672e+01,2.342753e+01,2.336630e+01,2.334589e+01,2.340032e+01,2.337311e+01,2.347513e+01,2.344793e+01,2.340032e+01,2.340713e+01,2.344793e+01,2.334589e+01,2.331185e+01,2.341393e+01,2.338672e+01,2.342073e+01,2.340032e+01,2.340032e+01,2.344793e+01,2.338672e+01,2.346833e+01,2.350911e+01,2.349552e+01,2.352949e+01,2.348872e+01,2.352270e+01,2.352270e+01,2.353629e+01,2.340713e+01,2.352270e+01,2.342073e+01,2.356346e+01,2.348872e+01,2.342753e+01,2.357704e+01,2.352949e+01,2.359741e+01,2.351590e+01,2.357025e+01,2.354987e+01,2.354308e+01,2.343433e+01,2.354987e+01,2.352270e+01,2.353629e+01,2.344113e+01,2.357025e+01,2.356346e+01,2.367207e+01,2.359062e+01,2.365172e+01,2.357025e+01,2.354308e+01,2.370599e+01,2.373990e+01,2.370599e+01,2.367886e+01,2.432138e+01,2.572782e+01,2.670127e+01,2.724043e+01,2.761362e+01,2.785517e+01,2.808316e+01,2.812220e+01,2.826521e+01,2.838208e+01,2.846640e+01,2.842100e+01,2.860248e+01,2.860248e+01,2.854418e+01,2.864133e+01,2.859601e+01,2.868017e+01,2.871252e+01,2.853122e+01,2.851178e+01,2.829768e+01,2.829768e+01,2.805713e+01,2.806364e+01,2.805062e+01,2.799853e+01,2.785517e+01,2.776383e+01,2.785517e+01,2.781603e+01,2.780951e+01,2.765282e+01,2.767242e+01,2.767896e+01,2.760055e+01,2.767896e+01,2.766589e+01,2.769202e+01,2.778994e+01,2.762015e+01,2.770508e+01,2.755478e+01,2.750900e+01,2.753516e+01,2.772467e+01,2.775078e+01,2.775731e+01,2.769855e+01,2.767242e+01,2.768549e+01,2.754824e+01,2.756786e+01,2.760055e+01,2.754824e+01,2.757440e+01,2.764629e+01,2.763976e+01,2.765282e+01,2.777036e+01,2.781603e+01,2.774425e+01,2.775731e+01,2.765282e+01,2.762669e+01,2.762669e+01,2.754170e+01,2.750900e+01,2.742391e+01,2.720107e+01,2.695804e+01,2.695147e+01,2.691858e+01,2.669468e+01,2.652975e+01,2.632487e+01,2.629179e+01,2.626532e+01,2.615274e+01,2.629841e+01,2.629179e+01,2.615274e+01,2.595377e+01,2.576773e+01,2.575443e+01,2.567459e+01,2.550805e+01,2.540133e+01,2.534126e+01,2.522100e+01,2.498007e+01,2.494656e+01,2.481243e+01,2.462436e+01,2.455038e+01,2.442247e+01,2.437531e+01,2.410540e+01,2.409864e+01,2.397018e+01,2.393634e+01,2.391604e+01,2.407837e+01,2.392958e+01,2.412566e+01,2.412566e+01,2.427417e+01,2.417969e+01,2.430790e+01,2.449654e+01,2.449654e+01,2.471844e+01,2.473858e+01,2.479901e+01,2.493986e+01,2.502026e+01,2.504705e+01,2.495326e+01,2.472515e+01,2.467813e+01,2.483927e+01,2.465796e+01,2.434835e+01,2.419994e+01,2.435509e+01,2.417969e+01,2.405809e+01,2.371277e+01,2.367886e+01,2.365850e+01,2.330504e+01,2.327780e+01,2.333228e+01,2.319604e+01,2.314832e+01,2.299135e+01,2.299135e+01,2.305963e+01,2.288202e+01,2.290937e+01,2.288886e+01,2.308010e+01,2.292987e+01,2.315514e+01,2.301184e+01,2.320967e+01,2.305963e+01,2.311422e+01,2.320967e+01,2.320967e+01,2.335950e+01,2.348192e+01,2.337991e+01,2.332547e+01,2.357704e+01,2.357704e+01,2.369921e+01,2.374668e+01,2.367207e+01,2.372634e+01,2.369242e+01,2.372634e+01,2.384833e+01,2.384155e+01,2.386865e+01,2.404457e+01,2.405133e+01,2.419319e+01,2.424044e+01,2.422694e+01,2.424719e+01,2.432138e+01,2.462436e+01,2.456383e+01,2.459746e+01,2.467813e+01,2.458401e+01,2.458401e+01,2.440900e+01,2.428766e+01,2.441573e+01,2.448308e+01,2.434161e+01,2.419319e+01,2.416619e+01,2.376702e+01,2.391604e+01,2.381446e+01,2.357025e+01,2.361778e+01,2.354987e+01,2.339352e+01,2.331185e+01,2.312104e+01,2.310057e+01,2.314832e+01,2.291620e+01,2.290253e+01,2.292303e+01,2.288886e+01,2.295037e+01,2.293670e+01,2.275204e+01,2.262189e+01,2.265615e+01,2.271096e+01,2.255332e+01,2.253275e+01,2.271780e+01,2.267671e+01,2.259447e+01,2.256704e+01,2.269041e+01,2.281363e+01,2.293670e+01,2.294353e+01,2.335269e+01,2.360420e+01,2.394988e+01,2.381446e+01,2.392281e+01,2.380768e+01,2.374668e+01,2.351590e+01,2.325056e+01,2.319604e+01,2.307328e+01,2.297086e+01,2.297769e+01,2.286835e+01,2.276573e+01,2.272465e+01
2.587408e+01,2.590729e+01,2.596041e+01,2.588736e+01,2.598696e+01,2.594049e+01,2.602013e+01,2.595377e+01,2.595377e+01,2.594049e+01,2.575443e+01,2.578103e+01,2.576108e+01,2.589401e+01,2.598032e+01,2.589401e+01,2.597368e+01,2.583421e+01,2.604667e+01,2.604667e+01,2.594049e+01,2.600686e+01,2.605993e+01,2.602013e+01,2.613286e+01,2.597368e+01,2.608646e+01,2.614611e+01,2.619248e+01,2.611297e+01,2.619911e+01,2.618586e+01,2.619911e+01,2.620573e+01,2.623222e+01,2.617261e+01,2.605330e+01,2.604004e+01,2.619248e+01,2.605993e+01,2.604667e+01,2.601350e+01,2.600686e+01,2.605993e+01,2.609971e+01,2.608646e+01,2.594713e+01,2.615936e+01,2.613286e+01,2.615274e+01,2.613948e+01,2.617261e+01,2.607982e+01,2.621898e+01,2.620573e+01,2.620573e+01,2.601350e+01,2.607319e+01,2.607319e+01,2.604667e+01,2.606656e+01,2.601350e+01,2.578768e+01,2.572117e+01,2.589401e+01,2.583421e+01,2.555471e+01,2.544804e+01,2.545471e+01,2.528782e+01,2.544804e+01,2.544137e+01,2.527446e+01,2.536796e+01,2.512737e+01,2.491305e+01,2.518757e+01,2.507383e+01,2.510730e+01,2.498007e+01,2.495997e+01,2.460419e+01,2.475873e+01,2.461091e+01,2.428766e+01,2.407837e+01,2.403781e+01,2.387542e+01,2.389573e+01,2.386865e+01,2.386865e+01,2.381446e+01,2.369242e+01,2.358383e+01,2.355667e+01,2.361099e+01,2.367207e+01,2.367207e+01,2.375346e+01,2.402428e+01,2.415268e+01,2.429441e+01,2.427417e+01,2.430790e+01,2.426743e+01,2.428766e+01,2.440226e+01,2.447635e+01,2.434161e+01,2.445614e+01,2.448308e+01,2.447635e+01,2.445614e+01,2.444268e+01,2.431464e+01,2.413917e+01,2.401076e+01,2.409864e+01,2.407161e+01,2.411215e+01,2.400400e+01,2.407837e+01,2.410540e+01,2.413917e+01,2.419994e+01,2.419994e+01,2.416619e+01,2.428092e+01,2.436857e+01,2.432138e+01,2.433487e+01,2.438205e+01,2.424719e+01,2.434835e+01,2.421344e+01,2.413242e+01,2.415943e+01,2.435509e+01,2.413917e+01,2.401752e+01,2.405809e+01,2.404457e+01,2.397018e+01,2.401076e+01,2.380768e+01,2.382123e+01,2.353629e+01,2.315514e+01,2.253960e+01,2.216162e+01,2.199624e+01,2.185132e+01,2.179606e+01,2.167852e+01,2.170619e+01,2.182369e+01,2.184441e+01,2.236797e+01,2.237484e+01,2.254646e+01,2.296403e+01,2.360420e+01,2.386865e+01,2.402428e+01,2.428092e+01,2.426068e+01,2.427417e+01,2.427417e+01,2.410540e+01,2.394988e+01,2.363814e+01,2.363814e+01,2.324374e+01,2.305280e+01,2.317559e+01,2.325737e+01,2.327780e+01,2.328461e+01,2.356346e+01,2.378057e+01,2.392958e+01,2.424719e+01,2.413917e+01,2.391604e+01,2.354987e+01,2.329142e+01,2.349552e+01,2.338672e+01,2.343433e+01,2.340032e+01,2.335269e+01,2.337991e+01,2.344113e+01,2.336630e+01,2.326418e+01,2.318241e+01,2.317559e+01,2.327099e+01,2.323012e+01,2.328461e+01,2.327099e+01,2.320286e+01,2.323693e+01,2.316877e+01,2.316195e+01,2.316195e+01,2.314150e+01,2.317559e+01,2.314150e+01,2.321649e+01,2.316877e+01,2.318241e+01,2.322330e+01,2.325737e+01,2.327099e+01,2.320967e+01,2.326418e+01,2.325737e+01,2.327780e+01,2.308693e+01,2.341393e+01,2.345473e+01,2.352949e+01,2.356346e+01,2.358383e+01,2.359062e+01,2.359062e+01,2.366529e+01,2.359741e+01,2.365172e+01,2.370599e+01,2.372634e+01,2.373312e+01,2.389573e+01,2.389573e+01,2.397694e+01,2.403105e+01,2.396341e+01,2.401752e+01,2.402428e+01,2.407837e+01,2.415943e+01,2.409188e+01,2.425393e+01,2.415943e+01,2.437531e+01,2.440900e+01,2.445614e+01,2.440900e+01,2.448308e+01,2.451000e+01,2.448981e+01,2.444268e+01,2.445614e+01,2.443594e+01,2.444268e+01,2.444268e+01,2.440226e+01,2.428766e+01,2.433487e+01,2.430115e+01,2.436857e+01,2.432812e+01,2.417969e+01,2.405133e+01,2.405809e+01,2.402428e+01,2.376702e+01,2.361099e+01,2.361778e+01,2.359741e+01,2.370599e+01,2.349552e+01,2.360420e+01,2.367207e+01,2.366529e+01,2.354987e+01,2.362457e+01,2.365172e+01,2.365172e+01,2.365850e+01,2.371277e+01,2.359741e+01,2.372634e+01,2.361778e+01,2.356346e+01,2.363814e+01,2.375346e+01,2.367207e+01,2.366529e+01,2.367207e+01,2.366529e+01,2.362457e+01,2.365172e+01,2.353629e+01,2.351590e+01,2.361778e+01,2.367207e+01,2.365172e+01,2.361099e+01,2.367207e+01,2.355667e+01,2.357025e+01,2.357025e+01,2.355667e+01,2.358383e+01,2.358383e+01,2.357025e+01,2.362457e+01,2.351590e+01,2.357704e+01,2.358383e+01,2.352270e+01,2.350911e+01,2.350911e+01,2.344113e+01,2.347513e+01,2.338672e+01,2.351590e+01,2.346153e+01,2.346153e+01,2.343433e+01,2.349552e+01,2.346153e+01,2.343433e+01,2.351590e+01,2.343433e+01,2.343433e+01,2.351590e+01,2.342073e+01,2.342073e+01,2.345473e+01,2.351590e+01,2.330504e+01,2.350231e+01,2.340713e+01,2.342753e+01,2.333228e+01,2.340713e+01,2.350911e+01,2.333908e+01,2.331866e+01,2.339352e+01,2.337311e+01,2.337311e+01,2.337991e+01,2.348192e+01,2.349552e+01,2.340032e+01,2.350911e+01,2.336630e+01,2.340713e+01,2.334589e+01,2.336630e+01,2.335950e+01,2.344113e+01,2.329823e+01,2.334589e+01,2.346153e+01,2.337991e+01,2.340032e+01,2.339352e+01,2.341393e+01,2.343433e+01,2.337991e+01,2.344113e+01,2.344793e+01,2.338672e+01,2.341393e+01,2.325056e+01,2.341393e+01,2.347513e+01,2.350231e+01,2.351590e+01,2.348192e+01,2.348872e+01,2.339352e+01,2.340713e+01,2.352270e+01,2.352270e+01,2.352949e+01,2.354308e+01,2.350911e+01,2.355667e+01,2.352270e+01,2.355667e+01,2.354308e+01,2.349552e+01,2.342073e+01,2.365172e+01,2.354987e+01,2.359741e+01,2.352949e+01,2.351590e+01,2.354308e+01,2.352949e+01,2.363814e+01,2.358383e+01,2.363814e+01,2.358383e+01,2.357704e+01,2.365850e+01,2.366529e+01,2.362457e+01,2.366529e+01,2.372634e+01,2.376702e+01,2.385510e+01,2.432812e+01,2.547471e+01,2.668149e+01,2.729944e+01,2.773120e+01,2.779646e+01,2.807665e+01,2.805713e+01,2.819373e+01,2.823922e+01,2.855714e+01,2.855066e+01,2.855066e+01,2.864133e+01,2.856362e+01,2.857658e+01,2.862191e+01,2.868017e+01,2.851826e+01,2.866722e+01,2.853122e+01,2.845992e+01,2.829119e+01,2.816122e+01,2.803109e+01,2.803109e+01,2.785517e+01,2.787473e+01,2.785517e+01,2.782908e+01,2.778994e+01,2.767242e+01,2.778994e+01,2.770508e+01,2.767242e+01,2.763322e+01,2.764629e+01,2.765282e+01,2.782908e+01,2.767242e+01,2.765936e+01,2.765936e+01,2.782908e+01,2.777689e+01,2.764629e+01,2.765936e+01,2.772467e+01,2.778994e+01,2.771814e+01,2.769855e+01,2.761362e+01,2.754170e+01,2.732566e+01,2.763976e+01,2.751554e+01,2.772467e+01,2.768549e+01,2.777036e+01,2.767896e+01,2.767896e+01,2.779646e+01,2.776383e+01,2.782256e+01,2.763976e+01,2.767242e+01,2.784865e+01,2.758093e+01,2.746974e+01,2.744355e+01,2.718139e+01,2.746319e+01,2.732566e+01,2.718139e+01,2.712888e+01,2.693831e+01,2.687252e+01,2.668149e+01,2.672104e+01,2.643066e+01,2.643066e+01,2.642405e+01,2.638439e+01,2.618586e+01,2.611297e+01,2.602013e+01,2.576108e+01,2.554138e+01,2.571451e+01,2.560134e+01,2.540133e+01,2.523437e+01,2.534793e+01,2.505375e+01,2.479230e+01,2.475873e+01,2.462436e+01,2.460419e+01,2.453019e+01,2.436857e+01,2.433487e+01,2.424719e+01,2.426743e+01,2.413242e+01,2.416619e+01,2.412566e+01,2.412566e+01,2.430115e+01,2.445614e+01,2.455038e+01,2.457728e+01,2.473858e+01,2.479230e+01,2.489293e+01,2.489964e+01,2.491305e+01,2.501357e+01,2.526778e+01,2.506044e+01,2.498007e+01,2.514075e+01,2.502026e+01,2.469156e+01,2.456383e+01,2.435509e+01,2.419319e+01,2.411215e+01,2.417969e+01,2.398371e+01,2.371956e+01,2.365850e+01,2.364493e+01,2.344793e+01,2.341393e+01,2.331185e+01,2.314832e+01,2.312786e+01,2.308010e+01,2.303232e+01,2.304598e+01,2.306645e+01,2.308693e+01,2.291620e+01,2.313468e+01,2.315514e+01,2.314150e+01,2.320967e+01,2.308693e+01,2.321649e+01,2.329823e+01,2.333228e+01,2.331185e+01,2.348192e+01,2.349552e+01,2.349552e+01,2.335269e+01,2.350231e+01,2.344113e+01,2.363814e+01,2.361099e+01,2.359741e+01,2.356346e+01,2.363814e+01,2.367207e+01,2.379413e+01,2.380091e+01,2.399723e+01,2.399723e+01,2.399047e+01,2.426743e+01,2.434161e+01,2.431464e+01,2.454365e+01,2.453019e+01,2.445614e+01,2.463108e+01,2.458401e+01,2.461091e+01,2.458401e+01,2.456383e+01,2.442247e+01,2.444941e+01,2.435509e+01,2.427417e+01,2.431464e+01,2.431464e+01,2.413242e+01,2.398371e+01,2.369921e+01,2.373990e+01,2.356346e+01,2.357704e+01,2.355667e+01,2.340713e+01,2.316195e+01,2.322330e+01,2.331866e+01,2.323012e+01,2.318241e+01,2.297769e+01,2.297769e+01,2.293670e+01,2.298452e+01,2.295720e+01,2.299135e+01,2.271096e+01,2.274519e+01,2.271096e+01,2.271096e+01,2.268356e+01,2.272465e+01,2.264245e+01,2.270411e+01,2.264930e+01,2.290937e+01,2.303232e+01,2.294353e+01,2.316195e+01,2.335950e+01,2.356346e+01,2.365172e+01,2.382123e+01,2.372634e+01,2.352270e+01,2.347513e+01,2.342073e+01,2.311422e+01,2.310057e+01,2.296403e+01,2.275204e+01,2.292987e+01,2.274519e+01,2.295037e+01
2.596704e+01,2.593385e+01,2.592057e+01,2.588072e+01,2.605330e+01,2.592721e+01,2.594713e+01,2.594713e+01,2.593385e+01,2.590065e+01,2.593385e+01,2.595377e+01,2.600686e+01,2.594049e+01,2.604667e+01,2.588736e+01,2.596704e+01,2.610634e+01,2.602013e+01,2.602677e+01,2.603340e+01,2.610634e+01,2.613286e+01,2.598032e+01,2.603340e+01,2.593385e+01,2.614611e+01,2.610634e+01,2.609309e+01,2.602677e+01,2.619248e+01,2.617261e+01,2.600023e+01,2.621898e+01,2.608646e+01,2.598032e+01,2.616599e+01,2.598032e+01,2.601350e+01,2.615936e+01,2.611960e+01,2.606656e+01,2.615936e+01,2.603340e+01,2.612623e+01,2.605993e+01,2.603340e+01,2.608646e+01,2.597368e+01,2.627194e+01,2.617261e+01,2.629179e+01,2.611297e+01,2.605330e+01,2.615274e+01,2.605993e+01,2.615936e+01,2.602013e+01,2.609971e+01,2.600023e+01,2.597368e+01,2.578103e+01,2.593385e+01,2.578103e+01,2.563464e+01,2.559468e+01,2.557470e+01,2.543469e+01,2.552805e+01,2.544804e+01,2.533458e+01,2.524105e+01,2.510730e+01,2.526110e+01,2.504035e+01,2.506713e+01,2.507383e+01,2.497337e+01,2.500687e+01,2.492645e+01,2.496667e+01,2.488622e+01,2.470500e+01,2.460419e+01,2.425393e+01,2.422019e+01,2.426068e+01,2.405809e+01,2.405133e+01,2.388896e+01,2.397018e+01,2.386187e+01,2.392958e+01,2.376024e+01,2.367207e+01,2.354987e+01,2.362457e+01,2.361778e+01,2.382801e+01,2.397018e+01,2.404457e+01,2.408512e+01,2.412566e+01,2.405809e+01,2.423369e+01,2.412566e+01,2.415943e+01,2.438205e+01,2.440900e+01,2.438205e+01,2.442921e+01,2.444941e+01,2.448981e+01,2.456383e+01,2.449654e+01,2.439552e+01,2.411891e+01,2.399723e+01,2.414593e+01,2.407837e+01,2.405133e+01,2.405133e+01,2.405809e+01,2.411215e+01,2.409188e+01,2.409188e+01,2.419994e+01,2.419994e+01,2.407837e+01,2.425393e+01,2.426068e+01,2.426068e+01,2.422694e+01,2.419319e+01,2.426743e+01,2.420670e+01,2.411215e+01,2.407837e+01,2.397694e+01,2.392958e+01,2.393634e+01,2.392281e+01,2.384155e+01,2.379413e+01,2.380091e+01,2.386187e+01,2.338672e+01,2.279310e+01,2.210653e+01,2.174768e+01,2.174076e+01,2.176841e+01,2.164393e+01,2.174076e+01,2.190655e+01,2.155392e+01,2.193416e+01,2.211341e+01,2.256018e+01,2.269726e+01,2.358383e+01,2.403105e+01,2.429441e+01,2.445614e+01,2.444268e+01,2.444941e+01,2.455710e+01,2.457728e+01,2.436857e+01,2.429441e+01,2.415943e+01,2.405133e+01,2.379413e+01,2.351590e+01,2.326418e+01,2.328461e+01,2.347513e+01,2.361099e+01,2.383478e+01,2.390250e+01,2.398371e+01,2.431464e+01,2.417294e+01,2.390250e+01,2.357704e+01,2.352949e+01,2.344113e+01,2.343433e+01,2.340032e+01,2.340032e+01,2.342073e+01,2.337991e+01,2.331866e+01,2.333228e+01,2.327099e+01,2.325737e+01,2.318923e+01,2.318241e+01,2.327099e+01,2.316195e+01,2.331185e+01,2.317559e+01,2.316877e+01,2.316195e+01,2.318241e+01,2.322330e+01,2.318923e+01,2.321649e+01,2.314150e+01,2.321649e+01,2.319604e+01,2.321649e+01,2.318923e+01,2.325737e+01,2.328461e+01,2.329142e+01,2.331866e+01,2.314150e+01,2.329823e+01,2.333228e+01,2.329823e+01,2.355667e+01,2.357025e+01,2.357704e+01,2.356346e+01,2.359741e+01,2.361778e+01,2.360420e+01,2.359741e+01,2.373990e+01,2.368564e+01,2.372634e+01,2.390927e+01,2.388896e+01,2.393634e+01,2.392281e+01,2.390250e+01,2.398371e+01,2.411891e+01,2.409188e+01,2.407161e+01,2.409188e+01,2.426743e+01,2.428092e+01,2.428766e+01,2.444268e+01,2.442921e+01,2.438205e+01,2.442247e+01,2.446288e+01,2.451000e+01,2.436857e+01,2.434835e+01,2.438878e+01,2.426743e+01,2.439552e+01,2.431464e+01,2.428092e+01,2.428766e+01,2.427417e+01,2.424719e+01,2.429441e+01,2.424044e+01,2.412566e+01,2.414593e+01,2.407837e+01,2.374668e+01,2.370599e+01,2.368564e+01,2.362457e+01,2.359741e+01,2.362457e+01,2.358383e+01,2.359062e+01,2.357704e+01,2.363136e+01,2.365172e+01,2.350911e+01,2.353629e+01,2.367886e+01,2.357704e+01,2.365850e+01,2.363814e+01,2.360420e+01,2.365850e+01,2.361099e+01,2.376024e+01,2.363814e+01,2.357704e+01,2.358383e+01,2.358383e+01,2.366529e+01,2.365850e+01,2.352949e+01,2.360420e+01,2.353629e+01,2.357025e+01,2.357704e+01,2.359062e+01,2.366529e+01,2.352270e+01,2.363136e+01,2.350231e+01,2.352949e+01,2.352949e+01,2.356346e+01,2.353629e+01,2.351590e+01,2.359062e+01,2.357704e+01,2.351590e+01,2.352949e+01,2.348192e+01,2.345473e+01,2.347513e+01,2.346833e+01,2.348192e+01,2.348192e+01,2.344113e+01,2.342753e+01,2.342073e+01,2.331185e+01,2.342753e+01,2.346153e+01,2.338672e+01,2.346153e+01,2.348872e+01,2.348872e+01,2.346153e+01,2.349552e+01,2.341393e+01,2.340713e+01,2.344113e+01,2.341393e+01,2.340032e+01,2.343433e+01,2.333908e+01,2.329823e+01,2.346833e+01,2.337311e+01,2.344113e+01,2.336630e+01,2.333228e+01,2.342753e+01,2.334589e+01,2.338672e+01,2.340713e+01,2.335269e+01,2.338672e+01,2.340713e+01,2.335269e+01,2.333228e+01,2.346153e+01,2.335950e+01,2.340713e+01,2.345473e+01,2.330504e+01,2.342753e+01,2.328461e+01,2.342073e+01,2.337991e+01,2.350911e+01,2.337311e+01,2.335269e+01,2.342073e+01,2.339352e+01,2.329142e+01,2.335950e+01,2.346153e+01,2.341393e+01,2.340032e+01,2.328461e+01,2.353629e+01,2.348192e+01,2.349552e+01,2.350911e+01,2.340713e+01,2.348192e+01,2.340713e+01,2.348872e+01,2.346153e+01,2.348872e+01,2.349552e+01,2.348192e+01,2.356346e+01,2.350911e+01,2.342753e+01,2.348872e+01,2.350911e+01,2.357704e+01,2.346833e+01,2.348192e+01,2.348872e+01,2.354308e+01,2.358383e+01,2.354308e+01,2.357704e+01,2.342753e+01,2.365850e+01,2.364493e+01,2.357704e+01,2.362457e+01,2.363814e+01,2.371956e+01,2.353629e+01,2.371277e+01,2.369921e+01,2.364493e+01,2.411215e+01,2.540801e+01,2.651654e+01,2.726666e+01,2.766589e+01,2.783560e+01,2.808967e+01,2.822622e+01,2.827820e+01,2.823272e+01,2.845992e+01,2.849234e+01,2.857010e+01,2.860248e+01,2.851178e+01,2.853770e+01,2.870605e+01,2.861543e+01,2.860896e+01,2.855066e+01,2.851826e+01,2.847289e+01,2.815471e+01,2.805713e+01,2.803109e+01,2.798551e+01,2.803109e+01,2.787473e+01,2.799853e+01,2.782256e+01,2.784865e+01,2.778341e+01,2.764629e+01,2.762015e+01,2.765282e+01,2.761362e+01,2.767896e+01,2.765282e+01,2.782256e+01,2.777036e+01,2.781603e+01,2.769855e+01,2.782908e+01,2.777036e+01,2.777036e+01,2.777036e+01,2.767896e+01,2.776383e+01,2.767896e+01,2.762669e+01,2.767896e+01,2.767896e+01,2.749591e+01,2.766589e+01,2.754824e+01,2.752208e+01,2.760708e+01,2.775731e+01,2.769202e+01,2.766589e+01,2.783560e+01,2.783560e+01,2.775078e+01,2.779646e+01,2.769202e+01,2.764629e+01,2.764629e+01,2.770508e+01,2.743701e+01,2.750245e+01,2.750245e+01,2.750900e+01,2.741737e+01,2.759401e+01,2.738462e+01,2.714857e+01,2.706320e+01,2.692516e+01,2.674081e+01,2.669468e+01,2.652314e+01,2.660235e+01,2.625870e+01,2.615274e+01,2.616599e+01,2.608646e+01,2.604667e+01,2.575443e+01,2.575443e+01,2.558802e+01,2.542135e+01,2.522100e+01,2.512068e+01,2.500017e+01,2.491975e+01,2.477887e+01,2.482585e+01,2.479901e+01,2.461763e+01,2.453019e+01,2.452346e+01,2.432138e+01,2.440900e+01,2.419994e+01,2.438205e+01,2.444268e+01,2.445614e+01,2.459746e+01,2.463108e+01,2.486610e+01,2.493316e+01,2.495326e+01,2.520763e+01,2.495326e+01,2.511399e+01,2.530119e+01,2.526778e+01,2.526110e+01,2.521431e+01,2.511399e+01,2.495997e+01,2.471844e+01,2.465796e+01,2.445614e+01,2.457056e+01,2.430115e+01,2.418644e+01,2.417969e+01,2.405809e+01,2.377380e+01,2.377380e+01,2.360420e+01,2.361778e+01,2.345473e+01,2.330504e+01,2.331185e+01,2.310739e+01,2.305280e+01,2.323012e+01,2.305963e+01,2.310057e+01,2.292987e+01,2.298452e+01,2.309375e+01,2.309375e+01,2.314150e+01,2.324374e+01,2.326418e+01,2.329142e+01,2.323012e+01,2.327099e+01,2.325056e+01,2.337311e+01,2.340713e+01,2.350231e+01,2.347513e+01,2.350231e+01,2.344113e+01,2.357704e+01,2.352949e+01,2.362457e+01,2.361778e+01,2.370599e+01,2.370599e+01,2.379413e+01,2.393634e+01,2.397694e+01,2.399723e+01,2.416619e+01,2.419319e+01,2.426743e+01,2.446288e+01,2.444268e+01,2.440900e+01,2.465124e+01,2.448981e+01,2.446288e+01,2.444268e+01,2.450327e+01,2.444268e+01,2.438205e+01,2.438878e+01,2.428766e+01,2.434835e+01,2.413242e+01,2.401076e+01,2.399047e+01,2.391604e+01,2.371956e+01,2.394311e+01,2.369242e+01,2.349552e+01,2.344793e+01,2.343433e+01,2.340032e+01,2.337311e+01,2.337991e+01,2.332547e+01,2.312786e+01,2.317559e+01,2.298452e+01,2.299818e+01,2.294353e+01,2.297086e+01,2.299135e+01,2.291620e+01,2.274519e+01,2.270411e+01,2.274519e+01,2.267671e+01,2.270411e+01,2.269726e+01,2.291620e+01,2.290937e+01,2.294353e+01,2.292303e+01,2.303915e+01,2.334589e+01,2.356346e+01,2.361099e+01,2.370599e+01,2.367886e+01,2.347513e+01,2.347513e+01,2.348192e+01,2.332547e+01,2.320286e+01,2.293670e+01,2.287519e+01,2.275204e+01,2.279995e+01,2.276573e+01
2.588072e+01,2.581427e+01,2.611297e+01,2.590065e+01,2.592721e+01,2.588736e+01,2.594713e+01,2.592721e+01,2.594049e+01,2.593385e+01,2.594049e+01,2.601350e+01,2.602677e+01,2.594713e+01,2.601350e+01,2.602013e+01,2.603340e+01,2.587408e+01,2.600023e+01,2.598696e+01,2.605993e+01,2.617261e+01,2.604667e+01,2.607319e+01,2.613948e+01,2.612623e+01,2.614611e+01,2.609309e+01,2.614611e+01,2.607982e+01,2.615274e+01,2.619911e+01,2.615274e+01,2.608646e+01,2.616599e+01,2.611297e+01,2.596704e+01,2.613286e+01,2.605993e+01,2.605330e+01,2.611297e+01,2.618586e+01,2.611960e+01,2.606656e+01,2.607982e+01,2.617261e+01,2.607319e+01,2.615274e+01,2.624546e+01,2.617924e+01,2.616599e+01,2.607982e+01,2.620573e+01,2.626532e+01,2.609971e+01,2.609309e+01,2.617261e+01,2.614611e+01,2.605330e+01,2.596704e+01,2.604667e+01,2.592057e+01,2.577438e+01,2.575443e+01,2.568124e+01,2.561466e+01,2.556137e+01,2.550139e+01,2.544804e+01,2.536129e+01,2.526778e+01,2.535461e+01,2.528115e+01,2.518757e+01,2.521431e+01,2.519426e+01,2.512737e+01,2.506713e+01,2.511399e+01,2.522100e+01,2.479230e+01,2.483256e+01,2.459746e+01,2.449654e+01,2.430115e+01,2.415943e+01,2.422019e+01,2.407837e+01,2.390927e+01,2.391604e+01,2.393634e+01,2.392958e+01,2.378735e+01,2.367207e+01,2.363814e+01,2.370599e+01,2.369921e+01,2.366529e+01,2.373312e+01,2.392281e+01,2.405133e+01,2.401752e+01,2.400400e+01,2.410540e+01,2.407837e+01,2.401752e+01,2.417969e+01,2.436857e+01,2.425393e+01,2.435509e+01,2.435509e+01,2.457056e+01,2.440900e+01,2.463108e+01,2.450327e+01,2.428766e+01,2.417294e+01,2.423369e+01,2.418644e+01,2.409864e+01,2.407161e+01,2.396341e+01,2.392281e+01,2.404457e+01,2.401752e+01,2.407837e+01,2.405809e+01,2.402428e+01,2.402428e+01,2.402428e+01,2.410540e+01,2.422694e+01,2.403105e+01,2.415268e+01,2.416619e+01,2.407837e+01,2.412566e+01,2.396341e+01,2.391604e+01,2.393634e+01,2.392958e+01,2.394311e+01,2.387542e+01,2.362457e+01,2.352270e+01,2.353629e+01,2.314832e+01,2.252588e+01,2.181678e+01,2.160240e+01,2.156778e+01,2.174076e+01,2.174768e+01,2.164393e+01,2.167852e+01,2.185132e+01,2.185823e+01,2.238171e+01,2.275888e+01,2.326418e+01,2.408512e+01,2.435509e+01,2.444941e+01,2.454365e+01,2.457728e+01,2.459746e+01,2.458401e+01,2.458401e+01,2.454365e+01,2.438878e+01,2.428766e+01,2.424044e+01,2.403781e+01,2.380768e+01,2.337991e+01,2.329142e+01,2.357025e+01,2.362457e+01,2.405809e+01,2.409188e+01,2.427417e+01,2.427417e+01,2.394988e+01,2.386187e+01,2.353629e+01,2.347513e+01,2.357704e+01,2.344793e+01,2.344793e+01,2.344793e+01,2.340032e+01,2.332547e+01,2.337311e+01,2.329823e+01,2.322330e+01,2.320286e+01,2.325737e+01,2.323693e+01,2.321649e+01,2.324374e+01,2.321649e+01,2.326418e+01,2.327099e+01,2.316195e+01,2.320286e+01,2.323012e+01,2.318923e+01,2.318241e+01,2.314832e+01,2.308693e+01,2.320286e+01,2.320286e+01,2.319604e+01,2.327780e+01,2.321649e+01,2.323693e+01,2.327780e+01,2.329823e+01,2.344793e+01,2.344793e+01,2.339352e+01,2.346153e+01,2.357025e+01,2.356346e+01,2.359741e+01,2.365172e+01,2.365850e+01,2.360420e+01,2.369921e+01,2.369921e+01,2.378057e+01,2.380091e+01,2.392281e+01,2.389573e+01,2.389573e+01,2.393634e+01,2.397694e+01,2.414593e+01,2.403105e+01,2.411891e+01,2.412566e+01,2.422694e+01,2.421344e+01,2.424719e+01,2.439552e+01,2.441573e+01,2.424719e+01,2.431464e+01,2.436857e+01,2.441573e+01,2.435509e+01,2.437531e+01,2.437531e+01,2.444941e+01,2.444268e+01,2.431464e+01,2.428766e+01,2.430790e+01,2.428766e+01,2.414593e+01,2.422694e+01,2.416619e+01,2.416619e+01,2.402428e+01,2.409188e+01,2.407161e+01,2.389573e+01,2.367886e+01,2.367207e+01,2.361778e+01,2.361099e+01,2.377380e+01,2.373990e+01,2.357704e+01,2.354987e+01,2.354308e+01,2.357704e+01,2.354987e+01,2.359741e+01,2.356346e+01,2.363136e+01,2.363136e+01,2.371277e+01,2.359062e+01,2.362457e+01,2.359062e+01,2.363814e+01,2.368564e+01,2.356346e+01,2.367886e+01,2.370599e+01,2.365172e+01,2.357704e+01,2.363136e+01,2.357025e+01,2.361099e+01,2.363136e+01,2.359741e+01,2.356346e+01,2.359062e+01,2.349552e+01,2.354308e+01,2.357025e+01,2.346833e+01,2.353629e+01,2.354308e+01,2.349552e+01,2.358383e+01,2.357025e+01,2.362457e+01,2.347513e+01,2.350231e+01,2.349552e+01,2.342073e+01,2.339352e+01,2.340032e+01,2.347513e+01,2.335950e+01,2.343433e+01,2.348872e+01,2.342753e+01,2.346153e+01,2.344793e+01,2.348192e+01,2.343433e+01,2.334589e+01,2.348192e+01,2.344113e+01,2.345473e+01,2.334589e+01,2.333908e+01,2.344793e+01,2.337311e+01,2.334589e+01,2.341393e+01,2.340713e+01,2.329142e+01,2.329142e+01,2.342073e+01,2.331185e+01,2.338672e+01,2.335950e+01,2.342073e+01,2.327780e+01,2.332547e+01,2.344793e+01,2.335950e+01,2.337311e+01,2.337991e+01,2.335950e+01,2.342753e+01,2.341393e+01,2.345473e+01,2.349552e+01,2.340032e+01,2.331185e+01,2.343433e+01,2.340032e+01,2.340032e+01,2.336630e+01,2.324374e+01,2.342073e+01,2.340032e+01,2.339352e+01,2.345473e+01,2.337311e+01,2.340032e+01,2.342753e+01,2.343433e+01,2.339352e+01,2.340713e+01,2.341393e+01,2.337991e+01,2.338672e+01,2.355667e+01,2.348192e+01,2.336630e+01,2.350231e+01,2.356346e+01,2.354308e+01,2.351590e+01,2.350911e+01,2.357704e+01,2.350231e+01,2.355667e+01,2.349552e+01,2.342073e+01,2.343433e+01,2.343433e+01,2.351590e+01,2.348872e+01,2.355667e+01,2.355667e+01,2.353629e+01,2.352270e+01,2.353629e+01,2.359062e+01,2.355667e+01,2.357704e+01,2.354987e+01,2.354308e+01,2.363814e+01,2.367207e+01,2.360420e+01,2.363814e+01,2.364493e+01,2.368564e+01,2.373312e+01,2.410540e+01,2.537464e+01,2.667490e+01,2.726011e+01,2.749591e+01,2.791384e+01,2.807014e+01,2.819373e+01,2.836910e+01,2.829768e+01,2.835612e+01,2.834962e+01,2.853122e+01,2.853770e+01,2.853122e+01,2.867369e+01,2.869311e+01,2.851826e+01,2.857658e+01,2.842749e+01,2.835612e+01,2.827820e+01,2.823922e+01,2.804411e+01,2.801807e+01,2.807665e+01,2.803760e+01,2.792036e+01,2.787473e+01,2.786821e+01,2.780299e+01,2.778994e+01,2.775078e+01,2.761362e+01,2.766589e+01,2.777036e+01,2.758093e+01,2.762669e+01,2.767242e+01,2.771161e+01,2.767242e+01,2.754170e+01,2.780951e+01,2.773120e+01,2.775078e+01,2.775078e+01,2.784865e+01,2.768549e+01,2.767896e+01,2.766589e+01,2.749591e+01,2.759401e+01,2.745665e+01,2.744355e+01,2.752208e+01,2.750900e+01,2.769202e+01,2.760708e+01,2.775078e+01,2.769202e+01,2.771161e+01,2.778994e+01,2.770508e+01,2.777036e+01,2.783560e+01,2.780299e+01,2.763322e+01,2.760708e+01,2.758747e+01,2.761362e+01,2.750245e+01,2.747628e+01,2.756132e+01,2.745010e+01,2.743046e+01,2.743701e+01,2.743046e+01,2.728633e+01,2.706977e+01,2.680010e+01,2.675399e+01,2.653635e+01,2.654295e+01,2.652314e+01,2.636456e+01,2.604667e+01,2.609309e+01,2.604667e+01,2.592721e+01,2.583421e+01,2.574113e+01,2.555471e+01,2.538131e+01,2.518757e+01,2.529451e+01,2.499347e+01,2.500687e+01,2.485940e+01,2.481914e+01,2.477216e+01,2.464452e+01,2.476544e+01,2.470500e+01,2.456383e+01,2.461763e+01,2.464452e+01,2.460419e+01,2.488622e+01,2.490634e+01,2.491305e+01,2.500017e+01,2.520763e+01,2.497337e+01,2.522768e+01,2.526778e+01,2.526778e+01,2.533458e+01,2.522768e+01,2.527446e+01,2.512737e+01,2.509391e+01,2.481914e+01,2.472515e+01,2.477887e+01,2.455710e+01,2.454365e+01,2.447635e+01,2.422694e+01,2.407161e+01,2.402428e+01,2.400400e+01,2.376024e+01,2.361099e+01,2.359741e+01,2.354987e+01,2.346153e+01,2.317559e+01,2.309375e+01,2.325737e+01,2.307328e+01,2.314832e+01,2.308010e+01,2.319604e+01,2.321649e+01,2.321649e+01,2.320286e+01,2.326418e+01,2.318923e+01,2.331185e+01,2.317559e+01,2.332547e+01,2.337991e+01,2.336630e+01,2.337991e+01,2.335950e+01,2.347513e+01,2.346153e+01,2.350231e+01,2.355667e+01,2.362457e+01,2.361099e+01,2.361778e+01,2.373990e+01,2.375346e+01,2.390927e+01,2.403781e+01,2.397694e+01,2.406485e+01,2.439552e+01,2.409864e+01,2.424719e+01,2.442921e+01,2.446288e+01,2.448981e+01,2.447635e+01,2.451000e+01,2.435509e+01,2.450327e+01,2.442247e+01,2.433487e+01,2.444941e+01,2.438205e+01,2.440226e+01,2.432812e+01,2.419994e+01,2.414593e+01,2.397694e+01,2.395664e+01,2.394988e+01,2.380091e+01,2.361778e+01,2.370599e+01,2.347513e+01,2.344793e+01,2.364493e+01,2.331185e+01,2.348192e+01,2.326418e+01,2.329823e+01,2.326418e+01,2.325737e+01,2.332547e+01,2.301867e+01,2.300501e+01,2.310739e+01,2.296403e+01,2.301867e+01,2.295037e+01,2.286151e+01,2.284099e+01,2.278626e+01,2.286151e+01,2.310739e+01,2.290253e+01,2.290253e+01,2.299135e+01,2.301184e+01,2.313468e+01,2.333908e+01,2.332547e+01,2.337311e+01,2.335269e+01,2.337311e+01,2.335950e+01,2.333908e+01,2.326418e+01,2.312786e+01,2.306645e+01,2.271780e+01,2.273835e+01,2.277257e+01,2.290253e+01
2.579433e+01,2.586743e+01,2.594713e+01,2.592721e+01,2.593385e+01,2.600686e+01,2.592057e+01,2.580762e+01,2.591393e+01,2.594049e+01,2.594049e+01,2.597368e+01,2.611297e+01,2.605330e+01,2.605330e+01,2.605330e+01,2.610634e+01,2.600023e+01,2.597368e+01,2.614611e+01,2.600023e+01,2.613948e+01,2.596041e+01,2.605993e+01,2.594713e+01,2.608646e+01,2.608646e+01,2.609309e+01,2.606656e+01,2.598696e+01,2.612623e+01,2.602013e+01,2.600023e+01,2.607982e+01,2.605330e+01,2.596704e+01,2.616599e+01,2.600023e+01,2.608646e+01,2.619911e+01,2.613948e+01,2.619911e+01,2.609971e+01,2.623222e+01,2.614611e+01,2.619911e+01,2.609309e+01,2.609309e+01,2.625870e+01,2.612623e+01,2.613948e+01,2.612623e+01,2.614611e+01,2.621235e+01,2.613286e+01,2.602013e+01,2.613948e+01,2.598696e+01,2.604004e+01,2.596041e+01,2.589401e+01,2.592721e+01,2.574778e+01,2.568790e+01,2.561466e+01,2.562132e+01,2.557470e+01,2.545471e+01,2.522100e+01,2.528115e+01,2.526778e+01,2.527446e+01,2.516751e+01,2.517419e+01,2.507383e+01,2.512068e+01,2.516082e+01,2.515413e+01,2.514744e+01,2.498007e+01,2.485269e+01,2.469828e+01,2.469156e+01,2.467141e+01,2.425393e+01,2.419319e+01,2.422694e+01,2.409864e+01,2.406485e+01,2.402428e+01,2.392958e+01,2.377380e+01,2.376024e+01,2.375346e+01,2.363136e+01,2.371956e+01,2.383478e+01,2.363136e+01,2.392281e+01,2.380091e+01,2.394311e+01,2.385510e+01,2.376702e+01,2.375346e+01,2.399047e+01,2.365850e+01,2.409188e+01,2.413242e+01,2.415268e+01,2.428092e+01,2.439552e+01,2.433487e+01,2.439552e+01,2.459746e+01,2.437531e+01,2.437531e+01,2.428092e+01,2.430790e+01,2.409864e+01,2.408512e+01,2.392281e+01,2.400400e+01,2.395664e+01,2.390927e+01,2.395664e+01,2.394311e+01,2.392281e+01,2.390250e+01,2.398371e+01,2.392281e+01,2.377380e+01,2.398371e+01,2.405809e+01,2.393634e+01,2.393634e+01,2.414593e+01,2.393634e+01,2.393634e+01,2.382123e+01,2.378057e+01,2.371277e+01,2.362457e+01,2.352949e+01,2.343433e+01,2.342073e+01,2.317559e+01,2.279310e+01,2.214785e+01,2.167852e+01,2.174768e+01,2.171310e+01,2.178224e+01,2.172002e+01,2.170619e+01,2.183060e+01,2.185132e+01,2.194796e+01,2.248471e+01,2.329823e+01,2.386187e+01,2.436183e+01,2.442921e+01,2.446961e+01,2.466469e+01,2.465796e+01,2.487281e+01,2.489293e+01,2.471172e+01,2.469828e+01,2.471844e+01,2.471844e+01,2.472515e+01,2.419319e+01,2.386865e+01,2.340032e+01,2.385510e+01,2.382123e+01,2.397694e+01,2.416619e+01,2.427417e+01,2.438205e+01,2.425393e+01,2.386865e+01,2.376702e+01,2.361099e+01,2.359741e+01,2.342073e+01,2.337311e+01,2.340713e+01,2.344793e+01,2.344113e+01,2.338672e+01,2.335269e+01,2.331185e+01,2.340713e+01,2.323012e+01,2.319604e+01,2.323012e+01,2.320967e+01,2.319604e+01,2.325737e+01,2.320286e+01,2.323012e+01,2.326418e+01,2.325737e+01,2.320286e+01,2.317559e+01,2.325056e+01,2.323012e+01,2.320286e+01,2.323012e+01,2.323012e+01,2.322330e+01,2.336630e+01,2.335269e+01,2.331185e+01,2.331185e+01,2.327780e+01,2.344793e+01,2.333908e+01,2.337991e+01,2.333908e+01,2.357025e+01,2.345473e+01,2.357704e+01,2.367207e+01,2.373312e+01,2.370599e+01,2.368564e+01,2.371277e+01,2.384833e+01,2.368564e+01,2.392281e+01,2.394311e+01,2.392281e+01,2.391604e+01,2.393634e+01,2.403781e+01,2.411215e+01,2.411215e+01,2.415268e+01,2.436183e+01,2.422694e+01,2.426743e+01,2.440226e+01,2.441573e+01,2.428092e+01,2.442921e+01,2.436183e+01,2.439552e+01,2.440226e+01,2.436183e+01,2.434161e+01,2.434835e+01,2.424719e+01,2.429441e+01,2.419994e+01,2.419319e+01,2.415268e+01,2.414593e+01,2.427417e+01,2.420670e+01,2.426743e+01,2.411215e+01,2.407837e+01,2.403105e+01,2.396341e+01,2.376024e+01,2.371277e+01,2.365172e+01,2.361778e+01,2.358383e+01,2.380768e+01,2.377380e+01,2.359741e+01,2.359062e+01,2.365850e+01,2.357025e+01,2.351590e+01,2.357704e+01,2.369921e+01,2.367207e+01,2.344793e+01,2.357025e+01,2.364493e+01,2.363136e+01,2.371956e+01,2.358383e+01,2.369242e+01,2.357025e+01,2.360420e+01,2.370599e+01,2.358383e+01,2.362457e+01,2.356346e+01,2.365172e+01,2.357704e+01,2.361099e+01,2.363814e+01,2.350911e+01,2.350911e+01,2.350231e+01,2.352270e+01,2.351590e+01,2.348872e+01,2.348192e+01,2.359062e+01,2.353629e+01,2.343433e+01,2.363814e+01,2.340713e+01,2.346833e+01,2.346153e+01,2.333908e+01,2.337991e+01,2.344113e+01,2.346153e+01,2.335950e+01,2.327099e+01,2.338672e+01,2.343433e+01,2.331866e+01,2.348872e+01,2.342073e+01,2.348872e+01,2.341393e+01,2.347513e+01,2.344793e+01,2.335269e+01,2.338672e+01,2.342073e+01,2.342073e+01,2.333228e+01,2.342753e+01,2.340713e+01,2.337311e+01,2.340032e+01,2.340032e+01,2.343433e+01,2.334589e+01,2.333228e+01,2.335950e+01,2.342753e+01,2.338672e+01,2.332547e+01,2.339352e+01,2.338672e+01,2.337991e+01,2.337991e+01,2.337311e+01,2.340032e+01,2.357704e+01,2.337991e+01,2.331185e+01,2.330504e+01,2.331866e+01,2.340713e+01,2.344113e+01,2.336630e+01,2.341393e+01,2.335269e+01,2.344113e+01,2.339352e+01,2.338672e+01,2.324374e+01,2.345473e+01,2.337311e+01,2.333908e+01,2.349552e+01,2.350911e+01,2.340032e+01,2.340032e+01,2.342073e+01,2.339352e+01,2.344793e+01,2.337991e+01,2.339352e+01,2.348192e+01,2.347513e+01,2.350231e+01,2.348192e+01,2.356346e+01,2.348872e+01,2.344793e+01,2.357704e+01,2.345473e+01,2.362457e+01,2.354308e+01,2.351590e+01,2.354308e+01,2.356346e+01,2.350231e+01,2.354987e+01,2.352949e+01,2.355667e+01,2.357025e+01,2.360420e+01,2.369921e+01,2.357025e+01,2.362457e+01,2.367886e+01,2.361099e+01,2.367207e+01,2.372634e+01,2.370599e+01,2.373312e+01,2.373312e+01,2.373990e+01,2.410540e+01,2.504705e+01,2.652975e+01,2.722075e+01,2.750900e+01,2.786169e+01,2.807665e+01,2.809617e+01,2.825221e+01,2.827820e+01,2.849882e+01,2.845343e+01,2.860896e+01,2.857010e+01,2.860248e+01,2.854418e+01,2.845343e+01,2.858953e+01,2.857658e+01,2.847937e+01,2.847289e+01,2.841452e+01,2.823922e+01,2.806364e+01,2.804411e+01,2.805062e+01,2.805713e+01,2.791384e+01,2.784865e+01,2.774425e+01,2.786821e+01,2.770508e+01,2.773772e+01,2.774425e+01,2.760708e+01,2.760708e+01,2.762669e+01,2.763976e+01,2.763322e+01,2.753516e+01,2.771161e+01,2.764629e+01,2.778994e+01,2.774425e+01,2.762015e+01,2.760055e+01,2.777036e+01,2.766589e+01,2.763322e+01,2.767896e+01,2.756786e+01,2.751554e+01,2.744355e+01,2.739117e+01,2.752208e+01,2.752208e+01,2.760708e+01,2.773772e+01,2.771814e+01,2.767242e+01,2.777036e+01,2.790080e+01,2.793339e+01,2.789429e+01,2.795294e+01,2.792687e+01,2.780951e+01,2.771161e+01,2.761362e+01,2.767896e+01,2.763322e+01,2.769855e+01,2.753516e+01,2.762015e+01,2.750900e+01,2.754824e+01,2.762669e+01,2.740427e+01,2.731255e+01,2.706320e+01,2.679352e+01,2.672104e+01,2.654955e+01,2.658915e+01,2.654955e+01,2.643066e+01,2.623884e+01,2.603340e+01,2.618586e+01,2.590065e+01,2.582756e+01,2.550139e+01,2.546138e+01,2.540801e+01,2.529451e+01,2.531454e+01,2.514744e+01,2.517419e+01,2.504705e+01,2.484598e+01,2.481914e+01,2.489964e+01,2.470500e+01,2.482585e+01,2.460419e+01,2.481914e+01,2.491975e+01,2.489964e+01,2.493986e+01,2.488622e+01,2.516082e+01,2.519426e+01,2.530119e+01,2.541468e+01,2.541468e+01,2.534126e+01,2.530787e+01,2.532790e+01,2.532122e+01,2.530119e+01,2.509391e+01,2.489964e+01,2.489293e+01,2.481243e+01,2.472515e+01,2.471172e+01,2.446288e+01,2.455038e+01,2.421344e+01,2.402428e+01,2.409864e+01,2.378735e+01,2.378057e+01,2.357025e+01,2.358383e+01,2.353629e+01,2.343433e+01,2.331866e+01,2.331185e+01,2.337991e+01,2.329142e+01,2.322330e+01,2.323693e+01,2.316877e+01,2.329823e+01,2.329823e+01,2.328461e+01,2.325056e+01,2.329142e+01,2.334589e+01,2.337991e+01,2.331866e+01,2.339352e+01,2.340032e+01,2.359741e+01,2.347513e+01,2.347513e+01,2.352949e+01,2.344793e+01,2.362457e+01,2.357704e+01,2.366529e+01,2.357025e+01,2.375346e+01,2.386865e+01,2.407161e+01,2.405133e+01,2.422694e+01,2.411891e+01,2.413917e+01,2.429441e+01,2.441573e+01,2.443594e+01,2.424044e+01,2.447635e+01,2.443594e+01,2.459073e+01,2.442247e+01,2.449654e+01,2.434161e+01,2.443594e+01,2.434161e+01,2.437531e+01,2.420670e+01,2.416619e+01,2.409864e+01,2.398371e+01,2.396341e+01,2.397694e+01,2.395664e+01,2.373312e+01,2.370599e+01,2.365172e+01,2.365172e+01,2.361778e+01,2.354987e+01,2.362457e+01,2.345473e+01,2.331866e+01,2.314150e+01,2.327780e+01,2.329823e+01,2.312786e+01,2.320286e+01,2.312104e+01,2.308010e+01,2.305963e+01,2.293670e+01,2.300501e+01,2.289569e+01,2.297769e+01,2.297086e+01,2.313468e+01,2.296403e+01,2.305963e+01,2.302550e+01,2.302550e+01,2.314832e+01,2.307328e+01,2.308693e+01,2.327780e+01,2.326418e+01,2.338672e+01,2.340713e+01,2.325737e+01,2.326418e+01,2.319604e+01,2.295720e+01,2.299818e+01,2.271096e+01,2.289569e+01,2.277942e+01
2.582756e+01,2.611297e+01,2.589401e+01,2.592721e+01,2.588736e+01,2.586743e+01,2.590065e+01,2.597368e+01,2.592721e+01,2.608646e+01,2.591393e+01,2.597368e+01,2.606656e+01,2.614611e+01,2.602013e+01,2.605993e+01,2.600023e+01,2.602013e+01,2.604667e+01,2.609971e+01,2.615274e+01,2.604667e+01,2.597368e+01,2.602013e+01,2.611960e+01,2.596704e+01,2.612623e+01,2.607319e+01,2.602013e+01,2.601350e+01,2.601350e+01,2.611297e+01,2.598032e+01,2.602677e+01,2.607319e+01,2.602677e+01,2.604667e+01,2.613948e+01,2.615274e+01,2.609309e+01,2.615936e+01,2.623222e+01,2.609971e+01,2.623884e+01,2.607319e+01,2.616599e+01,2.619248e+01,2.611297e+01,2.620573e+01,2.626532e+01,2.613948e+01,2.621898e+01,2.613286e+01,2.610634e+01,2.616599e+01,2.606656e+01,2.600023e+01,2.598032e+01,2.600023e+01,2.595377e+01,2.574778e+01,2.588072e+01,2.588072e+01,2.566127e+01,2.561466e+01,2.544137e+01,2.553472e+01,2.522100e+01,2.525442e+01,2.520094e+01,2.524105e+01,2.525442e+01,2.526110e+01,2.526778e+01,2.517419e+01,2.516082e+01,2.507383e+01,2.513406e+01,2.501357e+01,2.493986e+01,2.465124e+01,2.464452e+01,2.455038e+01,2.448981e+01,2.449654e+01,2.422019e+01,2.419319e+01,2.408512e+01,2.395664e+01,2.407837e+01,2.392958e+01,2.367886e+01,2.371956e+01,2.373312e+01,2.366529e+01,2.368564e+01,2.360420e+01,2.365850e+01,2.364493e+01,2.369921e+01,2.384155e+01,2.373990e+01,2.375346e+01,2.363136e+01,2.351590e+01,2.354987e+01,2.394311e+01,2.396341e+01,2.407837e+01,2.421344e+01,2.434835e+01,2.433487e+01,2.434835e+01,2.438878e+01,2.438205e+01,2.446961e+01,2.430115e+01,2.427417e+01,2.409188e+01,2.411891e+01,2.401752e+01,2.406485e+01,2.384155e+01,2.378057e+01,2.378057e+01,2.391604e+01,2.370599e+01,2.366529e+01,2.398371e+01,2.384833e+01,2.388896e+01,2.390927e+01,2.383478e+01,2.392281e+01,2.391604e+01,2.384155e+01,2.376024e+01,2.355667e+01,2.378057e+01,2.376024e+01,2.370599e+01,2.340713e+01,2.331185e+01,2.325737e+01,2.293670e+01,2.258761e+01,2.214785e+01,2.166468e+01,2.165777e+01,2.165777e+01,2.167852e+01,2.182369e+01,2.180988e+01,2.175459e+01,2.183751e+01,2.185823e+01,2.229923e+01,2.314150e+01,2.369242e+01,2.429441e+01,2.445614e+01,2.465796e+01,2.469828e+01,2.490634e+01,2.492645e+01,2.493316e+01,2.495997e+01,2.490634e+01,2.499347e+01,2.482585e+01,2.477216e+01,2.477887e+01,2.460419e+01,2.422694e+01,2.387542e+01,2.384155e+01,2.411215e+01,2.425393e+01,2.432812e+01,2.453019e+01,2.425393e+01,2.410540e+01,2.369242e+01,2.359741e+01,2.359062e+01,2.352949e+01,2.339352e+01,2.355667e+01,2.340032e+01,2.340032e+01,2.331185e+01,2.337311e+01,2.332547e+01,2.331185e+01,2.320286e+01,2.330504e+01,2.328461e+01,2.320286e+01,2.330504e+01,2.324374e+01,2.322330e+01,2.320967e+01,2.327099e+01,2.316877e+01,2.318241e+01,2.327099e+01,2.329823e+01,2.329142e+01,2.325056e+01,2.316877e+01,2.312104e+01,2.329142e+01,2.326418e+01,2.327780e+01,2.333908e+01,2.324374e+01,2.320967e+01,2.335269e+01,2.333908e+01,2.338672e+01,2.341393e+01,2.354308e+01,2.346833e+01,2.363136e+01,2.362457e+01,2.359741e+01,2.369242e+01,2.373990e+01,2.378057e+01,2.376702e+01,2.383478e+01,2.378057e+01,2.387542e+01,2.383478e+01,2.399723e+01,2.403105e+01,2.406485e+01,2.403781e+01,2.407161e+01,2.415268e+01,2.414593e+01,2.419994e+01,2.422694e+01,2.440226e+01,2.439552e+01,2.444268e+01,2.430790e+01,2.431464e+01,2.436857e+01,2.441573e+01,2.421344e+01,2.414593e+01,2.417969e+01,2.436183e+01,2.414593e+01,2.419994e+01,2.413917e+01,2.418644e+01,2.421344e+01,2.403781e+01,2.421344e+01,2.406485e+01,2.415943e+01,2.417969e+01,2.409188e+01,2.405133e+01,2.376024e+01,2.388219e+01,2.368564e+01,2.361099e+01,2.359062e+01,2.358383e+01,2.360420e+01,2.365850e+01,2.365172e+01,2.363136e+01,2.361099e+01,2.359741e+01,2.358383e+01,2.357704e+01,2.362457e+01,2.364493e+01,2.359741e+01,2.354987e+01,2.349552e+01,2.369242e+01,2.357025e+01,2.355667e+01,2.365172e+01,2.354987e+01,2.369242e+01,2.349552e+01,2.371956e+01,2.365172e+01,2.356346e+01,2.359062e+01,2.361099e+01,2.358383e+01,2.357704e+01,2.357704e+01,2.350231e+01,2.354987e+01,2.354308e+01,2.351590e+01,2.354308e+01,2.352949e+01,2.348872e+01,2.343433e+01,2.342073e+01,2.348872e+01,2.342073e+01,2.342753e+01,2.340713e+01,2.343433e+01,2.346833e+01,2.342073e+01,2.337991e+01,2.346833e+01,2.343433e+01,2.331185e+01,2.348872e+01,2.347513e+01,2.336630e+01,2.342753e+01,2.335950e+01,2.342073e+01,2.343433e+01,2.350231e+01,2.340032e+01,2.342073e+01,2.342073e+01,2.340032e+01,2.340032e+01,2.337311e+01,2.340713e+01,2.337991e+01,2.331866e+01,2.337311e+01,2.334589e+01,2.333228e+01,2.336630e+01,2.333908e+01,2.335950e+01,2.337991e+01,2.333228e+01,2.336630e+01,2.357704e+01,2.335269e+01,2.336630e+01,2.337311e+01,2.337991e+01,2.334589e+01,2.334589e+01,2.330504e+01,2.328461e+01,2.342753e+01,2.332547e+01,2.337311e+01,2.335950e+01,2.343433e+01,2.329823e+01,2.337991e+01,2.333228e+01,2.342753e+01,2.340713e+01,2.345473e+01,2.341393e+01,2.349552e+01,2.342753e+01,2.340713e+01,2.339352e+01,2.348192e+01,2.339352e+01,2.343433e+01,2.334589e+01,2.346153e+01,2.347513e+01,2.346153e+01,2.346833e+01,2.355667e+01,2.348192e+01,2.350231e+01,2.346833e+01,2.346833e+01,2.350911e+01,2.352270e+01,2.367886e+01,2.355667e+01,2.355667e+01,2.361099e+01,2.357704e+01,2.352270e+01,2.352949e+01,2.359062e+01,2.354987e+01,2.354987e+01,2.354987e+01,2.360420e+01,2.357025e+01,2.361099e+01,2.363136e+01,2.356346e+01,2.365850e+01,2.369921e+01,2.374668e+01,2.371277e+01,2.377380e+01,2.375346e+01,2.408512e+01,2.491305e+01,2.652975e+01,2.719451e+01,2.748937e+01,2.793339e+01,2.799853e+01,2.821972e+01,2.826521e+01,2.835612e+01,2.833664e+01,2.858953e+01,2.841452e+01,2.850530e+01,2.847289e+01,2.852474e+01,2.838857e+01,2.848585e+01,2.849234e+01,2.845992e+01,2.843398e+01,2.841452e+01,2.816772e+01,2.822622e+01,2.801156e+01,2.799202e+01,2.789429e+01,2.784865e+01,2.789429e+01,2.789429e+01,2.781603e+01,2.780299e+01,2.771161e+01,2.763976e+01,2.763322e+01,2.769202e+01,2.776383e+01,2.762669e+01,2.758093e+01,2.774425e+01,2.770508e+01,2.759401e+01,2.763322e+01,2.767242e+01,2.754824e+01,2.771161e+01,2.756786e+01,2.764629e+01,2.773772e+01,2.765282e+01,2.752862e+01,2.751554e+01,2.743701e+01,2.740427e+01,2.752208e+01,2.753516e+01,2.756132e+01,2.759401e+01,2.769855e+01,2.777036e+01,2.786169e+01,2.792687e+01,2.793991e+01,2.782908e+01,2.780951e+01,2.796597e+01,2.787473e+01,2.773772e+01,2.771161e+01,2.765936e+01,2.771161e+01,2.762669e+01,2.758747e+01,2.769855e+01,2.765936e+01,2.754824e+01,2.756786e+01,2.753516e+01,2.739772e+01,2.738462e+01,2.706320e+01,2.702378e+01,2.681327e+01,2.662214e+01,2.664852e+01,2.649673e+01,2.623884e+01,2.623884e+01,2.619911e+01,2.607982e+01,2.602013e+01,2.586743e+01,2.577438e+01,2.556137e+01,2.553472e+01,2.540801e+01,2.551472e+01,2.540801e+01,2.538131e+01,2.509391e+01,2.516082e+01,2.514075e+01,2.493316e+01,2.495326e+01,2.514075e+01,2.494656e+01,2.516751e+01,2.516082e+01,2.527446e+01,2.524773e+01,2.518757e+01,2.547471e+01,2.524773e+01,2.530119e+01,2.560800e+01,2.560134e+01,2.552139e+01,2.554138e+01,2.539466e+01,2.538799e+01,2.531454e+01,2.506713e+01,2.507383e+01,2.489293e+01,2.483927e+01,2.485269e+01,2.454365e+01,2.442921e+01,2.419319e+01,2.432138e+01,2.423369e+01,2.412566e+01,2.379413e+01,2.375346e+01,2.362457e+01,2.377380e+01,2.348192e+01,2.344793e+01,2.332547e+01,2.333228e+01,2.340032e+01,2.325056e+01,2.320286e+01,2.317559e+01,2.323012e+01,2.322330e+01,2.327780e+01,2.327099e+01,2.326418e+01,2.344793e+01,2.337991e+01,2.316877e+01,2.342073e+01,2.338672e+01,2.344793e+01,2.343433e+01,2.349552e+01,2.359062e+01,2.352949e+01,2.353629e+01,2.360420e+01,2.362457e+01,2.382801e+01,2.373990e+01,2.385510e+01,2.386865e+01,2.410540e+01,2.411215e+01,2.401076e+01,2.412566e+01,2.414593e+01,2.428092e+01,2.439552e+01,2.444941e+01,2.442921e+01,2.457728e+01,2.426068e+01,2.446961e+01,2.439552e+01,2.442247e+01,2.436183e+01,2.424044e+01,2.422694e+01,2.414593e+01,2.415268e+01,2.398371e+01,2.397018e+01,2.403105e+01,2.390250e+01,2.381446e+01,2.385510e+01,2.393634e+01,2.367207e+01,2.369242e+01,2.365850e+01,2.355667e+01,2.351590e+01,2.363136e+01,2.367886e+01,2.348872e+01,2.333228e+01,2.349552e+01,2.337311e+01,2.338672e+01,2.316195e+01,2.314832e+01,2.316877e+01,2.297769e+01,2.301867e+01,2.310057e+01,2.309375e+01,2.292303e+01,2.292987e+01,2.311422e+01,2.302550e+01,2.312786e+01,2.310739e+01,2.314150e+01,2.315514e+01,2.316195e+01,2.316877e+01,2.327099e+01,2.334589e+01,2.346153e+01,2.327780e+01,2.326418e+01,2.299135e+01,2.310057e+01,2.300501e+01,2.292303e+01,2.282731e+01,2.284783e+01
2.576773e+01,2.578103e+01,2.579433e+01,2.590729e+01,2.591393e+01,2.594049e+01,2.592057e+01,2.590065e+01,2.603340e+01,2.605993e+01,2.604004e+01,2.605993e+01,2.602013e+01,2.614611e+01,2.602013e+01,2.602013e+01,2.606656e+01,2.606656e+01,2.607319e+01,2.617261e+01,2.605993e+01,2.597368e+01,2.598696e+01,2.592721e+01,2.608646e+01,2.600686e+01,2.595377e+01,2.608646e+01,2.598696e+01,2.590065e+01,2.593385e+01,2.596041e+01,2.605993e+01,2.602013e+01,2.602013e+01,2.606656e+01,2.607319e+01,2.602013e+01,2.623884e+01,2.624546e+01,2.618586e+01,2.624546e+01,2.612623e+01,2.608646e+01,2.611297e+01,2.616599e+01,2.625208e+01,2.610634e+01,2.611297e+01,2.623884e+01,2.602013e+01,2.594713e+01,2.610634e+01,2.612623e+01,2.616599e+01,2.616599e+01,2.598696e+01,2.601350e+01,2.597368e+01,2.592721e+01,2.578768e+01,2.564130e+01,2.573447e+01,2.564130e+01,2.565462e+01,2.560800e+01,2.547471e+01,2.530787e+01,2.530119e+01,2.524105e+01,2.522768e+01,2.524773e+01,2.520763e+01,2.524773e+01,2.516751e+01,2.522100e+01,2.513406e+01,2.504035e+01,2.498677e+01,2.466469e+01,2.466469e+01,2.472515e+01,2.456383e+01,2.455710e+01,2.425393e+01,2.412566e+01,2.417969e+01,2.410540e+01,2.408512e+01,2.385510e+01,2.380091e+01,2.381446e+01,2.372634e+01,2.380091e+01,2.364493e+01,2.343433e+01,2.356346e+01,2.365850e+01,2.354987e+01,2.367207e+01,2.352949e+01,2.359741e+01,2.351590e+01,2.336630e+01,2.336630e+01,2.349552e+01,2.371956e+01,2.391604e+01,2.409188e+01,2.406485e+01,2.407161e+01,2.412566e+01,2.411215e+01,2.413917e+01,2.419994e+01,2.422694e+01,2.424719e+01,2.432138e+01,2.429441e+01,2.409188e+01,2.397694e+01,2.381446e+01,2.381446e+01,2.367207e+01,2.363136e+01,2.372634e+01,2.359062e+01,2.357704e+01,2.357025e+01,2.365172e+01,2.361099e+01,2.364493e+01,2.363136e+01,2.360420e+01,2.358383e+01,2.376702e+01,2.370599e+01,2.369921e+01,2.356346e+01,2.357704e+01,2.342073e+01,2.337311e+01,2.325737e+01,2.296403e+01,2.267671e+01,2.208586e+01,2.172693e+01,2.168544e+01,2.171310e+01,2.168544e+01,2.166468e+01,2.167852e+01,2.178224e+01,2.184441e+01,2.207207e+01,2.247785e+01,2.320967e+01,2.393634e+01,2.416619e+01,2.450327e+01,2.467141e+01,2.477216e+01,2.473187e+01,2.493316e+01,2.492645e+01,2.499347e+01,2.491975e+01,2.501357e+01,2.503366e+01,2.499347e+01,2.497337e+01,2.481243e+01,2.479230e+01,2.461091e+01,2.430115e+01,2.421344e+01,2.448981e+01,2.431464e+01,2.444268e+01,2.427417e+01,2.426068e+01,2.387542e+01,2.369242e+01,2.352270e+01,2.352949e+01,2.352270e+01,2.348192e+01,2.335950e+01,2.332547e+01,2.337311e+01,2.338672e+01,2.330504e+01,2.328461e+01,2.328461e+01,2.327780e+01,2.335950e+01,2.337311e+01,2.321649e+01,2.320967e+01,2.317559e+01,2.319604e+01,2.323693e+01,2.316877e+01,2.321649e+01,2.329823e+01,2.318923e+01,2.330504e+01,2.318241e+01,2.314832e+01,2.315514e+01,2.319604e+01,2.310057e+01,2.337991e+01,2.323012e+01,2.323012e+01,2.336630e+01,2.340032e+01,2.335269e+01,2.344793e+01,2.340032e+01,2.355667e+01,2.364493e+01,2.344113e+01,2.350911e+01,2.371277e+01,2.370599e+01,2.372634e+01,2.371277e+01,2.382801e+01,2.378735e+01,2.382801e+01,2.390927e+01,2.391604e+01,2.385510e+01,2.393634e+01,2.388896e+01,2.400400e+01,2.406485e+01,2.408512e+01,2.415268e+01,2.417969e+01,2.431464e+01,2.423369e+01,2.435509e+01,2.430115e+01,2.438205e+01,2.437531e+01,2.428766e+01,2.440226e+01,2.434835e+01,2.416619e+01,2.409188e+01,2.404457e+01,2.409188e+01,2.402428e+01,2.401076e+01,2.401752e+01,2.418644e+01,2.407161e+01,2.409188e+01,2.403105e+01,2.403105e+01,2.393634e+01,2.403105e+01,2.399047e+01,2.385510e+01,2.395664e+01,2.372634e+01,2.369921e+01,2.369242e+01,2.360420e+01,2.359062e+01,2.367886e+01,2.363136e+01,2.359062e+01,2.357704e+01,2.362457e+01,2.358383e+01,2.359062e+01,2.351590e+01,2.363136e+01,2.354308e+01,2.350231e+01,2.359062e+01,2.352270e+01,2.354987e+01,2.359741e+01,2.354987e+01,2.355667e+01,2.354308e+01,2.361778e+01,2.363136e+01,2.346833e+01,2.361099e+01,2.357704e+01,2.360420e+01,2.348192e+01,2.359741e+01,2.357704e+01,2.352949e+01,2.348872e+01,2.350911e+01,2.362457e+01,2.343433e+01,2.352270e+01,2.347513e+01,2.342073e+01,2.350911e+01,2.359741e+01,2.344793e+01,2.343433e+01,2.344113e+01,2.341393e+01,2.343433e+01,2.344113e+01,2.333908e+01,2.345473e+01,2.342753e+01,2.330504e+01,2.336630e+01,2.346833e+01,2.332547e+01,2.335269e+01,2.332547e+01,2.335950e+01,2.341393e+01,2.337311e+01,2.344113e+01,2.342753e+01,2.343433e+01,2.338672e+01,2.337311e+01,2.333908e+01,2.326418e+01,2.325056e+01,2.329142e+01,2.329142e+01,2.334589e+01,2.336630e+01,2.331185e+01,2.334589e+01,2.337991e+01,2.330504e+01,2.340713e+01,2.335269e+01,2.337311e+01,2.338672e+01,2.337311e+01,2.337311e+01,2.326418e+01,2.337991e+01,2.329823e+01,2.339352e+01,2.330504e+01,2.333228e+01,2.333228e+01,2.337991e+01,2.328461e+01,2.343433e+01,2.338672e+01,2.333908e+01,2.337991e+01,2.339352e+01,2.342753e+01,2.342073e+01,2.339352e+01,2.342073e+01,2.337991e+01,2.335269e+01,2.355667e+01,2.341393e+01,2.339352e+01,2.355667e+01,2.342753e+01,2.350231e+01,2.348192e+01,2.344113e+01,2.340032e+01,2.349552e+01,2.354308e+01,2.348872e+01,2.349552e+01,2.346153e+01,2.352949e+01,2.355667e+01,2.344793e+01,2.349552e+01,2.353629e+01,2.354308e+01,2.352270e+01,2.359062e+01,2.352949e+01,2.358383e+01,2.350231e+01,2.359062e+01,2.335950e+01,2.357704e+01,2.360420e+01,2.359741e+01,2.354308e+01,2.359062e+01,2.357704e+01,2.371277e+01,2.365850e+01,2.371956e+01,2.373990e+01,2.369921e+01,2.376024e+01,2.382123e+01,2.492645e+01,2.621235e+01,2.715514e+01,2.755478e+01,2.774425e+01,2.805062e+01,2.820023e+01,2.826521e+01,2.853122e+01,2.846640e+01,2.837559e+01,2.842749e+01,2.845343e+01,2.846640e+01,2.843398e+01,2.875779e+01,2.849234e+01,2.842100e+01,2.857010e+01,2.842100e+01,2.847289e+01,2.818723e+01,2.802458e+01,2.797899e+01,2.792036e+01,2.793339e+01,2.790080e+01,2.777036e+01,2.782256e+01,2.771161e+01,2.763322e+01,2.758093e+01,2.750900e+01,2.755478e+01,2.758747e+01,2.760708e+01,2.758093e+01,2.761362e+01,2.766589e+01,2.771814e+01,2.742391e+01,2.752208e+01,2.759401e+01,2.760708e+01,2.757440e+01,2.759401e+01,2.771814e+01,2.767896e+01,2.760055e+01,2.756786e+01,2.747628e+01,2.743701e+01,2.748282e+01,2.753516e+01,2.739772e+01,2.752208e+01,2.758093e+01,2.758747e+01,2.771161e+01,2.773120e+01,2.789429e+01,2.789429e+01,2.781603e+01,2.784865e+01,2.788777e+01,2.784212e+01,2.778341e+01,2.775731e+01,2.771814e+01,2.772467e+01,2.770508e+01,2.775731e+01,2.767242e+01,2.754824e+01,2.769202e+01,2.753516e+01,2.773772e+01,2.758747e+01,2.743046e+01,2.710261e+01,2.726666e+01,2.689884e+01,2.681327e+01,2.672104e+01,2.660895e+01,2.657595e+01,2.622560e+01,2.626532e+01,2.622560e+01,2.606656e+01,2.602013e+01,2.583421e+01,2.563464e+01,2.570786e+01,2.566793e+01,2.552805e+01,2.552139e+01,2.542135e+01,2.536796e+01,2.536796e+01,2.519426e+01,2.523437e+01,2.518757e+01,2.525442e+01,2.520094e+01,2.518757e+01,2.550805e+01,2.547471e+01,2.546138e+01,2.562132e+01,2.548805e+01,2.549472e+01,2.556804e+01,2.556804e+01,2.547471e+01,2.560134e+01,2.551472e+01,2.566127e+01,2.555471e+01,2.542802e+01,2.540133e+01,2.512068e+01,2.506713e+01,2.481243e+01,2.478558e+01,2.486610e+01,2.452346e+01,2.450327e+01,2.428092e+01,2.427417e+01,2.425393e+01,2.399047e+01,2.380091e+01,2.371277e+01,2.353629e+01,2.352949e+01,2.347513e+01,2.346833e+01,2.348872e+01,2.335950e+01,2.326418e+01,2.323693e+01,2.325737e+01,2.318241e+01,2.319604e+01,2.329823e+01,2.329142e+01,2.340032e+01,2.337991e+01,2.335950e+01,2.335950e+01,2.335269e+01,2.340032e+01,2.340032e+01,2.337311e+01,2.342753e+01,2.344793e+01,2.357025e+01,2.348192e+01,2.362457e+01,2.359062e+01,2.358383e+01,2.384833e+01,2.385510e+01,2.387542e+01,2.388896e+01,2.390927e+01,2.395664e+01,2.417294e+01,2.422694e+01,2.411891e+01,2.442921e+01,2.420670e+01,2.426068e+01,2.439552e+01,2.423369e+01,2.426743e+01,2.427417e+01,2.430790e+01,2.413242e+01,2.430790e+01,2.424044e+01,2.417294e+01,2.417294e+01,2.415268e+01,2.394311e+01,2.401076e+01,2.399723e+01,2.390927e+01,2.384833e+01,2.391604e+01,2.373990e+01,2.369921e+01,2.369921e+01,2.364493e+01,2.369921e+01,2.353629e+01,2.367886e+01,2.364493e+01,2.331866e+01,2.351590e+01,2.331866e+01,2.325737e+01,2.325056e+01,2.324374e+01,2.321649e+01,2.314832e+01,2.320286e+01,2.310739e+01,2.315514e+01,2.314832e+01,2.296403e+01,2.316877e+01,2.312104e+01,2.311422e+01,2.308010e+01,2.314832e+01,2.313468e+01,2.323693e+01,2.326418e+01,2.332547e+01,2.331866e+01,2.322330e+01,2.337311e+01,2.306645e+01,2.320286e+01,2.307328e+01,2.295037e+01,2.294353e+01,2.292303e+01,2.290937e+01
2.572117e+01,2.576773e+01,2.578768e+01,2.597368e+01,2.599359e+01,2.594713e+01,2.588072e+01,2.604667e+01,2.602677e+01,2.599359e+01,2.605330e+01,2.601350e+01,2.598032e+01,2.592721e+01,2.600023e+01,2.604667e+01,2.586743e+01,2.609971e+01,2.602677e+01,2.602677e+01,2.604667e+01,2.600023e+01,2.590729e+01,2.598032e+01,2.600686e+01,2.602677e+01,2.596704e+01,2.598032e+01,2.597368e+01,2.586079e+01,2.599359e+01,2.598696e+01,2.591393e+01,2.605330e+01,2.604667e+01,2.607319e+01,2.598696e+01,2.618586e+01,2.625208e+01,2.624546e+01,2.623884e+01,2.624546e+01,2.625870e+01,2.627855e+01,2.626532e+01,2.625870e+01,2.615274e+01,2.613286e+01,2.607982e+01,2.612623e+01,2.593385e+01,2.604004e+01,2.604004e+01,2.617261e+01,2.599359e+01,2.602677e+01,2.598696e+01,2.596704e+01,2.591393e+01,2.586079e+01,2.576108e+01,2.572117e+01,2.565462e+01,2.569455e+01,2.558802e+01,2.563464e+01,2.538131e+01,2.542802e+01,2.522100e+01,2.524105e+01,2.521431e+01,2.516751e+01,2.522768e+01,2.512068e+01,2.510730e+01,2.509391e+01,2.506044e+01,2.500687e+01,2.489964e+01,2.480572e+01,2.465796e+01,2.465796e+01,2.463108e+01,2.457056e+01,2.439552e+01,2.411215e+01,2.422694e+01,2.417969e+01,2.394311e+01,2.385510e+01,2.376702e+01,2.373990e+01,2.382123e+01,2.371277e+01,2.361778e+01,2.361099e+01,2.355667e+01,2.347513e+01,2.346833e+01,2.343433e+01,2.350231e+01,2.348872e+01,2.349552e+01,2.336630e+01,2.337991e+01,2.337991e+01,2.367207e+01,2.354308e+01,2.380091e+01,2.391604e+01,2.377380e+01,2.378057e+01,2.368564e+01,2.384155e+01,2.383478e+01,2.390927e+01,2.411891e+01,2.413242e+01,2.391604e+01,2.402428e+01,2.388219e+01,2.380091e+01,2.380091e+01,2.352949e+01,2.357704e+01,2.350231e+01,2.370599e+01,2.354987e+01,2.355667e+01,2.350231e+01,2.351590e+01,2.344793e+01,2.358383e+01,2.356346e+01,2.365850e+01,2.329823e+01,2.353629e+01,2.335269e+01,2.350911e+01,2.327099e+01,2.327780e+01,2.305280e+01,2.305280e+01,2.271096e+01,2.240232e+01,2.181678e+01,2.172002e+01,2.169236e+01,2.177533e+01,2.188585e+01,2.183751e+01,2.188585e+01,2.187204e+01,2.214785e+01,2.282047e+01,2.318241e+01,2.369242e+01,2.419994e+01,2.449654e+01,2.451673e+01,2.472515e+01,2.483256e+01,2.483256e+01,2.483927e+01,2.509391e+01,2.506713e+01,2.504705e+01,2.508722e+01,2.500687e+01,2.499347e+01,2.475873e+01,2.510730e+01,2.500017e+01,2.477887e+01,2.477887e+01,2.463108e+01,2.448981e+01,2.448308e+01,2.419994e+01,2.426743e+01,2.392958e+01,2.365172e+01,2.368564e+01,2.354987e+01,2.340713e+01,2.337311e+01,2.340032e+01,2.337991e+01,2.329142e+01,2.338672e+01,2.342753e+01,2.325737e+01,2.327099e+01,2.329823e+01,2.331185e+01,2.324374e+01,2.337311e+01,2.331185e+01,2.321649e+01,2.327099e+01,2.315514e+01,2.323012e+01,2.327099e+01,2.323012e+01,2.327780e+01,2.314832e+01,2.325056e+01,2.303232e+01,2.317559e+01,2.322330e+01,2.326418e+01,2.315514e+01,2.326418e+01,2.325737e+01,2.329823e+01,2.329823e+01,2.335950e+01,2.347513e+01,2.340713e+01,2.338672e+01,2.338672e+01,2.352270e+01,2.359741e+01,2.362457e+01,2.369242e+01,2.368564e+01,2.371956e+01,2.373990e+01,2.373312e+01,2.389573e+01,2.387542e+01,2.385510e+01,2.384833e+01,2.390927e+01,2.391604e+01,2.392281e+01,2.404457e+01,2.390927e+01,2.404457e+01,2.408512e+01,2.418644e+01,2.416619e+01,2.415943e+01,2.430115e+01,2.426068e+01,2.427417e+01,2.440900e+01,2.434835e+01,2.430115e+01,2.411891e+01,2.413917e+01,2.399047e+01,2.406485e+01,2.399047e+01,2.394988e+01,2.399723e+01,2.396341e+01,2.407161e+01,2.391604e+01,2.403105e+01,2.405133e+01,2.401752e+01,2.392281e+01,2.402428e+01,2.394988e+01,2.394988e+01,2.376702e+01,2.373312e+01,2.369921e+01,2.363814e+01,2.357704e+01,2.345473e+01,2.360420e+01,2.361778e+01,2.354987e+01,2.357025e+01,2.353629e+01,2.348872e+01,2.367886e+01,2.359062e+01,2.358383e+01,2.346153e+01,2.348872e+01,2.359062e+01,2.350911e+01,2.354308e+01,2.357704e+01,2.354987e+01,2.354987e+01,2.357704e+01,2.355667e+01,2.347513e+01,2.350231e+01,2.366529e+01,2.355667e+01,2.359741e+01,2.352949e+01,2.359741e+01,2.346153e+01,2.349552e+01,2.338672e+01,2.336630e+01,2.344113e+01,2.350911e+01,2.352949e+01,2.350911e+01,2.340713e+01,2.357025e+01,2.342753e+01,2.343433e+01,2.341393e+01,2.344113e+01,2.342073e+01,2.331185e+01,2.342073e+01,2.346833e+01,2.333908e+01,2.328461e+01,2.338672e+01,2.342073e+01,2.328461e+01,2.335950e+01,2.330504e+01,2.333908e+01,2.345473e+01,2.336630e+01,2.342073e+01,2.329142e+01,2.337991e+01,2.340032e+01,2.336630e+01,2.337311e+01,2.331185e+01,2.329142e+01,2.338672e+01,2.333908e+01,2.326418e+01,2.333908e+01,2.342073e+01,2.330504e+01,2.334589e+01,2.331185e+01,2.350231e+01,2.336630e+01,2.335950e+01,2.330504e+01,2.331185e+01,2.327780e+01,2.328461e+01,2.332547e+01,2.333228e+01,2.323693e+01,2.325737e+01,2.337991e+01,2.327099e+01,2.335269e+01,2.336630e+01,2.337991e+01,2.335950e+01,2.333908e+01,2.343433e+01,2.335950e+01,2.323693e+01,2.318923e+01,2.337311e+01,2.340713e+01,2.337311e+01,2.336630e+01,2.349552e+01,2.333908e+01,2.330504e+01,2.350231e+01,2.351590e+01,2.356346e+01,2.340032e+01,2.345473e+01,2.347513e+01,2.331185e+01,2.347513e+01,2.353629e+01,2.351590e+01,2.357704e+01,2.351590e+01,2.350911e+01,2.348872e+01,2.348872e+01,2.364493e+01,2.350231e+01,2.348872e+01,2.355667e+01,2.352949e+01,2.350231e+01,2.354308e+01,2.357025e+01,2.356346e+01,2.360420e+01,2.361099e+01,2.355667e+01,2.359062e+01,2.352270e+01,2.363136e+01,2.371277e+01,2.363814e+01,2.357704e+01,2.357025e+01,2.359741e+01,2.375346e+01,2.367886e+01,2.380768e+01,2.469828e+01,2.621235e+01,2.710918e+01,2.748937e+01,2.784212e+01,2.785517e+01,2.820673e+01,2.829768e+01,2.840803e+01,2.841452e+01,2.844695e+01,2.842100e+01,2.839505e+01,2.845343e+01,2.852474e+01,2.845992e+01,2.836910e+01,2.842749e+01,2.840803e+01,2.830418e+01,2.829119e+01,2.820673e+01,2.819373e+01,2.796597e+01,2.786821e+01,2.783560e+01,2.783560e+01,2.786169e+01,2.765282e+01,2.752208e+01,2.754170e+01,2.754170e+01,2.754824e+01,2.758093e+01,2.745665e+01,2.745010e+01,2.756132e+01,2.740427e+01,2.743701e+01,2.739117e+01,2.740427e+01,2.738462e+01,2.758093e+01,2.756132e+01,2.757440e+01,2.757440e+01,2.754824e+01,2.758093e+01,2.752862e+01,2.748282e+01,2.735187e+01,2.738462e+01,2.739117e+01,2.733876e+01,2.756132e+01,2.748937e+01,2.752862e+01,2.754824e+01,2.760055e+01,2.763322e+01,2.782256e+01,2.779646e+01,2.788125e+01,2.786169e+01,2.775731e+01,2.772467e+01,2.768549e+01,2.773120e+01,2.772467e+01,2.771161e+01,2.772467e+01,2.781603e+01,2.776383e+01,2.774425e+01,2.762669e+01,2.757440e+01,2.754824e+01,2.753516e+01,2.755478e+01,2.737807e+01,2.716170e+01,2.717483e+01,2.692516e+01,2.697119e+01,2.664852e+01,2.670786e+01,2.648352e+01,2.623222e+01,2.619248e+01,2.609309e+01,2.596041e+01,2.584750e+01,2.584750e+01,2.584750e+01,2.559468e+01,2.569455e+01,2.575443e+01,2.557470e+01,2.556137e+01,2.548138e+01,2.535461e+01,2.547471e+01,2.531454e+01,2.527446e+01,2.525442e+01,2.558802e+01,2.554804e+01,2.556137e+01,2.568124e+01,2.570121e+01,2.566793e+01,2.565462e+01,2.569455e+01,2.560134e+01,2.568790e+01,2.569455e+01,2.568790e+01,2.560134e+01,2.565462e+01,2.560800e+01,2.546805e+01,2.526778e+01,2.518088e+01,2.492645e+01,2.508722e+01,2.480572e+01,2.445614e+01,2.456383e+01,2.436183e+01,2.446288e+01,2.419319e+01,2.403105e+01,2.391604e+01,2.380768e+01,2.371277e+01,2.367207e+01,2.354308e+01,2.346833e+01,2.348872e+01,2.341393e+01,2.324374e+01,2.331185e+01,2.323693e+01,2.321649e+01,2.329142e+01,2.321649e+01,2.340713e+01,2.333228e+01,2.330504e+01,2.329142e+01,2.344113e+01,2.331866e+01,2.333228e+01,2.333228e+01,2.340032e+01,2.341393e+01,2.341393e+01,2.344113e+01,2.358383e+01,2.358383e+01,2.374668e+01,2.361099e+01,2.367886e+01,2.360420e+01,2.360420e+01,2.385510e+01,2.386865e+01,2.386865e+01,2.399723e+01,2.413917e+01,2.415268e+01,2.418644e+01,2.431464e+01,2.430790e+01,2.420670e+01,2.428092e+01,2.431464e+01,2.430790e+01,2.410540e+01,2.427417e+01,2.408512e+01,2.408512e+01,2.408512e+01,2.412566e+01,2.407161e+01,2.412566e+01,2.396341e+01,2.394988e+01,2.403105e+01,2.390250e+01,2.378057e+01,2.390250e+01,2.369921e+01,2.369242e+01,2.373312e+01,2.350911e+01,2.373312e+01,2.370599e+01,2.369921e+01,2.357025e+01,2.361778e+01,2.358383e+01,2.346833e+01,2.322330e+01,2.333228e+01,2.344113e+01,2.324374e+01,2.323693e+01,2.318923e+01,2.314150e+01,2.332547e+01,2.316195e+01,2.315514e+01,2.310057e+01,2.336630e+01,2.312786e+01,2.310739e+01,2.308010e+01,2.320286e+01,2.319604e+01,2.325056e+01,2.322330e+01,2.300501e+01,2.322330e+01,2.299135e+01,2.303915e+01,2.301184e+01,2.303232e+01,2.298452e+01,2.294353e+01,2.293670e+01
2.573447e+01,2.574113e+01,2.584085e+01,2.574778e+01,2.586743e+01,2.580097e+01,2.599359e+01,2.600686e+01,2.590729e+01,2.602677e+01,2.585415e+01,2.599359e+01,2.590065e+01,2.588736e+01,2.592721e+01,2.603340e+01,2.588072e+01,2.605993e+01,2.600686e+01,2.600023e+01,2.599359e+01,2.598032e+01,2.591393e+01,2.596704e+01,2.594049e+01,2.597368e+01,2.587408e+01,2.598032e+01,2.592057e+01,2.598696e+01,2.594713e+01,2.604667e+01,2.592721e+01,2.590729e+01,2.597368e+01,2.612623e+01,2.607982e+01,2.613286e+01,2.622560e+01,2.612623e+01,2.620573e+01,2.615274e+01,2.613286e+01,2.605993e+01,2.602013e+01,2.613948e+01,2.609971e+01,2.610634e+01,2.600686e+01,2.613286e+01,2.603340e+01,2.605993e+01,2.604667e+01,2.600023e+01,2.597368e+01,2.599359e+01,2.599359e+01,2.582092e+01,2.596704e+01,2.575443e+01,2.575443e+01,2.568790e+01,2.558136e+01,2.567459e+01,2.532790e+01,2.532790e+01,2.530119e+01,2.536129e+01,2.524773e+01,2.518757e+01,2.516751e+01,2.514744e+01,2.525442e+01,2.512737e+01,2.507383e+01,2.508722e+01,2.499347e+01,2.488622e+01,2.475873e+01,2.466469e+01,2.467813e+01,2.454365e+01,2.461763e+01,2.449654e+01,2.445614e+01,2.413242e+01,2.413917e+01,2.391604e+01,2.392281e+01,2.382801e+01,2.379413e+01,2.366529e+01,2.378057e+01,2.365850e+01,2.360420e+01,2.353629e+01,2.329142e+01,2.352270e+01,2.353629e+01,2.348872e+01,2.337311e+01,2.347513e+01,2.327099e+01,2.333228e+01,2.341393e+01,2.338672e+01,2.342753e+01,2.356346e+01,2.352270e+01,2.332547e+01,2.329823e+01,2.310739e+01,2.317559e+01,2.322330e+01,2.342073e+01,2.369921e+01,2.363814e+01,2.361099e+01,2.354308e+01,2.375346e+01,2.378735e+01,2.373312e+01,2.368564e+01,2.363814e+01,2.352270e+01,2.346833e+01,2.346153e+01,2.335950e+01,2.341393e+01,2.340713e+01,2.315514e+01,2.312786e+01,2.313468e+01,2.312786e+01,2.325056e+01,2.322330e+01,2.320967e+01,2.325056e+01,2.321649e+01,2.325737e+01,2.301184e+01,2.284099e+01,2.286835e+01,2.260132e+01,2.226485e+01,2.195486e+01,2.198245e+01,2.199624e+01,2.206518e+01,2.221669e+01,2.225797e+01,2.243666e+01,2.243666e+01,2.286835e+01,2.338672e+01,2.371277e+01,2.402428e+01,2.413917e+01,2.451000e+01,2.451673e+01,2.467813e+01,2.481243e+01,2.493316e+01,2.494656e+01,2.489293e+01,2.503366e+01,2.510060e+01,2.510060e+01,2.498677e+01,2.497337e+01,2.500687e+01,2.495326e+01,2.479901e+01,2.479901e+01,2.480572e+01,2.463780e+01,2.459073e+01,2.438878e+01,2.426068e+01,2.398371e+01,2.371956e+01,2.369921e+01,2.354987e+01,2.367886e+01,2.343433e+01,2.337311e+01,2.337991e+01,2.342073e+01,2.340713e+01,2.337311e+01,2.337311e+01,2.327099e+01,2.335269e+01,2.327099e+01,2.326418e+01,2.323693e+01,2.336630e+01,2.321649e+01,2.327780e+01,2.320967e+01,2.320286e+01,2.316195e+01,2.318241e+01,2.318241e+01,2.316877e+01,2.314150e+01,2.323693e+01,2.302550e+01,2.314150e+01,2.314832e+01,2.319604e+01,2.332547e+01,2.335269e+01,2.329142e+01,2.337991e+01,2.337311e+01,2.336630e+01,2.337311e+01,2.344113e+01,2.352949e+01,2.348872e+01,2.361778e+01,2.365850e+01,2.354987e+01,2.360420e+01,2.368564e+01,2.376702e+01,2.378057e+01,2.391604e+01,2.386865e+01,2.386865e+01,2.388896e+01,2.390250e+01,2.385510e+01,2.398371e+01,2.405133e+01,2.402428e+01,2.401752e+01,2.407161e+01,2.410540e+01,2.415268e+01,2.418644e+01,2.413917e+01,2.419994e+01,2.417969e+01,2.430790e+01,2.420670e+01,2.424044e+01,2.422694e+01,2.415268e+01,2.393634e+01,2.405133e+01,2.383478e+01,2.380091e+01,2.390250e+01,2.384155e+01,2.392281e+01,2.388219e+01,2.393634e+01,2.403105e+01,2.383478e+01,2.388219e+01,2.403105e+01,2.388896e+01,2.391604e+01,2.394988e+01,2.390250e+01,2.385510e+01,2.369242e+01,2.366529e+01,2.359741e+01,2.359062e+01,2.362457e+01,2.349552e+01,2.359062e+01,2.348192e+01,2.346153e+01,2.344793e+01,2.352270e+01,2.347513e+01,2.349552e+01,2.348872e+01,2.350231e+01,2.357025e+01,2.352270e+01,2.356346e+01,2.350911e+01,2.355667e+01,2.351590e+01,2.356346e+01,2.354308e+01,2.356346e+01,2.352270e+01,2.344113e+01,2.350231e+01,2.344793e+01,2.342753e+01,2.346833e+01,2.349552e+01,2.345473e+01,2.347513e+01,2.338672e+01,2.344793e+01,2.346153e+01,2.340032e+01,2.341393e+01,2.343433e+01,2.344793e+01,2.348192e+01,2.346153e+01,2.340713e+01,2.341393e+01,2.323693e+01,2.346153e+01,2.331866e+01,2.335950e+01,2.330504e+01,2.332547e+01,2.331866e+01,2.336630e+01,2.334589e+01,2.333228e+01,2.332547e+01,2.328461e+01,2.333908e+01,2.329823e+01,2.333908e+01,2.326418e+01,2.327099e+01,2.329142e+01,2.328461e+01,2.325056e+01,2.321649e+01,2.322330e+01,2.338672e+01,2.323693e+01,2.327780e+01,2.331185e+01,2.333228e+01,2.325737e+01,2.341393e+01,2.333908e+01,2.331185e+01,2.331866e+01,2.331185e+01,2.329823e+01,2.318923e+01,2.335950e+01,2.329142e+01,2.326418e+01,2.327099e+01,2.330504e+01,2.332547e+01,2.325056e+01,2.330504e+01,2.329142e+01,2.332547e+01,2.333228e+01,2.337991e+01,2.335950e+01,2.332547e+01,2.340713e+01,2.334589e+01,2.335269e+01,2.338672e+01,2.343433e+01,2.344793e+01,2.335269e+01,2.335950e+01,2.332547e+01,2.340032e+01,2.335950e+01,2.342073e+01,2.342073e+01,2.348192e+01,2.341393e+01,2.354987e+01,2.360420e+01,2.348872e+01,2.358383e+01,2.346833e+01,2.348872e+01,2.346833e+01,2.348872e+01,2.348192e+01,2.345473e+01,2.359062e+01,2.350911e+01,2.353629e+01,2.355667e+01,2.352270e+01,2.349552e+01,2.359741e+01,2.350911e+01,2.354987e+01,2.349552e+01,2.349552e+01,2.350231e+01,2.355667e+01,2.350911e+01,2.357704e+01,2.364493e+01,2.367886e+01,2.354987e+01,2.351590e+01,2.363136e+01,2.364493e+01,2.364493e+01,2.376024e+01,2.460419e+01,2.620573e+01,2.701721e+01,2.746319e+01,2.777036e+01,2.820023e+01,2.826521e+01,2.825871e+01,2.842100e+01,2.840803e+01,2.844046e+01,2.843398e+01,2.851826e+01,2.844695e+01,2.843398e+01,2.840803e+01,2.839505e+01,2.843398e+01,2.842100e+01,2.840803e+01,2.825221e+01,2.812870e+01,2.814821e+01,2.799853e+01,2.792687e+01,2.794642e+01,2.777689e+01,2.776383e+01,2.773772e+01,2.751554e+01,2.746319e+01,2.752862e+01,2.737152e+01,2.756132e+01,2.741082e+01,2.745010e+01,2.742391e+01,2.734532e+01,2.739772e+01,2.738462e+01,2.729289e+01,2.734532e+01,2.741082e+01,2.745665e+01,2.754824e+01,2.739772e+01,2.743046e+01,2.741082e+01,2.753516e+01,2.754170e+01,2.724043e+01,2.726011e+01,2.734532e+01,2.736497e+01,2.741082e+01,2.736497e+01,2.746974e+01,2.743701e+01,2.763976e+01,2.764629e+01,2.762669e+01,2.756786e+01,2.782908e+01,2.772467e+01,2.777689e+01,2.777036e+01,2.760708e+01,2.778341e+01,2.779646e+01,2.780299e+01,2.781603e+01,2.796597e+01,2.780299e+01,2.769855e+01,2.773772e+01,2.772467e+01,2.758747e+01,2.752208e+01,2.739772e+01,2.740427e+01,2.733221e+01,2.727322e+01,2.733221e+01,2.710261e+01,2.697119e+01,2.678693e+01,2.672763e+01,2.649673e+01,2.623222e+01,2.615274e+01,2.612623e+01,2.609971e+01,2.588736e+01,2.586079e+01,2.586079e+01,2.579433e+01,2.558802e+01,2.570786e+01,2.567459e+01,2.564796e+01,2.554804e+01,2.560134e+01,2.536796e+01,2.538131e+01,2.561466e+01,2.567459e+01,2.568790e+01,2.568124e+01,2.568790e+01,2.572117e+01,2.584085e+01,2.565462e+01,2.582092e+01,2.589401e+01,2.576108e+01,2.580097e+01,2.578103e+01,2.579433e+01,2.556137e+01,2.561466e+01,2.556804e+01,2.522768e+01,2.522768e+01,2.512737e+01,2.508722e+01,2.485269e+01,2.475201e+01,2.465796e+01,2.441573e+01,2.446288e+01,2.426068e+01,2.426743e+01,2.399723e+01,2.392958e+01,2.380768e+01,2.368564e+01,2.359741e+01,2.352949e+01,2.352949e+01,2.334589e+01,2.331866e+01,2.337991e+01,2.331866e+01,2.319604e+01,2.329142e+01,2.325056e+01,2.319604e+01,2.322330e+01,2.331866e+01,2.325737e+01,2.330504e+01,2.333908e+01,2.342753e+01,2.334589e+01,2.335269e+01,2.342753e+01,2.338672e+01,2.335269e+01,2.339352e+01,2.332547e+01,2.369242e+01,2.369242e+01,2.361099e+01,2.373990e+01,2.364493e+01,2.386187e+01,2.384155e+01,2.382123e+01,2.383478e+01,2.400400e+01,2.399723e+01,2.401076e+01,2.428092e+01,2.430115e+01,2.430115e+01,2.410540e+01,2.407837e+01,2.411215e+01,2.412566e+01,2.400400e+01,2.407161e+01,2.401752e+01,2.399723e+01,2.405809e+01,2.392281e+01,2.400400e+01,2.400400e+01,2.390927e+01,2.388896e+01,2.388896e+01,2.371956e+01,2.378057e+01,2.384155e+01,2.377380e+01,2.382801e+01,2.380768e+01,2.372634e+01,2.387542e+01,2.372634e+01,2.354987e+01,2.354308e+01,2.360420e+01,2.365850e+01,2.348192e+01,2.348192e+01,2.344793e+01,2.338672e+01,2.335950e+01,2.329823e+01,2.315514e+01,2.318923e+01,2.312786e+01,2.320286e+01,2.312786e+01,2.307328e+01,2.320967e+01,2.329823e+01,2.316877e+01,2.327099e+01,2.322330e+01,2.312786e+01,2.322330e+01,2.339352e+01,2.317559e+01,2.308693e+01,2.312104e+01,2.302550e+01,2.299818e+01,2.290937e+01,2.292303e+01,2.296403e+01
2.566127e+01,2.568790e+01,2.570786e+01,2.571451e+01,2.581427e+01,2.578103e+01,2.601350e+01,2.588072e+01,2.581427e+01,2.594713e+01,2.584085e+01,2.598696e+01,2.589401e+01,2.582756e+01,2.594713e+01,2.604667e+01,2.586743e+01,2.593385e+01,2.598696e+01,2.613286e+01,2.599359e+01,2.595377e+01,2.602013e+01,2.596704e+01,2.586743e+01,2.587408e+01,2.587408e+01,2.596041e+01,2.598032e+01,2.599359e+01,2.592057e+01,2.604004e+01,2.597368e+01,2.609309e+01,2.609971e+01,2.616599e+01,2.611960e+01,2.616599e+01,2.620573e+01,2.614611e+01,2.610634e+01,2.627855e+01,2.609309e+01,2.602677e+01,2.609309e+01,2.615274e+01,2.611297e+01,2.619248e+01,2.609309e+01,2.603340e+01,2.606656e+01,2.604667e+01,2.606656e+01,2.606656e+01,2.602677e+01,2.600023e+01,2.598696e+01,2.594049e+01,2.598696e+01,2.573447e+01,2.580762e+01,2.572117e+01,2.566793e+01,2.559468e+01,2.541468e+01,2.561466e+01,2.536796e+01,2.529451e+01,2.536129e+01,2.519426e+01,2.520094e+01,2.518757e+01,2.524773e+01,2.508722e+01,2.507383e+01,2.488622e+01,2.485269e+01,2.483927e+01,2.489964e+01,2.470500e+01,2.475201e+01,2.450327e+01,2.451673e+01,2.436857e+01,2.424044e+01,2.428766e+01,2.415268e+01,2.397018e+01,2.403781e+01,2.388219e+01,2.395664e+01,2.383478e+01,2.377380e+01,2.372634e+01,2.367886e+01,2.355667e+01,2.349552e+01,2.354308e+01,2.348192e+01,2.351590e+01,2.342753e+01,2.332547e+01,2.325737e+01,2.329823e+01,2.327099e+01,2.334589e+01,2.335950e+01,2.327780e+01,2.323693e+01,2.327780e+01,2.319604e+01,2.310057e+01,2.308693e+01,2.321649e+01,2.318241e+01,2.329142e+01,2.315514e+01,2.309375e+01,2.308693e+01,2.318241e+01,2.356346e+01,2.357704e+01,2.354308e+01,2.343433e+01,2.344793e+01,2.346153e+01,2.341393e+01,2.349552e+01,2.341393e+01,2.327099e+01,2.325056e+01,2.316877e+01,2.316877e+01,2.314150e+01,2.320967e+01,2.303232e+01,2.317559e+01,2.304598e+01,2.303232e+01,2.293670e+01,2.279310e+01,2.273835e+01,2.249158e+01,2.245039e+01,2.243666e+01,2.226485e+01,2.231298e+01,2.250530e+01,2.274519e+01,2.273150e+01,2.279310e+01,2.293670e+01,2.312786e+01,2.336630e+01,2.365850e+01,2.382801e+01,2.408512e+01,2.424044e+01,2.456383e+01,2.457056e+01,2.469828e+01,2.479230e+01,2.487952e+01,2.502026e+01,2.508052e+01,2.503366e+01,2.509391e+01,2.512737e+01,2.514075e+01,2.513406e+01,2.510730e+01,2.515413e+01,2.506044e+01,2.479901e+01,2.469828e+01,2.456383e+01,2.436857e+01,2.434161e+01,2.407161e+01,2.388219e+01,2.369921e+01,2.369242e+01,2.359062e+01,2.360420e+01,2.363136e+01,2.352270e+01,2.341393e+01,2.331866e+01,2.338672e+01,2.340713e+01,2.331185e+01,2.324374e+01,2.325056e+01,2.327099e+01,2.325056e+01,2.325737e+01,2.327780e+01,2.321649e+01,2.330504e+01,2.324374e+01,2.323693e+01,2.325056e+01,2.313468e+01,2.327099e+01,2.332547e+01,2.313468e+01,2.315514e+01,2.321649e+01,2.325737e+01,2.334589e+01,2.327780e+01,2.337311e+01,2.340713e+01,2.333908e+01,2.346153e+01,2.358383e+01,2.349552e+01,2.359062e+01,2.339352e+01,2.355667e+01,2.353629e+01,2.361099e+01,2.356346e+01,2.354987e+01,2.364493e+01,2.376702e+01,2.381446e+01,2.379413e+01,2.381446e+01,2.381446e+01,2.386187e+01,2.395664e+01,2.390927e+01,2.404457e+01,2.392958e+01,2.400400e+01,2.401752e+01,2.404457e+01,2.413242e+01,2.405809e+01,2.413242e+01,2.415268e+01,2.423369e+01,2.420670e+01,2.426068e+01,2.425393e+01,2.419994e+01,2.421344e+01,2.411891e+01,2.414593e+01,2.376702e+01,2.393634e+01,2.394988e+01,2.389573e+01,2.392281e+01,2.380768e+01,2.383478e+01,2.390250e+01,2.384833e+01,2.390927e+01,2.404457e+01,2.399047e+01,2.392281e+01,2.392281e+01,2.395664e+01,2.395664e+01,2.384833e+01,2.394311e+01,2.373312e+01,2.369921e+01,2.362457e+01,2.362457e+01,2.350911e+01,2.358383e+01,2.359741e+01,2.365850e+01,2.354987e+01,2.352949e+01,2.353629e+01,2.347513e+01,2.346153e+01,2.346833e+01,2.349552e+01,2.352270e+01,2.347513e+01,2.352949e+01,2.352270e+01,2.357704e+01,2.357025e+01,2.355667e+01,2.355667e+01,2.350231e+01,2.360420e+01,2.354308e+01,2.357704e+01,2.358383e+01,2.352949e+01,2.348872e+01,2.341393e+01,2.344793e+01,2.342073e+01,2.348872e+01,2.338672e+01,2.343433e+01,2.348872e+01,2.344793e+01,2.350911e+01,2.342073e+01,2.348872e+01,2.340713e+01,2.342073e+01,2.331185e+01,2.330504e+01,2.336630e+01,2.336630e+01,2.334589e+01,2.337991e+01,2.331185e+01,2.329823e+01,2.329823e+01,2.332547e+01,2.329823e+01,2.334589e+01,2.334589e+01,2.329142e+01,2.329142e+01,2.329142e+01,2.329142e+01,2.329142e+01,2.316877e+01,2.319604e+01,2.322330e+01,2.337991e+01,2.337991e+01,2.330504e+01,2.329823e+01,2.331866e+01,2.329823e+01,2.328461e+01,2.329823e+01,2.325737e+01,2.329142e+01,2.334589e+01,2.333908e+01,2.326418e+01,2.320967e+01,2.326418e+01,2.329142e+01,2.329142e+01,2.331185e+01,2.329823e+01,2.340032e+01,2.343433e+01,2.327780e+01,2.333228e+01,2.337311e+01,2.335269e+01,2.324374e+01,2.338672e+01,2.343433e+01,2.338672e+01,2.340713e+01,2.344793e+01,2.333228e+01,2.335950e+01,2.339352e+01,2.342753e+01,2.343433e+01,2.337991e+01,2.340032e+01,2.335950e+01,2.350231e+01,2.344793e+01,2.348192e+01,2.344793e+01,2.351590e+01,2.351590e+01,2.340713e+01,2.346153e+01,2.344793e+01,2.353629e+01,2.347513e+01,2.346153e+01,2.350911e+01,2.361099e+01,2.348872e+01,2.354308e+01,2.349552e+01,2.352270e+01,2.357704e+01,2.356346e+01,2.355667e+01,2.335950e+01,2.354987e+01,2.353629e+01,2.355667e+01,2.361099e+01,2.363814e+01,2.363136e+01,2.367886e+01,2.357704e+01,2.345473e+01,2.367886e+01,2.359741e+01,2.351590e+01,2.365850e+01,2.363136e+01,2.370599e+01,2.377380e+01,2.454365e+01,2.611297e+01,2.704349e+01,2.758747e+01,2.799202e+01,2.804411e+01,2.808316e+01,2.824572e+01,2.839505e+01,2.842100e+01,2.844695e+01,2.844695e+01,2.844695e+01,2.845992e+01,2.844695e+01,2.843398e+01,2.838857e+01,2.841452e+01,2.829768e+01,2.840803e+01,2.836261e+01,2.817422e+01,2.823922e+01,2.800504e+01,2.805713e+01,2.777036e+01,2.762669e+01,2.772467e+01,2.760708e+01,2.751554e+01,2.738462e+01,2.743046e+01,2.750245e+01,2.738462e+01,2.731911e+01,2.731911e+01,2.732566e+01,2.723387e+01,2.724043e+01,2.712888e+01,2.728633e+01,2.741737e+01,2.737152e+01,2.735842e+01,2.750245e+01,2.752208e+01,2.744355e+01,2.754824e+01,2.741082e+01,2.744355e+01,2.741737e+01,2.735187e+01,2.735842e+01,2.733876e+01,2.739772e+01,2.734532e+01,2.762669e+01,2.737152e+01,2.756786e+01,2.756132e+01,2.765282e+01,2.756786e+01,2.773120e+01,2.756786e+01,2.774425e+01,2.773772e+01,2.767896e+01,2.778994e+01,2.781603e+01,2.776383e+01,2.780299e+01,2.792036e+01,2.773120e+01,2.773120e+01,2.769855e+01,2.773772e+01,2.759401e+01,2.763976e+01,2.756786e+01,2.756132e+01,2.741737e+01,2.736497e+01,2.733221e+01,2.727322e+01,2.712888e+01,2.697777e+01,2.695147e+01,2.674740e+01,2.668149e+01,2.639100e+01,2.612623e+01,2.629179e+01,2.603340e+01,2.587408e+01,2.582092e+01,2.582756e+01,2.583421e+01,2.592057e+01,2.575443e+01,2.587408e+01,2.587408e+01,2.568124e+01,2.566127e+01,2.568124e+01,2.579433e+01,2.585415e+01,2.585415e+01,2.590065e+01,2.571451e+01,2.596704e+01,2.608646e+01,2.597368e+01,2.606656e+01,2.597368e+01,2.591393e+01,2.589401e+01,2.582092e+01,2.591393e+01,2.594713e+01,2.562798e+01,2.560134e+01,2.552805e+01,2.541468e+01,2.518088e+01,2.523437e+01,2.500687e+01,2.489293e+01,2.491975e+01,2.477216e+01,2.452346e+01,2.435509e+01,2.397694e+01,2.430115e+01,2.419319e+01,2.382123e+01,2.384833e+01,2.380768e+01,2.364493e+01,2.354308e+01,2.347513e+01,2.333908e+01,2.344793e+01,2.329142e+01,2.329823e+01,2.328461e+01,2.330504e+01,2.324374e+01,2.323012e+01,2.318923e+01,2.324374e+01,2.343433e+01,2.323693e+01,2.340713e+01,2.337311e+01,2.334589e+01,2.333908e+01,2.344793e+01,2.346833e+01,2.356346e+01,2.345473e+01,2.350911e+01,2.367207e+01,2.367886e+01,2.369921e+01,2.369921e+01,2.381446e+01,2.383478e+01,2.384155e+01,2.370599e+01,2.389573e+01,2.399047e+01,2.403781e+01,2.391604e+01,2.401752e+01,2.409188e+01,2.431464e+01,2.405133e+01,2.414593e+01,2.408512e+01,2.422694e+01,2.399047e+01,2.408512e+01,2.412566e+01,2.404457e+01,2.401752e+01,2.389573e+01,2.389573e+01,2.392281e+01,2.395664e+01,2.403105e+01,2.404457e+01,2.400400e+01,2.390927e+01,2.380768e+01,2.387542e+01,2.375346e+01,2.373990e+01,2.371956e+01,2.377380e+01,2.371956e+01,2.392281e+01,2.371277e+01,2.376024e+01,2.368564e+01,2.373312e+01,2.346833e+01,2.342073e+01,2.356346e+01,2.335950e+01,2.338672e+01,2.338672e+01,2.325056e+01,2.329823e+01,2.336630e+01,2.320286e+01,2.325737e+01,2.313468e+01,2.323012e+01,2.350231e+01,2.331866e+01,2.318241e+01,2.325737e+01,2.317559e+01,2.323693e+01,2.306645e+01,2.300501e+01,2.308693e+01,2.297086e+01,2.296403e+01,2.305963e+01,2.313468e+01
2.544804e+01,2.560134e+01,2.569455e+01,2.570121e+01,2.582092e+01,2.584085e+01,2.582092e+01,2.588072e+01,2.585415e+01,2.579433e+01,2.596704e+01,2.586743e+01,2.576108e+01,2.585415e+01,2.579433e+01,2.583421e+01,2.588736e+01,2.589401e+01,2.586743e+01,2.588736e+01,2.596704e+01,2.596704e+01,2.599359e+01,2.594713e+01,2.586743e+01,2.599359e+01,2.592057e+01,2.583421e+01,2.598696e+01,2.598696e+01,2.599359e+01,2.592721e+01,2.605330e+01,2.606656e+01,2.607319e+01,2.603340e+01,2.598696e+01,2.625208e+01,2.607982e+01,2.615936e+01,2.601350e+01,2.606656e+01,2.610634e+01,2.600686e+01,2.621235e+01,2.616599e+01,2.615274e+01,2.607319e+01,2.610634e+01,2.602677e+01,2.604004e+01,2.605330e+01,2.615936e+01,2.604667e+01,2.605993e+01,2.602013e+01,2.611297e+01,2.602013e+01,2.597368e+01,2.578768e+01,2.578103e+01,2.566793e+01,2.556137e+01,2.556804e+01,2.546138e+01,2.528115e+01,2.527446e+01,2.524105e+01,2.522768e+01,2.519426e+01,2.517419e+01,2.518088e+01,2.514744e+01,2.512737e+01,2.486610e+01,2.500017e+01,2.481914e+01,2.455710e+01,2.467141e+01,2.455710e+01,2.462436e+01,2.445614e+01,2.435509e+01,2.444268e+01,2.419319e+01,2.422694e+01,2.424044e+01,2.397694e+01,2.394988e+01,2.392281e+01,2.387542e+01,2.390250e+01,2.363814e+01,2.361099e+01,2.355667e+01,2.342753e+01,2.337311e+01,2.344113e+01,2.344793e+01,2.335269e+01,2.344113e+01,2.323012e+01,2.341393e+01,2.327099e+01,2.321649e+01,2.320967e+01,2.316877e+01,2.326418e+01,2.314832e+01,2.325737e+01,2.299818e+01,2.303232e+01,2.312786e+01,2.303232e+01,2.300501e+01,2.304598e+01,2.295037e+01,2.304598e+01,2.281363e+01,2.295720e+01,2.298452e+01,2.297769e+01,2.298452e+01,2.318923e+01,2.317559e+01,2.324374e+01,2.342073e+01,2.308693e+01,2.325056e+01,2.308010e+01,2.310057e+01,2.295037e+01,2.298452e+01,2.299818e+01,2.308010e+01,2.291620e+01,2.297086e+01,2.275888e+01,2.301184e+01,2.277942e+01,2.273835e+01,2.266301e+01,2.266301e+01,2.247785e+01,2.260132e+01,2.262874e+01,2.277942e+01,2.267671e+01,2.292303e+01,2.281363e+01,2.293670e+01,2.314150e+01,2.314832e+01,2.335269e+01,2.349552e+01,2.367886e+01,2.385510e+01,2.412566e+01,2.428092e+01,2.452346e+01,2.442921e+01,2.463780e+01,2.463780e+01,2.488622e+01,2.492645e+01,2.510060e+01,2.511399e+01,2.513406e+01,2.513406e+01,2.504705e+01,2.502026e+01,2.497337e+01,2.477216e+01,2.468484e+01,2.448308e+01,2.428092e+01,2.427417e+01,2.411891e+01,2.398371e+01,2.384155e+01,2.368564e+01,2.363814e+01,2.346153e+01,2.364493e+01,2.346153e+01,2.341393e+01,2.334589e+01,2.325737e+01,2.343433e+01,2.330504e+01,2.337311e+01,2.331185e+01,2.320967e+01,2.326418e+01,2.333908e+01,2.324374e+01,2.331185e+01,2.320286e+01,2.324374e+01,2.327780e+01,2.322330e+01,2.312786e+01,2.325737e+01,2.326418e+01,2.327099e+01,2.328461e+01,2.313468e+01,2.322330e+01,2.323012e+01,2.325056e+01,2.318241e+01,2.345473e+01,2.347513e+01,2.342753e+01,2.346153e+01,2.348192e+01,2.353629e+01,2.355667e+01,2.352949e+01,2.354308e+01,2.350911e+01,2.357704e+01,2.357025e+01,2.363814e+01,2.360420e+01,2.380768e+01,2.359741e+01,2.365850e+01,2.388219e+01,2.378735e+01,2.392281e+01,2.383478e+01,2.390927e+01,2.394311e+01,2.401076e+01,2.405133e+01,2.401752e+01,2.403781e+01,2.406485e+01,2.413242e+01,2.406485e+01,2.415943e+01,2.425393e+01,2.422694e+01,2.398371e+01,2.413242e+01,2.413242e+01,2.401076e+01,2.403105e+01,2.392958e+01,2.407161e+01,2.374668e+01,2.375346e+01,2.372634e+01,2.382801e+01,2.393634e+01,2.383478e+01,2.385510e+01,2.393634e+01,2.379413e+01,2.387542e+01,2.384155e+01,2.394311e+01,2.390250e+01,2.390250e+01,2.386865e+01,2.388896e+01,2.381446e+01,2.369921e+01,2.367886e+01,2.366529e+01,2.340713e+01,2.348192e+01,2.354987e+01,2.361778e+01,2.359741e+01,2.344793e+01,2.360420e+01,2.354987e+01,2.352949e+01,2.346153e+01,2.345473e+01,2.348872e+01,2.377380e+01,2.352949e+01,2.355667e+01,2.337991e+01,2.353629e+01,2.350231e+01,2.359741e+01,2.357704e+01,2.349552e+01,2.348872e+01,2.349552e+01,2.345473e+01,2.340713e+01,2.347513e+01,2.347513e+01,2.339352e+01,2.337991e+01,2.336630e+01,2.339352e+01,2.336630e+01,2.348192e+01,2.343433e+01,2.332547e+01,2.340032e+01,2.343433e+01,2.344793e+01,2.333228e+01,2.341393e+01,2.338672e+01,2.338672e+01,2.329142e+01,2.334589e+01,2.329142e+01,2.345473e+01,2.346153e+01,2.328461e+01,2.335950e+01,2.336630e+01,2.335269e+01,2.333908e+01,2.326418e+01,2.331866e+01,2.329142e+01,2.327099e+01,2.328461e+01,2.326418e+01,2.326418e+01,2.326418e+01,2.337311e+01,2.337311e+01,2.319604e+01,2.325737e+01,2.324374e+01,2.331185e+01,2.332547e+01,2.333228e+01,2.327099e+01,2.338672e+01,2.330504e+01,2.323693e+01,2.321649e+01,2.336630e+01,2.339352e+01,2.333908e+01,2.335950e+01,2.332547e+01,2.333908e+01,2.332547e+01,2.346153e+01,2.339352e+01,2.344113e+01,2.331185e+01,2.338672e+01,2.340032e+01,2.337311e+01,2.340032e+01,2.330504e+01,2.339352e+01,2.324374e+01,2.335269e+01,2.337311e+01,2.340032e+01,2.336630e+01,2.344793e+01,2.339352e+01,2.344113e+01,2.342753e+01,2.352270e+01,2.346153e+01,2.337311e+01,2.348872e+01,2.340032e+01,2.339352e+01,2.344113e+01,2.343433e+01,2.337991e+01,2.344113e+01,2.363814e+01,2.344113e+01,2.349552e+01,2.344793e+01,2.352949e+01,2.355667e+01,2.351590e+01,2.352949e+01,2.354987e+01,2.365172e+01,2.343433e+01,2.357025e+01,2.357025e+01,2.357025e+01,2.357025e+01,2.358383e+01,2.356346e+01,2.351590e+01,2.367207e+01,2.350231e+01,2.355667e+01,2.361778e+01,2.363136e+01,2.350911e+01,2.367207e+01,2.366529e+01,2.354987e+01,2.364493e+01,2.369921e+01,2.454365e+01,2.584085e+01,2.703692e+01,2.762669e+01,2.772467e+01,2.788777e+01,2.825871e+01,2.820023e+01,2.821972e+01,2.841452e+01,2.844046e+01,2.843398e+01,2.835612e+01,2.840154e+01,2.842100e+01,2.837559e+01,2.842749e+01,2.827820e+01,2.825221e+01,2.825871e+01,2.825871e+01,2.812220e+01,2.801156e+01,2.794642e+01,2.797248e+01,2.795945e+01,2.779646e+01,2.756786e+01,2.756132e+01,2.750245e+01,2.746319e+01,2.735842e+01,2.718139e+01,2.731911e+01,2.712231e+01,2.711575e+01,2.729944e+01,2.716170e+01,2.706977e+01,2.706320e+01,2.718795e+01,2.704349e+01,2.729944e+01,2.735842e+01,2.706320e+01,2.733876e+01,2.741082e+01,2.743046e+01,2.740427e+01,2.742391e+01,2.739117e+01,2.725355e+01,2.743701e+01,2.727322e+01,2.724043e+01,2.716826e+01,2.735842e+01,2.745665e+01,2.754824e+01,2.748937e+01,2.750245e+01,2.762015e+01,2.758747e+01,2.755478e+01,2.758093e+01,2.761362e+01,2.765282e+01,2.773120e+01,2.763322e+01,2.782256e+01,2.778994e+01,2.786169e+01,2.777689e+01,2.774425e+01,2.771161e+01,2.761362e+01,2.751554e+01,2.759401e+01,2.744355e+01,2.735187e+01,2.743046e+01,2.741082e+01,2.736497e+01,2.735187e+01,2.714857e+01,2.704349e+01,2.706320e+01,2.697119e+01,2.673422e+01,2.636456e+01,2.617261e+01,2.610634e+01,2.593385e+01,2.590065e+01,2.597368e+01,2.590065e+01,2.583421e+01,2.600686e+01,2.590065e+01,2.589401e+01,2.575443e+01,2.574778e+01,2.573447e+01,2.568124e+01,2.578103e+01,2.589401e+01,2.597368e+01,2.600023e+01,2.588072e+01,2.592057e+01,2.600686e+01,2.598696e+01,2.599359e+01,2.599359e+01,2.605993e+01,2.595377e+01,2.578768e+01,2.580097e+01,2.594049e+01,2.594713e+01,2.588072e+01,2.578103e+01,2.551472e+01,2.512068e+01,2.518088e+01,2.491305e+01,2.487952e+01,2.473858e+01,2.444268e+01,2.450327e+01,2.438205e+01,2.437531e+01,2.429441e+01,2.403105e+01,2.385510e+01,2.381446e+01,2.352270e+01,2.357704e+01,2.354987e+01,2.350231e+01,2.352270e+01,2.331866e+01,2.330504e+01,2.337991e+01,2.323693e+01,2.323693e+01,2.327099e+01,2.333908e+01,2.318241e+01,2.333228e+01,2.321649e+01,2.340032e+01,2.342073e+01,2.323693e+01,2.335950e+01,2.345473e+01,2.331185e+01,2.346153e+01,2.345473e+01,2.348192e+01,2.352949e+01,2.352270e+01,2.351590e+01,2.365172e+01,2.369921e+01,2.376024e+01,2.386187e+01,2.378735e+01,2.368564e+01,2.373312e+01,2.390250e+01,2.414593e+01,2.403105e+01,2.411215e+01,2.409188e+01,2.394988e+01,2.390250e+01,2.402428e+01,2.397694e+01,2.395664e+01,2.390250e+01,2.394311e+01,2.405809e+01,2.386187e+01,2.388896e+01,2.389573e+01,2.391604e+01,2.401076e+01,2.399047e+01,2.398371e+01,2.403105e+01,2.404457e+01,2.384833e+01,2.388896e+01,2.400400e+01,2.399047e+01,2.384155e+01,2.385510e+01,2.402428e+01,2.369921e+01,2.369921e+01,2.375346e+01,2.372634e+01,2.359062e+01,2.370599e+01,2.351590e+01,2.361778e+01,2.348872e+01,2.356346e+01,2.331185e+01,2.327099e+01,2.329823e+01,2.331866e+01,2.329823e+01,2.339352e+01,2.327780e+01,2.328461e+01,2.325737e+01,2.316877e+01,2.325056e+01,2.322330e+01,2.323012e+01,2.330504e+01,2.316195e+01,2.314150e+01,2.308693e+01,2.307328e+01,2.301184e+01,2.308693e+01,2.301184e+01,2.279310e+01
2.542802e+01,2.541468e+01,2.574113e+01,2.582092e+01,2.584085e+01,2.578768e+01,2.583421e+01,2.560800e+01,2.583421e+01,2.586079e+01,2.580762e+01,2.575443e+01,2.587408e+01,2.586079e+01,2.582756e+01,2.570786e+01,2.599359e+01,2.591393e+01,2.575443e+01,2.595377e+01,2.558136e+01,2.587408e+01,2.590729e+01,2.590729e+01,2.588072e+01,2.588736e+01,2.579433e+01,2.599359e+01,2.586079e+01,2.592057e+01,2.585415e+01,2.617261e+01,2.604004e+01,2.590065e+01,2.603340e+01,2.607319e+01,2.604667e+01,2.606656e+01,2.604004e+01,2.612623e+01,2.599359e+01,2.609309e+01,2.609309e+01,2.611960e+01,2.600686e+01,2.596704e+01,2.611960e+01,2.610634e+01,2.600686e+01,2.606656e+01,2.609971e+01,2.607982e+01,2.602013e+01,2.601350e+01,2.611960e+01,2.599359e+01,2.607982e+01,2.602677e+01,2.594713e+01,2.598032e+01,2.572117e+01,2.569455e+01,2.556137e+01,2.540133e+01,2.536796e+01,2.556804e+01,2.524773e+01,2.531454e+01,2.517419e+01,2.502696e+01,2.520094e+01,2.514075e+01,2.486610e+01,2.508052e+01,2.487281e+01,2.475873e+01,2.470500e+01,2.464452e+01,2.469828e+01,2.450327e+01,2.445614e+01,2.447635e+01,2.449654e+01,2.427417e+01,2.428766e+01,2.419994e+01,2.424719e+01,2.402428e+01,2.396341e+01,2.394311e+01,2.387542e+01,2.383478e+01,2.363814e+01,2.360420e+01,2.348872e+01,2.350911e+01,2.346153e+01,2.364493e+01,2.328461e+01,2.328461e+01,2.326418e+01,2.325737e+01,2.325056e+01,2.320286e+01,2.331185e+01,2.310057e+01,2.314150e+01,2.323693e+01,2.312786e+01,2.318923e+01,2.303232e+01,2.301184e+01,2.305280e+01,2.293670e+01,2.295720e+01,2.290937e+01,2.282047e+01,2.284783e+01,2.284783e+01,2.297086e+01,2.275888e+01,2.296403e+01,2.295037e+01,2.276573e+01,2.273150e+01,2.292987e+01,2.304598e+01,2.302550e+01,2.306645e+01,2.303232e+01,2.297769e+01,2.305963e+01,2.295037e+01,2.295720e+01,2.295037e+01,2.273835e+01,2.277942e+01,2.278626e+01,2.277257e+01,2.275888e+01,2.253275e+01,2.268356e+01,2.270411e+01,2.248471e+01,2.250530e+01,2.252588e+01,2.284099e+01,2.295720e+01,2.301184e+01,2.305963e+01,2.292303e+01,2.318923e+01,2.315514e+01,2.333908e+01,2.334589e+01,2.357025e+01,2.371277e+01,2.387542e+01,2.404457e+01,2.417294e+01,2.421344e+01,2.437531e+01,2.453692e+01,2.452346e+01,2.480572e+01,2.498677e+01,2.498007e+01,2.510060e+01,2.504705e+01,2.501357e+01,2.478558e+01,2.451673e+01,2.451000e+01,2.428766e+01,2.437531e+01,2.420670e+01,2.415268e+01,2.411215e+01,2.380768e+01,2.379413e+01,2.373990e+01,2.364493e+01,2.348872e+01,2.346833e+01,2.340713e+01,2.342073e+01,2.341393e+01,2.339352e+01,2.330504e+01,2.329142e+01,2.330504e+01,2.329142e+01,2.336630e+01,2.333908e+01,2.324374e+01,2.322330e+01,2.319604e+01,2.321649e+01,2.317559e+01,2.329142e+01,2.327099e+01,2.333908e+01,2.327780e+01,2.327780e+01,2.330504e+01,2.332547e+01,2.323693e+01,2.333908e+01,2.320286e+01,2.332547e+01,2.342073e+01,2.342073e+01,2.348192e+01,2.342073e+01,2.340713e+01,2.342753e+01,2.357704e+01,2.354308e+01,2.352949e+01,2.358383e+01,2.355667e+01,2.358383e+01,2.376702e+01,2.374668e+01,2.372634e+01,2.364493e+01,2.377380e+01,2.378735e+01,2.393634e+01,2.381446e+01,2.383478e+01,2.386187e+01,2.392958e+01,2.404457e+01,2.393634e+01,2.399047e+01,2.403781e+01,2.405809e+01,2.405133e+01,2.413242e+01,2.412566e+01,2.414593e+01,2.430790e+01,2.415268e+01,2.413242e+01,2.404457e+01,2.410540e+01,2.389573e+01,2.380768e+01,2.389573e+01,2.375346e+01,2.381446e+01,2.377380e+01,2.371956e+01,2.378057e+01,2.378735e+01,2.377380e+01,2.377380e+01,2.378057e+01,2.383478e+01,2.384155e+01,2.390927e+01,2.391604e+01,2.392958e+01,2.385510e+01,2.387542e+01,2.381446e+01,2.368564e+01,2.369242e+01,2.370599e+01,2.363136e+01,2.352949e+01,2.362457e+01,2.362457e+01,2.357025e+01,2.355667e+01,2.350911e+01,2.352270e+01,2.349552e+01,2.350231e+01,2.350911e+01,2.347513e+01,2.346833e+01,2.349552e+01,2.354308e+01,2.354308e+01,2.349552e+01,2.353629e+01,2.345473e+01,2.352949e+01,2.355667e+01,2.354308e+01,2.352949e+01,2.346153e+01,2.348192e+01,2.347513e+01,2.340032e+01,2.350231e+01,2.349552e+01,2.342073e+01,2.338672e+01,2.348872e+01,2.335950e+01,2.335269e+01,2.343433e+01,2.335950e+01,2.343433e+01,2.342073e+01,2.346833e+01,2.340032e+01,2.336630e+01,2.325737e+01,2.326418e+01,2.338672e+01,2.336630e+01,2.333228e+01,2.327099e+01,2.338672e+01,2.343433e+01,2.331866e+01,2.332547e+01,2.331866e+01,2.332547e+01,2.333228e+01,2.329823e+01,2.329823e+01,2.325056e+01,2.323693e+01,2.327780e+01,2.325737e+01,2.331185e+01,2.331866e+01,2.321649e+01,2.341393e+01,2.320967e+01,2.335269e+01,2.331185e+01,2.334589e+01,2.325737e+01,2.326418e+01,2.328461e+01,2.329142e+01,2.330504e+01,2.340713e+01,2.333908e+01,2.329823e+01,2.335269e+01,2.328461e+01,2.333228e+01,2.332547e+01,2.333228e+01,2.345473e+01,2.327780e+01,2.337991e+01,2.329823e+01,2.346153e+01,2.342753e+01,2.344793e+01,2.339352e+01,2.345473e+01,2.330504e+01,2.341393e+01,2.331185e+01,2.344113e+01,2.342753e+01,2.341393e+01,2.346153e+01,2.342073e+01,2.348192e+01,2.348872e+01,2.339352e+01,2.348872e+01,2.346833e+01,2.333228e+01,2.346153e+01,2.348872e+01,2.342073e+01,2.357704e+01,2.348192e+01,2.348872e+01,2.348872e+01,2.348192e+01,2.348192e+01,2.349552e+01,2.356346e+01,2.350231e+01,2.356346e+01,2.359741e+01,2.358383e+01,2.361099e+01,2.351590e+01,2.352949e+01,2.358383e+01,2.352270e+01,2.348872e+01,2.357025e+01,2.353629e+01,2.357704e+01,2.367207e+01,2.357025e+01,2.355667e+01,2.356346e+01,2.359062e+01,2.361099e+01,2.374668e+01,2.364493e+01,2.373312e+01,2.374668e+01,2.386865e+01,2.432138e+01,2.583421e+01,2.701064e+01,2.745010e+01,2.786169e+01,2.798551e+01,2.803109e+01,2.807014e+01,2.825871e+01,2.823922e+01,2.836910e+01,2.833015e+01,2.840803e+01,2.838857e+01,2.834962e+01,2.848585e+01,2.827820e+01,2.836261e+01,2.822622e+01,2.825221e+01,2.824572e+01,2.805713e+01,2.792687e+01,2.782908e+01,2.790080e+01,2.777036e+01,2.765282e+01,2.751554e+01,2.727978e+01,2.727322e+01,2.743046e+01,2.729944e+01,2.724043e+01,2.713544e+01,2.708291e+01,2.710918e+01,2.720763e+01,2.691200e+01,2.688568e+01,2.685936e+01,2.695147e+01,2.706320e+01,2.695147e+01,2.714201e+01,2.714201e+01,2.731255e+01,2.745665e+01,2.737152e+01,2.745010e+01,2.727322e+01,2.744355e+01,2.733221e+01,2.726666e+01,2.729944e+01,2.727978e+01,2.737152e+01,2.733221e+01,2.737152e+01,2.740427e+01,2.753516e+01,2.750900e+01,2.739117e+01,2.757440e+01,2.756786e+01,2.754824e+01,2.748282e+01,2.760055e+01,2.777689e+01,2.770508e+01,2.777036e+01,2.763322e+01,2.780951e+01,2.793991e+01,2.765936e+01,2.767242e+01,2.762015e+01,2.763976e+01,2.754170e+01,2.748282e+01,2.736497e+01,2.754170e+01,2.741082e+01,2.738462e+01,2.727978e+01,2.722075e+01,2.712888e+01,2.709605e+01,2.679352e+01,2.674081e+01,2.674740e+01,2.633810e+01,2.602013e+01,2.609971e+01,2.594049e+01,2.586079e+01,2.591393e+01,2.585415e+01,2.588072e+01,2.596041e+01,2.607982e+01,2.578768e+01,2.613948e+01,2.605330e+01,2.598696e+01,2.599359e+01,2.598696e+01,2.606656e+01,2.604004e+01,2.600686e+01,2.605330e+01,2.600023e+01,2.607982e+01,2.621898e+01,2.615274e+01,2.623884e+01,2.600686e+01,2.596041e+01,2.596704e+01,2.596041e+01,2.597368e+01,2.577438e+01,2.574113e+01,2.552805e+01,2.537464e+01,2.510060e+01,2.517419e+01,2.491975e+01,2.487952e+01,2.469156e+01,2.468484e+01,2.447635e+01,2.436183e+01,2.432812e+01,2.413242e+01,2.407161e+01,2.387542e+01,2.369921e+01,2.386187e+01,2.350231e+01,2.355667e+01,2.357025e+01,2.341393e+01,2.328461e+01,2.324374e+01,2.325056e+01,2.325737e+01,2.329142e+01,2.316195e+01,2.319604e+01,2.326418e+01,2.328461e+01,2.326418e+01,2.319604e+01,2.323012e+01,2.334589e+01,2.323012e+01,2.334589e+01,2.323693e+01,2.346153e+01,2.348872e+01,2.345473e+01,2.348192e+01,2.363136e+01,2.382123e+01,2.368564e+01,2.369242e+01,2.385510e+01,2.350231e+01,2.361778e+01,2.380091e+01,2.378057e+01,2.392281e+01,2.403105e+01,2.397694e+01,2.392958e+01,2.391604e+01,2.396341e+01,2.389573e+01,2.393634e+01,2.390250e+01,2.373990e+01,2.380091e+01,2.384155e+01,2.389573e+01,2.392958e+01,2.388896e+01,2.388896e+01,2.388896e+01,2.395664e+01,2.403781e+01,2.387542e+01,2.395664e+01,2.384155e+01,2.386865e+01,2.397018e+01,2.387542e+01,2.380091e+01,2.395664e+01,2.388896e+01,2.391604e+01,2.393634e+01,2.387542e+01,2.380091e+01,2.369921e+01,2.371277e+01,2.363814e+01,2.380091e+01,2.366529e+01,2.363136e+01,2.357704e+01,2.347513e+01,2.329142e+01,2.339352e+01,2.326418e+01,2.352949e+01,2.331185e+01,2.338672e+01,2.334589e+01,2.333228e+01,2.331866e+01,2.329823e+01,2.316195e+01,2.319604e+01,2.319604e+01,2.320286e+01,2.316195e+01,2.307328e+01,2.314832e+01,2.309375e+01,2.308693e+01,2.286151e+01
2.520763e+01,2.546138e+01,2.558136e+01,2.561466e+01,2.578103e+01,2.580097e+01,2.569455e+01,2.564130e+01,2.563464e+01,2.582756e+01,2.567459e+01,2.593385e+01,2.587408e+01,2.590065e+01,2.576108e+01,2.585415e+01,2.587408e+01,2.561466e+01,2.585415e+01,2.574113e+01,2.584750e+01,2.578768e+01,2.586743e+01,2.567459e+01,2.588072e+01,2.586743e+01,2.586743e+01,2.584085e+01,2.596704e+01,2.592721e+01,2.605330e+01,2.602013e+01,2.599359e+01,2.592721e+01,2.604667e+01,2.619248e+01,2.597368e+01,2.596704e+01,2.602013e+01,2.600023e+01,2.592721e+01,2.592721e+01,2.594049e+01,2.612623e+01,2.592057e+01,2.592721e+01,2.614611e+01,2.606656e+01,2.603340e+01,2.605993e+01,2.607982e+01,2.600686e+01,2.614611e+01,2.602677e+01,2.633810e+01,2.612623e+01,2.597368e+01,2.600686e+01,2.592721e+01,2.575443e+01,2.572782e+01,2.562132e+01,2.570121e+01,2.542135e+01,2.556137e+01,2.526778e+01,2.525442e+01,2.522100e+01,2.520094e+01,2.506044e+01,2.502026e+01,2.495997e+01,2.488622e+01,2.486610e+01,2.487952e+01,2.473187e+01,2.481243e+01,2.471172e+01,2.461091e+01,2.457056e+01,2.459746e+01,2.438878e+01,2.440900e+01,2.445614e+01,2.446288e+01,2.425393e+01,2.415943e+01,2.409188e+01,2.411215e+01,2.390927e+01,2.389573e+01,2.375346e+01,2.367207e+01,2.361778e+01,2.361778e+01,2.357704e+01,2.337311e+01,2.333228e+01,2.329823e+01,2.342073e+01,2.327780e+01,2.322330e+01,2.312786e+01,2.322330e+01,2.309375e+01,2.311422e+01,2.316877e+01,2.321649e+01,2.301867e+01,2.295037e+01,2.295720e+01,2.300501e+01,2.301184e+01,2.298452e+01,2.291620e+01,2.295037e+01,2.284099e+01,2.274519e+01,2.282047e+01,2.274519e+01,2.266301e+01,2.273150e+01,2.261503e+01,2.257390e+01,2.269726e+01,2.276573e+01,2.275888e+01,2.275204e+01,2.299135e+01,2.297769e+01,2.290937e+01,2.276573e+01,2.289569e+01,2.266301e+01,2.271780e+01,2.266986e+01,2.261503e+01,2.258076e+01,2.255332e+01,2.268356e+01,2.249844e+01,2.250530e+01,2.260132e+01,2.257390e+01,2.275204e+01,2.285467e+01,2.288886e+01,2.288886e+01,2.304598e+01,2.307328e+01,2.318241e+01,2.322330e+01,2.319604e+01,2.328461e+01,2.332547e+01,2.356346e+01,2.357704e+01,2.359741e+01,2.376024e+01,2.386865e+01,2.392281e+01,2.409864e+01,2.415943e+01,2.418644e+01,2.453019e+01,2.453019e+01,2.456383e+01,2.454365e+01,2.448308e+01,2.451673e+01,2.428766e+01,2.429441e+01,2.408512e+01,2.401076e+01,2.399047e+01,2.390927e+01,2.399047e+01,2.382801e+01,2.384833e+01,2.356346e+01,2.360420e+01,2.353629e+01,2.358383e+01,2.352270e+01,2.343433e+01,2.340032e+01,2.340713e+01,2.333908e+01,2.337311e+01,2.335269e+01,2.329823e+01,2.331866e+01,2.333228e+01,2.325056e+01,2.320967e+01,2.325737e+01,2.322330e+01,2.322330e+01,2.325737e+01,2.327099e+01,2.328461e+01,2.325056e+01,2.315514e+01,2.321649e+01,2.322330e+01,2.328461e+01,2.323012e+01,2.342073e+01,2.333908e+01,2.344113e+01,2.342753e+01,2.333908e+01,2.350231e+01,2.348872e+01,2.354308e+01,2.355667e+01,2.350911e+01,2.354987e+01,2.358383e+01,2.360420e+01,2.352270e+01,2.353629e+01,2.365850e+01,2.359062e+01,2.373312e+01,2.376702e+01,2.380768e+01,2.382801e+01,2.389573e+01,2.396341e+01,2.393634e+01,2.399047e+01,2.392958e+01,2.399047e+01,2.394311e+01,2.401076e+01,2.401076e+01,2.398371e+01,2.403105e+01,2.405133e+01,2.406485e+01,2.412566e+01,2.407161e+01,2.394311e+01,2.394311e+01,2.393634e+01,2.389573e+01,2.390927e+01,2.372634e+01,2.378735e+01,2.384155e+01,2.371277e+01,2.365850e+01,2.370599e+01,2.348872e+01,2.363136e+01,2.367886e+01,2.376702e+01,2.380091e+01,2.379413e+01,2.378057e+01,2.373990e+01,2.385510e+01,2.377380e+01,2.371956e+01,2.386187e+01,2.385510e+01,2.371277e+01,2.370599e+01,2.364493e+01,2.369242e+01,2.346833e+01,2.366529e+01,2.360420e+01,2.356346e+01,2.355667e+01,2.356346e+01,2.337311e+01,2.350231e+01,2.353629e+01,2.349552e+01,2.349552e+01,2.346833e+01,2.346833e+01,2.340032e+01,2.347513e+01,2.342753e+01,2.340713e+01,2.348192e+01,2.350231e+01,2.341393e+01,2.334589e+01,2.347513e+01,2.346153e+01,2.343433e+01,2.349552e+01,2.346153e+01,2.340032e+01,2.346833e+01,2.345473e+01,2.340713e+01,2.340032e+01,2.332547e+01,2.333228e+01,2.335950e+01,2.348872e+01,2.348872e+01,2.345473e+01,2.341393e+01,2.340713e+01,2.335269e+01,2.331185e+01,2.335269e+01,2.330504e+01,2.327099e+01,2.329142e+01,2.329823e+01,2.325737e+01,2.329823e+01,2.329823e+01,2.335269e+01,2.332547e+01,2.331866e+01,2.324374e+01,2.322330e+01,2.333228e+01,2.328461e+01,2.325056e+01,2.329142e+01,2.326418e+01,2.331185e+01,2.325056e+01,2.327780e+01,2.328461e+01,2.340713e+01,2.331866e+01,2.332547e+01,2.328461e+01,2.333228e+01,2.327099e+01,2.329142e+01,2.328461e+01,2.330504e+01,2.333908e+01,2.322330e+01,2.337311e+01,2.333228e+01,2.340032e+01,2.341393e+01,2.332547e+01,2.340713e+01,2.335950e+01,2.327099e+01,2.329823e+01,2.342073e+01,2.341393e+01,2.331866e+01,2.339352e+01,2.337311e+01,2.332547e+01,2.337991e+01,2.336630e+01,2.347513e+01,2.345473e+01,2.334589e+01,2.337991e+01,2.335950e+01,2.347513e+01,2.349552e+01,2.345473e+01,2.342753e+01,2.346833e+01,2.350911e+01,2.350231e+01,2.349552e+01,2.339352e+01,2.350911e+01,2.340713e+01,2.348872e+01,2.344793e+01,2.342753e+01,2.352270e+01,2.350231e+01,2.350911e+01,2.350231e+01,2.357025e+01,2.348872e+01,2.354308e+01,2.359741e+01,2.360420e+01,2.359062e+01,2.359062e+01,2.350911e+01,2.360420e+01,2.357025e+01,2.354987e+01,2.352270e+01,2.363136e+01,2.355667e+01,2.362457e+01,2.352270e+01,2.359741e+01,2.359062e+01,2.364493e+01,2.365172e+01,2.363136e+01,2.371277e+01,2.359062e+01,2.370599e+01,2.431464e+01,2.550139e+01,2.672763e+01,2.726011e+01,2.762015e+01,2.784865e+01,2.800504e+01,2.801807e+01,2.812870e+01,2.820673e+01,2.845992e+01,2.834962e+01,2.836261e+01,2.838208e+01,2.839505e+01,2.837559e+01,2.837559e+01,2.827820e+01,2.824572e+01,2.810919e+01,2.811569e+01,2.812870e+01,2.803109e+01,2.796597e+01,2.775078e+01,2.780299e+01,2.762669e+01,2.739772e+01,2.731255e+01,2.714857e+01,2.728633e+01,2.713544e+01,2.712888e+01,2.714857e+01,2.699092e+01,2.691200e+01,2.674740e+01,2.691200e+01,2.681986e+01,2.672104e+01,2.676058e+01,2.693831e+01,2.701721e+01,2.700406e+01,2.695804e+01,2.719451e+01,2.736497e+01,2.738462e+01,2.736497e+01,2.736497e+01,2.724043e+01,2.722731e+01,2.718139e+01,2.721420e+01,2.723387e+01,2.728633e+01,2.719451e+01,2.742391e+01,2.742391e+01,2.738462e+01,2.738462e+01,2.734532e+01,2.760055e+01,2.750245e+01,2.754824e+01,2.758747e+01,2.757440e+01,2.762015e+01,2.766589e+01,2.769855e+01,2.786169e+01,2.771814e+01,2.766589e+01,2.758093e+01,2.756132e+01,2.770508e+01,2.763322e+01,2.754824e+01,2.758093e+01,2.741737e+01,2.740427e+01,2.737807e+01,2.718795e+01,2.741737e+01,2.722731e+01,2.719451e+01,2.703692e+01,2.685936e+01,2.687910e+01,2.668149e+01,2.640422e+01,2.612623e+01,2.572117e+01,2.570786e+01,2.581427e+01,2.585415e+01,2.584750e+01,2.592057e+01,2.606656e+01,2.594713e+01,2.613286e+01,2.624546e+01,2.614611e+01,2.615274e+01,2.619911e+01,2.604667e+01,2.621235e+01,2.617924e+01,2.615274e+01,2.623222e+01,2.613948e+01,2.619911e+01,2.619911e+01,2.625870e+01,2.609971e+01,2.627194e+01,2.605330e+01,2.604667e+01,2.611960e+01,2.611297e+01,2.596704e+01,2.579433e+01,2.562132e+01,2.553472e+01,2.529451e+01,2.514075e+01,2.501357e+01,2.487952e+01,2.478558e+01,2.490634e+01,2.447635e+01,2.446961e+01,2.432812e+01,2.405133e+01,2.398371e+01,2.391604e+01,2.390927e+01,2.371956e+01,2.362457e+01,2.373312e+01,2.358383e+01,2.336630e+01,2.346153e+01,2.331866e+01,2.326418e+01,2.331866e+01,2.327780e+01,2.322330e+01,2.320967e+01,2.323012e+01,2.322330e+01,2.327099e+01,2.316877e+01,2.318241e+01,2.329142e+01,2.329142e+01,2.328461e+01,2.328461e+01,2.327099e+01,2.325737e+01,2.346833e+01,2.350231e+01,2.348872e+01,2.357704e+01,2.370599e+01,2.369921e+01,2.378735e+01,2.358383e+01,2.365850e+01,2.388219e+01,2.386865e+01,2.386865e+01,2.376702e+01,2.388896e+01,2.388896e+01,2.387542e+01,2.388896e+01,2.373312e+01,2.374668e+01,2.392281e+01,2.380768e+01,2.378735e+01,2.390927e+01,2.379413e+01,2.393634e+01,2.390250e+01,2.389573e+01,2.387542e+01,2.405809e+01,2.407161e+01,2.407837e+01,2.399723e+01,2.409188e+01,2.397694e+01,2.407161e+01,2.402428e+01,2.403105e+01,2.390927e+01,2.403105e+01,2.392281e+01,2.384833e+01,2.391604e+01,2.391604e+01,2.367886e+01,2.391604e+01,2.371956e+01,2.369921e+01,2.373312e+01,2.365850e+01,2.343433e+01,2.356346e+01,2.346153e+01,2.350911e+01,2.344793e+01,2.345473e+01,2.344793e+01,2.331185e+01,2.331185e+01,2.341393e+01,2.335269e+01,2.330504e+01,2.346153e+01,2.324374e+01,2.324374e+01,2.321649e+01,2.318241e+01,2.309375e+01,2.306645e+01,2.309375e+01,2.310057e+01,2.307328e+01
2.530787e+01,2.542802e+01,2.546805e+01,2.554138e+01,2.550805e+01,2.550805e+01,2.578103e+01,2.574778e+01,2.562798e+01,2.576773e+01,2.560800e+01,2.576108e+01,2.557470e+01,2.574113e+01,2.564796e+01,2.574113e+01,2.557470e+01,2.577438e+01,2.569455e+01,2.567459e+01,2.579433e+01,2.574113e+01,2.566127e+01,2.568790e+01,2.586079e+01,2.584750e+01,2.583421e+01,2.567459e+01,2.582756e+01,2.575443e+01,2.571451e+01,2.576108e+01,2.582756e+01,2.580762e+01,2.593385e+01,2.600686e+01,2.578103e+01,2.590729e+01,2.599359e+01,2.602013e+01,2.586743e+01,2.601350e+01,2.598032e+01,2.590729e+01,2.593385e+01,2.588736e+01,2.590729e+01,2.611297e+01,2.607319e+01,2.598032e+01,2.605993e+01,2.611960e+01,2.607319e+01,2.609971e+01,2.611297e+01,2.600686e+01,2.596041e+01,2.593385e+01,2.592721e+01,2.564130e+01,2.565462e+01,2.556137e+01,2.540801e+01,2.550139e+01,2.543469e+01,2.519426e+01,2.516751e+01,2.521431e+01,2.502026e+01,2.499347e+01,2.495997e+01,2.500017e+01,2.477216e+01,2.486610e+01,2.488622e+01,2.462436e+01,2.483256e+01,2.460419e+01,2.466469e+01,2.453019e+01,2.441573e+01,2.439552e+01,2.438878e+01,2.438878e+01,2.426743e+01,2.417969e+01,2.423369e+01,2.397694e+01,2.404457e+01,2.394988e+01,2.376024e+01,2.394311e+01,2.370599e+01,2.353629e+01,2.360420e+01,2.354308e+01,2.335950e+01,2.332547e+01,2.337991e+01,2.328461e+01,2.320286e+01,2.318923e+01,2.317559e+01,2.320967e+01,2.310057e+01,2.316877e+01,2.304598e+01,2.316195e+01,2.298452e+01,2.301184e+01,2.303232e+01,2.294353e+01,2.292987e+01,2.292303e+01,2.294353e+01,2.292303e+01,2.295720e+01,2.272465e+01,2.286151e+01,2.285467e+01,2.275204e+01,2.244352e+01,2.252588e+01,2.248471e+01,2.253960e+01,2.243666e+01,2.251216e+01,2.251216e+01,2.290253e+01,2.280679e+01,2.265615e+01,2.283415e+01,2.263560e+01,2.266301e+01,2.254646e+01,2.264930e+01,2.251902e+01,2.257390e+01,2.246412e+01,2.249844e+01,2.240919e+01,2.251902e+01,2.282047e+01,2.271780e+01,2.281363e+01,2.269726e+01,2.279310e+01,2.293670e+01,2.315514e+01,2.318923e+01,2.318923e+01,2.331866e+01,2.327780e+01,2.326418e+01,2.336630e+01,2.346833e+01,2.347513e+01,2.352270e+01,2.361778e+01,2.358383e+01,2.369242e+01,2.385510e+01,2.408512e+01,2.399723e+01,2.403781e+01,2.405809e+01,2.403105e+01,2.423369e+01,2.400400e+01,2.397018e+01,2.400400e+01,2.393634e+01,2.399047e+01,2.399723e+01,2.399047e+01,2.396341e+01,2.365172e+01,2.376024e+01,2.361099e+01,2.353629e+01,2.373990e+01,2.362457e+01,2.353629e+01,2.346833e+01,2.339352e+01,2.342073e+01,2.337311e+01,2.326418e+01,2.328461e+01,2.331185e+01,2.329142e+01,2.329823e+01,2.323693e+01,2.318923e+01,2.318923e+01,2.322330e+01,2.327099e+01,2.327099e+01,2.326418e+01,2.324374e+01,2.318241e+01,2.324374e+01,2.334589e+01,2.326418e+01,2.321649e+01,2.321649e+01,2.323693e+01,2.343433e+01,2.326418e+01,2.334589e+01,2.342073e+01,2.347513e+01,2.353629e+01,2.350911e+01,2.352270e+01,2.361099e+01,2.347513e+01,2.359062e+01,2.352270e+01,2.352270e+01,2.354987e+01,2.352949e+01,2.367886e+01,2.367886e+01,2.368564e+01,2.375346e+01,2.380768e+01,2.385510e+01,2.393634e+01,2.392958e+01,2.395664e+01,2.396341e+01,2.395664e+01,2.397694e+01,2.392281e+01,2.405133e+01,2.402428e+01,2.410540e+01,2.399723e+01,2.399723e+01,2.405809e+01,2.400400e+01,2.408512e+01,2.393634e+01,2.387542e+01,2.390927e+01,2.388219e+01,2.372634e+01,2.386187e+01,2.368564e+01,2.377380e+01,2.361099e+01,2.367886e+01,2.363814e+01,2.364493e+01,2.377380e+01,2.378735e+01,2.371956e+01,2.377380e+01,2.375346e+01,2.370599e+01,2.396341e+01,2.378735e+01,2.382801e+01,2.375346e+01,2.379413e+01,2.367886e+01,2.382801e+01,2.373990e+01,2.347513e+01,2.350231e+01,2.362457e+01,2.357025e+01,2.348192e+01,2.354987e+01,2.352949e+01,2.348872e+01,2.354308e+01,2.348872e+01,2.345473e+01,2.346833e+01,2.346153e+01,2.349552e+01,2.351590e+01,2.352949e+01,2.351590e+01,2.350911e+01,2.333228e+01,2.331185e+01,2.340032e+01,2.332547e+01,2.350911e+01,2.335269e+01,2.337311e+01,2.352949e+01,2.348872e+01,2.343433e+01,2.338672e+01,2.339352e+01,2.340032e+01,2.336630e+01,2.333228e+01,2.342073e+01,2.343433e+01,2.340713e+01,2.330504e+01,2.337311e+01,2.340032e+01,2.330504e+01,2.331866e+01,2.332547e+01,2.335950e+01,2.328461e+01,2.337991e+01,2.333228e+01,2.331185e+01,2.329142e+01,2.324374e+01,2.322330e+01,2.321649e+01,2.329823e+01,2.331866e+01,2.323693e+01,2.330504e+01,2.323012e+01,2.319604e+01,2.329142e+01,2.329142e+01,2.326418e+01,2.327780e+01,2.329823e+01,2.329142e+01,2.329142e+01,2.329823e+01,2.328461e+01,2.333908e+01,2.326418e+01,2.327099e+01,2.329142e+01,2.328461e+01,2.344113e+01,2.338672e+01,2.326418e+01,2.336630e+01,2.337311e+01,2.328461e+01,2.337311e+01,2.334589e+01,2.335269e+01,2.331185e+01,2.346153e+01,2.331185e+01,2.340713e+01,2.339352e+01,2.340713e+01,2.341393e+01,2.327780e+01,2.340032e+01,2.346833e+01,2.336630e+01,2.344793e+01,2.336630e+01,2.337991e+01,2.340032e+01,2.344793e+01,2.325737e+01,2.337991e+01,2.351590e+01,2.349552e+01,2.340713e+01,2.350911e+01,2.354987e+01,2.352270e+01,2.347513e+01,2.347513e+01,2.348872e+01,2.344113e+01,2.346833e+01,2.350231e+01,2.344793e+01,2.349552e+01,2.369921e+01,2.351590e+01,2.351590e+01,2.364493e+01,2.353629e+01,2.356346e+01,2.349552e+01,2.356346e+01,2.353629e+01,2.355667e+01,2.352270e+01,2.361099e+01,2.350911e+01,2.360420e+01,2.362457e+01,2.360420e+01,2.348192e+01,2.360420e+01,2.357025e+01,2.361099e+01,2.361778e+01,2.363814e+01,2.362457e+01,2.363814e+01,2.365850e+01,2.354987e+01,2.376702e+01,2.374668e+01,2.411215e+01,2.552139e+01,2.683302e+01,2.740427e+01,2.767242e+01,2.778994e+01,2.790080e+01,2.804411e+01,2.820673e+01,2.821323e+01,2.827820e+01,2.827170e+01,2.840803e+01,2.830418e+01,2.844695e+01,2.843398e+01,2.827170e+01,2.834962e+01,2.815471e+01,2.814171e+01,2.818723e+01,2.810268e+01,2.796597e+01,2.801156e+01,2.782908e+01,2.752862e+01,2.746974e+01,2.710918e+01,2.716170e+01,2.705006e+01,2.714857e+01,2.712231e+01,2.705663e+01,2.701721e+01,2.687910e+01,2.674740e+01,2.669468e+01,2.672104e+01,2.678693e+01,2.656275e+01,2.672763e+01,2.675399e+01,2.701721e+01,2.677376e+01,2.691858e+01,2.699749e+01,2.729289e+01,2.728633e+01,2.735187e+01,2.721420e+01,2.712888e+01,2.703035e+01,2.715514e+01,2.719451e+01,2.721420e+01,2.726666e+01,2.723387e+01,2.735187e+01,2.748282e+01,2.740427e+01,2.733876e+01,2.730600e+01,2.733876e+01,2.726666e+01,2.745010e+01,2.741082e+01,2.755478e+01,2.739117e+01,2.759401e+01,2.762015e+01,2.752862e+01,2.760055e+01,2.761362e+01,2.765936e+01,2.760055e+01,2.743701e+01,2.754170e+01,2.755478e+01,2.738462e+01,2.751554e+01,2.747628e+01,2.740427e+01,2.747628e+01,2.724043e+01,2.720107e+01,2.729289e+01,2.701064e+01,2.695147e+01,2.680669e+01,2.656935e+01,2.629841e+01,2.598696e+01,2.592057e+01,2.572117e+01,2.576108e+01,2.592721e+01,2.592057e+01,2.609971e+01,2.616599e+01,2.617261e+01,2.627855e+01,2.634472e+01,2.643727e+01,2.643066e+01,2.629841e+01,2.622560e+01,2.619911e+01,2.635133e+01,2.629179e+01,2.622560e+01,2.618586e+01,2.614611e+01,2.622560e+01,2.627855e+01,2.625208e+01,2.621235e+01,2.604004e+01,2.615936e+01,2.622560e+01,2.597368e+01,2.598696e+01,2.566127e+01,2.573447e+01,2.549472e+01,2.529451e+01,2.520763e+01,2.509391e+01,2.487281e+01,2.479230e+01,2.471172e+01,2.471172e+01,2.434835e+01,2.439552e+01,2.422694e+01,2.406485e+01,2.394311e+01,2.386187e+01,2.384833e+01,2.361099e+01,2.358383e+01,2.350231e+01,2.336630e+01,2.345473e+01,2.337311e+01,2.321649e+01,2.313468e+01,2.311422e+01,2.316877e+01,2.320286e+01,2.315514e+01,2.321649e+01,2.327780e+01,2.308693e+01,2.327099e+01,2.346833e+01,2.329823e+01,2.327780e+01,2.328461e+01,2.356346e+01,2.338672e+01,2.329142e+01,2.343433e+01,2.349552e+01,2.354308e+01,2.349552e+01,2.372634e+01,2.368564e+01,2.362457e+01,2.363814e+01,2.362457e+01,2.372634e+01,2.367886e+01,2.369921e+01,2.389573e+01,2.384833e+01,2.355667e+01,2.377380e+01,2.383478e+01,2.371956e+01,2.367886e+01,2.380768e+01,2.378735e+01,2.369921e+01,2.378057e+01,2.386865e+01,2.383478e+01,2.385510e+01,2.386865e+01,2.392281e+01,2.380091e+01,2.394311e+01,2.401076e+01,2.388896e+01,2.401752e+01,2.402428e+01,2.397694e+01,2.394988e+01,2.403781e+01,2.388219e+01,2.403105e+01,2.397018e+01,2.382123e+01,2.387542e+01,2.390927e+01,2.401076e+01,2.390927e+01,2.375346e+01,2.371956e+01,2.361778e+01,2.367886e+01,2.357025e+01,2.360420e+01,2.363136e+01,2.352270e+01,2.335950e+01,2.348872e+01,2.357704e+01,2.347513e+01,2.337311e+01,2.341393e+01,2.338672e+01,2.340713e+01,2.318241e+01,2.323012e+01,2.321649e+01,2.308693e+01,2.305280e+01,2.309375e+01,2.309375e+01,2.303232e+01,2.302550e+01
2.522768e+01,2.524105e+01,2.525442e+01,2.524773e+01,2.552139e+01,2.549472e+01,2.546805e+01,2.555471e+01,2.558136e+01,2.554804e+01,2.550805e+01,2.547471e+01,2.552139e+01,2.556137e+01,2.561466e+01,2.541468e+01,2.563464e+01,2.544137e+01,2.548805e+01,2.551472e+01,2.558136e+01,2.567459e+01,2.557470e+01,2.555471e+01,2.569455e+01,2.553472e+01,2.583421e+01,2.556137e+01,2.568790e+01,2.564796e+01,2.563464e+01,2.581427e+01,2.570121e+01,2.574778e+01,2.573447e+01,2.593385e+01,2.585415e+01,2.603340e+01,2.578768e+01,2.578103e+01,2.581427e+01,2.576773e+01,2.580762e+01,2.584085e+01,2.589401e+01,2.591393e+01,2.600023e+01,2.595377e+01,2.601350e+01,2.597368e+01,2.600023e+01,2.604667e+01,2.602677e+01,2.602013e+01,2.609971e+01,2.596704e+01,2.598032e+01,2.588072e+01,2.586079e+01,2.582756e+01,2.558802e+01,2.566127e+01,2.539466e+01,2.549472e+01,2.520763e+01,2.520763e+01,2.500017e+01,2.514075e+01,2.515413e+01,2.486610e+01,2.485940e+01,2.467813e+01,2.463108e+01,2.466469e+01,2.480572e+01,2.454365e+01,2.461091e+01,2.463780e+01,2.461091e+01,2.442247e+01,2.451673e+01,2.435509e+01,2.434835e+01,2.432812e+01,2.429441e+01,2.417969e+01,2.413917e+01,2.414593e+01,2.397694e+01,2.408512e+01,2.386865e+01,2.394988e+01,2.378735e+01,2.360420e+01,2.356346e+01,2.357025e+01,2.335269e+01,2.331185e+01,2.317559e+01,2.331185e+01,2.326418e+01,2.302550e+01,2.320286e+01,2.310057e+01,2.310739e+01,2.305280e+01,2.314150e+01,2.303915e+01,2.300501e+01,2.293670e+01,2.301184e+01,2.296403e+01,2.296403e+01,2.289569e+01,2.290253e+01,2.292303e+01,2.288886e+01,2.299818e+01,2.295720e+01,2.283415e+01,2.266301e+01,2.264930e+01,2.256018e+01,2.247785e+01,2.253275e+01,2.247785e+01,2.235422e+01,2.240232e+01,2.249158e+01,2.258761e+01,2.270411e+01,2.262874e+01,2.265615e+01,2.263560e+01,2.251902e+01,2.249844e+01,2.245725e+01,2.240232e+01,2.243666e+01,2.242979e+01,2.264245e+01,2.257390e+01,2.282047e+01,2.288886e+01,2.289569e+01,2.316195e+01,2.303232e+01,2.316195e+01,2.316877e+01,2.318241e+01,2.331185e+01,2.320967e+01,2.318923e+01,2.341393e+01,2.337991e+01,2.348872e+01,2.346153e+01,2.342753e+01,2.351590e+01,2.363136e+01,2.362457e+01,2.364493e+01,2.377380e+01,2.375346e+01,2.380768e+01,2.368564e+01,2.377380e+01,2.365172e+01,2.371956e+01,2.365850e+01,2.363136e+01,2.363814e+01,2.357704e+01,2.364493e+01,2.356346e+01,2.372634e+01,2.354987e+01,2.352270e+01,2.345473e+01,2.336630e+01,2.344793e+01,2.340713e+01,2.340713e+01,2.347513e+01,2.342073e+01,2.335950e+01,2.332547e+01,2.331185e+01,2.330504e+01,2.329823e+01,2.324374e+01,2.320286e+01,2.326418e+01,2.331866e+01,2.318241e+01,2.325056e+01,2.320286e+01,2.328461e+01,2.312786e+01,2.325056e+01,2.326418e+01,2.329823e+01,2.335269e+01,2.326418e+01,2.325056e+01,2.327780e+01,2.333228e+01,2.325056e+01,2.322330e+01,2.342073e+01,2.342753e+01,2.348872e+01,2.344113e+01,2.359062e+01,2.364493e+01,2.353629e+01,2.351590e+01,2.363814e+01,2.348872e+01,2.369242e+01,2.369242e+01,2.365850e+01,2.373990e+01,2.371956e+01,2.378057e+01,2.373312e+01,2.375346e+01,2.382123e+01,2.398371e+01,2.397018e+01,2.392958e+01,2.392958e+01,2.396341e+01,2.399047e+01,2.396341e+01,2.401752e+01,2.400400e+01,2.409188e+01,2.402428e+01,2.399047e+01,2.393634e+01,2.379413e+01,2.397694e+01,2.392281e+01,2.367886e+01,2.368564e+01,2.370599e+01,2.371277e+01,2.363814e+01,2.359741e+01,2.357704e+01,2.367207e+01,2.361099e+01,2.364493e+01,2.357025e+01,2.371277e+01,2.378735e+01,2.371956e+01,2.378057e+01,2.369242e+01,2.369242e+01,2.379413e+01,2.364493e+01,2.371956e+01,2.373312e+01,2.372634e+01,2.367886e+01,2.376024e+01,2.369242e+01,2.359741e+01,2.357704e+01,2.350231e+01,2.338672e+01,2.351590e+01,2.349552e+01,2.352949e+01,2.346153e+01,2.346153e+01,2.352949e+01,2.349552e+01,2.349552e+01,2.342753e+01,2.346153e+01,2.346833e+01,2.349552e+01,2.350911e+01,2.344793e+01,2.338672e+01,2.335269e+01,2.334589e+01,2.341393e+01,2.346153e+01,2.337311e+01,2.345473e+01,2.344113e+01,2.350231e+01,2.337991e+01,2.337991e+01,2.330504e+01,2.341393e+01,2.337991e+01,2.333908e+01,2.335950e+01,2.337991e+01,2.331185e+01,2.339352e+01,2.335269e+01,2.322330e+01,2.327780e+01,2.331866e+01,2.329823e+01,2.331866e+01,2.340032e+01,2.326418e+01,2.331866e+01,2.333228e+01,2.328461e+01,2.310739e+01,2.327099e+01,2.325056e+01,2.324374e+01,2.322330e+01,2.330504e+01,2.320286e+01,2.323693e+01,2.323693e+01,2.320286e+01,2.318923e+01,2.323693e+01,2.322330e+01,2.328461e+01,2.329142e+01,2.309375e+01,2.331866e+01,2.325737e+01,2.328461e+01,2.332547e+01,2.329142e+01,2.331866e+01,2.331185e+01,2.329823e+01,2.331185e+01,2.323012e+01,2.330504e+01,2.332547e+01,2.335950e+01,2.335950e+01,2.337311e+01,2.328461e+01,2.334589e+01,2.331866e+01,2.334589e+01,2.337991e+01,2.337991e+01,2.330504e+01,2.343433e+01,2.341393e+01,2.342753e+01,2.344113e+01,2.329823e+01,2.338672e+01,2.334589e+01,2.344113e+01,2.332547e+01,2.345473e+01,2.350231e+01,2.344793e+01,2.348192e+01,2.339352e+01,2.344793e+01,2.354308e+01,2.344113e+01,2.354987e+01,2.333908e+01,2.347513e+01,2.342753e+01,2.352949e+01,2.341393e+01,2.367207e+01,2.346153e+01,2.344113e+01,2.357025e+01,2.356346e+01,2.354987e+01,2.344793e+01,2.355667e+01,2.352270e+01,2.350911e+01,2.355667e+01,2.348192e+01,2.355667e+01,2.363814e+01,2.363814e+01,2.365172e+01,2.363136e+01,2.349552e+01,2.361099e+01,2.357704e+01,2.358383e+01,2.358383e+01,2.376702e+01,2.359741e+01,2.359741e+01,2.359741e+01,2.364493e+01,2.371277e+01,2.361778e+01,2.377380e+01,2.372634e+01,2.406485e+01,2.533458e+01,2.667490e+01,2.720763e+01,2.784865e+01,2.786169e+01,2.803760e+01,2.798551e+01,2.805713e+01,2.827820e+01,2.816122e+01,2.821972e+01,2.833015e+01,2.823922e+01,2.836261e+01,2.837559e+01,2.834313e+01,2.814821e+01,2.831717e+01,2.815471e+01,2.808967e+01,2.813520e+01,2.799202e+01,2.763976e+01,2.763976e+01,2.744355e+01,2.730600e+01,2.727322e+01,2.700406e+01,2.680010e+01,2.700406e+01,2.681327e+01,2.674081e+01,2.677376e+01,2.672763e+01,2.652975e+01,2.656935e+01,2.646370e+01,2.655615e+01,2.644388e+01,2.666171e+01,2.654955e+01,2.682644e+01,2.678034e+01,2.693173e+01,2.697777e+01,2.723387e+01,2.722731e+01,2.722731e+01,2.699092e+01,2.698434e+01,2.699749e+01,2.687910e+01,2.714857e+01,2.718795e+01,2.728633e+01,2.713544e+01,2.718795e+01,2.736497e+01,2.731255e+01,2.733221e+01,2.735187e+01,2.730600e+01,2.743046e+01,2.735842e+01,2.741082e+01,2.739772e+01,2.741737e+01,2.751554e+01,2.763322e+01,2.756132e+01,2.758093e+01,2.740427e+01,2.753516e+01,2.762015e+01,2.758747e+01,2.758747e+01,2.738462e+01,2.756132e+01,2.754824e+01,2.753516e+01,2.750245e+01,2.745665e+01,2.724043e+01,2.716170e+01,2.704349e+01,2.709605e+01,2.683961e+01,2.675399e+01,2.660895e+01,2.617261e+01,2.598032e+01,2.575443e+01,2.568124e+01,2.584750e+01,2.592057e+01,2.607319e+01,2.607982e+01,2.611960e+01,2.628517e+01,2.625208e+01,2.645049e+01,2.643066e+01,2.637778e+01,2.635133e+01,2.632487e+01,2.625208e+01,2.625208e+01,2.620573e+01,2.622560e+01,2.609971e+01,2.622560e+01,2.616599e+01,2.635133e+01,2.627194e+01,2.635133e+01,2.624546e+01,2.609309e+01,2.626532e+01,2.611297e+01,2.594713e+01,2.578103e+01,2.570786e+01,2.550139e+01,2.532790e+01,2.522100e+01,2.519426e+01,2.497337e+01,2.484598e+01,2.475201e+01,2.445614e+01,2.436183e+01,2.432812e+01,2.433487e+01,2.396341e+01,2.393634e+01,2.384833e+01,2.376024e+01,2.365172e+01,2.363814e+01,2.354308e+01,2.339352e+01,2.346833e+01,2.317559e+01,2.318923e+01,2.319604e+01,2.323693e+01,2.323012e+01,2.314832e+01,2.319604e+01,2.304598e+01,2.316877e+01,2.329823e+01,2.318923e+01,2.318241e+01,2.328461e+01,2.329823e+01,2.324374e+01,2.337311e+01,2.340713e+01,2.340032e+01,2.340032e+01,2.348192e+01,2.350231e+01,2.346153e+01,2.363814e+01,2.353629e+01,2.351590e+01,2.354308e+01,2.357704e+01,2.348872e+01,2.367886e+01,2.367207e+01,2.369921e+01,2.361099e+01,2.350911e+01,2.356346e+01,2.354308e+01,2.359741e+01,2.366529e+01,2.367207e+01,2.350911e+01,2.363136e+01,2.373312e+01,2.352949e+01,2.371956e+01,2.389573e+01,2.384155e+01,2.383478e+01,2.399723e+01,2.388896e+01,2.388219e+01,2.396341e+01,2.389573e+01,2.394311e+01,2.398371e+01,2.386187e+01,2.387542e+01,2.381446e+01,2.397018e+01,2.382123e+01,2.388896e+01,2.403781e+01,2.387542e+01,2.388219e+01,2.379413e+01,2.375346e+01,2.375346e+01,2.373990e+01,2.356346e+01,2.358383e+01,2.361099e+01,2.350231e+01,2.350911e+01,2.352949e+01,2.347513e+01,2.348872e+01,2.345473e+01,2.354308e+01,2.342073e+01,2.348192e+01,2.352949e+01,2.318241e+01,2.331185e+01,2.319604e+01,2.320286e+01,2.318241e+01,2.314832e+01,2.303232e+01,2.304598e+01,2.312786e+01
2.512737e+01,2.510060e+01,2.503366e+01,2.517419e+01,2.514744e+01,2.544137e+01,2.546138e+01,2.544137e+01,2.542135e+01,2.536129e+01,2.555471e+01,2.538131e+01,2.539466e+01,2.542135e+01,2.546805e+01,2.544804e+01,2.548138e+01,2.559468e+01,2.540133e+01,2.536129e+01,2.552805e+01,2.548805e+01,2.538131e+01,2.558136e+01,2.553472e+01,2.558136e+01,2.548805e+01,2.549472e+01,2.552139e+01,2.565462e+01,2.548805e+01,2.554138e+01,2.580097e+01,2.565462e+01,2.573447e+01,2.588736e+01,2.584750e+01,2.573447e+01,2.586743e+01,2.578768e+01,2.580762e+01,2.577438e+01,2.590065e+01,2.586743e+01,2.589401e+01,2.586743e+01,2.592057e+01,2.597368e+01,2.594049e+01,2.600023e+01,2.594049e+01,2.605330e+01,2.592057e+01,2.602013e+01,2.602677e+01,2.589401e+01,2.588072e+01,2.564796e+01,2.573447e+01,2.570121e+01,2.545471e+01,2.544804e+01,2.530787e+01,2.522100e+01,2.520094e+01,2.497337e+01,2.499347e+01,2.483256e+01,2.481243e+01,2.485269e+01,2.461091e+01,2.473858e+01,2.476544e+01,2.459073e+01,2.483256e+01,2.457056e+01,2.462436e+01,2.463780e+01,2.462436e+01,2.463780e+01,2.438878e+01,2.445614e+01,2.436183e+01,2.442247e+01,2.429441e+01,2.426743e+01,2.413917e+01,2.422694e+01,2.413242e+01,2.393634e+01,2.390250e+01,2.378735e+01,2.378057e+01,2.367207e+01,2.362457e+01,2.354987e+01,2.337311e+01,2.332547e+01,2.333228e+01,2.317559e+01,2.309375e+01,2.310739e+01,2.311422e+01,2.308010e+01,2.309375e+01,2.297086e+01,2.311422e+01,2.297769e+01,2.305280e+01,2.290253e+01,2.289569e+01,2.302550e+01,2.283415e+01,2.290253e+01,2.302550e+01,2.294353e+01,2.275204e+01,2.293670e+01,2.294353e+01,2.294353e+01,2.267671e+01,2.262189e+01,2.249844e+01,2.243666e+01,2.249844e+01,2.230611e+01,2.242979e+01,2.254646e+01,2.236110e+01,2.235422e+01,2.246412e+01,2.262874e+01,2.262189e+01,2.253275e+01,2.244352e+01,2.254646e+01,2.236797e+01,2.260132e+01,2.240232e+01,2.259447e+01,2.262189e+01,2.285467e+01,2.269726e+01,2.297769e+01,2.295720e+01,2.308693e+01,2.314150e+01,2.316877e+01,2.315514e+01,2.320967e+01,2.327099e+01,2.331866e+01,2.358383e+01,2.342073e+01,2.337311e+01,2.336630e+01,2.347513e+01,2.338672e+01,2.350911e+01,2.362457e+01,2.359741e+01,2.363136e+01,2.363136e+01,2.356346e+01,2.359062e+01,2.350911e+01,2.357704e+01,2.340032e+01,2.363136e+01,2.360420e+01,2.355667e+01,2.357025e+01,2.351590e+01,2.349552e+01,2.360420e+01,2.355667e+01,2.348872e+01,2.355667e+01,2.341393e+01,2.341393e+01,2.354308e+01,2.346153e+01,2.340713e+01,2.340032e+01,2.329142e+01,2.337311e+01,2.338672e+01,2.334589e+01,2.327780e+01,2.323693e+01,2.320286e+01,2.314832e+01,2.322330e+01,2.325737e+01,2.320286e+01,2.322330e+01,2.321649e+01,2.314150e+01,2.312786e+01,2.321649e+01,2.326418e+01,2.327099e+01,2.327780e+01,2.325737e+01,2.332547e+01,2.317559e+01,2.327780e+01,2.343433e+01,2.333908e+01,2.343433e+01,2.344113e+01,2.354987e+01,2.344113e+01,2.355667e+01,2.355667e+01,2.359062e+01,2.359062e+01,2.361778e+01,2.361099e+01,2.350231e+01,2.354987e+01,2.363136e+01,2.371277e+01,2.367886e+01,2.379413e+01,2.380091e+01,2.380768e+01,2.390250e+01,2.391604e+01,2.399047e+01,2.394988e+01,2.399723e+01,2.394988e+01,2.394988e+01,2.403105e+01,2.400400e+01,2.403105e+01,2.403105e+01,2.405133e+01,2.397018e+01,2.397694e+01,2.380768e+01,2.388896e+01,2.390927e+01,2.370599e+01,2.365850e+01,2.363136e+01,2.363136e+01,2.347513e+01,2.366529e+01,2.357704e+01,2.354308e+01,2.362457e+01,2.354308e+01,2.364493e+01,2.371277e+01,2.358383e+01,2.364493e+01,2.368564e+01,2.371277e+01,2.363814e+01,2.362457e+01,2.373312e+01,2.367886e+01,2.369921e+01,2.373312e+01,2.366529e+01,2.367207e+01,2.362457e+01,2.352270e+01,2.351590e+01,2.352270e+01,2.348192e+01,2.348192e+01,2.351590e+01,2.339352e+01,2.343433e+01,2.331866e+01,2.344113e+01,2.348872e+01,2.335269e+01,2.333908e+01,2.344793e+01,2.343433e+01,2.348192e+01,2.342073e+01,2.337991e+01,2.346833e+01,2.337991e+01,2.341393e+01,2.336630e+01,2.331185e+01,2.342753e+01,2.339352e+01,2.352270e+01,2.335950e+01,2.335950e+01,2.335269e+01,2.335950e+01,2.338672e+01,2.333908e+01,2.334589e+01,2.336630e+01,2.336630e+01,2.313468e+01,2.335269e+01,2.334589e+01,2.343433e+01,2.331866e+01,2.328461e+01,2.331866e+01,2.332547e+01,2.336630e+01,2.316195e+01,2.329823e+01,2.333228e+01,2.325737e+01,2.320967e+01,2.320286e+01,2.327099e+01,2.319604e+01,2.329823e+01,2.329142e+01,2.324374e+01,2.329823e+01,2.325056e+01,2.321649e+01,2.330504e+01,2.323012e+01,2.320286e+01,2.329823e+01,2.330504e+01,2.331185e+01,2.327780e+01,2.325737e+01,2.342753e+01,2.335950e+01,2.333228e+01,2.322330e+01,2.330504e+01,2.337991e+01,2.343433e+01,2.325056e+01,2.327780e+01,2.337311e+01,2.334589e+01,2.333228e+01,2.333908e+01,2.329823e+01,2.333908e+01,2.329823e+01,2.325056e+01,2.340032e+01,2.342753e+01,2.342753e+01,2.332547e+01,2.343433e+01,2.336630e+01,2.334589e+01,2.333908e+01,2.335950e+01,2.333908e+01,2.343433e+01,2.347513e+01,2.349552e+01,2.344113e+01,2.344793e+01,2.350911e+01,2.348872e+01,2.350911e+01,2.357025e+01,2.336630e+01,2.354987e+01,2.354308e+01,2.346153e+01,2.342073e+01,2.348872e+01,2.346153e+01,2.344793e+01,2.341393e+01,2.347513e+01,2.368564e+01,2.348872e+01,2.349552e+01,2.357025e+01,2.357704e+01,2.343433e+01,2.356346e+01,2.350911e+01,2.347513e+01,2.348872e+01,2.363814e+01,2.360420e+01,2.366529e+01,2.350231e+01,2.352949e+01,2.361778e+01,2.361099e+01,2.363814e+01,2.352949e+01,2.362457e+01,2.360420e+01,2.357704e+01,2.365172e+01,2.362457e+01,2.365172e+01,2.379413e+01,2.377380e+01,2.361778e+01,2.409864e+01,2.531454e+01,2.666831e+01,2.720107e+01,2.758093e+01,2.765936e+01,2.788777e+01,2.805062e+01,2.818723e+01,2.820673e+01,2.818723e+01,2.827820e+01,2.849234e+01,2.828469e+01,2.825221e+01,2.826521e+01,2.825871e+01,2.834313e+01,2.812870e+01,2.823922e+01,2.824572e+01,2.798551e+01,2.763976e+01,2.759401e+01,2.759401e+01,2.736497e+01,2.714857e+01,2.697119e+01,2.681986e+01,2.683302e+01,2.682644e+01,2.671445e+01,2.650994e+01,2.658255e+01,2.646370e+01,2.640422e+01,2.654955e+01,2.654955e+01,2.647031e+01,2.652975e+01,2.639761e+01,2.658915e+01,2.643066e+01,2.663533e+01,2.679352e+01,2.674740e+01,2.718795e+01,2.697119e+01,2.708948e+01,2.697777e+01,2.680669e+01,2.692516e+01,2.683302e+01,2.688568e+01,2.708948e+01,2.714201e+01,2.712888e+01,2.725355e+01,2.708948e+01,2.724699e+01,2.697119e+01,2.693831e+01,2.715514e+01,2.714201e+01,2.706977e+01,2.727978e+01,2.735842e+01,2.733876e+01,2.740427e+01,2.743701e+01,2.712888e+01,2.726011e+01,2.739772e+01,2.737152e+01,2.738462e+01,2.736497e+01,2.748937e+01,2.736497e+01,2.755478e+01,2.742391e+01,2.741082e+01,2.734532e+01,2.716170e+01,2.735187e+01,2.728633e+01,2.710918e+01,2.703692e+01,2.697119e+01,2.676058e+01,2.642405e+01,2.619911e+01,2.593385e+01,2.573447e+01,2.560134e+01,2.580097e+01,2.588072e+01,2.596041e+01,2.609971e+01,2.614611e+01,2.624546e+01,2.638439e+01,2.638439e+01,2.641744e+01,2.629179e+01,2.646370e+01,2.637117e+01,2.632487e+01,2.633810e+01,2.637117e+01,2.642405e+01,2.633810e+01,2.622560e+01,2.623222e+01,2.618586e+01,2.635794e+01,2.633810e+01,2.617924e+01,2.613948e+01,2.611960e+01,2.590729e+01,2.589401e+01,2.578768e+01,2.558802e+01,2.531454e+01,2.542135e+01,2.526110e+01,2.518757e+01,2.487281e+01,2.480572e+01,2.473187e+01,2.475201e+01,2.442247e+01,2.442247e+01,2.436857e+01,2.407837e+01,2.401752e+01,2.393634e+01,2.371277e+01,2.371277e+01,2.359062e+01,2.352270e+01,2.337991e+01,2.344113e+01,2.325737e+01,2.314150e+01,2.331185e+01,2.323012e+01,2.311422e+01,2.318241e+01,2.308010e+01,2.326418e+01,2.325056e+01,2.310739e+01,2.337991e+01,2.323693e+01,2.327780e+01,2.329142e+01,2.331185e+01,2.332547e+01,2.335269e+01,2.332547e+01,2.347513e+01,2.348192e+01,2.350911e+01,2.351590e+01,2.343433e+01,2.355667e+01,2.351590e+01,2.352949e+01,2.350911e+01,2.345473e+01,2.340032e+01,2.352270e+01,2.360420e+01,2.351590e+01,2.349552e+01,2.349552e+01,2.361778e+01,2.348872e+01,2.361778e+01,2.358383e+01,2.357025e+01,2.363136e+01,2.374668e+01,2.362457e+01,2.368564e+01,2.376702e+01,2.383478e+01,2.380091e+01,2.387542e+01,2.378057e+01,2.389573e+01,2.397018e+01,2.405133e+01,2.386865e+01,2.386865e+01,2.383478e+01,2.374668e+01,2.376702e+01,2.403105e+01,2.401752e+01,2.399723e+01,2.385510e+01,2.384833e+01,2.396341e+01,2.380091e+01,2.391604e+01,2.372634e+01,2.361778e+01,2.352949e+01,2.357704e+01,2.352949e+01,2.353629e+01,2.349552e+01,2.350231e+01,2.350231e+01,2.346153e+01,2.359741e+01,2.346153e+01,2.353629e+01,2.357025e+01,2.320967e+01,2.346153e+01,2.323012e+01,2.340032e+01,2.322330e+01,2.312104e+01,2.310739e+01,2.294353e+01,2.305280e+01,2.299818e+01
2.506713e+01,2.501357e+01,2.508722e+01,2.503366e+01,2.518088e+01,2.516082e+01,2.516751e+01,2.545471e+01,2.551472e+01,2.540133e+01,2.534126e+01,2.536129e+01,2.538799e+01,2.541468e+01,2.538799e+01,2.527446e+01,2.548805e+01,2.530119e+01,2.540801e+01,2.537464e+01,2.548805e+01,2.528782e+01,2.537464e+01,2.534126e+01,2.558802e+01,2.544804e+01,2.550139e+01,2.555471e+01,2.548138e+01,2.536129e+01,2.550139e+01,2.540801e+01,2.552805e+01,2.540801e+01,2.565462e+01,2.576108e+01,2.560134e+01,2.584085e+01,2.578768e+01,2.563464e+01,2.576108e+01,2.591393e+01,2.574778e+01,2.586079e+01,2.578768e+01,2.580097e+01,2.576773e+01,2.588072e+01,2.592721e+01,2.595377e+01,2.602013e+01,2.585415e+01,2.581427e+01,2.578768e+01,2.578103e+01,2.576773e+01,2.576773e+01,2.564796e+01,2.568790e+01,2.564796e+01,2.556804e+01,2.550139e+01,2.526110e+01,2.517419e+01,2.515413e+01,2.485940e+01,2.474530e+01,2.473187e+01,2.458401e+01,2.456383e+01,2.457056e+01,2.462436e+01,2.459073e+01,2.463780e+01,2.455710e+01,2.455710e+01,2.461763e+01,2.457728e+01,2.462436e+01,2.463108e+01,2.441573e+01,2.442247e+01,2.445614e+01,2.436183e+01,2.426743e+01,2.433487e+01,2.422694e+01,2.417969e+01,2.403781e+01,2.407837e+01,2.399047e+01,2.381446e+01,2.375346e+01,2.370599e+01,2.341393e+01,2.335950e+01,2.337311e+01,2.330504e+01,2.330504e+01,2.302550e+01,2.316195e+01,2.315514e+01,2.299818e+01,2.308010e+01,2.311422e+01,2.301184e+01,2.301184e+01,2.289569e+01,2.301867e+01,2.306645e+01,2.288886e+01,2.278626e+01,2.293670e+01,2.288886e+01,2.299818e+01,2.303915e+01,2.293670e+01,2.294353e+01,2.273150e+01,2.269726e+01,2.249844e+01,2.249158e+01,2.248471e+01,2.251216e+01,2.247098e+01,2.238858e+01,2.249844e+01,2.240232e+01,2.239545e+01,2.234048e+01,2.244352e+01,2.245725e+01,2.236797e+01,2.245039e+01,2.236110e+01,2.256704e+01,2.258761e+01,2.262189e+01,2.259447e+01,2.293670e+01,2.281363e+01,2.286835e+01,2.295720e+01,2.294353e+01,2.321649e+01,2.316195e+01,2.323012e+01,2.329823e+01,2.330504e+01,2.327780e+01,2.333908e+01,2.335269e+01,2.342073e+01,2.362457e+01,2.343433e+01,2.342753e+01,2.349552e+01,2.350231e+01,2.362457e+01,2.348192e+01,2.362457e+01,2.363136e+01,2.356346e+01,2.356346e+01,2.361099e+01,2.358383e+01,2.355667e+01,2.368564e+01,2.358383e+01,2.357704e+01,2.355667e+01,2.362457e+01,2.350911e+01,2.351590e+01,2.347513e+01,2.348872e+01,2.355667e+01,2.344793e+01,2.342073e+01,2.360420e+01,2.346153e+01,2.337991e+01,2.338672e+01,2.333228e+01,2.331866e+01,2.335950e+01,2.329823e+01,2.327780e+01,2.321649e+01,2.317559e+01,2.325737e+01,2.310057e+01,2.311422e+01,2.319604e+01,2.321649e+01,2.323012e+01,2.318241e+01,2.320286e+01,2.316195e+01,2.315514e+01,2.326418e+01,2.318241e+01,2.325737e+01,2.330504e+01,2.321649e+01,2.333908e+01,2.330504e+01,2.323693e+01,2.336630e+01,2.340713e+01,2.342073e+01,2.351590e+01,2.344113e+01,2.352270e+01,2.361778e+01,2.355667e+01,2.367886e+01,2.348872e+01,2.369242e+01,2.367886e+01,2.367207e+01,2.364493e+01,2.369921e+01,2.373312e+01,2.376702e+01,2.373990e+01,2.388896e+01,2.383478e+01,2.396341e+01,2.396341e+01,2.397694e+01,2.397694e+01,2.404457e+01,2.394988e+01,2.405133e+01,2.400400e+01,2.391604e+01,2.393634e+01,2.393634e+01,2.397018e+01,2.394988e+01,2.375346e+01,2.376024e+01,2.370599e+01,2.367886e+01,2.363814e+01,2.363136e+01,2.355667e+01,2.357025e+01,2.359062e+01,2.350231e+01,2.351590e+01,2.356346e+01,2.356346e+01,2.368564e+01,2.367886e+01,2.377380e+01,2.367886e+01,2.370599e+01,2.364493e+01,2.367207e+01,2.360420e+01,2.364493e+01,2.373990e+01,2.368564e+01,2.371956e+01,2.370599e+01,2.364493e+01,2.359062e+01,2.363136e+01,2.345473e+01,2.351590e+01,2.352949e+01,2.349552e+01,2.335950e+01,2.346833e+01,2.336630e+01,2.334589e+01,2.344113e+01,2.341393e+01,2.348192e+01,2.342073e+01,2.325056e+01,2.336630e+01,2.339352e+01,2.337991e+01,2.341393e+01,2.333908e+01,2.344113e+01,2.334589e+01,2.331866e+01,2.338672e+01,2.335269e+01,2.332547e+01,2.332547e+01,2.335950e+01,2.331185e+01,2.342073e+01,2.325737e+01,2.325056e+01,2.335950e+01,2.331866e+01,2.327099e+01,2.328461e+01,2.342753e+01,2.333228e+01,2.340713e+01,2.333228e+01,2.342753e+01,2.332547e+01,2.327099e+01,2.330504e+01,2.332547e+01,2.323012e+01,2.331866e+01,2.322330e+01,2.332547e+01,2.331185e+01,2.325056e+01,2.327780e+01,2.318923e+01,2.319604e+01,2.324374e+01,2.330504e+01,2.317559e+01,2.323012e+01,2.316195e+01,2.324374e+01,2.326418e+01,2.325737e+01,2.327099e+01,2.328461e+01,2.324374e+01,2.327780e+01,2.330504e+01,2.325737e+01,2.331185e+01,2.329142e+01,2.339352e+01,2.340032e+01,2.326418e+01,2.325737e+01,2.339352e+01,2.340032e+01,2.324374e+01,2.327780e+01,2.329823e+01,2.327780e+01,2.319604e+01,2.328461e+01,2.339352e+01,2.329823e+01,2.331866e+01,2.341393e+01,2.344113e+01,2.344793e+01,2.345473e+01,2.333908e+01,2.346153e+01,2.341393e+01,2.348872e+01,2.342073e+01,2.337311e+01,2.336630e+01,2.346833e+01,2.353629e+01,2.350911e+01,2.347513e+01,2.344113e+01,2.354987e+01,2.354987e+01,2.340032e+01,2.359062e+01,2.348192e+01,2.346153e+01,2.349552e+01,2.350231e+01,2.343433e+01,2.347513e+01,2.340032e+01,2.340713e+01,2.355667e+01,2.348192e+01,2.361099e+01,2.359741e+01,2.356346e+01,2.356346e+01,2.357025e+01,2.357025e+01,2.352949e+01,2.351590e+01,2.358383e+01,2.362457e+01,2.354308e+01,2.358383e+01,2.359062e+01,2.357025e+01,2.361778e+01,2.363136e+01,2.353629e+01,2.363136e+01,2.359062e+01,2.361099e+01,2.360420e+01,2.365172e+01,2.361099e+01,2.367886e+01,2.363136e+01,2.373312e+01,2.392281e+01,2.504035e+01,2.628517e+01,2.716826e+01,2.752208e+01,2.771161e+01,2.772467e+01,2.803109e+01,2.803109e+01,2.820673e+01,2.814171e+01,2.827170e+01,2.827820e+01,2.821323e+01,2.827170e+01,2.833664e+01,2.826521e+01,2.831067e+01,2.820023e+01,2.815471e+01,2.807665e+01,2.804411e+01,2.751554e+01,2.735842e+01,2.716170e+01,2.714201e+01,2.700406e+01,2.683961e+01,2.678693e+01,2.672104e+01,2.655615e+01,2.646370e+01,2.644388e+01,2.649012e+01,2.632487e+01,2.633149e+01,2.627194e+01,2.643066e+01,2.629179e+01,2.670127e+01,2.635794e+01,2.660895e+01,2.668809e+01,2.664193e+01,2.662214e+01,2.673422e+01,2.676717e+01,2.680669e+01,2.697777e+01,2.693831e+01,2.678034e+01,2.680010e+01,2.678034e+01,2.676717e+01,2.680669e+01,2.699749e+01,2.702378e+01,2.693173e+01,2.703035e+01,2.701721e+01,2.697119e+01,2.685277e+01,2.711575e+01,2.708948e+01,2.694489e+01,2.710918e+01,2.710261e+01,2.717483e+01,2.720107e+01,2.719451e+01,2.718139e+01,2.731911e+01,2.723387e+01,2.731911e+01,2.728633e+01,2.731911e+01,2.736497e+01,2.741737e+01,2.733876e+01,2.735842e+01,2.734532e+01,2.724699e+01,2.728633e+01,2.732566e+01,2.713544e+01,2.713544e+01,2.704349e+01,2.687910e+01,2.685936e+01,2.669468e+01,2.633149e+01,2.621235e+01,2.577438e+01,2.590729e+01,2.574113e+01,2.592721e+01,2.595377e+01,2.610634e+01,2.630502e+01,2.622560e+01,2.638439e+01,2.646370e+01,2.647031e+01,2.645049e+01,2.648352e+01,2.638439e+01,2.655615e+01,2.633149e+01,2.637117e+01,2.641744e+01,2.625208e+01,2.632487e+01,2.644388e+01,2.643727e+01,2.633810e+01,2.637778e+01,2.635133e+01,2.604667e+01,2.605330e+01,2.612623e+01,2.574778e+01,2.573447e+01,2.566793e+01,2.536796e+01,2.520094e+01,2.533458e+01,2.522768e+01,2.519426e+01,2.476544e+01,2.471844e+01,2.446288e+01,2.449654e+01,2.436857e+01,2.427417e+01,2.415268e+01,2.405809e+01,2.369921e+01,2.360420e+01,2.366529e+01,2.356346e+01,2.346833e+01,2.346833e+01,2.314832e+01,2.327780e+01,2.327099e+01,2.325737e+01,2.312104e+01,2.325056e+01,2.324374e+01,2.310739e+01,2.311422e+01,2.310057e+01,2.311422e+01,2.331185e+01,2.320286e+01,2.315514e+01,2.318923e+01,2.320967e+01,2.327099e+01,2.334589e+01,2.338672e+01,2.340713e+01,2.339352e+01,2.350911e+01,2.344793e+01,2.340032e+01,2.359062e+01,2.345473e+01,2.349552e+01,2.347513e+01,2.339352e+01,2.328461e+01,2.335950e+01,2.348192e+01,2.331866e+01,2.350231e+01,2.341393e+01,2.347513e+01,2.331185e+01,2.344793e+01,2.337311e+01,2.336630e+01,2.342073e+01,2.344793e+01,2.355667e+01,2.358383e+01,2.380768e+01,2.381446e+01,2.383478e+01,2.383478e+01,2.388896e+01,2.386187e+01,2.390927e+01,2.394311e+01,2.384833e+01,2.381446e+01,2.384155e+01,2.380768e+01,2.379413e+01,2.384833e+01,2.371956e+01,2.404457e+01,2.381446e+01,2.380091e+01,2.384833e+01,2.389573e+01,2.388896e+01,2.382123e+01,2.360420e+01,2.370599e+01,2.345473e+01,2.352949e+01,2.351590e+01,2.348192e+01,2.348872e+01,2.348192e+01,2.357704e+01,2.360420e+01,2.355667e+01,2.356346e+01,2.360420e+01,2.359741e+01,2.337991e+01,2.323012e+01,2.326418e+01,2.329823e+01,2.320286e+01,2.325056e+01,2.312104e+01,2.314832e+01,2.303915e+01
2.472515e+01,2.490634e+01,2.496667e+01,2.498007e+01,2.505375e+01,2.500687e+01,2.516082e+01,2.512068e+01,2.517419e+01,2.514744e+01,2.534793e+01,2.528115e+01,2.511399e+01,2.521431e+01,2.538131e+01,2.536129e+01,2.516751e+01,2.528115e+01,2.527446e+01,2.528782e+01,2.514075e+01,2.527446e+01,2.526110e+01,2.528782e+01,2.530119e+01,2.536129e+01,2.529451e+01,2.540133e+01,2.542802e+01,2.526778e+01,2.535461e+01,2.549472e+01,2.548138e+01,2.543469e+01,2.556137e+01,2.556804e+01,2.557470e+01,2.554138e+01,2.564130e+01,2.562798e+01,2.570121e+01,2.577438e+01,2.572782e+01,2.574113e+01,2.576773e+01,2.575443e+01,2.580762e+01,2.590065e+01,2.592721e+01,2.570121e+01,2.594713e+01,2.576773e+01,2.588072e+01,2.579433e+01,2.575443e+01,2.558136e+01,2.574778e+01,2.557470e+01,2.552805e+01,2.540801e+01,2.528782e+01,2.522768e+01,2.491305e+01,2.489964e+01,2.481914e+01,2.481243e+01,2.477216e+01,2.452346e+01,2.457056e+01,2.480572e+01,2.457728e+01,2.453019e+01,2.459073e+01,2.457056e+01,2.456383e+01,2.456383e+01,2.456383e+01,2.455710e+01,2.448308e+01,2.439552e+01,2.444941e+01,2.429441e+01,2.436183e+01,2.432812e+01,2.420670e+01,2.432138e+01,2.417294e+01,2.423369e+01,2.416619e+01,2.415943e+01,2.397018e+01,2.391604e+01,2.380091e+01,2.378057e+01,2.347513e+01,2.337991e+01,2.338672e+01,2.332547e+01,2.327780e+01,2.301867e+01,2.311422e+01,2.316195e+01,2.304598e+01,2.310057e+01,2.299135e+01,2.298452e+01,2.294353e+01,2.290253e+01,2.298452e+01,2.295720e+01,2.295720e+01,2.288886e+01,2.297086e+01,2.286151e+01,2.294353e+01,2.271780e+01,2.276573e+01,2.259447e+01,2.273835e+01,2.239545e+01,2.245725e+01,2.248471e+01,2.254646e+01,2.265615e+01,2.247098e+01,2.248471e+01,2.247098e+01,2.256018e+01,2.240919e+01,2.242979e+01,2.239545e+01,2.240232e+01,2.234735e+01,2.258761e+01,2.255332e+01,2.256018e+01,2.258076e+01,2.255332e+01,2.283415e+01,2.295037e+01,2.274519e+01,2.301867e+01,2.322330e+01,2.321649e+01,2.323012e+01,2.319604e+01,2.327780e+01,2.344113e+01,2.331866e+01,2.351590e+01,2.352949e+01,2.346153e+01,2.355667e+01,2.348192e+01,2.334589e+01,2.346153e+01,2.352949e+01,2.359741e+01,2.350911e+01,2.350231e+01,2.361778e+01,2.362457e+01,2.365172e+01,2.354308e+01,2.356346e+01,2.357025e+01,2.364493e+01,2.358383e+01,2.350231e+01,2.348192e+01,2.357025e+01,2.345473e+01,2.355667e+01,2.337991e+01,2.337991e+01,2.337311e+01,2.349552e+01,2.343433e+01,2.341393e+01,2.338672e+01,2.329142e+01,2.344113e+01,2.333908e+01,2.338672e+01,2.335269e+01,2.322330e+01,2.328461e+01,2.331185e+01,2.326418e+01,2.320967e+01,2.317559e+01,2.316877e+01,2.316877e+01,2.312786e+01,2.324374e+01,2.319604e+01,2.320967e+01,2.319604e+01,2.316195e+01,2.323012e+01,2.323693e+01,2.320967e+01,2.325056e+01,2.331185e+01,2.331185e+01,2.337311e+01,2.338672e+01,2.342073e+01,2.330504e+01,2.332547e+01,2.346153e+01,2.348872e+01,2.354987e+01,2.357025e+01,2.354987e+01,2.355667e+01,2.366529e+01,2.363814e+01,2.361099e+01,2.366529e+01,2.360420e+01,2.371277e+01,2.381446e+01,2.378735e+01,2.373312e+01,2.384155e+01,2.381446e+01,2.380091e+01,2.397694e+01,2.401752e+01,2.397694e+01,2.395664e+01,2.393634e+01,2.404457e+01,2.403105e+01,2.403781e+01,2.388219e+01,2.390927e+01,2.380091e+01,2.395664e+01,2.385510e+01,2.378735e+01,2.377380e+01,2.376702e+01,2.356346e+01,2.367207e+01,2.353629e+01,2.359062e+01,2.350231e+01,2.351590e+01,2.350911e+01,2.352270e+01,2.369242e+01,2.369242e+01,2.367207e+01,2.373990e+01,2.369921e+01,2.364493e+01,2.371956e+01,2.362457e+01,2.371277e+01,2.359062e+01,2.363136e+01,2.365850e+01,2.367207e+01,2.368564e+01,2.364493e+01,2.371956e+01,2.365850e+01,2.363136e+01,2.346833e+01,2.354987e+01,2.337311e+01,2.349552e+01,2.348192e+01,2.346833e+01,2.340713e+01,2.342073e+01,2.340032e+01,2.333228e+01,2.330504e+01,2.338672e+01,2.339352e+01,2.342073e+01,2.344793e+01,2.342753e+01,2.340713e+01,2.337311e+01,2.335950e+01,2.345473e+01,2.333228e+01,2.342753e+01,2.336630e+01,2.335950e+01,2.331866e+01,2.333908e+01,2.335269e+01,2.331866e+01,2.329142e+01,2.325056e+01,2.330504e+01,2.334589e+01,2.330504e+01,2.333228e+01,2.331866e+01,2.333228e+01,2.333228e+01,2.342073e+01,2.327099e+01,2.325737e+01,2.331866e+01,2.334589e+01,2.329823e+01,2.328461e+01,2.337991e+01,2.329142e+01,2.330504e+01,2.323693e+01,2.327099e+01,2.328461e+01,2.323693e+01,2.328461e+01,2.323012e+01,2.331866e+01,2.330504e+01,2.316195e+01,2.326418e+01,2.329142e+01,2.332547e+01,2.323012e+01,2.332547e+01,2.330504e+01,2.332547e+01,2.331866e+01,2.348872e+01,2.314150e+01,2.316877e+01,2.337991e+01,2.320967e+01,2.334589e+01,2.344793e+01,2.336630e+01,2.343433e+01,2.342073e+01,2.334589e+01,2.339352e+01,2.336630e+01,2.331185e+01,2.335269e+01,2.338672e+01,2.333908e+01,2.336630e+01,2.342073e+01,2.343433e+01,2.352949e+01,2.343433e+01,2.333908e+01,2.337991e+01,2.346153e+01,2.342753e+01,2.335950e+01,2.348872e+01,2.352949e+01,2.350911e+01,2.344113e+01,2.352949e+01,2.337991e+01,2.356346e+01,2.350231e+01,2.359741e+01,2.346153e+01,2.353629e+01,2.348872e+01,2.347513e+01,2.346153e+01,2.346833e+01,2.352949e+01,2.351590e+01,2.346153e+01,2.356346e+01,2.348192e+01,2.350911e+01,2.357025e+01,2.355667e+01,2.351590e+01,2.355667e+01,2.352949e+01,2.355667e+01,2.352270e+01,2.349552e+01,2.354308e+01,2.365172e+01,2.359062e+01,2.363136e+01,2.351590e+01,2.354987e+01,2.359062e+01,2.357025e+01,2.350911e+01,2.351590e+01,2.367886e+01,2.359741e+01,2.364493e+01,2.365850e+01,2.364493e+01,2.378057e+01,2.361099e+01,2.373312e+01,2.375346e+01,2.392281e+01,2.495326e+01,2.621898e+01,2.728633e+01,2.740427e+01,2.759401e+01,2.784212e+01,2.788125e+01,2.797248e+01,2.820023e+01,2.825871e+01,2.826521e+01,2.829119e+01,2.829119e+01,2.835612e+01,2.835612e+01,2.837559e+01,2.834962e+01,2.829768e+01,2.819373e+01,2.793991e+01,2.780951e+01,2.756132e+01,2.729289e+01,2.714857e+01,2.705663e+01,2.683302e+01,2.680669e+01,2.660235e+01,2.656935e+01,2.643727e+01,2.632487e+01,2.622560e+01,2.627194e+01,2.623884e+01,2.626532e+01,2.639100e+01,2.633149e+01,2.635794e+01,2.652314e+01,2.643727e+01,2.649673e+01,2.640422e+01,2.641084e+01,2.647031e+01,2.658255e+01,2.653635e+01,2.674740e+01,2.691858e+01,2.679352e+01,2.674081e+01,2.687910e+01,2.686594e+01,2.678034e+01,2.681986e+01,2.681986e+01,2.700406e+01,2.700406e+01,2.703692e+01,2.683302e+01,2.694489e+01,2.680669e+01,2.692516e+01,2.710261e+01,2.694489e+01,2.693831e+01,2.712888e+01,2.719451e+01,2.716170e+01,2.718795e+01,2.716826e+01,2.718139e+01,2.715514e+01,2.729289e+01,2.734532e+01,2.739772e+01,2.737152e+01,2.729944e+01,2.726011e+01,2.724699e+01,2.727978e+01,2.715514e+01,2.714857e+01,2.717483e+01,2.697777e+01,2.710261e+01,2.695804e+01,2.691858e+01,2.678034e+01,2.670786e+01,2.637117e+01,2.622560e+01,2.621898e+01,2.600686e+01,2.603340e+01,2.607319e+01,2.617924e+01,2.609971e+01,2.633149e+01,2.636456e+01,2.636456e+01,2.655615e+01,2.646370e+01,2.647691e+01,2.647691e+01,2.666171e+01,2.659575e+01,2.635794e+01,2.640422e+01,2.643066e+01,2.644388e+01,2.645049e+01,2.626532e+01,2.636456e+01,2.627855e+01,2.641084e+01,2.623222e+01,2.617261e+01,2.603340e+01,2.581427e+01,2.582756e+01,2.565462e+01,2.564796e+01,2.540133e+01,2.540133e+01,2.517419e+01,2.528782e+01,2.495997e+01,2.498007e+01,2.486610e+01,2.469828e+01,2.447635e+01,2.443594e+01,2.428766e+01,2.406485e+01,2.394311e+01,2.380091e+01,2.371956e+01,2.354987e+01,2.363136e+01,2.353629e+01,2.348192e+01,2.335950e+01,2.335269e+01,2.327780e+01,2.303232e+01,2.329823e+01,2.305963e+01,2.321649e+01,2.299818e+01,2.323012e+01,2.325737e+01,2.314832e+01,2.326418e+01,2.320967e+01,2.331185e+01,2.319604e+01,2.330504e+01,2.327780e+01,2.327780e+01,2.335950e+01,2.349552e+01,2.344113e+01,2.348872e+01,2.340032e+01,2.348872e+01,2.338672e+01,2.343433e+01,2.342753e+01,2.339352e+01,2.351590e+01,2.338672e+01,2.328461e+01,2.338672e+01,2.326418e+01,2.344113e+01,2.347513e+01,2.344113e+01,2.354308e+01,2.335950e+01,2.328461e+01,2.342753e+01,2.355667e+01,2.357025e+01,2.364493e+01,2.360420e+01,2.378057e+01,2.378735e+01,2.381446e+01,2.380768e+01,2.395664e+01,2.383478e+01,2.393634e+01,2.382123e+01,2.382801e+01,2.386865e+01,2.373312e+01,2.378735e+01,2.380091e+01,2.380091e+01,2.384155e+01,2.369242e+01,2.383478e+01,2.376702e+01,2.401752e+01,2.388219e+01,2.384833e+01,2.386187e+01,2.369921e+01,2.376024e+01,2.357704e+01,2.361099e+01,2.353629e+01,2.347513e+01,2.346833e+01,2.349552e+01,2.359062e+01,2.365172e+01,2.363136e+01,2.361099e+01,2.356346e+01,2.361778e+01,2.340713e+01,2.345473e+01,2.342073e+01,2.314150e+01,2.327099e+01,2.316195e+01,2.328461e+01,2.302550e+01,2.317559e+01
2.463108e+01,2.473858e+01,2.493316e+01,2.498677e+01,2.509391e+01,2.494656e+01,2.500017e+01,2.505375e+01,2.517419e+01,2.506044e+01,2.515413e+01,2.509391e+01,2.518757e+01,2.508722e+01,2.512737e+01,2.514075e+01,2.516751e+01,2.505375e+01,2.515413e+01,2.506044e+01,2.528782e+01,2.516082e+01,2.530787e+01,2.512737e+01,2.531454e+01,2.530787e+01,2.524773e+01,2.527446e+01,2.534126e+01,2.533458e+01,2.539466e+01,2.533458e+01,2.538799e+01,2.528782e+01,2.532790e+01,2.544804e+01,2.538799e+01,2.558136e+01,2.562132e+01,2.554138e+01,2.576773e+01,2.559468e+01,2.574113e+01,2.572117e+01,2.589401e+01,2.567459e+01,2.584085e+01,2.577438e+01,2.576773e+01,2.580762e+01,2.587408e+01,2.566127e+01,2.577438e+01,2.581427e+01,2.554138e+01,2.558802e+01,2.562798e+01,2.540801e+01,2.544804e+01,2.506713e+01,2.511399e+01,2.466469e+01,2.489293e+01,2.459073e+01,2.491305e+01,2.470500e+01,2.468484e+01,2.475873e+01,2.461091e+01,2.453692e+01,2.458401e+01,2.456383e+01,2.452346e+01,2.463780e+01,2.455038e+01,2.453692e+01,2.439552e+01,2.450327e+01,2.444941e+01,2.441573e+01,2.438878e+01,2.431464e+01,2.435509e+01,2.425393e+01,2.432812e+01,2.426068e+01,2.428092e+01,2.416619e+01,2.416619e+01,2.406485e+01,2.398371e+01,2.379413e+01,2.374668e+01,2.372634e+01,2.352949e+01,2.337311e+01,2.327780e+01,2.334589e+01,2.334589e+01,2.325737e+01,2.327780e+01,2.302550e+01,2.290937e+01,2.301867e+01,2.297769e+01,2.273150e+01,2.292303e+01,2.297086e+01,2.288886e+01,2.291620e+01,2.300501e+01,2.292987e+01,2.288202e+01,2.283415e+01,2.256704e+01,2.238171e+01,2.224421e+01,2.256704e+01,2.238171e+01,2.234048e+01,2.229923e+01,2.229235e+01,2.236797e+01,2.269726e+01,2.247098e+01,2.250530e+01,2.253275e+01,2.244352e+01,2.239545e+01,2.237484e+01,2.238171e+01,2.260132e+01,2.247785e+01,2.258761e+01,2.264930e+01,2.270411e+01,2.288202e+01,2.280679e+01,2.297086e+01,2.313468e+01,2.305963e+01,2.314832e+01,2.307328e+01,2.326418e+01,2.328461e+01,2.353629e+01,2.350911e+01,2.334589e+01,2.355667e+01,2.337311e+01,2.354987e+01,2.358383e+01,2.340032e+01,2.364493e+01,2.349552e+01,2.354987e+01,2.359062e+01,2.355667e+01,2.365850e+01,2.363136e+01,2.384155e+01,2.363814e+01,2.373990e+01,2.367886e+01,2.365172e+01,2.364493e+01,2.361778e+01,2.366529e+01,2.354987e+01,2.363136e+01,2.353629e+01,2.344793e+01,2.338672e+01,2.347513e+01,2.352270e+01,2.350231e+01,2.350231e+01,2.344793e+01,2.346833e+01,2.347513e+01,2.343433e+01,2.333908e+01,2.327780e+01,2.332547e+01,2.333908e+01,2.327780e+01,2.327780e+01,2.327780e+01,2.330504e+01,2.320286e+01,2.316877e+01,2.319604e+01,2.318923e+01,2.321649e+01,2.306645e+01,2.319604e+01,2.321649e+01,2.317559e+01,2.323693e+01,2.326418e+01,2.325056e+01,2.323693e+01,2.338672e+01,2.330504e+01,2.334589e+01,2.333908e+01,2.346153e+01,2.342753e+01,2.348192e+01,2.341393e+01,2.342073e+01,2.354308e+01,2.340713e+01,2.350911e+01,2.357025e+01,2.344113e+01,2.362457e+01,2.363814e+01,2.366529e+01,2.368564e+01,2.369921e+01,2.377380e+01,2.371277e+01,2.372634e+01,2.371277e+01,2.378057e+01,2.394311e+01,2.384833e+01,2.398371e+01,2.391604e+01,2.401752e+01,2.404457e+01,2.405133e+01,2.402428e+01,2.399047e+01,2.398371e+01,2.398371e+01,2.388219e+01,2.392958e+01,2.388896e+01,2.380768e+01,2.371277e+01,2.371956e+01,2.360420e+01,2.367207e+01,2.367886e+01,2.365850e+01,2.360420e+01,2.354987e+01,2.363136e+01,2.365172e+01,2.352270e+01,2.365172e+01,2.365850e+01,2.374668e+01,2.375346e+01,2.365172e+01,2.365850e+01,2.365850e+01,2.370599e+01,2.374668e+01,2.374668e+01,2.359741e+01,2.368564e+01,2.365172e+01,2.361778e+01,2.367207e+01,2.365172e+01,2.367886e+01,2.366529e+01,2.371277e+01,2.352949e+01,2.350231e+01,2.350231e+01,2.337991e+01,2.346153e+01,2.342073e+01,2.342753e+01,2.337311e+01,2.340032e+01,2.340032e+01,2.344113e+01,2.333228e+01,2.341393e+01,2.335269e+01,2.340713e+01,2.329823e+01,2.345473e+01,2.336630e+01,2.331185e+01,2.339352e+01,2.334589e+01,2.335950e+01,2.337991e+01,2.335269e+01,2.332547e+01,2.331866e+01,2.333908e+01,2.333228e+01,2.333228e+01,2.337311e+01,2.327780e+01,2.334589e+01,2.334589e+01,2.329823e+01,2.330504e+01,2.332547e+01,2.331185e+01,2.331866e+01,2.330504e+01,2.329142e+01,2.336630e+01,2.334589e+01,2.335950e+01,2.326418e+01,2.332547e+01,2.325737e+01,2.325737e+01,2.318241e+01,2.327099e+01,2.337991e+01,2.327099e+01,2.331185e+01,2.325737e+01,2.323012e+01,2.328461e+01,2.322330e+01,2.325056e+01,2.332547e+01,2.325056e+01,2.333908e+01,2.333228e+01,2.332547e+01,2.328461e+01,2.330504e+01,2.335269e+01,2.327099e+01,2.337311e+01,2.338672e+01,2.336630e+01,2.328461e+01,2.337311e+01,2.343433e+01,2.340032e+01,2.338672e+01,2.340032e+01,2.336630e+01,2.344793e+01,2.340032e+01,2.346153e+01,2.341393e+01,2.337311e+01,2.345473e+01,2.348872e+01,2.344113e+01,2.345473e+01,2.347513e+01,2.343433e+01,2.358383e+01,2.340713e+01,2.351590e+01,2.354987e+01,2.350231e+01,2.349552e+01,2.352949e+01,2.351590e+01,2.353629e+01,2.350231e+01,2.347513e+01,2.357704e+01,2.354308e+01,2.359062e+01,2.344113e+01,2.344113e+01,2.344113e+01,2.351590e+01,2.350911e+01,2.350911e+01,2.350911e+01,2.352270e+01,2.358383e+01,2.354987e+01,2.354987e+01,2.360420e+01,2.359062e+01,2.354987e+01,2.355667e+01,2.350911e+01,2.361099e+01,2.350231e+01,2.364493e+01,2.350911e+01,2.359062e+01,2.357025e+01,2.357704e+01,2.353629e+01,2.365172e+01,2.359062e+01,2.361099e+01,2.352949e+01,2.352949e+01,2.368564e+01,2.363136e+01,2.361778e+01,2.360420e+01,2.360420e+01,2.362457e+01,2.358383e+01,2.378735e+01,2.397018e+01,2.487952e+01,2.620573e+01,2.714857e+01,2.747628e+01,2.769855e+01,2.790080e+01,2.787473e+01,2.793991e+01,2.801156e+01,2.825221e+01,2.829768e+01,2.832366e+01,2.835612e+01,2.833015e+01,2.857010e+01,2.849882e+01,2.857658e+01,2.836261e+01,2.806364e+01,2.805062e+01,2.785517e+01,2.758747e+01,2.729289e+01,2.724043e+01,2.710261e+01,2.685936e+01,2.666831e+01,2.654295e+01,2.647691e+01,2.621235e+01,2.621898e+01,2.604667e+01,2.624546e+01,2.621235e+01,2.626532e+01,2.602677e+01,2.613286e+01,2.628517e+01,2.631164e+01,2.620573e+01,2.621898e+01,2.635133e+01,2.633810e+01,2.616599e+01,2.647031e+01,2.635794e+01,2.655615e+01,2.650994e+01,2.666831e+01,2.672104e+01,2.675399e+01,2.662874e+01,2.676058e+01,2.660895e+01,2.663533e+01,2.683961e+01,2.678693e+01,2.683961e+01,2.699092e+01,2.677376e+01,2.695147e+01,2.708948e+01,2.706977e+01,2.701721e+01,2.711575e+01,2.706320e+01,2.695147e+01,2.714857e+01,2.673422e+01,2.691858e+01,2.708948e+01,2.701721e+01,2.699749e+01,2.714201e+01,2.723387e+01,2.730600e+01,2.718139e+01,2.729944e+01,2.729289e+01,2.708948e+01,2.710261e+01,2.718139e+01,2.716826e+01,2.708291e+01,2.689226e+01,2.689226e+01,2.693173e+01,2.656935e+01,2.678034e+01,2.656275e+01,2.650994e+01,2.631826e+01,2.622560e+01,2.621898e+01,2.623884e+01,2.616599e+01,2.629179e+01,2.617924e+01,2.633810e+01,2.647691e+01,2.641744e+01,2.653635e+01,2.653635e+01,2.648352e+01,2.666171e+01,2.664193e+01,2.642405e+01,2.645709e+01,2.639761e+01,2.643066e+01,2.629841e+01,2.647031e+01,2.645049e+01,2.645049e+01,2.617924e+01,2.633810e+01,2.619911e+01,2.605330e+01,2.583421e+01,2.573447e+01,2.574113e+01,2.564796e+01,2.558802e+01,2.537464e+01,2.532790e+01,2.516082e+01,2.518088e+01,2.499347e+01,2.480572e+01,2.477887e+01,2.471172e+01,2.430790e+01,2.409864e+01,2.399723e+01,2.401752e+01,2.402428e+01,2.360420e+01,2.369242e+01,2.352270e+01,2.348192e+01,2.344113e+01,2.335950e+01,2.325056e+01,2.327780e+01,2.330504e+01,2.324374e+01,2.326418e+01,2.325056e+01,2.319604e+01,2.322330e+01,2.320286e+01,2.314150e+01,2.312786e+01,2.323693e+01,2.325737e+01,2.326418e+01,2.325737e+01,2.326418e+01,2.337311e+01,2.327780e+01,2.344793e+01,2.335950e+01,2.331185e+01,2.350231e+01,2.348192e+01,2.355667e+01,2.343433e+01,2.332547e+01,2.329142e+01,2.340032e+01,2.327780e+01,2.331866e+01,2.325737e+01,2.350911e+01,2.325056e+01,2.318923e+01,2.322330e+01,2.340713e+01,2.337311e+01,2.322330e+01,2.337311e+01,2.337991e+01,2.344793e+01,2.354987e+01,2.376702e+01,2.375346e+01,2.376702e+01,2.383478e+01,2.387542e+01,2.382123e+01,2.366529e+01,2.373990e+01,2.368564e+01,2.375346e+01,2.382123e+01,2.373312e+01,2.373990e+01,2.382123e+01,2.379413e+01,2.377380e+01,2.386187e+01,2.371277e+01,2.376024e+01,2.382123e+01,2.378735e+01,2.387542e+01,2.384155e+01,2.388896e+01,2.363814e+01,2.352270e+01,2.350231e+01,2.352270e+01,2.350231e+01,2.354308e+01,2.354308e+01,2.354308e+01,2.360420e+01,2.369242e+01,2.365172e+01,2.367886e+01,2.361099e+01,2.359062e+01,2.340713e+01,2.344793e+01,2.345473e+01,2.344793e+01,2.323012e+01,2.318923e+01,2.313468e+01,2.315514e+01
2.445614e+01,2.451673e+01,2.462436e+01,2.466469e+01,2.477887e+01,2.495326e+01,2.493316e+01,2.495326e+01,2.509391e+01,2.506713e+01,2.510060e+01,2.510730e+01,2.512737e+01,2.481243e+01,2.500017e+01,2.511399e+01,2.500687e+01,2.508722e+01,2.505375e+01,2.498677e+01,2.500017e+01,2.506713e+01,2.511399e+01,2.502026e+01,2.521431e+01,2.528782e+01,2.529451e+01,2.495997e+01,2.510060e+01,2.512737e+01,2.517419e+01,2.507383e+01,2.517419e+01,2.518088e+01,2.548805e+01,2.554138e+01,2.551472e+01,2.548138e+01,2.542802e+01,2.559468e+01,2.551472e+01,2.549472e+01,2.556137e+01,2.555471e+01,2.566793e+01,2.581427e+01,2.565462e+01,2.563464e+01,2.566793e+01,2.565462e+01,2.562798e+01,2.556137e+01,2.568790e+01,2.550805e+01,2.546138e+01,2.544804e+01,2.520094e+01,2.510730e+01,2.502696e+01,2.473187e+01,2.463108e+01,2.434161e+01,2.446961e+01,2.461763e+01,2.471172e+01,2.463780e+01,2.468484e+01,2.448981e+01,2.434835e+01,2.455710e+01,2.455710e+01,2.455710e+01,2.450327e+01,2.456383e+01,2.451673e+01,2.431464e+01,2.442247e+01,2.440226e+01,2.436857e+01,2.430115e+01,2.442247e+01,2.432138e+01,2.417969e+01,2.434835e+01,2.429441e+01,2.413917e+01,2.424044e+01,2.417969e+01,2.412566e+01,2.390250e+01,2.399047e+01,2.383478e+01,2.365172e+01,2.353629e+01,2.335950e+01,2.335269e+01,2.338672e+01,2.316877e+01,2.319604e+01,2.327099e+01,2.321649e+01,2.302550e+01,2.316195e+01,2.292987e+01,2.292303e+01,2.288202e+01,2.280679e+01,2.298452e+01,2.283415e+01,2.295037e+01,2.292303e+01,2.269726e+01,2.250530e+01,2.251902e+01,2.212030e+01,2.224421e+01,2.213408e+01,2.220981e+01,2.215474e+01,2.218916e+01,2.225797e+01,2.232673e+01,2.234735e+01,2.263560e+01,2.250530e+01,2.268356e+01,2.245725e+01,2.251902e+01,2.228548e+01,2.242292e+01,2.256018e+01,2.273150e+01,2.247098e+01,2.260818e+01,2.258076e+01,2.288202e+01,2.306645e+01,2.291620e+01,2.309375e+01,2.320967e+01,2.340713e+01,2.325737e+01,2.343433e+01,2.333228e+01,2.359062e+01,2.348872e+01,2.367886e+01,2.352270e+01,2.359062e+01,2.360420e+01,2.362457e+01,2.355667e+01,2.362457e+01,2.367207e+01,2.362457e+01,2.366529e+01,2.361778e+01,2.381446e+01,2.380768e+01,2.382123e+01,2.382123e+01,2.385510e+01,2.384155e+01,2.380091e+01,2.382801e+01,2.369242e+01,2.361778e+01,2.361778e+01,2.371277e+01,2.365850e+01,2.355667e+01,2.376024e+01,2.348872e+01,2.342753e+01,2.348192e+01,2.346153e+01,2.344793e+01,2.341393e+01,2.341393e+01,2.346153e+01,2.341393e+01,2.344113e+01,2.331185e+01,2.335269e+01,2.325737e+01,2.320967e+01,2.317559e+01,2.333228e+01,2.321649e+01,2.329823e+01,2.324374e+01,2.319604e+01,2.325056e+01,2.323012e+01,2.322330e+01,2.310739e+01,2.323012e+01,2.315514e+01,2.320286e+01,2.321649e+01,2.318241e+01,2.313468e+01,2.325737e+01,2.328461e+01,2.337311e+01,2.334589e+01,2.342753e+01,2.342753e+01,2.346833e+01,2.348192e+01,2.346153e+01,2.350911e+01,2.359062e+01,2.358383e+01,2.351590e+01,2.360420e+01,2.364493e+01,2.367207e+01,2.370599e+01,2.378057e+01,2.373312e+01,2.368564e+01,2.372634e+01,2.371277e+01,2.372634e+01,2.380768e+01,2.390927e+01,2.392958e+01,2.389573e+01,2.397018e+01,2.401076e+01,2.388219e+01,2.404457e+01,2.405133e+01,2.403105e+01,2.399047e+01,2.398371e+01,2.407161e+01,2.394311e+01,2.385510e+01,2.391604e+01,2.387542e+01,2.377380e+01,2.363814e+01,2.370599e+01,2.363814e+01,2.365850e+01,2.363136e+01,2.344113e+01,2.368564e+01,2.363136e+01,2.367886e+01,2.365172e+01,2.365850e+01,2.364493e+01,2.369242e+01,2.365172e+01,2.367886e+01,2.366529e+01,2.369242e+01,2.370599e+01,2.371956e+01,2.373312e+01,2.359062e+01,2.357704e+01,2.366529e+01,2.365850e+01,2.363814e+01,2.364493e+01,2.354308e+01,2.351590e+01,2.351590e+01,2.346833e+01,2.349552e+01,2.345473e+01,2.341393e+01,2.342073e+01,2.341393e+01,2.340713e+01,2.342073e+01,2.338672e+01,2.348872e+01,2.342073e+01,2.344113e+01,2.339352e+01,2.334589e+01,2.343433e+01,2.333908e+01,2.337991e+01,2.342753e+01,2.338672e+01,2.340032e+01,2.337311e+01,2.331866e+01,2.338672e+01,2.331866e+01,2.331866e+01,2.335950e+01,2.338672e+01,2.330504e+01,2.324374e+01,2.339352e+01,2.324374e+01,2.327780e+01,2.331866e+01,2.325056e+01,2.333228e+01,2.331866e+01,2.329823e+01,2.332547e+01,2.329142e+01,2.327780e+01,2.338672e+01,2.310739e+01,2.329142e+01,2.327099e+01,2.323693e+01,2.323693e+01,2.331866e+01,2.326418e+01,2.323693e+01,2.329142e+01,2.329142e+01,2.328461e+01,2.325056e+01,2.323693e+01,2.327099e+01,2.326418e+01,2.329142e+01,2.331866e+01,2.332547e+01,2.331866e+01,2.333228e+01,2.333228e+01,2.333228e+01,2.334589e+01,2.333228e+01,2.333228e+01,2.339352e+01,2.335950e+01,2.336630e+01,2.342073e+01,2.340032e+01,2.342073e+01,2.337311e+01,2.348872e+01,2.342753e+01,2.350911e+01,2.345473e+01,2.346153e+01,2.343433e+01,2.341393e+01,2.346153e+01,2.351590e+01,2.350911e+01,2.344793e+01,2.344793e+01,2.346153e+01,2.350231e+01,2.351590e+01,2.354987e+01,2.352949e+01,2.340713e+01,2.357704e+01,2.335950e+01,2.341393e+01,2.346153e+01,2.345473e+01,2.351590e+01,2.359741e+01,2.359062e+01,2.350911e+01,2.355667e+01,2.365172e+01,2.346153e+01,2.352949e+01,2.353629e+01,2.362457e+01,2.354987e+01,2.357704e+01,2.354308e+01,2.356346e+01,2.361099e+01,2.362457e+01,2.361099e+01,2.357025e+01,2.354308e+01,2.357025e+01,2.361099e+01,2.376024e+01,2.365172e+01,2.355667e+01,2.371277e+01,2.357704e+01,2.358383e+01,2.352270e+01,2.363814e+01,2.354987e+01,2.360420e+01,2.365850e+01,2.367886e+01,2.360420e+01,2.365172e+01,2.359062e+01,2.361778e+01,2.365850e+01,2.357704e+01,2.375346e+01,2.371277e+01,2.396341e+01,2.465796e+01,2.615936e+01,2.707634e+01,2.737152e+01,2.758747e+01,2.777036e+01,2.800504e+01,2.796597e+01,2.816122e+01,2.829768e+01,2.829768e+01,2.827170e+01,2.832366e+01,2.827170e+01,2.829768e+01,2.831717e+01,2.836910e+01,2.826521e+01,2.808316e+01,2.780951e+01,2.782908e+01,2.746974e+01,2.740427e+01,2.733221e+01,2.695804e+01,2.683302e+01,2.656935e+01,2.654955e+01,2.621898e+01,2.620573e+01,2.594049e+01,2.586079e+01,2.598696e+01,2.598696e+01,2.604667e+01,2.611960e+01,2.600023e+01,2.620573e+01,2.607982e+01,2.615274e+01,2.609971e+01,2.613286e+01,2.611297e+01,2.591393e+01,2.621898e+01,2.621898e+01,2.626532e+01,2.628517e+01,2.635133e+01,2.652975e+01,2.654295e+01,2.639761e+01,2.639761e+01,2.639761e+01,2.639100e+01,2.678034e+01,2.649673e+01,2.678693e+01,2.674740e+01,2.674740e+01,2.671445e+01,2.677376e+01,2.684619e+01,2.699092e+01,2.681986e+01,2.703035e+01,2.703692e+01,2.692516e+01,2.694489e+01,2.687252e+01,2.692516e+01,2.702378e+01,2.712888e+01,2.701064e+01,2.697119e+01,2.706320e+01,2.701064e+01,2.697777e+01,2.707634e+01,2.699749e+01,2.706320e+01,2.707634e+01,2.710261e+01,2.703035e+01,2.698434e+01,2.689226e+01,2.677376e+01,2.680010e+01,2.676058e+01,2.656275e+01,2.643066e+01,2.659575e+01,2.632487e+01,2.633810e+01,2.628517e+01,2.620573e+01,2.631164e+01,2.623884e+01,2.643066e+01,2.635794e+01,2.640422e+01,2.645049e+01,2.648352e+01,2.649012e+01,2.649012e+01,2.649012e+01,2.647691e+01,2.647691e+01,2.646370e+01,2.645709e+01,2.641744e+01,2.639761e+01,2.641084e+01,2.623222e+01,2.636456e+01,2.605330e+01,2.592057e+01,2.608646e+01,2.584750e+01,2.580762e+01,2.565462e+01,2.567459e+01,2.543469e+01,2.537464e+01,2.528115e+01,2.528782e+01,2.504035e+01,2.495326e+01,2.494656e+01,2.449654e+01,2.432812e+01,2.430115e+01,2.429441e+01,2.408512e+01,2.399047e+01,2.397694e+01,2.371277e+01,2.361099e+01,2.362457e+01,2.355667e+01,2.342753e+01,2.333228e+01,2.330504e+01,2.327099e+01,2.331185e+01,2.323012e+01,2.305963e+01,2.309375e+01,2.323693e+01,2.323012e+01,2.327099e+01,2.312786e+01,2.325737e+01,2.313468e+01,2.330504e+01,2.326418e+01,2.323693e+01,2.326418e+01,2.325737e+01,2.318241e+01,2.320967e+01,2.327099e+01,2.337311e+01,2.331866e+01,2.331185e+01,2.340032e+01,2.344113e+01,2.330504e+01,2.335269e+01,2.330504e+01,2.334589e+01,2.322330e+01,2.324374e+01,2.330504e+01,2.324374e+01,2.318923e+01,2.319604e+01,2.325737e+01,2.323693e+01,2.337311e+01,2.320286e+01,2.324374e+01,2.335950e+01,2.341393e+01,2.352949e+01,2.355667e+01,2.373990e+01,2.373312e+01,2.369921e+01,2.382123e+01,2.365850e+01,2.374668e+01,2.378057e+01,2.377380e+01,2.372634e+01,2.381446e+01,2.384833e+01,2.372634e+01,2.376024e+01,2.367207e+01,2.363814e+01,2.378057e+01,2.372634e+01,2.377380e+01,2.382123e+01,2.387542e+01,2.376702e+01,2.354987e+01,2.352949e+01,2.367207e+01,2.362457e+01,2.356346e+01,2.333228e+01,2.343433e+01,2.347513e+01,2.352270e+01,2.358383e+01,2.359062e+01,2.356346e+01,2.358383e+01,2.359741e+01,2.355667e+01,2.351590e+01,2.350911e+01,2.338672e+01,2.344793e+01,2.327780e+01,2.320286e+01,2.322330e+01,2.316877e+01
2.407837e+01,2.434835e+01,2.422694e+01,2.455038e+01,2.452346e+01,2.461763e+01,2.469828e+01,2.481914e+01,2.465796e+01,2.474530e+01,2.499347e+01,2.511399e+01,2.475201e+01,2.479230e+01,2.500017e+01,2.497337e+01,2.489293e+01,2.489964e+01,2.510060e+01,2.498007e+01,2.502026e+01,2.489964e+01,2.497337e+01,2.495997e+01,2.505375e+01,2.504035e+01,2.512068e+01,2.493986e+01,2.494656e+01,2.506713e+01,2.503366e+01,2.518757e+01,2.516751e+01,2.514075e+01,2.533458e+01,2.538131e+01,2.531454e+01,2.531454e+01,2.546805e+01,2.542135e+01,2.544804e+01,2.540801e+01,2.548138e+01,2.554138e+01,2.532122e+01,2.552139e+01,2.570121e+01,2.560134e+01,2.557470e+01,2.533458e+01,2.554804e+01,2.552139e+01,2.550805e+01,2.531454e+01,2.520094e+01,2.498007e+01,2.477887e+01,2.463108e+01,2.428092e+01,2.428092e+01,2.422694e+01,2.403105e+01,2.431464e+01,2.419319e+01,2.430790e+01,2.441573e+01,2.442247e+01,2.436857e+01,2.438205e+01,2.438878e+01,2.443594e+01,2.451000e+01,2.447635e+01,2.454365e+01,2.449654e+01,2.437531e+01,2.424719e+01,2.437531e+01,2.427417e+01,2.424719e+01,2.423369e+01,2.420670e+01,2.437531e+01,2.422694e+01,2.432138e+01,2.431464e+01,2.415943e+01,2.417969e+01,2.410540e+01,2.396341e+01,2.388219e+01,2.371277e+01,2.363136e+01,2.344793e+01,2.338672e+01,2.342073e+01,2.329823e+01,2.328461e+01,2.339352e+01,2.329142e+01,2.317559e+01,2.292303e+01,2.300501e+01,2.286835e+01,2.284099e+01,2.279995e+01,2.290253e+01,2.287519e+01,2.279310e+01,2.277257e+01,2.274519e+01,2.251216e+01,2.215474e+01,2.217539e+01,2.205140e+01,2.221669e+01,2.202383e+01,2.215474e+01,2.212719e+01,2.219604e+01,2.225109e+01,2.230611e+01,2.245039e+01,2.242292e+01,2.242979e+01,2.251216e+01,2.240232e+01,2.240232e+01,2.246412e+01,2.243666e+01,2.251902e+01,2.258076e+01,2.265615e+01,2.264245e+01,2.286151e+01,2.306645e+01,2.308010e+01,2.316877e+01,2.314832e+01,2.337311e+01,2.339352e+01,2.355667e+01,2.344793e+01,2.359741e+01,2.366529e+01,2.350911e+01,2.371956e+01,2.365850e+01,2.369242e+01,2.361778e+01,2.363136e+01,2.362457e+01,2.371956e+01,2.368564e+01,2.365850e+01,2.393634e+01,2.403105e+01,2.404457e+01,2.404457e+01,2.382123e+01,2.395664e+01,2.397018e+01,2.399047e+01,2.381446e+01,2.401752e+01,2.382123e+01,2.362457e+01,2.377380e+01,2.376702e+01,2.371956e+01,2.374668e+01,2.359062e+01,2.361778e+01,2.354987e+01,2.352270e+01,2.347513e+01,2.348872e+01,2.342753e+01,2.350911e+01,2.337991e+01,2.337991e+01,2.334589e+01,2.337991e+01,2.320286e+01,2.329823e+01,2.328461e+01,2.322330e+01,2.329823e+01,2.317559e+01,2.325737e+01,2.323693e+01,2.315514e+01,2.316195e+01,2.318923e+01,2.315514e+01,2.316877e+01,2.320967e+01,2.319604e+01,2.323012e+01,2.312104e+01,2.310739e+01,2.315514e+01,2.334589e+01,2.336630e+01,2.335950e+01,2.344113e+01,2.335950e+01,2.331866e+01,2.340032e+01,2.346153e+01,2.346833e+01,2.356346e+01,2.356346e+01,2.348872e+01,2.360420e+01,2.358383e+01,2.361099e+01,2.364493e+01,2.362457e+01,2.375346e+01,2.368564e+01,2.369921e+01,2.369921e+01,2.380091e+01,2.387542e+01,2.377380e+01,2.382801e+01,2.388219e+01,2.394988e+01,2.399047e+01,2.400400e+01,2.405809e+01,2.404457e+01,2.396341e+01,2.401752e+01,2.399723e+01,2.397018e+01,2.394311e+01,2.390927e+01,2.391604e+01,2.388896e+01,2.387542e+01,2.365172e+01,2.369242e+01,2.369921e+01,2.365172e+01,2.370599e+01,2.353629e+01,2.353629e+01,2.358383e+01,2.365850e+01,2.368564e+01,2.362457e+01,2.365850e+01,2.366529e+01,2.364493e+01,2.378057e+01,2.373990e+01,2.378735e+01,2.365172e+01,2.362457e+01,2.356346e+01,2.366529e+01,2.360420e+01,2.363814e+01,2.359741e+01,2.366529e+01,2.374668e+01,2.350231e+01,2.350231e+01,2.354987e+01,2.336630e+01,2.337311e+01,2.344113e+01,2.340032e+01,2.339352e+01,2.340713e+01,2.338672e+01,2.342073e+01,2.342073e+01,2.344793e+01,2.333228e+01,2.339352e+01,2.344113e+01,2.340713e+01,2.324374e+01,2.331185e+01,2.330504e+01,2.352270e+01,2.344793e+01,2.345473e+01,2.330504e+01,2.335950e+01,2.335269e+01,2.336630e+01,2.333228e+01,2.327099e+01,2.332547e+01,2.331185e+01,2.329142e+01,2.329142e+01,2.328461e+01,2.326418e+01,2.330504e+01,2.327099e+01,2.329142e+01,2.329823e+01,2.337991e+01,2.331866e+01,2.326418e+01,2.329823e+01,2.349552e+01,2.328461e+01,2.328461e+01,2.320286e+01,2.327780e+01,2.330504e+01,2.325737e+01,2.330504e+01,2.324374e+01,2.330504e+01,2.329142e+01,2.329823e+01,2.331866e+01,2.323693e+01,2.321649e+01,2.325056e+01,2.323012e+01,2.333908e+01,2.325737e+01,2.331866e+01,2.327780e+01,2.332547e+01,2.331185e+01,2.333228e+01,2.335269e+01,2.340713e+01,2.335269e+01,2.339352e+01,2.333908e+01,2.338672e+01,2.336630e+01,2.338672e+01,2.337311e+01,2.341393e+01,2.340713e+01,2.332547e+01,2.350231e+01,2.346153e+01,2.348192e+01,2.342073e+01,2.346833e+01,2.345473e+01,2.344113e+01,2.352270e+01,2.346153e+01,2.350911e+01,2.350231e+01,2.346153e+01,2.348872e+01,2.359062e+01,2.357704e+01,2.359741e+01,2.349552e+01,2.342073e+01,2.351590e+01,2.355667e+01,2.354308e+01,2.359741e+01,2.356346e+01,2.352270e+01,2.346153e+01,2.355667e+01,2.346153e+01,2.348192e+01,2.345473e+01,2.354987e+01,2.352270e+01,2.354987e+01,2.344793e+01,2.348872e+01,2.357025e+01,2.359062e+01,2.357025e+01,2.356346e+01,2.357025e+01,2.354308e+01,2.358383e+01,2.354987e+01,2.354987e+01,2.357025e+01,2.369242e+01,2.365850e+01,2.358383e+01,2.357025e+01,2.353629e+01,2.363136e+01,2.361099e+01,2.359062e+01,2.357025e+01,2.363136e+01,2.359741e+01,2.361099e+01,2.361778e+01,2.355667e+01,2.367207e+01,2.367886e+01,2.368564e+01,2.382123e+01,2.383478e+01,2.467813e+01,2.595377e+01,2.710261e+01,2.735842e+01,2.760055e+01,2.785517e+01,2.789429e+01,2.798551e+01,2.801156e+01,2.824572e+01,2.813520e+01,2.831717e+01,2.829119e+01,2.826521e+01,2.832366e+01,2.829768e+01,2.827820e+01,2.806364e+01,2.802458e+01,2.775078e+01,2.767896e+01,2.767242e+01,2.743046e+01,2.729944e+01,2.710918e+01,2.683302e+01,2.657595e+01,2.654955e+01,2.645049e+01,2.619911e+01,2.600686e+01,2.581427e+01,2.592721e+01,2.588072e+01,2.596041e+01,2.594713e+01,2.576108e+01,2.595377e+01,2.593385e+01,2.605993e+01,2.572782e+01,2.592721e+01,2.588736e+01,2.573447e+01,2.590065e+01,2.589401e+01,2.592057e+01,2.600686e+01,2.635133e+01,2.625208e+01,2.630502e+01,2.630502e+01,2.609309e+01,2.629841e+01,2.630502e+01,2.643727e+01,2.645709e+01,2.668809e+01,2.649673e+01,2.648352e+01,2.656935e+01,2.662214e+01,2.680010e+01,2.683961e+01,2.666171e+01,2.676058e+01,2.670127e+01,2.670127e+01,2.673422e+01,2.666831e+01,2.689226e+01,2.678693e+01,2.688568e+01,2.691200e+01,2.699749e+01,2.690542e+01,2.700406e+01,2.693173e+01,2.694489e+01,2.674740e+01,2.693831e+01,2.697777e+01,2.687910e+01,2.692516e+01,2.680669e+01,2.680010e+01,2.657595e+01,2.676058e+01,2.670127e+01,2.643066e+01,2.667490e+01,2.649673e+01,2.637117e+01,2.631164e+01,2.630502e+01,2.622560e+01,2.629841e+01,2.634472e+01,2.635133e+01,2.639100e+01,2.631164e+01,2.645709e+01,2.647031e+01,2.655615e+01,2.625870e+01,2.651654e+01,2.639761e+01,2.645709e+01,2.626532e+01,2.626532e+01,2.617261e+01,2.625870e+01,2.623222e+01,2.614611e+01,2.608646e+01,2.608646e+01,2.593385e+01,2.582092e+01,2.578103e+01,2.574778e+01,2.564130e+01,2.565462e+01,2.534793e+01,2.536796e+01,2.513406e+01,2.518088e+01,2.508052e+01,2.495326e+01,2.459746e+01,2.451000e+01,2.448308e+01,2.442247e+01,2.408512e+01,2.407161e+01,2.390250e+01,2.384833e+01,2.369921e+01,2.350231e+01,2.348872e+01,2.346833e+01,2.350231e+01,2.336630e+01,2.327099e+01,2.327099e+01,2.318241e+01,2.316195e+01,2.326418e+01,2.320286e+01,2.320967e+01,2.316195e+01,2.318241e+01,2.314150e+01,2.325056e+01,2.326418e+01,2.312104e+01,2.307328e+01,2.322330e+01,2.322330e+01,2.321649e+01,2.321649e+01,2.319604e+01,2.327099e+01,2.330504e+01,2.306645e+01,2.323012e+01,2.327780e+01,2.331866e+01,2.335950e+01,2.335950e+01,2.325056e+01,2.322330e+01,2.324374e+01,2.327780e+01,2.322330e+01,2.321649e+01,2.320286e+01,2.305280e+01,2.319604e+01,2.335269e+01,2.325056e+01,2.334589e+01,2.325737e+01,2.325737e+01,2.340032e+01,2.350911e+01,2.350911e+01,2.352949e+01,2.356346e+01,2.378057e+01,2.373990e+01,2.372634e+01,2.366529e+01,2.371956e+01,2.371277e+01,2.370599e+01,2.371956e+01,2.363136e+01,2.361099e+01,2.357704e+01,2.364493e+01,2.367207e+01,2.379413e+01,2.354308e+01,2.372634e+01,2.351590e+01,2.373990e+01,2.373312e+01,2.370599e+01,2.347513e+01,2.349552e+01,2.352949e+01,2.342073e+01,2.347513e+01,2.359741e+01,2.361778e+01,2.355667e+01,2.357025e+01,2.361099e+01,2.360420e+01,2.368564e+01,2.360420e+01,2.357025e+01,2.361099e+01,2.350911e+01,2.357704e+01,2.354308e+01,2.325737e+01,2.323693e+01,2.318923e+01,2.317559e+01
2.411215e+01,2.433487e+01,2.418644e+01,2.441573e+01,2.460419e+01,2.446288e+01,2.463108e+01,2.466469e+01,2.463780e+01,2.463108e+01,2.462436e+01,2.455710e+01,2.456383e+01,2.468484e+01,2.479901e+01,2.481914e+01,2.463780e+01,2.469828e+01,2.498007e+01,2.484598e+01,2.489964e+01,2.487952e+01,2.498007e+01,2.492645e+01,2.484598e+01,2.469156e+01,2.491305e+01,2.483927e+01,2.487952e+01,2.497337e+01,2.486610e+01,2.517419e+01,2.509391e+01,2.506713e+01,2.522100e+01,2.530119e+01,2.520763e+01,2.518757e+01,2.542802e+01,2.523437e+01,2.529451e+01,2.524773e+01,2.545471e+01,2.536129e+01,2.536796e+01,2.536129e+01,2.556804e+01,2.532122e+01,2.533458e+01,2.534126e+01,2.538131e+01,2.508052e+01,2.510060e+01,2.489964e+01,2.463108e+01,2.437531e+01,2.431464e+01,2.426743e+01,2.384833e+01,2.390250e+01,2.380768e+01,2.401076e+01,2.399723e+01,2.405133e+01,2.435509e+01,2.425393e+01,2.434161e+01,2.428766e+01,2.409864e+01,2.442921e+01,2.423369e+01,2.433487e+01,2.443594e+01,2.429441e+01,2.452346e+01,2.448981e+01,2.432138e+01,2.405133e+01,2.429441e+01,2.426743e+01,2.422694e+01,2.413917e+01,2.413917e+01,2.421344e+01,2.416619e+01,2.415268e+01,2.416619e+01,2.413917e+01,2.409864e+01,2.384833e+01,2.393634e+01,2.386187e+01,2.390250e+01,2.342753e+01,2.338672e+01,2.333908e+01,2.328461e+01,2.328461e+01,2.329823e+01,2.324374e+01,2.316195e+01,2.300501e+01,2.288886e+01,2.264930e+01,2.267671e+01,2.282731e+01,2.284099e+01,2.281363e+01,2.264245e+01,2.260132e+01,2.255332e+01,2.243666e+01,2.216162e+01,2.212030e+01,2.207897e+01,2.203761e+01,2.199624e+01,2.212030e+01,2.205829e+01,2.219604e+01,2.244352e+01,2.240232e+01,2.240919e+01,2.240919e+01,2.245725e+01,2.251216e+01,2.234048e+01,2.241605e+01,2.251216e+01,2.243666e+01,2.286151e+01,2.275888e+01,2.289569e+01,2.306645e+01,2.327780e+01,2.325737e+01,2.340713e+01,2.326418e+01,2.354308e+01,2.350231e+01,2.361099e+01,2.373990e+01,2.399723e+01,2.374668e+01,2.370599e+01,2.381446e+01,2.382123e+01,2.365850e+01,2.366529e+01,2.376702e+01,2.371277e+01,2.377380e+01,2.368564e+01,2.387542e+01,2.390927e+01,2.400400e+01,2.414593e+01,2.408512e+01,2.407161e+01,2.422019e+01,2.422019e+01,2.403781e+01,2.427417e+01,2.405133e+01,2.411891e+01,2.404457e+01,2.405133e+01,2.377380e+01,2.387542e+01,2.390250e+01,2.380091e+01,2.377380e+01,2.377380e+01,2.369242e+01,2.369921e+01,2.354987e+01,2.350911e+01,2.344113e+01,2.348192e+01,2.341393e+01,2.344113e+01,2.350911e+01,2.337991e+01,2.330504e+01,2.326418e+01,2.333908e+01,2.331185e+01,2.321649e+01,2.331866e+01,2.311422e+01,2.324374e+01,2.316877e+01,2.323012e+01,2.322330e+01,2.312104e+01,2.320967e+01,2.320967e+01,2.314832e+01,2.322330e+01,2.315514e+01,2.310739e+01,2.323693e+01,2.328461e+01,2.342073e+01,2.330504e+01,2.333908e+01,2.339352e+01,2.345473e+01,2.345473e+01,2.344113e+01,2.344113e+01,2.353629e+01,2.357025e+01,2.360420e+01,2.365850e+01,2.354308e+01,2.361099e+01,2.370599e+01,2.369921e+01,2.371956e+01,2.374668e+01,2.370599e+01,2.369921e+01,2.369242e+01,2.373312e+01,2.380768e+01,2.384833e+01,2.394988e+01,2.385510e+01,2.390250e+01,2.394988e+01,2.397694e+01,2.379413e+01,2.382801e+01,2.388896e+01,2.398371e+01,2.398371e+01,2.385510e+01,2.391604e+01,2.361099e+01,2.382801e+01,2.369921e+01,2.365172e+01,2.372634e+01,2.362457e+01,2.361099e+01,2.363814e+01,2.357704e+01,2.356346e+01,2.360420e+01,2.359062e+01,2.361099e+01,2.365172e+01,2.371956e+01,2.365172e+01,2.363814e+01,2.367207e+01,2.378735e+01,2.365172e+01,2.365172e+01,2.365172e+01,2.367886e+01,2.369921e+01,2.352270e+01,2.360420e+01,2.361099e+01,2.370599e+01,2.351590e+01,2.352949e+01,2.353629e+01,2.351590e+01,2.349552e+01,2.346833e+01,2.346833e+01,2.343433e+01,2.342753e+01,2.337311e+01,2.337991e+01,2.339352e+01,2.336630e+01,2.338672e+01,2.341393e+01,2.328461e+01,2.337991e+01,2.327780e+01,2.325737e+01,2.328461e+01,2.337991e+01,2.331185e+01,2.331866e+01,2.337311e+01,2.338672e+01,2.333228e+01,2.335269e+01,2.333908e+01,2.333228e+01,2.325737e+01,2.331185e+01,2.327099e+01,2.325056e+01,2.329142e+01,2.331866e+01,2.331866e+01,2.331185e+01,2.331185e+01,2.327099e+01,2.329142e+01,2.326418e+01,2.323693e+01,2.329823e+01,2.323693e+01,2.324374e+01,2.325056e+01,2.324374e+01,2.319604e+01,2.329823e+01,2.329823e+01,2.323012e+01,2.323012e+01,2.323693e+01,2.332547e+01,2.329142e+01,2.325737e+01,2.330504e+01,2.325737e+01,2.331185e+01,2.325737e+01,2.327780e+01,2.320286e+01,2.334589e+01,2.322330e+01,2.322330e+01,2.331185e+01,2.339352e+01,2.347513e+01,2.339352e+01,2.349552e+01,2.349552e+01,2.335950e+01,2.340032e+01,2.332547e+01,2.335269e+01,2.342073e+01,2.337311e+01,2.342753e+01,2.346833e+01,2.339352e+01,2.350231e+01,2.338672e+01,2.348872e+01,2.346153e+01,2.342073e+01,2.340713e+01,2.343433e+01,2.348872e+01,2.348872e+01,2.347513e+01,2.346833e+01,2.354308e+01,2.358383e+01,2.336630e+01,2.360420e+01,2.357704e+01,2.360420e+01,2.357704e+01,2.347513e+01,2.351590e+01,2.362457e+01,2.350231e+01,2.365172e+01,2.354308e+01,2.359741e+01,2.354987e+01,2.353629e+01,2.352270e+01,2.353629e+01,2.346833e+01,2.356346e+01,2.355667e+01,2.354987e+01,2.373312e+01,2.357025e+01,2.362457e+01,2.357704e+01,2.358383e+01,2.361778e+01,2.358383e+01,2.359741e+01,2.359062e+01,2.359062e+01,2.361778e+01,2.357704e+01,2.359062e+01,2.367886e+01,2.361778e+01,2.357704e+01,2.363814e+01,2.363136e+01,2.364493e+01,2.361099e+01,2.359741e+01,2.365850e+01,2.361099e+01,2.365850e+01,2.357704e+01,2.359741e+01,2.356346e+01,2.357704e+01,2.359062e+01,2.384833e+01,2.460419e+01,2.588072e+01,2.666831e+01,2.734532e+01,2.760055e+01,2.768549e+01,2.799202e+01,2.803760e+01,2.797248e+01,2.810268e+01,2.815471e+01,2.827170e+01,2.819373e+01,2.831067e+01,2.817422e+01,2.824572e+01,2.827820e+01,2.807665e+01,2.795945e+01,2.780951e+01,2.771161e+01,2.765936e+01,2.743046e+01,2.721420e+01,2.712231e+01,2.685277e+01,2.678034e+01,2.649012e+01,2.639100e+01,2.613286e+01,2.609971e+01,2.581427e+01,2.573447e+01,2.572782e+01,2.572782e+01,2.572117e+01,2.572782e+01,2.574113e+01,2.585415e+01,2.568790e+01,2.572117e+01,2.590065e+01,2.579433e+01,2.577438e+01,2.562132e+01,2.565462e+01,2.588072e+01,2.595377e+01,2.598696e+01,2.627855e+01,2.629179e+01,2.609971e+01,2.620573e+01,2.613286e+01,2.626532e+01,2.608646e+01,2.625870e+01,2.625870e+01,2.647031e+01,2.647691e+01,2.664193e+01,2.650994e+01,2.656275e+01,2.664193e+01,2.664193e+01,2.662874e+01,2.650994e+01,2.652314e+01,2.652314e+01,2.661554e+01,2.664852e+01,2.664193e+01,2.678034e+01,2.688568e+01,2.685936e+01,2.689226e+01,2.672763e+01,2.687910e+01,2.692516e+01,2.680010e+01,2.692516e+01,2.675399e+01,2.681986e+01,2.659575e+01,2.652975e+01,2.655615e+01,2.650333e+01,2.652975e+01,2.633810e+01,2.641084e+01,2.651654e+01,2.629179e+01,2.633810e+01,2.633149e+01,2.631826e+01,2.633149e+01,2.633810e+01,2.633149e+01,2.643066e+01,2.626532e+01,2.653635e+01,2.649673e+01,2.646370e+01,2.652314e+01,2.647031e+01,2.635133e+01,2.620573e+01,2.631826e+01,2.627855e+01,2.627194e+01,2.611297e+01,2.619911e+01,2.611297e+01,2.602013e+01,2.590729e+01,2.613286e+01,2.591393e+01,2.586743e+01,2.580762e+01,2.585415e+01,2.565462e+01,2.560134e+01,2.545471e+01,2.531454e+01,2.504035e+01,2.518757e+01,2.510730e+01,2.485269e+01,2.460419e+01,2.452346e+01,2.447635e+01,2.426743e+01,2.411215e+01,2.409864e+01,2.393634e+01,2.390250e+01,2.378735e+01,2.366529e+01,2.367886e+01,2.354987e+01,2.352270e+01,2.334589e+01,2.325056e+01,2.324374e+01,2.322330e+01,2.312786e+01,2.320286e+01,2.320967e+01,2.323693e+01,2.315514e+01,2.318241e+01,2.315514e+01,2.314150e+01,2.318241e+01,2.310057e+01,2.322330e+01,2.318923e+01,2.318241e+01,2.318923e+01,2.317559e+01,2.319604e+01,2.329142e+01,2.325056e+01,2.308693e+01,2.323012e+01,2.310057e+01,2.322330e+01,2.314150e+01,2.341393e+01,2.318241e+01,2.325056e+01,2.303232e+01,2.302550e+01,2.329142e+01,2.320967e+01,2.325737e+01,2.319604e+01,2.318241e+01,2.319604e+01,2.312786e+01,2.318923e+01,2.320286e+01,2.327780e+01,2.334589e+01,2.329142e+01,2.345473e+01,2.351590e+01,2.352949e+01,2.353629e+01,2.359062e+01,2.367207e+01,2.367207e+01,2.369242e+01,2.365172e+01,2.358383e+01,2.359741e+01,2.352949e+01,2.348872e+01,2.343433e+01,2.363814e+01,2.364493e+01,2.346833e+01,2.373312e+01,2.357025e+01,2.369921e+01,2.369242e+01,2.367886e+01,2.368564e+01,2.337991e+01,2.340713e+01,2.354308e+01,2.357025e+01,2.347513e+01,2.336630e+01,2.354308e+01,2.342753e+01,2.356346e+01,2.357704e+01,2.362457e+01,2.363814e+01,2.362457e+01,2.365850e+01,2.355667e+01,2.354987e+01,2.352949e+01,2.339352e+01,2.332547e+01,2.339352e+01,2.333228e+01,2.327099e+01
2.403105e+01,2.417969e+01,2.418644e+01,2.412566e+01,2.430115e+01,2.441573e+01,2.436183e+01,2.444941e+01,2.449654e+01,2.464452e+01,2.461763e+01,2.438878e+01,2.463108e+01,2.444941e+01,2.455038e+01,2.453019e+01,2.467813e+01,2.461091e+01,2.472515e+01,2.470500e+01,2.475873e+01,2.470500e+01,2.472515e+01,2.465796e+01,2.471172e+01,2.454365e+01,2.474530e+01,2.466469e+01,2.473858e+01,2.483256e+01,2.484598e+01,2.487281e+01,2.490634e+01,2.493986e+01,2.505375e+01,2.512737e+01,2.521431e+01,2.514075e+01,2.514075e+01,2.525442e+01,2.510060e+01,2.515413e+01,2.538131e+01,2.510730e+01,2.519426e+01,2.527446e+01,2.535461e+01,2.534793e+01,2.516082e+01,2.508722e+01,2.506713e+01,2.482585e+01,2.467813e+01,2.459746e+01,2.434161e+01,2.404457e+01,2.388896e+01,2.388896e+01,2.373990e+01,2.376702e+01,2.372634e+01,2.386187e+01,2.411891e+01,2.407161e+01,2.434161e+01,2.424719e+01,2.409864e+01,2.429441e+01,2.413242e+01,2.422694e+01,2.419994e+01,2.424719e+01,2.437531e+01,2.419994e+01,2.428766e+01,2.424719e+01,2.424044e+01,2.417969e+01,2.424719e+01,2.420670e+01,2.415268e+01,2.409188e+01,2.413242e+01,2.423369e+01,2.421344e+01,2.422694e+01,2.416619e+01,2.415943e+01,2.405809e+01,2.403105e+01,2.386187e+01,2.365172e+01,2.365172e+01,2.331185e+01,2.338672e+01,2.322330e+01,2.337311e+01,2.329823e+01,2.325056e+01,2.321649e+01,2.325737e+01,2.288202e+01,2.288202e+01,2.264930e+01,2.258761e+01,2.239545e+01,2.266986e+01,2.249158e+01,2.249844e+01,2.253960e+01,2.250530e+01,2.231986e+01,2.212030e+01,2.227860e+01,2.206518e+01,2.214096e+01,2.212719e+01,2.231986e+01,2.236797e+01,2.243666e+01,2.239545e+01,2.237484e+01,2.232673e+01,2.243666e+01,2.250530e+01,2.254646e+01,2.254646e+01,2.256704e+01,2.276573e+01,2.287519e+01,2.307328e+01,2.309375e+01,2.334589e+01,2.344113e+01,2.338672e+01,2.365172e+01,2.364493e+01,2.363814e+01,2.370599e+01,2.380768e+01,2.373990e+01,2.376024e+01,2.378057e+01,2.394311e+01,2.388896e+01,2.394311e+01,2.385510e+01,2.376024e+01,2.387542e+01,2.387542e+01,2.378057e+01,2.388896e+01,2.378057e+01,2.391604e+01,2.416619e+01,2.414593e+01,2.427417e+01,2.434161e+01,2.429441e+01,2.434835e+01,2.436183e+01,2.450327e+01,2.439552e+01,2.451000e+01,2.442921e+01,2.426068e+01,2.407161e+01,2.415943e+01,2.410540e+01,2.398371e+01,2.397018e+01,2.415943e+01,2.403781e+01,2.384155e+01,2.377380e+01,2.382123e+01,2.376024e+01,2.368564e+01,2.357025e+01,2.354308e+01,2.343433e+01,2.359741e+01,2.336630e+01,2.338672e+01,2.328461e+01,2.325737e+01,2.325056e+01,2.328461e+01,2.313468e+01,2.333908e+01,2.321649e+01,2.322330e+01,2.311422e+01,2.316877e+01,2.320286e+01,2.314150e+01,2.320967e+01,2.321649e+01,2.310057e+01,2.320286e+01,2.324374e+01,2.325737e+01,2.314150e+01,2.332547e+01,2.323012e+01,2.333228e+01,2.331185e+01,2.340713e+01,2.340713e+01,2.346833e+01,2.347513e+01,2.350231e+01,2.339352e+01,2.355667e+01,2.354308e+01,2.352949e+01,2.352270e+01,2.355667e+01,2.359062e+01,2.368564e+01,2.369242e+01,2.368564e+01,2.367886e+01,2.371277e+01,2.371956e+01,2.372634e+01,2.385510e+01,2.382123e+01,2.380768e+01,2.379413e+01,2.388219e+01,2.380768e+01,2.374668e+01,2.384833e+01,2.388896e+01,2.387542e+01,2.387542e+01,2.382801e+01,2.390250e+01,2.382123e+01,2.370599e+01,2.365850e+01,2.372634e+01,2.369921e+01,2.366529e+01,2.369242e+01,2.376024e+01,2.360420e+01,2.363814e+01,2.357025e+01,2.365172e+01,2.375346e+01,2.367886e+01,2.365850e+01,2.361778e+01,2.362457e+01,2.368564e+01,2.375346e+01,2.363136e+01,2.358383e+01,2.359741e+01,2.363814e+01,2.359062e+01,2.360420e+01,2.357704e+01,2.362457e+01,2.359741e+01,2.351590e+01,2.354987e+01,2.352949e+01,2.352949e+01,2.348872e+01,2.348192e+01,2.339352e+01,2.342073e+01,2.348872e+01,2.337991e+01,2.337991e+01,2.329823e+01,2.341393e+01,2.337991e+01,2.340713e+01,2.333228e+01,2.335269e+01,2.344113e+01,2.325737e+01,2.329823e+01,2.344793e+01,2.341393e+01,2.331185e+01,2.335269e+01,2.333228e+01,2.328461e+01,2.335950e+01,2.328461e+01,2.328461e+01,2.334589e+01,2.330504e+01,2.327099e+01,2.330504e+01,2.331185e+01,2.323693e+01,2.331866e+01,2.331866e+01,2.325737e+01,2.321649e+01,2.324374e+01,2.325737e+01,2.329823e+01,2.330504e+01,2.325737e+01,2.329823e+01,2.324374e+01,2.327099e+01,2.329142e+01,2.330504e+01,2.324374e+01,2.318241e+01,2.322330e+01,2.327780e+01,2.329142e+01,2.324374e+01,2.329823e+01,2.331185e+01,2.336630e+01,2.327780e+01,2.335269e+01,2.331866e+01,2.325056e+01,2.326418e+01,2.325737e+01,2.345473e+01,2.337991e+01,2.337311e+01,2.337991e+01,2.337991e+01,2.333228e+01,2.339352e+01,2.348192e+01,2.347513e+01,2.338672e+01,2.336630e+01,2.345473e+01,2.332547e+01,2.346833e+01,2.343433e+01,2.354987e+01,2.350231e+01,2.347513e+01,2.348872e+01,2.346833e+01,2.346833e+01,2.344113e+01,2.352270e+01,2.347513e+01,2.343433e+01,2.347513e+01,2.346153e+01,2.348192e+01,2.356346e+01,2.351590e+01,2.354987e+01,2.361778e+01,2.350231e+01,2.358383e+01,2.350231e+01,2.361099e+01,2.359741e+01,2.354308e+01,2.354308e+01,2.359062e+01,2.350231e+01,2.346153e+01,2.359741e+01,2.348192e+01,2.357025e+01,2.352270e+01,2.356346e+01,2.343433e+01,2.352949e+01,2.356346e+01,2.361778e+01,2.359062e+01,2.358383e+01,2.357025e+01,2.362457e+01,2.361099e+01,2.358383e+01,2.355667e+01,2.354308e+01,2.358383e+01,2.357704e+01,2.363136e+01,2.359062e+01,2.354987e+01,2.361099e+01,2.359741e+01,2.357704e+01,2.362457e+01,2.363814e+01,2.359062e+01,2.360420e+01,2.354308e+01,2.352270e+01,2.369242e+01,2.357704e+01,2.354987e+01,2.371277e+01,2.377380e+01,2.385510e+01,2.456383e+01,2.588072e+01,2.687252e+01,2.727322e+01,2.737152e+01,2.767896e+01,2.780951e+01,2.814821e+01,2.805062e+01,2.807665e+01,2.810919e+01,2.807014e+01,2.820023e+01,2.826521e+01,2.825871e+01,2.823272e+01,2.831067e+01,2.821972e+01,2.800504e+01,2.777036e+01,2.773120e+01,2.770508e+01,2.746319e+01,2.735187e+01,2.712888e+01,2.705006e+01,2.685936e+01,2.640422e+01,2.649012e+01,2.603340e+01,2.601350e+01,2.602013e+01,2.592057e+01,2.574778e+01,2.570786e+01,2.570121e+01,2.570121e+01,2.571451e+01,2.571451e+01,2.542802e+01,2.551472e+01,2.566127e+01,2.561466e+01,2.563464e+01,2.564130e+01,2.534126e+01,2.567459e+01,2.578768e+01,2.587408e+01,2.596704e+01,2.592721e+01,2.607319e+01,2.628517e+01,2.604004e+01,2.605993e+01,2.601350e+01,2.603340e+01,2.612623e+01,2.619248e+01,2.629841e+01,2.648352e+01,2.643066e+01,2.654295e+01,2.653635e+01,2.637778e+01,2.642405e+01,2.637117e+01,2.643066e+01,2.648352e+01,2.648352e+01,2.653635e+01,2.648352e+01,2.676717e+01,2.668809e+01,2.679352e+01,2.662214e+01,2.685277e+01,2.686594e+01,2.664193e+01,2.652314e+01,2.648352e+01,2.668149e+01,2.649012e+01,2.650333e+01,2.621898e+01,2.614611e+01,2.614611e+01,2.614611e+01,2.615274e+01,2.615274e+01,2.616599e+01,2.628517e+01,2.615936e+01,2.643066e+01,2.636456e+01,2.634472e+01,2.631826e+01,2.643727e+01,2.630502e+01,2.639100e+01,2.634472e+01,2.639761e+01,2.654955e+01,2.656935e+01,2.652314e+01,2.623884e+01,2.635794e+01,2.633810e+01,2.611960e+01,2.622560e+01,2.605330e+01,2.616599e+01,2.603340e+01,2.611297e+01,2.594049e+01,2.605993e+01,2.596041e+01,2.589401e+01,2.557470e+01,2.569455e+01,2.571451e+01,2.544804e+01,2.538799e+01,2.531454e+01,2.532122e+01,2.503366e+01,2.500687e+01,2.475201e+01,2.452346e+01,2.449654e+01,2.456383e+01,2.441573e+01,2.420670e+01,2.402428e+01,2.401752e+01,2.379413e+01,2.377380e+01,2.350231e+01,2.365850e+01,2.350911e+01,2.336630e+01,2.328461e+01,2.331185e+01,2.318923e+01,2.312786e+01,2.314832e+01,2.304598e+01,2.319604e+01,2.313468e+01,2.316877e+01,2.316877e+01,2.300501e+01,2.318241e+01,2.298452e+01,2.319604e+01,2.302550e+01,2.318241e+01,2.317559e+01,2.303232e+01,2.316877e+01,2.316195e+01,2.317559e+01,2.320967e+01,2.308693e+01,2.314150e+01,2.320967e+01,2.312104e+01,2.323693e+01,2.312104e+01,2.315514e+01,2.300501e+01,2.303232e+01,2.312104e+01,2.327099e+01,2.316195e+01,2.321649e+01,2.313468e+01,2.314832e+01,2.317559e+01,2.312104e+01,2.314150e+01,2.312786e+01,2.314150e+01,2.325056e+01,2.331866e+01,2.341393e+01,2.350911e+01,2.352270e+01,2.350231e+01,2.340032e+01,2.353629e+01,2.357025e+01,2.355667e+01,2.353629e+01,2.356346e+01,2.367886e+01,2.348192e+01,2.347513e+01,2.352949e+01,2.344113e+01,2.348872e+01,2.345473e+01,2.355667e+01,2.344793e+01,2.356346e+01,2.363136e+01,2.336630e+01,2.342073e+01,2.345473e+01,2.336630e+01,2.327099e+01,2.333228e+01,2.330504e+01,2.345473e+01,2.342753e+01,2.338672e+01,2.358383e+01,2.362457e+01,2.368564e+01,2.371277e+01,2.365850e+01,2.357025e+01,2.359062e+01,2.348872e+01,2.347513e+01,2.342753e+01,2.341393e+01,2.333228e+01,2.340032e+01,2.333228e+01
2.417969e+01,2.416619e+01,2.425393e+01,2.417294e+01,2.424719e+01,2.425393e+01,2.430790e+01,2.433487e+01,2.439552e+01,2.437531e+01,2.448981e+01,2.439552e+01,2.444941e+01,2.454365e+01,2.467141e+01,2.450327e+01,2.449654e+01,2.469828e+01,2.455710e+01,2.458401e+01,2.444941e+01,2.463108e+01,2.460419e+01,2.462436e+01,2.465124e+01,2.459073e+01,2.461763e+01,2.457056e+01,2.459073e+01,2.478558e+01,2.472515e+01,2.471172e+01,2.484598e+01,2.494656e+01,2.487281e+01,2.496667e+01,2.498677e+01,2.498677e+01,2.504705e+01,2.510730e+01,2.509391e+01,2.508722e+01,2.520763e+01,2.518088e+01,2.513406e+01,2.516082e+01,2.515413e+01,2.513406e+01,2.506044e+01,2.491975e+01,2.479230e+01,2.467141e+01,2.433487e+01,2.431464e+01,2.386187e+01,2.387542e+01,2.377380e+01,2.379413e+01,2.366529e+01,2.376702e+01,2.376702e+01,2.382801e+01,2.407837e+01,2.408512e+01,2.409864e+01,2.409188e+01,2.416619e+01,2.411215e+01,2.416619e+01,2.413917e+01,2.423369e+01,2.427417e+01,2.411215e+01,2.412566e+01,2.421344e+01,2.419994e+01,2.417969e+01,2.404457e+01,2.417294e+01,2.405133e+01,2.405809e+01,2.419319e+01,2.417294e+01,2.409864e+01,2.412566e+01,2.410540e+01,2.409188e+01,2.405133e+01,2.401076e+01,2.401076e+01,2.400400e+01,2.367207e+01,2.352270e+01,2.333908e+01,2.329142e+01,2.331866e+01,2.319604e+01,2.325056e+01,2.333908e+01,2.331185e+01,2.332547e+01,2.305280e+01,2.285467e+01,2.272465e+01,2.239545e+01,2.242979e+01,2.241605e+01,2.243666e+01,2.247785e+01,2.238171e+01,2.238171e+01,2.235422e+01,2.236797e+01,2.225797e+01,2.232673e+01,2.231298e+01,2.247785e+01,2.248471e+01,2.251902e+01,2.242979e+01,2.245725e+01,2.242979e+01,2.254646e+01,2.241605e+01,2.266986e+01,2.275204e+01,2.295037e+01,2.307328e+01,2.335950e+01,2.335269e+01,2.349552e+01,2.350231e+01,2.354308e+01,2.371277e+01,2.371277e+01,2.375346e+01,2.388219e+01,2.394311e+01,2.388896e+01,2.403781e+01,2.401076e+01,2.401076e+01,2.412566e+01,2.405133e+01,2.414593e+01,2.403781e+01,2.399047e+01,2.399047e+01,2.395664e+01,2.401076e+01,2.391604e+01,2.392958e+01,2.414593e+01,2.403781e+01,2.440226e+01,2.434835e+01,2.459746e+01,2.457056e+01,2.459746e+01,2.466469e+01,2.456383e+01,2.455710e+01,2.462436e+01,2.459073e+01,2.450327e+01,2.450327e+01,2.446961e+01,2.415268e+01,2.442247e+01,2.429441e+01,2.431464e+01,2.433487e+01,2.430790e+01,2.403105e+01,2.412566e+01,2.397694e+01,2.393634e+01,2.384833e+01,2.387542e+01,2.361099e+01,2.360420e+01,2.351590e+01,2.362457e+01,2.342753e+01,2.361099e+01,2.327780e+01,2.344113e+01,2.345473e+01,2.329823e+01,2.340032e+01,2.335950e+01,2.318923e+01,2.316877e+01,2.322330e+01,2.333908e+01,2.325056e+01,2.325737e+01,2.317559e+01,2.311422e+01,2.318241e+01,2.327099e+01,2.331866e+01,2.327099e+01,2.330504e+01,2.330504e+01,2.337311e+01,2.329142e+01,2.348872e+01,2.346153e+01,2.346153e+01,2.362457e+01,2.344793e+01,2.355667e+01,2.357704e+01,2.355667e+01,2.352949e+01,2.361778e+01,2.361099e+01,2.372634e+01,2.369242e+01,2.352270e+01,2.368564e+01,2.369242e+01,2.367886e+01,2.367886e+01,2.382123e+01,2.376702e+01,2.388219e+01,2.388219e+01,2.376702e+01,2.390250e+01,2.391604e+01,2.382801e+01,2.378057e+01,2.397018e+01,2.385510e+01,2.383478e+01,2.371277e+01,2.382801e+01,2.366529e+01,2.371277e+01,2.378735e+01,2.381446e+01,2.367207e+01,2.371277e+01,2.361099e+01,2.357704e+01,2.355667e+01,2.368564e+01,2.359741e+01,2.376024e+01,2.369242e+01,2.365172e+01,2.368564e+01,2.370599e+01,2.361778e+01,2.380091e+01,2.372634e+01,2.363136e+01,2.356346e+01,2.356346e+01,2.357025e+01,2.361099e+01,2.363814e+01,2.361099e+01,2.365850e+01,2.352270e+01,2.352949e+01,2.354987e+01,2.352949e+01,2.352270e+01,2.354308e+01,2.337311e+01,2.346833e+01,2.346833e+01,2.346153e+01,2.338672e+01,2.338672e+01,2.335950e+01,2.332547e+01,2.337311e+01,2.332547e+01,2.335950e+01,2.333908e+01,2.342753e+01,2.329823e+01,2.340713e+01,2.327780e+01,2.334589e+01,2.334589e+01,2.327099e+01,2.331185e+01,2.335269e+01,2.323693e+01,2.331185e+01,2.335269e+01,2.330504e+01,2.333908e+01,2.326418e+01,2.325737e+01,2.330504e+01,2.331185e+01,2.331185e+01,2.331185e+01,2.329142e+01,2.330504e+01,2.329142e+01,2.329142e+01,2.331185e+01,2.321649e+01,2.327780e+01,2.329823e+01,2.323693e+01,2.323012e+01,2.329142e+01,2.320286e+01,2.323012e+01,2.332547e+01,2.317559e+01,2.325056e+01,2.320967e+01,2.331866e+01,2.329823e+01,2.334589e+01,2.328461e+01,2.332547e+01,2.340032e+01,2.329823e+01,2.333908e+01,2.320967e+01,2.338672e+01,2.335269e+01,2.335950e+01,2.346833e+01,2.311422e+01,2.343433e+01,2.348192e+01,2.338672e+01,2.348192e+01,2.333228e+01,2.338672e+01,2.344113e+01,2.345473e+01,2.341393e+01,2.348192e+01,2.333908e+01,2.333228e+01,2.348872e+01,2.345473e+01,2.348872e+01,2.342073e+01,2.357704e+01,2.355667e+01,2.346833e+01,2.355667e+01,2.349552e+01,2.350231e+01,2.350231e+01,2.357704e+01,2.352949e+01,2.354987e+01,2.353629e+01,2.354308e+01,2.361099e+01,2.349552e+01,2.362457e+01,2.359741e+01,2.357704e+01,2.350911e+01,2.353629e+01,2.358383e+01,2.355667e+01,2.357704e+01,2.362457e+01,2.360420e+01,2.353629e+01,2.355667e+01,2.360420e+01,2.349552e+01,2.357704e+01,2.356346e+01,2.359062e+01,2.359062e+01,2.359741e+01,2.363814e+01,2.364493e+01,2.363814e+01,2.364493e+01,2.353629e+01,2.357025e+01,2.364493e+01,2.365172e+01,2.360420e+01,2.357025e+01,2.359062e+01,2.363814e+01,2.362457e+01,2.361099e+01,2.357025e+01,2.373990e+01,2.369242e+01,2.363814e+01,2.363136e+01,2.360420e+01,2.361099e+01,2.377380e+01,2.368564e+01,2.376702e+01,2.373312e+01,2.378057e+01,2.426068e+01,2.550139e+01,2.662874e+01,2.726011e+01,2.756786e+01,2.762015e+01,2.782908e+01,2.803760e+01,2.803760e+01,2.807014e+01,2.822622e+01,2.827170e+01,2.826521e+01,2.826521e+01,2.827170e+01,2.829119e+01,2.831067e+01,2.827820e+01,2.825221e+01,2.773772e+01,2.773120e+01,2.769855e+01,2.748282e+01,2.739772e+01,2.717483e+01,2.700406e+01,2.685936e+01,2.652314e+01,2.645049e+01,2.621235e+01,2.611960e+01,2.603340e+01,2.604004e+01,2.590729e+01,2.584750e+01,2.587408e+01,2.576108e+01,2.559468e+01,2.566793e+01,2.554804e+01,2.544804e+01,2.567459e+01,2.564796e+01,2.554804e+01,2.561466e+01,2.560800e+01,2.561466e+01,2.567459e+01,2.578103e+01,2.592057e+01,2.594049e+01,2.605993e+01,2.613286e+01,2.607319e+01,2.596704e+01,2.607982e+01,2.602677e+01,2.607982e+01,2.607982e+01,2.598696e+01,2.612623e+01,2.633149e+01,2.656275e+01,2.650994e+01,2.636456e+01,2.620573e+01,2.619911e+01,2.629841e+01,2.631164e+01,2.625870e+01,2.647031e+01,2.628517e+01,2.633149e+01,2.637117e+01,2.642405e+01,2.646370e+01,2.647691e+01,2.650333e+01,2.643066e+01,2.633149e+01,2.623222e+01,2.619248e+01,2.596704e+01,2.596041e+01,2.590065e+01,2.581427e+01,2.583421e+01,2.590065e+01,2.594049e+01,2.614611e+01,2.623222e+01,2.621898e+01,2.625870e+01,2.634472e+01,2.639100e+01,2.646370e+01,2.634472e+01,2.632487e+01,2.650333e+01,2.631826e+01,2.633810e+01,2.639100e+01,2.647691e+01,2.645709e+01,2.640422e+01,2.653635e+01,2.631826e+01,2.641744e+01,2.630502e+01,2.607982e+01,2.598696e+01,2.589401e+01,2.602013e+01,2.618586e+01,2.611297e+01,2.591393e+01,2.579433e+01,2.591393e+01,2.576108e+01,2.567459e+01,2.552139e+01,2.550139e+01,2.542802e+01,2.508052e+01,2.524773e+01,2.528115e+01,2.488622e+01,2.479901e+01,2.475201e+01,2.457056e+01,2.432138e+01,2.422694e+01,2.410540e+01,2.406485e+01,2.378735e+01,2.392281e+01,2.357704e+01,2.365850e+01,2.366529e+01,2.353629e+01,2.350911e+01,2.356346e+01,2.335269e+01,2.316877e+01,2.316877e+01,2.320286e+01,2.321649e+01,2.320286e+01,2.319604e+01,2.316195e+01,2.316877e+01,2.313468e+01,2.310057e+01,2.322330e+01,2.321649e+01,2.320967e+01,2.317559e+01,2.321649e+01,2.316195e+01,2.309375e+01,2.303915e+01,2.299818e+01,2.312786e+01,2.318923e+01,2.299135e+01,2.312104e+01,2.308010e+01,2.314150e+01,2.319604e+01,2.312104e+01,2.309375e+01,2.307328e+01,2.320286e+01,2.318923e+01,2.314832e+01,2.300501e+01,2.314832e+01,2.304598e+01,2.305280e+01,2.312104e+01,2.315514e+01,2.313468e+01,2.315514e+01,2.314832e+01,2.333228e+01,2.331185e+01,2.346833e+01,2.335269e+01,2.357025e+01,2.363814e+01,2.350231e+01,2.351590e+01,2.353629e+01,2.344113e+01,2.356346e+01,2.357704e+01,2.349552e+01,2.361099e+01,2.335269e+01,2.336630e+01,2.338672e+01,2.344793e+01,2.338672e+01,2.346153e+01,2.344793e+01,2.334589e+01,2.325737e+01,2.314832e+01,2.334589e+01,2.325737e+01,2.316877e+01,2.326418e+01,2.330504e+01,2.345473e+01,2.348192e+01,2.346153e+01,2.355667e+01,2.362457e+01,2.363136e+01,2.374668e+01,2.363136e+01,2.370599e+01,2.358383e+01,2.357704e+01,2.345473e+01,2.349552e+01,2.339352e+01,2.332547e+01,2.337311e+01,2.337311e+01
2.400400e+01,2.420670e+01,2.417294e+01,2.413242e+01,2.420670e+01,2.430790e+01,2.436183e+01,2.439552e+01,2.439552e+01,2.418644e+01,2.419994e+01,2.435509e+01,2.442247e+01,2.442921e+01,2.446288e+01,2.431464e+01,2.436857e+01,2.448981e+01,2.442247e+01,2.451000e+01,2.445614e+01,2.435509e+01,2.446961e+01,2.445614e+01,2.453019e+01,2.444268e+01,2.457056e+01,2.457728e+01,2.452346e+01,2.456383e+01,2.471844e+01,2.461091e+01,2.473187e+01,2.474530e+01,2.472515e+01,2.491305e+01,2.490634e+01,2.500017e+01,2.493316e+01,2.515413e+01,2.488622e+01,2.489964e+01,2.501357e+01,2.500687e+01,2.512737e+01,2.486610e+01,2.510730e+01,2.502696e+01,2.491975e+01,2.464452e+01,2.447635e+01,2.405809e+01,2.393634e+01,2.376702e+01,2.370599e+01,2.355667e+01,2.368564e+01,2.367207e+01,2.379413e+01,2.379413e+01,2.386865e+01,2.386865e+01,2.380768e+01,2.388219e+01,2.392281e+01,2.398371e+01,2.405809e+01,2.400400e+01,2.396341e+01,2.409864e+01,2.419994e+01,2.405809e+01,2.412566e+01,2.424044e+01,2.422694e+01,2.409188e+01,2.405809e+01,2.419319e+01,2.417294e+01,2.407161e+01,2.412566e+01,2.411891e+01,2.415943e+01,2.410540e+01,2.411215e+01,2.412566e+01,2.408512e+01,2.411891e+01,2.407161e+01,2.382123e+01,2.379413e+01,2.357704e+01,2.327099e+01,2.306645e+01,2.301867e+01,2.331866e+01,2.333908e+01,2.333908e+01,2.331866e+01,2.327099e+01,2.335950e+01,2.299135e+01,2.274519e+01,2.258761e+01,2.254646e+01,2.252588e+01,2.246412e+01,2.236797e+01,2.242292e+01,2.237484e+01,2.238858e+01,2.245725e+01,2.235422e+01,2.245725e+01,2.253275e+01,2.253275e+01,2.234048e+01,2.243666e+01,2.236797e+01,2.271096e+01,2.231298e+01,2.253960e+01,2.253275e+01,2.275888e+01,2.295037e+01,2.299135e+01,2.306645e+01,2.318241e+01,2.336630e+01,2.350231e+01,2.352949e+01,2.354308e+01,2.366529e+01,2.377380e+01,2.389573e+01,2.390250e+01,2.403781e+01,2.411215e+01,2.397018e+01,2.426068e+01,2.403781e+01,2.430115e+01,2.426743e+01,2.422019e+01,2.407837e+01,2.415943e+01,2.403781e+01,2.413917e+01,2.397694e+01,2.382801e+01,2.398371e+01,2.415268e+01,2.417294e+01,2.428766e+01,2.439552e+01,2.474530e+01,2.493986e+01,2.495326e+01,2.493986e+01,2.496667e+01,2.495997e+01,2.477887e+01,2.502026e+01,2.473858e+01,2.481914e+01,2.472515e+01,2.459073e+01,2.446961e+01,2.456383e+01,2.461763e+01,2.450327e+01,2.444268e+01,2.438205e+01,2.436183e+01,2.409188e+01,2.417969e+01,2.409864e+01,2.403781e+01,2.387542e+01,2.382801e+01,2.367886e+01,2.357704e+01,2.362457e+01,2.355667e+01,2.360420e+01,2.349552e+01,2.342753e+01,2.368564e+01,2.347513e+01,2.330504e+01,2.346153e+01,2.343433e+01,2.345473e+01,2.323012e+01,2.325737e+01,2.340713e+01,2.320967e+01,2.320286e+01,2.339352e+01,2.330504e+01,2.330504e+01,2.324374e+01,2.328461e+01,2.336630e+01,2.357025e+01,2.350231e+01,2.349552e+01,2.340713e+01,2.360420e+01,2.348872e+01,2.348872e+01,2.348872e+01,2.363136e+01,2.350911e+01,2.352270e+01,2.354987e+01,2.363814e+01,2.358383e+01,2.365172e+01,2.369242e+01,2.357025e+01,2.364493e+01,2.369242e+01,2.364493e+01,2.369921e+01,2.369921e+01,2.378057e+01,2.388219e+01,2.379413e+01,2.390250e+01,2.380091e+01,2.390250e+01,2.382123e+01,2.373990e+01,2.382123e+01,2.382801e+01,2.373312e+01,2.378057e+01,2.376702e+01,2.384155e+01,2.381446e+01,2.368564e+01,2.375346e+01,2.372634e+01,2.365172e+01,2.358383e+01,2.360420e+01,2.357025e+01,2.357704e+01,2.366529e+01,2.371277e+01,2.366529e+01,2.358383e+01,2.361099e+01,2.362457e+01,2.369242e+01,2.359741e+01,2.365172e+01,2.363136e+01,2.360420e+01,2.354987e+01,2.358383e+01,2.367207e+01,2.362457e+01,2.355667e+01,2.351590e+01,2.352949e+01,2.354987e+01,2.354308e+01,2.344113e+01,2.352949e+01,2.348192e+01,2.341393e+01,2.351590e+01,2.348872e+01,2.336630e+01,2.331866e+01,2.333228e+01,2.332547e+01,2.333908e+01,2.336630e+01,2.333228e+01,2.328461e+01,2.337311e+01,2.340032e+01,2.337311e+01,2.333908e+01,2.336630e+01,2.340032e+01,2.335269e+01,2.329142e+01,2.331866e+01,2.335269e+01,2.326418e+01,2.329142e+01,2.323693e+01,2.338672e+01,2.323693e+01,2.332547e+01,2.330504e+01,2.321649e+01,2.329823e+01,2.333908e+01,2.332547e+01,2.329142e+01,2.325737e+01,2.327099e+01,2.329142e+01,2.331866e+01,2.333228e+01,2.317559e+01,2.323012e+01,2.335950e+01,2.320286e+01,2.317559e+01,2.332547e+01,2.313468e+01,2.327099e+01,2.323693e+01,2.331185e+01,2.333228e+01,2.329823e+01,2.336630e+01,2.327780e+01,2.327780e+01,2.327780e+01,2.333228e+01,2.330504e+01,2.337991e+01,2.340032e+01,2.349552e+01,2.338672e+01,2.332547e+01,2.337991e+01,2.344113e+01,2.348192e+01,2.346153e+01,2.344113e+01,2.350231e+01,2.349552e+01,2.348192e+01,2.342073e+01,2.342753e+01,2.361099e+01,2.349552e+01,2.353629e+01,2.329142e+01,2.348192e+01,2.342073e+01,2.352270e+01,2.355667e+01,2.361099e+01,2.346153e+01,2.356346e+01,2.355667e+01,2.348872e+01,2.359741e+01,2.351590e+01,2.352949e+01,2.348872e+01,2.369921e+01,2.359741e+01,2.361778e+01,2.353629e+01,2.349552e+01,2.361099e+01,2.361778e+01,2.356346e+01,2.358383e+01,2.348872e+01,2.357704e+01,2.361099e+01,2.356346e+01,2.359741e+01,2.346153e+01,2.350231e+01,2.357704e+01,2.355667e+01,2.357025e+01,2.358383e+01,2.358383e+01,2.359062e+01,2.361099e+01,2.359741e+01,2.363136e+01,2.348192e+01,2.363814e+01,2.361778e+01,2.353629e+01,2.358383e+01,2.356346e+01,2.354987e+01,2.364493e+01,2.363814e+01,2.360420e+01,2.355667e+01,2.359741e+01,2.357704e+01,2.357704e+01,2.361778e+01,2.358383e+01,2.367886e+01,2.366529e+01,2.357025e+01,2.369242e+01,2.368564e+01,2.373312e+01,2.363136e+01,2.374668e+01,2.379413e+01,2.426068e+01,2.560134e+01,2.670786e+01,2.724699e+01,2.761362e+01,2.760708e+01,2.784212e+01,2.790732e+01,2.797899e+01,2.797248e+01,2.816122e+01,2.806364e+01,2.825871e+01,2.825871e+01,2.826521e+01,2.831717e+01,2.829119e+01,2.827170e+01,2.826521e+01,2.797899e+01,2.789429e+01,2.769202e+01,2.746319e+01,2.736497e+01,2.716170e+01,2.708948e+01,2.693831e+01,2.674081e+01,2.639100e+01,2.636456e+01,2.602013e+01,2.615936e+01,2.607982e+01,2.589401e+01,2.570786e+01,2.584750e+01,2.578768e+01,2.580097e+01,2.570786e+01,2.561466e+01,2.568124e+01,2.576108e+01,2.566793e+01,2.567459e+01,2.566127e+01,2.560134e+01,2.560800e+01,2.560134e+01,2.574778e+01,2.572782e+01,2.585415e+01,2.576108e+01,2.588072e+01,2.588736e+01,2.604004e+01,2.579433e+01,2.574778e+01,2.598032e+01,2.597368e+01,2.600023e+01,2.594713e+01,2.632487e+01,2.630502e+01,2.639100e+01,2.621235e+01,2.611297e+01,2.615274e+01,2.609309e+01,2.597368e+01,2.594049e+01,2.607982e+01,2.631164e+01,2.617261e+01,2.611960e+01,2.613286e+01,2.639100e+01,2.625870e+01,2.621898e+01,2.611960e+01,2.615274e+01,2.600023e+01,2.584085e+01,2.556137e+01,2.572782e+01,2.552805e+01,2.561466e+01,2.560134e+01,2.570121e+01,2.604667e+01,2.611960e+01,2.628517e+01,2.623222e+01,2.638439e+01,2.644388e+01,2.640422e+01,2.642405e+01,2.650994e+01,2.650333e+01,2.652314e+01,2.650994e+01,2.648352e+01,2.641084e+01,2.654295e+01,2.652975e+01,2.661554e+01,2.633810e+01,2.631164e+01,2.622560e+01,2.609309e+01,2.608646e+01,2.604667e+01,2.600686e+01,2.609309e+01,2.605993e+01,2.584750e+01,2.586079e+01,2.577438e+01,2.580097e+01,2.575443e+01,2.553472e+01,2.542135e+01,2.546138e+01,2.538799e+01,2.528115e+01,2.512737e+01,2.517419e+01,2.473187e+01,2.466469e+01,2.456383e+01,2.425393e+01,2.435509e+01,2.423369e+01,2.411215e+01,2.410540e+01,2.383478e+01,2.382123e+01,2.346833e+01,2.366529e+01,2.348872e+01,2.342753e+01,2.340713e+01,2.335950e+01,2.337991e+01,2.318923e+01,2.326418e+01,2.327099e+01,2.324374e+01,2.313468e+01,2.321649e+01,2.316877e+01,2.314832e+01,2.313468e+01,2.318923e+01,2.318923e+01,2.305963e+01,2.322330e+01,2.299135e+01,2.322330e+01,2.325056e+01,2.305963e+01,2.307328e+01,2.315514e+01,2.306645e+01,2.317559e+01,2.320286e+01,2.317559e+01,2.299818e+01,2.314832e+01,2.313468e+01,2.314832e+01,2.312786e+01,2.316877e+01,2.308010e+01,2.299135e+01,2.310057e+01,2.313468e+01,2.316195e+01,2.310739e+01,2.305963e+01,2.314832e+01,2.314832e+01,2.313468e+01,2.316195e+01,2.308010e+01,2.320967e+01,2.320967e+01,2.346153e+01,2.335950e+01,2.337991e+01,2.336630e+01,2.337991e+01,2.345473e+01,2.365172e+01,2.350231e+01,2.349552e+01,2.347513e+01,2.348192e+01,2.361099e+01,2.344793e+01,2.340713e+01,2.336630e+01,2.328461e+01,2.343433e+01,2.337991e+01,2.320286e+01,2.308693e+01,2.327099e+01,2.312104e+01,2.310057e+01,2.312104e+01,2.306645e+01,2.318241e+01,2.308010e+01,2.318923e+01,2.325056e+01,2.328461e+01,2.351590e+01,2.357704e+01,2.350231e+01,2.379413e+01,2.365850e+01,2.375346e+01,2.365850e+01,2.359062e+01,2.361099e+01,2.359062e+01,2.355667e+01,2.344113e+01,2.337991e+01,2.330504e+01
2.388896e+01,2.419994e+01,2.415943e+01,2.420670e+01,2.421344e+01,2.419994e+01,2.419994e+01,2.430115e+01,2.430115e+01,2.428766e+01,2.434835e+01,2.437531e+01,2.436183e+01,2.428766e+01,2.446288e+01,2.430790e+01,2.426743e+01,2.439552e+01,2.446288e+01,2.424719e+01,2.421344e+01,2.438878e+01,2.448981e+01,2.440226e+01,2.429441e+01,2.436857e+01,2.429441e+01,2.432812e+01,2.454365e+01,2.458401e+01,2.434161e+01,2.460419e+01,2.457728e+01,2.470500e+01,2.471172e+01,2.467813e+01,2.469156e+01,2.492645e+01,2.465796e+01,2.493986e+01,2.481914e+01,2.489293e+01,2.484598e+01,2.466469e+01,2.478558e+01,2.475873e+01,2.489293e+01,2.468484e+01,2.450327e+01,2.430115e+01,2.426068e+01,2.403781e+01,2.380091e+01,2.361778e+01,2.376702e+01,2.360420e+01,2.367207e+01,2.362457e+01,2.378057e+01,2.367886e+01,2.373990e+01,2.384155e+01,2.387542e+01,2.388896e+01,2.388896e+01,2.387542e+01,2.390250e+01,2.413242e+01,2.417294e+01,2.402428e+01,2.401076e+01,2.423369e+01,2.405133e+01,2.410540e+01,2.424719e+01,2.400400e+01,2.404457e+01,2.403105e+01,2.403781e+01,2.407837e+01,2.399723e+01,2.413242e+01,2.405133e+01,2.401076e+01,2.406485e+01,2.405809e+01,2.401752e+01,2.403105e+01,2.382123e+01,2.357704e+01,2.357025e+01,2.347513e+01,2.327780e+01,2.303232e+01,2.286151e+01,2.312786e+01,2.331185e+01,2.342753e+01,2.336630e+01,2.335269e+01,2.325737e+01,2.298452e+01,2.295037e+01,2.262874e+01,2.251216e+01,2.250530e+01,2.252588e+01,2.240232e+01,2.249844e+01,2.237484e+01,2.242292e+01,2.250530e+01,2.255332e+01,2.259447e+01,2.257390e+01,2.252588e+01,2.242292e+01,2.251902e+01,2.255332e+01,2.262189e+01,2.257390e+01,2.268356e+01,2.273835e+01,2.299135e+01,2.310057e+01,2.328461e+01,2.328461e+01,2.331185e+01,2.336630e+01,2.353629e+01,2.354308e+01,2.365172e+01,2.386187e+01,2.381446e+01,2.393634e+01,2.392281e+01,2.394311e+01,2.417294e+01,2.415943e+01,2.415943e+01,2.418644e+01,2.422694e+01,2.442247e+01,2.422694e+01,2.417969e+01,2.428766e+01,2.423369e+01,2.417294e+01,2.424719e+01,2.419994e+01,2.411891e+01,2.452346e+01,2.452346e+01,2.469828e+01,2.486610e+01,2.505375e+01,2.522100e+01,2.504705e+01,2.510060e+01,2.517419e+01,2.516751e+01,2.510060e+01,2.506713e+01,2.498007e+01,2.490634e+01,2.488622e+01,2.466469e+01,2.481243e+01,2.474530e+01,2.461763e+01,2.477887e+01,2.457728e+01,2.462436e+01,2.459746e+01,2.445614e+01,2.440900e+01,2.420670e+01,2.419319e+01,2.410540e+01,2.407161e+01,2.383478e+01,2.382123e+01,2.372634e+01,2.384155e+01,2.368564e+01,2.367207e+01,2.383478e+01,2.369921e+01,2.373312e+01,2.349552e+01,2.350231e+01,2.358383e+01,2.350911e+01,2.354987e+01,2.361099e+01,2.352270e+01,2.337991e+01,2.350231e+01,2.337991e+01,2.341393e+01,2.332547e+01,2.335269e+01,2.334589e+01,2.356346e+01,2.355667e+01,2.354308e+01,2.352270e+01,2.359062e+01,2.350231e+01,2.352270e+01,2.358383e+01,2.367886e+01,2.362457e+01,2.363136e+01,2.363136e+01,2.353629e+01,2.358383e+01,2.363136e+01,2.368564e+01,2.367207e+01,2.368564e+01,2.373990e+01,2.369921e+01,2.369242e+01,2.376024e+01,2.371277e+01,2.380768e+01,2.378057e+01,2.380768e+01,2.378057e+01,2.382123e+01,2.384155e+01,2.379413e+01,2.367886e+01,2.369921e+01,2.368564e+01,2.370599e+01,2.371277e+01,2.384155e+01,2.376702e+01,2.379413e+01,2.384155e+01,2.369242e+01,2.364493e+01,2.367886e+01,2.365172e+01,2.350911e+01,2.369921e+01,2.359062e+01,2.357025e+01,2.352949e+01,2.359741e+01,2.360420e+01,2.363814e+01,2.355667e+01,2.359062e+01,2.354987e+01,2.370599e+01,2.352949e+01,2.367207e+01,2.359741e+01,2.354987e+01,2.359062e+01,2.354987e+01,2.352270e+01,2.344113e+01,2.349552e+01,2.354987e+01,2.351590e+01,2.351590e+01,2.350911e+01,2.347513e+01,2.340713e+01,2.348192e+01,2.344113e+01,2.335269e+01,2.337991e+01,2.332547e+01,2.329823e+01,2.336630e+01,2.337991e+01,2.329823e+01,2.336630e+01,2.338672e+01,2.325737e+01,2.330504e+01,2.329142e+01,2.328461e+01,2.344793e+01,2.338672e+01,2.341393e+01,2.329823e+01,2.334589e+01,2.327099e+01,2.328461e+01,2.329142e+01,2.328461e+01,2.318241e+01,2.333228e+01,2.326418e+01,2.320967e+01,2.334589e+01,2.332547e+01,2.332547e+01,2.329823e+01,2.329823e+01,2.335269e+01,2.327099e+01,2.327099e+01,2.334589e+01,2.328461e+01,2.323693e+01,2.333908e+01,2.330504e+01,2.331866e+01,2.333908e+01,2.328461e+01,2.331866e+01,2.334589e+01,2.318923e+01,2.333908e+01,2.335269e+01,2.326418e+01,2.340032e+01,2.330504e+01,2.342073e+01,2.332547e+01,2.326418e+01,2.333908e+01,2.332547e+01,2.348192e+01,2.337991e+01,2.342073e+01,2.348872e+01,2.344113e+01,2.349552e+01,2.346833e+01,2.347513e+01,2.350231e+01,2.346833e+01,2.348872e+01,2.347513e+01,2.348192e+01,2.359062e+01,2.358383e+01,2.349552e+01,2.350231e+01,2.353629e+01,2.348872e+01,2.358383e+01,2.356346e+01,2.348872e+01,2.351590e+01,2.357025e+01,2.346833e+01,2.352270e+01,2.357025e+01,2.351590e+01,2.349552e+01,2.352270e+01,2.352949e+01,2.359062e+01,2.359741e+01,2.354987e+01,2.355667e+01,2.363136e+01,2.359062e+01,2.387542e+01,2.357025e+01,2.355667e+01,2.357025e+01,2.354308e+01,2.357704e+01,2.367886e+01,2.355667e+01,2.352949e+01,2.350231e+01,2.358383e+01,2.358383e+01,2.359741e+01,2.360420e+01,2.358383e+01,2.361778e+01,2.358383e+01,2.353629e+01,2.361778e+01,2.361778e+01,2.364493e+01,2.364493e+01,2.352270e+01,2.359741e+01,2.367207e+01,2.344793e+01,2.364493e+01,2.359741e+01,2.359062e+01,2.361099e+01,2.355667e+01,2.369921e+01,2.371277e+01,2.368564e+01,2.378735e+01,2.363814e+01,2.369921e+01,2.363814e+01,2.367886e+01,2.375346e+01,2.373990e+01,2.376024e+01,2.373312e+01,2.420670e+01,2.540801e+01,2.641084e+01,2.709605e+01,2.744355e+01,2.766589e+01,2.765282e+01,2.792036e+01,2.807665e+01,2.808967e+01,2.806364e+01,2.807665e+01,2.823272e+01,2.825871e+01,2.827820e+01,2.829768e+01,2.823272e+01,2.810919e+01,2.803760e+01,2.793991e+01,2.794642e+01,2.793991e+01,2.762669e+01,2.744355e+01,2.713544e+01,2.710261e+01,2.695147e+01,2.665512e+01,2.658915e+01,2.647691e+01,2.619911e+01,2.617924e+01,2.617924e+01,2.597368e+01,2.586743e+01,2.588736e+01,2.597368e+01,2.588072e+01,2.584085e+01,2.584750e+01,2.578768e+01,2.568790e+01,2.568790e+01,2.568124e+01,2.568124e+01,2.560800e+01,2.572117e+01,2.568790e+01,2.576108e+01,2.571451e+01,2.575443e+01,2.564130e+01,2.560800e+01,2.565462e+01,2.565462e+01,2.570786e+01,2.569455e+01,2.572782e+01,2.587408e+01,2.584085e+01,2.601350e+01,2.599359e+01,2.597368e+01,2.605330e+01,2.607319e+01,2.597368e+01,2.581427e+01,2.574778e+01,2.592721e+01,2.594049e+01,2.594713e+01,2.604667e+01,2.605993e+01,2.609309e+01,2.604667e+01,2.609971e+01,2.607982e+01,2.609971e+01,2.609309e+01,2.574778e+01,2.574778e+01,2.565462e+01,2.549472e+01,2.540801e+01,2.538131e+01,2.548138e+01,2.554804e+01,2.574778e+01,2.584085e+01,2.614611e+01,2.621235e+01,2.631826e+01,2.625870e+01,2.643066e+01,2.638439e+01,2.646370e+01,2.655615e+01,2.653635e+01,2.649012e+01,2.661554e+01,2.652975e+01,2.648352e+01,2.640422e+01,2.645049e+01,2.629179e+01,2.645709e+01,2.628517e+01,2.635794e+01,2.632487e+01,2.602677e+01,2.599359e+01,2.609971e+01,2.602013e+01,2.594713e+01,2.595377e+01,2.578768e+01,2.580097e+01,2.568790e+01,2.575443e+01,2.552805e+01,2.545471e+01,2.538799e+01,2.540133e+01,2.520763e+01,2.489964e+01,2.498677e+01,2.475873e+01,2.463780e+01,2.440900e+01,2.424719e+01,2.423369e+01,2.411891e+01,2.409188e+01,2.383478e+01,2.382801e+01,2.384833e+01,2.365850e+01,2.365172e+01,2.344793e+01,2.342073e+01,2.335950e+01,2.327099e+01,2.318923e+01,2.318241e+01,2.316195e+01,2.312786e+01,2.308693e+01,2.314150e+01,2.312786e+01,2.317559e+01,2.315514e+01,2.301867e+01,2.314832e+01,2.310739e+01,2.312104e+01,2.302550e+01,2.298452e+01,2.321649e+01,2.302550e+01,2.297769e+01,2.299135e+01,2.307328e+01,2.314832e+01,2.302550e+01,2.313468e+01,2.301867e+01,2.310739e+01,2.309375e+01,2.312786e+01,2.314832e+01,2.312786e+01,2.310057e+01,2.301867e+01,2.306645e+01,2.297086e+01,2.305280e+01,2.302550e+01,2.315514e+01,2.301867e+01,2.308693e+01,2.312786e+01,2.309375e+01,2.310739e+01,2.313468e+01,2.318241e+01,2.315514e+01,2.326418e+01,2.344793e+01,2.347513e+01,2.326418e+01,2.335269e+01,2.365850e+01,2.344113e+01,2.333908e+01,2.335950e+01,2.342753e+01,2.351590e+01,2.341393e+01,2.331866e+01,2.334589e+01,2.330504e+01,2.342073e+01,2.331866e+01,2.340713e+01,2.301867e+01,2.315514e+01,2.307328e+01,2.298452e+01,2.305963e+01,2.309375e+01,2.271780e+01,2.316195e+01,2.324374e+01,2.326418e+01,2.321649e+01,2.345473e+01,2.348872e+01,2.373312e+01,2.363814e+01,2.363814e+01,2.363136e+01,2.377380e+01,2.359741e+01,2.363814e+01,2.364493e+01,2.355667e+01,2.359741e+01,2.345473e+01,2.355667e+01,2.335950e+01
2.389573e+01,2.403105e+01,2.411891e+01,2.427417e+01,2.423369e+01,2.417294e+01,2.426068e+01,2.422694e+01,2.422019e+01,2.438878e+01,2.442247e+01,2.438205e+01,2.438205e+01,2.430790e+01,2.434835e+01,2.431464e+01,2.433487e+01,2.428092e+01,2.434835e+01,2.411891e+01,2.438878e+01,2.428092e+01,2.428092e+01,2.436857e+01,2.431464e+01,2.415268e+01,2.432138e+01,2.436857e+01,2.420670e+01,2.452346e+01,2.436857e+01,2.449654e+01,2.449654e+01,2.465124e+01,2.469156e+01,2.467813e+01,2.464452e+01,2.463780e+01,2.477887e+01,2.466469e+01,2.483256e+01,2.478558e+01,2.480572e+01,2.453019e+01,2.452346e+01,2.457056e+01,2.462436e+01,2.443594e+01,2.428092e+01,2.388896e+01,2.403781e+01,2.382123e+01,2.384155e+01,2.383478e+01,2.359062e+01,2.355667e+01,2.352949e+01,2.357025e+01,2.361099e+01,2.359741e+01,2.362457e+01,2.384833e+01,2.374668e+01,2.388219e+01,2.380768e+01,2.388896e+01,2.384833e+01,2.386865e+01,2.383478e+01,2.387542e+01,2.390250e+01,2.397694e+01,2.400400e+01,2.399047e+01,2.401752e+01,2.405133e+01,2.402428e+01,2.401752e+01,2.397694e+01,2.390250e+01,2.394988e+01,2.401076e+01,2.416619e+01,2.391604e+01,2.391604e+01,2.387542e+01,2.387542e+01,2.384155e+01,2.382801e+01,2.373312e+01,2.355667e+01,2.325737e+01,2.279995e+01,2.285467e+01,2.301867e+01,2.325056e+01,2.332547e+01,2.334589e+01,2.333228e+01,2.329142e+01,2.320286e+01,2.297086e+01,2.247785e+01,2.247098e+01,2.247785e+01,2.243666e+01,2.254646e+01,2.242292e+01,2.231986e+01,2.258761e+01,2.245039e+01,2.242292e+01,2.257390e+01,2.262189e+01,2.253275e+01,2.255332e+01,2.258076e+01,2.251216e+01,2.269041e+01,2.266986e+01,2.273835e+01,2.279310e+01,2.293670e+01,2.309375e+01,2.297769e+01,2.321649e+01,2.323693e+01,2.331185e+01,2.332547e+01,2.356346e+01,2.376702e+01,2.363814e+01,2.374668e+01,2.389573e+01,2.396341e+01,2.399723e+01,2.413242e+01,2.421344e+01,2.421344e+01,2.442921e+01,2.440900e+01,2.444268e+01,2.443594e+01,2.442921e+01,2.434835e+01,2.441573e+01,2.425393e+01,2.428092e+01,2.425393e+01,2.441573e+01,2.451000e+01,2.480572e+01,2.500687e+01,2.522768e+01,2.532122e+01,2.530119e+01,2.518757e+01,2.541468e+01,2.538799e+01,2.538131e+01,2.540133e+01,2.517419e+01,2.513406e+01,2.508052e+01,2.498677e+01,2.496667e+01,2.498007e+01,2.481914e+01,2.477887e+01,2.489964e+01,2.474530e+01,2.486610e+01,2.477216e+01,2.467141e+01,2.463108e+01,2.440900e+01,2.420670e+01,2.422019e+01,2.417969e+01,2.415268e+01,2.385510e+01,2.405133e+01,2.384155e+01,2.384155e+01,2.367886e+01,2.388219e+01,2.381446e+01,2.386865e+01,2.381446e+01,2.350911e+01,2.378735e+01,2.382123e+01,2.367207e+01,2.356346e+01,2.371277e+01,2.356346e+01,2.357025e+01,2.357704e+01,2.342073e+01,2.359741e+01,2.358383e+01,2.363136e+01,2.354308e+01,2.365172e+01,2.352949e+01,2.354308e+01,2.360420e+01,2.357704e+01,2.350911e+01,2.360420e+01,2.363136e+01,2.366529e+01,2.370599e+01,2.368564e+01,2.372634e+01,2.378735e+01,2.369921e+01,2.373312e+01,2.373990e+01,2.373312e+01,2.366529e+01,2.366529e+01,2.374668e+01,2.369921e+01,2.372634e+01,2.388219e+01,2.377380e+01,2.378057e+01,2.380091e+01,2.380091e+01,2.365850e+01,2.374668e+01,2.369921e+01,2.369242e+01,2.363814e+01,2.376702e+01,2.376024e+01,2.368564e+01,2.366529e+01,2.370599e+01,2.366529e+01,2.363136e+01,2.361778e+01,2.357704e+01,2.357025e+01,2.356346e+01,2.358383e+01,2.359062e+01,2.361099e+01,2.357025e+01,2.360420e+01,2.356346e+01,2.357704e+01,2.352270e+01,2.350911e+01,2.366529e+01,2.354987e+01,2.365850e+01,2.359062e+01,2.346153e+01,2.348872e+01,2.362457e+01,2.350911e+01,2.337991e+01,2.342753e+01,2.337311e+01,2.342753e+01,2.348872e+01,2.348192e+01,2.352270e+01,2.351590e+01,2.352270e+01,2.350911e+01,2.346153e+01,2.335269e+01,2.331866e+01,2.336630e+01,2.339352e+01,2.335950e+01,2.331185e+01,2.327780e+01,2.333908e+01,2.340032e+01,2.333228e+01,2.335950e+01,2.341393e+01,2.332547e+01,2.335269e+01,2.335950e+01,2.331866e+01,2.326418e+01,2.334589e+01,2.335269e+01,2.324374e+01,2.327099e+01,2.329823e+01,2.331866e+01,2.331866e+01,2.332547e+01,2.330504e+01,2.321649e+01,2.329823e+01,2.325737e+01,2.323693e+01,2.331185e+01,2.332547e+01,2.333908e+01,2.329823e+01,2.320967e+01,2.319604e+01,2.332547e+01,2.339352e+01,2.323693e+01,2.329142e+01,2.332547e+01,2.330504e+01,2.329823e+01,2.332547e+01,2.331866e+01,2.334589e+01,2.333228e+01,2.331185e+01,2.336630e+01,2.337311e+01,2.333228e+01,2.330504e+01,2.333228e+01,2.341393e+01,2.341393e+01,2.340032e+01,2.337991e+01,2.334589e+01,2.348192e+01,2.349552e+01,2.347513e+01,2.347513e+01,2.355667e+01,2.348872e+01,2.352270e+01,2.346833e+01,2.349552e+01,2.349552e+01,2.353629e+01,2.360420e+01,2.354987e+01,2.354308e+01,2.357704e+01,2.346833e+01,2.346153e+01,2.355667e+01,2.356346e+01,2.347513e+01,2.363814e+01,2.350231e+01,2.348872e+01,2.348192e+01,2.362457e+01,2.367886e+01,2.352949e+01,2.353629e+01,2.361778e+01,2.361778e+01,2.360420e+01,2.371277e+01,2.360420e+01,2.360420e+01,2.352270e+01,2.366529e+01,2.357025e+01,2.364493e+01,2.365172e+01,2.354308e+01,2.363136e+01,2.357704e+01,2.363136e+01,2.359741e+01,2.357025e+01,2.367886e+01,2.361778e+01,2.358383e+01,2.358383e+01,2.357704e+01,2.359741e+01,2.360420e+01,2.360420e+01,2.348872e+01,2.363814e+01,2.386187e+01,2.363814e+01,2.372634e+01,2.365850e+01,2.370599e+01,2.362457e+01,2.346153e+01,2.357704e+01,2.360420e+01,2.357704e+01,2.355667e+01,2.356346e+01,2.382801e+01,2.353629e+01,2.373990e+01,2.371277e+01,2.369242e+01,2.364493e+01,2.368564e+01,2.369921e+01,2.365172e+01,2.374668e+01,2.373312e+01,2.407837e+01,2.518757e+01,2.622560e+01,2.721420e+01,2.737807e+01,2.763322e+01,2.781603e+01,2.782908e+01,2.782256e+01,2.807665e+01,2.821972e+01,2.821972e+01,2.818723e+01,2.816122e+01,2.823922e+01,2.808967e+01,2.825221e+01,2.816122e+01,2.800504e+01,2.802458e+01,2.793339e+01,2.775078e+01,2.763322e+01,2.762015e+01,2.716826e+01,2.720763e+01,2.705006e+01,2.680010e+01,2.654295e+01,2.660895e+01,2.643727e+01,2.624546e+01,2.621235e+01,2.612623e+01,2.600023e+01,2.599359e+01,2.594049e+01,2.576773e+01,2.586079e+01,2.591393e+01,2.573447e+01,2.570786e+01,2.569455e+01,2.568790e+01,2.568790e+01,2.572782e+01,2.573447e+01,2.577438e+01,2.566127e+01,2.562132e+01,2.554138e+01,2.522100e+01,2.538131e+01,2.539466e+01,2.537464e+01,2.563464e+01,2.570121e+01,2.571451e+01,2.572782e+01,2.588736e+01,2.586743e+01,2.576108e+01,2.566127e+01,2.595377e+01,2.574113e+01,2.574113e+01,2.572117e+01,2.560134e+01,2.584750e+01,2.565462e+01,2.572782e+01,2.570786e+01,2.582756e+01,2.572782e+01,2.591393e+01,2.580762e+01,2.580762e+01,2.578768e+01,2.574113e+01,2.562798e+01,2.559468e+01,2.542135e+01,2.540801e+01,2.556137e+01,2.543469e+01,2.556804e+01,2.553472e+01,2.598696e+01,2.598032e+01,2.622560e+01,2.624546e+01,2.620573e+01,2.619248e+01,2.637117e+01,2.645709e+01,2.647691e+01,2.636456e+01,2.649012e+01,2.633810e+01,2.654955e+01,2.641084e+01,2.648352e+01,2.656275e+01,2.652314e+01,2.644388e+01,2.647031e+01,2.628517e+01,2.624546e+01,2.605330e+01,2.627855e+01,2.592721e+01,2.606656e+01,2.609309e+01,2.593385e+01,2.586079e+01,2.581427e+01,2.576108e+01,2.558802e+01,2.548805e+01,2.552139e+01,2.546805e+01,2.546805e+01,2.530787e+01,2.500017e+01,2.500687e+01,2.468484e+01,2.465796e+01,2.455038e+01,2.430115e+01,2.411891e+01,2.418644e+01,2.405133e+01,2.384155e+01,2.381446e+01,2.380768e+01,2.375346e+01,2.361778e+01,2.365172e+01,2.344113e+01,2.342073e+01,2.331185e+01,2.351590e+01,2.325056e+01,2.327780e+01,2.320967e+01,2.313468e+01,2.305280e+01,2.314832e+01,2.321649e+01,2.312786e+01,2.316195e+01,2.312786e+01,2.316877e+01,2.310739e+01,2.304598e+01,2.301867e+01,2.301867e+01,2.301184e+01,2.303915e+01,2.300501e+01,2.304598e+01,2.309375e+01,2.313468e+01,2.310057e+01,2.301867e+01,2.298452e+01,2.299135e+01,2.298452e+01,2.306645e+01,2.314150e+01,2.313468e+01,2.295037e+01,2.310739e+01,2.297769e+01,2.299818e+01,2.299135e+01,2.306645e+01,2.311422e+01,2.306645e+01,2.313468e+01,2.315514e+01,2.319604e+01,2.299135e+01,2.307328e+01,2.316877e+01,2.322330e+01,2.321649e+01,2.319604e+01,2.330504e+01,2.323012e+01,2.341393e+01,2.335269e+01,2.333228e+01,2.335269e+01,2.332547e+01,2.335950e+01,2.337991e+01,2.334589e+01,2.334589e+01,2.325737e+01,2.337311e+01,2.328461e+01,2.321649e+01,2.333908e+01,2.305963e+01,2.304598e+01,2.305963e+01,2.302550e+01,2.312104e+01,2.312786e+01,2.334589e+01,2.335269e+01,2.306645e+01,2.319604e+01,2.318241e+01,2.319604e+01,2.346153e+01,2.367207e+01,2.372634e+01,2.361778e+01,2.378057e+01,2.372634e+01,2.372634e+01,2.367207e+01,2.368564e+01,2.361099e+01,2.351590e+01,2.357025e+01,2.361099e+01,2.357025e+01
2.389573e+01,2.390927e+01,2.395664e+01,2.410540e+01,2.419319e+01,2.419319e+01,2.415268e+01,2.422019e+01,2.426068e+01,2.424044e+01,2.430115e+01,2.426743e+01,2.436183e+01,2.446961e+01,2.428092e+01,2.440226e+01,2.431464e+01,2.432812e+01,2.429441e+01,2.417294e+01,2.433487e+01,2.424719e+01,2.440226e+01,2.432138e+01,2.417294e+01,2.419994e+01,2.417294e+01,2.422694e+01,2.419319e+01,2.424719e+01,2.423369e+01,2.441573e+01,2.451000e+01,2.447635e+01,2.447635e+01,2.446288e+01,2.455710e+01,2.429441e+01,2.453692e+01,2.448308e+01,2.475873e+01,2.451000e+01,2.436183e+01,2.448981e+01,2.443594e+01,2.427417e+01,2.432812e+01,2.417969e+01,2.393634e+01,2.381446e+01,2.367886e+01,2.367207e+01,2.371277e+01,2.348872e+01,2.361099e+01,2.341393e+01,2.359062e+01,2.352270e+01,2.365850e+01,2.358383e+01,2.376024e+01,2.372634e+01,2.378735e+01,2.375346e+01,2.382801e+01,2.380768e+01,2.374668e+01,2.382123e+01,2.388219e+01,2.388219e+01,2.395664e+01,2.390250e+01,2.393634e+01,2.404457e+01,2.390927e+01,2.396341e+01,2.392958e+01,2.404457e+01,2.378057e+01,2.390927e+01,2.386187e+01,2.397694e+01,2.411891e+01,2.394311e+01,2.406485e+01,2.386865e+01,2.384155e+01,2.381446e+01,2.356346e+01,2.373312e+01,2.333228e+01,2.303232e+01,2.274519e+01,2.282731e+01,2.301184e+01,2.335950e+01,2.334589e+01,2.336630e+01,2.325737e+01,2.304598e+01,2.279310e+01,2.277257e+01,2.273150e+01,2.256704e+01,2.245725e+01,2.253960e+01,2.237484e+01,2.257390e+01,2.260132e+01,2.267671e+01,2.266301e+01,2.266301e+01,2.266986e+01,2.262189e+01,2.267671e+01,2.262189e+01,2.253275e+01,2.268356e+01,2.252588e+01,2.264245e+01,2.277942e+01,2.277942e+01,2.273835e+01,2.296403e+01,2.318923e+01,2.314150e+01,2.318923e+01,2.318923e+01,2.333908e+01,2.351590e+01,2.357704e+01,2.360420e+01,2.373990e+01,2.386865e+01,2.388896e+01,2.405809e+01,2.437531e+01,2.428766e+01,2.439552e+01,2.433487e+01,2.443594e+01,2.445614e+01,2.457728e+01,2.441573e+01,2.440226e+01,2.438878e+01,2.428092e+01,2.444941e+01,2.445614e+01,2.468484e+01,2.473187e+01,2.501357e+01,2.539466e+01,2.536796e+01,2.546138e+01,2.548138e+01,2.536796e+01,2.546138e+01,2.538131e+01,2.541468e+01,2.538131e+01,2.538799e+01,2.519426e+01,2.504035e+01,2.512737e+01,2.503366e+01,2.500687e+01,2.501357e+01,2.486610e+01,2.493986e+01,2.494656e+01,2.499347e+01,2.490634e+01,2.481243e+01,2.471172e+01,2.462436e+01,2.442921e+01,2.444268e+01,2.421344e+01,2.423369e+01,2.411891e+01,2.408512e+01,2.393634e+01,2.390250e+01,2.391604e+01,2.382801e+01,2.388219e+01,2.400400e+01,2.373990e+01,2.386187e+01,2.392958e+01,2.387542e+01,2.380091e+01,2.371956e+01,2.360420e+01,2.371277e+01,2.374668e+01,2.360420e+01,2.374668e+01,2.363814e+01,2.362457e+01,2.369242e+01,2.367886e+01,2.369242e+01,2.366529e+01,2.372634e+01,2.361778e+01,2.361778e+01,2.363136e+01,2.361778e+01,2.367207e+01,2.365172e+01,2.369921e+01,2.369242e+01,2.369242e+01,2.369242e+01,2.373990e+01,2.369242e+01,2.375346e+01,2.373990e+01,2.362457e+01,2.372634e+01,2.378057e+01,2.371956e+01,2.370599e+01,2.384155e+01,2.374668e+01,2.376702e+01,2.379413e+01,2.374668e+01,2.378735e+01,2.373312e+01,2.381446e+01,2.373990e+01,2.370599e+01,2.367207e+01,2.369242e+01,2.363814e+01,2.380091e+01,2.370599e+01,2.363136e+01,2.363136e+01,2.354987e+01,2.354987e+01,2.357704e+01,2.361099e+01,2.359741e+01,2.352270e+01,2.350911e+01,2.359741e+01,2.346833e+01,2.355667e+01,2.348192e+01,2.361778e+01,2.345473e+01,2.354308e+01,2.350911e+01,2.351590e+01,2.355667e+01,2.344793e+01,2.348192e+01,2.350911e+01,2.336630e+01,2.347513e+01,2.347513e+01,2.340032e+01,2.346833e+01,2.344793e+01,2.340032e+01,2.348192e+01,2.348872e+01,2.350911e+01,2.343433e+01,2.340713e+01,2.339352e+01,2.320967e+01,2.335950e+01,2.332547e+01,2.330504e+01,2.329142e+01,2.323693e+01,2.334589e+01,2.326418e+01,2.331185e+01,2.327099e+01,2.327780e+01,2.328461e+01,2.328461e+01,2.341393e+01,2.330504e+01,2.339352e+01,2.326418e+01,2.320967e+01,2.327099e+01,2.328461e+01,2.329823e+01,2.328461e+01,2.332547e+01,2.327780e+01,2.326418e+01,2.314150e+01,2.326418e+01,2.333908e+01,2.333228e+01,2.333228e+01,2.330504e+01,2.327099e+01,2.333228e+01,2.323693e+01,2.334589e+01,2.327780e+01,2.323012e+01,2.325056e+01,2.325737e+01,2.333908e+01,2.331185e+01,2.333228e+01,2.333228e+01,2.330504e+01,2.330504e+01,2.334589e+01,2.333228e+01,2.333908e+01,2.329142e+01,2.326418e+01,2.344113e+01,2.346153e+01,2.345473e+01,2.340713e+01,2.337991e+01,2.333908e+01,2.339352e+01,2.351590e+01,2.341393e+01,2.347513e+01,2.344793e+01,2.342073e+01,2.346153e+01,2.349552e+01,2.351590e+01,2.355667e+01,2.354987e+01,2.359062e+01,2.350911e+01,2.359741e+01,2.356346e+01,2.355667e+01,2.354308e+01,2.351590e+01,2.345473e+01,2.358383e+01,2.349552e+01,2.346833e+01,2.348192e+01,2.352949e+01,2.350911e+01,2.365172e+01,2.368564e+01,2.355667e+01,2.368564e+01,2.357704e+01,2.357704e+01,2.361099e+01,2.364493e+01,2.359741e+01,2.357025e+01,2.342753e+01,2.352949e+01,2.349552e+01,2.356346e+01,2.354987e+01,2.366529e+01,2.361099e+01,2.357025e+01,2.359741e+01,2.350911e+01,2.361099e+01,2.360420e+01,2.347513e+01,2.352949e+01,2.362457e+01,2.360420e+01,2.357704e+01,2.358383e+01,2.362457e+01,2.367207e+01,2.351590e+01,2.359062e+01,2.369242e+01,2.358383e+01,2.367886e+01,2.364493e+01,2.360420e+01,2.360420e+01,2.344793e+01,2.360420e+01,2.364493e+01,2.360420e+01,2.367886e+01,2.363136e+01,2.368564e+01,2.364493e+01,2.368564e+01,2.368564e+01,2.363136e+01,2.368564e+01,2.368564e+01,2.369921e+01,2.363814e+01,2.381446e+01,2.381446e+01,2.491975e+01,2.621235e+01,2.691858e+01,2.740427e+01,2.767242e+01,2.778994e+01,2.788777e+01,2.790732e+01,2.812220e+01,2.809617e+01,2.815471e+01,2.825221e+01,2.820023e+01,2.816122e+01,2.821972e+01,2.833664e+01,2.807665e+01,2.804411e+01,2.791384e+01,2.788125e+01,2.765936e+01,2.736497e+01,2.732566e+01,2.729944e+01,2.707634e+01,2.701064e+01,2.678693e+01,2.680010e+01,2.657595e+01,2.631826e+01,2.630502e+01,2.616599e+01,2.620573e+01,2.602013e+01,2.593385e+01,2.600023e+01,2.593385e+01,2.581427e+01,2.588736e+01,2.592057e+01,2.584085e+01,2.570786e+01,2.569455e+01,2.568124e+01,2.566127e+01,2.559468e+01,2.558802e+01,2.523437e+01,2.537464e+01,2.521431e+01,2.521431e+01,2.519426e+01,2.525442e+01,2.529451e+01,2.530119e+01,2.540801e+01,2.561466e+01,2.568124e+01,2.570121e+01,2.580762e+01,2.569455e+01,2.571451e+01,2.562798e+01,2.564130e+01,2.558802e+01,2.566793e+01,2.562132e+01,2.560134e+01,2.588736e+01,2.580762e+01,2.578768e+01,2.586743e+01,2.574778e+01,2.578768e+01,2.573447e+01,2.541468e+01,2.561466e+01,2.537464e+01,2.548805e+01,2.538799e+01,2.552805e+01,2.547471e+01,2.552139e+01,2.558802e+01,2.572782e+01,2.588072e+01,2.605330e+01,2.605993e+01,2.615936e+01,2.609971e+01,2.615274e+01,2.625870e+01,2.614611e+01,2.633149e+01,2.647691e+01,2.644388e+01,2.646370e+01,2.635133e+01,2.637778e+01,2.639761e+01,2.644388e+01,2.639761e+01,2.642405e+01,2.635133e+01,2.649012e+01,2.614611e+01,2.629179e+01,2.600023e+01,2.592057e+01,2.596041e+01,2.602013e+01,2.594713e+01,2.589401e+01,2.580097e+01,2.564796e+01,2.560134e+01,2.568790e+01,2.538131e+01,2.544804e+01,2.540801e+01,2.532122e+01,2.512737e+01,2.508722e+01,2.507383e+01,2.471844e+01,2.465124e+01,2.429441e+01,2.426068e+01,2.424044e+01,2.403105e+01,2.394311e+01,2.374668e+01,2.369242e+01,2.364493e+01,2.362457e+01,2.361099e+01,2.340713e+01,2.339352e+01,2.338672e+01,2.331866e+01,2.323012e+01,2.316877e+01,2.320967e+01,2.314832e+01,2.308693e+01,2.310739e+01,2.311422e+01,2.313468e+01,2.313468e+01,2.298452e+01,2.297769e+01,2.315514e+01,2.312104e+01,2.305963e+01,2.304598e+01,2.302550e+01,2.301184e+01,2.296403e+01,2.299818e+01,2.289569e+01,2.292303e+01,2.295720e+01,2.304598e+01,2.317559e+01,2.298452e+01,2.301867e+01,2.308010e+01,2.307328e+01,2.313468e+01,2.312786e+01,2.304598e+01,2.316877e+01,2.295720e+01,2.297086e+01,2.299135e+01,2.308693e+01,2.306645e+01,2.284783e+01,2.318923e+01,2.316195e+01,2.299818e+01,2.299818e+01,2.310057e+01,2.292303e+01,2.321649e+01,2.324374e+01,2.323012e+01,2.322330e+01,2.333228e+01,2.327780e+01,2.320286e+01,2.336630e+01,2.318241e+01,2.321649e+01,2.333908e+01,2.341393e+01,2.329142e+01,2.329142e+01,2.327780e+01,2.340713e+01,2.323693e+01,2.320967e+01,2.332547e+01,2.290253e+01,2.294353e+01,2.294353e+01,2.297769e+01,2.312786e+01,2.323693e+01,2.334589e+01,2.333908e+01,2.316195e+01,2.305280e+01,2.318923e+01,2.316877e+01,2.343433e+01,2.348872e+01,2.363814e+01,2.382801e+01,2.363136e+01,2.363136e+01,2.371956e+01,2.379413e+01,2.362457e+01,2.360420e+01,2.359062e+01,2.349552e+01,2.356346e+01,2.357025e+01
2.378057e+01,2.390927e+01,2.406485e+01,2.417294e+01,2.424719e+01,2.417294e+01,2.417294e+01,2.424044e+01,2.428092e+01,2.430115e+01,2.434161e+01,2.431464e+01,2.429441e+01,2.444941e+01,2.437531e+01,2.436857e+01,2.446288e+01,2.434835e+01,2.451000e+01,2.432812e+01,2.439552e+01,2.434161e+01,2.434835e+01,2.427417e+01,2.419994e+01,2.430790e+01,2.419319e+01,2.424719e+01,2.432138e+01,2.419994e+01,2.412566e+01,2.429441e+01,2.429441e+01,2.426068e+01,2.440226e+01,2.442921e+01,2.439552e+01,2.448981e+01,2.439552e+01,2.449654e+01,2.453019e+01,2.446288e+01,2.430790e+01,2.434161e+01,2.418644e+01,2.417969e+01,2.411215e+01,2.374668e+01,2.373312e+01,2.375346e+01,2.380768e+01,2.356346e+01,2.359741e+01,2.356346e+01,2.344113e+01,2.349552e+01,2.349552e+01,2.337991e+01,2.354308e+01,2.344793e+01,2.366529e+01,2.368564e+01,2.371277e+01,2.375346e+01,2.372634e+01,2.381446e+01,2.383478e+01,2.376702e+01,2.385510e+01,2.384833e+01,2.388219e+01,2.398371e+01,2.392958e+01,2.390250e+01,2.400400e+01,2.388219e+01,2.379413e+01,2.388896e+01,2.380768e+01,2.382801e+01,2.390250e+01,2.394311e+01,2.396341e+01,2.393634e+01,2.400400e+01,2.386865e+01,2.365172e+01,2.385510e+01,2.378057e+01,2.335950e+01,2.302550e+01,2.271096e+01,2.275204e+01,2.273835e+01,2.297769e+01,2.305280e+01,2.335950e+01,2.307328e+01,2.320286e+01,2.301184e+01,2.273150e+01,2.273150e+01,2.288886e+01,2.271780e+01,2.284783e+01,2.253275e+01,2.256704e+01,2.269726e+01,2.266301e+01,2.266301e+01,2.268356e+01,2.285467e+01,2.273835e+01,2.275888e+01,2.270411e+01,2.288202e+01,2.270411e+01,2.279310e+01,2.275888e+01,2.280679e+01,2.270411e+01,2.279310e+01,2.286151e+01,2.296403e+01,2.296403e+01,2.312786e+01,2.325737e+01,2.321649e+01,2.326418e+01,2.317559e+01,2.333228e+01,2.336630e+01,2.364493e+01,2.379413e+01,2.414593e+01,2.428092e+01,2.427417e+01,2.438205e+01,2.457728e+01,2.453019e+01,2.449654e+01,2.446288e+01,2.446288e+01,2.442921e+01,2.466469e+01,2.447635e+01,2.446961e+01,2.447635e+01,2.483256e+01,2.502696e+01,2.505375e+01,2.551472e+01,2.558802e+01,2.558136e+01,2.548805e+01,2.549472e+01,2.543469e+01,2.545471e+01,2.539466e+01,2.548138e+01,2.537464e+01,2.535461e+01,2.519426e+01,2.529451e+01,2.517419e+01,2.497337e+01,2.505375e+01,2.499347e+01,2.497337e+01,2.519426e+01,2.520094e+01,2.489964e+01,2.489293e+01,2.486610e+01,2.481243e+01,2.465124e+01,2.467141e+01,2.448308e+01,2.446961e+01,2.446961e+01,2.428766e+01,2.423369e+01,2.407161e+01,2.404457e+01,2.389573e+01,2.394988e+01,2.400400e+01,2.406485e+01,2.389573e+01,2.409864e+01,2.398371e+01,2.389573e+01,2.382801e+01,2.399047e+01,2.390250e+01,2.391604e+01,2.367207e+01,2.376024e+01,2.401752e+01,2.376702e+01,2.388896e+01,2.397694e+01,2.372634e+01,2.371277e+01,2.371956e+01,2.372634e+01,2.361778e+01,2.372634e+01,2.386187e+01,2.384833e+01,2.376702e+01,2.373990e+01,2.382123e+01,2.383478e+01,2.380768e+01,2.376024e+01,2.376024e+01,2.372634e+01,2.373990e+01,2.371277e+01,2.369921e+01,2.373990e+01,2.369242e+01,2.377380e+01,2.378735e+01,2.370599e+01,2.379413e+01,2.376702e+01,2.373990e+01,2.379413e+01,2.379413e+01,2.367207e+01,2.362457e+01,2.373990e+01,2.365850e+01,2.367886e+01,2.371277e+01,2.378735e+01,2.360420e+01,2.361099e+01,2.365172e+01,2.365850e+01,2.359062e+01,2.366529e+01,2.361778e+01,2.359741e+01,2.366529e+01,2.365172e+01,2.355667e+01,2.358383e+01,2.359741e+01,2.357704e+01,2.354987e+01,2.350911e+01,2.350231e+01,2.354308e+01,2.352949e+01,2.357704e+01,2.359062e+01,2.353629e+01,2.353629e+01,2.344793e+01,2.348192e+01,2.345473e+01,2.350231e+01,2.352949e+01,2.337991e+01,2.337311e+01,2.334589e+01,2.347513e+01,2.344113e+01,2.340713e+01,2.342073e+01,2.340032e+01,2.339352e+01,2.339352e+01,2.336630e+01,2.336630e+01,2.325737e+01,2.328461e+01,2.334589e+01,2.335269e+01,2.325056e+01,2.329823e+01,2.331866e+01,2.329142e+01,2.326418e+01,2.330504e+01,2.339352e+01,2.339352e+01,2.337991e+01,2.316195e+01,2.320286e+01,2.329823e+01,2.333228e+01,2.329142e+01,2.325737e+01,2.327099e+01,2.332547e+01,2.327780e+01,2.325737e+01,2.328461e+01,2.330504e+01,2.331185e+01,2.331185e+01,2.333908e+01,2.333908e+01,2.332547e+01,2.333908e+01,2.333228e+01,2.338672e+01,2.328461e+01,2.342073e+01,2.334589e+01,2.333908e+01,2.329823e+01,2.333228e+01,2.329142e+01,2.332547e+01,2.335950e+01,2.337311e+01,2.346833e+01,2.335950e+01,2.342753e+01,2.344793e+01,2.326418e+01,2.338672e+01,2.343433e+01,2.331866e+01,2.348192e+01,2.345473e+01,2.354308e+01,2.348192e+01,2.350231e+01,2.348192e+01,2.346153e+01,2.349552e+01,2.354987e+01,2.348872e+01,2.357025e+01,2.354308e+01,2.354987e+01,2.354308e+01,2.361778e+01,2.368564e+01,2.357025e+01,2.357025e+01,2.363814e+01,2.359062e+01,2.365172e+01,2.358383e+01,2.355667e+01,2.359062e+01,2.358383e+01,2.365172e+01,2.360420e+01,2.364493e+01,2.363814e+01,2.367207e+01,2.361099e+01,2.364493e+01,2.361099e+01,2.360420e+01,2.355667e+01,2.361778e+01,2.365172e+01,2.363814e+01,2.359741e+01,2.361778e+01,2.362457e+01,2.364493e+01,2.363814e+01,2.360420e+01,2.362457e+01,2.357704e+01,2.356346e+01,2.354308e+01,2.364493e+01,2.358383e+01,2.359741e+01,2.348872e+01,2.357704e+01,2.361099e+01,2.357704e+01,2.357025e+01,2.375346e+01,2.360420e+01,2.382801e+01,2.361099e+01,2.357704e+01,2.357025e+01,2.364493e+01,2.367886e+01,2.364493e+01,2.369242e+01,2.363814e+01,2.367886e+01,2.358383e+01,2.356346e+01,2.359741e+01,2.372634e+01,2.367207e+01,2.371277e+01,2.365172e+01,2.374668e+01,2.367886e+01,2.367207e+01,2.369242e+01,2.379413e+01,2.373990e+01,2.386187e+01,2.470500e+01,2.583421e+01,2.689884e+01,2.730600e+01,2.754170e+01,2.767242e+01,2.781603e+01,2.786169e+01,2.803109e+01,2.810268e+01,2.804411e+01,2.818072e+01,2.819373e+01,2.827820e+01,2.818072e+01,2.815471e+01,2.808316e+01,2.802458e+01,2.795294e+01,2.789429e+01,2.787473e+01,2.779646e+01,2.735842e+01,2.725355e+01,2.712231e+01,2.703035e+01,2.683302e+01,2.662214e+01,2.663533e+01,2.660235e+01,2.652314e+01,2.639100e+01,2.606656e+01,2.601350e+01,2.615936e+01,2.592057e+01,2.601350e+01,2.598032e+01,2.582092e+01,2.585415e+01,2.588072e+01,2.568124e+01,2.578103e+01,2.565462e+01,2.555471e+01,2.544804e+01,2.538131e+01,2.534793e+01,2.512068e+01,2.504705e+01,2.506044e+01,2.511399e+01,2.510730e+01,2.510060e+01,2.516082e+01,2.534793e+01,2.550805e+01,2.556137e+01,2.552805e+01,2.561466e+01,2.558136e+01,2.560134e+01,2.564796e+01,2.561466e+01,2.562798e+01,2.557470e+01,2.586079e+01,2.560134e+01,2.573447e+01,2.573447e+01,2.579433e+01,2.575443e+01,2.567459e+01,2.566127e+01,2.538799e+01,2.532790e+01,2.551472e+01,2.561466e+01,2.562132e+01,2.550805e+01,2.566127e+01,2.560134e+01,2.561466e+01,2.578103e+01,2.597368e+01,2.611297e+01,2.610634e+01,2.613286e+01,2.611960e+01,2.604004e+01,2.607982e+01,2.606656e+01,2.609309e+01,2.643066e+01,2.639100e+01,2.623222e+01,2.642405e+01,2.629179e+01,2.648352e+01,2.647031e+01,2.617924e+01,2.635794e+01,2.631826e+01,2.631164e+01,2.627855e+01,2.627194e+01,2.625208e+01,2.596704e+01,2.600023e+01,2.596041e+01,2.593385e+01,2.580762e+01,2.566793e+01,2.564130e+01,2.566127e+01,2.559468e+01,2.556137e+01,2.548138e+01,2.542802e+01,2.526110e+01,2.537464e+01,2.512737e+01,2.499347e+01,2.469156e+01,2.467141e+01,2.466469e+01,2.442247e+01,2.423369e+01,2.399047e+01,2.388896e+01,2.384155e+01,2.384833e+01,2.366529e+01,2.362457e+01,2.358383e+01,2.356346e+01,2.342073e+01,2.346833e+01,2.345473e+01,2.327099e+01,2.323693e+01,2.319604e+01,2.312786e+01,2.318241e+01,2.316195e+01,2.319604e+01,2.312104e+01,2.311422e+01,2.299818e+01,2.303232e+01,2.304598e+01,2.312786e+01,2.314832e+01,2.314150e+01,2.306645e+01,2.301867e+01,2.323012e+01,2.296403e+01,2.308693e+01,2.305963e+01,2.295037e+01,2.295720e+01,2.301184e+01,2.296403e+01,2.305963e+01,2.300501e+01,2.310057e+01,2.301184e+01,2.309375e+01,2.314150e+01,2.315514e+01,2.299135e+01,2.296403e+01,2.298452e+01,2.302550e+01,2.304598e+01,2.296403e+01,2.297769e+01,2.297086e+01,2.295720e+01,2.308693e+01,2.293670e+01,2.306645e+01,2.320967e+01,2.295720e+01,2.318923e+01,2.325056e+01,2.323693e+01,2.334589e+01,2.323693e+01,2.342073e+01,2.334589e+01,2.333908e+01,2.335269e+01,2.329823e+01,2.334589e+01,2.329142e+01,2.333908e+01,2.326418e+01,2.325056e+01,2.323693e+01,2.323012e+01,2.322330e+01,2.303232e+01,2.316195e+01,2.293670e+01,2.299818e+01,2.295720e+01,2.299818e+01,2.316195e+01,2.319604e+01,2.316195e+01,2.297769e+01,2.307328e+01,2.312786e+01,2.341393e+01,2.344113e+01,2.365172e+01,2.364493e+01,2.365850e+01,2.367207e+01,2.382801e+01,2.383478e+01,2.383478e+01,2.380091e+01,2.357704e+01,2.359062e+01,2.355667e+01,2.357704e+01
2.382801e+01,2.398371e+01,2.395664e+01,2.415943e+01,2.415943e+01,2.417294e+01,2.418644e+01,2.414593e+01,2.415268e+01,2.424044e+01,2.428092e+01,2.430115e+01,2.438205e+01,2.436857e+01,2.439552e+01,2.434161e+01,2.442921e+01,2.438878e+01,2.444268e+01,2.436183e+01,2.440900e+01,2.438205e+01,2.436183e+01,2.435509e+01,2.436857e+01,2.433487e+01,2.434835e+01,2.421344e+01,2.436857e+01,2.434161e+01,2.430790e+01,2.427417e+01,2.429441e+01,2.423369e+01,2.435509e+01,2.423369e+01,2.438205e+01,2.432138e+01,2.444941e+01,2.429441e+01,2.426743e+01,2.432812e+01,2.419319e+01,2.418644e+01,2.392281e+01,2.390250e+01,2.382123e+01,2.382801e+01,2.377380e+01,2.364493e+01,2.354987e+01,2.350231e+01,2.348192e+01,2.351590e+01,2.342753e+01,2.348872e+01,2.349552e+01,2.331866e+01,2.344113e+01,2.353629e+01,2.386187e+01,2.372634e+01,2.357704e+01,2.368564e+01,2.365850e+01,2.378735e+01,2.378057e+01,2.371956e+01,2.376702e+01,2.384155e+01,2.386187e+01,2.391604e+01,2.387542e+01,2.406485e+01,2.391604e+01,2.380768e+01,2.375346e+01,2.360420e+01,2.397018e+01,2.394311e+01,2.394988e+01,2.395664e+01,2.410540e+01,2.389573e+01,2.386865e+01,2.380091e+01,2.369242e+01,2.361099e+01,2.335950e+01,2.303915e+01,2.273835e+01,2.271780e+01,2.266301e+01,2.266301e+01,2.284783e+01,2.301867e+01,2.303915e+01,2.301867e+01,2.310057e+01,2.301867e+01,2.273150e+01,2.282047e+01,2.274519e+01,2.280679e+01,2.263560e+01,2.271096e+01,2.259447e+01,2.275204e+01,2.275888e+01,2.278626e+01,2.282731e+01,2.280679e+01,2.283415e+01,2.281363e+01,2.282047e+01,2.287519e+01,2.277942e+01,2.292987e+01,2.282731e+01,2.287519e+01,2.281363e+01,2.292303e+01,2.283415e+01,2.292303e+01,2.295037e+01,2.300501e+01,2.314150e+01,2.327099e+01,2.309375e+01,2.306645e+01,2.305963e+01,2.335269e+01,2.346153e+01,2.383478e+01,2.410540e+01,2.432812e+01,2.432812e+01,2.442247e+01,2.435509e+01,2.458401e+01,2.455038e+01,2.458401e+01,2.463780e+01,2.455038e+01,2.453019e+01,2.453692e+01,2.476544e+01,2.485940e+01,2.504705e+01,2.542802e+01,2.548805e+01,2.548805e+01,2.568790e+01,2.555471e+01,2.554138e+01,2.548805e+01,2.541468e+01,2.555471e+01,2.548138e+01,2.547471e+01,2.544804e+01,2.534126e+01,2.532790e+01,2.518088e+01,2.505375e+01,2.505375e+01,2.500687e+01,2.507383e+01,2.501357e+01,2.517419e+01,2.518757e+01,2.495997e+01,2.516082e+01,2.499347e+01,2.504035e+01,2.483256e+01,2.467141e+01,2.467813e+01,2.475873e+01,2.446961e+01,2.444268e+01,2.436857e+01,2.426743e+01,2.419994e+01,2.407837e+01,2.406485e+01,2.399047e+01,2.402428e+01,2.405809e+01,2.405809e+01,2.413242e+01,2.397694e+01,2.386865e+01,2.391604e+01,2.406485e+01,2.406485e+01,2.396341e+01,2.399723e+01,2.403781e+01,2.398371e+01,2.389573e+01,2.390250e+01,2.401752e+01,2.398371e+01,2.396341e+01,2.380091e+01,2.394311e+01,2.390927e+01,2.407161e+01,2.390927e+01,2.387542e+01,2.388219e+01,2.386865e+01,2.387542e+01,2.390250e+01,2.400400e+01,2.377380e+01,2.377380e+01,2.389573e+01,2.385510e+01,2.385510e+01,2.374668e+01,2.371277e+01,2.385510e+01,2.369242e+01,2.380091e+01,2.376024e+01,2.371277e+01,2.376024e+01,2.377380e+01,2.377380e+01,2.374668e+01,2.369242e+01,2.371277e+01,2.371277e+01,2.371277e+01,2.374668e+01,2.375346e+01,2.369921e+01,2.362457e+01,2.366529e+01,2.369242e+01,2.368564e+01,2.363136e+01,2.357704e+01,2.357704e+01,2.360420e+01,2.360420e+01,2.349552e+01,2.359062e+01,2.361778e+01,2.354308e+01,2.348192e+01,2.353629e+01,2.350911e+01,2.355667e+01,2.352270e+01,2.355667e+01,2.354987e+01,2.342753e+01,2.349552e+01,2.346153e+01,2.346833e+01,2.344113e+01,2.348192e+01,2.346833e+01,2.346833e+01,2.337311e+01,2.341393e+01,2.342753e+01,2.345473e+01,2.342073e+01,2.340713e+01,2.342073e+01,2.337991e+01,2.339352e+01,2.340713e+01,2.329142e+01,2.340713e+01,2.334589e+01,2.323012e+01,2.328461e+01,2.336630e+01,2.315514e+01,2.323012e+01,2.330504e+01,2.325737e+01,2.328461e+01,2.340032e+01,2.313468e+01,2.317559e+01,2.346153e+01,2.312104e+01,2.315514e+01,2.329823e+01,2.332547e+01,2.333228e+01,2.329823e+01,2.330504e+01,2.332547e+01,2.334589e+01,2.329142e+01,2.339352e+01,2.336630e+01,2.329823e+01,2.326418e+01,2.330504e+01,2.332547e+01,2.333908e+01,2.339352e+01,2.333228e+01,2.340032e+01,2.327780e+01,2.331185e+01,2.335950e+01,2.329823e+01,2.331866e+01,2.332547e+01,2.342073e+01,2.329823e+01,2.333228e+01,2.341393e+01,2.334589e+01,2.328461e+01,2.340032e+01,2.340032e+01,2.346833e+01,2.335269e+01,2.344793e+01,2.347513e+01,2.330504e+01,2.350911e+01,2.357025e+01,2.347513e+01,2.354308e+01,2.348192e+01,2.347513e+01,2.358383e+01,2.357704e+01,2.357025e+01,2.356346e+01,2.356346e+01,2.361099e+01,2.350231e+01,2.363814e+01,2.355667e+01,2.356346e+01,2.354987e+01,2.358383e+01,2.359062e+01,2.355667e+01,2.363814e+01,2.362457e+01,2.363814e+01,2.365850e+01,2.359741e+01,2.361099e+01,2.357025e+01,2.357025e+01,2.367886e+01,2.365850e+01,2.359741e+01,2.358383e+01,2.372634e+01,2.353629e+01,2.352270e+01,2.354308e+01,2.352949e+01,2.354308e+01,2.357704e+01,2.353629e+01,2.363136e+01,2.361778e+01,2.355667e+01,2.360420e+01,2.359062e+01,2.354308e+01,2.359741e+01,2.359741e+01,2.361099e+01,2.359062e+01,2.360420e+01,2.357025e+01,2.382801e+01,2.361099e+01,2.373312e+01,2.358383e+01,2.363814e+01,2.365172e+01,2.364493e+01,2.363136e+01,2.361778e+01,2.363136e+01,2.381446e+01,2.360420e+01,2.365172e+01,2.357704e+01,2.361778e+01,2.357704e+01,2.367207e+01,2.367207e+01,2.365172e+01,2.380768e+01,2.374668e+01,2.373312e+01,2.369921e+01,2.366529e+01,2.363814e+01,2.370599e+01,2.373312e+01,2.383478e+01,2.444941e+01,2.582756e+01,2.671445e+01,2.727322e+01,2.741737e+01,2.762669e+01,2.792036e+01,2.791384e+01,2.800504e+01,2.812220e+01,2.809617e+01,2.818072e+01,2.821972e+01,2.819373e+01,2.820023e+01,2.817422e+01,2.804411e+01,2.801807e+01,2.792036e+01,2.783560e+01,2.771814e+01,2.792036e+01,2.763322e+01,2.727322e+01,2.723387e+01,2.706320e+01,2.700406e+01,2.668149e+01,2.665512e+01,2.663533e+01,2.647691e+01,2.641084e+01,2.625208e+01,2.617924e+01,2.604004e+01,2.600023e+01,2.605330e+01,2.591393e+01,2.590065e+01,2.587408e+01,2.580762e+01,2.564796e+01,2.540801e+01,2.542135e+01,2.533458e+01,2.511399e+01,2.520763e+01,2.500017e+01,2.485940e+01,2.468484e+01,2.444268e+01,2.499347e+01,2.498007e+01,2.512737e+01,2.522100e+01,2.536129e+01,2.568124e+01,2.565462e+01,2.559468e+01,2.562132e+01,2.562798e+01,2.555471e+01,2.568790e+01,2.572782e+01,2.564130e+01,2.558802e+01,2.558136e+01,2.566793e+01,2.566793e+01,2.572117e+01,2.573447e+01,2.570786e+01,2.569455e+01,2.559468e+01,2.552139e+01,2.550139e+01,2.552139e+01,2.561466e+01,2.560134e+01,2.559468e+01,2.578768e+01,2.578768e+01,2.592057e+01,2.598032e+01,2.599359e+01,2.607982e+01,2.610634e+01,2.605330e+01,2.618586e+01,2.615936e+01,2.609309e+01,2.601350e+01,2.605330e+01,2.614611e+01,2.634472e+01,2.643066e+01,2.630502e+01,2.636456e+01,2.643066e+01,2.632487e+01,2.645709e+01,2.637778e+01,2.634472e+01,2.623884e+01,2.622560e+01,2.611960e+01,2.609971e+01,2.602013e+01,2.596041e+01,2.571451e+01,2.571451e+01,2.566127e+01,2.568124e+01,2.564796e+01,2.577438e+01,2.544137e+01,2.549472e+01,2.528782e+01,2.528782e+01,2.516082e+01,2.497337e+01,2.496667e+01,2.469156e+01,2.472515e+01,2.469156e+01,2.443594e+01,2.421344e+01,2.436183e+01,2.397694e+01,2.387542e+01,2.375346e+01,2.361778e+01,2.367886e+01,2.365850e+01,2.354308e+01,2.352270e+01,2.348872e+01,2.345473e+01,2.327780e+01,2.325737e+01,2.325737e+01,2.313468e+01,2.325737e+01,2.311422e+01,2.308693e+01,2.323693e+01,2.301867e+01,2.310739e+01,2.305963e+01,2.314150e+01,2.312104e+01,2.313468e+01,2.297086e+01,2.313468e+01,2.302550e+01,2.302550e+01,2.295720e+01,2.301867e+01,2.301184e+01,2.295037e+01,2.299818e+01,2.292303e+01,2.298452e+01,2.303232e+01,2.303232e+01,2.293670e+01,2.295037e+01,2.302550e+01,2.314150e+01,2.297086e+01,2.308010e+01,2.273150e+01,2.295720e+01,2.299135e+01,2.295720e+01,2.303232e+01,2.303232e+01,2.297086e+01,2.299135e+01,2.298452e+01,2.305963e+01,2.295037e+01,2.301867e+01,2.291620e+01,2.304598e+01,2.314832e+01,2.321649e+01,2.321649e+01,2.318923e+01,2.319604e+01,2.315514e+01,2.335269e+01,2.335950e+01,2.327780e+01,2.327099e+01,2.313468e+01,2.320286e+01,2.312786e+01,2.328461e+01,2.323693e+01,2.325737e+01,2.320967e+01,2.320286e+01,2.318923e+01,2.316877e+01,2.298452e+01,2.303232e+01,2.297086e+01,2.275204e+01,2.280679e+01,2.313468e+01,2.297086e+01,2.312104e+01,2.290253e+01,2.315514e+01,2.335950e+01,2.340713e+01,2.362457e+01,2.363136e+01,2.368564e+01,2.385510e+01,2.378057e+01,2.371956e+01,2.373990e+01,2.374668e+01,2.365850e+01,2.363814e+01,2.359062e+01,2.358383e+01
2.387542e+01,2.394988e+01,2.409864e+01,2.400400e+01,2.411891e+01,2.416619e+01,2.418644e+01,2.426068e+01,2.446961e+01,2.422694e+01,2.429441e+01,2.430790e+01,2.438205e+01,2.435509e+01,2.430790e+01,2.436183e+01,2.432812e+01,2.441573e+01,2.456383e+01,2.448308e+01,2.428766e+01,2.438205e+01,2.443594e+01,2.437531e+01,2.439552e+01,2.439552e+01,2.435509e+01,2.436857e+01,2.441573e+01,2.422019e+01,2.428766e+01,2.428766e+01,2.430790e+01,2.431464e+01,2.426068e+01,2.438205e+01,2.424719e+01,2.422019e+01,2.442921e+01,2.429441e+01,2.426068e+01,2.428092e+01,2.399723e+01,2.401752e+01,2.386865e+01,2.399723e+01,2.377380e+01,2.379413e+01,2.365850e+01,2.352949e+01,2.359062e+01,2.349552e+01,2.354308e+01,2.346833e+01,2.340713e+01,2.350231e+01,2.335269e+01,2.344113e+01,2.347513e+01,2.350231e+01,2.354987e+01,2.359062e+01,2.363136e+01,2.367207e+01,2.386187e+01,2.367207e+01,2.373990e+01,2.380768e+01,2.379413e+01,2.370599e+01,2.394988e+01,2.388219e+01,2.384833e+01,2.384155e+01,2.373312e+01,2.386865e+01,2.374668e+01,2.372634e+01,2.378057e+01,2.401752e+01,2.397694e+01,2.395664e+01,2.401076e+01,2.390250e+01,2.393634e+01,2.376702e+01,2.385510e+01,2.357025e+01,2.336630e+01,2.316195e+01,2.275888e+01,2.274519e+01,2.270411e+01,2.277257e+01,2.273835e+01,2.298452e+01,2.306645e+01,2.303232e+01,2.305963e+01,2.303232e+01,2.287519e+01,2.303915e+01,2.276573e+01,2.296403e+01,2.273150e+01,2.286151e+01,2.309375e+01,2.304598e+01,2.284783e+01,2.305963e+01,2.297769e+01,2.285467e+01,2.311422e+01,2.308693e+01,2.315514e+01,2.315514e+01,2.314832e+01,2.293670e+01,2.294353e+01,2.291620e+01,2.292303e+01,2.288886e+01,2.291620e+01,2.297769e+01,2.308693e+01,2.310739e+01,2.312786e+01,2.295720e+01,2.307328e+01,2.303915e+01,2.313468e+01,2.333228e+01,2.367886e+01,2.398371e+01,2.421344e+01,2.429441e+01,2.440226e+01,2.427417e+01,2.439552e+01,2.454365e+01,2.460419e+01,2.457728e+01,2.455710e+01,2.458401e+01,2.461091e+01,2.480572e+01,2.500017e+01,2.518757e+01,2.533458e+01,2.551472e+01,2.560800e+01,2.564796e+01,2.563464e+01,2.552139e+01,2.558136e+01,2.546805e+01,2.542135e+01,2.558802e+01,2.559468e+01,2.550139e+01,2.556137e+01,2.552805e+01,2.534126e+01,2.534126e+01,2.528782e+01,2.511399e+01,2.502026e+01,2.502026e+01,2.508052e+01,2.501357e+01,2.523437e+01,2.500017e+01,2.518757e+01,2.497337e+01,2.493986e+01,2.493316e+01,2.475873e+01,2.477216e+01,2.465124e+01,2.468484e+01,2.442247e+01,2.442921e+01,2.431464e+01,2.425393e+01,2.419319e+01,2.407837e+01,2.415943e+01,2.420670e+01,2.421344e+01,2.411215e+01,2.426068e+01,2.415268e+01,2.413242e+01,2.424044e+01,2.421344e+01,2.424044e+01,2.426743e+01,2.413242e+01,2.412566e+01,2.397018e+01,2.409188e+01,2.410540e+01,2.393634e+01,2.403105e+01,2.415268e+01,2.403781e+01,2.407837e+01,2.403105e+01,2.395664e+01,2.390250e+01,2.411215e+01,2.406485e+01,2.414593e+01,2.403105e+01,2.406485e+01,2.407161e+01,2.383478e+01,2.402428e+01,2.389573e+01,2.380768e+01,2.399723e+01,2.370599e+01,2.388896e+01,2.377380e+01,2.403781e+01,2.384833e+01,2.382123e+01,2.383478e+01,2.392281e+01,2.394988e+01,2.393634e+01,2.376024e+01,2.376024e+01,2.374668e+01,2.376702e+01,2.370599e+01,2.369242e+01,2.367886e+01,2.371956e+01,2.380768e+01,2.365172e+01,2.369242e+01,2.370599e+01,2.379413e+01,2.378057e+01,2.363814e+01,2.357704e+01,2.363136e+01,2.352270e+01,2.359062e+01,2.355667e+01,2.346833e+01,2.351590e+01,2.353629e+01,2.342753e+01,2.353629e+01,2.344113e+01,2.354308e+01,2.343433e+01,2.349552e+01,2.352949e+01,2.343433e+01,2.346153e+01,2.348872e+01,2.347513e+01,2.335269e+01,2.339352e+01,2.340713e+01,2.340032e+01,2.341393e+01,2.341393e+01,2.340713e+01,2.331185e+01,2.340713e+01,2.340713e+01,2.327099e+01,2.330504e+01,2.340713e+01,2.337991e+01,2.334589e+01,2.316877e+01,2.332547e+01,2.331866e+01,2.335269e+01,2.334589e+01,2.343433e+01,2.327780e+01,2.340713e+01,2.329823e+01,2.343433e+01,2.329142e+01,2.333228e+01,2.323693e+01,2.333228e+01,2.323693e+01,2.329142e+01,2.337991e+01,2.331185e+01,2.325737e+01,2.343433e+01,2.331866e+01,2.328461e+01,2.331866e+01,2.334589e+01,2.333228e+01,2.327099e+01,2.328461e+01,2.332547e+01,2.334589e+01,2.337991e+01,2.343433e+01,2.329142e+01,2.333228e+01,2.333228e+01,2.330504e+01,2.336630e+01,2.334589e+01,2.343433e+01,2.338672e+01,2.333228e+01,2.336630e+01,2.329142e+01,2.327780e+01,2.342073e+01,2.339352e+01,2.340032e+01,2.338672e+01,2.340713e+01,2.353629e+01,2.349552e+01,2.348872e+01,2.352949e+01,2.350911e+01,2.365850e+01,2.350231e+01,2.349552e+01,2.361099e+01,2.359062e+01,2.359741e+01,2.357704e+01,2.354308e+01,2.354308e+01,2.352949e+01,2.357025e+01,2.358383e+01,2.354987e+01,2.354308e+01,2.368564e+01,2.360420e+01,2.368564e+01,2.367207e+01,2.360420e+01,2.362457e+01,2.360420e+01,2.363814e+01,2.358383e+01,2.357025e+01,2.358383e+01,2.361778e+01,2.359062e+01,2.362457e+01,2.363814e+01,2.369242e+01,2.360420e+01,2.352949e+01,2.369242e+01,2.362457e+01,2.362457e+01,2.364493e+01,2.364493e+01,2.363814e+01,2.361778e+01,2.361778e+01,2.364493e+01,2.357704e+01,2.357025e+01,2.363814e+01,2.364493e+01,2.361778e+01,2.362457e+01,2.365172e+01,2.360420e+01,2.364493e+01,2.361099e+01,2.373312e+01,2.359741e+01,2.367886e+01,2.353629e+01,2.365172e+01,2.362457e+01,2.365850e+01,2.365172e+01,2.368564e+01,2.359062e+01,2.361099e+01,2.359741e+01,2.365172e+01,2.388896e+01,2.370599e+01,2.357025e+01,2.361778e+01,2.367207e+01,2.363136e+01,2.368564e+01,2.365172e+01,2.367207e+01,2.373312e+01,2.376024e+01,2.376702e+01,2.378735e+01,2.380091e+01,2.443594e+01,2.553472e+01,2.670786e+01,2.713544e+01,2.742391e+01,2.758747e+01,2.789429e+01,2.800504e+01,2.810268e+01,2.813520e+01,2.831717e+01,2.824572e+01,2.827820e+01,2.820023e+01,2.818723e+01,2.817422e+01,2.810268e+01,2.808316e+01,2.792036e+01,2.777689e+01,2.772467e+01,2.783560e+01,2.766589e+01,2.760708e+01,2.720763e+01,2.722731e+01,2.695147e+01,2.678693e+01,2.691200e+01,2.653635e+01,2.654295e+01,2.629179e+01,2.634472e+01,2.603340e+01,2.618586e+01,2.602013e+01,2.592057e+01,2.596704e+01,2.598696e+01,2.588072e+01,2.574113e+01,2.562798e+01,2.534126e+01,2.542802e+01,2.536796e+01,2.504035e+01,2.501357e+01,2.486610e+01,2.454365e+01,2.438878e+01,2.440226e+01,2.470500e+01,2.494656e+01,2.526778e+01,2.528115e+01,2.549472e+01,2.558802e+01,2.554804e+01,2.549472e+01,2.553472e+01,2.544804e+01,2.546805e+01,2.552139e+01,2.559468e+01,2.556137e+01,2.562132e+01,2.569455e+01,2.558136e+01,2.572782e+01,2.574778e+01,2.586079e+01,2.580762e+01,2.570121e+01,2.554804e+01,2.545471e+01,2.529451e+01,2.559468e+01,2.577438e+01,2.594049e+01,2.602013e+01,2.605993e+01,2.598696e+01,2.589401e+01,2.605330e+01,2.619248e+01,2.602013e+01,2.617261e+01,2.616599e+01,2.607319e+01,2.613948e+01,2.613286e+01,2.615274e+01,2.605330e+01,2.606656e+01,2.607319e+01,2.629179e+01,2.625208e+01,2.633810e+01,2.630502e+01,2.638439e+01,2.628517e+01,2.640422e+01,2.621898e+01,2.615274e+01,2.607982e+01,2.611960e+01,2.607319e+01,2.584750e+01,2.578103e+01,2.565462e+01,2.545471e+01,2.542135e+01,2.536129e+01,2.538131e+01,2.548805e+01,2.534126e+01,2.526778e+01,2.522100e+01,2.517419e+01,2.500017e+01,2.495997e+01,2.497337e+01,2.481914e+01,2.454365e+01,2.461091e+01,2.432138e+01,2.424719e+01,2.408512e+01,2.392281e+01,2.379413e+01,2.370599e+01,2.361099e+01,2.368564e+01,2.352949e+01,2.344793e+01,2.353629e+01,2.346833e+01,2.331866e+01,2.323012e+01,2.319604e+01,2.322330e+01,2.302550e+01,2.316877e+01,2.312104e+01,2.307328e+01,2.319604e+01,2.313468e+01,2.305280e+01,2.314150e+01,2.307328e+01,2.292303e+01,2.295720e+01,2.310057e+01,2.312104e+01,2.298452e+01,2.303232e+01,2.297769e+01,2.294353e+01,2.294353e+01,2.308693e+01,2.295720e+01,2.292303e+01,2.293670e+01,2.292303e+01,2.292303e+01,2.298452e+01,2.297086e+01,2.295720e+01,2.284783e+01,2.294353e+01,2.288886e+01,2.290253e+01,2.301184e+01,2.303232e+01,2.303915e+01,2.297086e+01,2.303232e+01,2.294353e+01,2.298452e+01,2.308693e+01,2.297086e+01,2.308010e+01,2.295037e+01,2.307328e+01,2.301867e+01,2.303232e+01,2.315514e+01,2.314832e+01,2.318923e+01,2.304598e+01,2.305963e+01,2.324374e+01,2.315514e+01,2.314832e+01,2.313468e+01,2.317559e+01,2.320286e+01,2.326418e+01,2.320967e+01,2.316195e+01,2.312786e+01,2.318923e+01,2.318241e+01,2.318241e+01,2.320967e+01,2.301867e+01,2.307328e+01,2.301184e+01,2.279310e+01,2.284099e+01,2.294353e+01,2.282731e+01,2.287519e+01,2.295037e+01,2.297086e+01,2.333228e+01,2.337311e+01,2.363136e+01,2.374668e+01,2.365172e+01,2.360420e+01,2.378057e+01,2.375346e+01,2.382801e+01,2.376702e+01,2.384155e+01,2.363136e+01,2.384833e+01,2.386865e+01
2.389573e+01,2.401076e+01,2.397018e+01,2.409864e+01,2.406485e+01,2.413917e+01,2.417969e+01,2.419994e+01,2.419319e+01,2.421344e+01,2.421344e+01,2.427417e+01,2.440226e+01,2.432138e+01,2.432812e+01,2.444941e+01,2.437531e+01,2.436857e+01,2.456383e+01,2.422019e+01,2.438878e+01,2.458401e+01,2.440900e+01,2.440900e+01,2.444941e+01,2.442247e+01,2.436183e+01,2.429441e+01,2.426068e+01,2.442921e+01,2.440226e+01,2.433487e+01,2.430115e+01,2.432138e+01,2.424044e+01,2.443594e+01,2.421344e+01,2.416619e+01,2.430790e+01,2.415268e+01,2.425393e+01,2.422694e+01,2.409188e+01,2.406485e+01,2.386187e+01,2.384833e+01,2.369242e+01,2.364493e+01,2.365172e+01,2.367886e+01,2.348192e+01,2.350911e+01,2.346833e+01,2.344113e+01,2.337311e+01,2.346153e+01,2.343433e+01,2.340032e+01,2.338672e+01,2.337991e+01,2.356346e+01,2.379413e+01,2.352949e+01,2.360420e+01,2.358383e+01,2.360420e+01,2.371956e+01,2.366529e+01,2.384833e+01,2.385510e+01,2.382123e+01,2.376702e+01,2.373312e+01,2.369921e+01,2.367207e+01,2.352270e+01,2.364493e+01,2.373312e+01,2.394988e+01,2.392281e+01,2.397694e+01,2.393634e+01,2.401752e+01,2.393634e+01,2.392958e+01,2.380091e+01,2.379413e+01,2.352949e+01,2.329823e+01,2.284099e+01,2.276573e+01,2.274519e+01,2.273150e+01,2.291620e+01,2.305963e+01,2.310057e+01,2.305280e+01,2.324374e+01,2.312104e+01,2.334589e+01,2.295037e+01,2.294353e+01,2.306645e+01,2.305963e+01,2.299818e+01,2.291620e+01,2.298452e+01,2.302550e+01,2.311422e+01,2.301184e+01,2.305963e+01,2.312104e+01,2.318241e+01,2.329142e+01,2.319604e+01,2.332547e+01,2.321649e+01,2.327780e+01,2.292987e+01,2.293670e+01,2.295037e+01,2.297769e+01,2.295720e+01,2.292987e+01,2.296403e+01,2.299135e+01,2.308010e+01,2.302550e+01,2.305963e+01,2.332547e+01,2.335950e+01,2.361099e+01,2.384833e+01,2.403105e+01,2.420670e+01,2.419319e+01,2.434161e+01,2.434835e+01,2.441573e+01,2.448981e+01,2.454365e+01,2.462436e+01,2.469156e+01,2.470500e+01,2.498007e+01,2.507383e+01,2.510060e+01,2.529451e+01,2.552805e+01,2.548138e+01,2.570786e+01,2.561466e+01,2.567459e+01,2.554804e+01,2.556804e+01,2.554138e+01,2.546805e+01,2.543469e+01,2.545471e+01,2.554804e+01,2.552139e+01,2.552805e+01,2.534793e+01,2.532122e+01,2.520094e+01,2.516751e+01,2.512068e+01,2.514744e+01,2.510730e+01,2.522100e+01,2.522100e+01,2.522768e+01,2.519426e+01,2.515413e+01,2.494656e+01,2.492645e+01,2.486610e+01,2.491975e+01,2.481914e+01,2.479230e+01,2.460419e+01,2.464452e+01,2.434835e+01,2.427417e+01,2.422694e+01,2.424719e+01,2.424719e+01,2.430790e+01,2.413917e+01,2.415943e+01,2.431464e+01,2.427417e+01,2.426068e+01,2.425393e+01,2.445614e+01,2.430115e+01,2.423369e+01,2.425393e+01,2.427417e+01,2.428766e+01,2.417294e+01,2.417969e+01,2.422019e+01,2.419994e+01,2.424719e+01,2.422694e+01,2.411215e+01,2.415943e+01,2.412566e+01,2.417969e+01,2.421344e+01,2.411215e+01,2.413242e+01,2.412566e+01,2.405809e+01,2.421344e+01,2.413917e+01,2.412566e+01,2.400400e+01,2.391604e+01,2.414593e+01,2.390250e+01,2.394988e+01,2.389573e+01,2.397018e+01,2.402428e+01,2.386865e+01,2.388896e+01,2.399047e+01,2.388896e+01,2.393634e+01,2.391604e+01,2.383478e+01,2.395664e+01,2.371277e+01,2.373312e+01,2.371277e+01,2.371277e+01,2.370599e+01,2.373312e+01,2.371956e+01,2.371277e+01,2.360420e+01,2.365850e+01,2.368564e+01,2.359062e+01,2.369242e+01,2.363814e+01,2.355667e+01,2.357704e+01,2.356346e+01,2.350911e+01,2.352270e+01,2.344793e+01,2.356346e+01,2.354987e+01,2.345473e+01,2.352949e+01,2.345473e+01,2.352270e+01,2.347513e+01,2.352270e+01,2.344793e+01,2.343433e+01,2.344793e+01,2.342073e+01,2.344793e+01,2.342073e+01,2.347513e+01,2.342073e+01,2.334589e+01,2.341393e+01,2.342753e+01,2.344113e+01,2.339352e+01,2.337311e+01,2.339352e+01,2.337311e+01,2.340032e+01,2.337311e+01,2.343433e+01,2.337991e+01,2.334589e+01,2.335950e+01,2.329823e+01,2.332547e+01,2.344113e+01,2.329823e+01,2.329142e+01,2.329823e+01,2.334589e+01,2.331185e+01,2.331866e+01,2.333228e+01,2.332547e+01,2.329823e+01,2.331185e+01,2.332547e+01,2.331866e+01,2.340713e+01,2.332547e+01,2.335269e+01,2.330504e+01,2.333908e+01,2.337991e+01,2.333228e+01,2.342753e+01,2.331185e+01,2.333228e+01,2.337311e+01,2.334589e+01,2.335269e+01,2.342753e+01,2.334589e+01,2.337991e+01,2.332547e+01,2.337311e+01,2.335269e+01,2.343433e+01,2.344113e+01,2.345473e+01,2.341393e+01,2.349552e+01,2.342753e+01,2.335950e+01,2.351590e+01,2.344113e+01,2.338672e+01,2.348192e+01,2.350231e+01,2.354987e+01,2.348192e+01,2.351590e+01,2.352270e+01,2.359741e+01,2.348192e+01,2.342073e+01,2.344113e+01,2.369242e+01,2.370599e+01,2.353629e+01,2.365850e+01,2.373990e+01,2.368564e+01,2.358383e+01,2.366529e+01,2.355667e+01,2.361099e+01,2.365850e+01,2.365850e+01,2.365172e+01,2.369242e+01,2.359062e+01,2.363136e+01,2.370599e+01,2.358383e+01,2.359741e+01,2.357025e+01,2.363814e+01,2.362457e+01,2.361099e+01,2.361099e+01,2.369921e+01,2.357704e+01,2.361099e+01,2.361778e+01,2.358383e+01,2.365172e+01,2.363136e+01,2.363814e+01,2.369921e+01,2.368564e+01,2.363136e+01,2.359741e+01,2.362457e+01,2.355667e+01,2.358383e+01,2.358383e+01,2.354308e+01,2.361778e+01,2.360420e+01,2.361099e+01,2.365172e+01,2.354308e+01,2.355667e+01,2.371277e+01,2.365850e+01,2.352270e+01,2.365850e+01,2.365850e+01,2.365172e+01,2.361099e+01,2.365172e+01,2.364493e+01,2.371956e+01,2.374668e+01,2.382123e+01,2.370599e+01,2.358383e+01,2.364493e+01,2.364493e+01,2.363814e+01,2.369242e+01,2.365850e+01,2.369242e+01,2.368564e+01,2.377380e+01,2.374668e+01,2.376024e+01,2.383478e+01,2.375346e+01,2.445614e+01,2.553472e+01,2.664193e+01,2.711575e+01,2.741082e+01,2.757440e+01,2.787473e+01,2.796597e+01,2.810919e+01,2.823922e+01,2.820673e+01,2.831717e+01,2.837559e+01,2.838208e+01,2.836910e+01,2.837559e+01,2.817422e+01,2.820023e+01,2.805062e+01,2.805062e+01,2.803760e+01,2.792036e+01,2.789429e+01,2.745010e+01,2.737152e+01,2.721420e+01,2.701721e+01,2.697777e+01,2.681986e+01,2.678693e+01,2.653635e+01,2.656935e+01,2.639761e+01,2.635133e+01,2.605993e+01,2.607319e+01,2.599359e+01,2.600686e+01,2.600686e+01,2.586079e+01,2.586743e+01,2.562132e+01,2.544137e+01,2.542802e+01,2.513406e+01,2.510730e+01,2.477216e+01,2.452346e+01,2.437531e+01,2.440900e+01,2.468484e+01,2.471172e+01,2.493986e+01,2.507383e+01,2.530787e+01,2.531454e+01,2.550805e+01,2.560800e+01,2.545471e+01,2.550805e+01,2.550139e+01,2.562132e+01,2.550139e+01,2.559468e+01,2.555471e+01,2.582092e+01,2.570786e+01,2.557470e+01,2.568124e+01,2.590729e+01,2.575443e+01,2.572117e+01,2.584750e+01,2.583421e+01,2.566127e+01,2.568790e+01,2.572117e+01,2.598696e+01,2.610634e+01,2.621235e+01,2.598696e+01,2.609971e+01,2.600686e+01,2.607319e+01,2.616599e+01,2.606656e+01,2.607319e+01,2.604667e+01,2.605330e+01,2.587408e+01,2.566793e+01,2.568790e+01,2.568790e+01,2.602677e+01,2.597368e+01,2.624546e+01,2.625208e+01,2.632487e+01,2.625870e+01,2.619911e+01,2.638439e+01,2.630502e+01,2.619248e+01,2.614611e+01,2.611960e+01,2.588736e+01,2.586743e+01,2.570786e+01,2.587408e+01,2.545471e+01,2.544137e+01,2.538131e+01,2.520094e+01,2.537464e+01,2.510730e+01,2.524105e+01,2.526110e+01,2.524105e+01,2.498677e+01,2.497337e+01,2.490634e+01,2.480572e+01,2.465796e+01,2.469156e+01,2.453019e+01,2.413917e+01,2.410540e+01,2.424719e+01,2.390250e+01,2.379413e+01,2.369242e+01,2.357704e+01,2.356346e+01,2.352949e+01,2.351590e+01,2.341393e+01,2.336630e+01,2.312786e+01,2.325737e+01,2.314150e+01,2.305963e+01,2.302550e+01,2.323693e+01,2.301184e+01,2.308010e+01,2.317559e+01,2.310057e+01,2.300501e+01,2.300501e+01,2.295720e+01,2.303232e+01,2.305963e+01,2.308693e+01,2.305280e+01,2.310739e+01,2.297086e+01,2.293670e+01,2.302550e+01,2.301184e+01,2.296403e+01,2.296403e+01,2.290253e+01,2.299818e+01,2.289569e+01,2.279310e+01,2.289569e+01,2.282731e+01,2.293670e+01,2.294353e+01,2.296403e+01,2.296403e+01,2.291620e+01,2.302550e+01,2.290937e+01,2.303232e+01,2.283415e+01,2.301867e+01,2.304598e+01,2.282731e+01,2.299135e+01,2.299135e+01,2.292303e+01,2.293670e+01,2.297086e+01,2.299135e+01,2.291620e+01,2.292303e+01,2.310057e+01,2.312104e+01,2.295037e+01,2.298452e+01,2.314832e+01,2.335950e+01,2.310739e+01,2.312104e+01,2.316195e+01,2.315514e+01,2.311422e+01,2.323012e+01,2.300501e+01,2.310739e+01,2.320967e+01,2.322330e+01,2.320286e+01,2.318241e+01,2.318241e+01,2.303915e+01,2.300501e+01,2.285467e+01,2.297769e+01,2.278626e+01,2.284783e+01,2.284099e+01,2.289569e+01,2.315514e+01,2.339352e+01,2.335950e+01,2.360420e+01,2.371956e+01,2.376702e+01,2.392281e+01,2.386865e+01,2.379413e+01,2.387542e+01,2.401752e+01,2.376024e+01,2.384155e+01,2.386865e+01,2.386865e+01
2.375346e+01,2.397018e+01,2.397018e+01,2.410540e+01,2.403105e+01,2.419319e+01,2.416619e+01,2.424044e+01,2.415268e+01,2.425393e+01,2.431464e+01,2.426068e+01,2.438205e+01,2.429441e+01,2.442921e+01,2.436183e+01,2.432812e+01,2.419319e+01,2.435509e+01,2.440226e+01,2.439552e+01,2.440226e+01,2.438205e+01,2.441573e+01,2.437531e+01,2.454365e+01,2.444941e+01,2.432812e+01,2.440226e+01,2.424719e+01,2.432812e+01,2.431464e+01,2.431464e+01,2.440226e+01,2.424044e+01,2.441573e+01,2.441573e+01,2.418644e+01,2.417294e+01,2.421344e+01,2.413917e+01,2.409188e+01,2.423369e+01,2.397694e+01,2.384155e+01,2.388219e+01,2.385510e+01,2.365172e+01,2.376702e+01,2.347513e+01,2.357025e+01,2.346833e+01,2.350231e+01,2.356346e+01,2.335950e+01,2.345473e+01,2.331185e+01,2.308010e+01,2.345473e+01,2.354987e+01,2.333908e+01,2.352270e+01,2.357025e+01,2.357704e+01,2.358383e+01,2.359062e+01,2.368564e+01,2.364493e+01,2.365850e+01,2.369921e+01,2.384833e+01,2.367207e+01,2.367207e+01,2.352270e+01,2.344793e+01,2.347513e+01,2.369921e+01,2.391604e+01,2.393634e+01,2.394988e+01,2.393634e+01,2.399723e+01,2.395664e+01,2.401076e+01,2.378057e+01,2.366529e+01,2.335269e+01,2.326418e+01,2.310057e+01,2.298452e+01,2.274519e+01,2.292987e+01,2.304598e+01,2.313468e+01,2.325737e+01,2.342753e+01,2.340713e+01,2.321649e+01,2.310057e+01,2.335950e+01,2.314150e+01,2.298452e+01,2.307328e+01,2.303915e+01,2.327099e+01,2.314150e+01,2.309375e+01,2.318923e+01,2.309375e+01,2.310739e+01,2.314832e+01,2.316195e+01,2.323693e+01,2.332547e+01,2.325737e+01,2.327099e+01,2.335950e+01,2.321649e+01,2.322330e+01,2.304598e+01,2.290937e+01,2.295720e+01,2.297769e+01,2.292987e+01,2.295037e+01,2.294353e+01,2.299818e+01,2.292987e+01,2.314150e+01,2.329142e+01,2.371956e+01,2.382123e+01,2.403781e+01,2.414593e+01,2.404457e+01,2.420670e+01,2.422019e+01,2.430790e+01,2.433487e+01,2.438205e+01,2.465796e+01,2.469156e+01,2.485269e+01,2.510060e+01,2.508052e+01,2.545471e+01,2.534126e+01,2.548138e+01,2.556804e+01,2.564796e+01,2.569455e+01,2.566127e+01,2.566793e+01,2.568124e+01,2.554804e+01,2.549472e+01,2.553472e+01,2.556804e+01,2.553472e+01,2.547471e+01,2.539466e+01,2.538799e+01,2.540133e+01,2.534793e+01,2.524773e+01,2.507383e+01,2.522100e+01,2.518757e+01,2.522100e+01,2.522100e+01,2.523437e+01,2.520094e+01,2.526778e+01,2.497337e+01,2.516082e+01,2.493316e+01,2.511399e+01,2.497337e+01,2.480572e+01,2.482585e+01,2.466469e+01,2.463108e+01,2.453692e+01,2.462436e+01,2.430790e+01,2.446961e+01,2.443594e+01,2.439552e+01,2.440226e+01,2.427417e+01,2.438878e+01,2.425393e+01,2.440226e+01,2.446288e+01,2.440900e+01,2.417294e+01,2.450327e+01,2.428766e+01,2.451000e+01,2.430115e+01,2.432812e+01,2.432812e+01,2.442247e+01,2.427417e+01,2.442921e+01,2.426743e+01,2.428766e+01,2.436183e+01,2.414593e+01,2.413242e+01,2.428766e+01,2.419319e+01,2.413917e+01,2.419994e+01,2.422694e+01,2.421344e+01,2.405809e+01,2.421344e+01,2.418644e+01,2.419994e+01,2.419319e+01,2.411891e+01,2.394311e+01,2.398371e+01,2.401076e+01,2.408512e+01,2.412566e+01,2.401076e+01,2.395664e+01,2.400400e+01,2.397694e+01,2.394988e+01,2.394311e+01,2.390927e+01,2.373312e+01,2.385510e+01,2.388219e+01,2.366529e+01,2.374668e+01,2.371956e+01,2.361099e+01,2.370599e+01,2.371956e+01,2.367886e+01,2.359741e+01,2.361099e+01,2.342073e+01,2.361099e+01,2.361778e+01,2.359062e+01,2.361778e+01,2.358383e+01,2.360420e+01,2.348192e+01,2.354308e+01,2.353629e+01,2.348192e+01,2.356346e+01,2.354308e+01,2.344793e+01,2.351590e+01,2.342753e+01,2.344793e+01,2.344793e+01,2.343433e+01,2.336630e+01,2.338672e+01,2.341393e+01,2.340032e+01,2.340713e+01,2.346153e+01,2.346833e+01,2.340032e+01,2.343433e+01,2.340713e+01,2.337311e+01,2.341393e+01,2.342073e+01,2.340713e+01,2.326418e+01,2.343433e+01,2.319604e+01,2.333908e+01,2.333908e+01,2.335950e+01,2.327780e+01,2.329142e+01,2.335269e+01,2.338672e+01,2.346153e+01,2.331185e+01,2.340032e+01,2.348192e+01,2.330504e+01,2.329823e+01,2.330504e+01,2.333908e+01,2.336630e+01,2.329142e+01,2.333228e+01,2.333908e+01,2.335950e+01,2.335269e+01,2.336630e+01,2.333228e+01,2.341393e+01,2.331185e+01,2.331866e+01,2.325737e+01,2.343433e+01,2.335950e+01,2.342073e+01,2.342073e+01,2.342753e+01,2.335950e+01,2.333228e+01,2.340032e+01,2.334589e+01,2.343433e+01,2.340032e+01,2.343433e+01,2.344113e+01,2.337311e+01,2.344793e+01,2.343433e+01,2.342753e+01,2.357025e+01,2.344113e+01,2.350911e+01,2.349552e+01,2.352949e+01,2.361099e+01,2.352949e+01,2.360420e+01,2.361099e+01,2.352949e+01,2.362457e+01,2.350911e+01,2.362457e+01,2.351590e+01,2.362457e+01,2.354987e+01,2.354308e+01,2.353629e+01,2.360420e+01,2.357704e+01,2.355667e+01,2.359062e+01,2.363136e+01,2.361099e+01,2.366529e+01,2.365172e+01,2.360420e+01,2.352949e+01,2.360420e+01,2.366529e+01,2.353629e+01,2.367886e+01,2.361778e+01,2.368564e+01,2.363814e+01,2.357704e+01,2.354308e+01,2.369921e+01,2.361778e+01,2.363136e+01,2.365172e+01,2.362457e+01,2.371956e+01,2.357704e+01,2.362457e+01,2.360420e+01,2.366529e+01,2.360420e+01,2.363136e+01,2.358383e+01,2.354987e+01,2.358383e+01,2.359741e+01,2.364493e+01,2.370599e+01,2.365850e+01,2.352949e+01,2.365850e+01,2.365850e+01,2.365172e+01,2.365172e+01,2.364493e+01,2.363136e+01,2.362457e+01,2.361778e+01,2.361778e+01,2.354987e+01,2.361778e+01,2.364493e+01,2.361099e+01,2.364493e+01,2.364493e+01,2.346833e+01,2.350911e+01,2.369242e+01,2.367207e+01,2.367886e+01,2.365850e+01,2.369242e+01,2.362457e+01,2.373990e+01,2.380091e+01,2.365850e+01,2.380091e+01,2.385510e+01,2.438205e+01,2.536796e+01,2.656935e+01,2.734532e+01,2.748937e+01,2.756132e+01,2.782908e+01,2.792036e+01,2.810919e+01,2.824572e+01,2.834962e+01,2.834313e+01,2.834313e+01,2.833664e+01,2.838208e+01,2.834962e+01,2.836261e+01,2.812870e+01,2.817422e+01,2.799853e+01,2.797899e+01,2.796597e+01,2.784212e+01,2.762015e+01,2.739772e+01,2.715514e+01,2.716826e+01,2.703035e+01,2.695147e+01,2.674081e+01,2.680010e+01,2.662214e+01,2.643727e+01,2.617261e+01,2.620573e+01,2.637778e+01,2.613286e+01,2.598032e+01,2.588736e+01,2.587408e+01,2.568124e+01,2.566127e+01,2.544804e+01,2.540801e+01,2.519426e+01,2.518088e+01,2.484598e+01,2.486610e+01,2.467141e+01,2.469156e+01,2.468484e+01,2.470500e+01,2.493316e+01,2.506713e+01,2.528782e+01,2.543469e+01,2.549472e+01,2.542802e+01,2.567459e+01,2.548138e+01,2.546805e+01,2.546138e+01,2.549472e+01,2.541468e+01,2.550805e+01,2.567459e+01,2.570121e+01,2.566793e+01,2.570786e+01,2.570121e+01,2.584085e+01,2.573447e+01,2.583421e+01,2.597368e+01,2.590729e+01,2.588736e+01,2.592057e+01,2.619911e+01,2.615274e+01,2.607319e+01,2.618586e+01,2.615274e+01,2.607319e+01,2.603340e+01,2.598696e+01,2.617261e+01,2.617261e+01,2.613286e+01,2.588072e+01,2.586743e+01,2.552139e+01,2.563464e+01,2.566793e+01,2.588736e+01,2.598696e+01,2.601350e+01,2.621235e+01,2.620573e+01,2.626532e+01,2.613948e+01,2.602677e+01,2.619248e+01,2.614611e+01,2.615274e+01,2.594713e+01,2.590729e+01,2.586743e+01,2.570786e+01,2.544804e+01,2.549472e+01,2.531454e+01,2.521431e+01,2.514744e+01,2.517419e+01,2.510060e+01,2.522768e+01,2.496667e+01,2.498007e+01,2.496667e+01,2.480572e+01,2.479901e+01,2.478558e+01,2.474530e+01,2.451673e+01,2.432812e+01,2.423369e+01,2.413242e+01,2.411215e+01,2.379413e+01,2.369242e+01,2.370599e+01,2.352949e+01,2.347513e+01,2.343433e+01,2.328461e+01,2.341393e+01,2.337991e+01,2.312104e+01,2.320286e+01,2.314150e+01,2.309375e+01,2.299135e+01,2.303232e+01,2.307328e+01,2.299135e+01,2.297769e+01,2.314150e+01,2.285467e+01,2.318923e+01,2.313468e+01,2.312104e+01,2.295037e+01,2.297769e+01,2.295720e+01,2.297086e+01,2.297086e+01,2.295037e+01,2.295720e+01,2.291620e+01,2.294353e+01,2.298452e+01,2.299135e+01,2.296403e+01,2.280679e+01,2.284099e+01,2.295037e+01,2.284783e+01,2.283415e+01,2.295037e+01,2.299135e+01,2.297086e+01,2.286151e+01,2.295720e+01,2.290937e+01,2.288886e+01,2.299818e+01,2.286151e+01,2.289569e+01,2.303232e+01,2.305280e+01,2.290937e+01,2.290253e+01,2.295720e+01,2.292987e+01,2.309375e+01,2.311422e+01,2.310739e+01,2.296403e+01,2.311422e+01,2.299135e+01,2.295720e+01,2.295720e+01,2.305963e+01,2.299818e+01,2.312104e+01,2.312104e+01,2.312104e+01,2.318241e+01,2.310057e+01,2.319604e+01,2.325737e+01,2.316877e+01,2.317559e+01,2.313468e+01,2.305280e+01,2.325056e+01,2.317559e+01,2.302550e+01,2.300501e+01,2.286151e+01,2.295720e+01,2.300501e+01,2.285467e+01,2.290253e+01,2.323012e+01,2.333228e+01,2.358383e+01,2.347513e+01,2.366529e+01,2.374668e+01,2.376024e+01,2.375346e+01,2.392958e+01,2.392281e+01,2.384155e+01,2.403781e+01,2.388896e+01,2.387542e+01,2.387542e+01
2.384155e+01,2.383478e+01,2.390250e+01,2.401752e+01,2.405809e+01,2.405809e+01,2.415268e+01,2.409864e+01,2.418644e+01,2.424044e+01,2.422019e+01,2.427417e+01,2.427417e+01,2.424044e+01,2.425393e+01,2.421344e+01,2.427417e+01,2.430790e+01,2.436857e+01,2.436857e+01,2.454365e+01,2.432812e+01,2.440226e+01,2.436857e+01,2.437531e+01,2.438878e+01,2.442247e+01,2.429441e+01,2.430790e+01,2.427417e+01,2.438878e+01,2.427417e+01,2.434835e+01,2.423369e+01,2.418644e+01,2.425393e+01,2.417969e+01,2.419994e+01,2.415943e+01,2.407837e+01,2.422694e+01,2.411215e+01,2.399047e+01,2.392958e+01,2.394311e+01,2.372634e+01,2.365172e+01,2.366529e+01,2.349552e+01,2.344793e+01,2.346833e+01,2.340032e+01,2.342753e+01,2.339352e+01,2.342073e+01,2.332547e+01,2.333908e+01,2.312786e+01,2.336630e+01,2.330504e+01,2.323012e+01,2.332547e+01,2.336630e+01,2.337991e+01,2.352949e+01,2.335269e+01,2.358383e+01,2.341393e+01,2.357025e+01,2.368564e+01,2.351590e+01,2.342753e+01,2.340713e+01,2.337991e+01,2.335950e+01,2.314150e+01,2.348872e+01,2.380091e+01,2.371277e+01,2.388219e+01,2.380091e+01,2.380768e+01,2.382801e+01,2.378735e+01,2.370599e+01,2.361099e+01,2.327099e+01,2.314832e+01,2.309375e+01,2.296403e+01,2.311422e+01,2.324374e+01,2.315514e+01,2.327780e+01,2.326418e+01,2.328461e+01,2.337311e+01,2.325056e+01,2.326418e+01,2.336630e+01,2.335269e+01,2.338672e+01,2.307328e+01,2.323693e+01,2.326418e+01,2.321649e+01,2.325737e+01,2.332547e+01,2.343433e+01,2.342753e+01,2.327780e+01,2.325737e+01,2.333908e+01,2.340032e+01,2.355667e+01,2.344793e+01,2.336630e+01,2.340032e+01,2.317559e+01,2.281363e+01,2.294353e+01,2.286151e+01,2.294353e+01,2.289569e+01,2.290253e+01,2.304598e+01,2.296403e+01,2.307328e+01,2.337311e+01,2.363136e+01,2.361099e+01,2.392958e+01,2.377380e+01,2.386187e+01,2.414593e+01,2.422019e+01,2.426743e+01,2.426743e+01,2.432138e+01,2.461763e+01,2.473858e+01,2.485269e+01,2.492645e+01,2.539466e+01,2.542802e+01,2.540133e+01,2.544804e+01,2.548138e+01,2.568124e+01,2.574113e+01,2.564130e+01,2.570121e+01,2.568124e+01,2.570786e+01,2.565462e+01,2.551472e+01,2.533458e+01,2.554138e+01,2.548138e+01,2.552805e+01,2.547471e+01,2.552805e+01,2.548805e+01,2.528782e+01,2.524773e+01,2.504705e+01,2.506044e+01,2.514744e+01,2.521431e+01,2.518088e+01,2.522100e+01,2.524105e+01,2.517419e+01,2.517419e+01,2.516082e+01,2.511399e+01,2.510730e+01,2.497337e+01,2.481243e+01,2.486610e+01,2.489964e+01,2.468484e+01,2.461091e+01,2.460419e+01,2.425393e+01,2.422019e+01,2.445614e+01,2.438878e+01,2.439552e+01,2.442921e+01,2.434835e+01,2.447635e+01,2.445614e+01,2.444941e+01,2.448308e+01,2.445614e+01,2.424719e+01,2.452346e+01,2.449654e+01,2.446961e+01,2.443594e+01,2.436857e+01,2.434835e+01,2.438878e+01,2.430790e+01,2.436857e+01,2.432812e+01,2.433487e+01,2.417294e+01,2.417969e+01,2.423369e+01,2.416619e+01,2.433487e+01,2.432812e+01,2.423369e+01,2.423369e+01,2.412566e+01,2.422694e+01,2.417969e+01,2.430790e+01,2.415943e+01,2.397694e+01,2.413242e+01,2.398371e+01,2.413242e+01,2.413917e+01,2.409188e+01,2.411215e+01,2.397694e+01,2.399723e+01,2.396341e+01,2.401076e+01,2.386187e+01,2.392281e+01,2.393634e+01,2.382123e+01,2.392958e+01,2.369921e+01,2.372634e+01,2.378735e+01,2.381446e+01,2.374668e+01,2.373312e+01,2.358383e+01,2.371956e+01,2.365850e+01,2.354987e+01,2.363814e+01,2.359741e+01,2.363136e+01,2.355667e+01,2.354987e+01,2.349552e+01,2.346833e+01,2.348872e+01,2.359741e+01,2.346153e+01,2.355667e+01,2.353629e+01,2.350911e+01,2.353629e+01,2.345473e+01,2.345473e+01,2.340032e+01,2.350911e+01,2.350911e+01,2.350911e+01,2.341393e+01,2.353629e+01,2.359741e+01,2.344793e+01,2.341393e+01,2.340032e+01,2.342073e+01,2.336630e+01,2.329142e+01,2.340713e+01,2.340032e+01,2.344113e+01,2.335950e+01,2.333908e+01,2.334589e+01,2.327099e+01,2.339352e+01,2.320286e+01,2.342073e+01,2.343433e+01,2.342753e+01,2.335269e+01,2.329142e+01,2.339352e+01,2.331185e+01,2.340032e+01,2.349552e+01,2.342073e+01,2.340713e+01,2.334589e+01,2.333908e+01,2.333908e+01,2.333908e+01,2.333908e+01,2.339352e+01,2.342753e+01,2.333908e+01,2.337311e+01,2.339352e+01,2.337311e+01,2.338672e+01,2.343433e+01,2.328461e+01,2.344113e+01,2.343433e+01,2.343433e+01,2.335269e+01,2.341393e+01,2.342073e+01,2.334589e+01,2.342753e+01,2.346153e+01,2.341393e+01,2.337311e+01,2.348192e+01,2.344113e+01,2.333908e+01,2.344113e+01,2.345473e+01,2.342753e+01,2.354308e+01,2.351590e+01,2.346833e+01,2.349552e+01,2.354987e+01,2.347513e+01,2.348192e+01,2.364493e+01,2.361778e+01,2.357704e+01,2.358383e+01,2.363136e+01,2.361099e+01,2.351590e+01,2.356346e+01,2.358383e+01,2.359741e+01,2.354987e+01,2.352949e+01,2.365172e+01,2.359741e+01,2.367207e+01,2.363136e+01,2.368564e+01,2.364493e+01,2.367207e+01,2.354308e+01,2.363814e+01,2.362457e+01,2.357704e+01,2.359062e+01,2.354308e+01,2.357704e+01,2.365850e+01,2.357704e+01,2.362457e+01,2.363136e+01,2.357025e+01,2.373312e+01,2.367207e+01,2.369921e+01,2.363136e+01,2.365172e+01,2.364493e+01,2.358383e+01,2.359741e+01,2.361778e+01,2.357025e+01,2.361099e+01,2.351590e+01,2.359741e+01,2.364493e+01,2.358383e+01,2.359062e+01,2.363136e+01,2.355667e+01,2.358383e+01,2.363136e+01,2.365172e+01,2.360420e+01,2.365850e+01,2.365850e+01,2.362457e+01,2.369242e+01,2.364493e+01,2.357025e+01,2.366529e+01,2.351590e+01,2.363814e+01,2.364493e+01,2.366529e+01,2.367207e+01,2.357025e+01,2.365850e+01,2.359062e+01,2.363136e+01,2.365850e+01,2.367207e+01,2.362457e+01,2.378735e+01,2.369921e+01,2.380768e+01,2.374668e+01,2.383478e+01,2.416619e+01,2.540801e+01,2.660895e+01,2.731255e+01,2.749591e+01,2.773772e+01,2.781603e+01,2.795945e+01,2.808316e+01,2.812870e+01,2.834962e+01,2.836910e+01,2.845992e+01,2.829768e+01,2.821972e+01,2.841452e+01,2.838208e+01,2.826521e+01,2.817422e+01,2.812870e+01,2.799202e+01,2.763322e+01,2.762015e+01,2.737807e+01,2.736497e+01,2.720107e+01,2.718139e+01,2.693173e+01,2.684619e+01,2.670786e+01,2.678034e+01,2.638439e+01,2.647691e+01,2.639100e+01,2.630502e+01,2.614611e+01,2.608646e+01,2.576108e+01,2.602677e+01,2.579433e+01,2.585415e+01,2.562132e+01,2.545471e+01,2.544804e+01,2.544804e+01,2.523437e+01,2.507383e+01,2.493316e+01,2.491305e+01,2.480572e+01,2.491305e+01,2.494656e+01,2.489293e+01,2.510730e+01,2.512737e+01,2.526778e+01,2.518088e+01,2.539466e+01,2.540801e+01,2.548805e+01,2.550139e+01,2.544137e+01,2.546805e+01,2.549472e+01,2.554138e+01,2.542135e+01,2.551472e+01,2.565462e+01,2.570121e+01,2.566793e+01,2.583421e+01,2.592057e+01,2.587408e+01,2.576108e+01,2.598032e+01,2.600023e+01,2.602677e+01,2.595377e+01,2.611960e+01,2.619911e+01,2.623222e+01,2.611297e+01,2.618586e+01,2.615274e+01,2.613948e+01,2.604667e+01,2.606656e+01,2.607982e+01,2.593385e+01,2.587408e+01,2.558802e+01,2.553472e+01,2.530787e+01,2.555471e+01,2.602677e+01,2.597368e+01,2.590065e+01,2.619248e+01,2.600686e+01,2.598032e+01,2.600686e+01,2.600023e+01,2.604004e+01,2.596704e+01,2.569455e+01,2.578103e+01,2.559468e+01,2.546138e+01,2.544137e+01,2.525442e+01,2.518757e+01,2.505375e+01,2.491975e+01,2.495326e+01,2.479230e+01,2.497337e+01,2.490634e+01,2.493986e+01,2.499347e+01,2.455710e+01,2.459073e+01,2.456383e+01,2.448308e+01,2.430790e+01,2.427417e+01,2.415268e+01,2.401752e+01,2.390250e+01,2.372634e+01,2.370599e+01,2.351590e+01,2.346153e+01,2.335269e+01,2.344793e+01,2.334589e+01,2.326418e+01,2.316195e+01,2.316877e+01,2.296403e+01,2.309375e+01,2.305963e+01,2.299135e+01,2.308693e+01,2.298452e+01,2.302550e+01,2.299135e+01,2.286835e+01,2.294353e+01,2.288886e+01,2.295720e+01,2.289569e+01,2.299135e+01,2.298452e+01,2.297769e+01,2.295037e+01,2.294353e+01,2.294353e+01,2.293670e+01,2.293670e+01,2.284783e+01,2.294353e+01,2.288202e+01,2.305280e+01,2.290937e+01,2.291620e+01,2.284099e+01,2.293670e+01,2.279310e+01,2.279310e+01,2.296403e+01,2.289569e+01,2.290937e+01,2.291620e+01,2.298452e+01,2.286151e+01,2.279995e+01,2.282731e+01,2.290937e+01,2.290937e+01,2.300501e+01,2.288886e+01,2.295037e+01,2.305280e+01,2.293670e+01,2.292987e+01,2.282047e+01,2.292987e+01,2.289569e+01,2.289569e+01,2.294353e+01,2.311422e+01,2.290937e+01,2.300501e+01,2.312786e+01,2.304598e+01,2.309375e+01,2.300501e+01,2.309375e+01,2.299818e+01,2.305963e+01,2.309375e+01,2.312104e+01,2.299818e+01,2.312786e+01,2.311422e+01,2.313468e+01,2.300501e+01,2.300501e+01,2.284099e+01,2.297769e+01,2.291620e+01,2.298452e+01,2.316877e+01,2.289569e+01,2.316195e+01,2.348192e+01,2.351590e+01,2.361099e+01,2.386187e+01,2.372634e+01,2.390250e+01,2.397018e+01,2.377380e+01,2.383478e+01,2.386187e+01,2.388219e+01,2.386187e+01,2.382123e+01,2.388219e+01
2.365172e+01,2.387542e+01,2.394311e+01,2.409188e+01,2.401752e+01,2.404457e+01,2.409188e+01,2.423369e+01,2.413242e+01,2.403105e+01,2.424719e+01,2.424044e+01,2.419319e+01,2.438878e+01,2.431464e+01,2.422019e+01,2.434161e+01,2.419319e+01,2.426743e+01,2.430790e+01,2.431464e+01,2.432138e+01,2.440900e+01,2.438878e+01,2.440900e+01,2.438205e+01,2.431464e+01,2.427417e+01,2.440226e+01,2.439552e+01,2.440226e+01,2.427417e+01,2.432138e+01,2.430115e+01,2.424044e+01,2.429441e+01,2.413917e+01,2.422694e+01,2.418644e+01,2.416619e+01,2.405809e+01,2.402428e+01,2.397018e+01,2.379413e+01,2.354308e+01,2.367886e+01,2.353629e+01,2.361778e+01,2.363136e+01,2.342073e+01,2.357025e+01,2.344113e+01,2.341393e+01,2.342753e+01,2.329142e+01,2.331185e+01,2.331866e+01,2.331185e+01,2.324374e+01,2.331185e+01,2.324374e+01,2.316877e+01,2.311422e+01,2.311422e+01,2.314150e+01,2.335269e+01,2.342753e+01,2.336630e+01,2.335950e+01,2.327780e+01,2.338672e+01,2.329823e+01,2.310739e+01,2.298452e+01,2.313468e+01,2.312104e+01,2.349552e+01,2.361099e+01,2.392281e+01,2.389573e+01,2.397018e+01,2.379413e+01,2.381446e+01,2.379413e+01,2.371956e+01,2.355667e+01,2.325737e+01,2.313468e+01,2.311422e+01,2.318923e+01,2.313468e+01,2.318241e+01,2.353629e+01,2.359062e+01,2.357704e+01,2.342073e+01,2.355667e+01,2.344793e+01,2.345473e+01,2.336630e+01,2.339352e+01,2.338672e+01,2.336630e+01,2.340713e+01,2.349552e+01,2.358383e+01,2.330504e+01,2.347513e+01,2.323012e+01,2.362457e+01,2.343433e+01,2.331866e+01,2.351590e+01,2.355667e+01,2.345473e+01,2.344113e+01,2.354987e+01,2.333908e+01,2.321649e+01,2.287519e+01,2.282731e+01,2.284783e+01,2.284783e+01,2.290253e+01,2.284783e+01,2.300501e+01,2.300501e+01,2.332547e+01,2.354987e+01,2.378057e+01,2.378735e+01,2.377380e+01,2.402428e+01,2.405809e+01,2.410540e+01,2.419319e+01,2.438205e+01,2.439552e+01,2.468484e+01,2.469828e+01,2.502696e+01,2.526778e+01,2.536796e+01,2.538131e+01,2.546138e+01,2.545471e+01,2.554804e+01,2.551472e+01,2.564130e+01,2.569455e+01,2.566127e+01,2.580097e+01,2.572117e+01,2.576108e+01,2.562132e+01,2.554804e+01,2.564130e+01,2.539466e+01,2.551472e+01,2.550805e+01,2.538799e+01,2.552139e+01,2.542802e+01,2.540133e+01,2.523437e+01,2.518757e+01,2.503366e+01,2.517419e+01,2.521431e+01,2.523437e+01,2.523437e+01,2.519426e+01,2.519426e+01,2.520094e+01,2.518088e+01,2.514075e+01,2.514744e+01,2.506044e+01,2.506713e+01,2.492645e+01,2.485269e+01,2.491975e+01,2.467141e+01,2.451673e+01,2.445614e+01,2.450327e+01,2.444941e+01,2.440900e+01,2.443594e+01,2.433487e+01,2.453692e+01,2.432812e+01,2.455710e+01,2.449654e+01,2.460419e+01,2.455710e+01,2.451673e+01,2.458401e+01,2.453019e+01,2.466469e+01,2.444268e+01,2.466469e+01,2.446288e+01,2.441573e+01,2.429441e+01,2.426743e+01,2.443594e+01,2.439552e+01,2.437531e+01,2.430115e+01,2.447635e+01,2.446961e+01,2.444941e+01,2.443594e+01,2.437531e+01,2.445614e+01,2.444268e+01,2.433487e+01,2.425393e+01,2.414593e+01,2.421344e+01,2.428766e+01,2.413917e+01,2.411215e+01,2.413242e+01,2.403105e+01,2.416619e+01,2.402428e+01,2.405133e+01,2.403105e+01,2.390927e+01,2.395664e+01,2.397694e+01,2.392958e+01,2.389573e+01,2.379413e+01,2.388219e+01,2.379413e+01,2.373312e+01,2.384833e+01,2.379413e+01,2.380768e+01,2.378057e+01,2.362457e+01,2.372634e+01,2.363814e+01,2.378057e+01,2.363136e+01,2.363136e+01,2.359741e+01,2.367886e+01,2.357025e+01,2.365172e+01,2.361778e+01,2.361778e+01,2.350231e+01,2.357025e+01,2.354987e+01,2.355667e+01,2.350231e+01,2.357025e+01,2.356346e+01,2.344113e+01,2.342073e+01,2.336630e+01,2.345473e+01,2.350911e+01,2.347513e+01,2.340032e+01,2.341393e+01,2.352949e+01,2.335950e+01,2.341393e+01,2.339352e+01,2.338672e+01,2.340713e+01,2.332547e+01,2.336630e+01,2.347513e+01,2.333228e+01,2.336630e+01,2.327099e+01,2.335950e+01,2.335269e+01,2.325056e+01,2.338672e+01,2.345473e+01,2.327099e+01,2.341393e+01,2.329823e+01,2.355667e+01,2.340713e+01,2.331185e+01,2.344113e+01,2.331185e+01,2.335950e+01,2.335269e+01,2.335269e+01,2.334589e+01,2.346153e+01,2.338672e+01,2.340032e+01,2.333228e+01,2.337311e+01,2.335269e+01,2.333908e+01,2.332547e+01,2.341393e+01,2.343433e+01,2.352270e+01,2.354987e+01,2.342753e+01,2.344113e+01,2.342073e+01,2.340032e+01,2.341393e+01,2.354308e+01,2.337991e+01,2.348872e+01,2.348872e+01,2.349552e+01,2.343433e+01,2.346833e+01,2.352270e+01,2.335950e+01,2.352949e+01,2.348872e+01,2.358383e+01,2.354308e+01,2.351590e+01,2.346833e+01,2.348872e+01,2.352270e+01,2.352949e+01,2.355667e+01,2.359062e+01,2.353629e+01,2.355667e+01,2.356346e+01,2.359062e+01,2.358383e+01,2.362457e+01,2.360420e+01,2.363136e+01,2.367886e+01,2.362457e+01,2.365172e+01,2.364493e+01,2.359741e+01,2.360420e+01,2.352270e+01,2.364493e+01,2.361778e+01,2.363814e+01,2.360420e+01,2.369921e+01,2.375346e+01,2.363136e+01,2.370599e+01,2.357704e+01,2.352270e+01,2.362457e+01,2.365850e+01,2.359741e+01,2.352949e+01,2.355667e+01,2.371277e+01,2.359741e+01,2.348192e+01,2.370599e+01,2.361099e+01,2.369242e+01,2.365850e+01,2.361099e+01,2.362457e+01,2.362457e+01,2.358383e+01,2.365850e+01,2.366529e+01,2.374668e+01,2.361778e+01,2.366529e+01,2.367886e+01,2.361778e+01,2.363814e+01,2.366529e+01,2.363814e+01,2.367207e+01,2.362457e+01,2.365172e+01,2.376702e+01,2.357704e+01,2.356346e+01,2.375346e+01,2.362457e+01,2.371956e+01,2.367207e+01,2.361099e+01,2.371956e+01,2.363814e+01,2.361099e+01,2.367207e+01,2.365172e+01,2.365850e+01,2.368564e+01,2.362457e+01,2.365172e+01,2.367207e+01,2.373312e+01,2.381446e+01,2.397018e+01,2.435509e+01,2.520763e+01,2.649673e+01,2.725355e+01,2.749591e+01,2.769202e+01,2.785517e+01,2.799202e+01,2.808967e+01,2.810268e+01,2.816122e+01,2.826521e+01,2.834962e+01,2.845343e+01,2.836910e+01,2.840154e+01,2.829119e+01,2.805062e+01,2.807665e+01,2.801807e+01,2.786169e+01,2.786821e+01,2.770508e+01,2.732566e+01,2.722731e+01,2.718795e+01,2.693173e+01,2.696462e+01,2.686594e+01,2.679352e+01,2.677376e+01,2.649673e+01,2.635133e+01,2.641084e+01,2.619911e+01,2.613286e+01,2.616599e+01,2.618586e+01,2.592721e+01,2.584750e+01,2.568124e+01,2.569455e+01,2.546138e+01,2.545471e+01,2.527446e+01,2.545471e+01,2.520094e+01,2.521431e+01,2.521431e+01,2.516751e+01,2.515413e+01,2.510060e+01,2.515413e+01,2.523437e+01,2.526110e+01,2.532122e+01,2.535461e+01,2.539466e+01,2.556137e+01,2.559468e+01,2.554138e+01,2.550805e+01,2.540133e+01,2.546805e+01,2.550805e+01,2.548805e+01,2.568124e+01,2.560800e+01,2.575443e+01,2.583421e+01,2.593385e+01,2.595377e+01,2.598032e+01,2.598696e+01,2.596041e+01,2.600686e+01,2.596041e+01,2.608646e+01,2.621235e+01,2.615274e+01,2.619911e+01,2.610634e+01,2.617261e+01,2.613286e+01,2.613286e+01,2.590729e+01,2.608646e+01,2.591393e+01,2.599359e+01,2.565462e+01,2.562798e+01,2.552805e+01,2.568790e+01,2.572117e+01,2.593385e+01,2.588072e+01,2.583421e+01,2.600686e+01,2.599359e+01,2.600023e+01,2.578768e+01,2.579433e+01,2.572117e+01,2.577438e+01,2.564796e+01,2.546138e+01,2.552805e+01,2.537464e+01,2.530787e+01,2.539466e+01,2.498677e+01,2.502026e+01,2.486610e+01,2.489293e+01,2.476544e+01,2.493316e+01,2.477887e+01,2.477887e+01,2.477887e+01,2.463108e+01,2.443594e+01,2.457728e+01,2.454365e+01,2.432812e+01,2.415268e+01,2.397018e+01,2.391604e+01,2.386865e+01,2.371956e+01,2.371956e+01,2.352949e+01,2.339352e+01,2.342753e+01,2.333908e+01,2.320967e+01,2.333228e+01,2.317559e+01,2.316877e+01,2.301184e+01,2.295720e+01,2.310057e+01,2.300501e+01,2.297086e+01,2.299818e+01,2.299818e+01,2.298452e+01,2.297769e+01,2.297769e+01,2.303232e+01,2.317559e+01,2.295720e+01,2.294353e+01,2.297086e+01,2.293670e+01,2.298452e+01,2.297086e+01,2.295037e+01,2.297769e+01,2.300501e+01,2.302550e+01,2.301184e+01,2.292303e+01,2.295037e+01,2.284099e+01,2.286835e+01,2.293670e+01,2.298452e+01,2.291620e+01,2.290253e+01,2.290937e+01,2.282047e+01,2.287519e+01,2.297086e+01,2.282047e+01,2.287519e+01,2.302550e+01,2.280679e+01,2.283415e+01,2.284099e+01,2.284099e+01,2.290253e+01,2.280679e+01,2.293670e+01,2.299135e+01,2.302550e+01,2.288886e+01,2.301184e+01,2.289569e+01,2.295720e+01,2.288886e+01,2.282047e+01,2.287519e+01,2.284783e+01,2.284783e+01,2.308693e+01,2.294353e+01,2.302550e+01,2.298452e+01,2.300501e+01,2.299135e+01,2.304598e+01,2.312786e+01,2.312104e+01,2.305280e+01,2.314150e+01,2.299818e+01,2.290937e+01,2.299818e+01,2.299818e+01,2.305963e+01,2.302550e+01,2.297086e+01,2.297769e+01,2.316877e+01,2.329823e+01,2.339352e+01,2.352270e+01,2.361778e+01,2.374668e+01,2.378057e+01,2.396341e+01,2.404457e+01,2.409188e+01,2.399723e+01,2.404457e+01,2.403781e+01,2.405809e+01,2.390927e+01,2.395664e+01
2.369921e+01,2.380091e+01,2.381446e+01,2.382123e+01,2.412566e+01,2.419994e+01,2.415268e+01,2.419994e+01,2.399723e+01,2.403105e+01,2.420670e+01,2.426068e+01,2.422694e+01,2.424719e+01,2.423369e+01,2.426068e+01,2.420670e+01,2.417969e+01,2.421344e+01,2.432812e+01,2.436183e+01,2.428766e+01,2.429441e+01,2.431464e+01,2.438878e+01,2.433487e+01,2.430115e+01,2.428766e+01,2.426743e+01,2.424719e+01,2.429441e+01,2.419994e+01,2.428092e+01,2.425393e+01,2.421344e+01,2.426743e+01,2.421344e+01,2.411215e+01,2.415943e+01,2.411891e+01,2.397694e+01,2.396341e+01,2.398371e+01,2.377380e+01,2.371956e+01,2.350911e+01,2.356346e+01,2.356346e+01,2.361778e+01,2.336630e+01,2.346153e+01,2.342753e+01,2.328461e+01,2.329823e+01,2.327780e+01,2.336630e+01,2.309375e+01,2.315514e+01,2.305963e+01,2.305963e+01,2.333228e+01,2.309375e+01,2.308693e+01,2.312786e+01,2.313468e+01,2.307328e+01,2.303232e+01,2.318241e+01,2.316195e+01,2.335950e+01,2.313468e+01,2.312786e+01,2.303232e+01,2.297086e+01,2.311422e+01,2.314150e+01,2.331185e+01,2.345473e+01,2.378735e+01,2.378735e+01,2.392958e+01,2.382801e+01,2.372634e+01,2.367886e+01,2.344113e+01,2.340713e+01,2.312786e+01,2.318923e+01,2.315514e+01,2.316195e+01,2.357025e+01,2.349552e+01,2.357704e+01,2.385510e+01,2.359062e+01,2.382123e+01,2.359741e+01,2.344113e+01,2.342753e+01,2.335950e+01,2.338672e+01,2.343433e+01,2.351590e+01,2.346153e+01,2.350911e+01,2.355667e+01,2.357025e+01,2.355667e+01,2.345473e+01,2.343433e+01,2.360420e+01,2.352270e+01,2.344113e+01,2.352270e+01,2.346153e+01,2.351590e+01,2.350911e+01,2.325056e+01,2.310739e+01,2.279995e+01,2.278626e+01,2.285467e+01,2.290937e+01,2.299818e+01,2.292303e+01,2.320286e+01,2.304598e+01,2.337991e+01,2.362457e+01,2.357025e+01,2.376702e+01,2.373990e+01,2.401752e+01,2.394988e+01,2.410540e+01,2.413242e+01,2.444268e+01,2.455710e+01,2.473858e+01,2.493316e+01,2.518757e+01,2.539466e+01,2.542135e+01,2.551472e+01,2.551472e+01,2.545471e+01,2.554804e+01,2.560134e+01,2.558802e+01,2.557470e+01,2.569455e+01,2.555471e+01,2.573447e+01,2.552139e+01,2.546805e+01,2.566127e+01,2.540801e+01,2.550139e+01,2.550805e+01,2.552805e+01,2.538131e+01,2.532122e+01,2.528782e+01,2.520094e+01,2.525442e+01,2.516751e+01,2.512068e+01,2.523437e+01,2.522768e+01,2.526778e+01,2.524773e+01,2.527446e+01,2.529451e+01,2.520094e+01,2.518757e+01,2.507383e+01,2.515413e+01,2.514744e+01,2.500017e+01,2.510730e+01,2.492645e+01,2.508052e+01,2.460419e+01,2.463108e+01,2.449654e+01,2.427417e+01,2.453692e+01,2.434835e+01,2.446288e+01,2.438878e+01,2.440226e+01,2.448981e+01,2.446288e+01,2.457728e+01,2.460419e+01,2.465796e+01,2.461091e+01,2.466469e+01,2.456383e+01,2.455710e+01,2.465796e+01,2.453692e+01,2.465124e+01,2.452346e+01,2.448308e+01,2.461091e+01,2.462436e+01,2.451000e+01,2.459746e+01,2.438205e+01,2.437531e+01,2.449654e+01,2.449654e+01,2.450327e+01,2.439552e+01,2.442247e+01,2.434835e+01,2.431464e+01,2.431464e+01,2.428092e+01,2.411891e+01,2.430115e+01,2.428766e+01,2.415943e+01,2.421344e+01,2.405809e+01,2.402428e+01,2.402428e+01,2.407161e+01,2.400400e+01,2.399047e+01,2.393634e+01,2.384833e+01,2.396341e+01,2.392958e+01,2.394311e+01,2.393634e+01,2.392958e+01,2.390250e+01,2.382123e+01,2.380768e+01,2.380091e+01,2.382123e+01,2.374668e+01,2.357025e+01,2.370599e+01,2.367207e+01,2.367207e+01,2.361778e+01,2.357025e+01,2.359741e+01,2.368564e+01,2.357025e+01,2.363136e+01,2.353629e+01,2.361778e+01,2.357704e+01,2.349552e+01,2.354308e+01,2.354308e+01,2.349552e+01,2.348872e+01,2.346153e+01,2.357704e+01,2.333908e+01,2.342073e+01,2.341393e+01,2.350231e+01,2.341393e+01,2.341393e+01,2.337991e+01,2.348192e+01,2.337311e+01,2.337311e+01,2.340713e+01,2.339352e+01,2.329823e+01,2.343433e+01,2.333228e+01,2.347513e+01,2.335269e+01,2.325737e+01,2.336630e+01,2.347513e+01,2.321649e+01,2.328461e+01,2.344793e+01,2.331185e+01,2.331866e+01,2.328461e+01,2.341393e+01,2.325737e+01,2.325056e+01,2.331866e+01,2.329142e+01,2.328461e+01,2.336630e+01,2.336630e+01,2.335950e+01,2.336630e+01,2.331185e+01,2.335950e+01,2.334589e+01,2.334589e+01,2.337311e+01,2.337991e+01,2.342073e+01,2.342753e+01,2.341393e+01,2.344113e+01,2.342073e+01,2.337311e+01,2.340713e+01,2.340032e+01,2.341393e+01,2.342753e+01,2.347513e+01,2.344113e+01,2.346153e+01,2.344113e+01,2.348192e+01,2.344793e+01,2.343433e+01,2.346833e+01,2.341393e+01,2.342073e+01,2.347513e+01,2.342073e+01,2.348872e+01,2.354308e+01,2.354308e+01,2.350231e+01,2.354987e+01,2.354308e+01,2.354308e+01,2.354987e+01,2.357025e+01,2.357025e+01,2.361778e+01,2.361099e+01,2.352949e+01,2.356346e+01,2.364493e+01,2.364493e+01,2.352270e+01,2.359741e+01,2.361778e+01,2.369921e+01,2.360420e+01,2.365172e+01,2.352949e+01,2.366529e+01,2.361778e+01,2.361099e+01,2.352949e+01,2.362457e+01,2.363814e+01,2.363814e+01,2.367886e+01,2.355667e+01,2.362457e+01,2.365172e+01,2.360420e+01,2.335269e+01,2.347513e+01,2.369242e+01,2.361778e+01,2.364493e+01,2.357025e+01,2.362457e+01,2.361099e+01,2.363136e+01,2.357704e+01,2.356346e+01,2.360420e+01,2.356346e+01,2.357704e+01,2.359741e+01,2.360420e+01,2.365850e+01,2.361778e+01,2.365850e+01,2.357025e+01,2.370599e+01,2.360420e+01,2.367207e+01,2.364493e+01,2.361778e+01,2.352949e+01,2.371277e+01,2.374668e+01,2.363136e+01,2.363136e+01,2.363814e+01,2.345473e+01,2.367886e+01,2.360420e+01,2.373312e+01,2.366529e+01,2.367886e+01,2.365850e+01,2.365172e+01,2.364493e+01,2.366529e+01,2.365850e+01,2.365850e+01,2.368564e+01,2.376024e+01,2.367886e+01,2.381446e+01,2.382801e+01,2.399723e+01,2.518088e+01,2.633810e+01,2.718139e+01,2.753516e+01,2.769855e+01,2.780299e+01,2.795945e+01,2.799853e+01,2.805062e+01,2.804411e+01,2.830418e+01,2.828469e+01,2.824572e+01,2.821972e+01,2.825221e+01,2.821323e+01,2.807014e+01,2.807014e+01,2.790732e+01,2.786821e+01,2.788777e+01,2.782256e+01,2.733221e+01,2.721420e+01,2.715514e+01,2.700406e+01,2.687910e+01,2.693173e+01,2.680669e+01,2.673422e+01,2.649673e+01,2.643066e+01,2.634472e+01,2.615274e+01,2.611960e+01,2.614611e+01,2.609971e+01,2.592057e+01,2.577438e+01,2.572782e+01,2.570121e+01,2.542802e+01,2.544804e+01,2.546805e+01,2.542802e+01,2.544804e+01,2.540801e+01,2.518088e+01,2.538131e+01,2.521431e+01,2.519426e+01,2.518088e+01,2.503366e+01,2.518757e+01,2.522768e+01,2.536129e+01,2.538799e+01,2.538799e+01,2.552139e+01,2.557470e+01,2.538799e+01,2.548805e+01,2.557470e+01,2.552805e+01,2.550139e+01,2.563464e+01,2.582092e+01,2.577438e+01,2.572117e+01,2.576773e+01,2.578103e+01,2.590729e+01,2.592057e+01,2.599359e+01,2.591393e+01,2.586743e+01,2.607319e+01,2.594049e+01,2.615274e+01,2.611297e+01,2.601350e+01,2.607319e+01,2.604004e+01,2.610634e+01,2.609309e+01,2.594049e+01,2.601350e+01,2.603340e+01,2.588736e+01,2.574113e+01,2.570121e+01,2.567459e+01,2.563464e+01,2.578103e+01,2.582756e+01,2.598696e+01,2.578768e+01,2.577438e+01,2.575443e+01,2.558802e+01,2.556804e+01,2.558802e+01,2.535461e+01,2.532790e+01,2.532122e+01,2.537464e+01,2.538131e+01,2.534793e+01,2.511399e+01,2.493986e+01,2.500687e+01,2.494656e+01,2.483927e+01,2.471172e+01,2.477216e+01,2.477887e+01,2.448308e+01,2.452346e+01,2.455710e+01,2.450327e+01,2.428766e+01,2.418644e+01,2.412566e+01,2.405133e+01,2.399047e+01,2.371956e+01,2.372634e+01,2.363136e+01,2.349552e+01,2.352270e+01,2.346153e+01,2.325737e+01,2.335269e+01,2.331866e+01,2.318241e+01,2.318923e+01,2.308010e+01,2.296403e+01,2.301867e+01,2.307328e+01,2.303232e+01,2.298452e+01,2.295037e+01,2.299818e+01,2.280679e+01,2.312786e+01,2.290937e+01,2.292303e+01,2.294353e+01,2.295037e+01,2.294353e+01,2.287519e+01,2.290253e+01,2.288886e+01,2.292303e+01,2.294353e+01,2.284783e+01,2.299135e+01,2.285467e+01,2.285467e+01,2.288886e+01,2.289569e+01,2.286151e+01,2.280679e+01,2.282047e+01,2.284783e+01,2.282047e+01,2.272465e+01,2.292303e+01,2.282047e+01,2.287519e+01,2.274519e+01,2.272465e+01,2.273150e+01,2.273835e+01,2.283415e+01,2.273150e+01,2.280679e+01,2.279995e+01,2.283415e+01,2.291620e+01,2.282731e+01,2.294353e+01,2.286835e+01,2.283415e+01,2.295720e+01,2.286835e+01,2.288202e+01,2.279995e+01,2.287519e+01,2.281363e+01,2.284783e+01,2.287519e+01,2.286835e+01,2.284099e+01,2.298452e+01,2.302550e+01,2.295037e+01,2.301184e+01,2.310057e+01,2.289569e+01,2.308010e+01,2.312104e+01,2.310739e+01,2.297086e+01,2.295037e+01,2.292303e+01,2.295720e+01,2.295720e+01,2.292987e+01,2.298452e+01,2.310739e+01,2.328461e+01,2.316877e+01,2.332547e+01,2.353629e+01,2.384833e+01,2.361778e+01,2.377380e+01,2.395664e+01,2.404457e+01,2.399723e+01,2.399723e+01,2.406485e+01,2.385510e+01,2.388896e+01,2.412566e+01,2.406485e+01
2.368564e+01,2.367886e+01,2.384155e+01,2.382123e+01,2.386187e+01,2.403781e+01,2.410540e+01,2.398371e+01,2.409188e+01,2.404457e+01,2.409864e+01,2.422019e+01,2.421344e+01,2.422019e+01,2.419319e+01,2.422694e+01,2.420670e+01,2.426743e+01,2.424044e+01,2.428766e+01,2.422694e+01,2.439552e+01,2.431464e+01,2.429441e+01,2.422694e+01,2.432812e+01,2.436183e+01,2.427417e+01,2.429441e+01,2.428766e+01,2.427417e+01,2.424044e+01,2.424719e+01,2.420670e+01,2.426743e+01,2.424719e+01,2.419319e+01,2.419319e+01,2.411891e+01,2.416619e+01,2.411891e+01,2.395664e+01,2.396341e+01,2.376024e+01,2.364493e+01,2.359741e+01,2.365850e+01,2.355667e+01,2.344113e+01,2.341393e+01,2.358383e+01,2.337991e+01,2.344113e+01,2.326418e+01,2.324374e+01,2.328461e+01,2.312104e+01,2.320967e+01,2.326418e+01,2.305963e+01,2.306645e+01,2.314832e+01,2.297769e+01,2.314832e+01,2.313468e+01,2.297086e+01,2.324374e+01,2.311422e+01,2.300501e+01,2.319604e+01,2.308010e+01,2.303232e+01,2.301867e+01,2.308693e+01,2.312104e+01,2.309375e+01,2.312786e+01,2.340032e+01,2.354987e+01,2.379413e+01,2.382801e+01,2.379413e+01,2.378735e+01,2.342073e+01,2.333908e+01,2.326418e+01,2.326418e+01,2.327780e+01,2.338672e+01,2.360420e+01,2.371956e+01,2.359062e+01,2.355667e+01,2.381446e+01,2.363814e+01,2.352270e+01,2.350911e+01,2.358383e+01,2.342073e+01,2.361778e+01,2.342753e+01,2.344113e+01,2.349552e+01,2.351590e+01,2.366529e+01,2.361099e+01,2.354308e+01,2.353629e+01,2.363814e+01,2.354308e+01,2.346833e+01,2.359062e+01,2.352949e+01,2.359741e+01,2.369921e+01,2.358383e+01,2.359062e+01,2.334589e+01,2.331866e+01,2.297086e+01,2.314150e+01,2.292987e+01,2.294353e+01,2.300501e+01,2.290937e+01,2.299818e+01,2.322330e+01,2.331185e+01,2.357025e+01,2.366529e+01,2.376702e+01,2.397694e+01,2.402428e+01,2.407161e+01,2.409188e+01,2.455710e+01,2.470500e+01,2.491975e+01,2.508052e+01,2.526110e+01,2.536129e+01,2.522100e+01,2.541468e+01,2.543469e+01,2.548805e+01,2.555471e+01,2.553472e+01,2.554804e+01,2.565462e+01,2.564130e+01,2.568790e+01,2.567459e+01,2.568124e+01,2.568124e+01,2.548138e+01,2.545471e+01,2.548805e+01,2.549472e+01,2.547471e+01,2.560134e+01,2.552139e+01,2.554138e+01,2.552139e+01,2.549472e+01,2.523437e+01,2.509391e+01,2.521431e+01,2.512737e+01,2.521431e+01,2.514744e+01,2.525442e+01,2.526778e+01,2.525442e+01,2.520763e+01,2.520763e+01,2.513406e+01,2.516082e+01,2.508722e+01,2.515413e+01,2.493316e+01,2.487281e+01,2.483927e+01,2.480572e+01,2.467141e+01,2.459746e+01,2.446961e+01,2.436857e+01,2.442247e+01,2.441573e+01,2.451673e+01,2.448308e+01,2.463780e+01,2.466469e+01,2.453692e+01,2.469828e+01,2.466469e+01,2.463108e+01,2.464452e+01,2.473187e+01,2.478558e+01,2.473187e+01,2.461091e+01,2.463780e+01,2.465796e+01,2.462436e+01,2.461763e+01,2.461091e+01,2.431464e+01,2.459073e+01,2.451673e+01,2.457728e+01,2.455038e+01,2.459746e+01,2.451673e+01,2.457056e+01,2.440900e+01,2.438878e+01,2.436857e+01,2.436857e+01,2.424044e+01,2.419994e+01,2.429441e+01,2.429441e+01,2.419319e+01,2.407161e+01,2.417969e+01,2.401752e+01,2.413242e+01,2.415268e+01,2.403105e+01,2.405133e+01,2.403781e+01,2.403105e+01,2.392281e+01,2.394311e+01,2.392958e+01,2.377380e+01,2.392281e+01,2.397694e+01,2.382123e+01,2.381446e+01,2.386865e+01,2.380768e+01,2.378735e+01,2.377380e+01,2.370599e+01,2.371956e+01,2.369242e+01,2.361778e+01,2.368564e+01,2.363814e+01,2.363136e+01,2.365172e+01,2.364493e+01,2.360420e+01,2.355667e+01,2.353629e+01,2.358383e+01,2.354308e+01,2.350231e+01,2.350911e+01,2.346153e+01,2.342753e+01,2.346153e+01,2.344793e+01,2.346153e+01,2.348192e+01,2.342073e+01,2.343433e+01,2.344113e+01,2.348872e+01,2.345473e+01,2.337991e+01,2.333228e+01,2.341393e+01,2.342073e+01,2.342073e+01,2.335950e+01,2.335950e+01,2.339352e+01,2.336630e+01,2.328461e+01,2.335269e+01,2.344793e+01,2.337311e+01,2.341393e+01,2.340032e+01,2.336630e+01,2.340032e+01,2.336630e+01,2.318241e+01,2.331866e+01,2.340713e+01,2.345473e+01,2.340713e+01,2.335950e+01,2.338672e+01,2.333908e+01,2.331866e+01,2.337311e+01,2.333908e+01,2.347513e+01,2.347513e+01,2.342073e+01,2.344793e+01,2.337311e+01,2.342073e+01,2.350231e+01,2.347513e+01,2.340713e+01,2.346153e+01,2.347513e+01,2.351590e+01,2.336630e+01,2.346153e+01,2.344113e+01,2.344113e+01,2.337991e+01,2.351590e+01,2.352270e+01,2.354308e+01,2.346153e+01,2.358383e+01,2.346153e+01,2.340032e+01,2.358383e+01,2.348192e+01,2.346833e+01,2.356346e+01,2.345473e+01,2.363814e+01,2.348192e+01,2.350231e+01,2.357704e+01,2.357704e+01,2.355667e+01,2.356346e+01,2.356346e+01,2.356346e+01,2.364493e+01,2.360420e+01,2.366529e+01,2.357025e+01,2.361099e+01,2.366529e+01,2.365172e+01,2.348872e+01,2.359062e+01,2.357025e+01,2.364493e+01,2.363814e+01,2.357025e+01,2.380091e+01,2.361099e+01,2.377380e+01,2.357704e+01,2.357704e+01,2.371277e+01,2.358383e+01,2.359741e+01,2.367886e+01,2.359741e+01,2.365172e+01,2.359062e+01,2.370599e+01,2.369921e+01,2.366529e+01,2.365850e+01,2.372634e+01,2.364493e+01,2.360420e+01,2.371277e+01,2.369921e+01,2.369242e+01,2.357704e+01,2.367207e+01,2.364493e+01,2.359062e+01,2.367207e+01,2.363136e+01,2.373990e+01,2.369921e+01,2.364493e+01,2.368564e+01,2.362457e+01,2.363814e+01,2.363136e+01,2.347513e+01,2.364493e+01,2.365850e+01,2.376702e+01,2.361099e+01,2.365172e+01,2.369242e+01,2.363136e+01,2.363814e+01,2.357025e+01,2.367886e+01,2.365850e+01,2.365850e+01,2.363136e+01,2.367886e+01,2.365172e+01,2.368564e+01,2.369921e+01,2.370599e+01,2.373312e+01,2.370599e+01,2.364493e+01,2.382123e+01,2.366529e+01,2.419994e+01,2.524773e+01,2.640422e+01,2.706977e+01,2.737152e+01,2.762015e+01,2.763976e+01,2.792687e+01,2.802458e+01,2.808967e+01,2.801807e+01,2.811569e+01,2.818723e+01,2.824572e+01,2.812870e+01,2.806364e+01,2.809617e+01,2.805062e+01,2.797248e+01,2.797248e+01,2.784865e+01,2.774425e+01,2.761362e+01,2.748937e+01,2.722731e+01,2.726011e+01,2.710261e+01,2.681986e+01,2.680010e+01,2.671445e+01,2.649673e+01,2.673422e+01,2.642405e+01,2.639100e+01,2.636456e+01,2.613948e+01,2.596704e+01,2.613286e+01,2.604004e+01,2.589401e+01,2.588072e+01,2.569455e+01,2.566793e+01,2.570786e+01,2.564130e+01,2.569455e+01,2.550805e+01,2.560800e+01,2.551472e+01,2.564796e+01,2.525442e+01,2.546805e+01,2.522768e+01,2.522768e+01,2.521431e+01,2.521431e+01,2.524773e+01,2.537464e+01,2.538799e+01,2.556804e+01,2.543469e+01,2.555471e+01,2.556137e+01,2.546138e+01,2.544804e+01,2.566793e+01,2.579433e+01,2.574113e+01,2.575443e+01,2.580762e+01,2.569455e+01,2.582756e+01,2.575443e+01,2.592721e+01,2.572117e+01,2.569455e+01,2.591393e+01,2.594713e+01,2.602677e+01,2.596041e+01,2.611297e+01,2.607982e+01,2.611960e+01,2.605993e+01,2.605330e+01,2.594713e+01,2.593385e+01,2.600023e+01,2.580762e+01,2.596704e+01,2.587408e+01,2.590729e+01,2.574113e+01,2.576773e+01,2.581427e+01,2.580762e+01,2.590065e+01,2.574778e+01,2.572782e+01,2.576773e+01,2.556804e+01,2.538131e+01,2.534793e+01,2.528782e+01,2.530119e+01,2.528115e+01,2.532122e+01,2.500687e+01,2.520763e+01,2.485269e+01,2.483927e+01,2.479230e+01,2.496667e+01,2.471844e+01,2.467813e+01,2.467141e+01,2.461763e+01,2.453692e+01,2.451000e+01,2.444268e+01,2.444268e+01,2.423369e+01,2.417294e+01,2.420670e+01,2.399047e+01,2.386865e+01,2.389573e+01,2.374668e+01,2.360420e+01,2.352949e+01,2.337991e+01,2.340032e+01,2.323012e+01,2.324374e+01,2.318241e+01,2.318241e+01,2.314150e+01,2.315514e+01,2.314150e+01,2.307328e+01,2.305963e+01,2.301184e+01,2.299135e+01,2.299135e+01,2.294353e+01,2.297086e+01,2.296403e+01,2.292987e+01,2.295037e+01,2.292303e+01,2.291620e+01,2.299818e+01,2.286151e+01,2.293670e+01,2.277942e+01,2.283415e+01,2.271780e+01,2.295037e+01,2.284783e+01,2.299818e+01,2.286835e+01,2.289569e+01,2.283415e+01,2.284099e+01,2.283415e+01,2.292987e+01,2.279995e+01,2.279995e+01,2.290253e+01,2.290937e+01,2.285467e+01,2.284783e+01,2.270411e+01,2.274519e+01,2.272465e+01,2.276573e+01,2.276573e+01,2.273150e+01,2.280679e+01,2.279995e+01,2.278626e+01,2.280679e+01,2.277257e+01,2.279995e+01,2.280679e+01,2.284783e+01,2.282731e+01,2.295037e+01,2.303915e+01,2.280679e+01,2.277942e+01,2.283415e+01,2.283415e+01,2.275888e+01,2.286835e+01,2.292987e+01,2.283415e+01,2.296403e+01,2.296403e+01,2.294353e+01,2.297086e+01,2.291620e+01,2.290937e+01,2.290937e+01,2.293670e+01,2.293670e+01,2.292987e+01,2.288886e+01,2.299818e+01,2.305963e+01,2.299818e+01,2.304598e+01,2.301867e+01,2.335950e+01,2.335950e+01,2.339352e+01,2.361099e+01,2.365172e+01,2.366529e+01,2.394311e+01,2.387542e+01,2.382123e+01,2.392281e+01,2.399723e+01,2.414593e+01,2.411891e+01,2.400400e+01,2.415268e+01,2.422019e+01
2.386865e+01,2.377380e+01,2.394311e+01,2.392281e+01,2.397694e+01,2.401076e+01,2.417969e+01,2.404457e+01,2.399723e+01,2.408512e+01,2.421344e+01,2.410540e+01,2.419319e+01,2.419994e+01,2.422694e+01,2.421344e+01,2.418644e+01,2.419994e+01,2.424719e+01,2.425393e+01,2.436183e+01,2.424719e+01,2.417294e+01,2.432138e+01,2.431464e+01,2.428092e+01,2.430790e+01,2.428092e+01,2.426743e+01,2.434161e+01,2.431464e+01,2.428092e+01,2.423369e+01,2.426068e+01,2.420670e+01,2.428092e+01,2.422019e+01,2.411215e+01,2.419994e+01,2.415943e+01,2.397694e+01,2.396341e+01,2.399047e+01,2.370599e+01,2.365172e+01,2.352949e+01,2.351590e+01,2.348872e+01,2.343433e+01,2.335269e+01,2.337311e+01,2.352270e+01,2.329142e+01,2.328461e+01,2.327780e+01,2.326418e+01,2.325737e+01,2.307328e+01,2.314150e+01,2.309375e+01,2.303232e+01,2.301867e+01,2.312786e+01,2.299135e+01,2.301184e+01,2.303915e+01,2.301867e+01,2.304598e+01,2.306645e+01,2.314150e+01,2.310739e+01,2.296403e+01,2.307328e+01,2.299818e+01,2.310739e+01,2.318241e+01,2.314832e+01,2.315514e+01,2.337991e+01,2.342753e+01,2.357704e+01,2.342073e+01,2.350231e+01,2.346833e+01,2.348192e+01,2.342073e+01,2.345473e+01,2.328461e+01,2.356346e+01,2.367207e+01,2.376702e+01,2.378735e+01,2.385510e+01,2.382123e+01,2.379413e+01,2.362457e+01,2.380091e+01,2.363814e+01,2.371277e+01,2.361778e+01,2.364493e+01,2.374668e+01,2.384155e+01,2.379413e+01,2.372634e+01,2.358383e+01,2.364493e+01,2.365850e+01,2.361099e+01,2.359741e+01,2.354308e+01,2.355667e+01,2.355667e+01,2.365172e+01,2.357704e+01,2.378057e+01,2.367207e+01,2.350911e+01,2.332547e+01,2.320286e+01,2.318241e+01,2.321649e+01,2.328461e+01,2.323693e+01,2.323693e+01,2.350911e+01,2.338672e+01,2.344113e+01,2.369242e+01,2.365172e+01,2.383478e+01,2.385510e+01,2.407837e+01,2.435509e+01,2.461091e+01,2.487281e+01,2.506713e+01,2.518757e+01,2.524773e+01,2.538131e+01,2.527446e+01,2.542135e+01,2.540133e+01,2.537464e+01,2.548805e+01,2.546138e+01,2.554138e+01,2.558136e+01,2.556137e+01,2.555471e+01,2.569455e+01,2.552139e+01,2.550805e+01,2.546138e+01,2.545471e+01,2.548138e+01,2.551472e+01,2.561466e+01,2.562798e+01,2.544137e+01,2.550805e+01,2.524773e+01,2.535461e+01,2.523437e+01,2.533458e+01,2.523437e+01,2.514744e+01,2.516751e+01,2.514744e+01,2.520763e+01,2.521431e+01,2.524105e+01,2.521431e+01,2.520094e+01,2.522768e+01,2.507383e+01,2.515413e+01,2.515413e+01,2.512068e+01,2.513406e+01,2.484598e+01,2.478558e+01,2.483927e+01,2.487952e+01,2.457056e+01,2.457056e+01,2.453019e+01,2.436183e+01,2.457056e+01,2.461763e+01,2.458401e+01,2.468484e+01,2.462436e+01,2.470500e+01,2.462436e+01,2.461763e+01,2.477216e+01,2.483927e+01,2.479901e+01,2.474530e+01,2.475873e+01,2.463108e+01,2.472515e+01,2.465124e+01,2.465124e+01,2.464452e+01,2.465124e+01,2.469828e+01,2.479230e+01,2.457056e+01,2.458401e+01,2.459746e+01,2.454365e+01,2.459746e+01,2.446961e+01,2.446288e+01,2.448981e+01,2.438205e+01,2.440900e+01,2.437531e+01,2.433487e+01,2.433487e+01,2.426068e+01,2.427417e+01,2.426068e+01,2.415268e+01,2.416619e+01,2.417294e+01,2.411215e+01,2.407161e+01,2.403105e+01,2.402428e+01,2.404457e+01,2.401076e+01,2.397694e+01,2.397018e+01,2.400400e+01,2.398371e+01,2.383478e+01,2.391604e+01,2.384155e+01,2.383478e+01,2.380091e+01,2.382801e+01,2.376024e+01,2.376702e+01,2.370599e+01,2.375346e+01,2.370599e+01,2.359062e+01,2.366529e+01,2.371277e+01,2.355667e+01,2.360420e+01,2.355667e+01,2.359062e+01,2.353629e+01,2.350911e+01,2.355667e+01,2.352270e+01,2.350231e+01,2.346153e+01,2.346833e+01,2.349552e+01,2.351590e+01,2.342753e+01,2.336630e+01,2.346833e+01,2.341393e+01,2.345473e+01,2.348872e+01,2.348872e+01,2.338672e+01,2.335269e+01,2.337311e+01,2.340713e+01,2.341393e+01,2.331185e+01,2.336630e+01,2.330504e+01,2.337991e+01,2.331866e+01,2.337991e+01,2.341393e+01,2.340713e+01,2.337991e+01,2.340032e+01,2.337991e+01,2.342073e+01,2.335950e+01,2.333228e+01,2.341393e+01,2.339352e+01,2.344793e+01,2.335269e+01,2.333908e+01,2.336630e+01,2.353629e+01,2.337311e+01,2.337311e+01,2.332547e+01,2.343433e+01,2.346153e+01,2.340713e+01,2.342073e+01,2.337311e+01,2.344793e+01,2.340713e+01,2.342073e+01,2.342073e+01,2.342073e+01,2.352270e+01,2.342073e+01,2.350231e+01,2.345473e+01,2.340713e+01,2.348192e+01,2.344113e+01,2.348872e+01,2.339352e+01,2.352949e+01,2.354987e+01,2.356346e+01,2.360420e+01,2.346833e+01,2.361099e+01,2.358383e+01,2.348192e+01,2.354308e+01,2.353629e+01,2.351590e+01,2.353629e+01,2.348872e+01,2.342753e+01,2.365850e+01,2.358383e+01,2.355667e+01,2.355667e+01,2.365850e+01,2.356346e+01,2.359741e+01,2.358383e+01,2.369921e+01,2.362457e+01,2.358383e+01,2.363814e+01,2.363814e+01,2.354987e+01,2.361778e+01,2.358383e+01,2.371956e+01,2.359062e+01,2.361099e+01,2.379413e+01,2.365850e+01,2.362457e+01,2.357025e+01,2.363136e+01,2.361778e+01,2.365850e+01,2.365850e+01,2.369242e+01,2.361099e+01,2.367207e+01,2.369921e+01,2.364493e+01,2.367886e+01,2.362457e+01,2.365172e+01,2.365850e+01,2.362457e+01,2.368564e+01,2.363136e+01,2.370599e+01,2.369921e+01,2.367207e+01,2.367207e+01,2.367886e+01,2.371956e+01,2.365850e+01,2.366529e+01,2.369921e+01,2.367207e+01,2.369921e+01,2.373990e+01,2.368564e+01,2.361099e+01,2.371956e+01,2.371956e+01,2.369921e+01,2.373312e+01,2.368564e+01,2.361099e+01,2.368564e+01,2.363814e+01,2.361099e+01,2.367207e+01,2.368564e+01,2.370599e+01,2.368564e+01,2.372634e+01,2.369921e+01,2.369921e+01,2.376702e+01,2.365172e+01,2.367886e+01,2.369921e+01,2.379413e+01,2.367886e+01,2.369921e+01,2.392281e+01,2.426743e+01,2.524105e+01,2.627855e+01,2.701721e+01,2.747628e+01,2.760055e+01,2.784865e+01,2.796597e+01,2.797899e+01,2.801156e+01,2.800504e+01,2.807665e+01,2.821323e+01,2.816772e+01,2.813520e+01,2.820673e+01,2.809617e+01,2.791384e+01,2.792687e+01,2.780951e+01,2.765936e+01,2.776383e+01,2.739772e+01,2.735842e+01,2.721420e+01,2.714201e+01,2.688568e+01,2.687910e+01,2.675399e+01,2.655615e+01,2.672104e+01,2.647691e+01,2.619248e+01,2.638439e+01,2.617924e+01,2.612623e+01,2.611297e+01,2.605993e+01,2.606656e+01,2.603340e+01,2.592721e+01,2.595377e+01,2.574113e+01,2.569455e+01,2.595377e+01,2.578768e+01,2.578768e+01,2.566127e+01,2.565462e+01,2.550805e+01,2.538131e+01,2.524773e+01,2.525442e+01,2.524773e+01,2.527446e+01,2.536129e+01,2.518088e+01,2.513406e+01,2.520094e+01,2.522768e+01,2.540133e+01,2.530119e+01,2.537464e+01,2.548805e+01,2.548805e+01,2.548138e+01,2.551472e+01,2.554804e+01,2.577438e+01,2.574778e+01,2.578103e+01,2.547471e+01,2.570121e+01,2.569455e+01,2.567459e+01,2.570121e+01,2.574113e+01,2.567459e+01,2.594049e+01,2.589401e+01,2.590065e+01,2.593385e+01,2.611960e+01,2.609971e+01,2.609971e+01,2.609971e+01,2.600023e+01,2.591393e+01,2.596041e+01,2.580762e+01,2.586743e+01,2.574113e+01,2.562132e+01,2.589401e+01,2.579433e+01,2.564130e+01,2.564130e+01,2.570121e+01,2.543469e+01,2.562132e+01,2.533458e+01,2.541468e+01,2.524773e+01,2.528115e+01,2.508722e+01,2.502696e+01,2.504035e+01,2.500687e+01,2.500687e+01,2.499347e+01,2.500017e+01,2.487281e+01,2.481243e+01,2.470500e+01,2.466469e+01,2.450327e+01,2.463108e+01,2.425393e+01,2.421344e+01,2.416619e+01,2.431464e+01,2.413242e+01,2.409188e+01,2.397018e+01,2.397694e+01,2.376702e+01,2.378735e+01,2.363814e+01,2.336630e+01,2.335269e+01,2.342073e+01,2.331185e+01,2.334589e+01,2.318923e+01,2.316877e+01,2.314832e+01,2.310739e+01,2.299818e+01,2.305963e+01,2.305280e+01,2.303232e+01,2.301184e+01,2.301184e+01,2.301867e+01,2.308010e+01,2.288886e+01,2.308010e+01,2.288202e+01,2.280679e+01,2.291620e+01,2.291620e+01,2.285467e+01,2.291620e+01,2.284783e+01,2.282731e+01,2.287519e+01,2.282731e+01,2.285467e+01,2.288886e+01,2.284783e+01,2.276573e+01,2.286151e+01,2.275204e+01,2.274519e+01,2.291620e+01,2.284099e+01,2.292987e+01,2.274519e+01,2.273150e+01,2.275888e+01,2.269726e+01,2.284783e+01,2.276573e+01,2.278626e+01,2.281363e+01,2.278626e+01,2.275888e+01,2.279310e+01,2.277257e+01,2.279310e+01,2.275204e+01,2.276573e+01,2.274519e+01,2.277257e+01,2.279995e+01,2.270411e+01,2.279310e+01,2.281363e+01,2.279995e+01,2.280679e+01,2.278626e+01,2.272465e+01,2.274519e+01,2.290253e+01,2.274519e+01,2.297769e+01,2.297086e+01,2.288886e+01,2.289569e+01,2.289569e+01,2.298452e+01,2.291620e+01,2.291620e+01,2.291620e+01,2.289569e+01,2.289569e+01,2.287519e+01,2.286151e+01,2.288886e+01,2.300501e+01,2.306645e+01,2.291620e+01,2.315514e+01,2.312786e+01,2.331866e+01,2.350231e+01,2.365172e+01,2.365850e+01,2.386865e+01,2.391604e+01,2.393634e+01,2.400400e+01,2.413917e+01,2.402428e+01,2.413242e+01,2.413917e+01,2.403781e+01,2.405809e+01,2.437531e+01
2.366529e+01,2.371956e+01,2.378735e+01,2.392958e+01,2.388219e+01,2.417969e+01,2.408512e+01,2.405809e+01,2.393634e+01,2.422019e+01,2.421344e+01,2.422694e+01,2.420670e+01,2.411891e+01,2.418644e+01,2.420670e+01,2.422694e+01,2.428766e+01,2.417294e+01,2.430790e+01,2.419319e+01,2.432812e+01,2.428092e+01,2.412566e+01,2.432812e+01,2.428092e+01,2.431464e+01,2.425393e+01,2.432138e+01,2.429441e+01,2.430790e+01,2.407837e+01,2.419994e+01,2.418644e+01,2.416619e+01,2.414593e+01,2.419319e+01,2.409188e+01,2.420670e+01,2.399047e+01,2.392281e+01,2.399047e+01,2.397018e+01,2.371277e+01,2.369921e+01,2.361099e+01,2.358383e+01,2.349552e+01,2.340032e+01,2.334589e+01,2.330504e+01,2.325056e+01,2.326418e+01,2.331866e+01,2.327099e+01,2.314832e+01,2.312786e+01,2.326418e+01,2.305280e+01,2.290253e+01,2.301184e+01,2.297769e+01,2.290937e+01,2.302550e+01,2.300501e+01,2.311422e+01,2.300501e+01,2.296403e+01,2.311422e+01,2.313468e+01,2.304598e+01,2.303232e+01,2.306645e+01,2.308693e+01,2.311422e+01,2.313468e+01,2.316877e+01,2.329142e+01,2.330504e+01,2.334589e+01,2.336630e+01,2.337991e+01,2.337991e+01,2.335269e+01,2.332547e+01,2.337311e+01,2.350231e+01,2.346153e+01,2.361778e+01,2.386865e+01,2.380091e+01,2.383478e+01,2.395664e+01,2.394311e+01,2.384155e+01,2.368564e+01,2.363814e+01,2.376702e+01,2.378057e+01,2.386187e+01,2.382123e+01,2.399723e+01,2.394988e+01,2.382801e+01,2.386187e+01,2.373990e+01,2.376702e+01,2.374668e+01,2.374668e+01,2.355667e+01,2.358383e+01,2.358383e+01,2.376024e+01,2.366529e+01,2.372634e+01,2.378057e+01,2.359062e+01,2.350911e+01,2.345473e+01,2.334589e+01,2.343433e+01,2.348872e+01,2.354308e+01,2.361778e+01,2.365850e+01,2.366529e+01,2.359741e+01,2.363136e+01,2.363814e+01,2.384833e+01,2.407837e+01,2.433487e+01,2.470500e+01,2.482585e+01,2.487281e+01,2.507383e+01,2.526778e+01,2.522768e+01,2.540801e+01,2.542802e+01,2.540133e+01,2.526778e+01,2.542802e+01,2.532122e+01,2.541468e+01,2.538131e+01,2.548805e+01,2.555471e+01,2.552805e+01,2.556137e+01,2.556137e+01,2.564796e+01,2.551472e+01,2.556137e+01,2.545471e+01,2.545471e+01,2.552805e+01,2.556804e+01,2.541468e+01,2.548138e+01,2.538799e+01,2.532790e+01,2.547471e+01,2.529451e+01,2.521431e+01,2.517419e+01,2.515413e+01,2.512737e+01,2.516082e+01,2.524773e+01,2.514744e+01,2.523437e+01,2.520763e+01,2.524773e+01,2.530787e+01,2.520763e+01,2.512737e+01,2.510730e+01,2.514075e+01,2.504035e+01,2.495997e+01,2.482585e+01,2.473187e+01,2.458401e+01,2.462436e+01,2.456383e+01,2.455038e+01,2.467813e+01,2.437531e+01,2.453692e+01,2.463108e+01,2.452346e+01,2.465124e+01,2.461763e+01,2.471172e+01,2.459746e+01,2.466469e+01,2.481243e+01,2.482585e+01,2.478558e+01,2.477887e+01,2.481243e+01,2.475873e+01,2.461763e+01,2.474530e+01,2.461763e+01,2.461091e+01,2.465796e+01,2.458401e+01,2.473858e+01,2.462436e+01,2.457728e+01,2.460419e+01,2.459746e+01,2.460419e+01,2.452346e+01,2.442247e+01,2.446288e+01,2.459746e+01,2.446961e+01,2.440900e+01,2.446288e+01,2.435509e+01,2.427417e+01,2.420670e+01,2.417969e+01,2.417294e+01,2.416619e+01,2.409188e+01,2.405133e+01,2.405809e+01,2.413917e+01,2.412566e+01,2.399047e+01,2.394311e+01,2.399047e+01,2.395664e+01,2.398371e+01,2.383478e+01,2.393634e+01,2.385510e+01,2.388219e+01,2.377380e+01,2.389573e+01,2.375346e+01,2.376702e+01,2.373312e+01,2.371956e+01,2.367207e+01,2.365850e+01,2.367207e+01,2.354308e+01,2.372634e+01,2.363814e+01,2.370599e+01,2.363136e+01,2.359062e+01,2.361778e+01,2.352270e+01,2.341393e+01,2.348192e+01,2.348872e+01,2.349552e+01,2.347513e+01,2.348872e+01,2.344113e+01,2.348872e+01,2.344793e+01,2.333908e+01,2.346153e+01,2.347513e+01,2.347513e+01,2.344793e+01,2.335269e+01,2.338672e+01,2.343433e+01,2.360420e+01,2.338672e+01,2.327780e+01,2.339352e+01,2.343433e+01,2.342073e+01,2.333908e+01,2.329823e+01,2.341393e+01,2.341393e+01,2.337311e+01,2.337311e+01,2.348192e+01,2.343433e+01,2.335269e+01,2.344793e+01,2.331866e+01,2.337311e+01,2.340713e+01,2.337991e+01,2.338672e+01,2.337311e+01,2.340713e+01,2.346153e+01,2.340032e+01,2.341393e+01,2.342753e+01,2.348872e+01,2.342073e+01,2.340032e+01,2.349552e+01,2.352270e+01,2.344113e+01,2.352270e+01,2.342073e+01,2.344113e+01,2.340713e+01,2.345473e+01,2.347513e+01,2.342753e+01,2.347513e+01,2.348192e+01,2.354987e+01,2.349552e+01,2.357025e+01,2.354987e+01,2.357025e+01,2.359062e+01,2.354987e+01,2.342753e+01,2.348192e+01,2.352949e+01,2.354987e+01,2.352949e+01,2.367886e+01,2.354308e+01,2.348872e+01,2.357704e+01,2.371277e+01,2.355667e+01,2.361778e+01,2.357025e+01,2.361778e+01,2.367207e+01,2.357025e+01,2.367207e+01,2.365172e+01,2.368564e+01,2.368564e+01,2.369242e+01,2.357025e+01,2.363136e+01,2.366529e+01,2.364493e+01,2.369242e+01,2.359741e+01,2.359741e+01,2.357025e+01,2.363814e+01,2.359741e+01,2.362457e+01,2.377380e+01,2.376024e+01,2.363814e+01,2.365850e+01,2.373990e+01,2.361778e+01,2.360420e+01,2.364493e+01,2.366529e+01,2.367207e+01,2.367886e+01,2.364493e+01,2.367886e+01,2.363814e+01,2.360420e+01,2.360420e+01,2.369242e+01,2.369921e+01,2.372634e+01,2.367207e+01,2.365850e+01,2.367207e+01,2.362457e+01,2.369921e+01,2.370599e+01,2.373990e+01,2.372634e+01,2.364493e+01,2.369242e+01,2.372634e+01,2.375346e+01,2.368564e+01,2.375346e+01,2.370599e+01,2.365172e+01,2.361778e+01,2.367207e+01,2.366529e+01,2.363136e+01,2.387542e+01,2.367207e+01,2.369242e+01,2.369242e+01,2.363814e+01,2.365172e+01,2.367886e+01,2.368564e+01,2.368564e+01,2.377380e+01,2.373990e+01,2.384833e+01,2.373990e+01,2.378735e+01,2.386865e+01,2.423369e+01,2.516751e+01,2.627194e+01,2.699749e+01,2.729944e+01,2.750245e+01,2.784865e+01,2.782256e+01,2.792687e+01,2.802458e+01,2.815471e+01,2.810919e+01,2.807014e+01,2.812220e+01,2.805062e+01,2.812220e+01,2.802458e+01,2.804411e+01,2.796597e+01,2.787473e+01,2.782256e+01,2.773120e+01,2.757440e+01,2.726666e+01,2.712888e+01,2.706977e+01,2.680669e+01,2.675399e+01,2.665512e+01,2.660895e+01,2.669468e+01,2.643727e+01,2.617924e+01,2.620573e+01,2.619911e+01,2.617261e+01,2.605993e+01,2.609309e+01,2.611297e+01,2.610634e+01,2.598032e+01,2.603340e+01,2.588736e+01,2.576773e+01,2.577438e+01,2.568124e+01,2.571451e+01,2.555471e+01,2.558802e+01,2.541468e+01,2.538799e+01,2.530119e+01,2.534126e+01,2.522768e+01,2.514744e+01,2.523437e+01,2.530119e+01,2.520094e+01,2.528782e+01,2.536796e+01,2.536796e+01,2.538131e+01,2.534793e+01,2.536796e+01,2.537464e+01,2.529451e+01,2.546805e+01,2.548138e+01,2.546138e+01,2.550805e+01,2.550805e+01,2.557470e+01,2.538799e+01,2.566793e+01,2.542802e+01,2.561466e+01,2.564796e+01,2.544804e+01,2.560134e+01,2.590065e+01,2.582092e+01,2.586743e+01,2.584085e+01,2.592721e+01,2.583421e+01,2.582092e+01,2.566793e+01,2.594049e+01,2.583421e+01,2.575443e+01,2.560800e+01,2.572782e+01,2.571451e+01,2.565462e+01,2.573447e+01,2.552805e+01,2.559468e+01,2.559468e+01,2.552805e+01,2.529451e+01,2.526110e+01,2.524105e+01,2.512068e+01,2.498007e+01,2.495997e+01,2.490634e+01,2.512068e+01,2.502696e+01,2.498677e+01,2.483927e+01,2.474530e+01,2.467141e+01,2.471844e+01,2.466469e+01,2.447635e+01,2.432138e+01,2.450327e+01,2.447635e+01,2.418644e+01,2.419994e+01,2.406485e+01,2.405809e+01,2.405133e+01,2.401076e+01,2.376024e+01,2.376702e+01,2.370599e+01,2.355667e+01,2.342073e+01,2.328461e+01,2.333228e+01,2.334589e+01,2.324374e+01,2.315514e+01,2.305280e+01,2.304598e+01,2.313468e+01,2.304598e+01,2.304598e+01,2.302550e+01,2.303915e+01,2.300501e+01,2.301867e+01,2.297086e+01,2.303915e+01,2.302550e+01,2.296403e+01,2.294353e+01,2.292303e+01,2.291620e+01,2.295720e+01,2.280679e+01,2.285467e+01,2.285467e+01,2.301184e+01,2.279995e+01,2.279995e+01,2.284099e+01,2.286151e+01,2.284099e+01,2.286151e+01,2.277257e+01,2.288886e+01,2.282731e+01,2.293670e+01,2.269726e+01,2.275888e+01,2.280679e+01,2.284783e+01,2.274519e+01,2.272465e+01,2.273835e+01,2.272465e+01,2.276573e+01,2.275204e+01,2.276573e+01,2.277257e+01,2.277942e+01,2.279310e+01,2.261503e+01,2.279995e+01,2.275204e+01,2.282731e+01,2.265615e+01,2.282731e+01,2.277942e+01,2.275888e+01,2.269726e+01,2.279995e+01,2.286151e+01,2.275888e+01,2.271780e+01,2.271096e+01,2.271096e+01,2.292987e+01,2.292987e+01,2.274519e+01,2.264245e+01,2.287519e+01,2.269041e+01,2.286151e+01,2.275204e+01,2.305280e+01,2.289569e+01,2.288202e+01,2.289569e+01,2.287519e+01,2.294353e+01,2.289569e+01,2.288886e+01,2.306645e+01,2.294353e+01,2.310057e+01,2.320967e+01,2.332547e+01,2.349552e+01,2.350911e+01,2.386187e+01,2.389573e+01,2.391604e+01,2.388219e+01,2.394988e+01,2.414593e+01,2.415943e+01,2.409864e+01,2.421344e+01,2.418644e+01,2.420670e+01,2.419994e+01
2.373990e+01,2.382801e+01,2.375346e+01,2.385510e+01,2.394311e+01,2.399723e+01,2.401752e+01,2.405809e+01,2.407837e+01,2.407161e+01,2.409188e+01,2.409864e+01,2.421344e+01,2.417294e+01,2.413917e+01,2.424044e+01,2.419994e+01,2.419994e+01,2.417969e+01,2.432812e+01,2.428092e+01,2.428766e+01,2.432812e+01,2.426743e+01,2.419319e+01,2.427417e+01,2.431464e+01,2.425393e+01,2.424719e+01,2.428766e+01,2.430115e+01,2.411215e+01,2.427417e+01,2.409864e+01,2.418644e+01,2.419319e+01,2.411891e+01,2.410540e+01,2.418644e+01,2.401752e+01,2.390250e+01,2.397018e+01,2.376024e+01,2.368564e+01,2.362457e+01,2.360420e+01,2.354308e+01,2.355667e+01,2.343433e+01,2.345473e+01,2.346153e+01,2.333228e+01,2.312786e+01,2.325737e+01,2.309375e+01,2.317559e+01,2.309375e+01,2.303232e+01,2.307328e+01,2.308010e+01,2.290937e+01,2.297086e+01,2.306645e+01,2.310057e+01,2.301184e+01,2.303915e+01,2.312104e+01,2.322330e+01,2.302550e+01,2.304598e+01,2.304598e+01,2.306645e+01,2.305280e+01,2.309375e+01,2.308693e+01,2.313468e+01,2.320286e+01,2.323693e+01,2.318923e+01,2.329823e+01,2.331866e+01,2.340032e+01,2.331866e+01,2.342073e+01,2.331866e+01,2.348192e+01,2.364493e+01,2.366529e+01,2.385510e+01,2.382123e+01,2.400400e+01,2.398371e+01,2.399047e+01,2.380091e+01,2.379413e+01,2.388219e+01,2.377380e+01,2.392281e+01,2.378735e+01,2.396341e+01,2.401076e+01,2.403781e+01,2.416619e+01,2.401752e+01,2.410540e+01,2.407161e+01,2.374668e+01,2.380768e+01,2.380768e+01,2.374668e+01,2.357025e+01,2.358383e+01,2.359062e+01,2.385510e+01,2.384833e+01,2.374668e+01,2.374668e+01,2.373990e+01,2.357704e+01,2.361099e+01,2.357025e+01,2.357704e+01,2.392958e+01,2.388896e+01,2.389573e+01,2.391604e+01,2.392958e+01,2.393634e+01,2.409864e+01,2.409188e+01,2.448981e+01,2.448981e+01,2.477216e+01,2.507383e+01,2.512737e+01,2.521431e+01,2.522100e+01,2.522768e+01,2.519426e+01,2.524105e+01,2.532790e+01,2.529451e+01,2.543469e+01,2.544137e+01,2.542135e+01,2.546805e+01,2.544804e+01,2.550805e+01,2.543469e+01,2.554138e+01,2.564130e+01,2.553472e+01,2.550139e+01,2.550805e+01,2.549472e+01,2.548138e+01,2.550139e+01,2.554138e+01,2.550805e+01,2.546805e+01,2.553472e+01,2.552139e+01,2.533458e+01,2.522100e+01,2.523437e+01,2.506713e+01,2.514075e+01,2.515413e+01,2.518088e+01,2.506044e+01,2.526778e+01,2.514744e+01,2.520094e+01,2.522100e+01,2.524105e+01,2.518088e+01,2.513406e+01,2.512068e+01,2.507383e+01,2.503366e+01,2.502026e+01,2.498677e+01,2.469828e+01,2.459073e+01,2.472515e+01,2.460419e+01,2.457056e+01,2.466469e+01,2.456383e+01,2.461091e+01,2.460419e+01,2.466469e+01,2.479901e+01,2.463780e+01,2.477216e+01,2.466469e+01,2.480572e+01,2.478558e+01,2.476544e+01,2.477216e+01,2.481243e+01,2.479230e+01,2.481243e+01,2.477216e+01,2.476544e+01,2.474530e+01,2.473187e+01,2.461763e+01,2.456383e+01,2.473858e+01,2.457056e+01,2.472515e+01,2.471844e+01,2.464452e+01,2.461763e+01,2.461091e+01,2.461091e+01,2.459746e+01,2.455710e+01,2.450327e+01,2.451673e+01,2.446288e+01,2.430790e+01,2.436183e+01,2.423369e+01,2.432812e+01,2.413917e+01,2.411891e+01,2.416619e+01,2.412566e+01,2.415943e+01,2.417294e+01,2.403781e+01,2.398371e+01,2.409188e+01,2.407837e+01,2.396341e+01,2.401076e+01,2.399047e+01,2.395664e+01,2.386865e+01,2.384833e+01,2.387542e+01,2.378735e+01,2.376702e+01,2.382801e+01,2.382123e+01,2.369921e+01,2.380091e+01,2.369242e+01,2.363136e+01,2.359062e+01,2.371277e+01,2.373990e+01,2.371277e+01,2.369921e+01,2.364493e+01,2.361778e+01,2.360420e+01,2.347513e+01,2.344113e+01,2.353629e+01,2.342753e+01,2.350911e+01,2.349552e+01,2.342753e+01,2.342753e+01,2.317559e+01,2.338672e+01,2.345473e+01,2.369921e+01,2.333228e+01,2.348872e+01,2.344793e+01,2.341393e+01,2.341393e+01,2.340032e+01,2.345473e+01,2.339352e+01,2.341393e+01,2.343433e+01,2.341393e+01,2.337991e+01,2.342753e+01,2.338672e+01,2.340713e+01,2.342753e+01,2.343433e+01,2.340032e+01,2.337311e+01,2.350231e+01,2.344793e+01,2.349552e+01,2.339352e+01,2.350231e+01,2.353629e+01,2.339352e+01,2.344793e+01,2.337311e+01,2.337991e+01,2.348192e+01,2.345473e+01,2.354987e+01,2.342073e+01,2.345473e+01,2.344793e+01,2.346833e+01,2.349552e+01,2.353629e+01,2.345473e+01,2.344113e+01,2.352949e+01,2.348192e+01,2.353629e+01,2.359741e+01,2.348872e+01,2.350911e+01,2.342753e+01,2.349552e+01,2.353629e+01,2.352270e+01,2.359062e+01,2.346153e+01,2.357704e+01,2.356346e+01,2.362457e+01,2.359062e+01,2.359741e+01,2.358383e+01,2.348872e+01,2.345473e+01,2.359741e+01,2.371277e+01,2.369242e+01,2.361099e+01,2.357025e+01,2.370599e+01,2.365172e+01,2.362457e+01,2.363814e+01,2.355667e+01,2.368564e+01,2.361778e+01,2.371956e+01,2.363814e+01,2.364493e+01,2.374668e+01,2.368564e+01,2.366529e+01,2.376702e+01,2.359741e+01,2.364493e+01,2.373990e+01,2.359741e+01,2.362457e+01,2.373312e+01,2.364493e+01,2.363136e+01,2.377380e+01,2.373312e+01,2.373312e+01,2.371956e+01,2.371277e+01,2.362457e+01,2.372634e+01,2.369242e+01,2.368564e+01,2.367886e+01,2.366529e+01,2.373312e+01,2.374668e+01,2.376024e+01,2.375346e+01,2.369921e+01,2.350911e+01,2.361099e+01,2.365850e+01,2.367207e+01,2.367207e+01,2.369921e+01,2.369242e+01,2.372634e+01,2.365172e+01,2.369242e+01,2.371277e+01,2.374668e+01,2.378735e+01,2.382801e+01,2.361778e+01,2.378735e+01,2.365850e+01,2.373312e+01,2.367207e+01,2.370599e+01,2.374668e+01,2.379413e+01,2.376702e+01,2.369242e+01,2.388219e+01,2.369242e+01,2.365172e+01,2.369921e+01,2.390250e+01,2.364493e+01,2.374668e+01,2.379413e+01,2.379413e+01,2.372634e+01,2.380768e+01,2.380091e+01,2.397694e+01,2.413242e+01,2.522100e+01,2.625208e+01,2.700406e+01,2.739772e+01,2.780951e+01,2.759401e+01,2.803760e+01,2.786169e+01,2.801156e+01,2.800504e+01,2.801807e+01,2.821323e+01,2.810268e+01,2.809617e+01,2.809617e+01,2.805062e+01,2.802458e+01,2.793339e+01,2.796597e+01,2.775078e+01,2.760708e+01,2.758093e+01,2.731911e+01,2.722731e+01,2.712888e+01,2.683302e+01,2.670786e+01,2.652314e+01,2.650333e+01,2.639761e+01,2.634472e+01,2.617261e+01,2.619248e+01,2.608646e+01,2.616599e+01,2.604004e+01,2.596704e+01,2.604004e+01,2.606656e+01,2.598696e+01,2.602013e+01,2.592057e+01,2.593385e+01,2.597368e+01,2.585415e+01,2.569455e+01,2.566127e+01,2.551472e+01,2.549472e+01,2.548805e+01,2.524105e+01,2.523437e+01,2.520763e+01,2.511399e+01,2.514075e+01,2.519426e+01,2.504705e+01,2.510060e+01,2.512737e+01,2.514744e+01,2.521431e+01,2.516751e+01,2.530119e+01,2.528115e+01,2.528782e+01,2.540133e+01,2.523437e+01,2.535461e+01,2.542802e+01,2.558802e+01,2.546805e+01,2.566127e+01,2.538799e+01,2.538799e+01,2.524773e+01,2.532122e+01,2.544804e+01,2.554804e+01,2.562798e+01,2.564130e+01,2.566793e+01,2.574778e+01,2.581427e+01,2.563464e+01,2.566793e+01,2.564130e+01,2.567459e+01,2.572117e+01,2.563464e+01,2.568124e+01,2.564796e+01,2.563464e+01,2.566127e+01,2.570121e+01,2.559468e+01,2.560800e+01,2.559468e+01,2.538131e+01,2.521431e+01,2.524773e+01,2.498677e+01,2.510060e+01,2.495997e+01,2.483256e+01,2.490634e+01,2.485269e+01,2.484598e+01,2.474530e+01,2.470500e+01,2.478558e+01,2.464452e+01,2.469828e+01,2.444941e+01,2.455710e+01,2.436183e+01,2.434835e+01,2.418644e+01,2.415943e+01,2.419994e+01,2.403781e+01,2.405133e+01,2.400400e+01,2.378057e+01,2.369242e+01,2.365850e+01,2.357025e+01,2.348192e+01,2.328461e+01,2.327099e+01,2.331185e+01,2.320286e+01,2.312786e+01,2.318241e+01,2.296403e+01,2.300501e+01,2.301184e+01,2.295037e+01,2.292303e+01,2.302550e+01,2.298452e+01,2.301184e+01,2.303232e+01,2.301184e+01,2.289569e+01,2.287519e+01,2.301867e+01,2.288202e+01,2.292303e+01,2.301184e+01,2.292987e+01,2.289569e+01,2.282731e+01,2.280679e+01,2.282047e+01,2.300501e+01,2.277257e+01,2.282731e+01,2.284099e+01,2.286151e+01,2.271096e+01,2.273835e+01,2.296403e+01,2.284783e+01,2.268356e+01,2.279995e+01,2.275888e+01,2.270411e+01,2.273835e+01,2.270411e+01,2.284099e+01,2.284783e+01,2.275204e+01,2.273150e+01,2.276573e+01,2.273835e+01,2.273835e+01,2.276573e+01,2.278626e+01,2.276573e+01,2.284099e+01,2.269726e+01,2.274519e+01,2.266301e+01,2.277257e+01,2.277942e+01,2.271780e+01,2.277257e+01,2.279995e+01,2.269041e+01,2.272465e+01,2.272465e+01,2.273150e+01,2.274519e+01,2.277942e+01,2.277942e+01,2.270411e+01,2.264245e+01,2.273150e+01,2.274519e+01,2.277257e+01,2.289569e+01,2.287519e+01,2.283415e+01,2.292303e+01,2.286835e+01,2.284099e+01,2.289569e+01,2.284099e+01,2.303915e+01,2.305963e+01,2.293670e+01,2.303915e+01,2.318241e+01,2.339352e+01,2.340032e+01,2.379413e+01,2.382801e+01,2.390250e+01,2.395664e+01,2.390927e+01,2.391604e+01,2.413242e+01,2.408512e+01,2.421344e+01,2.422019e+01,2.412566e+01,2.424044e+01,2.424044e+01
2.366529e+01,2.379413e+01,2.376024e+01,2.393634e+01,2.398371e+01,2.401752e+01,2.403105e+01,2.394988e+01,2.403781e+01,2.405133e+01,2.412566e+01,2.409188e+01,2.424719e+01,2.409864e+01,2.411891e+01,2.417969e+01,2.408512e+01,2.400400e+01,2.423369e+01,2.426743e+01,2.426068e+01,2.426068e+01,2.413242e+01,2.432138e+01,2.431464e+01,2.432812e+01,2.430790e+01,2.418644e+01,2.428766e+01,2.424044e+01,2.419319e+01,2.411891e+01,2.425393e+01,2.411891e+01,2.402428e+01,2.426743e+01,2.411891e+01,2.407837e+01,2.415943e+01,2.407837e+01,2.394988e+01,2.396341e+01,2.379413e+01,2.369242e+01,2.363136e+01,2.347513e+01,2.344113e+01,2.338672e+01,2.350911e+01,2.340713e+01,2.329142e+01,2.330504e+01,2.312104e+01,2.313468e+01,2.312786e+01,2.308010e+01,2.301184e+01,2.303232e+01,2.298452e+01,2.301184e+01,2.292303e+01,2.292987e+01,2.290253e+01,2.289569e+01,2.303232e+01,2.300501e+01,2.301184e+01,2.299818e+01,2.303915e+01,2.311422e+01,2.309375e+01,2.311422e+01,2.317559e+01,2.313468e+01,2.316877e+01,2.310057e+01,2.323693e+01,2.325056e+01,2.325056e+01,2.338672e+01,2.336630e+01,2.350911e+01,2.329823e+01,2.350231e+01,2.361778e+01,2.365172e+01,2.367207e+01,2.362457e+01,2.387542e+01,2.409864e+01,2.391604e+01,2.397018e+01,2.394311e+01,2.395664e+01,2.394311e+01,2.395664e+01,2.386187e+01,2.389573e+01,2.411891e+01,2.411891e+01,2.429441e+01,2.403781e+01,2.426068e+01,2.422694e+01,2.422694e+01,2.405809e+01,2.392958e+01,2.404457e+01,2.381446e+01,2.365172e+01,2.382123e+01,2.359741e+01,2.384833e+01,2.384833e+01,2.397018e+01,2.379413e+01,2.380091e+01,2.377380e+01,2.380091e+01,2.382801e+01,2.359741e+01,2.382123e+01,2.393634e+01,2.405809e+01,2.392281e+01,2.431464e+01,2.436183e+01,2.427417e+01,2.446961e+01,2.459746e+01,2.456383e+01,2.490634e+01,2.502696e+01,2.507383e+01,2.511399e+01,2.524105e+01,2.524105e+01,2.522100e+01,2.524105e+01,2.516751e+01,2.522100e+01,2.532122e+01,2.529451e+01,2.530787e+01,2.524773e+01,2.536796e+01,2.537464e+01,2.538131e+01,2.536796e+01,2.558802e+01,2.552805e+01,2.551472e+01,2.550805e+01,2.548138e+01,2.539466e+01,2.540133e+01,2.548138e+01,2.550805e+01,2.552805e+01,2.552139e+01,2.548805e+01,2.540133e+01,2.540801e+01,2.543469e+01,2.513406e+01,2.510730e+01,2.506713e+01,2.497337e+01,2.510730e+01,2.518757e+01,2.515413e+01,2.506713e+01,2.523437e+01,2.515413e+01,2.514744e+01,2.508722e+01,2.512737e+01,2.512068e+01,2.511399e+01,2.504705e+01,2.499347e+01,2.499347e+01,2.499347e+01,2.463108e+01,2.464452e+01,2.453692e+01,2.459073e+01,2.459073e+01,2.459746e+01,2.466469e+01,2.462436e+01,2.463780e+01,2.468484e+01,2.471172e+01,2.484598e+01,2.484598e+01,2.473858e+01,2.477216e+01,2.475201e+01,2.477216e+01,2.465796e+01,2.476544e+01,2.470500e+01,2.469156e+01,2.469156e+01,2.475873e+01,2.470500e+01,2.470500e+01,2.488622e+01,2.476544e+01,2.486610e+01,2.480572e+01,2.481243e+01,2.463780e+01,2.464452e+01,2.468484e+01,2.464452e+01,2.463780e+01,2.458401e+01,2.444268e+01,2.445614e+01,2.450327e+01,2.434835e+01,2.440900e+01,2.426068e+01,2.422019e+01,2.423369e+01,2.413242e+01,2.412566e+01,2.409188e+01,2.411891e+01,2.413917e+01,2.419319e+01,2.414593e+01,2.408512e+01,2.395664e+01,2.386865e+01,2.401076e+01,2.399047e+01,2.403105e+01,2.392958e+01,2.389573e+01,2.390250e+01,2.384155e+01,2.386187e+01,2.372634e+01,2.374668e+01,2.367886e+01,2.369921e+01,2.371277e+01,2.372634e+01,2.380091e+01,2.376702e+01,2.366529e+01,2.369242e+01,2.365850e+01,2.353629e+01,2.363136e+01,2.350911e+01,2.350911e+01,2.355667e+01,2.351590e+01,2.352270e+01,2.352949e+01,2.350911e+01,2.348872e+01,2.347513e+01,2.338672e+01,2.337991e+01,2.345473e+01,2.348872e+01,2.335950e+01,2.347513e+01,2.346153e+01,2.335950e+01,2.335950e+01,2.342753e+01,2.337991e+01,2.346833e+01,2.340032e+01,2.340713e+01,2.341393e+01,2.333908e+01,2.342073e+01,2.340032e+01,2.343433e+01,2.342073e+01,2.345473e+01,2.339352e+01,2.346153e+01,2.343433e+01,2.347513e+01,2.337311e+01,2.342753e+01,2.334589e+01,2.340032e+01,2.334589e+01,2.336630e+01,2.345473e+01,2.335269e+01,2.347513e+01,2.344113e+01,2.342753e+01,2.349552e+01,2.342073e+01,2.348192e+01,2.352949e+01,2.343433e+01,2.353629e+01,2.343433e+01,2.349552e+01,2.344793e+01,2.348872e+01,2.352270e+01,2.348192e+01,2.348872e+01,2.352270e+01,2.351590e+01,2.348192e+01,2.357704e+01,2.354987e+01,2.357704e+01,2.348872e+01,2.348872e+01,2.359062e+01,2.358383e+01,2.361099e+01,2.351590e+01,2.364493e+01,2.370599e+01,2.352949e+01,2.357704e+01,2.371277e+01,2.356346e+01,2.361778e+01,2.357025e+01,2.365172e+01,2.358383e+01,2.362457e+01,2.359741e+01,2.359062e+01,2.362457e+01,2.367886e+01,2.370599e+01,2.369921e+01,2.373990e+01,2.369921e+01,2.376024e+01,2.365850e+01,2.370599e+01,2.368564e+01,2.367207e+01,2.361778e+01,2.361778e+01,2.373312e+01,2.363814e+01,2.373312e+01,2.363814e+01,2.365172e+01,2.377380e+01,2.365172e+01,2.367207e+01,2.364493e+01,2.367886e+01,2.369921e+01,2.360420e+01,2.368564e+01,2.371277e+01,2.367207e+01,2.371277e+01,2.374668e+01,2.367207e+01,2.371277e+01,2.365172e+01,2.361778e+01,2.365172e+01,2.367886e+01,2.365172e+01,2.380768e+01,2.359062e+01,2.373312e+01,2.373990e+01,2.350911e+01,2.376024e+01,2.367886e+01,2.373312e+01,2.371277e+01,2.381446e+01,2.373990e+01,2.369921e+01,2.372634e+01,2.374668e+01,2.367886e+01,2.371956e+01,2.374668e+01,2.378057e+01,2.371956e+01,2.376024e+01,2.394311e+01,2.380091e+01,2.395664e+01,2.392281e+01,2.388896e+01,2.391604e+01,2.388896e+01,2.392958e+01,2.385510e+01,2.387542e+01,2.388219e+01,2.399047e+01,2.388219e+01,2.411215e+01,2.521431e+01,2.622560e+01,2.714857e+01,2.757440e+01,2.762015e+01,2.772467e+01,2.779646e+01,2.792687e+01,2.799853e+01,2.798551e+01,2.808967e+01,2.803109e+01,2.812220e+01,2.810919e+01,2.813520e+01,2.780299e+01,2.784212e+01,2.792687e+01,2.777036e+01,2.765282e+01,2.756132e+01,2.745665e+01,2.750900e+01,2.714857e+01,2.689884e+01,2.673422e+01,2.654295e+01,2.650994e+01,2.647031e+01,2.648352e+01,2.618586e+01,2.606656e+01,2.612623e+01,2.608646e+01,2.622560e+01,2.604004e+01,2.600686e+01,2.597368e+01,2.594049e+01,2.595377e+01,2.598696e+01,2.597368e+01,2.584750e+01,2.587408e+01,2.577438e+01,2.570121e+01,2.552805e+01,2.553472e+01,2.548805e+01,2.548805e+01,2.546138e+01,2.523437e+01,2.518757e+01,2.528782e+01,2.512737e+01,2.517419e+01,2.518757e+01,2.528782e+01,2.520763e+01,2.532790e+01,2.524773e+01,2.512068e+01,2.532122e+01,2.522100e+01,2.514744e+01,2.522100e+01,2.528115e+01,2.537464e+01,2.536129e+01,2.543469e+01,2.542135e+01,2.525442e+01,2.530119e+01,2.530787e+01,2.502026e+01,2.519426e+01,2.532122e+01,2.544804e+01,2.546138e+01,2.558136e+01,2.578103e+01,2.558136e+01,2.553472e+01,2.558136e+01,2.566127e+01,2.550139e+01,2.536129e+01,2.549472e+01,2.562798e+01,2.554138e+01,2.563464e+01,2.560134e+01,2.558802e+01,2.561466e+01,2.561466e+01,2.558802e+01,2.544137e+01,2.535461e+01,2.508052e+01,2.521431e+01,2.489964e+01,2.491975e+01,2.493986e+01,2.491975e+01,2.486610e+01,2.479230e+01,2.481914e+01,2.463780e+01,2.462436e+01,2.464452e+01,2.439552e+01,2.444268e+01,2.440226e+01,2.424719e+01,2.401076e+01,2.430790e+01,2.419319e+01,2.403105e+01,2.397694e+01,2.401752e+01,2.395664e+01,2.384155e+01,2.374668e+01,2.371277e+01,2.363136e+01,2.340713e+01,2.356346e+01,2.327780e+01,2.333228e+01,2.327780e+01,2.313468e+01,2.317559e+01,2.316195e+01,2.299818e+01,2.282731e+01,2.286151e+01,2.301184e+01,2.303232e+01,2.299818e+01,2.303915e+01,2.300501e+01,2.301867e+01,2.301867e+01,2.301867e+01,2.303232e+01,2.304598e+01,2.295037e+01,2.294353e+01,2.292303e+01,2.290937e+01,2.295037e+01,2.286835e+01,2.298452e+01,2.285467e+01,2.285467e+01,2.286151e+01,2.288886e+01,2.286151e+01,2.286835e+01,2.282047e+01,2.299135e+01,2.280679e+01,2.281363e+01,2.271096e+01,2.290253e+01,2.274519e+01,2.275204e+01,2.280679e+01,2.269041e+01,2.275204e+01,2.274519e+01,2.274519e+01,2.262874e+01,2.275888e+01,2.275888e+01,2.276573e+01,2.266301e+01,2.271780e+01,2.276573e+01,2.276573e+01,2.264930e+01,2.270411e+01,2.269041e+01,2.265615e+01,2.272465e+01,2.277257e+01,2.277942e+01,2.272465e+01,2.277942e+01,2.262874e+01,2.273835e+01,2.275888e+01,2.276573e+01,2.269041e+01,2.280679e+01,2.268356e+01,2.279995e+01,2.284099e+01,2.270411e+01,2.282047e+01,2.288202e+01,2.282731e+01,2.287519e+01,2.282047e+01,2.282731e+01,2.286835e+01,2.286835e+01,2.290253e+01,2.290937e+01,2.295720e+01,2.301867e+01,2.312786e+01,2.326418e+01,2.354987e+01,2.346833e+01,2.363136e+01,2.371277e+01,2.386187e+01,2.381446e+01,2.405809e+01,2.407161e+01,2.407161e+01,2.422019e+01,2.407161e+01,2.417294e+01,2.419319e+01,2.417969e+01,2.417969e+01
2.378057e+01,2.377380e+01,2.381446e+01,2.375346e+01,2.394988e+01,2.396341e+01,2.399047e+01,2.403781e+01,2.397018e+01,2.407161e+01,2.406485e+01,2.407161e+01,2.406485e+01,2.404457e+01,2.417294e+01,2.412566e+01,2.393634e+01,2.421344e+01,2.420670e+01,2.406485e+01,2.426743e+01,2.430115e+01,2.427417e+01,2.431464e+01,2.430790e+01,2.423369e+01,2.419319e+01,2.414593e+01,2.411215e+01,2.407161e+01,2.413917e+01,2.428766e+01,2.412566e+01,2.417969e+01,2.409188e+01,2.401752e+01,2.413242e+01,2.410540e+01,2.400400e+01,2.388219e+01,2.390250e+01,2.387542e+01,2.375346e+01,2.366529e+01,2.339352e+01,2.342073e+01,2.340713e+01,2.342073e+01,2.337991e+01,2.336630e+01,2.329142e+01,2.316195e+01,2.314832e+01,2.313468e+01,2.314150e+01,2.314150e+01,2.316195e+01,2.303915e+01,2.300501e+01,2.293670e+01,2.295720e+01,2.298452e+01,2.292987e+01,2.312104e+01,2.308693e+01,2.299135e+01,2.293670e+01,2.308010e+01,2.301867e+01,2.310739e+01,2.302550e+01,2.310739e+01,2.314832e+01,2.311422e+01,2.320286e+01,2.320967e+01,2.320286e+01,2.323012e+01,2.339352e+01,2.327780e+01,2.338672e+01,2.358383e+01,2.359741e+01,2.359741e+01,2.357704e+01,2.365850e+01,2.401752e+01,2.394311e+01,2.409188e+01,2.403781e+01,2.411215e+01,2.411215e+01,2.396341e+01,2.394988e+01,2.394988e+01,2.393634e+01,2.406485e+01,2.428092e+01,2.412566e+01,2.436183e+01,2.438205e+01,2.455038e+01,2.455710e+01,2.453692e+01,2.445614e+01,2.428092e+01,2.398371e+01,2.401752e+01,2.392958e+01,2.385510e+01,2.378735e+01,2.388219e+01,2.377380e+01,2.385510e+01,2.384155e+01,2.376024e+01,2.391604e+01,2.392958e+01,2.387542e+01,2.401752e+01,2.394311e+01,2.411215e+01,2.425393e+01,2.433487e+01,2.443594e+01,2.453019e+01,2.467141e+01,2.468484e+01,2.480572e+01,2.481914e+01,2.487281e+01,2.492645e+01,2.506044e+01,2.508722e+01,2.496667e+01,2.506713e+01,2.500687e+01,2.519426e+01,2.524773e+01,2.532790e+01,2.516082e+01,2.527446e+01,2.523437e+01,2.516082e+01,2.527446e+01,2.542802e+01,2.535461e+01,2.537464e+01,2.534793e+01,2.550139e+01,2.551472e+01,2.556137e+01,2.541468e+01,2.535461e+01,2.542135e+01,2.536129e+01,2.534126e+01,2.544804e+01,2.542135e+01,2.541468e+01,2.538131e+01,2.540133e+01,2.542802e+01,2.530119e+01,2.524773e+01,2.506713e+01,2.497337e+01,2.512068e+01,2.505375e+01,2.500017e+01,2.504035e+01,2.513406e+01,2.512068e+01,2.521431e+01,2.508722e+01,2.522100e+01,2.514744e+01,2.510060e+01,2.515413e+01,2.503366e+01,2.501357e+01,2.499347e+01,2.489964e+01,2.472515e+01,2.465796e+01,2.463108e+01,2.463780e+01,2.461091e+01,2.455038e+01,2.466469e+01,2.465124e+01,2.454365e+01,2.471844e+01,2.473858e+01,2.471844e+01,2.478558e+01,2.469828e+01,2.476544e+01,2.477887e+01,2.476544e+01,2.484598e+01,2.477216e+01,2.465796e+01,2.476544e+01,2.467141e+01,2.478558e+01,2.476544e+01,2.476544e+01,2.487952e+01,2.481243e+01,2.467813e+01,2.481243e+01,2.476544e+01,2.478558e+01,2.473858e+01,2.471172e+01,2.463780e+01,2.459073e+01,2.451000e+01,2.440226e+01,2.442247e+01,2.443594e+01,2.442247e+01,2.432138e+01,2.441573e+01,2.432812e+01,2.422694e+01,2.423369e+01,2.415268e+01,2.415268e+01,2.422694e+01,2.412566e+01,2.409864e+01,2.411891e+01,2.405809e+01,2.388219e+01,2.412566e+01,2.410540e+01,2.405809e+01,2.404457e+01,2.387542e+01,2.390250e+01,2.390927e+01,2.391604e+01,2.392958e+01,2.383478e+01,2.376024e+01,2.376702e+01,2.372634e+01,2.384833e+01,2.376702e+01,2.369242e+01,2.373312e+01,2.372634e+01,2.364493e+01,2.367886e+01,2.372634e+01,2.354987e+01,2.360420e+01,2.353629e+01,2.357025e+01,2.350911e+01,2.348872e+01,2.353629e+01,2.350911e+01,2.341393e+01,2.336630e+01,2.347513e+01,2.342753e+01,2.351590e+01,2.347513e+01,2.342073e+01,2.344113e+01,2.335950e+01,2.340713e+01,2.344793e+01,2.340032e+01,2.348872e+01,2.333908e+01,2.337311e+01,2.342073e+01,2.334589e+01,2.340713e+01,2.342073e+01,2.335950e+01,2.344793e+01,2.336630e+01,2.337991e+01,2.340032e+01,2.342073e+01,2.333228e+01,2.342753e+01,2.347513e+01,2.340713e+01,2.344793e+01,2.341393e+01,2.353629e+01,2.344793e+01,2.346833e+01,2.347513e+01,2.345473e+01,2.343433e+01,2.346153e+01,2.349552e+01,2.340032e+01,2.346833e+01,2.352270e+01,2.351590e+01,2.350911e+01,2.354308e+01,2.349552e+01,2.346153e+01,2.349552e+01,2.350911e+01,2.350911e+01,2.348872e+01,2.353629e+01,2.352949e+01,2.355667e+01,2.352949e+01,2.346833e+01,2.356346e+01,2.359062e+01,2.358383e+01,2.360420e+01,2.341393e+01,2.360420e+01,2.348872e+01,2.352270e+01,2.367886e+01,2.358383e+01,2.362457e+01,2.373312e+01,2.361778e+01,2.362457e+01,2.357704e+01,2.363814e+01,2.368564e+01,2.361099e+01,2.365172e+01,2.361099e+01,2.362457e+01,2.371956e+01,2.373990e+01,2.374668e+01,2.363814e+01,2.370599e+01,2.380091e+01,2.377380e+01,2.365172e+01,2.369921e+01,2.367207e+01,2.369242e+01,2.372634e+01,2.371277e+01,2.365172e+01,2.371277e+01,2.364493e+01,2.367207e+01,2.373990e+01,2.366529e+01,2.365850e+01,2.365172e+01,2.374668e+01,2.378057e+01,2.365850e+01,2.367207e+01,2.366529e+01,2.365172e+01,2.366529e+01,2.367207e+01,2.368564e+01,2.376702e+01,2.374668e+01,2.372634e+01,2.386187e+01,2.385510e+01,2.379413e+01,2.375346e+01,2.389573e+01,2.373312e+01,2.378057e+01,2.384155e+01,2.394311e+01,2.380091e+01,2.386187e+01,2.396341e+01,2.382801e+01,2.393634e+01,2.373312e+01,2.372634e+01,2.371277e+01,2.371277e+01,2.366529e+01,2.373990e+01,2.372634e+01,2.368564e+01,2.369921e+01,2.385510e+01,2.368564e+01,2.368564e+01,2.371277e+01,2.365172e+01,2.365850e+01,2.388219e+01,2.372634e+01,2.386865e+01,2.374668e+01,2.378735e+01,2.377380e+01,2.382801e+01,2.409188e+01,2.498677e+01,2.598696e+01,2.699749e+01,2.758747e+01,2.769202e+01,2.775078e+01,2.792036e+01,2.794642e+01,2.796597e+01,2.799202e+01,2.801807e+01,2.805062e+01,2.808316e+01,2.805062e+01,2.818072e+01,2.806364e+01,2.797248e+01,2.775731e+01,2.774425e+01,2.773772e+01,2.759401e+01,2.752208e+01,2.727322e+01,2.715514e+01,2.695804e+01,2.676717e+01,2.656935e+01,2.645709e+01,2.619911e+01,2.623222e+01,2.613948e+01,2.619911e+01,2.604667e+01,2.609971e+01,2.611960e+01,2.577438e+01,2.578768e+01,2.576108e+01,2.590065e+01,2.598696e+01,2.598696e+01,2.586079e+01,2.593385e+01,2.582756e+01,2.579433e+01,2.565462e+01,2.560134e+01,2.554138e+01,2.549472e+01,2.548805e+01,2.551472e+01,2.525442e+01,2.531454e+01,2.521431e+01,2.520763e+01,2.527446e+01,2.541468e+01,2.526778e+01,2.542135e+01,2.538131e+01,2.536796e+01,2.526778e+01,2.524105e+01,2.530119e+01,2.520763e+01,2.532122e+01,2.538131e+01,2.536796e+01,2.540801e+01,2.544804e+01,2.540133e+01,2.541468e+01,2.523437e+01,2.514075e+01,2.512737e+01,2.522100e+01,2.515413e+01,2.518757e+01,2.565462e+01,2.553472e+01,2.557470e+01,2.581427e+01,2.558136e+01,2.558802e+01,2.536796e+01,2.542802e+01,2.556137e+01,2.538131e+01,2.542802e+01,2.542802e+01,2.542135e+01,2.555471e+01,2.540801e+01,2.556804e+01,2.539466e+01,2.542802e+01,2.549472e+01,2.520094e+01,2.524105e+01,2.504035e+01,2.500017e+01,2.492645e+01,2.484598e+01,2.471844e+01,2.485269e+01,2.491975e+01,2.470500e+01,2.462436e+01,2.444268e+01,2.440900e+01,2.449654e+01,2.432138e+01,2.422019e+01,2.426068e+01,2.419994e+01,2.394988e+01,2.399723e+01,2.403781e+01,2.388896e+01,2.392958e+01,2.376024e+01,2.383478e+01,2.363136e+01,2.350911e+01,2.361099e+01,2.340032e+01,2.334589e+01,2.338672e+01,2.312786e+01,2.315514e+01,2.308693e+01,2.323693e+01,2.315514e+01,2.299135e+01,2.288202e+01,2.303915e+01,2.293670e+01,2.300501e+01,2.310057e+01,2.298452e+01,2.299135e+01,2.303915e+01,2.304598e+01,2.303232e+01,2.303232e+01,2.299818e+01,2.290253e+01,2.295720e+01,2.303915e+01,2.288886e+01,2.287519e+01,2.301184e+01,2.295720e+01,2.284099e+01,2.288886e+01,2.282047e+01,2.286151e+01,2.287519e+01,2.277257e+01,2.305280e+01,2.269041e+01,2.282731e+01,2.272465e+01,2.271780e+01,2.273150e+01,2.278626e+01,2.274519e+01,2.279310e+01,2.266301e+01,2.271780e+01,2.271780e+01,2.277942e+01,2.269041e+01,2.273150e+01,2.273150e+01,2.262189e+01,2.266301e+01,2.260818e+01,2.273835e+01,2.267671e+01,2.276573e+01,2.271096e+01,2.268356e+01,2.270411e+01,2.269726e+01,2.267671e+01,2.269726e+01,2.276573e+01,2.276573e+01,2.273150e+01,2.267671e+01,2.273835e+01,2.279995e+01,2.271780e+01,2.272465e+01,2.286151e+01,2.271780e+01,2.268356e+01,2.264930e+01,2.282731e+01,2.269041e+01,2.278626e+01,2.281363e+01,2.269726e+01,2.286835e+01,2.287519e+01,2.285467e+01,2.282731e+01,2.296403e+01,2.297086e+01,2.290937e+01,2.325737e+01,2.327780e+01,2.329142e+01,2.350231e+01,2.369242e+01,2.378057e+01,2.357025e+01,2.386187e+01,2.390250e+01,2.405133e+01,2.407161e+01,2.411891e+01,2.423369e+01,2.407837e+01,2.422019e+01,2.412566e+01,2.426068e+01
2.369242e+01,2.374668e+01,2.382123e+01,2.379413e+01,2.383478e+01,2.392958e+01,2.399047e+01,2.405809e+01,2.407161e+01,2.399047e+01,2.400400e+01,2.406485e+01,2.406485e+01,2.401752e+01,2.417294e+01,2.416619e+01,2.411215e+01,2.441573e+01,2.410540e+01,2.409864e+01,2.418644e+01,2.432812e+01,2.411215e+01,2.417294e+01,2.416619e+01,2.421344e+01,2.419994e+01,2.430790e+01,2.419319e+01,2.413242e+01,2.412566e+01,2.408512e+01,2.403781e+01,2.405133e+01,2.407161e+01,2.409864e+01,2.410540e+01,2.392281e+01,2.397694e+01,2.401752e+01,2.403781e+01,2.380768e+01,2.367207e+01,2.367886e+01,2.348192e+01,2.344113e+01,2.336630e+01,2.337991e+01,2.339352e+01,2.340713e+01,2.336630e+01,2.318241e+01,2.313468e+01,2.311422e+01,2.314832e+01,2.308010e+01,2.310057e+01,2.293670e+01,2.293670e+01,2.269041e+01,2.300501e+01,2.293670e+01,2.292303e+01,2.288886e+01,2.289569e+01,2.310739e+01,2.311422e+01,2.311422e+01,2.296403e+01,2.302550e+01,2.318923e+01,2.318923e+01,2.302550e+01,2.305963e+01,2.321649e+01,2.321649e+01,2.348872e+01,2.352270e+01,2.346833e+01,2.342753e+01,2.347513e+01,2.358383e+01,2.389573e+01,2.390250e+01,2.382123e+01,2.390927e+01,2.409188e+01,2.416619e+01,2.411891e+01,2.412566e+01,2.416619e+01,2.415268e+01,2.406485e+01,2.398371e+01,2.397694e+01,2.394988e+01,2.430115e+01,2.432138e+01,2.456383e+01,2.463780e+01,2.461091e+01,2.483256e+01,2.471172e+01,2.467813e+01,2.467141e+01,2.455710e+01,2.446961e+01,2.440900e+01,2.405809e+01,2.403105e+01,2.385510e+01,2.402428e+01,2.382801e+01,2.387542e+01,2.384155e+01,2.398371e+01,2.390927e+01,2.392958e+01,2.394988e+01,2.380768e+01,2.413242e+01,2.424044e+01,2.448308e+01,2.446288e+01,2.469156e+01,2.478558e+01,2.495997e+01,2.481914e+01,2.480572e+01,2.490634e+01,2.486610e+01,2.493316e+01,2.502696e+01,2.504035e+01,2.500017e+01,2.503366e+01,2.498007e+01,2.506713e+01,2.500687e+01,2.520763e+01,2.502026e+01,2.524105e+01,2.512737e+01,2.526778e+01,2.521431e+01,2.520763e+01,2.541468e+01,2.538131e+01,2.542802e+01,2.542135e+01,2.536129e+01,2.546805e+01,2.546138e+01,2.536796e+01,2.532790e+01,2.531454e+01,2.542802e+01,2.536796e+01,2.540133e+01,2.540801e+01,2.536796e+01,2.538799e+01,2.532790e+01,2.509391e+01,2.513406e+01,2.503366e+01,2.498677e+01,2.503366e+01,2.502696e+01,2.500687e+01,2.491975e+01,2.506044e+01,2.505375e+01,2.505375e+01,2.506713e+01,2.522768e+01,2.515413e+01,2.503366e+01,2.511399e+01,2.506713e+01,2.523437e+01,2.499347e+01,2.497337e+01,2.481243e+01,2.483256e+01,2.468484e+01,2.469828e+01,2.455038e+01,2.462436e+01,2.455710e+01,2.461763e+01,2.451000e+01,2.462436e+01,2.467813e+01,2.468484e+01,2.473858e+01,2.472515e+01,2.468484e+01,2.482585e+01,2.475873e+01,2.464452e+01,2.465796e+01,2.465124e+01,2.475201e+01,2.470500e+01,2.467813e+01,2.479901e+01,2.481243e+01,2.479230e+01,2.479230e+01,2.473858e+01,2.479230e+01,2.477216e+01,2.477216e+01,2.481243e+01,2.474530e+01,2.472515e+01,2.452346e+01,2.467141e+01,2.447635e+01,2.441573e+01,2.447635e+01,2.437531e+01,2.441573e+01,2.436183e+01,2.434835e+01,2.429441e+01,2.415943e+01,2.416619e+01,2.422694e+01,2.415268e+01,2.405809e+01,2.409864e+01,2.414593e+01,2.413242e+01,2.408512e+01,2.411215e+01,2.408512e+01,2.397694e+01,2.399047e+01,2.413917e+01,2.389573e+01,2.394988e+01,2.388219e+01,2.384833e+01,2.397694e+01,2.376024e+01,2.386865e+01,2.384155e+01,2.386187e+01,2.378735e+01,2.378057e+01,2.376702e+01,2.379413e+01,2.373990e+01,2.365850e+01,2.371956e+01,2.378735e+01,2.356346e+01,2.363136e+01,2.351590e+01,2.350911e+01,2.350231e+01,2.350911e+01,2.348192e+01,2.346833e+01,2.344793e+01,2.342073e+01,2.346153e+01,2.347513e+01,2.348872e+01,2.343433e+01,2.342753e+01,2.333908e+01,2.340713e+01,2.327780e+01,2.350231e+01,2.336630e+01,2.333908e+01,2.342753e+01,2.342073e+01,2.339352e+01,2.343433e+01,2.339352e+01,2.343433e+01,2.333908e+01,2.344113e+01,2.343433e+01,2.332547e+01,2.337991e+01,2.345473e+01,2.343433e+01,2.336630e+01,2.346833e+01,2.343433e+01,2.341393e+01,2.350911e+01,2.349552e+01,2.348872e+01,2.348192e+01,2.350911e+01,2.345473e+01,2.345473e+01,2.347513e+01,2.353629e+01,2.350911e+01,2.353629e+01,2.348192e+01,2.352949e+01,2.351590e+01,2.344793e+01,2.348192e+01,2.353629e+01,2.347513e+01,2.351590e+01,2.357025e+01,2.357025e+01,2.354308e+01,2.359741e+01,2.356346e+01,2.350231e+01,2.357704e+01,2.357704e+01,2.359741e+01,2.360420e+01,2.354308e+01,2.359741e+01,2.361099e+01,2.363814e+01,2.358383e+01,2.369921e+01,2.371956e+01,2.368564e+01,2.371277e+01,2.367207e+01,2.368564e+01,2.367886e+01,2.367207e+01,2.366529e+01,2.364493e+01,2.368564e+01,2.365172e+01,2.363814e+01,2.373312e+01,2.369242e+01,2.374668e+01,2.374668e+01,2.364493e+01,2.370599e+01,2.369242e+01,2.357025e+01,2.365850e+01,2.369242e+01,2.369921e+01,2.361099e+01,2.365850e+01,2.365850e+01,2.367886e+01,2.367886e+01,2.367207e+01,2.372634e+01,2.377380e+01,2.371956e+01,2.373990e+01,2.378735e+01,2.374668e+01,2.383478e+01,2.387542e+01,2.371277e+01,2.372634e+01,2.388896e+01,2.388219e+01,2.367886e+01,2.380768e+01,2.388219e+01,2.359741e+01,2.375346e+01,2.384833e+01,2.383478e+01,2.387542e+01,2.369921e+01,2.377380e+01,2.376024e+01,2.373990e+01,2.381446e+01,2.372634e+01,2.366529e+01,2.360420e+01,2.369242e+01,2.369921e+01,2.364493e+01,2.359062e+01,2.353629e+01,2.358383e+01,2.354987e+01,2.369921e+01,2.363136e+01,2.366529e+01,2.345473e+01,2.377380e+01,2.380091e+01,2.388896e+01,2.377380e+01,2.392958e+01,2.390250e+01,2.392281e+01,2.390927e+01,2.389573e+01,2.381446e+01,2.376702e+01,2.382123e+01,2.411215e+01,2.493316e+01,2.617924e+01,2.702378e+01,2.771161e+01,2.773772e+01,2.791384e+01,2.789429e+01,2.795945e+01,2.797899e+01,2.808967e+01,2.805713e+01,2.806364e+01,2.809617e+01,2.810268e+01,2.810919e+01,2.801807e+01,2.810268e+01,2.792687e+01,2.793339e+01,2.774425e+01,2.769855e+01,2.748282e+01,2.746974e+01,2.718795e+01,2.719451e+01,2.687252e+01,2.675399e+01,2.645049e+01,2.619911e+01,2.615936e+01,2.618586e+01,2.610634e+01,2.604004e+01,2.600023e+01,2.598696e+01,2.596041e+01,2.594049e+01,2.597368e+01,2.592721e+01,2.592721e+01,2.597368e+01,2.566127e+01,2.584085e+01,2.584750e+01,2.572782e+01,2.566127e+01,2.563464e+01,2.558136e+01,2.550805e+01,2.562132e+01,2.560134e+01,2.556137e+01,2.520094e+01,2.526778e+01,2.530119e+01,2.538799e+01,2.531454e+01,2.563464e+01,2.533458e+01,2.542802e+01,2.541468e+01,2.554804e+01,2.556137e+01,2.544137e+01,2.562798e+01,2.538131e+01,2.560800e+01,2.540133e+01,2.555471e+01,2.557470e+01,2.544137e+01,2.548805e+01,2.536129e+01,2.519426e+01,2.519426e+01,2.512068e+01,2.517419e+01,2.536129e+01,2.523437e+01,2.555471e+01,2.562798e+01,2.563464e+01,2.549472e+01,2.553472e+01,2.552805e+01,2.537464e+01,2.533458e+01,2.526110e+01,2.518088e+01,2.520763e+01,2.526110e+01,2.542135e+01,2.542135e+01,2.520763e+01,2.538131e+01,2.528782e+01,2.534126e+01,2.522768e+01,2.520763e+01,2.505375e+01,2.502026e+01,2.502026e+01,2.488622e+01,2.472515e+01,2.477887e+01,2.477887e+01,2.449654e+01,2.459073e+01,2.461763e+01,2.437531e+01,2.434835e+01,2.435509e+01,2.421344e+01,2.426068e+01,2.415943e+01,2.404457e+01,2.411215e+01,2.393634e+01,2.382123e+01,2.380768e+01,2.378057e+01,2.379413e+01,2.359741e+01,2.373312e+01,2.344793e+01,2.347513e+01,2.335950e+01,2.328461e+01,2.320286e+01,2.317559e+01,2.318241e+01,2.315514e+01,2.302550e+01,2.295720e+01,2.291620e+01,2.290937e+01,2.295720e+01,2.301184e+01,2.311422e+01,2.296403e+01,2.308693e+01,2.293670e+01,2.301184e+01,2.305963e+01,2.303915e+01,2.303915e+01,2.288886e+01,2.287519e+01,2.292303e+01,2.290937e+01,2.292303e+01,2.295037e+01,2.282731e+01,2.288886e+01,2.289569e+01,2.284783e+01,2.290253e+01,2.284099e+01,2.284099e+01,2.271096e+01,2.279310e+01,2.295720e+01,2.280679e+01,2.282731e+01,2.276573e+01,2.277257e+01,2.270411e+01,2.275888e+01,2.280679e+01,2.269041e+01,2.282731e+01,2.262874e+01,2.267671e+01,2.268356e+01,2.271096e+01,2.266986e+01,2.263560e+01,2.264245e+01,2.261503e+01,2.274519e+01,2.270411e+01,2.269041e+01,2.267671e+01,2.270411e+01,2.276573e+01,2.274519e+01,2.271780e+01,2.262874e+01,2.270411e+01,2.269726e+01,2.271780e+01,2.276573e+01,2.273835e+01,2.277257e+01,2.276573e+01,2.279310e+01,2.278626e+01,2.289569e+01,2.281363e+01,2.269041e+01,2.290937e+01,2.279995e+01,2.284783e+01,2.284099e+01,2.286835e+01,2.288202e+01,2.289569e+01,2.287519e+01,2.289569e+01,2.305963e+01,2.318923e+01,2.323693e+01,2.321649e+01,2.355667e+01,2.348192e+01,2.380091e+01,2.360420e+01,2.384833e+01,2.395664e+01,2.394988e+01,2.408512e+01,2.415268e+01,2.399047e+01,2.421344e+01,2.424719e+01,2.426743e+01,2.422694e+01,2.399723e+01
2.372634e+01,2.359741e+01,2.376702e+01,2.378057e+01,2.384155e+01,2.394988e+01,2.402428e+01,2.392281e+01,2.402428e+01,2.398371e+01,2.399723e+01,2.404457e+01,2.404457e+01,2.418644e+01,2.409864e+01,2.404457e+01,2.410540e+01,2.422694e+01,2.409864e+01,2.418644e+01,2.416619e+01,2.422019e+01,2.411891e+01,2.419319e+01,2.419994e+01,2.429441e+01,2.417969e+01,2.411215e+01,2.411891e+01,2.403105e+01,2.413242e+01,2.409188e+01,2.407161e+01,2.400400e+01,2.401752e+01,2.394311e+01,2.392958e+01,2.404457e+01,2.403105e+01,2.389573e+01,2.388896e+01,2.392281e+01,2.349552e+01,2.365172e+01,2.344113e+01,2.350911e+01,2.346153e+01,2.323012e+01,2.335269e+01,2.331185e+01,2.328461e+01,2.316877e+01,2.323693e+01,2.313468e+01,2.308693e+01,2.313468e+01,2.297086e+01,2.303915e+01,2.292303e+01,2.291620e+01,2.306645e+01,2.298452e+01,2.301867e+01,2.312786e+01,2.310739e+01,2.317559e+01,2.315514e+01,2.319604e+01,2.314832e+01,2.315514e+01,2.306645e+01,2.323012e+01,2.327780e+01,2.320286e+01,2.329823e+01,2.340032e+01,2.322330e+01,2.351590e+01,2.351590e+01,2.368564e+01,2.371277e+01,2.405809e+01,2.405809e+01,2.401076e+01,2.406485e+01,2.422019e+01,2.417969e+01,2.434161e+01,2.430115e+01,2.413917e+01,2.413242e+01,2.408512e+01,2.397694e+01,2.395664e+01,2.417969e+01,2.417969e+01,2.419319e+01,2.445614e+01,2.462436e+01,2.469156e+01,2.495997e+01,2.499347e+01,2.493316e+01,2.491975e+01,2.487281e+01,2.463108e+01,2.459746e+01,2.459073e+01,2.422019e+01,2.417294e+01,2.403105e+01,2.409864e+01,2.399723e+01,2.395664e+01,2.388219e+01,2.413242e+01,2.397018e+01,2.394988e+01,2.399047e+01,2.405809e+01,2.417969e+01,2.440900e+01,2.452346e+01,2.481243e+01,2.482585e+01,2.485940e+01,2.496667e+01,2.514744e+01,2.510060e+01,2.495326e+01,2.492645e+01,2.489293e+01,2.489964e+01,2.489293e+01,2.483256e+01,2.489964e+01,2.497337e+01,2.502026e+01,2.502026e+01,2.501357e+01,2.493316e+01,2.509391e+01,2.502696e+01,2.511399e+01,2.519426e+01,2.518088e+01,2.536796e+01,2.532790e+01,2.530787e+01,2.532790e+01,2.532122e+01,2.527446e+01,2.527446e+01,2.542135e+01,2.527446e+01,2.525442e+01,2.535461e+01,2.536129e+01,2.534126e+01,2.534126e+01,2.528782e+01,2.532790e+01,2.526110e+01,2.510730e+01,2.512737e+01,2.510060e+01,2.511399e+01,2.508722e+01,2.500687e+01,2.502696e+01,2.503366e+01,2.504705e+01,2.514744e+01,2.525442e+01,2.510730e+01,2.515413e+01,2.519426e+01,2.520763e+01,2.517419e+01,2.502696e+01,2.498677e+01,2.500687e+01,2.493316e+01,2.473858e+01,2.469828e+01,2.461091e+01,2.477887e+01,2.464452e+01,2.457056e+01,2.448308e+01,2.459073e+01,2.464452e+01,2.461763e+01,2.465796e+01,2.463780e+01,2.473187e+01,2.471844e+01,2.456383e+01,2.471844e+01,2.483256e+01,2.463108e+01,2.479901e+01,2.476544e+01,2.472515e+01,2.477216e+01,2.469156e+01,2.475201e+01,2.482585e+01,2.475201e+01,2.486610e+01,2.491305e+01,2.483256e+01,2.478558e+01,2.479230e+01,2.479901e+01,2.475873e+01,2.459746e+01,2.475873e+01,2.451673e+01,2.455710e+01,2.448981e+01,2.442247e+01,2.443594e+01,2.444268e+01,2.433487e+01,2.433487e+01,2.435509e+01,2.424719e+01,2.432138e+01,2.423369e+01,2.411215e+01,2.417969e+01,2.413242e+01,2.405133e+01,2.411891e+01,2.413242e+01,2.407837e+01,2.396341e+01,2.413242e+01,2.406485e+01,2.395664e+01,2.392281e+01,2.394988e+01,2.387542e+01,2.388896e+01,2.391604e+01,2.379413e+01,2.394988e+01,2.376024e+01,2.373990e+01,2.376702e+01,2.376702e+01,2.370599e+01,2.369242e+01,2.377380e+01,2.382123e+01,2.379413e+01,2.356346e+01,2.358383e+01,2.365850e+01,2.354987e+01,2.355667e+01,2.352949e+01,2.348192e+01,2.335269e+01,2.344793e+01,2.351590e+01,2.342073e+01,2.348192e+01,2.349552e+01,2.344793e+01,2.340713e+01,2.327780e+01,2.340713e+01,2.347513e+01,2.337311e+01,2.338672e+01,2.333228e+01,2.346153e+01,2.339352e+01,2.329823e+01,2.335950e+01,2.337991e+01,2.328461e+01,2.346153e+01,2.348192e+01,2.331185e+01,2.325737e+01,2.346153e+01,2.345473e+01,2.347513e+01,2.347513e+01,2.343433e+01,2.346833e+01,2.345473e+01,2.346833e+01,2.344113e+01,2.346833e+01,2.347513e+01,2.347513e+01,2.348192e+01,2.346153e+01,2.347513e+01,2.353629e+01,2.353629e+01,2.340713e+01,2.355667e+01,2.341393e+01,2.357704e+01,2.357704e+01,2.353629e+01,2.352949e+01,2.367207e+01,2.348872e+01,2.348872e+01,2.360420e+01,2.350911e+01,2.364493e+01,2.359741e+01,2.352270e+01,2.354308e+01,2.363814e+01,2.347513e+01,2.358383e+01,2.359062e+01,2.348192e+01,2.361778e+01,2.355667e+01,2.363814e+01,2.367207e+01,2.356346e+01,2.376024e+01,2.376702e+01,2.354308e+01,2.361778e+01,2.365850e+01,2.363136e+01,2.362457e+01,2.365172e+01,2.369242e+01,2.373990e+01,2.370599e+01,2.369242e+01,2.359741e+01,2.371956e+01,2.368564e+01,2.367207e+01,2.371277e+01,2.373990e+01,2.352949e+01,2.367207e+01,2.367207e+01,2.370599e+01,2.365172e+01,2.368564e+01,2.363136e+01,2.361099e+01,2.365172e+01,2.365850e+01,2.375346e+01,2.370599e+01,2.374668e+01,2.364493e+01,2.373990e+01,2.372634e+01,2.373990e+01,2.388896e+01,2.368564e+01,2.373990e+01,2.368564e+01,2.373312e+01,2.375346e+01,2.389573e+01,2.365850e+01,2.369242e+01,2.373990e+01,2.380768e+01,2.372634e+01,2.372634e+01,2.376024e+01,2.376702e+01,2.378735e+01,2.337991e+01,2.365172e+01,2.367886e+01,2.369921e+01,2.364493e+01,2.354987e+01,2.350231e+01,2.352270e+01,2.365172e+01,2.352270e+01,2.356346e+01,2.352270e+01,2.357025e+01,2.355667e+01,2.363814e+01,2.369921e+01,2.371277e+01,2.394988e+01,2.386865e+01,2.396341e+01,2.391604e+01,2.393634e+01,2.413917e+01,2.403105e+01,2.400400e+01,2.388896e+01,2.397694e+01,2.385510e+01,2.399047e+01,2.409864e+01,2.493316e+01,2.594713e+01,2.695147e+01,2.745010e+01,2.774425e+01,2.790080e+01,2.791384e+01,2.791384e+01,2.811569e+01,2.812870e+01,2.804411e+01,2.814171e+01,2.810268e+01,2.813520e+01,2.810268e+01,2.810268e+01,2.796597e+01,2.808967e+01,2.808316e+01,2.792687e+01,2.777036e+01,2.776383e+01,2.746974e+01,2.738462e+01,2.721420e+01,2.697777e+01,2.675399e+01,2.676058e+01,2.645709e+01,2.624546e+01,2.614611e+01,2.605330e+01,2.609971e+01,2.613948e+01,2.592057e+01,2.605993e+01,2.594713e+01,2.596041e+01,2.596041e+01,2.562132e+01,2.586743e+01,2.599359e+01,2.600686e+01,2.587408e+01,2.583421e+01,2.586743e+01,2.576108e+01,2.586743e+01,2.563464e+01,2.560800e+01,2.563464e+01,2.540801e+01,2.527446e+01,2.529451e+01,2.532790e+01,2.534793e+01,2.538131e+01,2.541468e+01,2.544137e+01,2.543469e+01,2.571451e+01,2.566793e+01,2.571451e+01,2.574778e+01,2.561466e+01,2.564130e+01,2.562132e+01,2.561466e+01,2.550805e+01,2.558802e+01,2.564796e+01,2.555471e+01,2.534793e+01,2.536129e+01,2.526778e+01,2.516751e+01,2.522768e+01,2.522768e+01,2.532122e+01,2.558136e+01,2.538131e+01,2.558802e+01,2.555471e+01,2.546138e+01,2.542135e+01,2.524773e+01,2.524773e+01,2.517419e+01,2.524105e+01,2.507383e+01,2.511399e+01,2.510730e+01,2.518088e+01,2.519426e+01,2.511399e+01,2.531454e+01,2.504035e+01,2.520763e+01,2.516751e+01,2.512068e+01,2.496667e+01,2.510060e+01,2.481243e+01,2.474530e+01,2.474530e+01,2.472515e+01,2.469156e+01,2.453019e+01,2.449654e+01,2.434161e+01,2.428766e+01,2.422019e+01,2.424044e+01,2.420670e+01,2.406485e+01,2.410540e+01,2.386865e+01,2.392958e+01,2.386187e+01,2.384155e+01,2.378735e+01,2.357704e+01,2.365172e+01,2.346833e+01,2.346153e+01,2.331185e+01,2.332547e+01,2.323693e+01,2.320967e+01,2.320967e+01,2.321649e+01,2.305963e+01,2.311422e+01,2.295720e+01,2.307328e+01,2.292987e+01,2.312786e+01,2.292303e+01,2.301184e+01,2.308010e+01,2.298452e+01,2.297769e+01,2.304598e+01,2.305280e+01,2.306645e+01,2.304598e+01,2.299818e+01,2.300501e+01,2.300501e+01,2.294353e+01,2.296403e+01,2.293670e+01,2.280679e+01,2.294353e+01,2.293670e+01,2.284783e+01,2.290937e+01,2.283415e+01,2.282731e+01,2.285467e+01,2.278626e+01,2.271780e+01,2.284783e+01,2.275888e+01,2.277257e+01,2.291620e+01,2.277257e+01,2.266986e+01,2.269041e+01,2.265615e+01,2.275204e+01,2.271096e+01,2.262874e+01,2.260818e+01,2.273150e+01,2.269726e+01,2.266301e+01,2.268356e+01,2.267671e+01,2.277942e+01,2.269041e+01,2.284099e+01,2.276573e+01,2.272465e+01,2.271096e+01,2.275888e+01,2.271096e+01,2.269726e+01,2.279310e+01,2.278626e+01,2.276573e+01,2.273150e+01,2.281363e+01,2.269041e+01,2.264930e+01,2.262189e+01,2.266986e+01,2.283415e+01,2.276573e+01,2.271780e+01,2.286835e+01,2.288202e+01,2.283415e+01,2.286151e+01,2.295720e+01,2.287519e+01,2.292987e+01,2.285467e+01,2.293670e+01,2.301184e+01,2.318923e+01,2.333908e+01,2.320967e+01,2.337991e+01,2.351590e+01,2.343433e+01,2.360420e+01,2.364493e+01,2.385510e+01,2.388219e+01,2.388219e+01,2.404457e+01,2.401752e+01,2.409864e+01,2.414593e+01,2.422019e+01,2.409188e+01,2.414593e+01
2.371956e+01,2.371956e+01,2.378057e+01,2.378057e+01,2.394988e+01,2.390250e+01,2.415943e+01,2.397694e+01,2.384833e+01,2.410540e+01,2.387542e+01,2.394311e+01,2.409188e+01,2.400400e+01,2.406485e+01,2.412566e+01,2.411891e+01,2.412566e+01,2.419319e+01,2.411891e+01,2.412566e+01,2.411891e+01,2.418644e+01,2.427417e+01,2.426068e+01,2.417294e+01,2.417969e+01,2.411215e+01,2.411891e+01,2.403781e+01,2.400400e+01,2.411891e+01,2.397694e+01,2.402428e+01,2.402428e+01,2.397694e+01,2.399723e+01,2.396341e+01,2.404457e+01,2.389573e+01,2.385510e+01,2.369242e+01,2.363136e+01,2.354987e+01,2.340713e+01,2.335269e+01,2.330504e+01,2.337991e+01,2.320286e+01,2.325056e+01,2.323693e+01,2.316195e+01,2.317559e+01,2.307328e+01,2.299135e+01,2.303915e+01,2.300501e+01,2.310739e+01,2.309375e+01,2.305280e+01,2.325737e+01,2.342753e+01,2.342073e+01,2.330504e+01,2.328461e+01,2.320967e+01,2.341393e+01,2.320967e+01,2.316877e+01,2.323693e+01,2.322330e+01,2.327780e+01,2.347513e+01,2.328461e+01,2.355667e+01,2.347513e+01,2.357025e+01,2.394988e+01,2.397694e+01,2.394988e+01,2.409864e+01,2.405133e+01,2.409864e+01,2.426743e+01,2.426743e+01,2.434835e+01,2.425393e+01,2.432138e+01,2.430790e+01,2.431464e+01,2.419994e+01,2.405809e+01,2.407837e+01,2.426743e+01,2.420670e+01,2.446961e+01,2.443594e+01,2.462436e+01,2.497337e+01,2.470500e+01,2.520763e+01,2.500687e+01,2.528782e+01,2.508052e+01,2.516082e+01,2.500687e+01,2.487281e+01,2.485269e+01,2.459746e+01,2.430115e+01,2.417294e+01,2.406485e+01,2.412566e+01,2.413242e+01,2.404457e+01,2.397018e+01,2.416619e+01,2.422694e+01,2.411891e+01,2.419994e+01,2.448981e+01,2.457728e+01,2.466469e+01,2.498677e+01,2.498677e+01,2.518088e+01,2.520094e+01,2.532122e+01,2.516751e+01,2.493316e+01,2.495326e+01,2.489964e+01,2.487952e+01,2.487281e+01,2.498677e+01,2.487952e+01,2.490634e+01,2.487281e+01,2.497337e+01,2.499347e+01,2.502026e+01,2.486610e+01,2.510060e+01,2.514744e+01,2.519426e+01,2.524773e+01,2.528782e+01,2.532122e+01,2.533458e+01,2.532122e+01,2.537464e+01,2.533458e+01,2.538799e+01,2.524773e+01,2.525442e+01,2.539466e+01,2.527446e+01,2.534126e+01,2.535461e+01,2.535461e+01,2.536129e+01,2.531454e+01,2.528782e+01,2.507383e+01,2.510730e+01,2.511399e+01,2.512068e+01,2.505375e+01,2.491975e+01,2.497337e+01,2.498007e+01,2.511399e+01,2.506713e+01,2.514075e+01,2.517419e+01,2.523437e+01,2.522768e+01,2.524105e+01,2.516082e+01,2.502026e+01,2.505375e+01,2.499347e+01,2.483927e+01,2.482585e+01,2.482585e+01,2.475201e+01,2.473187e+01,2.464452e+01,2.463108e+01,2.461763e+01,2.460419e+01,2.448981e+01,2.453019e+01,2.459746e+01,2.463780e+01,2.457728e+01,2.466469e+01,2.453019e+01,2.463780e+01,2.461763e+01,2.477216e+01,2.463780e+01,2.479230e+01,2.471844e+01,2.471172e+01,2.476544e+01,2.483927e+01,2.484598e+01,2.479230e+01,2.473858e+01,2.485269e+01,2.481914e+01,2.479901e+01,2.479230e+01,2.474530e+01,2.459073e+01,2.479901e+01,2.476544e+01,2.472515e+01,2.465124e+01,2.469156e+01,2.460419e+01,2.448308e+01,2.444941e+01,2.443594e+01,2.430790e+01,2.434835e+01,2.427417e+01,2.421344e+01,2.430115e+01,2.413917e+01,2.417969e+01,2.418644e+01,2.415268e+01,2.414593e+01,2.399047e+01,2.412566e+01,2.408512e+01,2.411215e+01,2.406485e+01,2.403781e+01,2.402428e+01,2.394311e+01,2.401752e+01,2.401076e+01,2.381446e+01,2.391604e+01,2.378735e+01,2.377380e+01,2.380768e+01,2.384155e+01,2.380091e+01,2.381446e+01,2.375346e+01,2.380768e+01,2.380768e+01,2.373312e+01,2.371956e+01,2.373990e+01,2.360420e+01,2.359062e+01,2.367207e+01,2.354308e+01,2.348872e+01,2.345473e+01,2.348872e+01,2.348872e+01,2.346833e+01,2.343433e+01,2.348192e+01,2.348192e+01,2.349552e+01,2.344113e+01,2.351590e+01,2.349552e+01,2.342073e+01,2.350231e+01,2.333228e+01,2.343433e+01,2.336630e+01,2.344793e+01,2.336630e+01,2.335950e+01,2.343433e+01,2.343433e+01,2.331185e+01,2.345473e+01,2.331866e+01,2.349552e+01,2.346153e+01,2.345473e+01,2.343433e+01,2.343433e+01,2.345473e+01,2.348192e+01,2.346833e+01,2.346833e+01,2.352270e+01,2.346153e+01,2.343433e+01,2.354987e+01,2.346153e+01,2.346833e+01,2.350231e+01,2.356346e+01,2.345473e+01,2.359741e+01,2.359062e+01,2.360420e+01,2.346153e+01,2.350231e+01,2.354308e+01,2.350911e+01,2.348192e+01,2.349552e+01,2.351590e+01,2.359062e+01,2.367886e+01,2.366529e+01,2.354308e+01,2.361778e+01,2.354308e+01,2.357025e+01,2.359062e+01,2.360420e+01,2.361099e+01,2.365850e+01,2.357025e+01,2.357704e+01,2.373990e+01,2.357704e+01,2.362457e+01,2.375346e+01,2.369921e+01,2.371956e+01,2.371956e+01,2.365172e+01,2.371277e+01,2.365850e+01,2.363814e+01,2.369921e+01,2.373312e+01,2.371277e+01,2.369242e+01,2.371277e+01,2.372634e+01,2.365172e+01,2.368564e+01,2.368564e+01,2.369921e+01,2.376024e+01,2.376702e+01,2.358383e+01,2.363814e+01,2.365172e+01,2.365172e+01,2.367886e+01,2.369242e+01,2.376024e+01,2.366529e+01,2.363136e+01,2.363136e+01,2.359741e+01,2.373990e+01,2.377380e+01,2.365172e+01,2.371956e+01,2.368564e+01,2.390250e+01,2.384833e+01,2.390250e+01,2.386865e+01,2.390250e+01,2.383478e+01,2.385510e+01,2.371277e+01,2.377380e+01,2.376024e+01,2.386865e+01,2.376702e+01,2.383478e+01,2.373990e+01,2.367886e+01,2.366529e+01,2.361778e+01,2.365172e+01,2.373312e+01,2.378057e+01,2.356346e+01,2.361778e+01,2.360420e+01,2.361099e+01,2.356346e+01,2.363814e+01,2.359062e+01,2.376702e+01,2.378057e+01,2.383478e+01,2.397694e+01,2.392281e+01,2.411891e+01,2.415943e+01,2.407837e+01,2.417969e+01,2.414593e+01,2.408512e+01,2.420670e+01,2.417969e+01,2.416619e+01,2.414593e+01,2.407837e+01,2.424719e+01,2.492645e+01,2.600023e+01,2.693831e+01,2.751554e+01,2.771161e+01,2.783560e+01,2.792036e+01,2.787473e+01,2.804411e+01,2.796597e+01,2.800504e+01,2.816122e+01,2.812220e+01,2.813520e+01,2.808316e+01,2.793339e+01,2.796597e+01,2.795294e+01,2.809617e+01,2.788777e+01,2.792036e+01,2.795294e+01,2.767242e+01,2.747628e+01,2.722075e+01,2.717483e+01,2.681986e+01,2.676058e+01,2.657595e+01,2.641084e+01,2.615936e+01,2.613286e+01,2.614611e+01,2.613948e+01,2.595377e+01,2.592721e+01,2.594713e+01,2.597368e+01,2.598696e+01,2.591393e+01,2.593385e+01,2.597368e+01,2.613286e+01,2.610634e+01,2.597368e+01,2.588072e+01,2.592721e+01,2.586743e+01,2.587408e+01,2.562132e+01,2.560134e+01,2.559468e+01,2.548805e+01,2.542135e+01,2.533458e+01,2.552805e+01,2.570121e+01,2.570121e+01,2.566793e+01,2.583421e+01,2.569455e+01,2.581427e+01,2.579433e+01,2.581427e+01,2.584085e+01,2.586743e+01,2.567459e+01,2.576108e+01,2.586079e+01,2.581427e+01,2.547471e+01,2.546138e+01,2.544137e+01,2.534126e+01,2.537464e+01,2.516751e+01,2.524105e+01,2.525442e+01,2.528782e+01,2.550805e+01,2.567459e+01,2.550139e+01,2.557470e+01,2.565462e+01,2.536796e+01,2.540133e+01,2.542802e+01,2.535461e+01,2.519426e+01,2.504035e+01,2.501357e+01,2.511399e+01,2.507383e+01,2.494656e+01,2.511399e+01,2.493316e+01,2.516751e+01,2.500017e+01,2.512737e+01,2.508722e+01,2.492645e+01,2.508722e+01,2.476544e+01,2.475873e+01,2.462436e+01,2.452346e+01,2.452346e+01,2.453019e+01,2.436183e+01,2.429441e+01,2.428766e+01,2.412566e+01,2.423369e+01,2.407161e+01,2.400400e+01,2.395664e+01,2.394311e+01,2.382123e+01,2.385510e+01,2.381446e+01,2.361099e+01,2.364493e+01,2.350231e+01,2.350911e+01,2.348192e+01,2.336630e+01,2.323693e+01,2.315514e+01,2.323012e+01,2.320286e+01,2.323693e+01,2.315514e+01,2.318923e+01,2.297086e+01,2.306645e+01,2.297086e+01,2.310739e+01,2.301184e+01,2.291620e+01,2.305280e+01,2.298452e+01,2.300501e+01,2.307328e+01,2.305963e+01,2.307328e+01,2.305280e+01,2.289569e+01,2.299135e+01,2.303915e+01,2.302550e+01,2.304598e+01,2.295720e+01,2.288886e+01,2.292303e+01,2.295037e+01,2.290937e+01,2.288202e+01,2.286835e+01,2.279310e+01,2.294353e+01,2.288886e+01,2.290253e+01,2.292987e+01,2.275888e+01,2.275888e+01,2.272465e+01,2.273835e+01,2.272465e+01,2.274519e+01,2.261503e+01,2.271780e+01,2.267671e+01,2.271096e+01,2.271780e+01,2.266301e+01,2.274519e+01,2.269726e+01,2.266301e+01,2.262189e+01,2.277942e+01,2.268356e+01,2.266301e+01,2.275204e+01,2.276573e+01,2.273835e+01,2.278626e+01,2.273835e+01,2.275888e+01,2.276573e+01,2.286835e+01,2.281363e+01,2.277942e+01,2.295720e+01,2.278626e+01,2.278626e+01,2.274519e+01,2.284099e+01,2.281363e+01,2.294353e+01,2.290253e+01,2.295720e+01,2.289569e+01,2.284099e+01,2.291620e+01,2.297769e+01,2.290937e+01,2.301867e+01,2.296403e+01,2.316877e+01,2.310057e+01,2.320967e+01,2.320967e+01,2.344113e+01,2.344793e+01,2.352949e+01,2.357704e+01,2.378057e+01,2.388896e+01,2.388219e+01,2.390927e+01,2.371277e+01,2.404457e+01,2.383478e+01,2.404457e+01,2.387542e+01,2.418644e+01,2.419994e+01,2.417294e+01
2.373312e+01,2.363814e+01,2.369921e+01,2.381446e+01,2.391604e+01,2.379413e+01,2.393634e+01,2.390927e+01,2.401752e+01,2.380768e+01,2.407837e+01,2.398371e+01,2.388219e+01,2.411891e+01,2.415943e+01,2.396341e+01,2.415943e+01,2.411891e+01,2.402428e+01,2.415268e+01,2.415943e+01,2.417294e+01,2.411891e+01,2.411891e+01,2.413917e+01,2.405133e+01,2.409188e+01,2.408512e+01,2.406485e+01,2.402428e+01,2.409188e+01,2.400400e+01,2.405133e+01,2.403105e+01,2.401076e+01,2.397694e+01,2.382801e+01,2.394988e+01,2.401076e+01,2.384833e+01,2.388219e+01,2.371277e+01,2.356346e+01,2.360420e+01,2.348192e+01,2.327780e+01,2.332547e+01,2.340032e+01,2.323012e+01,2.332547e+01,2.320286e+01,2.318241e+01,2.341393e+01,2.308693e+01,2.301867e+01,2.318241e+01,2.308693e+01,2.324374e+01,2.323012e+01,2.339352e+01,2.360420e+01,2.351590e+01,2.357025e+01,2.342753e+01,2.378735e+01,2.373990e+01,2.380768e+01,2.376024e+01,2.355667e+01,2.368564e+01,2.369242e+01,2.367886e+01,2.369921e+01,2.369242e+01,2.373312e+01,2.390927e+01,2.392281e+01,2.399723e+01,2.422694e+01,2.419994e+01,2.426068e+01,2.438878e+01,2.458401e+01,2.459073e+01,2.459073e+01,2.454365e+01,2.443594e+01,2.436857e+01,2.433487e+01,2.425393e+01,2.411215e+01,2.426743e+01,2.409864e+01,2.430115e+01,2.456383e+01,2.461091e+01,2.465124e+01,2.483927e+01,2.502026e+01,2.500017e+01,2.524105e+01,2.527446e+01,2.529451e+01,2.529451e+01,2.545471e+01,2.528115e+01,2.516082e+01,2.518757e+01,2.473858e+01,2.469156e+01,2.461091e+01,2.451673e+01,2.426068e+01,2.441573e+01,2.414593e+01,2.407161e+01,2.422694e+01,2.438205e+01,2.437531e+01,2.442247e+01,2.455038e+01,2.495997e+01,2.498677e+01,2.524773e+01,2.528782e+01,2.526110e+01,2.534793e+01,2.547471e+01,2.530787e+01,2.495997e+01,2.489293e+01,2.489964e+01,2.491305e+01,2.485269e+01,2.487281e+01,2.486610e+01,2.483256e+01,2.476544e+01,2.483256e+01,2.483256e+01,2.473187e+01,2.487952e+01,2.489964e+01,2.497337e+01,2.498677e+01,2.514744e+01,2.528115e+01,2.528115e+01,2.531454e+01,2.530787e+01,2.532790e+01,2.510730e+01,2.530119e+01,2.535461e+01,2.518757e+01,2.536129e+01,2.522100e+01,2.534126e+01,2.537464e+01,2.534126e+01,2.515413e+01,2.523437e+01,2.521431e+01,2.510060e+01,2.514075e+01,2.509391e+01,2.505375e+01,2.490634e+01,2.496667e+01,2.501357e+01,2.500017e+01,2.494656e+01,2.510060e+01,2.514075e+01,2.517419e+01,2.502696e+01,2.523437e+01,2.516751e+01,2.511399e+01,2.503366e+01,2.500017e+01,2.502696e+01,2.488622e+01,2.482585e+01,2.474530e+01,2.473858e+01,2.471172e+01,2.468484e+01,2.468484e+01,2.454365e+01,2.453692e+01,2.446961e+01,2.456383e+01,2.455710e+01,2.451673e+01,2.465124e+01,2.460419e+01,2.467813e+01,2.477887e+01,2.463108e+01,2.461763e+01,2.473858e+01,2.476544e+01,2.471844e+01,2.477887e+01,2.480572e+01,2.478558e+01,2.483256e+01,2.485269e+01,2.488622e+01,2.489293e+01,2.481914e+01,2.479901e+01,2.479901e+01,2.479901e+01,2.474530e+01,2.479230e+01,2.478558e+01,2.477887e+01,2.467141e+01,2.472515e+01,2.464452e+01,2.461763e+01,2.437531e+01,2.446288e+01,2.438878e+01,2.438878e+01,2.434835e+01,2.427417e+01,2.420670e+01,2.425393e+01,2.417969e+01,2.431464e+01,2.418644e+01,2.417294e+01,2.419319e+01,2.409864e+01,2.401076e+01,2.401752e+01,2.403781e+01,2.406485e+01,2.400400e+01,2.401076e+01,2.394988e+01,2.397694e+01,2.384833e+01,2.397694e+01,2.390250e+01,2.378057e+01,2.386187e+01,2.392281e+01,2.382801e+01,2.388896e+01,2.376702e+01,2.377380e+01,2.378735e+01,2.375346e+01,2.373312e+01,2.381446e+01,2.364493e+01,2.357025e+01,2.357025e+01,2.365172e+01,2.354987e+01,2.345473e+01,2.344793e+01,2.363136e+01,2.352949e+01,2.348872e+01,2.349552e+01,2.348872e+01,2.346833e+01,2.349552e+01,2.335950e+01,2.346153e+01,2.348872e+01,2.331185e+01,2.334589e+01,2.339352e+01,2.342073e+01,2.340032e+01,2.345473e+01,2.333908e+01,2.341393e+01,2.350911e+01,2.340032e+01,2.347513e+01,2.348872e+01,2.337311e+01,2.360420e+01,2.343433e+01,2.346153e+01,2.346833e+01,2.351590e+01,2.358383e+01,2.349552e+01,2.350231e+01,2.349552e+01,2.348192e+01,2.349552e+01,2.346153e+01,2.346833e+01,2.359062e+01,2.348192e+01,2.359062e+01,2.360420e+01,2.364493e+01,2.363136e+01,2.366529e+01,2.359062e+01,2.363814e+01,2.354987e+01,2.350231e+01,2.356346e+01,2.370599e+01,2.357704e+01,2.364493e+01,2.366529e+01,2.367886e+01,2.365172e+01,2.370599e+01,2.359741e+01,2.368564e+01,2.359741e+01,2.358383e+01,2.359741e+01,2.365850e+01,2.373990e+01,2.358383e+01,2.357704e+01,2.372634e+01,2.363136e+01,2.376702e+01,2.376024e+01,2.376024e+01,2.373312e+01,2.373312e+01,2.401752e+01,2.362457e+01,2.382123e+01,2.388896e+01,2.369921e+01,2.364493e+01,2.367207e+01,2.363814e+01,2.363136e+01,2.369921e+01,2.362457e+01,2.361778e+01,2.368564e+01,2.371956e+01,2.379413e+01,2.371956e+01,2.365850e+01,2.369921e+01,2.369921e+01,2.370599e+01,2.378735e+01,2.365850e+01,2.351590e+01,2.360420e+01,2.357704e+01,2.369242e+01,2.374668e+01,2.372634e+01,2.369921e+01,2.376702e+01,2.374668e+01,2.371956e+01,2.376702e+01,2.386187e+01,2.388896e+01,2.389573e+01,2.393634e+01,2.399047e+01,2.400400e+01,2.392958e+01,2.407837e+01,2.405133e+01,2.397694e+01,2.403781e+01,2.396341e+01,2.399723e+01,2.369921e+01,2.404457e+01,2.385510e+01,2.382123e+01,2.367886e+01,2.371277e+01,2.378735e+01,2.359741e+01,2.378735e+01,2.382801e+01,2.373312e+01,2.399723e+01,2.392281e+01,2.396341e+01,2.403781e+01,2.401752e+01,2.414593e+01,2.422019e+01,2.419319e+01,2.417294e+01,2.419994e+01,2.415268e+01,2.413917e+01,2.407837e+01,2.419319e+01,2.417294e+01,2.409864e+01,2.406485e+01,2.423369e+01,2.491975e+01,2.600023e+01,2.691200e+01,2.732566e+01,2.765282e+01,2.776383e+01,2.794642e+01,2.795945e+01,2.803109e+01,2.807014e+01,2.805062e+01,2.807665e+01,2.804411e+01,2.802458e+01,2.808316e+01,2.807665e+01,2.799202e+01,2.807665e+01,2.796597e+01,2.805062e+01,2.797248e+01,2.800504e+01,2.782256e+01,2.775078e+01,2.742391e+01,2.727322e+01,2.711575e+01,2.693173e+01,2.687910e+01,2.674081e+01,2.633810e+01,2.638439e+01,2.638439e+01,2.618586e+01,2.613286e+01,2.613286e+01,2.619911e+01,2.600023e+01,2.601350e+01,2.603340e+01,2.600686e+01,2.615274e+01,2.625870e+01,2.629179e+01,2.611960e+01,2.615274e+01,2.614611e+01,2.609971e+01,2.619911e+01,2.589401e+01,2.593385e+01,2.584750e+01,2.580762e+01,2.582756e+01,2.572117e+01,2.582092e+01,2.571451e+01,2.592721e+01,2.590065e+01,2.591393e+01,2.584750e+01,2.580097e+01,2.587408e+01,2.579433e+01,2.582756e+01,2.598696e+01,2.572782e+01,2.583421e+01,2.575443e+01,2.580762e+01,2.573447e+01,2.556137e+01,2.554804e+01,2.542135e+01,2.534126e+01,2.527446e+01,2.530787e+01,2.526110e+01,2.547471e+01,2.553472e+01,2.550139e+01,2.552139e+01,2.559468e+01,2.552805e+01,2.544804e+01,2.540801e+01,2.528115e+01,2.534793e+01,2.522768e+01,2.507383e+01,2.508722e+01,2.506713e+01,2.504035e+01,2.499347e+01,2.504035e+01,2.496667e+01,2.503366e+01,2.498007e+01,2.504705e+01,2.484598e+01,2.491305e+01,2.495997e+01,2.476544e+01,2.464452e+01,2.455710e+01,2.469828e+01,2.447635e+01,2.432138e+01,2.446961e+01,2.422694e+01,2.428766e+01,2.423369e+01,2.424719e+01,2.409864e+01,2.408512e+01,2.396341e+01,2.384833e+01,2.384155e+01,2.388219e+01,2.384833e+01,2.361099e+01,2.371277e+01,2.346833e+01,2.361099e+01,2.348192e+01,2.338672e+01,2.337311e+01,2.320286e+01,2.330504e+01,2.318241e+01,2.309375e+01,2.318923e+01,2.314832e+01,2.310057e+01,2.308010e+01,2.317559e+01,2.308693e+01,2.312786e+01,2.298452e+01,2.305280e+01,2.299818e+01,2.305280e+01,2.310739e+01,2.319604e+01,2.305963e+01,2.308010e+01,2.303232e+01,2.301867e+01,2.308010e+01,2.301867e+01,2.303232e+01,2.290937e+01,2.291620e+01,2.292987e+01,2.298452e+01,2.305280e+01,2.292987e+01,2.289569e+01,2.278626e+01,2.282047e+01,2.284099e+01,2.287519e+01,2.293670e+01,2.295037e+01,2.282731e+01,2.290253e+01,2.287519e+01,2.289569e+01,2.273835e+01,2.273150e+01,2.277257e+01,2.278626e+01,2.272465e+01,2.276573e+01,2.281363e+01,2.286835e+01,2.263560e+01,2.272465e+01,2.274519e+01,2.265615e+01,2.280679e+01,2.280679e+01,2.280679e+01,2.289569e+01,2.278626e+01,2.276573e+01,2.273835e+01,2.276573e+01,2.274519e+01,2.279995e+01,2.290253e+01,2.288202e+01,2.279995e+01,2.275888e+01,2.297086e+01,2.280679e+01,2.277942e+01,2.297086e+01,2.297086e+01,2.294353e+01,2.295720e+01,2.291620e+01,2.283415e+01,2.299818e+01,2.298452e+01,2.290937e+01,2.295037e+01,2.304598e+01,2.314150e+01,2.308010e+01,2.323012e+01,2.331185e+01,2.350911e+01,2.348192e+01,2.353629e+01,2.357025e+01,2.353629e+01,2.373312e+01,2.390250e+01,2.387542e+01,2.393634e+01,2.386865e+01,2.383478e+01,2.397018e+01,2.405133e+01,2.397694e+01,2.401752e+01,2.416619e+01
2.374668e+01,2.393634e+01,2.378735e+01,2.384833e+01,2.378057e+01,2.396341e+01,2.394988e+01,2.392958e+01,2.392281e+01,2.381446e+01,2.389573e+01,2.404457e+01,2.411891e+01,2.404457e+01,2.411215e+01,2.406485e+01,2.405133e+01,2.409864e+01,2.404457e+01,2.407837e+01,2.416619e+01,2.424044e+01,2.414593e+01,2.408512e+01,2.412566e+01,2.407837e+01,2.411891e+01,2.405809e+01,2.413917e+01,2.401752e+01,2.409864e+01,2.409864e+01,2.405809e+01,2.399047e+01,2.399723e+01,2.388896e+01,2.399047e+01,2.386187e+01,2.382123e+01,2.374668e+01,2.376702e+01,2.363814e+01,2.361099e+01,2.342073e+01,2.328461e+01,2.339352e+01,2.340713e+01,2.327780e+01,2.330504e+01,2.327099e+01,2.326418e+01,2.323012e+01,2.342073e+01,2.329142e+01,2.331185e+01,2.331185e+01,2.333228e+01,2.357025e+01,2.361099e+01,2.363814e+01,2.361099e+01,2.387542e+01,2.388896e+01,2.388219e+01,2.381446e+01,2.391604e+01,2.396341e+01,2.403105e+01,2.381446e+01,2.381446e+01,2.405809e+01,2.400400e+01,2.401076e+01,2.404457e+01,2.417969e+01,2.416619e+01,2.432138e+01,2.433487e+01,2.463780e+01,2.468484e+01,2.465796e+01,2.485940e+01,2.485269e+01,2.482585e+01,2.477216e+01,2.467141e+01,2.474530e+01,2.447635e+01,2.444941e+01,2.432138e+01,2.416619e+01,2.419319e+01,2.427417e+01,2.434835e+01,2.469156e+01,2.460419e+01,2.470500e+01,2.483256e+01,2.510060e+01,2.502026e+01,2.524105e+01,2.540133e+01,2.548138e+01,2.546805e+01,2.551472e+01,2.547471e+01,2.542802e+01,2.522100e+01,2.517419e+01,2.515413e+01,2.474530e+01,2.463108e+01,2.461763e+01,2.475201e+01,2.473187e+01,2.462436e+01,2.476544e+01,2.476544e+01,2.490634e+01,2.495326e+01,2.490634e+01,2.524773e+01,2.524105e+01,2.526778e+01,2.536796e+01,2.537464e+01,2.549472e+01,2.539466e+01,2.533458e+01,2.519426e+01,2.500687e+01,2.489964e+01,2.464452e+01,2.463780e+01,2.477216e+01,2.485269e+01,2.482585e+01,2.456383e+01,2.475873e+01,2.478558e+01,2.482585e+01,2.486610e+01,2.479230e+01,2.488622e+01,2.505375e+01,2.506713e+01,2.525442e+01,2.517419e+01,2.526778e+01,2.528115e+01,2.526110e+01,2.520094e+01,2.516751e+01,2.528782e+01,2.521431e+01,2.532790e+01,2.519426e+01,2.521431e+01,2.533458e+01,2.512737e+01,2.532790e+01,2.524105e+01,2.530119e+01,2.525442e+01,2.517419e+01,2.516751e+01,2.516082e+01,2.498677e+01,2.500017e+01,2.498677e+01,2.501357e+01,2.494656e+01,2.516751e+01,2.515413e+01,2.513406e+01,2.504035e+01,2.516751e+01,2.500687e+01,2.504705e+01,2.502026e+01,2.498007e+01,2.486610e+01,2.487281e+01,2.486610e+01,2.498007e+01,2.475873e+01,2.479230e+01,2.467141e+01,2.461763e+01,2.451000e+01,2.463108e+01,2.444268e+01,2.463780e+01,2.454365e+01,2.461763e+01,2.464452e+01,2.464452e+01,2.469156e+01,2.461091e+01,2.467141e+01,2.469828e+01,2.469156e+01,2.470500e+01,2.475873e+01,2.475201e+01,2.475201e+01,2.479901e+01,2.471172e+01,2.487281e+01,2.484598e+01,2.466469e+01,2.467141e+01,2.480572e+01,2.481243e+01,2.479901e+01,2.479230e+01,2.478558e+01,2.466469e+01,2.464452e+01,2.474530e+01,2.467813e+01,2.457728e+01,2.453019e+01,2.467141e+01,2.454365e+01,2.455038e+01,2.442921e+01,2.444268e+01,2.426743e+01,2.439552e+01,2.436183e+01,2.420670e+01,2.422019e+01,2.425393e+01,2.424044e+01,2.422694e+01,2.422019e+01,2.402428e+01,2.417294e+01,2.413917e+01,2.407161e+01,2.397694e+01,2.408512e+01,2.397694e+01,2.392281e+01,2.384833e+01,2.399723e+01,2.380091e+01,2.405809e+01,2.394988e+01,2.390250e+01,2.392281e+01,2.397694e+01,2.382123e+01,2.385510e+01,2.376024e+01,2.379413e+01,2.385510e+01,2.377380e+01,2.363814e+01,2.376024e+01,2.361099e+01,2.363814e+01,2.353629e+01,2.361099e+01,2.360420e+01,2.351590e+01,2.348192e+01,2.346833e+01,2.342753e+01,2.349552e+01,2.339352e+01,2.353629e+01,2.348192e+01,2.345473e+01,2.348192e+01,2.349552e+01,2.333908e+01,2.341393e+01,2.350231e+01,2.335950e+01,2.349552e+01,2.331866e+01,2.336630e+01,2.343433e+01,2.340032e+01,2.359062e+01,2.346153e+01,2.347513e+01,2.346833e+01,2.344793e+01,2.354308e+01,2.356346e+01,2.350911e+01,2.351590e+01,2.350231e+01,2.346833e+01,2.348192e+01,2.351590e+01,2.354987e+01,2.348872e+01,2.350911e+01,2.350231e+01,2.344113e+01,2.367207e+01,2.357704e+01,2.360420e+01,2.363136e+01,2.361778e+01,2.376702e+01,2.366529e+01,2.359062e+01,2.363136e+01,2.352949e+01,2.371277e+01,2.365172e+01,2.367207e+01,2.367886e+01,2.368564e+01,2.367886e+01,2.357704e+01,2.373312e+01,2.365850e+01,2.381446e+01,2.382123e+01,2.386187e+01,2.376702e+01,2.387542e+01,2.390250e+01,2.389573e+01,2.385510e+01,2.388219e+01,2.389573e+01,2.401076e+01,2.403781e+01,2.403781e+01,2.411215e+01,2.405133e+01,2.422694e+01,2.415943e+01,2.411215e+01,2.407837e+01,2.390250e+01,2.369242e+01,2.380091e+01,2.371277e+01,2.374668e+01,2.367207e+01,2.363136e+01,2.366529e+01,2.362457e+01,2.362457e+01,2.364493e+01,2.369242e+01,2.372634e+01,2.375346e+01,2.380768e+01,2.365172e+01,2.353629e+01,2.358383e+01,2.361099e+01,2.363814e+01,2.366529e+01,2.371277e+01,2.377380e+01,2.366529e+01,2.378057e+01,2.376702e+01,2.378735e+01,2.376024e+01,2.403105e+01,2.424044e+01,2.433487e+01,2.436183e+01,2.442247e+01,2.442921e+01,2.463780e+01,2.443594e+01,2.462436e+01,2.442247e+01,2.439552e+01,2.424719e+01,2.405809e+01,2.419319e+01,2.407837e+01,2.407837e+01,2.386187e+01,2.382123e+01,2.371956e+01,2.372634e+01,2.379413e+01,2.388219e+01,2.385510e+01,2.391604e+01,2.387542e+01,2.398371e+01,2.399047e+01,2.407837e+01,2.419994e+01,2.417294e+01,2.427417e+01,2.417294e+01,2.414593e+01,2.415268e+01,2.420670e+01,2.422694e+01,2.416619e+01,2.407161e+01,2.405809e+01,2.408512e+01,2.419319e+01,2.424044e+01,2.492645e+01,2.588072e+01,2.684619e+01,2.741737e+01,2.769855e+01,2.777689e+01,2.792036e+01,2.789429e+01,2.800504e+01,2.802458e+01,2.814171e+01,2.812870e+01,2.789429e+01,2.809617e+01,2.804411e+01,2.794642e+01,2.803109e+01,2.795294e+01,2.799202e+01,2.801156e+01,2.801807e+01,2.800504e+01,2.778994e+01,2.791384e+01,2.760055e+01,2.745665e+01,2.718139e+01,2.711575e+01,2.696462e+01,2.689226e+01,2.670786e+01,2.644388e+01,2.638439e+01,2.639100e+01,2.641084e+01,2.637117e+01,2.633810e+01,2.626532e+01,2.631826e+01,2.627855e+01,2.639100e+01,2.617924e+01,2.632487e+01,2.632487e+01,2.617261e+01,2.623884e+01,2.626532e+01,2.625870e+01,2.637778e+01,2.628517e+01,2.619911e+01,2.611297e+01,2.613286e+01,2.587408e+01,2.611960e+01,2.599359e+01,2.593385e+01,2.609309e+01,2.612623e+01,2.602677e+01,2.596041e+01,2.595377e+01,2.578768e+01,2.579433e+01,2.587408e+01,2.580762e+01,2.580762e+01,2.579433e+01,2.578768e+01,2.578103e+01,2.574113e+01,2.548805e+01,2.573447e+01,2.536796e+01,2.532790e+01,2.540133e+01,2.535461e+01,2.527446e+01,2.528115e+01,2.557470e+01,2.553472e+01,2.554804e+01,2.555471e+01,2.554138e+01,2.538799e+01,2.536796e+01,2.540133e+01,2.533458e+01,2.524105e+01,2.518757e+01,2.514075e+01,2.512068e+01,2.516751e+01,2.506044e+01,2.502026e+01,2.498677e+01,2.501357e+01,2.501357e+01,2.501357e+01,2.490634e+01,2.504035e+01,2.483927e+01,2.465796e+01,2.471844e+01,2.456383e+01,2.450327e+01,2.453019e+01,2.450327e+01,2.428766e+01,2.423369e+01,2.419994e+01,2.407161e+01,2.411891e+01,2.418644e+01,2.408512e+01,2.399723e+01,2.394988e+01,2.394311e+01,2.386187e+01,2.378057e+01,2.385510e+01,2.374668e+01,2.364493e+01,2.377380e+01,2.346153e+01,2.340713e+01,2.342753e+01,2.330504e+01,2.334589e+01,2.322330e+01,2.318923e+01,2.331185e+01,2.317559e+01,2.299135e+01,2.303915e+01,2.314150e+01,2.311422e+01,2.315514e+01,2.321649e+01,2.310057e+01,2.307328e+01,2.306645e+01,2.301867e+01,2.313468e+01,2.304598e+01,2.311422e+01,2.310739e+01,2.303232e+01,2.308010e+01,2.303232e+01,2.305280e+01,2.295720e+01,2.310057e+01,2.296403e+01,2.298452e+01,2.286835e+01,2.285467e+01,2.297086e+01,2.294353e+01,2.294353e+01,2.304598e+01,2.305280e+01,2.295037e+01,2.304598e+01,2.290937e+01,2.291620e+01,2.282047e+01,2.284099e+01,2.288886e+01,2.284099e+01,2.286835e+01,2.268356e+01,2.283415e+01,2.270411e+01,2.285467e+01,2.291620e+01,2.279995e+01,2.279995e+01,2.273150e+01,2.292987e+01,2.275888e+01,2.279310e+01,2.282731e+01,2.277257e+01,2.277942e+01,2.284099e+01,2.286151e+01,2.277257e+01,2.276573e+01,2.284099e+01,2.259447e+01,2.284783e+01,2.296403e+01,2.280679e+01,2.277942e+01,2.299135e+01,2.295037e+01,2.299135e+01,2.301184e+01,2.305280e+01,2.295720e+01,2.308693e+01,2.315514e+01,2.318923e+01,2.298452e+01,2.316195e+01,2.301184e+01,2.314150e+01,2.323012e+01,2.310057e+01,2.342073e+01,2.334589e+01,2.339352e+01,2.343433e+01,2.349552e+01,2.340713e+01,2.367886e+01,2.357704e+01,2.387542e+01,2.384155e+01,2.376024e+01,2.392958e+01,2.391604e+01,2.397018e+01,2.394988e+01,2.399047e+01,2.415943e+01,2.413917e+01
2.367886e+01,2.373312e+01,2.374668e+01,2.380091e+01,2.381446e+01,2.391604e+01,2.399047e+01,2.392281e+01,2.394311e+01,2.400400e+01,2.384155e+01,2.393634e+01,2.412566e+01,2.404457e+01,2.412566e+01,2.407161e+01,2.409188e+01,2.409188e+01,2.405133e+01,2.409864e+01,2.423369e+01,2.420670e+01,2.412566e+01,2.409864e+01,2.411891e+01,2.411891e+01,2.406485e+01,2.406485e+01,2.414593e+01,2.413242e+01,2.406485e+01,2.396341e+01,2.404457e+01,2.395664e+01,2.401076e+01,2.405133e+01,2.384833e+01,2.369242e+01,2.367886e+01,2.363136e+01,2.384155e+01,2.364493e+01,2.355667e+01,2.337311e+01,2.359741e+01,2.346153e+01,2.344113e+01,2.345473e+01,2.341393e+01,2.354308e+01,2.337991e+01,2.347513e+01,2.359741e+01,2.352270e+01,2.346833e+01,2.342073e+01,2.372634e+01,2.375346e+01,2.377380e+01,2.388219e+01,2.383478e+01,2.389573e+01,2.390927e+01,2.395664e+01,2.395664e+01,2.397694e+01,2.415943e+01,2.434835e+01,2.430790e+01,2.427417e+01,2.429441e+01,2.429441e+01,2.457728e+01,2.442921e+01,2.439552e+01,2.450327e+01,2.469156e+01,2.473858e+01,2.491975e+01,2.479230e+01,2.485269e+01,2.512737e+01,2.507383e+01,2.507383e+01,2.504035e+01,2.477887e+01,2.457056e+01,2.451673e+01,2.430790e+01,2.430115e+01,2.416619e+01,2.421344e+01,2.434835e+01,2.457056e+01,2.459073e+01,2.469828e+01,2.493986e+01,2.485940e+01,2.523437e+01,2.526110e+01,2.526778e+01,2.536796e+01,2.570121e+01,2.552139e+01,2.548805e+01,2.545471e+01,2.552139e+01,2.542135e+01,2.534793e+01,2.542135e+01,2.518088e+01,2.514744e+01,2.514075e+01,2.510730e+01,2.517419e+01,2.512068e+01,2.513406e+01,2.518088e+01,2.519426e+01,2.530787e+01,2.546805e+01,2.532122e+01,2.544137e+01,2.550805e+01,2.544804e+01,2.552139e+01,2.547471e+01,2.542802e+01,2.548138e+01,2.528782e+01,2.504705e+01,2.489293e+01,2.481914e+01,2.461091e+01,2.477887e+01,2.452346e+01,2.447635e+01,2.461091e+01,2.460419e+01,2.472515e+01,2.472515e+01,2.467141e+01,2.484598e+01,2.484598e+01,2.488622e+01,2.497337e+01,2.500017e+01,2.523437e+01,2.505375e+01,2.523437e+01,2.524773e+01,2.520763e+01,2.517419e+01,2.518757e+01,2.516082e+01,2.505375e+01,2.516751e+01,2.512737e+01,2.518088e+01,2.516751e+01,2.532122e+01,2.517419e+01,2.518757e+01,2.522100e+01,2.514075e+01,2.512737e+01,2.497337e+01,2.504705e+01,2.507383e+01,2.484598e+01,2.498677e+01,2.500687e+01,2.498677e+01,2.504035e+01,2.498677e+01,2.500017e+01,2.500687e+01,2.500687e+01,2.502026e+01,2.501357e+01,2.499347e+01,2.495326e+01,2.483927e+01,2.495997e+01,2.476544e+01,2.478558e+01,2.475873e+01,2.474530e+01,2.468484e+01,2.455710e+01,2.451673e+01,2.461763e+01,2.453692e+01,2.461091e+01,2.449654e+01,2.462436e+01,2.448981e+01,2.473858e+01,2.464452e+01,2.461763e+01,2.469156e+01,2.471172e+01,2.473858e+01,2.464452e+01,2.475873e+01,2.480572e+01,2.479901e+01,2.481243e+01,2.474530e+01,2.481914e+01,2.487281e+01,2.458401e+01,2.481243e+01,2.474530e+01,2.479901e+01,2.474530e+01,2.469828e+01,2.467813e+01,2.481914e+01,2.466469e+01,2.469828e+01,2.456383e+01,2.459073e+01,2.452346e+01,2.456383e+01,2.456383e+01,2.453692e+01,2.441573e+01,2.440900e+01,2.436857e+01,2.435509e+01,2.422694e+01,2.422694e+01,2.409188e+01,2.423369e+01,2.422694e+01,2.424044e+01,2.424719e+01,2.412566e+01,2.411215e+01,2.404457e+01,2.407837e+01,2.406485e+01,2.396341e+01,2.400400e+01,2.401076e+01,2.415268e+01,2.397694e+01,2.396341e+01,2.403105e+01,2.405133e+01,2.399047e+01,2.388896e+01,2.379413e+01,2.384155e+01,2.380091e+01,2.376702e+01,2.377380e+01,2.373312e+01,2.374668e+01,2.363814e+01,2.363136e+01,2.363814e+01,2.360420e+01,2.350911e+01,2.344793e+01,2.352949e+01,2.340713e+01,2.354987e+01,2.340032e+01,2.346833e+01,2.348872e+01,2.331866e+01,2.346153e+01,2.347513e+01,2.346153e+01,2.353629e+01,2.336630e+01,2.335269e+01,2.342073e+01,2.335269e+01,2.349552e+01,2.340713e+01,2.340032e+01,2.337991e+01,2.348192e+01,2.342753e+01,2.346833e+01,2.347513e+01,2.346833e+01,2.348872e+01,2.354987e+01,2.357025e+01,2.346153e+01,2.353629e+01,2.337991e+01,2.350231e+01,2.354308e+01,2.346833e+01,2.347513e+01,2.362457e+01,2.361099e+01,2.366529e+01,2.346833e+01,2.365850e+01,2.373312e+01,2.376702e+01,2.377380e+01,2.380091e+01,2.375346e+01,2.385510e+01,2.382801e+01,2.394988e+01,2.389573e+01,2.400400e+01,2.401752e+01,2.394988e+01,2.413917e+01,2.406485e+01,2.417294e+01,2.429441e+01,2.428766e+01,2.444268e+01,2.445614e+01,2.446961e+01,2.446961e+01,2.459073e+01,2.459746e+01,2.461763e+01,2.474530e+01,2.470500e+01,2.471844e+01,2.471844e+01,2.464452e+01,2.484598e+01,2.468484e+01,2.487281e+01,2.458401e+01,2.489964e+01,2.475201e+01,2.463108e+01,2.449654e+01,2.390250e+01,2.382801e+01,2.375346e+01,2.363814e+01,2.361099e+01,2.363136e+01,2.364493e+01,2.369242e+01,2.361099e+01,2.378735e+01,2.371277e+01,2.364493e+01,2.376702e+01,2.365850e+01,2.363136e+01,2.376024e+01,2.361099e+01,2.350231e+01,2.356346e+01,2.358383e+01,2.357025e+01,2.371277e+01,2.370599e+01,2.371277e+01,2.369242e+01,2.405133e+01,2.406485e+01,2.426068e+01,2.431464e+01,2.455710e+01,2.467141e+01,2.481914e+01,2.467141e+01,2.465796e+01,2.443594e+01,2.462436e+01,2.465124e+01,2.461091e+01,2.442247e+01,2.438205e+01,2.431464e+01,2.427417e+01,2.434161e+01,2.413917e+01,2.411215e+01,2.388896e+01,2.376702e+01,2.388896e+01,2.376024e+01,2.384155e+01,2.376024e+01,2.390250e+01,2.393634e+01,2.400400e+01,2.417969e+01,2.409188e+01,2.408512e+01,2.413242e+01,2.414593e+01,2.415943e+01,2.416619e+01,2.403781e+01,2.415268e+01,2.407837e+01,2.414593e+01,2.419319e+01,2.405133e+01,2.406485e+01,2.401076e+01,2.407161e+01,2.472515e+01,2.593385e+01,2.655615e+01,2.720763e+01,2.743046e+01,2.775731e+01,2.785517e+01,2.778994e+01,2.777689e+01,2.788125e+01,2.784865e+01,2.794642e+01,2.786821e+01,2.807014e+01,2.790732e+01,2.791384e+01,2.782908e+01,2.794642e+01,2.800504e+01,2.804411e+01,2.803760e+01,2.797899e+01,2.770508e+01,2.763322e+01,2.756786e+01,2.745010e+01,2.752862e+01,2.706977e+01,2.700406e+01,2.689884e+01,2.670127e+01,2.669468e+01,2.672104e+01,2.661554e+01,2.649012e+01,2.631164e+01,2.644388e+01,2.628517e+01,2.655615e+01,2.652314e+01,2.650333e+01,2.635133e+01,2.629841e+01,2.625870e+01,2.645709e+01,2.634472e+01,2.650333e+01,2.627194e+01,2.624546e+01,2.651654e+01,2.639761e+01,2.641084e+01,2.631164e+01,2.615274e+01,2.638439e+01,2.625870e+01,2.623222e+01,2.612623e+01,2.606656e+01,2.620573e+01,2.613286e+01,2.611297e+01,2.592057e+01,2.605330e+01,2.609309e+01,2.580762e+01,2.586743e+01,2.588736e+01,2.574113e+01,2.579433e+01,2.580097e+01,2.562132e+01,2.544804e+01,2.547471e+01,2.540133e+01,2.538131e+01,2.526778e+01,2.529451e+01,2.539466e+01,2.546805e+01,2.551472e+01,2.545471e+01,2.550139e+01,2.547471e+01,2.550139e+01,2.553472e+01,2.534793e+01,2.531454e+01,2.531454e+01,2.519426e+01,2.532122e+01,2.509391e+01,2.511399e+01,2.512737e+01,2.506044e+01,2.500017e+01,2.501357e+01,2.500017e+01,2.489293e+01,2.489964e+01,2.478558e+01,2.479230e+01,2.474530e+01,2.469828e+01,2.457056e+01,2.456383e+01,2.456383e+01,2.440900e+01,2.437531e+01,2.438205e+01,2.421344e+01,2.405809e+01,2.424044e+01,2.410540e+01,2.410540e+01,2.397694e+01,2.386187e+01,2.390927e+01,2.387542e+01,2.373312e+01,2.384833e+01,2.373312e+01,2.363814e+01,2.350231e+01,2.339352e+01,2.338672e+01,2.341393e+01,2.336630e+01,2.340713e+01,2.340032e+01,2.316877e+01,2.314150e+01,2.331866e+01,2.319604e+01,2.331185e+01,2.325056e+01,2.325056e+01,2.318241e+01,2.299135e+01,2.325737e+01,2.312104e+01,2.310739e+01,2.310739e+01,2.315514e+01,2.314150e+01,2.314832e+01,2.305280e+01,2.288886e+01,2.308010e+01,2.310057e+01,2.308010e+01,2.305280e+01,2.306645e+01,2.301867e+01,2.276573e+01,2.302550e+01,2.303915e+01,2.295720e+01,2.306645e+01,2.294353e+01,2.294353e+01,2.293670e+01,2.286835e+01,2.292303e+01,2.300501e+01,2.291620e+01,2.290937e+01,2.290253e+01,2.300501e+01,2.288886e+01,2.288202e+01,2.303232e+01,2.286151e+01,2.293670e+01,2.294353e+01,2.268356e+01,2.297769e+01,2.296403e+01,2.306645e+01,2.284783e+01,2.295720e+01,2.297086e+01,2.290937e+01,2.289569e+01,2.277942e+01,2.276573e+01,2.282047e+01,2.282047e+01,2.275888e+01,2.288202e+01,2.277942e+01,2.290937e+01,2.282047e+01,2.297769e+01,2.295720e+01,2.293670e+01,2.290937e+01,2.299135e+01,2.305280e+01,2.301184e+01,2.306645e+01,2.299818e+01,2.314832e+01,2.297769e+01,2.312104e+01,2.313468e+01,2.300501e+01,2.319604e+01,2.316195e+01,2.315514e+01,2.336630e+01,2.337311e+01,2.342073e+01,2.347513e+01,2.340713e+01,2.359741e+01,2.357704e+01,2.359741e+01,2.363814e+01,2.383478e+01,2.386187e+01,2.388219e+01,2.391604e+01,2.388896e+01,2.394311e+01,2.417969e+01,2.401752e+01,2.399723e+01
2.376702e+01,2.386187e+01,2.369242e+01,2.361778e+01,2.394988e+01,2.386187e+01,2.394988e+01,2.403105e+01,2.404457e+01,2.403105e+01,2.403105e+01,2.405809e+01,2.395664e+01,2.401752e+01,2.402428e+01,2.414593e+01,2.409864e+01,2.410540e+01,2.407837e+01,2.397694e+01,2.407837e+01,2.407837e+01,2.412566e+01,2.409188e+01,2.405133e+01,2.405133e+01,2.405809e+01,2.405133e+01,2.405133e+01,2.392281e+01,2.406485e+01,2.405133e+01,2.406485e+01,2.379413e+01,2.395664e+01,2.384155e+01,2.392958e+01,2.399047e+01,2.384155e+01,2.365172e+01,2.371956e+01,2.360420e+01,2.361099e+01,2.353629e+01,2.347513e+01,2.342073e+01,2.352270e+01,2.346833e+01,2.340713e+01,2.353629e+01,2.342753e+01,2.340713e+01,2.359062e+01,2.366529e+01,2.373312e+01,2.370599e+01,2.371956e+01,2.388219e+01,2.382801e+01,2.381446e+01,2.412566e+01,2.397694e+01,2.401752e+01,2.406485e+01,2.431464e+01,2.430115e+01,2.438205e+01,2.435509e+01,2.446288e+01,2.471844e+01,2.470500e+01,2.459073e+01,2.481243e+01,2.491975e+01,2.488622e+01,2.490634e+01,2.493986e+01,2.503366e+01,2.510730e+01,2.530119e+01,2.516082e+01,2.512737e+01,2.514075e+01,2.506713e+01,2.480572e+01,2.484598e+01,2.454365e+01,2.439552e+01,2.429441e+01,2.428766e+01,2.443594e+01,2.428766e+01,2.456383e+01,2.480572e+01,2.464452e+01,2.469828e+01,2.513406e+01,2.509391e+01,2.522100e+01,2.520763e+01,2.531454e+01,2.530787e+01,2.526110e+01,2.558802e+01,2.550805e+01,2.553472e+01,2.544137e+01,2.556804e+01,2.562132e+01,2.545471e+01,2.550139e+01,2.547471e+01,2.542135e+01,2.563464e+01,2.559468e+01,2.544137e+01,2.555471e+01,2.565462e+01,2.552139e+01,2.568124e+01,2.558136e+01,2.562132e+01,2.562132e+01,2.561466e+01,2.570786e+01,2.561466e+01,2.574778e+01,2.551472e+01,2.552805e+01,2.544804e+01,2.526778e+01,2.485940e+01,2.463780e+01,2.448981e+01,2.459073e+01,2.453692e+01,2.450327e+01,2.454365e+01,2.469828e+01,2.453019e+01,2.466469e+01,2.469828e+01,2.466469e+01,2.472515e+01,2.489293e+01,2.488622e+01,2.502696e+01,2.502696e+01,2.520094e+01,2.520763e+01,2.510730e+01,2.530119e+01,2.531454e+01,2.532122e+01,2.513406e+01,2.525442e+01,2.512737e+01,2.518088e+01,2.510730e+01,2.513406e+01,2.531454e+01,2.517419e+01,2.525442e+01,2.520763e+01,2.515413e+01,2.516751e+01,2.507383e+01,2.500687e+01,2.500017e+01,2.498677e+01,2.493986e+01,2.491305e+01,2.498677e+01,2.505375e+01,2.499347e+01,2.510730e+01,2.500017e+01,2.503366e+01,2.500687e+01,2.499347e+01,2.499347e+01,2.493986e+01,2.493316e+01,2.494656e+01,2.466469e+01,2.488622e+01,2.477887e+01,2.477216e+01,2.455710e+01,2.462436e+01,2.449654e+01,2.448981e+01,2.454365e+01,2.451000e+01,2.457728e+01,2.451000e+01,2.461763e+01,2.465796e+01,2.469156e+01,2.473858e+01,2.468484e+01,2.479901e+01,2.479901e+01,2.475201e+01,2.489293e+01,2.485940e+01,2.478558e+01,2.474530e+01,2.473858e+01,2.476544e+01,2.470500e+01,2.463108e+01,2.479901e+01,2.473187e+01,2.476544e+01,2.483927e+01,2.479901e+01,2.473187e+01,2.475201e+01,2.479901e+01,2.478558e+01,2.455710e+01,2.468484e+01,2.459746e+01,2.456383e+01,2.457056e+01,2.456383e+01,2.456383e+01,2.441573e+01,2.437531e+01,2.434161e+01,2.424719e+01,2.423369e+01,2.425393e+01,2.426068e+01,2.429441e+01,2.428766e+01,2.417969e+01,2.428092e+01,2.412566e+01,2.406485e+01,2.413917e+01,2.415943e+01,2.396341e+01,2.418644e+01,2.415268e+01,2.413917e+01,2.413242e+01,2.391604e+01,2.414593e+01,2.408512e+01,2.399047e+01,2.399723e+01,2.382801e+01,2.382801e+01,2.401752e+01,2.382801e+01,2.380768e+01,2.373990e+01,2.366529e+01,2.371277e+01,2.364493e+01,2.360420e+01,2.361778e+01,2.340713e+01,2.342753e+01,2.344793e+01,2.351590e+01,2.349552e+01,2.349552e+01,2.355667e+01,2.351590e+01,2.344113e+01,2.354308e+01,2.349552e+01,2.343433e+01,2.345473e+01,2.352270e+01,2.354308e+01,2.350911e+01,2.351590e+01,2.353629e+01,2.337311e+01,2.363814e+01,2.346833e+01,2.359741e+01,2.348192e+01,2.344113e+01,2.357025e+01,2.348192e+01,2.351590e+01,2.373990e+01,2.386187e+01,2.364493e+01,2.388219e+01,2.386187e+01,2.386187e+01,2.386865e+01,2.388896e+01,2.405809e+01,2.405809e+01,2.405809e+01,2.422019e+01,2.425393e+01,2.424719e+01,2.430115e+01,2.446961e+01,2.436183e+01,2.447635e+01,2.448308e+01,2.448981e+01,2.456383e+01,2.472515e+01,2.492645e+01,2.478558e+01,2.479230e+01,2.479230e+01,2.487281e+01,2.497337e+01,2.499347e+01,2.501357e+01,2.500687e+01,2.498677e+01,2.495997e+01,2.508722e+01,2.510060e+01,2.521431e+01,2.512068e+01,2.539466e+01,2.538131e+01,2.536796e+01,2.532790e+01,2.523437e+01,2.532122e+01,2.537464e+01,2.534793e+01,2.520094e+01,2.528115e+01,2.523437e+01,2.523437e+01,2.493316e+01,2.475873e+01,2.419994e+01,2.382123e+01,2.375346e+01,2.363136e+01,2.368564e+01,2.369921e+01,2.365172e+01,2.368564e+01,2.369242e+01,2.362457e+01,2.373990e+01,2.365172e+01,2.372634e+01,2.357025e+01,2.371956e+01,2.367886e+01,2.350231e+01,2.350911e+01,2.354308e+01,2.366529e+01,2.366529e+01,2.355667e+01,2.371277e+01,2.369242e+01,2.375346e+01,2.407837e+01,2.419319e+01,2.431464e+01,2.451673e+01,2.454365e+01,2.473858e+01,2.488622e+01,2.489964e+01,2.484598e+01,2.504035e+01,2.475873e+01,2.467813e+01,2.465124e+01,2.462436e+01,2.463780e+01,2.444941e+01,2.442247e+01,2.442247e+01,2.416619e+01,2.412566e+01,2.403105e+01,2.399047e+01,2.388896e+01,2.379413e+01,2.389573e+01,2.378057e+01,2.387542e+01,2.394311e+01,2.394988e+01,2.399047e+01,2.412566e+01,2.408512e+01,2.417294e+01,2.413917e+01,2.409864e+01,2.417294e+01,2.412566e+01,2.417294e+01,2.418644e+01,2.405809e+01,2.407837e+01,2.409864e+01,2.419319e+01,2.409864e+01,2.417294e+01,2.471172e+01,2.573447e+01,2.633810e+01,2.699092e+01,2.737807e+01,2.741082e+01,2.770508e+01,2.769855e+01,2.769855e+01,2.769855e+01,2.790732e+01,2.800504e+01,2.789429e+01,2.803760e+01,2.782256e+01,2.778341e+01,2.780951e+01,2.796597e+01,2.797248e+01,2.807014e+01,2.782908e+01,2.785517e+01,2.761362e+01,2.760708e+01,2.756786e+01,2.755478e+01,2.737152e+01,2.732566e+01,2.726011e+01,2.698434e+01,2.680010e+01,2.685277e+01,2.668149e+01,2.670786e+01,2.674081e+01,2.662874e+01,2.664852e+01,2.663533e+01,2.657595e+01,2.665512e+01,2.656275e+01,2.647031e+01,2.645709e+01,2.644388e+01,2.660235e+01,2.656935e+01,2.670127e+01,2.652975e+01,2.666171e+01,2.654955e+01,2.655615e+01,2.643066e+01,2.652314e+01,2.630502e+01,2.636456e+01,2.639100e+01,2.623884e+01,2.641744e+01,2.623222e+01,2.628517e+01,2.626532e+01,2.628517e+01,2.628517e+01,2.608646e+01,2.601350e+01,2.614611e+01,2.597368e+01,2.592057e+01,2.596041e+01,2.591393e+01,2.574778e+01,2.573447e+01,2.550139e+01,2.543469e+01,2.546805e+01,2.543469e+01,2.548805e+01,2.538131e+01,2.555471e+01,2.558136e+01,2.538799e+01,2.564796e+01,2.551472e+01,2.558136e+01,2.551472e+01,2.559468e+01,2.528115e+01,2.528782e+01,2.528115e+01,2.521431e+01,2.525442e+01,2.528782e+01,2.515413e+01,2.508052e+01,2.508052e+01,2.512068e+01,2.507383e+01,2.502696e+01,2.496667e+01,2.497337e+01,2.493316e+01,2.490634e+01,2.479230e+01,2.457056e+01,2.469156e+01,2.451673e+01,2.453692e+01,2.462436e+01,2.432812e+01,2.422019e+01,2.425393e+01,2.423369e+01,2.419994e+01,2.400400e+01,2.408512e+01,2.396341e+01,2.397694e+01,2.386865e+01,2.378057e+01,2.378735e+01,2.390927e+01,2.382801e+01,2.364493e+01,2.373312e+01,2.357025e+01,2.344113e+01,2.346153e+01,2.346833e+01,2.339352e+01,2.336630e+01,2.328461e+01,2.335269e+01,2.334589e+01,2.327780e+01,2.321649e+01,2.319604e+01,2.332547e+01,2.324374e+01,2.311422e+01,2.312786e+01,2.321649e+01,2.312786e+01,2.310739e+01,2.335269e+01,2.307328e+01,2.310057e+01,2.309375e+01,2.314832e+01,2.325737e+01,2.308693e+01,2.309375e+01,2.305280e+01,2.308010e+01,2.316195e+01,2.300501e+01,2.303915e+01,2.299135e+01,2.292303e+01,2.310057e+01,2.297086e+01,2.303232e+01,2.305963e+01,2.303232e+01,2.309375e+01,2.294353e+01,2.289569e+01,2.304598e+01,2.300501e+01,2.302550e+01,2.286835e+01,2.303232e+01,2.292303e+01,2.287519e+01,2.286151e+01,2.298452e+01,2.300501e+01,2.287519e+01,2.292303e+01,2.301867e+01,2.287519e+01,2.293670e+01,2.290937e+01,2.291620e+01,2.312104e+01,2.284099e+01,2.298452e+01,2.277942e+01,2.289569e+01,2.288202e+01,2.294353e+01,2.286835e+01,2.302550e+01,2.294353e+01,2.287519e+01,2.298452e+01,2.290937e+01,2.299818e+01,2.301867e+01,2.308010e+01,2.299818e+01,2.299818e+01,2.305280e+01,2.312786e+01,2.318241e+01,2.323693e+01,2.316877e+01,2.301184e+01,2.318923e+01,2.320967e+01,2.333228e+01,2.312786e+01,2.338672e+01,2.340032e+01,2.364493e+01,2.365172e+01,2.356346e+01,2.360420e+01,2.357704e+01,2.377380e+01,2.371277e+01,2.371956e+01,2.381446e+01,2.384155e+01,2.388219e+01,2.384155e+01,2.382123e+01,2.395664e+01,2.411215e+01
2.370599e+01,2.376702e+01,2.375346e+01,2.377380e+01,2.382123e+01,2.393634e+01,2.409864e+01,2.394311e+01,2.401076e+01,2.395664e+01,2.396341e+01,2.399723e+01,2.408512e+01,2.414593e+01,2.405133e+01,2.405133e+01,2.407837e+01,2.410540e+01,2.410540e+01,2.407161e+01,2.421344e+01,2.409188e+01,2.409864e+01,2.407161e+01,2.410540e+01,2.417969e+01,2.403781e+01,2.413917e+01,2.401752e+01,2.405809e+01,2.405809e+01,2.405133e+01,2.397018e+01,2.396341e+01,2.392281e+01,2.388219e+01,2.384155e+01,2.402428e+01,2.380091e+01,2.362457e+01,2.363814e+01,2.363814e+01,2.351590e+01,2.347513e+01,2.336630e+01,2.331185e+01,2.354987e+01,2.335950e+01,2.350911e+01,2.360420e+01,2.354987e+01,2.359741e+01,2.366529e+01,2.384155e+01,2.369921e+01,2.371956e+01,2.388896e+01,2.387542e+01,2.393634e+01,2.389573e+01,2.412566e+01,2.416619e+01,2.409864e+01,2.430115e+01,2.446961e+01,2.449654e+01,2.455710e+01,2.452346e+01,2.473187e+01,2.478558e+01,2.487952e+01,2.491305e+01,2.515413e+01,2.489293e+01,2.512737e+01,2.510730e+01,2.524105e+01,2.529451e+01,2.540133e+01,2.518088e+01,2.527446e+01,2.513406e+01,2.516082e+01,2.510060e+01,2.479901e+01,2.471172e+01,2.444268e+01,2.434835e+01,2.422019e+01,2.436857e+01,2.432812e+01,2.439552e+01,2.448308e+01,2.467813e+01,2.471844e+01,2.494656e+01,2.495326e+01,2.495997e+01,2.514744e+01,2.520763e+01,2.528115e+01,2.528782e+01,2.550805e+01,2.546805e+01,2.550139e+01,2.551472e+01,2.560134e+01,2.559468e+01,2.561466e+01,2.556804e+01,2.563464e+01,2.558136e+01,2.566793e+01,2.578103e+01,2.569455e+01,2.570786e+01,2.582092e+01,2.576773e+01,2.566127e+01,2.574778e+01,2.566793e+01,2.576773e+01,2.579433e+01,2.570786e+01,2.561466e+01,2.567459e+01,2.559468e+01,2.562798e+01,2.542802e+01,2.542802e+01,2.498677e+01,2.463108e+01,2.444268e+01,2.448981e+01,2.449654e+01,2.438205e+01,2.453019e+01,2.449654e+01,2.447635e+01,2.452346e+01,2.457728e+01,2.457056e+01,2.465124e+01,2.475201e+01,2.485269e+01,2.498677e+01,2.508722e+01,2.520763e+01,2.514744e+01,2.522100e+01,2.534793e+01,2.520094e+01,2.525442e+01,2.516751e+01,2.526110e+01,2.508722e+01,2.512068e+01,2.527446e+01,2.503366e+01,2.516751e+01,2.521431e+01,2.523437e+01,2.518088e+01,2.510060e+01,2.516751e+01,2.522100e+01,2.490634e+01,2.498677e+01,2.498677e+01,2.488622e+01,2.494656e+01,2.492645e+01,2.489293e+01,2.487952e+01,2.493316e+01,2.485269e+01,2.498007e+01,2.485269e+01,2.500017e+01,2.497337e+01,2.488622e+01,2.500687e+01,2.485269e+01,2.508722e+01,2.487281e+01,2.487281e+01,2.478558e+01,2.477216e+01,2.474530e+01,2.476544e+01,2.471172e+01,2.454365e+01,2.444941e+01,2.456383e+01,2.463108e+01,2.467141e+01,2.461763e+01,2.474530e+01,2.471844e+01,2.476544e+01,2.473858e+01,2.474530e+01,2.473858e+01,2.480572e+01,2.493316e+01,2.477216e+01,2.479901e+01,2.475201e+01,2.475873e+01,2.473187e+01,2.473858e+01,2.478558e+01,2.476544e+01,2.479230e+01,2.477887e+01,2.476544e+01,2.470500e+01,2.467141e+01,2.484598e+01,2.477216e+01,2.474530e+01,2.467813e+01,2.481243e+01,2.467813e+01,2.464452e+01,2.465796e+01,2.457728e+01,2.458401e+01,2.442921e+01,2.449654e+01,2.436183e+01,2.442921e+01,2.442247e+01,2.432138e+01,2.432138e+01,2.430790e+01,2.423369e+01,2.427417e+01,2.432812e+01,2.412566e+01,2.415268e+01,2.421344e+01,2.415268e+01,2.415943e+01,2.413917e+01,2.415943e+01,2.411891e+01,2.419319e+01,2.411891e+01,2.413917e+01,2.413242e+01,2.401076e+01,2.398371e+01,2.387542e+01,2.386187e+01,2.384155e+01,2.378057e+01,2.388896e+01,2.376702e+01,2.373990e+01,2.365850e+01,2.365172e+01,2.365172e+01,2.357025e+01,2.365172e+01,2.343433e+01,2.361099e+01,2.367886e+01,2.365172e+01,2.356346e+01,2.351590e+01,2.355667e+01,2.350231e+01,2.350231e+01,2.351590e+01,2.350911e+01,2.386187e+01,2.355667e+01,2.387542e+01,2.378735e+01,2.376702e+01,2.383478e+01,2.368564e+01,2.388219e+01,2.395664e+01,2.410540e+01,2.422694e+01,2.415268e+01,2.417294e+01,2.418644e+01,2.435509e+01,2.417294e+01,2.425393e+01,2.419319e+01,2.422019e+01,2.421344e+01,2.443594e+01,2.424044e+01,2.424719e+01,2.436857e+01,2.459073e+01,2.461091e+01,2.475201e+01,2.485269e+01,2.495997e+01,2.497337e+01,2.500687e+01,2.500687e+01,2.501357e+01,2.528782e+01,2.529451e+01,2.531454e+01,2.506713e+01,2.526110e+01,2.526110e+01,2.525442e+01,2.532790e+01,2.541468e+01,2.540801e+01,2.540133e+01,2.542135e+01,2.548138e+01,2.561466e+01,2.551472e+01,2.544137e+01,2.561466e+01,2.562132e+01,2.562132e+01,2.562798e+01,2.564130e+01,2.566127e+01,2.565462e+01,2.568790e+01,2.564130e+01,2.564796e+01,2.559468e+01,2.546138e+01,2.550805e+01,2.552805e+01,2.550139e+01,2.528115e+01,2.491305e+01,2.417294e+01,2.371277e+01,2.378057e+01,2.380768e+01,2.379413e+01,2.364493e+01,2.368564e+01,2.370599e+01,2.372634e+01,2.364493e+01,2.369242e+01,2.371277e+01,2.365850e+01,2.359741e+01,2.381446e+01,2.359741e+01,2.354308e+01,2.352949e+01,2.353629e+01,2.359741e+01,2.356346e+01,2.356346e+01,2.352270e+01,2.369242e+01,2.373990e+01,2.409864e+01,2.432812e+01,2.448981e+01,2.484598e+01,2.482585e+01,2.489293e+01,2.496667e+01,2.504705e+01,2.500687e+01,2.494656e+01,2.495326e+01,2.493986e+01,2.484598e+01,2.472515e+01,2.470500e+01,2.459746e+01,2.454365e+01,2.439552e+01,2.428766e+01,2.412566e+01,2.407161e+01,2.373990e+01,2.387542e+01,2.386865e+01,2.387542e+01,2.385510e+01,2.388219e+01,2.399047e+01,2.396341e+01,2.398371e+01,2.405809e+01,2.407837e+01,2.406485e+01,2.414593e+01,2.404457e+01,2.407161e+01,2.402428e+01,2.417969e+01,2.416619e+01,2.401076e+01,2.407837e+01,2.408512e+01,2.406485e+01,2.397018e+01,2.424719e+01,2.440900e+01,2.544804e+01,2.637778e+01,2.698434e+01,2.704349e+01,2.725355e+01,2.769202e+01,2.772467e+01,2.766589e+01,2.769202e+01,2.772467e+01,2.775731e+01,2.783560e+01,2.780299e+01,2.780299e+01,2.798551e+01,2.778994e+01,2.796597e+01,2.799202e+01,2.798551e+01,2.803760e+01,2.780299e+01,2.763976e+01,2.758747e+01,2.758093e+01,2.758747e+01,2.736497e+01,2.737807e+01,2.721420e+01,2.713544e+01,2.699749e+01,2.695147e+01,2.689884e+01,2.694489e+01,2.680669e+01,2.685936e+01,2.678693e+01,2.679352e+01,2.660235e+01,2.661554e+01,2.676058e+01,2.663533e+01,2.676058e+01,2.659575e+01,2.678034e+01,2.679352e+01,2.678693e+01,2.675399e+01,2.666831e+01,2.668149e+01,2.692516e+01,2.662874e+01,2.659575e+01,2.664852e+01,2.666171e+01,2.653635e+01,2.659575e+01,2.643066e+01,2.637778e+01,2.637117e+01,2.647031e+01,2.627194e+01,2.613948e+01,2.625870e+01,2.625208e+01,2.617261e+01,2.619248e+01,2.610634e+01,2.594049e+01,2.604667e+01,2.584750e+01,2.587408e+01,2.577438e+01,2.547471e+01,2.550139e+01,2.544804e+01,2.539466e+01,2.548138e+01,2.564796e+01,2.570121e+01,2.556137e+01,2.569455e+01,2.562798e+01,2.575443e+01,2.560134e+01,2.532790e+01,2.552805e+01,2.548138e+01,2.544804e+01,2.523437e+01,2.532790e+01,2.528782e+01,2.524773e+01,2.521431e+01,2.507383e+01,2.499347e+01,2.502026e+01,2.495326e+01,2.485940e+01,2.498007e+01,2.491975e+01,2.495326e+01,2.474530e+01,2.469156e+01,2.458401e+01,2.453692e+01,2.451000e+01,2.453692e+01,2.424044e+01,2.430115e+01,2.426743e+01,2.420670e+01,2.422019e+01,2.410540e+01,2.400400e+01,2.399047e+01,2.392281e+01,2.406485e+01,2.383478e+01,2.387542e+01,2.369242e+01,2.360420e+01,2.362457e+01,2.359741e+01,2.354987e+01,2.344793e+01,2.350911e+01,2.335950e+01,2.346153e+01,2.338672e+01,2.323012e+01,2.321649e+01,2.331866e+01,2.326418e+01,2.327099e+01,2.328461e+01,2.329142e+01,2.325056e+01,2.323012e+01,2.325737e+01,2.329823e+01,2.312104e+01,2.316877e+01,2.311422e+01,2.310739e+01,2.321649e+01,2.318241e+01,2.310739e+01,2.309375e+01,2.308010e+01,2.326418e+01,2.311422e+01,2.312104e+01,2.320967e+01,2.318923e+01,2.304598e+01,2.300501e+01,2.303232e+01,2.310057e+01,2.302550e+01,2.305280e+01,2.305280e+01,2.301867e+01,2.297769e+01,2.303232e+01,2.312104e+01,2.307328e+01,2.288202e+01,2.291620e+01,2.291620e+01,2.281363e+01,2.303232e+01,2.297769e+01,2.297086e+01,2.297086e+01,2.292987e+01,2.301867e+01,2.306645e+01,2.288202e+01,2.298452e+01,2.280679e+01,2.303915e+01,2.298452e+01,2.277257e+01,2.301184e+01,2.290253e+01,2.306645e+01,2.289569e+01,2.290253e+01,2.292303e+01,2.296403e+01,2.304598e+01,2.288886e+01,2.301867e+01,2.277942e+01,2.307328e+01,2.308693e+01,2.308010e+01,2.305280e+01,2.300501e+01,2.316877e+01,2.299818e+01,2.316877e+01,2.320286e+01,2.330504e+01,2.323012e+01,2.320286e+01,2.318241e+01,2.321649e+01,2.331185e+01,2.332547e+01,2.334589e+01,2.352949e+01,2.339352e+01,2.344793e+01,2.341393e+01,2.353629e+01,2.365172e+01,2.346153e+01,2.376702e+01,2.367207e+01,2.370599e+01,2.378057e+01,2.390927e+01,2.397018e+01,2.389573e+01,2.399047e+01,2.397694e+01
2.378057e+01,2.375346e+01,2.376024e+01,2.382123e+01,2.385510e+01,2.385510e+01,2.391604e+01,2.386865e+01,2.397694e+01,2.403781e+01,2.391604e+01,2.398371e+01,2.408512e+01,2.394988e+01,2.417969e+01,2.403105e+01,2.399047e+01,2.382801e+01,2.397018e+01,2.406485e+01,2.403105e+01,2.404457e+01,2.409864e+01,2.404457e+01,2.413242e+01,2.414593e+01,2.401752e+01,2.388219e+01,2.403105e+01,2.403781e+01,2.405133e+01,2.384833e+01,2.392958e+01,2.404457e+01,2.382123e+01,2.387542e+01,2.393634e+01,2.373312e+01,2.378735e+01,2.368564e+01,2.362457e+01,2.352270e+01,2.357025e+01,2.350231e+01,2.332547e+01,2.355667e+01,2.356346e+01,2.340032e+01,2.354987e+01,2.367886e+01,2.348872e+01,2.357704e+01,2.373312e+01,2.367207e+01,2.370599e+01,2.376024e+01,2.403105e+01,2.411891e+01,2.411891e+01,2.426068e+01,2.406485e+01,2.422019e+01,2.445614e+01,2.428766e+01,2.457728e+01,2.467141e+01,2.463780e+01,2.480572e+01,2.485940e+01,2.481914e+01,2.498677e+01,2.502026e+01,2.519426e+01,2.531454e+01,2.528115e+01,2.544804e+01,2.543469e+01,2.530119e+01,2.536796e+01,2.534793e+01,2.533458e+01,2.516751e+01,2.509391e+01,2.481914e+01,2.463108e+01,2.465124e+01,2.434161e+01,2.434835e+01,2.417294e+01,2.428766e+01,2.432812e+01,2.456383e+01,2.464452e+01,2.477216e+01,2.489964e+01,2.494656e+01,2.496667e+01,2.510730e+01,2.523437e+01,2.524105e+01,2.536129e+01,2.540801e+01,2.546138e+01,2.548138e+01,2.542802e+01,2.548138e+01,2.549472e+01,2.552805e+01,2.548805e+01,2.560800e+01,2.563464e+01,2.571451e+01,2.570786e+01,2.569455e+01,2.574778e+01,2.582092e+01,2.564130e+01,2.580097e+01,2.581427e+01,2.574113e+01,2.577438e+01,2.563464e+01,2.572117e+01,2.574778e+01,2.562798e+01,2.572782e+01,2.567459e+01,2.562798e+01,2.544804e+01,2.520094e+01,2.504035e+01,2.461091e+01,2.440226e+01,2.421344e+01,2.424044e+01,2.436183e+01,2.447635e+01,2.417294e+01,2.438205e+01,2.446288e+01,2.461091e+01,2.465124e+01,2.465796e+01,2.468484e+01,2.483927e+01,2.487281e+01,2.490634e+01,2.508722e+01,2.504705e+01,2.510730e+01,2.522100e+01,2.514744e+01,2.515413e+01,2.522100e+01,2.514075e+01,2.508052e+01,2.510730e+01,2.506713e+01,2.514075e+01,2.516751e+01,2.513406e+01,2.518088e+01,2.514744e+01,2.518088e+01,2.505375e+01,2.504035e+01,2.498677e+01,2.496667e+01,2.490634e+01,2.479901e+01,2.481243e+01,2.477887e+01,2.487281e+01,2.480572e+01,2.497337e+01,2.485940e+01,2.481243e+01,2.498007e+01,2.495997e+01,2.498007e+01,2.496667e+01,2.487281e+01,2.489293e+01,2.491305e+01,2.485940e+01,2.487952e+01,2.486610e+01,2.479230e+01,2.479901e+01,2.465124e+01,2.453019e+01,2.449654e+01,2.447635e+01,2.458401e+01,2.446288e+01,2.446288e+01,2.464452e+01,2.462436e+01,2.480572e+01,2.479901e+01,2.475873e+01,2.481243e+01,2.477887e+01,2.478558e+01,2.485269e+01,2.475201e+01,2.478558e+01,2.475201e+01,2.476544e+01,2.471172e+01,2.474530e+01,2.473187e+01,2.474530e+01,2.471172e+01,2.478558e+01,2.479230e+01,2.473858e+01,2.478558e+01,2.475201e+01,2.477887e+01,2.470500e+01,2.480572e+01,2.474530e+01,2.459073e+01,2.458401e+01,2.457056e+01,2.450327e+01,2.455710e+01,2.444941e+01,2.436857e+01,2.440226e+01,2.446961e+01,2.440226e+01,2.435509e+01,2.440900e+01,2.428766e+01,2.444268e+01,2.431464e+01,2.446288e+01,2.440900e+01,2.426068e+01,2.419319e+01,2.422019e+01,2.437531e+01,2.418644e+01,2.435509e+01,2.423369e+01,2.418644e+01,2.424719e+01,2.414593e+01,2.407161e+01,2.405809e+01,2.385510e+01,2.402428e+01,2.397694e+01,2.397018e+01,2.380091e+01,2.385510e+01,2.376702e+01,2.380091e+01,2.386187e+01,2.365850e+01,2.370599e+01,2.365850e+01,2.367886e+01,2.369921e+01,2.367886e+01,2.395664e+01,2.401752e+01,2.396341e+01,2.397694e+01,2.417969e+01,2.402428e+01,2.391604e+01,2.422019e+01,2.419319e+01,2.415943e+01,2.414593e+01,2.426068e+01,2.419319e+01,2.430115e+01,2.431464e+01,2.411215e+01,2.451000e+01,2.434161e+01,2.433487e+01,2.431464e+01,2.436857e+01,2.418644e+01,2.423369e+01,2.414593e+01,2.401752e+01,2.408512e+01,2.419319e+01,2.399047e+01,2.419994e+01,2.413242e+01,2.423369e+01,2.438878e+01,2.455038e+01,2.479230e+01,2.504705e+01,2.496667e+01,2.528115e+01,2.530787e+01,2.532790e+01,2.556804e+01,2.550139e+01,2.565462e+01,2.548138e+01,2.539466e+01,2.537464e+01,2.548805e+01,2.545471e+01,2.543469e+01,2.569455e+01,2.542135e+01,2.570786e+01,2.578768e+01,2.566793e+01,2.571451e+01,2.584085e+01,2.567459e+01,2.580097e+01,2.599359e+01,2.594713e+01,2.589401e+01,2.588736e+01,2.589401e+01,2.591393e+01,2.587408e+01,2.575443e+01,2.591393e+01,2.596041e+01,2.574778e+01,2.589401e+01,2.578768e+01,2.578768e+01,2.576108e+01,2.556137e+01,2.528115e+01,2.516751e+01,2.424044e+01,2.384155e+01,2.382801e+01,2.367207e+01,2.378057e+01,2.371277e+01,2.379413e+01,2.370599e+01,2.369921e+01,2.369921e+01,2.369921e+01,2.358383e+01,2.379413e+01,2.362457e+01,2.355667e+01,2.369921e+01,2.349552e+01,2.355667e+01,2.344793e+01,2.352270e+01,2.350911e+01,2.348872e+01,2.345473e+01,2.372634e+01,2.377380e+01,2.417294e+01,2.449654e+01,2.453692e+01,2.485940e+01,2.498677e+01,2.508052e+01,2.504035e+01,2.502026e+01,2.521431e+01,2.521431e+01,2.504705e+01,2.519426e+01,2.511399e+01,2.471844e+01,2.481243e+01,2.453019e+01,2.462436e+01,2.444268e+01,2.415268e+01,2.417294e+01,2.402428e+01,2.395664e+01,2.377380e+01,2.386865e+01,2.395664e+01,2.384155e+01,2.392281e+01,2.394311e+01,2.383478e+01,2.393634e+01,2.397018e+01,2.384833e+01,2.384833e+01,2.394988e+01,2.395664e+01,2.404457e+01,2.388896e+01,2.388896e+01,2.399723e+01,2.400400e+01,2.397694e+01,2.394311e+01,2.390250e+01,2.403781e+01,2.404457e+01,2.436857e+01,2.510060e+01,2.605330e+01,2.668149e+01,2.699749e+01,2.723387e+01,2.732566e+01,2.739117e+01,2.739117e+01,2.753516e+01,2.770508e+01,2.775731e+01,2.771814e+01,2.779646e+01,2.773120e+01,2.767242e+01,2.775078e+01,2.786821e+01,2.780951e+01,2.790732e+01,2.782908e+01,2.785517e+01,2.745665e+01,2.749591e+01,2.733876e+01,2.757440e+01,2.722075e+01,2.726011e+01,2.714857e+01,2.718795e+01,2.695147e+01,2.701721e+01,2.695804e+01,2.697119e+01,2.678034e+01,2.685936e+01,2.687252e+01,2.679352e+01,2.676717e+01,2.673422e+01,2.676717e+01,2.676717e+01,2.675399e+01,2.681327e+01,2.662214e+01,2.679352e+01,2.683961e+01,2.678034e+01,2.659575e+01,2.660895e+01,2.681986e+01,2.664193e+01,2.664852e+01,2.664852e+01,2.663533e+01,2.633149e+01,2.655615e+01,2.645049e+01,2.639761e+01,2.636456e+01,2.635133e+01,2.644388e+01,2.635133e+01,2.627194e+01,2.623884e+01,2.622560e+01,2.615936e+01,2.613948e+01,2.611960e+01,2.619248e+01,2.609309e+01,2.590729e+01,2.582756e+01,2.576108e+01,2.556804e+01,2.561466e+01,2.554804e+01,2.565462e+01,2.567459e+01,2.567459e+01,2.567459e+01,2.570786e+01,2.567459e+01,2.562798e+01,2.553472e+01,2.559468e+01,2.558136e+01,2.546138e+01,2.547471e+01,2.526778e+01,2.530787e+01,2.528782e+01,2.527446e+01,2.520094e+01,2.522100e+01,2.504035e+01,2.506044e+01,2.497337e+01,2.495326e+01,2.495997e+01,2.488622e+01,2.492645e+01,2.479901e+01,2.463108e+01,2.455038e+01,2.457056e+01,2.441573e+01,2.449654e+01,2.433487e+01,2.425393e+01,2.424044e+01,2.424044e+01,2.422694e+01,2.417969e+01,2.411891e+01,2.399047e+01,2.405809e+01,2.387542e+01,2.394311e+01,2.385510e+01,2.370599e+01,2.381446e+01,2.366529e+01,2.363814e+01,2.370599e+01,2.350911e+01,2.352949e+01,2.356346e+01,2.341393e+01,2.344113e+01,2.337991e+01,2.348872e+01,2.332547e+01,2.334589e+01,2.336630e+01,2.326418e+01,2.329823e+01,2.331185e+01,2.337991e+01,2.334589e+01,2.316877e+01,2.314832e+01,2.309375e+01,2.321649e+01,2.312786e+01,2.319604e+01,2.316877e+01,2.311422e+01,2.308693e+01,2.310739e+01,2.309375e+01,2.312104e+01,2.306645e+01,2.306645e+01,2.308693e+01,2.304598e+01,2.290937e+01,2.292987e+01,2.299818e+01,2.300501e+01,2.304598e+01,2.287519e+01,2.310739e+01,2.311422e+01,2.313468e+01,2.309375e+01,2.290253e+01,2.301184e+01,2.313468e+01,2.303915e+01,2.314150e+01,2.301867e+01,2.291620e+01,2.291620e+01,2.298452e+01,2.298452e+01,2.301184e+01,2.301184e+01,2.305963e+01,2.295720e+01,2.299135e+01,2.297769e+01,2.284099e+01,2.303915e+01,2.283415e+01,2.307328e+01,2.294353e+01,2.305280e+01,2.290937e+01,2.292303e+01,2.291620e+01,2.291620e+01,2.295037e+01,2.309375e+01,2.293670e+01,2.308693e+01,2.296403e+01,2.310739e+01,2.312786e+01,2.312786e+01,2.310739e+01,2.303915e+01,2.318241e+01,2.311422e+01,2.316195e+01,2.331866e+01,2.329142e+01,2.321649e+01,2.351590e+01,2.332547e+01,2.335269e+01,2.340032e+01,2.335950e+01,2.352270e+01,2.344113e+01,2.360420e+01,2.365172e+01,2.340032e+01,2.373990e+01,2.358383e+01,2.358383e+01,2.380091e+01,2.368564e+01,2.373990e+01,2.377380e+01,2.359741e+01,2.382801e+01,2.397018e+01
2.377380e+01,2.381446e+01,2.390927e+01,2.389573e+01,2.384155e+01,2.385510e+01,2.394311e+01,2.390250e+01,2.401752e+01,2.404457e+01,2.378735e+01,2.408512e+01,2.407837e+01,2.409864e+01,2.392281e+01,2.419319e+01,2.416619e+01,2.403105e+01,2.407837e+01,2.408512e+01,2.405133e+01,2.403105e+01,2.419994e+01,2.409864e+01,2.415943e+01,2.399723e+01,2.414593e+01,2.405809e+01,2.398371e+01,2.394311e+01,2.378735e+01,2.399047e+01,2.403781e+01,2.384155e+01,2.387542e+01,2.378057e+01,2.380091e+01,2.376702e+01,2.378735e+01,2.371277e+01,2.361778e+01,2.360420e+01,2.355667e+01,2.359062e+01,2.344793e+01,2.350911e+01,2.359741e+01,2.360420e+01,2.359741e+01,2.351590e+01,2.366529e+01,2.362457e+01,2.381446e+01,2.381446e+01,2.391604e+01,2.394311e+01,2.403105e+01,2.414593e+01,2.404457e+01,2.428092e+01,2.434161e+01,2.438205e+01,2.454365e+01,2.444941e+01,2.472515e+01,2.473187e+01,2.476544e+01,2.498677e+01,2.502696e+01,2.504705e+01,2.506044e+01,2.528115e+01,2.526778e+01,2.535461e+01,2.544137e+01,2.544137e+01,2.542135e+01,2.536129e+01,2.539466e+01,2.533458e+01,2.536129e+01,2.506044e+01,2.496667e+01,2.486610e+01,2.471844e+01,2.435509e+01,2.433487e+01,2.434161e+01,2.428092e+01,2.434835e+01,2.438205e+01,2.459746e+01,2.465124e+01,2.485269e+01,2.495326e+01,2.493986e+01,2.509391e+01,2.516751e+01,2.513406e+01,2.530119e+01,2.529451e+01,2.528782e+01,2.546805e+01,2.541468e+01,2.540133e+01,2.546138e+01,2.545471e+01,2.548805e+01,2.550805e+01,2.559468e+01,2.553472e+01,2.566793e+01,2.562798e+01,2.566127e+01,2.564130e+01,2.566127e+01,2.573447e+01,2.575443e+01,2.572782e+01,2.576108e+01,2.561466e+01,2.565462e+01,2.572782e+01,2.569455e+01,2.574113e+01,2.560800e+01,2.564130e+01,2.564796e+01,2.544137e+01,2.536129e+01,2.495997e+01,2.444941e+01,2.440900e+01,2.426068e+01,2.429441e+01,2.431464e+01,2.430790e+01,2.440226e+01,2.442247e+01,2.443594e+01,2.440226e+01,2.446288e+01,2.469828e+01,2.471172e+01,2.472515e+01,2.499347e+01,2.499347e+01,2.506713e+01,2.510060e+01,2.520763e+01,2.512737e+01,2.524105e+01,2.523437e+01,2.522100e+01,2.511399e+01,2.511399e+01,2.509391e+01,2.508722e+01,2.506713e+01,2.510730e+01,2.508722e+01,2.507383e+01,2.512737e+01,2.510730e+01,2.502026e+01,2.497337e+01,2.495997e+01,2.499347e+01,2.481243e+01,2.481243e+01,2.478558e+01,2.483256e+01,2.477887e+01,2.481914e+01,2.480572e+01,2.478558e+01,2.491975e+01,2.485940e+01,2.489293e+01,2.487952e+01,2.496667e+01,2.489964e+01,2.492645e+01,2.486610e+01,2.489964e+01,2.486610e+01,2.487952e+01,2.490634e+01,2.474530e+01,2.467813e+01,2.458401e+01,2.456383e+01,2.454365e+01,2.450327e+01,2.454365e+01,2.463780e+01,2.465124e+01,2.471172e+01,2.475201e+01,2.478558e+01,2.474530e+01,2.473858e+01,2.477887e+01,2.482585e+01,2.481914e+01,2.479230e+01,2.485940e+01,2.479901e+01,2.479230e+01,2.473858e+01,2.474530e+01,2.474530e+01,2.476544e+01,2.476544e+01,2.471844e+01,2.472515e+01,2.477887e+01,2.477887e+01,2.477216e+01,2.475873e+01,2.476544e+01,2.473187e+01,2.477216e+01,2.476544e+01,2.459073e+01,2.455710e+01,2.457728e+01,2.453692e+01,2.440900e+01,2.457056e+01,2.451673e+01,2.444941e+01,2.455710e+01,2.442247e+01,2.442247e+01,2.428766e+01,2.446288e+01,2.438205e+01,2.442921e+01,2.428092e+01,2.438878e+01,2.434835e+01,2.438205e+01,2.440900e+01,2.419994e+01,2.438878e+01,2.428092e+01,2.420670e+01,2.431464e+01,2.419994e+01,2.407837e+01,2.411215e+01,2.416619e+01,2.401752e+01,2.395664e+01,2.390250e+01,2.376024e+01,2.390250e+01,2.381446e+01,2.369921e+01,2.368564e+01,2.362457e+01,2.366529e+01,2.375346e+01,2.373990e+01,2.381446e+01,2.404457e+01,2.406485e+01,2.424719e+01,2.420670e+01,2.425393e+01,2.423369e+01,2.423369e+01,2.423369e+01,2.419319e+01,2.417969e+01,2.417294e+01,2.411215e+01,2.413242e+01,2.413242e+01,2.409864e+01,2.403105e+01,2.409864e+01,2.407161e+01,2.387542e+01,2.393634e+01,2.406485e+01,2.410540e+01,2.404457e+01,2.398371e+01,2.403781e+01,2.399047e+01,2.394988e+01,2.385510e+01,2.394311e+01,2.401752e+01,2.411215e+01,2.425393e+01,2.460419e+01,2.474530e+01,2.479230e+01,2.510730e+01,2.535461e+01,2.538131e+01,2.563464e+01,2.563464e+01,2.564796e+01,2.564130e+01,2.562132e+01,2.566793e+01,2.564130e+01,2.588736e+01,2.568790e+01,2.570786e+01,2.576773e+01,2.578768e+01,2.588736e+01,2.577438e+01,2.581427e+01,2.580762e+01,2.584085e+01,2.600023e+01,2.605993e+01,2.600023e+01,2.590729e+01,2.592721e+01,2.605993e+01,2.607982e+01,2.589401e+01,2.603340e+01,2.596041e+01,2.595377e+01,2.602677e+01,2.597368e+01,2.596704e+01,2.597368e+01,2.611297e+01,2.594049e+01,2.560800e+01,2.573447e+01,2.546138e+01,2.528115e+01,2.421344e+01,2.380768e+01,2.372634e+01,2.369921e+01,2.365850e+01,2.369921e+01,2.369921e+01,2.372634e+01,2.372634e+01,2.367207e+01,2.368564e+01,2.368564e+01,2.378057e+01,2.369921e+01,2.358383e+01,2.355667e+01,2.354308e+01,2.352270e+01,2.352270e+01,2.348872e+01,2.350231e+01,2.334589e+01,2.344113e+01,2.367207e+01,2.398371e+01,2.405133e+01,2.432138e+01,2.485269e+01,2.490634e+01,2.502026e+01,2.502696e+01,2.506713e+01,2.509391e+01,2.510730e+01,2.519426e+01,2.526110e+01,2.500687e+01,2.499347e+01,2.489964e+01,2.484598e+01,2.477887e+01,2.469828e+01,2.447635e+01,2.444941e+01,2.430115e+01,2.407161e+01,2.394988e+01,2.383478e+01,2.387542e+01,2.386187e+01,2.377380e+01,2.381446e+01,2.360420e+01,2.396341e+01,2.382801e+01,2.399723e+01,2.400400e+01,2.396341e+01,2.393634e+01,2.379413e+01,2.379413e+01,2.374668e+01,2.388219e+01,2.397694e+01,2.399723e+01,2.400400e+01,2.387542e+01,2.386865e+01,2.377380e+01,2.394988e+01,2.424044e+01,2.514744e+01,2.578768e+01,2.654295e+01,2.681327e+01,2.684619e+01,2.697119e+01,2.710261e+01,2.727322e+01,2.741082e+01,2.760708e+01,2.744355e+01,2.746974e+01,2.771161e+01,2.758747e+01,2.743701e+01,2.763322e+01,2.764629e+01,2.769855e+01,2.762669e+01,2.752862e+01,2.752862e+01,2.752862e+01,2.732566e+01,2.729944e+01,2.715514e+01,2.709605e+01,2.712231e+01,2.710918e+01,2.710918e+01,2.703692e+01,2.705663e+01,2.691858e+01,2.691200e+01,2.686594e+01,2.682644e+01,2.701721e+01,2.681986e+01,2.681327e+01,2.668809e+01,2.667490e+01,2.664852e+01,2.675399e+01,2.678034e+01,2.674740e+01,2.676717e+01,2.673422e+01,2.673422e+01,2.679352e+01,2.673422e+01,2.675399e+01,2.679352e+01,2.672763e+01,2.667490e+01,2.656935e+01,2.663533e+01,2.649673e+01,2.641084e+01,2.664852e+01,2.650333e+01,2.641744e+01,2.649673e+01,2.626532e+01,2.635794e+01,2.636456e+01,2.627194e+01,2.617261e+01,2.627855e+01,2.623884e+01,2.592721e+01,2.614611e+01,2.602013e+01,2.602677e+01,2.598032e+01,2.594049e+01,2.575443e+01,2.572117e+01,2.554804e+01,2.580097e+01,2.574113e+01,2.566793e+01,2.569455e+01,2.563464e+01,2.560134e+01,2.570786e+01,2.557470e+01,2.552139e+01,2.550139e+01,2.546138e+01,2.538799e+01,2.536129e+01,2.526110e+01,2.518088e+01,2.527446e+01,2.510730e+01,2.497337e+01,2.511399e+01,2.501357e+01,2.500687e+01,2.493316e+01,2.481243e+01,2.492645e+01,2.479230e+01,2.459746e+01,2.461763e+01,2.455710e+01,2.446961e+01,2.430790e+01,2.443594e+01,2.425393e+01,2.424719e+01,2.424044e+01,2.418644e+01,2.403781e+01,2.408512e+01,2.394988e+01,2.397694e+01,2.380768e+01,2.383478e+01,2.381446e+01,2.384155e+01,2.365850e+01,2.364493e+01,2.367886e+01,2.368564e+01,2.361778e+01,2.361099e+01,2.352270e+01,2.342073e+01,2.340713e+01,2.341393e+01,2.345473e+01,2.333908e+01,2.329142e+01,2.329142e+01,2.336630e+01,2.338672e+01,2.328461e+01,2.333908e+01,2.312786e+01,2.316877e+01,2.319604e+01,2.328461e+01,2.325056e+01,2.322330e+01,2.308693e+01,2.311422e+01,2.312786e+01,2.312104e+01,2.309375e+01,2.311422e+01,2.307328e+01,2.312786e+01,2.307328e+01,2.310739e+01,2.308010e+01,2.314150e+01,2.305963e+01,2.306645e+01,2.305280e+01,2.307328e+01,2.306645e+01,2.315514e+01,2.311422e+01,2.312104e+01,2.305280e+01,2.306645e+01,2.306645e+01,2.302550e+01,2.310057e+01,2.299818e+01,2.319604e+01,2.322330e+01,2.295037e+01,2.297086e+01,2.303232e+01,2.296403e+01,2.303915e+01,2.305963e+01,2.311422e+01,2.309375e+01,2.293670e+01,2.303915e+01,2.284783e+01,2.286151e+01,2.301184e+01,2.304598e+01,2.290937e+01,2.317559e+01,2.298452e+01,2.292987e+01,2.292987e+01,2.295720e+01,2.296403e+01,2.304598e+01,2.307328e+01,2.295037e+01,2.298452e+01,2.309375e+01,2.306645e+01,2.314150e+01,2.314150e+01,2.317559e+01,2.317559e+01,2.308010e+01,2.323693e+01,2.327099e+01,2.322330e+01,2.344793e+01,2.334589e+01,2.334589e+01,2.334589e+01,2.341393e+01,2.347513e+01,2.342753e+01,2.347513e+01,2.350911e+01,2.348192e+01,2.362457e+01,2.378735e+01,2.374668e+01,2.381446e+01,2.356346e+01,2.376702e+01,2.376702e+01,2.380091e+01,2.388219e+01,2.395664e+01
2.390250e+01,2.388896e+01,2.389573e+01,2.375346e+01,2.379413e+01,2.387542e+01,2.412566e+01,2.400400e+01,2.397694e+01,2.403105e+01,2.407837e+01,2.405133e+01,2.412566e+01,2.407161e+01,2.407161e+01,2.410540e+01,2.419319e+01,2.410540e+01,2.406485e+01,2.407837e+01,2.407837e+01,2.407161e+01,2.411215e+01,2.411215e+01,2.408512e+01,2.400400e+01,2.399723e+01,2.397018e+01,2.399723e+01,2.398371e+01,2.393634e+01,2.384833e+01,2.397694e+01,2.382801e+01,2.393634e+01,2.378057e+01,2.383478e+01,2.380091e+01,2.378735e+01,2.360420e+01,2.365850e+01,2.354308e+01,2.361778e+01,2.354987e+01,2.357704e+01,2.346153e+01,2.360420e+01,2.368564e+01,2.359062e+01,2.368564e+01,2.380091e+01,2.380091e+01,2.386865e+01,2.386865e+01,2.405133e+01,2.411891e+01,2.416619e+01,2.430790e+01,2.419994e+01,2.419994e+01,2.442247e+01,2.455038e+01,2.452346e+01,2.464452e+01,2.502026e+01,2.494656e+01,2.510060e+01,2.503366e+01,2.507383e+01,2.518088e+01,2.532122e+01,2.526778e+01,2.528782e+01,2.536796e+01,2.542802e+01,2.542135e+01,2.542802e+01,2.539466e+01,2.540801e+01,2.514075e+01,2.518757e+01,2.508722e+01,2.481914e+01,2.476544e+01,2.447635e+01,2.448981e+01,2.434161e+01,2.426068e+01,2.434161e+01,2.455038e+01,2.448308e+01,2.459073e+01,2.483927e+01,2.485940e+01,2.491975e+01,2.495326e+01,2.510730e+01,2.525442e+01,2.526110e+01,2.499347e+01,2.530787e+01,2.540801e+01,2.538131e+01,2.541468e+01,2.540133e+01,2.548138e+01,2.550805e+01,2.551472e+01,2.552139e+01,2.551472e+01,2.554138e+01,2.567459e+01,2.570786e+01,2.576773e+01,2.569455e+01,2.567459e+01,2.584085e+01,2.564130e+01,2.573447e+01,2.562798e+01,2.563464e+01,2.574113e+01,2.568790e+01,2.576108e+01,2.555471e+01,2.566127e+01,2.561466e+01,2.564130e+01,2.562798e+01,2.540801e+01,2.495326e+01,2.424719e+01,2.441573e+01,2.431464e+01,2.428766e+01,2.435509e+01,2.418644e+01,2.432812e+01,2.435509e+01,2.436857e+01,2.438878e+01,2.457056e+01,2.464452e+01,2.461763e+01,2.490634e+01,2.493986e+01,2.500017e+01,2.510730e+01,2.509391e+01,2.515413e+01,2.515413e+01,2.515413e+01,2.528782e+01,2.512737e+01,2.504035e+01,2.514744e+01,2.506713e+01,2.512737e+01,2.526778e+01,2.502026e+01,2.506044e+01,2.508722e+01,2.515413e+01,2.509391e+01,2.500687e+01,2.494656e+01,2.495326e+01,2.498677e+01,2.485940e+01,2.479230e+01,2.477887e+01,2.483256e+01,2.475873e+01,2.476544e+01,2.482585e+01,2.500687e+01,2.487281e+01,2.487281e+01,2.485269e+01,2.479901e+01,2.485940e+01,2.485940e+01,2.489964e+01,2.485269e+01,2.493986e+01,2.491305e+01,2.485269e+01,2.478558e+01,2.483927e+01,2.466469e+01,2.463108e+01,2.458401e+01,2.446961e+01,2.461763e+01,2.459746e+01,2.463108e+01,2.467141e+01,2.470500e+01,2.478558e+01,2.471844e+01,2.494656e+01,2.475201e+01,2.471844e+01,2.480572e+01,2.475873e+01,2.480572e+01,2.479230e+01,2.483256e+01,2.477216e+01,2.485269e+01,2.475873e+01,2.476544e+01,2.477216e+01,2.470500e+01,2.471844e+01,2.471172e+01,2.474530e+01,2.493316e+01,2.467813e+01,2.477887e+01,2.479230e+01,2.477887e+01,2.470500e+01,2.460419e+01,2.465124e+01,2.465124e+01,2.461763e+01,2.456383e+01,2.436183e+01,2.432812e+01,2.446288e+01,2.451673e+01,2.455038e+01,2.450327e+01,2.446961e+01,2.440900e+01,2.451673e+01,2.448308e+01,2.442247e+01,2.448308e+01,2.444941e+01,2.438878e+01,2.438878e+01,2.440226e+01,2.436857e+01,2.439552e+01,2.436857e+01,2.430790e+01,2.432138e+01,2.430790e+01,2.435509e+01,2.411215e+01,2.413242e+01,2.408512e+01,2.406485e+01,2.400400e+01,2.385510e+01,2.403781e+01,2.380091e+01,2.367886e+01,2.365850e+01,2.382801e+01,2.372634e+01,2.361099e+01,2.375346e+01,2.383478e+01,2.403105e+01,2.405133e+01,2.395664e+01,2.398371e+01,2.395664e+01,2.401752e+01,2.397694e+01,2.403105e+01,2.412566e+01,2.397694e+01,2.397694e+01,2.393634e+01,2.403781e+01,2.409188e+01,2.384833e+01,2.408512e+01,2.403781e+01,2.403105e+01,2.402428e+01,2.388219e+01,2.404457e+01,2.394988e+01,2.410540e+01,2.405133e+01,2.412566e+01,2.412566e+01,2.405809e+01,2.403105e+01,2.415943e+01,2.420670e+01,2.444268e+01,2.464452e+01,2.472515e+01,2.493316e+01,2.522768e+01,2.529451e+01,2.548138e+01,2.564130e+01,2.572117e+01,2.565462e+01,2.582092e+01,2.572117e+01,2.564130e+01,2.585415e+01,2.588072e+01,2.577438e+01,2.588072e+01,2.590065e+01,2.588736e+01,2.597368e+01,2.593385e+01,2.593385e+01,2.610634e+01,2.604004e+01,2.600686e+01,2.623222e+01,2.602013e+01,2.603340e+01,2.617924e+01,2.611960e+01,2.606656e+01,2.612623e+01,2.610634e+01,2.604667e+01,2.605993e+01,2.604667e+01,2.603340e+01,2.607982e+01,2.620573e+01,2.609971e+01,2.602013e+01,2.612623e+01,2.595377e+01,2.595377e+01,2.582092e+01,2.518757e+01,2.419319e+01,2.371956e+01,2.382801e+01,2.370599e+01,2.367207e+01,2.372634e+01,2.375346e+01,2.371956e+01,2.371956e+01,2.384155e+01,2.371277e+01,2.378057e+01,2.380091e+01,2.370599e+01,2.376024e+01,2.370599e+01,2.350231e+01,2.333908e+01,2.335269e+01,2.354308e+01,2.333228e+01,2.336630e+01,2.351590e+01,2.365850e+01,2.399047e+01,2.439552e+01,2.444941e+01,2.461091e+01,2.491975e+01,2.502026e+01,2.517419e+01,2.524773e+01,2.527446e+01,2.529451e+01,2.523437e+01,2.520094e+01,2.523437e+01,2.493316e+01,2.500687e+01,2.495326e+01,2.481243e+01,2.471172e+01,2.465796e+01,2.459073e+01,2.428092e+01,2.429441e+01,2.397018e+01,2.386187e+01,2.390250e+01,2.387542e+01,2.376024e+01,2.376702e+01,2.377380e+01,2.373990e+01,2.390250e+01,2.386187e+01,2.378735e+01,2.383478e+01,2.390927e+01,2.387542e+01,2.380768e+01,2.383478e+01,2.386865e+01,2.379413e+01,2.373990e+01,2.375346e+01,2.380091e+01,2.377380e+01,2.374668e+01,2.378057e+01,2.403105e+01,2.486610e+01,2.578103e+01,2.639100e+01,2.668149e+01,2.684619e+01,2.685936e+01,2.701721e+01,2.725355e+01,2.720763e+01,2.718795e+01,2.735187e+01,2.722075e+01,2.733876e+01,2.736497e+01,2.737807e+01,2.739117e+01,2.743046e+01,2.744355e+01,2.746319e+01,2.744355e+01,2.736497e+01,2.733221e+01,2.730600e+01,2.735187e+01,2.726666e+01,2.709605e+01,2.708291e+01,2.709605e+01,2.697119e+01,2.695804e+01,2.695147e+01,2.687910e+01,2.687910e+01,2.681986e+01,2.680669e+01,2.681327e+01,2.683302e+01,2.680669e+01,2.681327e+01,2.664193e+01,2.673422e+01,2.674740e+01,2.673422e+01,2.674081e+01,2.674081e+01,2.677376e+01,2.676717e+01,2.669468e+01,2.674081e+01,2.671445e+01,2.666171e+01,2.652314e+01,2.662214e+01,2.662214e+01,2.656935e+01,2.659575e+01,2.647031e+01,2.655615e+01,2.657595e+01,2.652975e+01,2.645709e+01,2.637117e+01,2.632487e+01,2.628517e+01,2.615936e+01,2.624546e+01,2.621898e+01,2.615936e+01,2.615274e+01,2.607319e+01,2.613948e+01,2.598696e+01,2.596704e+01,2.596041e+01,2.586079e+01,2.594713e+01,2.585415e+01,2.575443e+01,2.577438e+01,2.574113e+01,2.574778e+01,2.569455e+01,2.568124e+01,2.558136e+01,2.556804e+01,2.558802e+01,2.556804e+01,2.560134e+01,2.540133e+01,2.540133e+01,2.532790e+01,2.526778e+01,2.525442e+01,2.496667e+01,2.514075e+01,2.510730e+01,2.498677e+01,2.498007e+01,2.489293e+01,2.481914e+01,2.481914e+01,2.466469e+01,2.460419e+01,2.454365e+01,2.448308e+01,2.448308e+01,2.446961e+01,2.440226e+01,2.430790e+01,2.417969e+01,2.409864e+01,2.413917e+01,2.404457e+01,2.399723e+01,2.403781e+01,2.401076e+01,2.389573e+01,2.382801e+01,2.391604e+01,2.366529e+01,2.370599e+01,2.367207e+01,2.371956e+01,2.363136e+01,2.349552e+01,2.348872e+01,2.344113e+01,2.354308e+01,2.352270e+01,2.337311e+01,2.350231e+01,2.337311e+01,2.331866e+01,2.325737e+01,2.327780e+01,2.332547e+01,2.323693e+01,2.335950e+01,2.333908e+01,2.314150e+01,2.318241e+01,2.314832e+01,2.312104e+01,2.316195e+01,2.325056e+01,2.314150e+01,2.314150e+01,2.312104e+01,2.304598e+01,2.310739e+01,2.305963e+01,2.305280e+01,2.300501e+01,2.312786e+01,2.302550e+01,2.300501e+01,2.314150e+01,2.300501e+01,2.305963e+01,2.301867e+01,2.311422e+01,2.321649e+01,2.288202e+01,2.316195e+01,2.305963e+01,2.306645e+01,2.309375e+01,2.309375e+01,2.315514e+01,2.298452e+01,2.297086e+01,2.325056e+01,2.299135e+01,2.306645e+01,2.300501e+01,2.299135e+01,2.304598e+01,2.307328e+01,2.312786e+01,2.305280e+01,2.301184e+01,2.297086e+01,2.287519e+01,2.303232e+01,2.290253e+01,2.301867e+01,2.303232e+01,2.305280e+01,2.291620e+01,2.290937e+01,2.301184e+01,2.302550e+01,2.302550e+01,2.305280e+01,2.295720e+01,2.287519e+01,2.309375e+01,2.312104e+01,2.312104e+01,2.316195e+01,2.310739e+01,2.314832e+01,2.311422e+01,2.320967e+01,2.320967e+01,2.325737e+01,2.341393e+01,2.339352e+01,2.332547e+01,2.335269e+01,2.332547e+01,2.338672e+01,2.342753e+01,2.348872e+01,2.345473e+01,2.352949e+01,2.344113e+01,2.366529e+01,2.369921e+01,2.357025e+01,2.368564e+01,2.380768e+01,2.367207e+01,2.395664e+01,2.371277e+01,2.379413e+01,2.392958e+01
2.374668e+01,2.396341e+01,2.392281e+01,2.391604e+01,2.392958e+01,2.393634e+01,2.399047e+01,2.393634e+01,2.400400e+01,2.409864e+01,2.415943e+01,2.409864e+01,2.421344e+01,2.400400e+01,2.417969e+01,2.405809e+01,2.407161e+01,2.402428e+01,2.396341e+01,2.406485e+01,2.407837e+01,2.398371e+01,2.405809e+01,2.412566e+01,2.400400e+01,2.400400e+01,2.407161e+01,2.398371e+01,2.404457e+01,2.403781e+01,2.382801e+01,2.384833e+01,2.391604e+01,2.396341e+01,2.388896e+01,2.378057e+01,2.379413e+01,2.379413e+01,2.380768e+01,2.380091e+01,2.357704e+01,2.354308e+01,2.359741e+01,2.353629e+01,2.354987e+01,2.355667e+01,2.369921e+01,2.366529e+01,2.358383e+01,2.373990e+01,2.365850e+01,2.379413e+01,2.385510e+01,2.405809e+01,2.402428e+01,2.417969e+01,2.431464e+01,2.442247e+01,2.441573e+01,2.456383e+01,2.467141e+01,2.456383e+01,2.471172e+01,2.473858e+01,2.507383e+01,2.508052e+01,2.504705e+01,2.502696e+01,2.513406e+01,2.527446e+01,2.534126e+01,2.524773e+01,2.530119e+01,2.540133e+01,2.541468e+01,2.540801e+01,2.542802e+01,2.537464e+01,2.534793e+01,2.509391e+01,2.502026e+01,2.475201e+01,2.466469e+01,2.449654e+01,2.450327e+01,2.448308e+01,2.430790e+01,2.432812e+01,2.427417e+01,2.450327e+01,2.476544e+01,2.463780e+01,2.479901e+01,2.493986e+01,2.502026e+01,2.492645e+01,2.508722e+01,2.513406e+01,2.527446e+01,2.532122e+01,2.534126e+01,2.540801e+01,2.536129e+01,2.538799e+01,2.536129e+01,2.543469e+01,2.542802e+01,2.544804e+01,2.549472e+01,2.544804e+01,2.567459e+01,2.553472e+01,2.568124e+01,2.566793e+01,2.563464e+01,2.562132e+01,2.562798e+01,2.571451e+01,2.574778e+01,2.565462e+01,2.554804e+01,2.555471e+01,2.563464e+01,2.554804e+01,2.555471e+01,2.561466e+01,2.557470e+01,2.559468e+01,2.566127e+01,2.558802e+01,2.519426e+01,2.461091e+01,2.419319e+01,2.421344e+01,2.410540e+01,2.414593e+01,2.411891e+01,2.413242e+01,2.420670e+01,2.416619e+01,2.440226e+01,2.441573e+01,2.461091e+01,2.463108e+01,2.482585e+01,2.489964e+01,2.489293e+01,2.506713e+01,2.510060e+01,2.519426e+01,2.519426e+01,2.515413e+01,2.515413e+01,2.516082e+01,2.512068e+01,2.507383e+01,2.502026e+01,2.499347e+01,2.514075e+01,2.504035e+01,2.512737e+01,2.496667e+01,2.493316e+01,2.491305e+01,2.496667e+01,2.492645e+01,2.487952e+01,2.495997e+01,2.486610e+01,2.481243e+01,2.477216e+01,2.480572e+01,2.475201e+01,2.477887e+01,2.468484e+01,2.477216e+01,2.485269e+01,2.486610e+01,2.485269e+01,2.481243e+01,2.498677e+01,2.491975e+01,2.498007e+01,2.491975e+01,2.486610e+01,2.491305e+01,2.493316e+01,2.487281e+01,2.467813e+01,2.472515e+01,2.459073e+01,2.459073e+01,2.461763e+01,2.461091e+01,2.460419e+01,2.465124e+01,2.461763e+01,2.477216e+01,2.474530e+01,2.498677e+01,2.465796e+01,2.474530e+01,2.473187e+01,2.476544e+01,2.481914e+01,2.482585e+01,2.481243e+01,2.472515e+01,2.468484e+01,2.464452e+01,2.471844e+01,2.489293e+01,2.489293e+01,2.477216e+01,2.469828e+01,2.481914e+01,2.474530e+01,2.472515e+01,2.483927e+01,2.479901e+01,2.491305e+01,2.478558e+01,2.472515e+01,2.463780e+01,2.465124e+01,2.465124e+01,2.459073e+01,2.454365e+01,2.451000e+01,2.451673e+01,2.454365e+01,2.441573e+01,2.457728e+01,2.443594e+01,2.450327e+01,2.452346e+01,2.446288e+01,2.444941e+01,2.442921e+01,2.444941e+01,2.442247e+01,2.443594e+01,2.439552e+01,2.439552e+01,2.432138e+01,2.440226e+01,2.437531e+01,2.438205e+01,2.450327e+01,2.422694e+01,2.432812e+01,2.428766e+01,2.417969e+01,2.424044e+01,2.400400e+01,2.406485e+01,2.388219e+01,2.394311e+01,2.375346e+01,2.377380e+01,2.378057e+01,2.371956e+01,2.370599e+01,2.367207e+01,2.366529e+01,2.367886e+01,2.371277e+01,2.373312e+01,2.376024e+01,2.386865e+01,2.396341e+01,2.389573e+01,2.399047e+01,2.388896e+01,2.391604e+01,2.398371e+01,2.402428e+01,2.393634e+01,2.386865e+01,2.403105e+01,2.403781e+01,2.394988e+01,2.411215e+01,2.411215e+01,2.414593e+01,2.409188e+01,2.415943e+01,2.415268e+01,2.411891e+01,2.411891e+01,2.418644e+01,2.438878e+01,2.424719e+01,2.434835e+01,2.424044e+01,2.455710e+01,2.474530e+01,2.471844e+01,2.479901e+01,2.502026e+01,2.535461e+01,2.547471e+01,2.575443e+01,2.571451e+01,2.584750e+01,2.584085e+01,2.586079e+01,2.587408e+01,2.568124e+01,2.601350e+01,2.597368e+01,2.598032e+01,2.595377e+01,2.588736e+01,2.587408e+01,2.598696e+01,2.600023e+01,2.600023e+01,2.615936e+01,2.602013e+01,2.607982e+01,2.622560e+01,2.609971e+01,2.627855e+01,2.603340e+01,2.627194e+01,2.616599e+01,2.623884e+01,2.621235e+01,2.609971e+01,2.625208e+01,2.627855e+01,2.631826e+01,2.620573e+01,2.615274e+01,2.611960e+01,2.611960e+01,2.600686e+01,2.596704e+01,2.586079e+01,2.584085e+01,2.524105e+01,2.441573e+01,2.383478e+01,2.386865e+01,2.379413e+01,2.374668e+01,2.373312e+01,2.373990e+01,2.374668e+01,2.371956e+01,2.364493e+01,2.369242e+01,2.365850e+01,2.367886e+01,2.376702e+01,2.375346e+01,2.365172e+01,2.369921e+01,2.351590e+01,2.341393e+01,2.340032e+01,2.346833e+01,2.338672e+01,2.348192e+01,2.378057e+01,2.386865e+01,2.441573e+01,2.448308e+01,2.477887e+01,2.507383e+01,2.504705e+01,2.511399e+01,2.518757e+01,2.524105e+01,2.527446e+01,2.534126e+01,2.526778e+01,2.520763e+01,2.521431e+01,2.507383e+01,2.505375e+01,2.478558e+01,2.479230e+01,2.468484e+01,2.467141e+01,2.446961e+01,2.442247e+01,2.424044e+01,2.402428e+01,2.397694e+01,2.388896e+01,2.379413e+01,2.361099e+01,2.359741e+01,2.356346e+01,2.356346e+01,2.383478e+01,2.369242e+01,2.362457e+01,2.377380e+01,2.390250e+01,2.371956e+01,2.373312e+01,2.375346e+01,2.373312e+01,2.373990e+01,2.380768e+01,2.378735e+01,2.381446e+01,2.378057e+01,2.378735e+01,2.405809e+01,2.475201e+01,2.568790e+01,2.621235e+01,2.656275e+01,2.689226e+01,2.679352e+01,2.682644e+01,2.698434e+01,2.699749e+01,2.706320e+01,2.713544e+01,2.716826e+01,2.731255e+01,2.718795e+01,2.714857e+01,2.727978e+01,2.720763e+01,2.729289e+01,2.722075e+01,2.737807e+01,2.739117e+01,2.732566e+01,2.729944e+01,2.693831e+01,2.712231e+01,2.706320e+01,2.699749e+01,2.697119e+01,2.697119e+01,2.695147e+01,2.692516e+01,2.691858e+01,2.691858e+01,2.689884e+01,2.680669e+01,2.680669e+01,2.678034e+01,2.683302e+01,2.672104e+01,2.676717e+01,2.654955e+01,2.667490e+01,2.670127e+01,2.674081e+01,2.673422e+01,2.673422e+01,2.674740e+01,2.670127e+01,2.666171e+01,2.665512e+01,2.664193e+01,2.663533e+01,2.649673e+01,2.666171e+01,2.654295e+01,2.647691e+01,2.649012e+01,2.639100e+01,2.643727e+01,2.650333e+01,2.656935e+01,2.638439e+01,2.627855e+01,2.632487e+01,2.627194e+01,2.628517e+01,2.617924e+01,2.620573e+01,2.618586e+01,2.627855e+01,2.611960e+01,2.598032e+01,2.580762e+01,2.595377e+01,2.594713e+01,2.592057e+01,2.580762e+01,2.580762e+01,2.578103e+01,2.580097e+01,2.575443e+01,2.573447e+01,2.572782e+01,2.560134e+01,2.555471e+01,2.555471e+01,2.550139e+01,2.546805e+01,2.546805e+01,2.540801e+01,2.526110e+01,2.523437e+01,2.512737e+01,2.520763e+01,2.508722e+01,2.491975e+01,2.489964e+01,2.489964e+01,2.484598e+01,2.484598e+01,2.468484e+01,2.454365e+01,2.456383e+01,2.446961e+01,2.436183e+01,2.439552e+01,2.453019e+01,2.427417e+01,2.415268e+01,2.421344e+01,2.402428e+01,2.411891e+01,2.402428e+01,2.406485e+01,2.403781e+01,2.386865e+01,2.394311e+01,2.385510e+01,2.386187e+01,2.369921e+01,2.371277e+01,2.363136e+01,2.363814e+01,2.361099e+01,2.361099e+01,2.348872e+01,2.340713e+01,2.338672e+01,2.352949e+01,2.331866e+01,2.329823e+01,2.340032e+01,2.341393e+01,2.329823e+01,2.324374e+01,2.329823e+01,2.322330e+01,2.319604e+01,2.320967e+01,2.333908e+01,2.320286e+01,2.323012e+01,2.313468e+01,2.312104e+01,2.312786e+01,2.313468e+01,2.302550e+01,2.315514e+01,2.312104e+01,2.314832e+01,2.324374e+01,2.299818e+01,2.303915e+01,2.311422e+01,2.314150e+01,2.306645e+01,2.303232e+01,2.310739e+01,2.317559e+01,2.303232e+01,2.303232e+01,2.308693e+01,2.305963e+01,2.308010e+01,2.305280e+01,2.301184e+01,2.309375e+01,2.317559e+01,2.311422e+01,2.311422e+01,2.296403e+01,2.305963e+01,2.306645e+01,2.294353e+01,2.305963e+01,2.302550e+01,2.303915e+01,2.308693e+01,2.299818e+01,2.288886e+01,2.288202e+01,2.289569e+01,2.287519e+01,2.295720e+01,2.290253e+01,2.297086e+01,2.290937e+01,2.303915e+01,2.301184e+01,2.299818e+01,2.297086e+01,2.297086e+01,2.299135e+01,2.304598e+01,2.297769e+01,2.292303e+01,2.293670e+01,2.300501e+01,2.311422e+01,2.310739e+01,2.311422e+01,2.316877e+01,2.314832e+01,2.316195e+01,2.330504e+01,2.327099e+01,2.346153e+01,2.330504e+01,2.334589e+01,2.335950e+01,2.324374e+01,2.344113e+01,2.341393e+01,2.348192e+01,2.346833e+01,2.348872e+01,2.358383e+01,2.354308e+01,2.360420e+01,2.359062e+01,2.372634e+01,2.391604e+01,2.375346e+01,2.372634e+01,2.373990e+01,2.369242e+01,2.386187e+01
2.404457e+01,2.393634e+01,2.392281e+01,2.387542e+01,2.396341e+01,2.392281e+01,2.397018e+01,2.390250e+01,2.396341e+01,2.416619e+01,2.415268e+01,2.419319e+01,2.407161e+01,2.389573e+01,2.418644e+01,2.408512e+01,2.399723e+01,2.426068e+01,2.415268e+01,2.407837e+01,2.398371e+01,2.400400e+01,2.408512e+01,2.402428e+01,2.411891e+01,2.420670e+01,2.407837e+01,2.395664e+01,2.403105e+01,2.397694e+01,2.393634e+01,2.401752e+01,2.387542e+01,2.386865e+01,2.380768e+01,2.386187e+01,2.365172e+01,2.374668e+01,2.363136e+01,2.371956e+01,2.379413e+01,2.352270e+01,2.371956e+01,2.359741e+01,2.367207e+01,2.369242e+01,2.371956e+01,2.384833e+01,2.376702e+01,2.390250e+01,2.385510e+01,2.412566e+01,2.401752e+01,2.411215e+01,2.412566e+01,2.437531e+01,2.436857e+01,2.435509e+01,2.440226e+01,2.459073e+01,2.453692e+01,2.472515e+01,2.457728e+01,2.510060e+01,2.511399e+01,2.489293e+01,2.500017e+01,2.510730e+01,2.515413e+01,2.532122e+01,2.530119e+01,2.529451e+01,2.532122e+01,2.535461e+01,2.540133e+01,2.531454e+01,2.526110e+01,2.515413e+01,2.514744e+01,2.505375e+01,2.496667e+01,2.481914e+01,2.477216e+01,2.459746e+01,2.451000e+01,2.442247e+01,2.427417e+01,2.438205e+01,2.448308e+01,2.447635e+01,2.461091e+01,2.477216e+01,2.470500e+01,2.489964e+01,2.506713e+01,2.494656e+01,2.491975e+01,2.508722e+01,2.524105e+01,2.510730e+01,2.534126e+01,2.529451e+01,2.531454e+01,2.539466e+01,2.532790e+01,2.549472e+01,2.548138e+01,2.543469e+01,2.550139e+01,2.548138e+01,2.544137e+01,2.539466e+01,2.558802e+01,2.560800e+01,2.564130e+01,2.576773e+01,2.555471e+01,2.559468e+01,2.556137e+01,2.553472e+01,2.550805e+01,2.562132e+01,2.557470e+01,2.560134e+01,2.550139e+01,2.547471e+01,2.557470e+01,2.575443e+01,2.564796e+01,2.561466e+01,2.518757e+01,2.481243e+01,2.424719e+01,2.409864e+01,2.399723e+01,2.411215e+01,2.400400e+01,2.422694e+01,2.411891e+01,2.415268e+01,2.420670e+01,2.455038e+01,2.442247e+01,2.455038e+01,2.475201e+01,2.477216e+01,2.508052e+01,2.508052e+01,2.524773e+01,2.511399e+01,2.516751e+01,2.515413e+01,2.516751e+01,2.515413e+01,2.518088e+01,2.514744e+01,2.508722e+01,2.499347e+01,2.499347e+01,2.487952e+01,2.500687e+01,2.499347e+01,2.506713e+01,2.481243e+01,2.502696e+01,2.489964e+01,2.482585e+01,2.477887e+01,2.478558e+01,2.476544e+01,2.468484e+01,2.470500e+01,2.471172e+01,2.465796e+01,2.463780e+01,2.466469e+01,2.477216e+01,2.483927e+01,2.482585e+01,2.489293e+01,2.487952e+01,2.484598e+01,2.490634e+01,2.489964e+01,2.491975e+01,2.494656e+01,2.500687e+01,2.503366e+01,2.487281e+01,2.484598e+01,2.469828e+01,2.459073e+01,2.457056e+01,2.460419e+01,2.457056e+01,2.468484e+01,2.471844e+01,2.467141e+01,2.467813e+01,2.461091e+01,2.473858e+01,2.471844e+01,2.471172e+01,2.483256e+01,2.474530e+01,2.477216e+01,2.481243e+01,2.489964e+01,2.469156e+01,2.488622e+01,2.481243e+01,2.477216e+01,2.463780e+01,2.466469e+01,2.469828e+01,2.474530e+01,2.472515e+01,2.468484e+01,2.475873e+01,2.487952e+01,2.485269e+01,2.474530e+01,2.469828e+01,2.465796e+01,2.466469e+01,2.464452e+01,2.461763e+01,2.461091e+01,2.454365e+01,2.453019e+01,2.442247e+01,2.457056e+01,2.444941e+01,2.442921e+01,2.448981e+01,2.446961e+01,2.437531e+01,2.440900e+01,2.448981e+01,2.434161e+01,2.442921e+01,2.440226e+01,2.441573e+01,2.438205e+01,2.442247e+01,2.439552e+01,2.444268e+01,2.444941e+01,2.438878e+01,2.436857e+01,2.439552e+01,2.440226e+01,2.417294e+01,2.411891e+01,2.411891e+01,2.404457e+01,2.382123e+01,2.373312e+01,2.376702e+01,2.393634e+01,2.359741e+01,2.371277e+01,2.362457e+01,2.366529e+01,2.359741e+01,2.363814e+01,2.370599e+01,2.368564e+01,2.389573e+01,2.389573e+01,2.390927e+01,2.395664e+01,2.392281e+01,2.388896e+01,2.403105e+01,2.392281e+01,2.411215e+01,2.395664e+01,2.418644e+01,2.409864e+01,2.407161e+01,2.410540e+01,2.412566e+01,2.420670e+01,2.411215e+01,2.412566e+01,2.432812e+01,2.418644e+01,2.441573e+01,2.429441e+01,2.440226e+01,2.446961e+01,2.454365e+01,2.448981e+01,2.475873e+01,2.476544e+01,2.478558e+01,2.500687e+01,2.519426e+01,2.536796e+01,2.544804e+01,2.572782e+01,2.573447e+01,2.578103e+01,2.582092e+01,2.577438e+01,2.590065e+01,2.590729e+01,2.612623e+01,2.614611e+01,2.602677e+01,2.597368e+01,2.616599e+01,2.604004e+01,2.594049e+01,2.596704e+01,2.605993e+01,2.607982e+01,2.608646e+01,2.620573e+01,2.605993e+01,2.635794e+01,2.619911e+01,2.618586e+01,2.633149e+01,2.622560e+01,2.631164e+01,2.624546e+01,2.619248e+01,2.623884e+01,2.626532e+01,2.613948e+01,2.631164e+01,2.607319e+01,2.630502e+01,2.621898e+01,2.616599e+01,2.619911e+01,2.600686e+01,2.611960e+01,2.583421e+01,2.536129e+01,2.442247e+01,2.391604e+01,2.376024e+01,2.375346e+01,2.376024e+01,2.376702e+01,2.371956e+01,2.383478e+01,2.372634e+01,2.371277e+01,2.371956e+01,2.364493e+01,2.388219e+01,2.401752e+01,2.382801e+01,2.381446e+01,2.367886e+01,2.347513e+01,2.346833e+01,2.348872e+01,2.350231e+01,2.344793e+01,2.341393e+01,2.364493e+01,2.403105e+01,2.445614e+01,2.451673e+01,2.463108e+01,2.498677e+01,2.510730e+01,2.529451e+01,2.513406e+01,2.525442e+01,2.521431e+01,2.530119e+01,2.532790e+01,2.521431e+01,2.499347e+01,2.495997e+01,2.506713e+01,2.504705e+01,2.499347e+01,2.477887e+01,2.473858e+01,2.459073e+01,2.446961e+01,2.438205e+01,2.425393e+01,2.397018e+01,2.397694e+01,2.383478e+01,2.378057e+01,2.356346e+01,2.355667e+01,2.342073e+01,2.353629e+01,2.351590e+01,2.354308e+01,2.368564e+01,2.348192e+01,2.354308e+01,2.356346e+01,2.359062e+01,2.362457e+01,2.359062e+01,2.353629e+01,2.358383e+01,2.380091e+01,2.375346e+01,2.368564e+01,2.405133e+01,2.464452e+01,2.544137e+01,2.621898e+01,2.664852e+01,2.654295e+01,2.671445e+01,2.662874e+01,2.689884e+01,2.694489e+01,2.697777e+01,2.694489e+01,2.718139e+01,2.697119e+01,2.718795e+01,2.718139e+01,2.708948e+01,2.695804e+01,2.696462e+01,2.715514e+01,2.728633e+01,2.716826e+01,2.713544e+01,2.710918e+01,2.693173e+01,2.692516e+01,2.697119e+01,2.692516e+01,2.697119e+01,2.700406e+01,2.698434e+01,2.702378e+01,2.691200e+01,2.695147e+01,2.681986e+01,2.674081e+01,2.662874e+01,2.666171e+01,2.666171e+01,2.669468e+01,2.673422e+01,2.670127e+01,2.671445e+01,2.668149e+01,2.674740e+01,2.676058e+01,2.664852e+01,2.668149e+01,2.666831e+01,2.669468e+01,2.666171e+01,2.663533e+01,2.659575e+01,2.653635e+01,2.652314e+01,2.650333e+01,2.649012e+01,2.643727e+01,2.643727e+01,2.645049e+01,2.639761e+01,2.637778e+01,2.635794e+01,2.633810e+01,2.633149e+01,2.623222e+01,2.620573e+01,2.621898e+01,2.610634e+01,2.617261e+01,2.618586e+01,2.602013e+01,2.599359e+01,2.582756e+01,2.570786e+01,2.585415e+01,2.577438e+01,2.578103e+01,2.574778e+01,2.564796e+01,2.576108e+01,2.576108e+01,2.576108e+01,2.574113e+01,2.554804e+01,2.551472e+01,2.544804e+01,2.547471e+01,2.539466e+01,2.527446e+01,2.526110e+01,2.523437e+01,2.495997e+01,2.522768e+01,2.495326e+01,2.493316e+01,2.488622e+01,2.479230e+01,2.471844e+01,2.470500e+01,2.457056e+01,2.459746e+01,2.465124e+01,2.455038e+01,2.451673e+01,2.446961e+01,2.437531e+01,2.410540e+01,2.411215e+01,2.405809e+01,2.409864e+01,2.405133e+01,2.397694e+01,2.395664e+01,2.391604e+01,2.388896e+01,2.380768e+01,2.384155e+01,2.384155e+01,2.357025e+01,2.360420e+01,2.372634e+01,2.354308e+01,2.359062e+01,2.361099e+01,2.358383e+01,2.336630e+01,2.337991e+01,2.333228e+01,2.336630e+01,2.332547e+01,2.318923e+01,2.329142e+01,2.328461e+01,2.323693e+01,2.326418e+01,2.320967e+01,2.316877e+01,2.321649e+01,2.318923e+01,2.318923e+01,2.310739e+01,2.311422e+01,2.314150e+01,2.317559e+01,2.311422e+01,2.310739e+01,2.315514e+01,2.314832e+01,2.309375e+01,2.308693e+01,2.312104e+01,2.305280e+01,2.296403e+01,2.312104e+01,2.308010e+01,2.307328e+01,2.304598e+01,2.287519e+01,2.298452e+01,2.300501e+01,2.301867e+01,2.303232e+01,2.317559e+01,2.314832e+01,2.299818e+01,2.303915e+01,2.307328e+01,2.297086e+01,2.302550e+01,2.312104e+01,2.305963e+01,2.301867e+01,2.308010e+01,2.315514e+01,2.295720e+01,2.315514e+01,2.313468e+01,2.286835e+01,2.288202e+01,2.288886e+01,2.305280e+01,2.306645e+01,2.290937e+01,2.298452e+01,2.289569e+01,2.291620e+01,2.292303e+01,2.287519e+01,2.290937e+01,2.292303e+01,2.283415e+01,2.303915e+01,2.298452e+01,2.308010e+01,2.295037e+01,2.301184e+01,2.300501e+01,2.299818e+01,2.309375e+01,2.313468e+01,2.316195e+01,2.311422e+01,2.317559e+01,2.322330e+01,2.329142e+01,2.318241e+01,2.323012e+01,2.331866e+01,2.341393e+01,2.334589e+01,2.328461e+01,2.353629e+01,2.361778e+01,2.347513e+01,2.340032e+01,2.349552e+01,2.355667e+01,2.361099e+01,2.357025e+01,2.365172e+01,2.357704e+01,2.367886e+01,2.382123e+01,2.369242e+01,2.375346e+01,2.376702e+01,2.384155e+01
2.411215e+01,2.399723e+01,2.397694e+01,2.394988e+01,2.399047e+01,2.407837e+01,2.396341e+01,2.422019e+01,2.400400e+01,2.415943e+01,2.424719e+01,2.415943e+01,2.414593e+01,2.417969e+01,2.419994e+01,2.413917e+01,2.419319e+01,2.411891e+01,2.413917e+01,2.409188e+01,2.405809e+01,2.405133e+01,2.411215e+01,2.403105e+01,2.421344e+01,2.411215e+01,2.400400e+01,2.405133e+01,2.395664e+01,2.403781e+01,2.400400e+01,2.382801e+01,2.404457e+01,2.401076e+01,2.388896e+01,2.399723e+01,2.372634e+01,2.380768e+01,2.380091e+01,2.381446e+01,2.377380e+01,2.362457e+01,2.356346e+01,2.365850e+01,2.389573e+01,2.390927e+01,2.370599e+01,2.381446e+01,2.392958e+01,2.397018e+01,2.405809e+01,2.401076e+01,2.403105e+01,2.409864e+01,2.411891e+01,2.436857e+01,2.449654e+01,2.468484e+01,2.451000e+01,2.467141e+01,2.470500e+01,2.477216e+01,2.469156e+01,2.482585e+01,2.505375e+01,2.503366e+01,2.524105e+01,2.526778e+01,2.524773e+01,2.522768e+01,2.527446e+01,2.532122e+01,2.536129e+01,2.526778e+01,2.530787e+01,2.536796e+01,2.528782e+01,2.519426e+01,2.495997e+01,2.498007e+01,2.492645e+01,2.469828e+01,2.463780e+01,2.457056e+01,2.445614e+01,2.439552e+01,2.434161e+01,2.440226e+01,2.443594e+01,2.442921e+01,2.461091e+01,2.466469e+01,2.489293e+01,2.492645e+01,2.508722e+01,2.493986e+01,2.500687e+01,2.512068e+01,2.504035e+01,2.511399e+01,2.534126e+01,2.516082e+01,2.515413e+01,2.533458e+01,2.529451e+01,2.540801e+01,2.538799e+01,2.533458e+01,2.535461e+01,2.524105e+01,2.548138e+01,2.542802e+01,2.536796e+01,2.562132e+01,2.559468e+01,2.554804e+01,2.558802e+01,2.557470e+01,2.548138e+01,2.549472e+01,2.552805e+01,2.559468e+01,2.554138e+01,2.540133e+01,2.552805e+01,2.544804e+01,2.546138e+01,2.556137e+01,2.556804e+01,2.544804e+01,2.539466e+01,2.488622e+01,2.436857e+01,2.411215e+01,2.411891e+01,2.410540e+01,2.399723e+01,2.411215e+01,2.408512e+01,2.413917e+01,2.408512e+01,2.440226e+01,2.453692e+01,2.462436e+01,2.468484e+01,2.502696e+01,2.508052e+01,2.514075e+01,2.513406e+01,2.514075e+01,2.518757e+01,2.512068e+01,2.518088e+01,2.515413e+01,2.498007e+01,2.497337e+01,2.496667e+01,2.482585e+01,2.490634e+01,2.497337e+01,2.499347e+01,2.483256e+01,2.506044e+01,2.483927e+01,2.483256e+01,2.481914e+01,2.481914e+01,2.478558e+01,2.479230e+01,2.467141e+01,2.479230e+01,2.474530e+01,2.469156e+01,2.463780e+01,2.465124e+01,2.465796e+01,2.485269e+01,2.479901e+01,2.475201e+01,2.482585e+01,2.476544e+01,2.495326e+01,2.493316e+01,2.489964e+01,2.480572e+01,2.486610e+01,2.486610e+01,2.484598e+01,2.481243e+01,2.472515e+01,2.462436e+01,2.457728e+01,2.465796e+01,2.462436e+01,2.455710e+01,2.459746e+01,2.457728e+01,2.455710e+01,2.461763e+01,2.471844e+01,2.472515e+01,2.468484e+01,2.470500e+01,2.471844e+01,2.480572e+01,2.488622e+01,2.463780e+01,2.483256e+01,2.472515e+01,2.467141e+01,2.477216e+01,2.475873e+01,2.469156e+01,2.477216e+01,2.472515e+01,2.467813e+01,2.469828e+01,2.469828e+01,2.470500e+01,2.466469e+01,2.469828e+01,2.472515e+01,2.467141e+01,2.465796e+01,2.467813e+01,2.461091e+01,2.461091e+01,2.459073e+01,2.453019e+01,2.451673e+01,2.448308e+01,2.459073e+01,2.455710e+01,2.445614e+01,2.451000e+01,2.446288e+01,2.451673e+01,2.448981e+01,2.446288e+01,2.444941e+01,2.443594e+01,2.438878e+01,2.438205e+01,2.451000e+01,2.439552e+01,2.444941e+01,2.441573e+01,2.446288e+01,2.444941e+01,2.441573e+01,2.436183e+01,2.419319e+01,2.409188e+01,2.413917e+01,2.410540e+01,2.409188e+01,2.392958e+01,2.376024e+01,2.380768e+01,2.380768e+01,2.363814e+01,2.361778e+01,2.361099e+01,2.363136e+01,2.367207e+01,2.365172e+01,2.365172e+01,2.361778e+01,2.386187e+01,2.382123e+01,2.389573e+01,2.390250e+01,2.393634e+01,2.393634e+01,2.399723e+01,2.407161e+01,2.396341e+01,2.411215e+01,2.411215e+01,2.411891e+01,2.413917e+01,2.427417e+01,2.431464e+01,2.411891e+01,2.425393e+01,2.440226e+01,2.446288e+01,2.427417e+01,2.428092e+01,2.440226e+01,2.461763e+01,2.466469e+01,2.473858e+01,2.474530e+01,2.475873e+01,2.498007e+01,2.498007e+01,2.518088e+01,2.541468e+01,2.552805e+01,2.548805e+01,2.568124e+01,2.588736e+01,2.580762e+01,2.602013e+01,2.581427e+01,2.600023e+01,2.599359e+01,2.595377e+01,2.605993e+01,2.607982e+01,2.617924e+01,2.616599e+01,2.605330e+01,2.615936e+01,2.609309e+01,2.607982e+01,2.619911e+01,2.621235e+01,2.622560e+01,2.628517e+01,2.635794e+01,2.623222e+01,2.630502e+01,2.634472e+01,2.639100e+01,2.638439e+01,2.637778e+01,2.637778e+01,2.628517e+01,2.627855e+01,2.635133e+01,2.631826e+01,2.635133e+01,2.635133e+01,2.619911e+01,2.617924e+01,2.627194e+01,2.614611e+01,2.605993e+01,2.595377e+01,2.542135e+01,2.440900e+01,2.387542e+01,2.378057e+01,2.376024e+01,2.386865e+01,2.362457e+01,2.360420e+01,2.368564e+01,2.364493e+01,2.364493e+01,2.394988e+01,2.397018e+01,2.390250e+01,2.415943e+01,2.385510e+01,2.365850e+01,2.346833e+01,2.345473e+01,2.341393e+01,2.348872e+01,2.349552e+01,2.338672e+01,2.357704e+01,2.362457e+01,2.416619e+01,2.441573e+01,2.467141e+01,2.497337e+01,2.504705e+01,2.509391e+01,2.519426e+01,2.529451e+01,2.528782e+01,2.523437e+01,2.522768e+01,2.534793e+01,2.520763e+01,2.523437e+01,2.526110e+01,2.486610e+01,2.498007e+01,2.477216e+01,2.475873e+01,2.463780e+01,2.475201e+01,2.443594e+01,2.443594e+01,2.429441e+01,2.408512e+01,2.411891e+01,2.397018e+01,2.373990e+01,2.365850e+01,2.378735e+01,2.363136e+01,2.367886e+01,2.354308e+01,2.354308e+01,2.358383e+01,2.348872e+01,2.346153e+01,2.344113e+01,2.346153e+01,2.340713e+01,2.355667e+01,2.346833e+01,2.350231e+01,2.362457e+01,2.363814e+01,2.363814e+01,2.374668e+01,2.449654e+01,2.529451e+01,2.596704e+01,2.654295e+01,2.661554e+01,2.675399e+01,2.680669e+01,2.692516e+01,2.689226e+01,2.685277e+01,2.687910e+01,2.713544e+01,2.691200e+01,2.690542e+01,2.693831e+01,2.698434e+01,2.694489e+01,2.717483e+01,2.701064e+01,2.716170e+01,2.717483e+01,2.713544e+01,2.714857e+01,2.706320e+01,2.699749e+01,2.706320e+01,2.695147e+01,2.693831e+01,2.691200e+01,2.695804e+01,2.682644e+01,2.683961e+01,2.688568e+01,2.681986e+01,2.681986e+01,2.661554e+01,2.669468e+01,2.663533e+01,2.670127e+01,2.670786e+01,2.669468e+01,2.671445e+01,2.668149e+01,2.675399e+01,2.671445e+01,2.668809e+01,2.662874e+01,2.662874e+01,2.660235e+01,2.660235e+01,2.655615e+01,2.645709e+01,2.650333e+01,2.647691e+01,2.645049e+01,2.649012e+01,2.657595e+01,2.644388e+01,2.641084e+01,2.634472e+01,2.642405e+01,2.638439e+01,2.633810e+01,2.619911e+01,2.623884e+01,2.620573e+01,2.620573e+01,2.614611e+01,2.604004e+01,2.591393e+01,2.604667e+01,2.590729e+01,2.590065e+01,2.579433e+01,2.577438e+01,2.591393e+01,2.574778e+01,2.573447e+01,2.572782e+01,2.551472e+01,2.571451e+01,2.557470e+01,2.550805e+01,2.553472e+01,2.534126e+01,2.531454e+01,2.522100e+01,2.532790e+01,2.517419e+01,2.520094e+01,2.526778e+01,2.499347e+01,2.493316e+01,2.493316e+01,2.491975e+01,2.490634e+01,2.491305e+01,2.465124e+01,2.464452e+01,2.467141e+01,2.446961e+01,2.450327e+01,2.436183e+01,2.440226e+01,2.449654e+01,2.438878e+01,2.415943e+01,2.409864e+01,2.413242e+01,2.403781e+01,2.396341e+01,2.395664e+01,2.400400e+01,2.378057e+01,2.383478e+01,2.383478e+01,2.359741e+01,2.380091e+01,2.369242e+01,2.366529e+01,2.354308e+01,2.358383e+01,2.355667e+01,2.337991e+01,2.359062e+01,2.338672e+01,2.341393e+01,2.334589e+01,2.331866e+01,2.333908e+01,2.331866e+01,2.322330e+01,2.326418e+01,2.333908e+01,2.320286e+01,2.325737e+01,2.321649e+01,2.313468e+01,2.314150e+01,2.316877e+01,2.316195e+01,2.316195e+01,2.312104e+01,2.304598e+01,2.297086e+01,2.318241e+01,2.297769e+01,2.312104e+01,2.311422e+01,2.299818e+01,2.311422e+01,2.310739e+01,2.304598e+01,2.305963e+01,2.307328e+01,2.288886e+01,2.302550e+01,2.297769e+01,2.305963e+01,2.287519e+01,2.290253e+01,2.292987e+01,2.306645e+01,2.301867e+01,2.307328e+01,2.301867e+01,2.312786e+01,2.319604e+01,2.310739e+01,2.305280e+01,2.300501e+01,2.310739e+01,2.311422e+01,2.297086e+01,2.299135e+01,2.293670e+01,2.307328e+01,2.296403e+01,2.308693e+01,2.305280e+01,2.297769e+01,2.305280e+01,2.292303e+01,2.286151e+01,2.284783e+01,2.299818e+01,2.285467e+01,2.301867e+01,2.288886e+01,2.289569e+01,2.289569e+01,2.290253e+01,2.301867e+01,2.300501e+01,2.299135e+01,2.296403e+01,2.308693e+01,2.311422e+01,2.300501e+01,2.311422e+01,2.316195e+01,2.312786e+01,2.314832e+01,2.314150e+01,2.319604e+01,2.315514e+01,2.319604e+01,2.329823e+01,2.325056e+01,2.333908e+01,2.327099e+01,2.327099e+01,2.346153e+01,2.352949e+01,2.345473e+01,2.352270e+01,2.358383e+01,2.357704e+01,2.357025e+01,2.357704e+01,2.346833e+01,2.337991e+01,2.364493e+01,2.371956e+01,2.363814e+01,2.374668e+01,2.380091e+01
2.387542e+01,2.406485e+01,2.401752e+01,2.397694e+01,2.405809e+01,2.391604e+01,2.409188e+01,2.413917e+01,2.415268e+01,2.430115e+01,2.434161e+01,2.416619e+01,2.437531e+01,2.397694e+01,2.417969e+01,2.414593e+01,2.415943e+01,2.424719e+01,2.425393e+01,2.407837e+01,2.407161e+01,2.413242e+01,2.406485e+01,2.417294e+01,2.403105e+01,2.405809e+01,2.407161e+01,2.411215e+01,2.395664e+01,2.407837e+01,2.406485e+01,2.405133e+01,2.402428e+01,2.392281e+01,2.400400e+01,2.369242e+01,2.376024e+01,2.371277e+01,2.380091e+01,2.372634e+01,2.378057e+01,2.382801e+01,2.386865e+01,2.384833e+01,2.384155e+01,2.392281e+01,2.398371e+01,2.397694e+01,2.407161e+01,2.419994e+01,2.407837e+01,2.416619e+01,2.417969e+01,2.415268e+01,2.437531e+01,2.444268e+01,2.459073e+01,2.453692e+01,2.473858e+01,2.451673e+01,2.478558e+01,2.475201e+01,2.495997e+01,2.503366e+01,2.505375e+01,2.519426e+01,2.518757e+01,2.511399e+01,2.518757e+01,2.527446e+01,2.526110e+01,2.520094e+01,2.524105e+01,2.528115e+01,2.527446e+01,2.511399e+01,2.522768e+01,2.507383e+01,2.505375e+01,2.491305e+01,2.483256e+01,2.477216e+01,2.457056e+01,2.453019e+01,2.444941e+01,2.440900e+01,2.441573e+01,2.438878e+01,2.441573e+01,2.479230e+01,2.470500e+01,2.477887e+01,2.493316e+01,2.502026e+01,2.493316e+01,2.505375e+01,2.510060e+01,2.496667e+01,2.508052e+01,2.512068e+01,2.538131e+01,2.518757e+01,2.511399e+01,2.532122e+01,2.536796e+01,2.533458e+01,2.535461e+01,2.534793e+01,2.534126e+01,2.535461e+01,2.535461e+01,2.535461e+01,2.533458e+01,2.531454e+01,2.557470e+01,2.546138e+01,2.556137e+01,2.542135e+01,2.547471e+01,2.542802e+01,2.543469e+01,2.531454e+01,2.533458e+01,2.551472e+01,2.540133e+01,2.518088e+01,2.529451e+01,2.543469e+01,2.541468e+01,2.528115e+01,2.494656e+01,2.470500e+01,2.440226e+01,2.417969e+01,2.395664e+01,2.395664e+01,2.407161e+01,2.405133e+01,2.407161e+01,2.415268e+01,2.424044e+01,2.445614e+01,2.446961e+01,2.467141e+01,2.494656e+01,2.510730e+01,2.521431e+01,2.524773e+01,2.511399e+01,2.511399e+01,2.523437e+01,2.518757e+01,2.515413e+01,2.513406e+01,2.496667e+01,2.498677e+01,2.479901e+01,2.498007e+01,2.491305e+01,2.495997e+01,2.495997e+01,2.483927e+01,2.495997e+01,2.478558e+01,2.481914e+01,2.480572e+01,2.479901e+01,2.474530e+01,2.474530e+01,2.475873e+01,2.475201e+01,2.462436e+01,2.471844e+01,2.465124e+01,2.471172e+01,2.472515e+01,2.461763e+01,2.469828e+01,2.477887e+01,2.494656e+01,2.474530e+01,2.491305e+01,2.488622e+01,2.492645e+01,2.491305e+01,2.486610e+01,2.488622e+01,2.486610e+01,2.483256e+01,2.473858e+01,2.471172e+01,2.459073e+01,2.457728e+01,2.453019e+01,2.464452e+01,2.459746e+01,2.467141e+01,2.463780e+01,2.459746e+01,2.459073e+01,2.471172e+01,2.457056e+01,2.475201e+01,2.475201e+01,2.480572e+01,2.470500e+01,2.487952e+01,2.471844e+01,2.470500e+01,2.481914e+01,2.475201e+01,2.478558e+01,2.469828e+01,2.477887e+01,2.468484e+01,2.469828e+01,2.478558e+01,2.472515e+01,2.466469e+01,2.467813e+01,2.473858e+01,2.469828e+01,2.472515e+01,2.466469e+01,2.452346e+01,2.464452e+01,2.457056e+01,2.458401e+01,2.457056e+01,2.454365e+01,2.461091e+01,2.451000e+01,2.444268e+01,2.446961e+01,2.448308e+01,2.453692e+01,2.444268e+01,2.445614e+01,2.444268e+01,2.447635e+01,2.442921e+01,2.442247e+01,2.440900e+01,2.442247e+01,2.442921e+01,2.444268e+01,2.438205e+01,2.440226e+01,2.443594e+01,2.434161e+01,2.430115e+01,2.417969e+01,2.414593e+01,2.423369e+01,2.407161e+01,2.411215e+01,2.388219e+01,2.397694e+01,2.381446e+01,2.374668e+01,2.370599e+01,2.376702e+01,2.364493e+01,2.358383e+01,2.363814e+01,2.367207e+01,2.369921e+01,2.380768e+01,2.375346e+01,2.389573e+01,2.388896e+01,2.397018e+01,2.403781e+01,2.391604e+01,2.407837e+01,2.414593e+01,2.413917e+01,2.413242e+01,2.422694e+01,2.420670e+01,2.431464e+01,2.419319e+01,2.436857e+01,2.450327e+01,2.432812e+01,2.448308e+01,2.453019e+01,2.455710e+01,2.453692e+01,2.467813e+01,2.471172e+01,2.472515e+01,2.475873e+01,2.478558e+01,2.501357e+01,2.508722e+01,2.512737e+01,2.522768e+01,2.522768e+01,2.564130e+01,2.556137e+01,2.582756e+01,2.596041e+01,2.584085e+01,2.600686e+01,2.607982e+01,2.610634e+01,2.611297e+01,2.615274e+01,2.596704e+01,2.615274e+01,2.608646e+01,2.614611e+01,2.617924e+01,2.615936e+01,2.614611e+01,2.613948e+01,2.617261e+01,2.618586e+01,2.636456e+01,2.630502e+01,2.619248e+01,2.637117e+01,2.633810e+01,2.629179e+01,2.636456e+01,2.637778e+01,2.624546e+01,2.644388e+01,2.641744e+01,2.639100e+01,2.634472e+01,2.627855e+01,2.635794e+01,2.630502e+01,2.627855e+01,2.625870e+01,2.625208e+01,2.615274e+01,2.606656e+01,2.573447e+01,2.558136e+01,2.455038e+01,2.386865e+01,2.390927e+01,2.363814e+01,2.367886e+01,2.376024e+01,2.378735e+01,2.366529e+01,2.366529e+01,2.374668e+01,2.391604e+01,2.420670e+01,2.417969e+01,2.407161e+01,2.397694e+01,2.382801e+01,2.363814e+01,2.346833e+01,2.344113e+01,2.333908e+01,2.342073e+01,2.342753e+01,2.351590e+01,2.360420e+01,2.419319e+01,2.424044e+01,2.468484e+01,2.470500e+01,2.498007e+01,2.524105e+01,2.527446e+01,2.528115e+01,2.530787e+01,2.517419e+01,2.538799e+01,2.524105e+01,2.530787e+01,2.524773e+01,2.506713e+01,2.519426e+01,2.518088e+01,2.499347e+01,2.491305e+01,2.467141e+01,2.471172e+01,2.467813e+01,2.461091e+01,2.438205e+01,2.420670e+01,2.423369e+01,2.413242e+01,2.384833e+01,2.384155e+01,2.394988e+01,2.376024e+01,2.369242e+01,2.369921e+01,2.354987e+01,2.351590e+01,2.349552e+01,2.351590e+01,2.346833e+01,2.348872e+01,2.342753e+01,2.342753e+01,2.343433e+01,2.352949e+01,2.356346e+01,2.360420e+01,2.361099e+01,2.382123e+01,2.448981e+01,2.510060e+01,2.594049e+01,2.641744e+01,2.650994e+01,2.652975e+01,2.654295e+01,2.666831e+01,2.661554e+01,2.672763e+01,2.682644e+01,2.694489e+01,2.684619e+01,2.683302e+01,2.672104e+01,2.691200e+01,2.681986e+01,2.697119e+01,2.685277e+01,2.689884e+01,2.699749e+01,2.703035e+01,2.713544e+01,2.701721e+01,2.681327e+01,2.696462e+01,2.693173e+01,2.691858e+01,2.701064e+01,2.687252e+01,2.687252e+01,2.689884e+01,2.699749e+01,2.674081e+01,2.678034e+01,2.665512e+01,2.666171e+01,2.667490e+01,2.664852e+01,2.670127e+01,2.664193e+01,2.668809e+01,2.666171e+01,2.665512e+01,2.678034e+01,2.676717e+01,2.667490e+01,2.645049e+01,2.662214e+01,2.648352e+01,2.647031e+01,2.647031e+01,2.646370e+01,2.641084e+01,2.647691e+01,2.647691e+01,2.631826e+01,2.618586e+01,2.642405e+01,2.636456e+01,2.615936e+01,2.626532e+01,2.625870e+01,2.613286e+01,2.630502e+01,2.617261e+01,2.620573e+01,2.613286e+01,2.598696e+01,2.597368e+01,2.602677e+01,2.598696e+01,2.577438e+01,2.570121e+01,2.592057e+01,2.574113e+01,2.559468e+01,2.556137e+01,2.555471e+01,2.544804e+01,2.552805e+01,2.570121e+01,2.545471e+01,2.540801e+01,2.523437e+01,2.525442e+01,2.516751e+01,2.520763e+01,2.522768e+01,2.501357e+01,2.493986e+01,2.490634e+01,2.475201e+01,2.491305e+01,2.477216e+01,2.474530e+01,2.475201e+01,2.465124e+01,2.451000e+01,2.445614e+01,2.456383e+01,2.435509e+01,2.442247e+01,2.423369e+01,2.430790e+01,2.427417e+01,2.428766e+01,2.412566e+01,2.404457e+01,2.400400e+01,2.394311e+01,2.399723e+01,2.378735e+01,2.383478e+01,2.380768e+01,2.365172e+01,2.371277e+01,2.366529e+01,2.349552e+01,2.357704e+01,2.350911e+01,2.358383e+01,2.352270e+01,2.343433e+01,2.327780e+01,2.336630e+01,2.322330e+01,2.333908e+01,2.333908e+01,2.333908e+01,2.332547e+01,2.337991e+01,2.318923e+01,2.323012e+01,2.316877e+01,2.336630e+01,2.317559e+01,2.312104e+01,2.333228e+01,2.308010e+01,2.317559e+01,2.322330e+01,2.316195e+01,2.317559e+01,2.306645e+01,2.312786e+01,2.313468e+01,2.314150e+01,2.310739e+01,2.316195e+01,2.297769e+01,2.309375e+01,2.303232e+01,2.303232e+01,2.284783e+01,2.305280e+01,2.304598e+01,2.300501e+01,2.296403e+01,2.302550e+01,2.298452e+01,2.296403e+01,2.302550e+01,2.292987e+01,2.293670e+01,2.299818e+01,2.300501e+01,2.299135e+01,2.308693e+01,2.311422e+01,2.298452e+01,2.310739e+01,2.299135e+01,2.297086e+01,2.302550e+01,2.292987e+01,2.303232e+01,2.294353e+01,2.309375e+01,2.290937e+01,2.295037e+01,2.299135e+01,2.292987e+01,2.301184e+01,2.301184e+01,2.292303e+01,2.286151e+01,2.291620e+01,2.297086e+01,2.308693e+01,2.292987e+01,2.293670e+01,2.294353e+01,2.298452e+01,2.310057e+01,2.301184e+01,2.310739e+01,2.306645e+01,2.312104e+01,2.309375e+01,2.304598e+01,2.320967e+01,2.319604e+01,2.314150e+01,2.327099e+01,2.315514e+01,2.322330e+01,2.327099e+01,2.322330e+01,2.335950e+01,2.327780e+01,2.327780e+01,2.326418e+01,2.343433e+01,2.325056e+01,2.343433e+01,2.354987e+01,2.340032e+01,2.357704e+01,2.362457e+01,2.374668e+01,2.367886e+01,2.368564e+01,2.365172e+01,2.365850e+01,2.378735e+01,2.378735e+01
2.405809e+01,2.413917e+01,2.404457e+01,2.408512e+01,2.401076e+01,2.399723e+01,2.423369e+01,2.419319e+01,2.437531e+01,2.428092e+01,2.421344e+01,2.438205e+01,2.423369e+01,2.419994e+01,2.422019e+01,2.437531e+01,2.419319e+01,2.426743e+01,2.422019e+01,2.428092e+01,2.424044e+01,2.420670e+01,2.417294e+01,2.409188e+01,2.415268e+01,2.414593e+01,2.412566e+01,2.403781e+01,2.400400e+01,2.405133e+01,2.402428e+01,2.392281e+01,2.396341e+01,2.401752e+01,2.399047e+01,2.390250e+01,2.381446e+01,2.397694e+01,2.376024e+01,2.376024e+01,2.389573e+01,2.403105e+01,2.378057e+01,2.391604e+01,2.395664e+01,2.413917e+01,2.399047e+01,2.399723e+01,2.404457e+01,2.422019e+01,2.437531e+01,2.440900e+01,2.434835e+01,2.438205e+01,2.436857e+01,2.448308e+01,2.453019e+01,2.468484e+01,2.474530e+01,2.471172e+01,2.477887e+01,2.473858e+01,2.481243e+01,2.498677e+01,2.500687e+01,2.500017e+01,2.501357e+01,2.507383e+01,2.520094e+01,2.525442e+01,2.528782e+01,2.520763e+01,2.518757e+01,2.534126e+01,2.506044e+01,2.501357e+01,2.505375e+01,2.498677e+01,2.490634e+01,2.492645e+01,2.481914e+01,2.484598e+01,2.477216e+01,2.452346e+01,2.433487e+01,2.429441e+01,2.440900e+01,2.453692e+01,2.458401e+01,2.459746e+01,2.481914e+01,2.479901e+01,2.499347e+01,2.498007e+01,2.497337e+01,2.501357e+01,2.492645e+01,2.505375e+01,2.514744e+01,2.510730e+01,2.516751e+01,2.514744e+01,2.514075e+01,2.526778e+01,2.533458e+01,2.530787e+01,2.533458e+01,2.532122e+01,2.530787e+01,2.516082e+01,2.536796e+01,2.532790e+01,2.530119e+01,2.536796e+01,2.532122e+01,2.538131e+01,2.528115e+01,2.528115e+01,2.542802e+01,2.544137e+01,2.530119e+01,2.522100e+01,2.545471e+01,2.532790e+01,2.531454e+01,2.528782e+01,2.526778e+01,2.542802e+01,2.517419e+01,2.516082e+01,2.492645e+01,2.445614e+01,2.443594e+01,2.410540e+01,2.396341e+01,2.411215e+01,2.394311e+01,2.396341e+01,2.398371e+01,2.407161e+01,2.424044e+01,2.425393e+01,2.451673e+01,2.467813e+01,2.497337e+01,2.520763e+01,2.526110e+01,2.518757e+01,2.514075e+01,2.508052e+01,2.522768e+01,2.508052e+01,2.516082e+01,2.513406e+01,2.494656e+01,2.486610e+01,2.483927e+01,2.484598e+01,2.483256e+01,2.478558e+01,2.494656e+01,2.480572e+01,2.479230e+01,2.481243e+01,2.489964e+01,2.474530e+01,2.475201e+01,2.481243e+01,2.469828e+01,2.467141e+01,2.471844e+01,2.471844e+01,2.461091e+01,2.465796e+01,2.459073e+01,2.460419e+01,2.485940e+01,2.457728e+01,2.475201e+01,2.480572e+01,2.481243e+01,2.494656e+01,2.479901e+01,2.477887e+01,2.486610e+01,2.485269e+01,2.477216e+01,2.479901e+01,2.481243e+01,2.485940e+01,2.463108e+01,2.455038e+01,2.460419e+01,2.446961e+01,2.458401e+01,2.446288e+01,2.450327e+01,2.458401e+01,2.467141e+01,2.469156e+01,2.469156e+01,2.467813e+01,2.470500e+01,2.477887e+01,2.477887e+01,2.483256e+01,2.477887e+01,2.473187e+01,2.479230e+01,2.476544e+01,2.478558e+01,2.477887e+01,2.479230e+01,2.477216e+01,2.467813e+01,2.477216e+01,2.471172e+01,2.470500e+01,2.475873e+01,2.476544e+01,2.467141e+01,2.469156e+01,2.469828e+01,2.467141e+01,2.457056e+01,2.461763e+01,2.463780e+01,2.458401e+01,2.459073e+01,2.444941e+01,2.446288e+01,2.455038e+01,2.454365e+01,2.451000e+01,2.446961e+01,2.428766e+01,2.448308e+01,2.451000e+01,2.438878e+01,2.453019e+01,2.442247e+01,2.447635e+01,2.442921e+01,2.461091e+01,2.443594e+01,2.447635e+01,2.446288e+01,2.448981e+01,2.447635e+01,2.437531e+01,2.432138e+01,2.417294e+01,2.431464e+01,2.410540e+01,2.416619e+01,2.397694e+01,2.393634e+01,2.393634e+01,2.388219e+01,2.380091e+01,2.373312e+01,2.375346e+01,2.362457e+01,2.371277e+01,2.365172e+01,2.365850e+01,2.371277e+01,2.378735e+01,2.385510e+01,2.391604e+01,2.392281e+01,2.396341e+01,2.398371e+01,2.411891e+01,2.409188e+01,2.411215e+01,2.403105e+01,2.415943e+01,2.429441e+01,2.429441e+01,2.429441e+01,2.446961e+01,2.434835e+01,2.455038e+01,2.415943e+01,2.432812e+01,2.464452e+01,2.451673e+01,2.471172e+01,2.466469e+01,2.472515e+01,2.473187e+01,2.472515e+01,2.481914e+01,2.491305e+01,2.505375e+01,2.503366e+01,2.512737e+01,2.542135e+01,2.571451e+01,2.570121e+01,2.576773e+01,2.579433e+01,2.590065e+01,2.590729e+01,2.592721e+01,2.605993e+01,2.598696e+01,2.613948e+01,2.615936e+01,2.608646e+01,2.616599e+01,2.617261e+01,2.617924e+01,2.621898e+01,2.622560e+01,2.617261e+01,2.626532e+01,2.625870e+01,2.627194e+01,2.638439e+01,2.633149e+01,2.631164e+01,2.635133e+01,2.619248e+01,2.636456e+01,2.637117e+01,2.641084e+01,2.643727e+01,2.641084e+01,2.637778e+01,2.649012e+01,2.639100e+01,2.634472e+01,2.629179e+01,2.630502e+01,2.628517e+01,2.635794e+01,2.625208e+01,2.608646e+01,2.592721e+01,2.559468e+01,2.448981e+01,2.392281e+01,2.371956e+01,2.364493e+01,2.365850e+01,2.365172e+01,2.380768e+01,2.380768e+01,2.376702e+01,2.369242e+01,2.392281e+01,2.416619e+01,2.417969e+01,2.423369e+01,2.411215e+01,2.391604e+01,2.365172e+01,2.347513e+01,2.361778e+01,2.347513e+01,2.363814e+01,2.347513e+01,2.355667e+01,2.389573e+01,2.395664e+01,2.441573e+01,2.471844e+01,2.483927e+01,2.514744e+01,2.528115e+01,2.524105e+01,2.528782e+01,2.530787e+01,2.545471e+01,2.534126e+01,2.526110e+01,2.523437e+01,2.524105e+01,2.527446e+01,2.527446e+01,2.521431e+01,2.515413e+01,2.510730e+01,2.491975e+01,2.493986e+01,2.483927e+01,2.463108e+01,2.439552e+01,2.436857e+01,2.425393e+01,2.411891e+01,2.426068e+01,2.414593e+01,2.407161e+01,2.396341e+01,2.409188e+01,2.365172e+01,2.364493e+01,2.363136e+01,2.352270e+01,2.347513e+01,2.345473e+01,2.342753e+01,2.346833e+01,2.354308e+01,2.350231e+01,2.350911e+01,2.341393e+01,2.349552e+01,2.352949e+01,2.346833e+01,2.416619e+01,2.498007e+01,2.556804e+01,2.604667e+01,2.631164e+01,2.636456e+01,2.658915e+01,2.662874e+01,2.663533e+01,2.662214e+01,2.672104e+01,2.679352e+01,2.691858e+01,2.676717e+01,2.672763e+01,2.683302e+01,2.681986e+01,2.681327e+01,2.683961e+01,2.685277e+01,2.701064e+01,2.680010e+01,2.679352e+01,2.695804e+01,2.693831e+01,2.688568e+01,2.695804e+01,2.690542e+01,2.678034e+01,2.687252e+01,2.683302e+01,2.681986e+01,2.677376e+01,2.674081e+01,2.678693e+01,2.662874e+01,2.668809e+01,2.665512e+01,2.660895e+01,2.655615e+01,2.667490e+01,2.671445e+01,2.668809e+01,2.662874e+01,2.671445e+01,2.645049e+01,2.670786e+01,2.645709e+01,2.657595e+01,2.645709e+01,2.654295e+01,2.650333e+01,2.643727e+01,2.634472e+01,2.646370e+01,2.633149e+01,2.628517e+01,2.635794e+01,2.639100e+01,2.623884e+01,2.629179e+01,2.609309e+01,2.617924e+01,2.619248e+01,2.611297e+01,2.611960e+01,2.614611e+01,2.598696e+01,2.593385e+01,2.595377e+01,2.589401e+01,2.584750e+01,2.580097e+01,2.584085e+01,2.572117e+01,2.570786e+01,2.572117e+01,2.573447e+01,2.560134e+01,2.558802e+01,2.554804e+01,2.561466e+01,2.544137e+01,2.536129e+01,2.540801e+01,2.531454e+01,2.513406e+01,2.514075e+01,2.499347e+01,2.506713e+01,2.497337e+01,2.490634e+01,2.469156e+01,2.481914e+01,2.477216e+01,2.475201e+01,2.466469e+01,2.457728e+01,2.453692e+01,2.438205e+01,2.461763e+01,2.438205e+01,2.425393e+01,2.425393e+01,2.433487e+01,2.420670e+01,2.405809e+01,2.409188e+01,2.397694e+01,2.396341e+01,2.392281e+01,2.380091e+01,2.370599e+01,2.380768e+01,2.382801e+01,2.357704e+01,2.382801e+01,2.362457e+01,2.378735e+01,2.359062e+01,2.354308e+01,2.354308e+01,2.345473e+01,2.332547e+01,2.345473e+01,2.344113e+01,2.333228e+01,2.335950e+01,2.333228e+01,2.331866e+01,2.330504e+01,2.323012e+01,2.322330e+01,2.316877e+01,2.315514e+01,2.312786e+01,2.332547e+01,2.315514e+01,2.319604e+01,2.312786e+01,2.315514e+01,2.316195e+01,2.318241e+01,2.316195e+01,2.310057e+01,2.298452e+01,2.315514e+01,2.317559e+01,2.317559e+01,2.321649e+01,2.296403e+01,2.300501e+01,2.300501e+01,2.308693e+01,2.302550e+01,2.297086e+01,2.302550e+01,2.297769e+01,2.307328e+01,2.310739e+01,2.310739e+01,2.297086e+01,2.304598e+01,2.299135e+01,2.308693e+01,2.294353e+01,2.297769e+01,2.297769e+01,2.292303e+01,2.304598e+01,2.287519e+01,2.285467e+01,2.296403e+01,2.299135e+01,2.288886e+01,2.295720e+01,2.294353e+01,2.293670e+01,2.295720e+01,2.308010e+01,2.308010e+01,2.305963e+01,2.293670e+01,2.291620e+01,2.288202e+01,2.301867e+01,2.303915e+01,2.299818e+01,2.290937e+01,2.296403e+01,2.301867e+01,2.297769e+01,2.297086e+01,2.295037e+01,2.304598e+01,2.300501e+01,2.301867e+01,2.315514e+01,2.302550e+01,2.312786e+01,2.314832e+01,2.312786e+01,2.311422e+01,2.323693e+01,2.325056e+01,2.318241e+01,2.317559e+01,2.326418e+01,2.331185e+01,2.327780e+01,2.329823e+01,2.342753e+01,2.346833e+01,2.325056e+01,2.339352e+01,2.340032e+01,2.352270e+01,2.334589e+01,2.364493e+01,2.341393e+01,2.370599e+01,2.343433e+01,2.364493e+01,2.354987e+01,2.363136e+01,2.342753e+01,2.384155e+01
2.413917e+01,2.428092e+01,2.426068e+01,2.424719e+01,2.432812e+01,2.439552e+01,2.448981e+01,2.432812e+01,2.438878e+01,2.442921e+01,2.426068e+01,2.448981e+01,2.443594e+01,2.444941e+01,2.434835e+01,2.438205e+01,2.441573e+01,2.434161e+01,2.434161e+01,2.422019e+01,2.431464e+01,2.432812e+01,2.440900e+01,2.427417e+01,2.426068e+01,2.423369e+01,2.409188e+01,2.411891e+01,2.422019e+01,2.421344e+01,2.399047e+01,2.408512e+01,2.407837e+01,2.404457e+01,2.384155e+01,2.387542e+01,2.377380e+01,2.393634e+01,2.401752e+01,2.384155e+01,2.394311e+01,2.399723e+01,2.390927e+01,2.411215e+01,2.401076e+01,2.417294e+01,2.409864e+01,2.424044e+01,2.426068e+01,2.446288e+01,2.426068e+01,2.440226e+01,2.442247e+01,2.462436e+01,2.443594e+01,2.458401e+01,2.463780e+01,2.485940e+01,2.469156e+01,2.476544e+01,2.475201e+01,2.471844e+01,2.500687e+01,2.493316e+01,2.505375e+01,2.505375e+01,2.516751e+01,2.506713e+01,2.504035e+01,2.515413e+01,2.524773e+01,2.524773e+01,2.515413e+01,2.505375e+01,2.511399e+01,2.519426e+01,2.503366e+01,2.500017e+01,2.489964e+01,2.493986e+01,2.481914e+01,2.480572e+01,2.456383e+01,2.453019e+01,2.448981e+01,2.436857e+01,2.455710e+01,2.444941e+01,2.459073e+01,2.477887e+01,2.478558e+01,2.502026e+01,2.499347e+01,2.506713e+01,2.503366e+01,2.495997e+01,2.507383e+01,2.515413e+01,2.500687e+01,2.515413e+01,2.513406e+01,2.516751e+01,2.517419e+01,2.516082e+01,2.512737e+01,2.514075e+01,2.510060e+01,2.529451e+01,2.531454e+01,2.528782e+01,2.524105e+01,2.528782e+01,2.529451e+01,2.521431e+01,2.534793e+01,2.539466e+01,2.530787e+01,2.542802e+01,2.532790e+01,2.528782e+01,2.541468e+01,2.524773e+01,2.528782e+01,2.528115e+01,2.526110e+01,2.516082e+01,2.517419e+01,2.519426e+01,2.522100e+01,2.514075e+01,2.493316e+01,2.445614e+01,2.440900e+01,2.430790e+01,2.413917e+01,2.409864e+01,2.395664e+01,2.394988e+01,2.396341e+01,2.399723e+01,2.428766e+01,2.436183e+01,2.491975e+01,2.494656e+01,2.509391e+01,2.517419e+01,2.533458e+01,2.533458e+01,2.520094e+01,2.522768e+01,2.520763e+01,2.517419e+01,2.499347e+01,2.500687e+01,2.504705e+01,2.493986e+01,2.486610e+01,2.478558e+01,2.469828e+01,2.479901e+01,2.480572e+01,2.479901e+01,2.461091e+01,2.479901e+01,2.481914e+01,2.468484e+01,2.466469e+01,2.477887e+01,2.474530e+01,2.473858e+01,2.469156e+01,2.473858e+01,2.471172e+01,2.463108e+01,2.459073e+01,2.457728e+01,2.467141e+01,2.469156e+01,2.488622e+01,2.480572e+01,2.483927e+01,2.487281e+01,2.484598e+01,2.487952e+01,2.490634e+01,2.489293e+01,2.490634e+01,2.483927e+01,2.482585e+01,2.470500e+01,2.458401e+01,2.453019e+01,2.455710e+01,2.443594e+01,2.444941e+01,2.454365e+01,2.449654e+01,2.463108e+01,2.448308e+01,2.465124e+01,2.468484e+01,2.466469e+01,2.471172e+01,2.477216e+01,2.475873e+01,2.476544e+01,2.458401e+01,2.475873e+01,2.485269e+01,2.477887e+01,2.479230e+01,2.469828e+01,2.474530e+01,2.473858e+01,2.479901e+01,2.469828e+01,2.469156e+01,2.477887e+01,2.467813e+01,2.474530e+01,2.463108e+01,2.470500e+01,2.461091e+01,2.462436e+01,2.463780e+01,2.462436e+01,2.467141e+01,2.465124e+01,2.456383e+01,2.454365e+01,2.456383e+01,2.435509e+01,2.457056e+01,2.448981e+01,2.448308e+01,2.444941e+01,2.444941e+01,2.452346e+01,2.450327e+01,2.456383e+01,2.450327e+01,2.440900e+01,2.441573e+01,2.462436e+01,2.447635e+01,2.454365e+01,2.453019e+01,2.452346e+01,2.436857e+01,2.442921e+01,2.436857e+01,2.438878e+01,2.415268e+01,2.415268e+01,2.415268e+01,2.405809e+01,2.401076e+01,2.380768e+01,2.388896e+01,2.382801e+01,2.371277e+01,2.375346e+01,2.361099e+01,2.371277e+01,2.365172e+01,2.378735e+01,2.376024e+01,2.382801e+01,2.382801e+01,2.384833e+01,2.403781e+01,2.403105e+01,2.407161e+01,2.411215e+01,2.414593e+01,2.397694e+01,2.412566e+01,2.421344e+01,2.426743e+01,2.421344e+01,2.436857e+01,2.446288e+01,2.436857e+01,2.434161e+01,2.439552e+01,2.448308e+01,2.454365e+01,2.452346e+01,2.471172e+01,2.461091e+01,2.471844e+01,2.473187e+01,2.466469e+01,2.495997e+01,2.496667e+01,2.500017e+01,2.514075e+01,2.528115e+01,2.544137e+01,2.564796e+01,2.567459e+01,2.582092e+01,2.587408e+01,2.605330e+01,2.607982e+01,2.605993e+01,2.605330e+01,2.613948e+01,2.617924e+01,2.615274e+01,2.619911e+01,2.618586e+01,2.621235e+01,2.613286e+01,2.619248e+01,2.619911e+01,2.616599e+01,2.623222e+01,2.635133e+01,2.635794e+01,2.633810e+01,2.633810e+01,2.641084e+01,2.635133e+01,2.639100e+01,2.643727e+01,2.643727e+01,2.645049e+01,2.635794e+01,2.648352e+01,2.643066e+01,2.652314e+01,2.642405e+01,2.655615e+01,2.652314e+01,2.635794e+01,2.639761e+01,2.629179e+01,2.617924e+01,2.610634e+01,2.604667e+01,2.560134e+01,2.463780e+01,2.394988e+01,2.382123e+01,2.384833e+01,2.371956e+01,2.369242e+01,2.365850e+01,2.367886e+01,2.377380e+01,2.382801e+01,2.419994e+01,2.444268e+01,2.443594e+01,2.442921e+01,2.442921e+01,2.395664e+01,2.382801e+01,2.364493e+01,2.358383e+01,2.352270e+01,2.363814e+01,2.361099e+01,2.352270e+01,2.392958e+01,2.419994e+01,2.436857e+01,2.479901e+01,2.483927e+01,2.519426e+01,2.529451e+01,2.528115e+01,2.533458e+01,2.537464e+01,2.544137e+01,2.548138e+01,2.538131e+01,2.538799e+01,2.529451e+01,2.533458e+01,2.527446e+01,2.522100e+01,2.518757e+01,2.513406e+01,2.502696e+01,2.490634e+01,2.477216e+01,2.465124e+01,2.463780e+01,2.434835e+01,2.430790e+01,2.436183e+01,2.436183e+01,2.419994e+01,2.405809e+01,2.418644e+01,2.398371e+01,2.396341e+01,2.375346e+01,2.380091e+01,2.372634e+01,2.371277e+01,2.360420e+01,2.358383e+01,2.343433e+01,2.342073e+01,2.342073e+01,2.343433e+01,2.348192e+01,2.343433e+01,2.341393e+01,2.364493e+01,2.398371e+01,2.471844e+01,2.559468e+01,2.598696e+01,2.625208e+01,2.633810e+01,2.652314e+01,2.656275e+01,2.667490e+01,2.659575e+01,2.674740e+01,2.672104e+01,2.672763e+01,2.669468e+01,2.669468e+01,2.670786e+01,2.670786e+01,2.680010e+01,2.681327e+01,2.687252e+01,2.683961e+01,2.681327e+01,2.681986e+01,2.693173e+01,2.692516e+01,2.681986e+01,2.689226e+01,2.687252e+01,2.679352e+01,2.674081e+01,2.687910e+01,2.677376e+01,2.680010e+01,2.677376e+01,2.678034e+01,2.668809e+01,2.666171e+01,2.659575e+01,2.678693e+01,2.660235e+01,2.668809e+01,2.660235e+01,2.657595e+01,2.666171e+01,2.657595e+01,2.656275e+01,2.658915e+01,2.655615e+01,2.651654e+01,2.647031e+01,2.646370e+01,2.648352e+01,2.649012e+01,2.637117e+01,2.640422e+01,2.638439e+01,2.636456e+01,2.623222e+01,2.622560e+01,2.636456e+01,2.620573e+01,2.633149e+01,2.612623e+01,2.628517e+01,2.617924e+01,2.623222e+01,2.603340e+01,2.600023e+01,2.602013e+01,2.598032e+01,2.585415e+01,2.570786e+01,2.573447e+01,2.575443e+01,2.572117e+01,2.572782e+01,2.555471e+01,2.550139e+01,2.552139e+01,2.554138e+01,2.540801e+01,2.552139e+01,2.541468e+01,2.525442e+01,2.515413e+01,2.512068e+01,2.503366e+01,2.506044e+01,2.505375e+01,2.505375e+01,2.510730e+01,2.489293e+01,2.484598e+01,2.460419e+01,2.467141e+01,2.473858e+01,2.469828e+01,2.459746e+01,2.457056e+01,2.439552e+01,2.440226e+01,2.438878e+01,2.436183e+01,2.430115e+01,2.423369e+01,2.419994e+01,2.407161e+01,2.407161e+01,2.394988e+01,2.379413e+01,2.379413e+01,2.379413e+01,2.382123e+01,2.370599e+01,2.363814e+01,2.363136e+01,2.367207e+01,2.369921e+01,2.368564e+01,2.356346e+01,2.359062e+01,2.360420e+01,2.355667e+01,2.341393e+01,2.336630e+01,2.332547e+01,2.331185e+01,2.331866e+01,2.332547e+01,2.328461e+01,2.329823e+01,2.326418e+01,2.316877e+01,2.320967e+01,2.331866e+01,2.329142e+01,2.311422e+01,2.325056e+01,2.324374e+01,2.325056e+01,2.319604e+01,2.316195e+01,2.316877e+01,2.314832e+01,2.316877e+01,2.315514e+01,2.300501e+01,2.316195e+01,2.320967e+01,2.308693e+01,2.310057e+01,2.301867e+01,2.308010e+01,2.298452e+01,2.310057e+01,2.306645e+01,2.305963e+01,2.298452e+01,2.292987e+01,2.302550e+01,2.305963e+01,2.300501e+01,2.295720e+01,2.302550e+01,2.304598e+01,2.305963e+01,2.300501e+01,2.293670e+01,2.294353e+01,2.310057e+01,2.303232e+01,2.305280e+01,2.309375e+01,2.325737e+01,2.287519e+01,2.293670e+01,2.295037e+01,2.294353e+01,2.291620e+01,2.295037e+01,2.292987e+01,2.305963e+01,2.295720e+01,2.304598e+01,2.302550e+01,2.305280e+01,2.303232e+01,2.292303e+01,2.304598e+01,2.290253e+01,2.302550e+01,2.301867e+01,2.298452e+01,2.305963e+01,2.308693e+01,2.301867e+01,2.306645e+01,2.302550e+01,2.320967e+01,2.317559e+01,2.307328e+01,2.307328e+01,2.314150e+01,2.316195e+01,2.326418e+01,2.315514e+01,2.315514e+01,2.329823e+01,2.319604e+01,2.325737e+01,2.331866e+01,2.328461e+01,2.325056e+01,2.340032e+01,2.336630e+01,2.343433e+01,2.334589e+01,2.336630e+01,2.344113e+01,2.344113e+01,2.346153e+01,2.348872e+01,2.367207e+01,2.361099e+01,2.364493e+01,2.366529e+01,2.362457e+01
2.432138e+01,2.430790e+01,2.444941e+01,2.432138e+01,2.440226e+01,2.442247e+01,2.442247e+01,2.448308e+01,2.455038e+01,2.446288e+01,2.463780e+01,2.447635e+01,2.444941e+01,2.445614e+01,2.425393e+01,2.462436e+01,2.451673e+01,2.429441e+01,2.442921e+01,2.434835e+01,2.424719e+01,2.452346e+01,2.430790e+01,2.436183e+01,2.431464e+01,2.426068e+01,2.428766e+01,2.417969e+01,2.406485e+01,2.410540e+01,2.411215e+01,2.410540e+01,2.409188e+01,2.403105e+01,2.396341e+01,2.399723e+01,2.415268e+01,2.411891e+01,2.404457e+01,2.425393e+01,2.432812e+01,2.436183e+01,2.437531e+01,2.424719e+01,2.424044e+01,2.429441e+01,2.425393e+01,2.452346e+01,2.440900e+01,2.451673e+01,2.441573e+01,2.442247e+01,2.463108e+01,2.459746e+01,2.454365e+01,2.461091e+01,2.467141e+01,2.467141e+01,2.469828e+01,2.483256e+01,2.493986e+01,2.488622e+01,2.497337e+01,2.493316e+01,2.504035e+01,2.510060e+01,2.519426e+01,2.532122e+01,2.522768e+01,2.515413e+01,2.504705e+01,2.505375e+01,2.504035e+01,2.512737e+01,2.500017e+01,2.514744e+01,2.492645e+01,2.496667e+01,2.493316e+01,2.479901e+01,2.475201e+01,2.460419e+01,2.461763e+01,2.457056e+01,2.432138e+01,2.434835e+01,2.448981e+01,2.460419e+01,2.460419e+01,2.475873e+01,2.489293e+01,2.486610e+01,2.487952e+01,2.498007e+01,2.494656e+01,2.506713e+01,2.513406e+01,2.500017e+01,2.514075e+01,2.512068e+01,2.506713e+01,2.501357e+01,2.518757e+01,2.506713e+01,2.511399e+01,2.504705e+01,2.521431e+01,2.512068e+01,2.528115e+01,2.518088e+01,2.512068e+01,2.528782e+01,2.518757e+01,2.537464e+01,2.520094e+01,2.516082e+01,2.516751e+01,2.530119e+01,2.530787e+01,2.528115e+01,2.532122e+01,2.526778e+01,2.524773e+01,2.517419e+01,2.520094e+01,2.516082e+01,2.506713e+01,2.514744e+01,2.513406e+01,2.491975e+01,2.485269e+01,2.446288e+01,2.436183e+01,2.418644e+01,2.409864e+01,2.406485e+01,2.378735e+01,2.384833e+01,2.403105e+01,2.425393e+01,2.452346e+01,2.483256e+01,2.495997e+01,2.508052e+01,2.515413e+01,2.520094e+01,2.520094e+01,2.510730e+01,2.514744e+01,2.507383e+01,2.524773e+01,2.504705e+01,2.502696e+01,2.505375e+01,2.491305e+01,2.485269e+01,2.497337e+01,2.484598e+01,2.474530e+01,2.479230e+01,2.475201e+01,2.479901e+01,2.466469e+01,2.487952e+01,2.473187e+01,2.471844e+01,2.482585e+01,2.469156e+01,2.464452e+01,2.473187e+01,2.469156e+01,2.470500e+01,2.467141e+01,2.460419e+01,2.459073e+01,2.445614e+01,2.460419e+01,2.458401e+01,2.466469e+01,2.488622e+01,2.482585e+01,2.483927e+01,2.478558e+01,2.481914e+01,2.479230e+01,2.485940e+01,2.484598e+01,2.477216e+01,2.477216e+01,2.465124e+01,2.458401e+01,2.448981e+01,2.453019e+01,2.442247e+01,2.456383e+01,2.442921e+01,2.442921e+01,2.444268e+01,2.442921e+01,2.469156e+01,2.461763e+01,2.461763e+01,2.473858e+01,2.475873e+01,2.477216e+01,2.480572e+01,2.475873e+01,2.478558e+01,2.469156e+01,2.477887e+01,2.471844e+01,2.481914e+01,2.480572e+01,2.481243e+01,2.469828e+01,2.474530e+01,2.476544e+01,2.463780e+01,2.461091e+01,2.468484e+01,2.466469e+01,2.459746e+01,2.459746e+01,2.465124e+01,2.459746e+01,2.461763e+01,2.461763e+01,2.473858e+01,2.460419e+01,2.444268e+01,2.444268e+01,2.440226e+01,2.448308e+01,2.442247e+01,2.449654e+01,2.446961e+01,2.448308e+01,2.452346e+01,2.449654e+01,2.455038e+01,2.453692e+01,2.444268e+01,2.456383e+01,2.453019e+01,2.453692e+01,2.448308e+01,2.450327e+01,2.461091e+01,2.441573e+01,2.457056e+01,2.434835e+01,2.438878e+01,2.433487e+01,2.416619e+01,2.409188e+01,2.409864e+01,2.397694e+01,2.398371e+01,2.390250e+01,2.385510e+01,2.371956e+01,2.369921e+01,2.365172e+01,2.365850e+01,2.365172e+01,2.373990e+01,2.386865e+01,2.390250e+01,2.394988e+01,2.399723e+01,2.405809e+01,2.407161e+01,2.407837e+01,2.415943e+01,2.414593e+01,2.409864e+01,2.412566e+01,2.433487e+01,2.429441e+01,2.418644e+01,2.430115e+01,2.450327e+01,2.426743e+01,2.428766e+01,2.434835e+01,2.437531e+01,2.452346e+01,2.448981e+01,2.463108e+01,2.461091e+01,2.463108e+01,2.461763e+01,2.471844e+01,2.473187e+01,2.495326e+01,2.490634e+01,2.501357e+01,2.518088e+01,2.534126e+01,2.553472e+01,2.565462e+01,2.586079e+01,2.588072e+01,2.597368e+01,2.604004e+01,2.613286e+01,2.617924e+01,2.607982e+01,2.621235e+01,2.613286e+01,2.607982e+01,2.617924e+01,2.617924e+01,2.619911e+01,2.623884e+01,2.624546e+01,2.617924e+01,2.628517e+01,2.633810e+01,2.635133e+01,2.623222e+01,2.637117e+01,2.633149e+01,2.631826e+01,2.645049e+01,2.644388e+01,2.645049e+01,2.645049e+01,2.645709e+01,2.648352e+01,2.638439e+01,2.647691e+01,2.643066e+01,2.652975e+01,2.654295e+01,2.643066e+01,2.637117e+01,2.641084e+01,2.621235e+01,2.604667e+01,2.607319e+01,2.563464e+01,2.465796e+01,2.388896e+01,2.368564e+01,2.369921e+01,2.382123e+01,2.371956e+01,2.382801e+01,2.380091e+01,2.383478e+01,2.382123e+01,2.424719e+01,2.442921e+01,2.447635e+01,2.444268e+01,2.419994e+01,2.410540e+01,2.381446e+01,2.361778e+01,2.364493e+01,2.344793e+01,2.344793e+01,2.350911e+01,2.352949e+01,2.377380e+01,2.417294e+01,2.446961e+01,2.463780e+01,2.501357e+01,2.518088e+01,2.527446e+01,2.529451e+01,2.532122e+01,2.543469e+01,2.545471e+01,2.545471e+01,2.548805e+01,2.548138e+01,2.539466e+01,2.548805e+01,2.550139e+01,2.523437e+01,2.524773e+01,2.518757e+01,2.507383e+01,2.507383e+01,2.511399e+01,2.488622e+01,2.482585e+01,2.465796e+01,2.463780e+01,2.437531e+01,2.434835e+01,2.439552e+01,2.419319e+01,2.426068e+01,2.424719e+01,2.401076e+01,2.420670e+01,2.395664e+01,2.383478e+01,2.365850e+01,2.376702e+01,2.353629e+01,2.358383e+01,2.352949e+01,2.349552e+01,2.343433e+01,2.342753e+01,2.335950e+01,2.340713e+01,2.340713e+01,2.397694e+01,2.465796e+01,2.552805e+01,2.596041e+01,2.623884e+01,2.623222e+01,2.639761e+01,2.653635e+01,2.655615e+01,2.676058e+01,2.668149e+01,2.663533e+01,2.662214e+01,2.656935e+01,2.658915e+01,2.664852e+01,2.672104e+01,2.675399e+01,2.668809e+01,2.682644e+01,2.681327e+01,2.680010e+01,2.682644e+01,2.675399e+01,2.687910e+01,2.664852e+01,2.689226e+01,2.688568e+01,2.676058e+01,2.677376e+01,2.675399e+01,2.678693e+01,2.676058e+01,2.680669e+01,2.670786e+01,2.667490e+01,2.664193e+01,2.677376e+01,2.651654e+01,2.668149e+01,2.652314e+01,2.664852e+01,2.664852e+01,2.662214e+01,2.648352e+01,2.661554e+01,2.654295e+01,2.649012e+01,2.653635e+01,2.643727e+01,2.645049e+01,2.633810e+01,2.629841e+01,2.647691e+01,2.630502e+01,2.630502e+01,2.625870e+01,2.619911e+01,2.623222e+01,2.619248e+01,2.613948e+01,2.614611e+01,2.612623e+01,2.616599e+01,2.607319e+01,2.587408e+01,2.577438e+01,2.590729e+01,2.596041e+01,2.584750e+01,2.590065e+01,2.576773e+01,2.574778e+01,2.565462e+01,2.555471e+01,2.564130e+01,2.554138e+01,2.549472e+01,2.553472e+01,2.548138e+01,2.528782e+01,2.536796e+01,2.528115e+01,2.524105e+01,2.514744e+01,2.510060e+01,2.493986e+01,2.494656e+01,2.490634e+01,2.492645e+01,2.487952e+01,2.472515e+01,2.474530e+01,2.473187e+01,2.457056e+01,2.470500e+01,2.463108e+01,2.439552e+01,2.436857e+01,2.432812e+01,2.439552e+01,2.449654e+01,2.416619e+01,2.412566e+01,2.427417e+01,2.407837e+01,2.408512e+01,2.397694e+01,2.400400e+01,2.374668e+01,2.379413e+01,2.395664e+01,2.378735e+01,2.383478e+01,2.371956e+01,2.368564e+01,2.368564e+01,2.356346e+01,2.357025e+01,2.356346e+01,2.350911e+01,2.347513e+01,2.350911e+01,2.344113e+01,2.342073e+01,2.328461e+01,2.335950e+01,2.335269e+01,2.329823e+01,2.327099e+01,2.336630e+01,2.329142e+01,2.320967e+01,2.321649e+01,2.318923e+01,2.326418e+01,2.310739e+01,2.318923e+01,2.320286e+01,2.305963e+01,2.310057e+01,2.305963e+01,2.318241e+01,2.316877e+01,2.305963e+01,2.315514e+01,2.301184e+01,2.311422e+01,2.318923e+01,2.310057e+01,2.308693e+01,2.309375e+01,2.303915e+01,2.308693e+01,2.304598e+01,2.303232e+01,2.320967e+01,2.306645e+01,2.303232e+01,2.293670e+01,2.293670e+01,2.302550e+01,2.305963e+01,2.295037e+01,2.308693e+01,2.301184e+01,2.315514e+01,2.295037e+01,2.307328e+01,2.303232e+01,2.305963e+01,2.306645e+01,2.304598e+01,2.297769e+01,2.319604e+01,2.292987e+01,2.292987e+01,2.296403e+01,2.295037e+01,2.289569e+01,2.288886e+01,2.292987e+01,2.293670e+01,2.295720e+01,2.305963e+01,2.299818e+01,2.302550e+01,2.303915e+01,2.297086e+01,2.299818e+01,2.309375e+01,2.308693e+01,2.302550e+01,2.303232e+01,2.302550e+01,2.303232e+01,2.302550e+01,2.302550e+01,2.302550e+01,2.321649e+01,2.308693e+01,2.305963e+01,2.325056e+01,2.313468e+01,2.315514e+01,2.319604e+01,2.314150e+01,2.335269e+01,2.318241e+01,2.321649e+01,2.333908e+01,2.326418e+01,2.331185e+01,2.329823e+01,2.336630e+01,2.340713e+01,2.341393e+01,2.332547e+01,2.343433e+01,2.347513e+01,2.360420e+01,2.338672e+01,2.342073e+01,2.344793e+01,2.354987e+01,2.365850e+01,2.362457e+01
2.448981e+01,2.431464e+01,2.444268e+01,2.444941e+01,2.444941e+01,2.465796e+01,2.454365e+01,2.465796e+01,2.468484e+01,2.480572e+01,2.473858e+01,2.448308e+01,2.451673e+01,2.453019e+01,2.459073e+01,2.461763e+01,2.461763e+01,2.457056e+01,2.451673e+01,2.455038e+01,2.451000e+01,2.436857e+01,2.432138e+01,2.454365e+01,2.429441e+01,2.444268e+01,2.438878e+01,2.438878e+01,2.414593e+01,2.422019e+01,2.428092e+01,2.414593e+01,2.415268e+01,2.417969e+01,2.412566e+01,2.438878e+01,2.444268e+01,2.432812e+01,2.444941e+01,2.434835e+01,2.439552e+01,2.447635e+01,2.443594e+01,2.432138e+01,2.449654e+01,2.453019e+01,2.451673e+01,2.451000e+01,2.451000e+01,2.456383e+01,2.453019e+01,2.445614e+01,2.465796e+01,2.487281e+01,2.466469e+01,2.473187e+01,2.465124e+01,2.478558e+01,2.490634e+01,2.489964e+01,2.495997e+01,2.480572e+01,2.507383e+01,2.504705e+01,2.500687e+01,2.513406e+01,2.503366e+01,2.508722e+01,2.516082e+01,2.521431e+01,2.500017e+01,2.515413e+01,2.512068e+01,2.502696e+01,2.505375e+01,2.509391e+01,2.509391e+01,2.496667e+01,2.497337e+01,2.473187e+01,2.477216e+01,2.471844e+01,2.459746e+01,2.455710e+01,2.449654e+01,2.449654e+01,2.455038e+01,2.460419e+01,2.471844e+01,2.482585e+01,2.488622e+01,2.492645e+01,2.496667e+01,2.502696e+01,2.498677e+01,2.504705e+01,2.504035e+01,2.502026e+01,2.491975e+01,2.500687e+01,2.507383e+01,2.500017e+01,2.502026e+01,2.500687e+01,2.520094e+01,2.509391e+01,2.514744e+01,2.517419e+01,2.510730e+01,2.508052e+01,2.502696e+01,2.523437e+01,2.523437e+01,2.524105e+01,2.504705e+01,2.523437e+01,2.514744e+01,2.520094e+01,2.530119e+01,2.526110e+01,2.524773e+01,2.527446e+01,2.519426e+01,2.512068e+01,2.510730e+01,2.515413e+01,2.516082e+01,2.520763e+01,2.508052e+01,2.494656e+01,2.477887e+01,2.448308e+01,2.417969e+01,2.420670e+01,2.400400e+01,2.401752e+01,2.397694e+01,2.398371e+01,2.399047e+01,2.430790e+01,2.467141e+01,2.480572e+01,2.503366e+01,2.508052e+01,2.523437e+01,2.532790e+01,2.526110e+01,2.524773e+01,2.520763e+01,2.504705e+01,2.508722e+01,2.508722e+01,2.491975e+01,2.503366e+01,2.495326e+01,2.486610e+01,2.465796e+01,2.482585e+01,2.486610e+01,2.472515e+01,2.472515e+01,2.459073e+01,2.468484e+01,2.463108e+01,2.473858e+01,2.487281e+01,2.459746e+01,2.469828e+01,2.461763e+01,2.465796e+01,2.477216e+01,2.464452e+01,2.467141e+01,2.459073e+01,2.459073e+01,2.459746e+01,2.457056e+01,2.457728e+01,2.476544e+01,2.475201e+01,2.484598e+01,2.477216e+01,2.483256e+01,2.480572e+01,2.478558e+01,2.480572e+01,2.478558e+01,2.477887e+01,2.477216e+01,2.469156e+01,2.464452e+01,2.457728e+01,2.443594e+01,2.440226e+01,2.448308e+01,2.438205e+01,2.443594e+01,2.444268e+01,2.442247e+01,2.439552e+01,2.449654e+01,2.462436e+01,2.462436e+01,2.461091e+01,2.455038e+01,2.473858e+01,2.463108e+01,2.479901e+01,2.463780e+01,2.479901e+01,2.467141e+01,2.473187e+01,2.477887e+01,2.477887e+01,2.472515e+01,2.470500e+01,2.468484e+01,2.473187e+01,2.469828e+01,2.472515e+01,2.458401e+01,2.474530e+01,2.464452e+01,2.459073e+01,2.470500e+01,2.459073e+01,2.463108e+01,2.457728e+01,2.457728e+01,2.464452e+01,2.432812e+01,2.433487e+01,2.445614e+01,2.432812e+01,2.434161e+01,2.450327e+01,2.440900e+01,2.453019e+01,2.450327e+01,2.446288e+01,2.440900e+01,2.458401e+01,2.438878e+01,2.438878e+01,2.449654e+01,2.451000e+01,2.445614e+01,2.451000e+01,2.446288e+01,2.438878e+01,2.437531e+01,2.425393e+01,2.442921e+01,2.412566e+01,2.418644e+01,2.407161e+01,2.409864e+01,2.400400e+01,2.392958e+01,2.395664e+01,2.371956e+01,2.365172e+01,2.368564e+01,2.361099e+01,2.363814e+01,2.372634e+01,2.380768e+01,2.380091e+01,2.386187e+01,2.403105e+01,2.396341e+01,2.409864e+01,2.412566e+01,2.409864e+01,2.405809e+01,2.403781e+01,2.419994e+01,2.424719e+01,2.430790e+01,2.426743e+01,2.423369e+01,2.431464e+01,2.422019e+01,2.423369e+01,2.429441e+01,2.433487e+01,2.439552e+01,2.438878e+01,2.447635e+01,2.444941e+01,2.461763e+01,2.474530e+01,2.472515e+01,2.470500e+01,2.493316e+01,2.492645e+01,2.520094e+01,2.504035e+01,2.542135e+01,2.548805e+01,2.567459e+01,2.578768e+01,2.603340e+01,2.598032e+01,2.600686e+01,2.605993e+01,2.620573e+01,2.613948e+01,2.617924e+01,2.617924e+01,2.609971e+01,2.612623e+01,2.610634e+01,2.618586e+01,2.624546e+01,2.618586e+01,2.625208e+01,2.623222e+01,2.629841e+01,2.632487e+01,2.632487e+01,2.637117e+01,2.636456e+01,2.637117e+01,2.641084e+01,2.645709e+01,2.644388e+01,2.647691e+01,2.646370e+01,2.648352e+01,2.644388e+01,2.654955e+01,2.647691e+01,2.642405e+01,2.640422e+01,2.631826e+01,2.639100e+01,2.642405e+01,2.624546e+01,2.624546e+01,2.608646e+01,2.542135e+01,2.467141e+01,2.391604e+01,2.372634e+01,2.373990e+01,2.384833e+01,2.379413e+01,2.377380e+01,2.377380e+01,2.390250e+01,2.430115e+01,2.451000e+01,2.451000e+01,2.450327e+01,2.444941e+01,2.441573e+01,2.424044e+01,2.401076e+01,2.371277e+01,2.349552e+01,2.347513e+01,2.347513e+01,2.346833e+01,2.364493e+01,2.371277e+01,2.392958e+01,2.443594e+01,2.467141e+01,2.473858e+01,2.508052e+01,2.527446e+01,2.526778e+01,2.545471e+01,2.550139e+01,2.553472e+01,2.550139e+01,2.538131e+01,2.531454e+01,2.549472e+01,2.541468e+01,2.562798e+01,2.542135e+01,2.529451e+01,2.520094e+01,2.520094e+01,2.495997e+01,2.510060e+01,2.497337e+01,2.496667e+01,2.467141e+01,2.467141e+01,2.463780e+01,2.460419e+01,2.447635e+01,2.443594e+01,2.435509e+01,2.426068e+01,2.427417e+01,2.409188e+01,2.409864e+01,2.395664e+01,2.390927e+01,2.400400e+01,2.382801e+01,2.375346e+01,2.358383e+01,2.363814e+01,2.359062e+01,2.344793e+01,2.363136e+01,2.340032e+01,2.350231e+01,2.379413e+01,2.455710e+01,2.546138e+01,2.580097e+01,2.623222e+01,2.625208e+01,2.630502e+01,2.654955e+01,2.645709e+01,2.655615e+01,2.660895e+01,2.666171e+01,2.658255e+01,2.656935e+01,2.658915e+01,2.674740e+01,2.654295e+01,2.670127e+01,2.680010e+01,2.660895e+01,2.681986e+01,2.671445e+01,2.666831e+01,2.685936e+01,2.665512e+01,2.657595e+01,2.670786e+01,2.679352e+01,2.670127e+01,2.662874e+01,2.660895e+01,2.668809e+01,2.677376e+01,2.662214e+01,2.660235e+01,2.663533e+01,2.666171e+01,2.668149e+01,2.654295e+01,2.670127e+01,2.649012e+01,2.670127e+01,2.659575e+01,2.662874e+01,2.647691e+01,2.649012e+01,2.654955e+01,2.645049e+01,2.649012e+01,2.644388e+01,2.639100e+01,2.639761e+01,2.640422e+01,2.640422e+01,2.639761e+01,2.633149e+01,2.626532e+01,2.623222e+01,2.618586e+01,2.620573e+01,2.610634e+01,2.617924e+01,2.605993e+01,2.611297e+01,2.584750e+01,2.594049e+01,2.594713e+01,2.592721e+01,2.593385e+01,2.579433e+01,2.580097e+01,2.568790e+01,2.561466e+01,2.558802e+01,2.562798e+01,2.560134e+01,2.552139e+01,2.551472e+01,2.548138e+01,2.518088e+01,2.531454e+01,2.536796e+01,2.515413e+01,2.514744e+01,2.520094e+01,2.512737e+01,2.510730e+01,2.495326e+01,2.489964e+01,2.473187e+01,2.472515e+01,2.466469e+01,2.461091e+01,2.465796e+01,2.465796e+01,2.444268e+01,2.471172e+01,2.434161e+01,2.460419e+01,2.434161e+01,2.432138e+01,2.414593e+01,2.426743e+01,2.401076e+01,2.409188e+01,2.404457e+01,2.404457e+01,2.411215e+01,2.392958e+01,2.387542e+01,2.377380e+01,2.390250e+01,2.381446e+01,2.376024e+01,2.381446e+01,2.369242e+01,2.376702e+01,2.367207e+01,2.356346e+01,2.365172e+01,2.359062e+01,2.347513e+01,2.348192e+01,2.344793e+01,2.341393e+01,2.329142e+01,2.326418e+01,2.335269e+01,2.329823e+01,2.324374e+01,2.336630e+01,2.326418e+01,2.335269e+01,2.329142e+01,2.333908e+01,2.325737e+01,2.326418e+01,2.337311e+01,2.312786e+01,2.322330e+01,2.317559e+01,2.324374e+01,2.306645e+01,2.315514e+01,2.316877e+01,2.315514e+01,2.310739e+01,2.312786e+01,2.311422e+01,2.306645e+01,2.306645e+01,2.301184e+01,2.312786e+01,2.307328e+01,2.312104e+01,2.315514e+01,2.304598e+01,2.305963e+01,2.312786e+01,2.300501e+01,2.305280e+01,2.304598e+01,2.301867e+01,2.303232e+01,2.303915e+01,2.299818e+01,2.303232e+01,2.303915e+01,2.304598e+01,2.295720e+01,2.307328e+01,2.303232e+01,2.301184e+01,2.298452e+01,2.304598e+01,2.293670e+01,2.296403e+01,2.290937e+01,2.293670e+01,2.287519e+01,2.305963e+01,2.288202e+01,2.305280e+01,2.290937e+01,2.297769e+01,2.305963e+01,2.306645e+01,2.301184e+01,2.303915e+01,2.293670e+01,2.306645e+01,2.303915e+01,2.299818e+01,2.309375e+01,2.308693e+01,2.303915e+01,2.308010e+01,2.301867e+01,2.303232e+01,2.305963e+01,2.303915e+01,2.321649e+01,2.312786e+01,2.322330e+01,2.303232e+01,2.311422e+01,2.321649e+01,2.312104e+01,2.320967e+01,2.314832e+01,2.335950e+01,2.331866e+01,2.331866e+01,2.340032e+01,2.339352e+01,2.332547e+01,2.339352e+01,2.339352e+01,2.343433e+01,2.339352e+01,2.348192e+01,2.359062e+01,2.340713e+01,2.342073e+01,2.356346e+01,2.361778e+01,2.361778e+01
2.448981e+01,2.453692e+01,2.463780e+01,2.432138e+01,2.452346e+01,2.469156e+01,2.453019e+01,2.476544e+01,2.485269e+01,2.469156e+01,2.477216e+01,2.469828e+01,2.487952e+01,2.466469e+01,2.471844e+01,2.455038e+01,2.461763e+01,2.475201e+01,2.457728e+01,2.461091e+01,2.458401e+01,2.451000e+01,2.469156e+01,2.456383e+01,2.433487e+01,2.426743e+01,2.440226e+01,2.422694e+01,2.436857e+01,2.439552e+01,2.445614e+01,2.416619e+01,2.437531e+01,2.444941e+01,2.444941e+01,2.451673e+01,2.459073e+01,2.442921e+01,2.465796e+01,2.470500e+01,2.466469e+01,2.467813e+01,2.448308e+01,2.455038e+01,2.466469e+01,2.455038e+01,2.461091e+01,2.451673e+01,2.470500e+01,2.469828e+01,2.459746e+01,2.476544e+01,2.473187e+01,2.478558e+01,2.471172e+01,2.475201e+01,2.477887e+01,2.490634e+01,2.489964e+01,2.487952e+01,2.492645e+01,2.501357e+01,2.504035e+01,2.515413e+01,2.504705e+01,2.514744e+01,2.500017e+01,2.515413e+01,2.515413e+01,2.503366e+01,2.512068e+01,2.509391e+01,2.504035e+01,2.510060e+01,2.508052e+01,2.508052e+01,2.501357e+01,2.504035e+01,2.489964e+01,2.493316e+01,2.461763e+01,2.457728e+01,2.437531e+01,2.442247e+01,2.450327e+01,2.451000e+01,2.455038e+01,2.461091e+01,2.470500e+01,2.476544e+01,2.488622e+01,2.487281e+01,2.499347e+01,2.507383e+01,2.501357e+01,2.495326e+01,2.506713e+01,2.503366e+01,2.498677e+01,2.500017e+01,2.500017e+01,2.500017e+01,2.501357e+01,2.500017e+01,2.498677e+01,2.514075e+01,2.510060e+01,2.514744e+01,2.495326e+01,2.520763e+01,2.508722e+01,2.518088e+01,2.504035e+01,2.509391e+01,2.522768e+01,2.511399e+01,2.514075e+01,2.510060e+01,2.507383e+01,2.502696e+01,2.515413e+01,2.527446e+01,2.516751e+01,2.520763e+01,2.510730e+01,2.512068e+01,2.506713e+01,2.504035e+01,2.507383e+01,2.487281e+01,2.471844e+01,2.449654e+01,2.424719e+01,2.399723e+01,2.407837e+01,2.394311e+01,2.408512e+01,2.411891e+01,2.419994e+01,2.456383e+01,2.455710e+01,2.493986e+01,2.504705e+01,2.514075e+01,2.510730e+01,2.526110e+01,2.526778e+01,2.508722e+01,2.525442e+01,2.514075e+01,2.501357e+01,2.508052e+01,2.496667e+01,2.495997e+01,2.493316e+01,2.477887e+01,2.479230e+01,2.475201e+01,2.475201e+01,2.467141e+01,2.467141e+01,2.464452e+01,2.469828e+01,2.467141e+01,2.465796e+01,2.463108e+01,2.457728e+01,2.472515e+01,2.465796e+01,2.473858e+01,2.465124e+01,2.448981e+01,2.473858e+01,2.459746e+01,2.464452e+01,2.451673e+01,2.457728e+01,2.457728e+01,2.457056e+01,2.480572e+01,2.472515e+01,2.479901e+01,2.472515e+01,2.475201e+01,2.476544e+01,2.474530e+01,2.477216e+01,2.475873e+01,2.469828e+01,2.455710e+01,2.465796e+01,2.452346e+01,2.452346e+01,2.447635e+01,2.439552e+01,2.434835e+01,2.446961e+01,2.440900e+01,2.437531e+01,2.442247e+01,2.446288e+01,2.456383e+01,2.457056e+01,2.464452e+01,2.466469e+01,2.470500e+01,2.458401e+01,2.453019e+01,2.463780e+01,2.447635e+01,2.467141e+01,2.462436e+01,2.469828e+01,2.475201e+01,2.470500e+01,2.471844e+01,2.472515e+01,2.463108e+01,2.467813e+01,2.465124e+01,2.471844e+01,2.457728e+01,2.469156e+01,2.460419e+01,2.470500e+01,2.459746e+01,2.459746e+01,2.459746e+01,2.457056e+01,2.457056e+01,2.441573e+01,2.441573e+01,2.442921e+01,2.437531e+01,2.449654e+01,2.436857e+01,2.445614e+01,2.449654e+01,2.444268e+01,2.444268e+01,2.442247e+01,2.441573e+01,2.447635e+01,2.451673e+01,2.446961e+01,2.453692e+01,2.444941e+01,2.446288e+01,2.439552e+01,2.431464e+01,2.446288e+01,2.430790e+01,2.424719e+01,2.416619e+01,2.411215e+01,2.409188e+01,2.410540e+01,2.397694e+01,2.398371e+01,2.386187e+01,2.361778e+01,2.355667e+01,2.345473e+01,2.361099e+01,2.366529e+01,2.380091e+01,2.376024e+01,2.379413e+01,2.386187e+01,2.386187e+01,2.405133e+01,2.406485e+01,2.407837e+01,2.411215e+01,2.419319e+01,2.429441e+01,2.422694e+01,2.415943e+01,2.411215e+01,2.411215e+01,2.409864e+01,2.426068e+01,2.424044e+01,2.411891e+01,2.431464e+01,2.415943e+01,2.415268e+01,2.417294e+01,2.436857e+01,2.436183e+01,2.443594e+01,2.445614e+01,2.439552e+01,2.455038e+01,2.468484e+01,2.467813e+01,2.472515e+01,2.502696e+01,2.529451e+01,2.548138e+01,2.552805e+01,2.574778e+01,2.589401e+01,2.592721e+01,2.599359e+01,2.621898e+01,2.601350e+01,2.604004e+01,2.604667e+01,2.607319e+01,2.602677e+01,2.616599e+01,2.607319e+01,2.608646e+01,2.617261e+01,2.624546e+01,2.619248e+01,2.621898e+01,2.629841e+01,2.631164e+01,2.630502e+01,2.631826e+01,2.631164e+01,2.642405e+01,2.631826e+01,2.645709e+01,2.642405e+01,2.647031e+01,2.644388e+01,2.641084e+01,2.638439e+01,2.650333e+01,2.644388e+01,2.652314e+01,2.647691e+01,2.637117e+01,2.637117e+01,2.635133e+01,2.608646e+01,2.614611e+01,2.602013e+01,2.564796e+01,2.467141e+01,2.389573e+01,2.376702e+01,2.386865e+01,2.378735e+01,2.378735e+01,2.381446e+01,2.377380e+01,2.395664e+01,2.432138e+01,2.454365e+01,2.448981e+01,2.446961e+01,2.456383e+01,2.444268e+01,2.421344e+01,2.415268e+01,2.355667e+01,2.363814e+01,2.353629e+01,2.352270e+01,2.349552e+01,2.360420e+01,2.380768e+01,2.422694e+01,2.460419e+01,2.466469e+01,2.468484e+01,2.512737e+01,2.527446e+01,2.538131e+01,2.546805e+01,2.528782e+01,2.546805e+01,2.550139e+01,2.546805e+01,2.550805e+01,2.546138e+01,2.548805e+01,2.561466e+01,2.542135e+01,2.543469e+01,2.524773e+01,2.527446e+01,2.517419e+01,2.526110e+01,2.504705e+01,2.499347e+01,2.498007e+01,2.474530e+01,2.460419e+01,2.465124e+01,2.458401e+01,2.448981e+01,2.445614e+01,2.450327e+01,2.434835e+01,2.416619e+01,2.426743e+01,2.411215e+01,2.411891e+01,2.408512e+01,2.382123e+01,2.388219e+01,2.384155e+01,2.382123e+01,2.352949e+01,2.368564e+01,2.346833e+01,2.340032e+01,2.350911e+01,2.377380e+01,2.453019e+01,2.514075e+01,2.578768e+01,2.621898e+01,2.620573e+01,2.624546e+01,2.626532e+01,2.642405e+01,2.641744e+01,2.643727e+01,2.662874e+01,2.649673e+01,2.649673e+01,2.646370e+01,2.656935e+01,2.638439e+01,2.665512e+01,2.657595e+01,2.664193e+01,2.669468e+01,2.669468e+01,2.669468e+01,2.653635e+01,2.654955e+01,2.656275e+01,2.680010e+01,2.657595e+01,2.669468e+01,2.670786e+01,2.661554e+01,2.664852e+01,2.673422e+01,2.660235e+01,2.666171e+01,2.653635e+01,2.658255e+01,2.663533e+01,2.666171e+01,2.660895e+01,2.666171e+01,2.657595e+01,2.646370e+01,2.644388e+01,2.636456e+01,2.651654e+01,2.657595e+01,2.653635e+01,2.639100e+01,2.645709e+01,2.638439e+01,2.646370e+01,2.629179e+01,2.625208e+01,2.633810e+01,2.625870e+01,2.623884e+01,2.616599e+01,2.607982e+01,2.610634e+01,2.613948e+01,2.616599e+01,2.605993e+01,2.606656e+01,2.595377e+01,2.579433e+01,2.577438e+01,2.576108e+01,2.582756e+01,2.562798e+01,2.578103e+01,2.569455e+01,2.561466e+01,2.551472e+01,2.558136e+01,2.560800e+01,2.536796e+01,2.532790e+01,2.535461e+01,2.534126e+01,2.522100e+01,2.514075e+01,2.539466e+01,2.512737e+01,2.511399e+01,2.478558e+01,2.487281e+01,2.491975e+01,2.487952e+01,2.479230e+01,2.467813e+01,2.461091e+01,2.461763e+01,2.467141e+01,2.460419e+01,2.436857e+01,2.435509e+01,2.413242e+01,2.438878e+01,2.434835e+01,2.406485e+01,2.414593e+01,2.413242e+01,2.405809e+01,2.412566e+01,2.392281e+01,2.379413e+01,2.407161e+01,2.393634e+01,2.376702e+01,2.380091e+01,2.376024e+01,2.381446e+01,2.383478e+01,2.365850e+01,2.350911e+01,2.357704e+01,2.361778e+01,2.358383e+01,2.352270e+01,2.346833e+01,2.337311e+01,2.336630e+01,2.341393e+01,2.327099e+01,2.327099e+01,2.330504e+01,2.325056e+01,2.327780e+01,2.337311e+01,2.323693e+01,2.320286e+01,2.315514e+01,2.320286e+01,2.325737e+01,2.315514e+01,2.308010e+01,2.312786e+01,2.323012e+01,2.305963e+01,2.308010e+01,2.310739e+01,2.305280e+01,2.316195e+01,2.308010e+01,2.309375e+01,2.312104e+01,2.316195e+01,2.307328e+01,2.305963e+01,2.314832e+01,2.307328e+01,2.307328e+01,2.305963e+01,2.299135e+01,2.288886e+01,2.320286e+01,2.309375e+01,2.302550e+01,2.305280e+01,2.303915e+01,2.303915e+01,2.302550e+01,2.302550e+01,2.300501e+01,2.305280e+01,2.310057e+01,2.309375e+01,2.303232e+01,2.297086e+01,2.305963e+01,2.298452e+01,2.295037e+01,2.305280e+01,2.302550e+01,2.293670e+01,2.307328e+01,2.292987e+01,2.295037e+01,2.293670e+01,2.297086e+01,2.301867e+01,2.292987e+01,2.297086e+01,2.305280e+01,2.299818e+01,2.290937e+01,2.298452e+01,2.302550e+01,2.315514e+01,2.302550e+01,2.301867e+01,2.300501e+01,2.302550e+01,2.310739e+01,2.303232e+01,2.303915e+01,2.311422e+01,2.308693e+01,2.303232e+01,2.308010e+01,2.314832e+01,2.312104e+01,2.316877e+01,2.315514e+01,2.320286e+01,2.314832e+01,2.308010e+01,2.322330e+01,2.320286e+01,2.325737e+01,2.324374e+01,2.320286e+01,2.329142e+01,2.333228e+01,2.327099e+01,2.339352e+01,2.344113e+01,2.343433e+01,2.329142e+01,2.349552e+01,2.352270e+01,2.365850e+01,2.355667e+01,2.364493e+01,2.340713e+01,2.354308e+01
2.457728e+01,2.464452e+01,2.474530e+01,2.448308e+01,2.468484e+01,2.451673e+01,2.488622e+01,2.479901e+01,2.486610e+01,2.477887e+01,2.482585e+01,2.498677e+01,2.491305e+01,2.474530e+01,2.489293e+01,2.463780e+01,2.481243e+01,2.459746e+01,2.463108e+01,2.461763e+01,2.459746e+01,2.465124e+01,2.456383e+01,2.473187e+01,2.463780e+01,2.443594e+01,2.445614e+01,2.441573e+01,2.436857e+01,2.440226e+01,2.444941e+01,2.451673e+01,2.444941e+01,2.461763e+01,2.480572e+01,2.462436e+01,2.462436e+01,2.461763e+01,2.471844e+01,2.462436e+01,2.462436e+01,2.455710e+01,2.467813e+01,2.471172e+01,2.453019e+01,2.452346e+01,2.458401e+01,2.467813e+01,2.457056e+01,2.471844e+01,2.477216e+01,2.459073e+01,2.483256e+01,2.472515e+01,2.483927e+01,2.477887e+01,2.481914e+01,2.483256e+01,2.484598e+01,2.506713e+01,2.498677e+01,2.498677e+01,2.499347e+01,2.515413e+01,2.518088e+01,2.522100e+01,2.512068e+01,2.506044e+01,2.502026e+01,2.502696e+01,2.510060e+01,2.506044e+01,2.507383e+01,2.498007e+01,2.504705e+01,2.507383e+01,2.506044e+01,2.504705e+01,2.495326e+01,2.462436e+01,2.467813e+01,2.439552e+01,2.450327e+01,2.448981e+01,2.432138e+01,2.453019e+01,2.446961e+01,2.453019e+01,2.470500e+01,2.476544e+01,2.487281e+01,2.489293e+01,2.490634e+01,2.490634e+01,2.487952e+01,2.498677e+01,2.491975e+01,2.509391e+01,2.498007e+01,2.490634e+01,2.500017e+01,2.487281e+01,2.487952e+01,2.499347e+01,2.498007e+01,2.503366e+01,2.505375e+01,2.497337e+01,2.508722e+01,2.505375e+01,2.509391e+01,2.506044e+01,2.508722e+01,2.510060e+01,2.500017e+01,2.504035e+01,2.504705e+01,2.506044e+01,2.509391e+01,2.510060e+01,2.500687e+01,2.502696e+01,2.494656e+01,2.510730e+01,2.511399e+01,2.487952e+01,2.506044e+01,2.487952e+01,2.504035e+01,2.499347e+01,2.473187e+01,2.455710e+01,2.433487e+01,2.417294e+01,2.417969e+01,2.415268e+01,2.391604e+01,2.396341e+01,2.418644e+01,2.446288e+01,2.475201e+01,2.495997e+01,2.498007e+01,2.483927e+01,2.508052e+01,2.505375e+01,2.507383e+01,2.504035e+01,2.504035e+01,2.495326e+01,2.500687e+01,2.492645e+01,2.489964e+01,2.495997e+01,2.467141e+01,2.490634e+01,2.473187e+01,2.467813e+01,2.460419e+01,2.453692e+01,2.461091e+01,2.457728e+01,2.455038e+01,2.459073e+01,2.458401e+01,2.462436e+01,2.456383e+01,2.468484e+01,2.450327e+01,2.468484e+01,2.455038e+01,2.455710e+01,2.459746e+01,2.471172e+01,2.453692e+01,2.450327e+01,2.457056e+01,2.455038e+01,2.461763e+01,2.457056e+01,2.459746e+01,2.458401e+01,2.469828e+01,2.465124e+01,2.462436e+01,2.476544e+01,2.476544e+01,2.449654e+01,2.454365e+01,2.469156e+01,2.449654e+01,2.453019e+01,2.438205e+01,2.448308e+01,2.445614e+01,2.432138e+01,2.436857e+01,2.432812e+01,2.444268e+01,2.438878e+01,2.451000e+01,2.453019e+01,2.456383e+01,2.461091e+01,2.456383e+01,2.450327e+01,2.448981e+01,2.457056e+01,2.455710e+01,2.457056e+01,2.464452e+01,2.461091e+01,2.470500e+01,2.469156e+01,2.463780e+01,2.446288e+01,2.467141e+01,2.463108e+01,2.456383e+01,2.458401e+01,2.456383e+01,2.457056e+01,2.459073e+01,2.449654e+01,2.457728e+01,2.458401e+01,2.454365e+01,2.459073e+01,2.454365e+01,2.446961e+01,2.441573e+01,2.435509e+01,2.445614e+01,2.440226e+01,2.434161e+01,2.447635e+01,2.433487e+01,2.439552e+01,2.444268e+01,2.438205e+01,2.438205e+01,2.446288e+01,2.438878e+01,2.442247e+01,2.443594e+01,2.435509e+01,2.441573e+01,2.440226e+01,2.456383e+01,2.437531e+01,2.438878e+01,2.415268e+01,2.426068e+01,2.416619e+01,2.407837e+01,2.405809e+01,2.402428e+01,2.400400e+01,2.397018e+01,2.366529e+01,2.365850e+01,2.355667e+01,2.352270e+01,2.357704e+01,2.364493e+01,2.351590e+01,2.383478e+01,2.382801e+01,2.382801e+01,2.386187e+01,2.389573e+01,2.417294e+01,2.399723e+01,2.399723e+01,2.399723e+01,2.411215e+01,2.409188e+01,2.420670e+01,2.414593e+01,2.407161e+01,2.405809e+01,2.413242e+01,2.405133e+01,2.407161e+01,2.397018e+01,2.413242e+01,2.414593e+01,2.416619e+01,2.419994e+01,2.421344e+01,2.428092e+01,2.440900e+01,2.424719e+01,2.440900e+01,2.448308e+01,2.440226e+01,2.468484e+01,2.500017e+01,2.498007e+01,2.524105e+01,2.546805e+01,2.566793e+01,2.574778e+01,2.586079e+01,2.596041e+01,2.587408e+01,2.595377e+01,2.601350e+01,2.607319e+01,2.593385e+01,2.605993e+01,2.606656e+01,2.602677e+01,2.604004e+01,2.605993e+01,2.619911e+01,2.612623e+01,2.631826e+01,2.627194e+01,2.631164e+01,2.631164e+01,2.633149e+01,2.635133e+01,2.643066e+01,2.637778e+01,2.622560e+01,2.642405e+01,2.641084e+01,2.643727e+01,2.646370e+01,2.652975e+01,2.649012e+01,2.651654e+01,2.652975e+01,2.647031e+01,2.638439e+01,2.639761e+01,2.645049e+01,2.625208e+01,2.614611e+01,2.604667e+01,2.553472e+01,2.468484e+01,2.395664e+01,2.376702e+01,2.371277e+01,2.367886e+01,2.376702e+01,2.378057e+01,2.380091e+01,2.405133e+01,2.443594e+01,2.459746e+01,2.468484e+01,2.468484e+01,2.453019e+01,2.438878e+01,2.422694e+01,2.391604e+01,2.371956e+01,2.359741e+01,2.354987e+01,2.350231e+01,2.350231e+01,2.352949e+01,2.366529e+01,2.398371e+01,2.441573e+01,2.473187e+01,2.478558e+01,2.520763e+01,2.521431e+01,2.524105e+01,2.537464e+01,2.548805e+01,2.542802e+01,2.546138e+01,2.557470e+01,2.549472e+01,2.548805e+01,2.548138e+01,2.558136e+01,2.544137e+01,2.544137e+01,2.544804e+01,2.532122e+01,2.530119e+01,2.520094e+01,2.504035e+01,2.505375e+01,2.496667e+01,2.471844e+01,2.463108e+01,2.477887e+01,2.455710e+01,2.449654e+01,2.453019e+01,2.444268e+01,2.435509e+01,2.419994e+01,2.440900e+01,2.430790e+01,2.412566e+01,2.407837e+01,2.408512e+01,2.389573e+01,2.380768e+01,2.390250e+01,2.382801e+01,2.376024e+01,2.369242e+01,2.348192e+01,2.365172e+01,2.381446e+01,2.446288e+01,2.510060e+01,2.578768e+01,2.580097e+01,2.612623e+01,2.627194e+01,2.622560e+01,2.627194e+01,2.641744e+01,2.634472e+01,2.639761e+01,2.640422e+01,2.659575e+01,2.643066e+01,2.639100e+01,2.645709e+01,2.658255e+01,2.652975e+01,2.662214e+01,2.656935e+01,2.667490e+01,2.658915e+01,2.655615e+01,2.657595e+01,2.656275e+01,2.659575e+01,2.656935e+01,2.670127e+01,2.656935e+01,2.660895e+01,2.676717e+01,2.658915e+01,2.660895e+01,2.646370e+01,2.660895e+01,2.667490e+01,2.653635e+01,2.658255e+01,2.644388e+01,2.639100e+01,2.643066e+01,2.649673e+01,2.645049e+01,2.641744e+01,2.639100e+01,2.643727e+01,2.645709e+01,2.646370e+01,2.639761e+01,2.619911e+01,2.627855e+01,2.617261e+01,2.619911e+01,2.617261e+01,2.615274e+01,2.604667e+01,2.601350e+01,2.592057e+01,2.611960e+01,2.595377e+01,2.580762e+01,2.580762e+01,2.580097e+01,2.575443e+01,2.574778e+01,2.571451e+01,2.560800e+01,2.554804e+01,2.552139e+01,2.558136e+01,2.551472e+01,2.542802e+01,2.536129e+01,2.539466e+01,2.536796e+01,2.524773e+01,2.529451e+01,2.530119e+01,2.514744e+01,2.516082e+01,2.512068e+01,2.485269e+01,2.489293e+01,2.510730e+01,2.488622e+01,2.486610e+01,2.470500e+01,2.482585e+01,2.465124e+01,2.451000e+01,2.455710e+01,2.454365e+01,2.431464e+01,2.435509e+01,2.440900e+01,2.432812e+01,2.427417e+01,2.417294e+01,2.411891e+01,2.410540e+01,2.398371e+01,2.397694e+01,2.403781e+01,2.379413e+01,2.394311e+01,2.386187e+01,2.373990e+01,2.391604e+01,2.363136e+01,2.359062e+01,2.369921e+01,2.363814e+01,2.348192e+01,2.372634e+01,2.354308e+01,2.352270e+01,2.348192e+01,2.353629e+01,2.359062e+01,2.349552e+01,2.337991e+01,2.338672e+01,2.347513e+01,2.347513e+01,2.328461e+01,2.323693e+01,2.325056e+01,2.323693e+01,2.309375e+01,2.329823e+01,2.331185e+01,2.313468e+01,2.310057e+01,2.318241e+01,2.312786e+01,2.319604e+01,2.308010e+01,2.321649e+01,2.307328e+01,2.318923e+01,2.321649e+01,2.311422e+01,2.316195e+01,2.305963e+01,2.291620e+01,2.297769e+01,2.306645e+01,2.306645e+01,2.312104e+01,2.315514e+01,2.302550e+01,2.305963e+01,2.292987e+01,2.283415e+01,2.298452e+01,2.306645e+01,2.307328e+01,2.300501e+01,2.312786e+01,2.297769e+01,2.305963e+01,2.302550e+01,2.303232e+01,2.295037e+01,2.305963e+01,2.295720e+01,2.308010e+01,2.301867e+01,2.295720e+01,2.307328e+01,2.301867e+01,2.298452e+01,2.298452e+01,2.292303e+01,2.297769e+01,2.292987e+01,2.303915e+01,2.304598e+01,2.291620e+01,2.286835e+01,2.303915e+01,2.291620e+01,2.288886e+01,2.286835e+01,2.297086e+01,2.293670e+01,2.295720e+01,2.278626e+01,2.291620e+01,2.287519e+01,2.301867e+01,2.298452e+01,2.302550e+01,2.300501e+01,2.301184e+01,2.301867e+01,2.299135e+01,2.301867e+01,2.309375e+01,2.295720e+01,2.314832e+01,2.303232e+01,2.310057e+01,2.329142e+01,2.319604e+01,2.304598e+01,2.316877e+01,2.311422e+01,2.312104e+01,2.316195e+01,2.321649e+01,2.316877e+01,2.328461e+01,2.332547e+01,2.321649e+01,2.332547e+01,2.340032e+01,2.346153e+01,2.331185e+01,2.335950e+01,2.328461e+01,2.349552e+01,2.336630e+01,2.346153e+01,2.341393e+01,2.347513e+01
2.461091e+01,2.465124e+01,2.475201e+01,2.482585e+01,2.487952e+01,2.489964e+01,2.489964e+01,2.491305e+01,2.510060e+01,2.495326e+01,2.502696e+01,2.491305e+01,2.497337e+01,2.481243e+01,2.502696e+01,2.506044e+01,2.503366e+01,2.495997e+01,2.494656e+01,2.485269e+01,2.496667e+01,2.491975e+01,2.489293e+01,2.492645e+01,2.493316e+01,2.467813e+01,2.455710e+01,2.480572e+01,2.459073e+01,2.444268e+01,2.465796e+01,2.481243e+01,2.477887e+01,2.489964e+01,2.493986e+01,2.489964e+01,2.487952e+01,2.485269e+01,2.475201e+01,2.476544e+01,2.471844e+01,2.486610e+01,2.481914e+01,2.493316e+01,2.469156e+01,2.470500e+01,2.480572e+01,2.492645e+01,2.473187e+01,2.481243e+01,2.489293e+01,2.471844e+01,2.500017e+01,2.487281e+01,2.485269e+01,2.488622e+01,2.494656e+01,2.494656e+01,2.497337e+01,2.501357e+01,2.512068e+01,2.498007e+01,2.510060e+01,2.514744e+01,2.519426e+01,2.506044e+01,2.517419e+01,2.517419e+01,2.502026e+01,2.505375e+01,2.507383e+01,2.511399e+01,2.516751e+01,2.518757e+01,2.508052e+01,2.505375e+01,2.504035e+01,2.498677e+01,2.489964e+01,2.477887e+01,2.460419e+01,2.439552e+01,2.444268e+01,2.444268e+01,2.456383e+01,2.448981e+01,2.455710e+01,2.471172e+01,2.469156e+01,2.491975e+01,2.492645e+01,2.491305e+01,2.504035e+01,2.490634e+01,2.499347e+01,2.502696e+01,2.500017e+01,2.501357e+01,2.491975e+01,2.497337e+01,2.498677e+01,2.489964e+01,2.500687e+01,2.494656e+01,2.497337e+01,2.510730e+01,2.491975e+01,2.497337e+01,2.505375e+01,2.506044e+01,2.495997e+01,2.514075e+01,2.504705e+01,2.499347e+01,2.499347e+01,2.514075e+01,2.497337e+01,2.498007e+01,2.504705e+01,2.504035e+01,2.497337e+01,2.513406e+01,2.504035e+01,2.504035e+01,2.499347e+01,2.486610e+01,2.504035e+01,2.501357e+01,2.497337e+01,2.498677e+01,2.473187e+01,2.459073e+01,2.457728e+01,2.462436e+01,2.426068e+01,2.418644e+01,2.421344e+01,2.421344e+01,2.420670e+01,2.453692e+01,2.461763e+01,2.485269e+01,2.487952e+01,2.504035e+01,2.502696e+01,2.506044e+01,2.506044e+01,2.499347e+01,2.495326e+01,2.497337e+01,2.489964e+01,2.493316e+01,2.485269e+01,2.483256e+01,2.488622e+01,2.465796e+01,2.467141e+01,2.464452e+01,2.462436e+01,2.466469e+01,2.455038e+01,2.463108e+01,2.461763e+01,2.452346e+01,2.450327e+01,2.451000e+01,2.447635e+01,2.471172e+01,2.451000e+01,2.457056e+01,2.457056e+01,2.452346e+01,2.459746e+01,2.457056e+01,2.455710e+01,2.473187e+01,2.453019e+01,2.471844e+01,2.455710e+01,2.453019e+01,2.458401e+01,2.458401e+01,2.475873e+01,2.477887e+01,2.462436e+01,2.458401e+01,2.472515e+01,2.459073e+01,2.455710e+01,2.467141e+01,2.453692e+01,2.446961e+01,2.456383e+01,2.451000e+01,2.432812e+01,2.446961e+01,2.440226e+01,2.438878e+01,2.446961e+01,2.439552e+01,2.448308e+01,2.442921e+01,2.455710e+01,2.455038e+01,2.446288e+01,2.457728e+01,2.437531e+01,2.461763e+01,2.463780e+01,2.442247e+01,2.462436e+01,2.453019e+01,2.463108e+01,2.457056e+01,2.467813e+01,2.457728e+01,2.467813e+01,2.461091e+01,2.457056e+01,2.457056e+01,2.477216e+01,2.475873e+01,2.455710e+01,2.463780e+01,2.465796e+01,2.455710e+01,2.457056e+01,2.461763e+01,2.435509e+01,2.442247e+01,2.432812e+01,2.432812e+01,2.438878e+01,2.451000e+01,2.451000e+01,2.456383e+01,2.433487e+01,2.442921e+01,2.447635e+01,2.432812e+01,2.450327e+01,2.445614e+01,2.441573e+01,2.438205e+01,2.427417e+01,2.433487e+01,2.449654e+01,2.437531e+01,2.438205e+01,2.422694e+01,2.426743e+01,2.419319e+01,2.420670e+01,2.417294e+01,2.416619e+01,2.397018e+01,2.403105e+01,2.397694e+01,2.387542e+01,2.366529e+01,2.359062e+01,2.357704e+01,2.352270e+01,2.350231e+01,2.349552e+01,2.348192e+01,2.358383e+01,2.370599e+01,2.355667e+01,2.383478e+01,2.385510e+01,2.388219e+01,2.383478e+01,2.403105e+01,2.400400e+01,2.397018e+01,2.394988e+01,2.399723e+01,2.393634e+01,2.403781e+01,2.409188e+01,2.404457e+01,2.394988e+01,2.405133e+01,2.404457e+01,2.410540e+01,2.408512e+01,2.411215e+01,2.419994e+01,2.417294e+01,2.416619e+01,2.419319e+01,2.429441e+01,2.438205e+01,2.435509e+01,2.442247e+01,2.469828e+01,2.466469e+01,2.488622e+01,2.523437e+01,2.544137e+01,2.567459e+01,2.570121e+01,2.580097e+01,2.594049e+01,2.596704e+01,2.599359e+01,2.600686e+01,2.595377e+01,2.608646e+01,2.604004e+01,2.603340e+01,2.605330e+01,2.605330e+01,2.605993e+01,2.600686e+01,2.603340e+01,2.617261e+01,2.625870e+01,2.627194e+01,2.634472e+01,2.629841e+01,2.631164e+01,2.622560e+01,2.641084e+01,2.629179e+01,2.637117e+01,2.640422e+01,2.644388e+01,2.638439e+01,2.644388e+01,2.637117e+01,2.636456e+01,2.641744e+01,2.639761e+01,2.637778e+01,2.641744e+01,2.635133e+01,2.626532e+01,2.616599e+01,2.604004e+01,2.565462e+01,2.468484e+01,2.379413e+01,2.380768e+01,2.382801e+01,2.372634e+01,2.373990e+01,2.380768e+01,2.387542e+01,2.428766e+01,2.444268e+01,2.463108e+01,2.467813e+01,2.463108e+01,2.462436e+01,2.451673e+01,2.436857e+01,2.387542e+01,2.373990e+01,2.365850e+01,2.353629e+01,2.345473e+01,2.348192e+01,2.350231e+01,2.388219e+01,2.392958e+01,2.451000e+01,2.479901e+01,2.491305e+01,2.520094e+01,2.523437e+01,2.538131e+01,2.543469e+01,2.532790e+01,2.544137e+01,2.554138e+01,2.551472e+01,2.554138e+01,2.554138e+01,2.546805e+01,2.557470e+01,2.537464e+01,2.544137e+01,2.546805e+01,2.544804e+01,2.536796e+01,2.524105e+01,2.516082e+01,2.529451e+01,2.499347e+01,2.500017e+01,2.496667e+01,2.486610e+01,2.464452e+01,2.462436e+01,2.470500e+01,2.465124e+01,2.467141e+01,2.448981e+01,2.439552e+01,2.434835e+01,2.437531e+01,2.441573e+01,2.424044e+01,2.409864e+01,2.399047e+01,2.391604e+01,2.383478e+01,2.394311e+01,2.382123e+01,2.382123e+01,2.383478e+01,2.395664e+01,2.453019e+01,2.512737e+01,2.568790e+01,2.600686e+01,2.600023e+01,2.616599e+01,2.621898e+01,2.623884e+01,2.627855e+01,2.638439e+01,2.640422e+01,2.641744e+01,2.639100e+01,2.644388e+01,2.642405e+01,2.643727e+01,2.642405e+01,2.634472e+01,2.661554e+01,2.665512e+01,2.656275e+01,2.647031e+01,2.647691e+01,2.654955e+01,2.643066e+01,2.650333e+01,2.650333e+01,2.660235e+01,2.651654e+01,2.639761e+01,2.658255e+01,2.658915e+01,2.646370e+01,2.647691e+01,2.654295e+01,2.641744e+01,2.644388e+01,2.648352e+01,2.640422e+01,2.645049e+01,2.646370e+01,2.652975e+01,2.651654e+01,2.656275e+01,2.654295e+01,2.645049e+01,2.623222e+01,2.626532e+01,2.634472e+01,2.629841e+01,2.630502e+01,2.612623e+01,2.625208e+01,2.606656e+01,2.615274e+01,2.607319e+01,2.609309e+01,2.605330e+01,2.584750e+01,2.582092e+01,2.583421e+01,2.582756e+01,2.572117e+01,2.574113e+01,2.564130e+01,2.566793e+01,2.561466e+01,2.567459e+01,2.555471e+01,2.548805e+01,2.528782e+01,2.547471e+01,2.540133e+01,2.534126e+01,2.524773e+01,2.528115e+01,2.538799e+01,2.521431e+01,2.523437e+01,2.512737e+01,2.488622e+01,2.485269e+01,2.500017e+01,2.479901e+01,2.477216e+01,2.472515e+01,2.458401e+01,2.470500e+01,2.463780e+01,2.448308e+01,2.451673e+01,2.452346e+01,2.453019e+01,2.428766e+01,2.428766e+01,2.432812e+01,2.413242e+01,2.419994e+01,2.404457e+01,2.409188e+01,2.403781e+01,2.401752e+01,2.388896e+01,2.388219e+01,2.397694e+01,2.392281e+01,2.382801e+01,2.391604e+01,2.373312e+01,2.371277e+01,2.373990e+01,2.372634e+01,2.372634e+01,2.346833e+01,2.359062e+01,2.348872e+01,2.353629e+01,2.352270e+01,2.337311e+01,2.349552e+01,2.348192e+01,2.335950e+01,2.340032e+01,2.324374e+01,2.337311e+01,2.325737e+01,2.320967e+01,2.325056e+01,2.327780e+01,2.333908e+01,2.325056e+01,2.327099e+01,2.318923e+01,2.318923e+01,2.329823e+01,2.321649e+01,2.308693e+01,2.322330e+01,2.340713e+01,2.317559e+01,2.308693e+01,2.303232e+01,2.310739e+01,2.327099e+01,2.309375e+01,2.314150e+01,2.310057e+01,2.307328e+01,2.310057e+01,2.310739e+01,2.304598e+01,2.310739e+01,2.308010e+01,2.305963e+01,2.303232e+01,2.310057e+01,2.299135e+01,2.302550e+01,2.305963e+01,2.299135e+01,2.306645e+01,2.302550e+01,2.299818e+01,2.299135e+01,2.300501e+01,2.307328e+01,2.303915e+01,2.299818e+01,2.310739e+01,2.294353e+01,2.296403e+01,2.300501e+01,2.305280e+01,2.290253e+01,2.298452e+01,2.298452e+01,2.299818e+01,2.299818e+01,2.291620e+01,2.297086e+01,2.302550e+01,2.298452e+01,2.289569e+01,2.295720e+01,2.298452e+01,2.315514e+01,2.297086e+01,2.305280e+01,2.301184e+01,2.299818e+01,2.299135e+01,2.309375e+01,2.297769e+01,2.296403e+01,2.306645e+01,2.303915e+01,2.299818e+01,2.305963e+01,2.302550e+01,2.303232e+01,2.314150e+01,2.299135e+01,2.316195e+01,2.313468e+01,2.315514e+01,2.308693e+01,2.329142e+01,2.314150e+01,2.317559e+01,2.316877e+01,2.316195e+01,2.325737e+01,2.320967e+01,2.324374e+01,2.323012e+01,2.329823e+01,2.332547e+01,2.320967e+01,2.327099e+01,2.329142e+01,2.323012e+01,2.351590e+01,2.337311e+01,2.336630e+01,2.358383e+01,2.363136e+01
2.487281e+01,2.493316e+01,2.474530e+01,2.472515e+01,2.493986e+01,2.493986e+01,2.510060e+01,2.506044e+01,2.513406e+01,2.508722e+01,2.520763e+01,2.521431e+01,2.520763e+01,2.524105e+01,2.504705e+01,2.500687e+01,2.510060e+01,2.512737e+01,2.520094e+01,2.510730e+01,2.515413e+01,2.495326e+01,2.495997e+01,2.510060e+01,2.494656e+01,2.494656e+01,2.465124e+01,2.482585e+01,2.476544e+01,2.480572e+01,2.495997e+01,2.508722e+01,2.498007e+01,2.497337e+01,2.500017e+01,2.508722e+01,2.496667e+01,2.492645e+01,2.512737e+01,2.487952e+01,2.499347e+01,2.496667e+01,2.491975e+01,2.493986e+01,2.493316e+01,2.493986e+01,2.496667e+01,2.479901e+01,2.489293e+01,2.490634e+01,2.485940e+01,2.492645e+01,2.506713e+01,2.487281e+01,2.488622e+01,2.498677e+01,2.507383e+01,2.505375e+01,2.499347e+01,2.511399e+01,2.518088e+01,2.504705e+01,2.514075e+01,2.499347e+01,2.506713e+01,2.507383e+01,2.502696e+01,2.503366e+01,2.505375e+01,2.508052e+01,2.501357e+01,2.503366e+01,2.517419e+01,2.515413e+01,2.518757e+01,2.501357e+01,2.505375e+01,2.497337e+01,2.487952e+01,2.459746e+01,2.449654e+01,2.442921e+01,2.453692e+01,2.441573e+01,2.438205e+01,2.454365e+01,2.461091e+01,2.461763e+01,2.460419e+01,2.487952e+01,2.493316e+01,2.502696e+01,2.504035e+01,2.493316e+01,2.498007e+01,2.491975e+01,2.493986e+01,2.500687e+01,2.504705e+01,2.480572e+01,2.495326e+01,2.493986e+01,2.491975e+01,2.491305e+01,2.496667e+01,2.489964e+01,2.495997e+01,2.499347e+01,2.507383e+01,2.496667e+01,2.496667e+01,2.502696e+01,2.490634e+01,2.500687e+01,2.500017e+01,2.509391e+01,2.495997e+01,2.495997e+01,2.488622e+01,2.506044e+01,2.493316e+01,2.510730e+01,2.502696e+01,2.501357e+01,2.504705e+01,2.492645e+01,2.495326e+01,2.498007e+01,2.484598e+01,2.501357e+01,2.470500e+01,2.483927e+01,2.464452e+01,2.459073e+01,2.459746e+01,2.445614e+01,2.422019e+01,2.418644e+01,2.446288e+01,2.455038e+01,2.457728e+01,2.477216e+01,2.495326e+01,2.482585e+01,2.481914e+01,2.483927e+01,2.501357e+01,2.483256e+01,2.481243e+01,2.483927e+01,2.481243e+01,2.479230e+01,2.465124e+01,2.471172e+01,2.467141e+01,2.455710e+01,2.456383e+01,2.447635e+01,2.451000e+01,2.448308e+01,2.445614e+01,2.433487e+01,2.446961e+01,2.453019e+01,2.448308e+01,2.448308e+01,2.447635e+01,2.448308e+01,2.443594e+01,2.455710e+01,2.453019e+01,2.457728e+01,2.454365e+01,2.455710e+01,2.463108e+01,2.442247e+01,2.451000e+01,2.448981e+01,2.451000e+01,2.451000e+01,2.461763e+01,2.453019e+01,2.470500e+01,2.471172e+01,2.467813e+01,2.465124e+01,2.468484e+01,2.462436e+01,2.450327e+01,2.459073e+01,2.455710e+01,2.449654e+01,2.444941e+01,2.446288e+01,2.443594e+01,2.443594e+01,2.443594e+01,2.432812e+01,2.433487e+01,2.446961e+01,2.440226e+01,2.434161e+01,2.455710e+01,2.447635e+01,2.447635e+01,2.447635e+01,2.445614e+01,2.442247e+01,2.454365e+01,2.455038e+01,2.448981e+01,2.451000e+01,2.462436e+01,2.458401e+01,2.457056e+01,2.451000e+01,2.441573e+01,2.470500e+01,2.435509e+01,2.460419e+01,2.453019e+01,2.455038e+01,2.457056e+01,2.458401e+01,2.463108e+01,2.449654e+01,2.461091e+01,2.446288e+01,2.439552e+01,2.439552e+01,2.438205e+01,2.438205e+01,2.448981e+01,2.433487e+01,2.438878e+01,2.438878e+01,2.443594e+01,2.434835e+01,2.438205e+01,2.438878e+01,2.439552e+01,2.437531e+01,2.442247e+01,2.439552e+01,2.438878e+01,2.430115e+01,2.434835e+01,2.436857e+01,2.421344e+01,2.425393e+01,2.426743e+01,2.423369e+01,2.422694e+01,2.417969e+01,2.413242e+01,2.406485e+01,2.395664e+01,2.395664e+01,2.366529e+01,2.365172e+01,2.342753e+01,2.346833e+01,2.340032e+01,2.331185e+01,2.357025e+01,2.357025e+01,2.367886e+01,2.350911e+01,2.360420e+01,2.362457e+01,2.371277e+01,2.369242e+01,2.374668e+01,2.381446e+01,2.373312e+01,2.395664e+01,2.392281e+01,2.397018e+01,2.395664e+01,2.401076e+01,2.391604e+01,2.388219e+01,2.401076e+01,2.398371e+01,2.392281e+01,2.382801e+01,2.406485e+01,2.398371e+01,2.403781e+01,2.405133e+01,2.397694e+01,2.399047e+01,2.409864e+01,2.405133e+01,2.417969e+01,2.434161e+01,2.461091e+01,2.463780e+01,2.495997e+01,2.506713e+01,2.534793e+01,2.568790e+01,2.573447e+01,2.576108e+01,2.581427e+01,2.588072e+01,2.605993e+01,2.595377e+01,2.596704e+01,2.616599e+01,2.602677e+01,2.604667e+01,2.606656e+01,2.602013e+01,2.602013e+01,2.607319e+01,2.609971e+01,2.606656e+01,2.621235e+01,2.635133e+01,2.624546e+01,2.622560e+01,2.625208e+01,2.622560e+01,2.635794e+01,2.633149e+01,2.639761e+01,2.632487e+01,2.639100e+01,2.637778e+01,2.640422e+01,2.644388e+01,2.649012e+01,2.638439e+01,2.647031e+01,2.639100e+01,2.641744e+01,2.637778e+01,2.634472e+01,2.613286e+01,2.605993e+01,2.560800e+01,2.489964e+01,2.409864e+01,2.386187e+01,2.376702e+01,2.373990e+01,2.377380e+01,2.397694e+01,2.409188e+01,2.440900e+01,2.443594e+01,2.468484e+01,2.466469e+01,2.487952e+01,2.474530e+01,2.473187e+01,2.437531e+01,2.415268e+01,2.389573e+01,2.365172e+01,2.354308e+01,2.344793e+01,2.336630e+01,2.344793e+01,2.378057e+01,2.401076e+01,2.442921e+01,2.463780e+01,2.495326e+01,2.517419e+01,2.522100e+01,2.534126e+01,2.536796e+01,2.530787e+01,2.530787e+01,2.541468e+01,2.565462e+01,2.542802e+01,2.554804e+01,2.555471e+01,2.556804e+01,2.556137e+01,2.554138e+01,2.550805e+01,2.547471e+01,2.546138e+01,2.536129e+01,2.520763e+01,2.528115e+01,2.530119e+01,2.510730e+01,2.489964e+01,2.469156e+01,2.485940e+01,2.479230e+01,2.469156e+01,2.472515e+01,2.458401e+01,2.457728e+01,2.458401e+01,2.445614e+01,2.444941e+01,2.434835e+01,2.437531e+01,2.404457e+01,2.404457e+01,2.407161e+01,2.394988e+01,2.407161e+01,2.369921e+01,2.397694e+01,2.389573e+01,2.397018e+01,2.454365e+01,2.514075e+01,2.550139e+01,2.589401e+01,2.587408e+01,2.611960e+01,2.619911e+01,2.615274e+01,2.634472e+01,2.629179e+01,2.629841e+01,2.625870e+01,2.615274e+01,2.631826e+01,2.620573e+01,2.627194e+01,2.635133e+01,2.643066e+01,2.648352e+01,2.641084e+01,2.653635e+01,2.654295e+01,2.652314e+01,2.648352e+01,2.632487e+01,2.639100e+01,2.649673e+01,2.635133e+01,2.658255e+01,2.638439e+01,2.643727e+01,2.656935e+01,2.629841e+01,2.629179e+01,2.641084e+01,2.640422e+01,2.639761e+01,2.639761e+01,2.639100e+01,2.641084e+01,2.631164e+01,2.630502e+01,2.640422e+01,2.644388e+01,2.625208e+01,2.627194e+01,2.627855e+01,2.621898e+01,2.617261e+01,2.617924e+01,2.602013e+01,2.615274e+01,2.613948e+01,2.605330e+01,2.591393e+01,2.606656e+01,2.606656e+01,2.596041e+01,2.592721e+01,2.584750e+01,2.580762e+01,2.570121e+01,2.573447e+01,2.554804e+01,2.568790e+01,2.566127e+01,2.548138e+01,2.552139e+01,2.540133e+01,2.538799e+01,2.535461e+01,2.530787e+01,2.531454e+01,2.522768e+01,2.525442e+01,2.527446e+01,2.508052e+01,2.497337e+01,2.498007e+01,2.498007e+01,2.496667e+01,2.493986e+01,2.475201e+01,2.474530e+01,2.492645e+01,2.459073e+01,2.463108e+01,2.447635e+01,2.467813e+01,2.433487e+01,2.430790e+01,2.428092e+01,2.430790e+01,2.429441e+01,2.428766e+01,2.409188e+01,2.409188e+01,2.419994e+01,2.401752e+01,2.401076e+01,2.397694e+01,2.403781e+01,2.391604e+01,2.370599e+01,2.386187e+01,2.385510e+01,2.369921e+01,2.389573e+01,2.372634e+01,2.367207e+01,2.364493e+01,2.367886e+01,2.357025e+01,2.348192e+01,2.354987e+01,2.353629e+01,2.346833e+01,2.350911e+01,2.350911e+01,2.334589e+01,2.347513e+01,2.335950e+01,2.335269e+01,2.335950e+01,2.338672e+01,2.336630e+01,2.321649e+01,2.331185e+01,2.340032e+01,2.340713e+01,2.324374e+01,2.325056e+01,2.316877e+01,2.325056e+01,2.322330e+01,2.317559e+01,2.310057e+01,2.307328e+01,2.319604e+01,2.308010e+01,2.320286e+01,2.308010e+01,2.299818e+01,2.309375e+01,2.310057e+01,2.309375e+01,2.306645e+01,2.314832e+01,2.306645e+01,2.308010e+01,2.299818e+01,2.311422e+01,2.307328e+01,2.303232e+01,2.305963e+01,2.308010e+01,2.305963e+01,2.290937e+01,2.303232e+01,2.300501e+01,2.302550e+01,2.303915e+01,2.304598e+01,2.300501e+01,2.302550e+01,2.295720e+01,2.303915e+01,2.308693e+01,2.298452e+01,2.299135e+01,2.275888e+01,2.300501e+01,2.298452e+01,2.299135e+01,2.289569e+01,2.306645e+01,2.298452e+01,2.309375e+01,2.302550e+01,2.301184e+01,2.301184e+01,2.298452e+01,2.301184e+01,2.303915e+01,2.294353e+01,2.297769e+01,2.305280e+01,2.298452e+01,2.300501e+01,2.290937e+01,2.295720e+01,2.294353e+01,2.305280e+01,2.301184e+01,2.299818e+01,2.294353e+01,2.304598e+01,2.301184e+01,2.311422e+01,2.303915e+01,2.302550e+01,2.309375e+01,2.310739e+01,2.306645e+01,2.315514e+01,2.309375e+01,2.312786e+01,2.308010e+01,2.316877e+01,2.318241e+01,2.320286e+01,2.325056e+01,2.317559e+01,2.327780e+01,2.319604e+01,2.306645e+01,2.325737e+01,2.348872e+01,2.318241e+01,2.315514e+01,2.339352e+01,2.330504e+01,2.337311e+01,2.338672e+01,2.346833e+01,2.352270e+01
2.496667e+01,2.489964e+01,2.514744e+01,2.515413e+01,2.522100e+01,2.509391e+01,2.534126e+01,2.536129e+01,2.534126e+01,2.534793e+01,2.539466e+01,2.545471e+01,2.546805e+01,2.540801e+01,2.518088e+01,2.532122e+01,2.522768e+01,2.512068e+01,2.519426e+01,2.517419e+01,2.517419e+01,2.515413e+01,2.514744e+01,2.511399e+01,2.505375e+01,2.507383e+01,2.509391e+01,2.507383e+01,2.507383e+01,2.483256e+01,2.505375e+01,2.504035e+01,2.505375e+01,2.517419e+01,2.508722e+01,2.522100e+01,2.515413e+01,2.509391e+01,2.504705e+01,2.498677e+01,2.494656e+01,2.499347e+01,2.491975e+01,2.514075e+01,2.492645e+01,2.493316e+01,2.485269e+01,2.500017e+01,2.500017e+01,2.513406e+01,2.491305e+01,2.518757e+01,2.512737e+01,2.506713e+01,2.508722e+01,2.503366e+01,2.514075e+01,2.512737e+01,2.516751e+01,2.530787e+01,2.512068e+01,2.518088e+01,2.508722e+01,2.518088e+01,2.521431e+01,2.514744e+01,2.518088e+01,2.515413e+01,2.508052e+01,2.508052e+01,2.506713e+01,2.524105e+01,2.518088e+01,2.514075e+01,2.498677e+01,2.510730e+01,2.495326e+01,2.480572e+01,2.475201e+01,2.463108e+01,2.453019e+01,2.444941e+01,2.453019e+01,2.452346e+01,2.455038e+01,2.451000e+01,2.468484e+01,2.479230e+01,2.465124e+01,2.493316e+01,2.495326e+01,2.497337e+01,2.501357e+01,2.504035e+01,2.502026e+01,2.522768e+01,2.500687e+01,2.502696e+01,2.498007e+01,2.477216e+01,2.495997e+01,2.490634e+01,2.499347e+01,2.493986e+01,2.492645e+01,2.500017e+01,2.494656e+01,2.480572e+01,2.501357e+01,2.489293e+01,2.498007e+01,2.500017e+01,2.496667e+01,2.494656e+01,2.493316e+01,2.503366e+01,2.493986e+01,2.495326e+01,2.487281e+01,2.491305e+01,2.502026e+01,2.500017e+01,2.495326e+01,2.489964e+01,2.495326e+01,2.489293e+01,2.492645e+01,2.499347e+01,2.485940e+01,2.498007e+01,2.490634e+01,2.489293e+01,2.500687e+01,2.485269e+01,2.493316e+01,2.477216e+01,2.448981e+01,2.454365e+01,2.455038e+01,2.455710e+01,2.462436e+01,2.465796e+01,2.462436e+01,2.467141e+01,2.479230e+01,2.476544e+01,2.481914e+01,2.477887e+01,2.476544e+01,2.479901e+01,2.484598e+01,2.465124e+01,2.471172e+01,2.467141e+01,2.467141e+01,2.465796e+01,2.451673e+01,2.452346e+01,2.447635e+01,2.430790e+01,2.460419e+01,2.453692e+01,2.449654e+01,2.435509e+01,2.447635e+01,2.444268e+01,2.453019e+01,2.434835e+01,2.424044e+01,2.438878e+01,2.440900e+01,2.453019e+01,2.458401e+01,2.453692e+01,2.455710e+01,2.453692e+01,2.451000e+01,2.445614e+01,2.450327e+01,2.448981e+01,2.444941e+01,2.455710e+01,2.453692e+01,2.457056e+01,2.457728e+01,2.459746e+01,2.460419e+01,2.443594e+01,2.456383e+01,2.463780e+01,2.448308e+01,2.448981e+01,2.446288e+01,2.440900e+01,2.444268e+01,2.444941e+01,2.439552e+01,2.443594e+01,2.433487e+01,2.434835e+01,2.445614e+01,2.451000e+01,2.436183e+01,2.434835e+01,2.453692e+01,2.445614e+01,2.447635e+01,2.438205e+01,2.438205e+01,2.459073e+01,2.446961e+01,2.449654e+01,2.444268e+01,2.445614e+01,2.455710e+01,2.460419e+01,2.451673e+01,2.461763e+01,2.446288e+01,2.467141e+01,2.459073e+01,2.475873e+01,2.459746e+01,2.447635e+01,2.449654e+01,2.460419e+01,2.471844e+01,2.450327e+01,2.432138e+01,2.442921e+01,2.426743e+01,2.434161e+01,2.445614e+01,2.428766e+01,2.439552e+01,2.440900e+01,2.432138e+01,2.440900e+01,2.433487e+01,2.434835e+01,2.433487e+01,2.436857e+01,2.431464e+01,2.431464e+01,2.438205e+01,2.434835e+01,2.434161e+01,2.418644e+01,2.426068e+01,2.426068e+01,2.421344e+01,2.432138e+01,2.417969e+01,2.412566e+01,2.415268e+01,2.409864e+01,2.394988e+01,2.373312e+01,2.349552e+01,2.344793e+01,2.325056e+01,2.344793e+01,2.331185e+01,2.348192e+01,2.333908e+01,2.345473e+01,2.344793e+01,2.344793e+01,2.372634e+01,2.356346e+01,2.367886e+01,2.369242e+01,2.381446e+01,2.381446e+01,2.377380e+01,2.386187e+01,2.371956e+01,2.384833e+01,2.388219e+01,2.379413e+01,2.392281e+01,2.397018e+01,2.378735e+01,2.382801e+01,2.393634e+01,2.393634e+01,2.386187e+01,2.379413e+01,2.385510e+01,2.399047e+01,2.401076e+01,2.400400e+01,2.386865e+01,2.413242e+01,2.417969e+01,2.433487e+01,2.426068e+01,2.461763e+01,2.471172e+01,2.502026e+01,2.521431e+01,2.539466e+01,2.562798e+01,2.566793e+01,2.584750e+01,2.584750e+01,2.592057e+01,2.593385e+01,2.602677e+01,2.599359e+01,2.604667e+01,2.615936e+01,2.601350e+01,2.602677e+01,2.610634e+01,2.605330e+01,2.602013e+01,2.600686e+01,2.624546e+01,2.625870e+01,2.634472e+01,2.624546e+01,2.626532e+01,2.627194e+01,2.625870e+01,2.627194e+01,2.639761e+01,2.631826e+01,2.635133e+01,2.640422e+01,2.647691e+01,2.647691e+01,2.644388e+01,2.645709e+01,2.639761e+01,2.642405e+01,2.635794e+01,2.638439e+01,2.619911e+01,2.618586e+01,2.592057e+01,2.559468e+01,2.490634e+01,2.399723e+01,2.387542e+01,2.381446e+01,2.382801e+01,2.382123e+01,2.386187e+01,2.424044e+01,2.442247e+01,2.461763e+01,2.476544e+01,2.478558e+01,2.484598e+01,2.469156e+01,2.469828e+01,2.440900e+01,2.413917e+01,2.389573e+01,2.387542e+01,2.358383e+01,2.357025e+01,2.348192e+01,2.362457e+01,2.372634e+01,2.397018e+01,2.443594e+01,2.458401e+01,2.500687e+01,2.500687e+01,2.521431e+01,2.518088e+01,2.538131e+01,2.542135e+01,2.545471e+01,2.542135e+01,2.555471e+01,2.554804e+01,2.560134e+01,2.560134e+01,2.558802e+01,2.546138e+01,2.552805e+01,2.559468e+01,2.537464e+01,2.544804e+01,2.552139e+01,2.524105e+01,2.534126e+01,2.515413e+01,2.513406e+01,2.511399e+01,2.491305e+01,2.492645e+01,2.503366e+01,2.493986e+01,2.475873e+01,2.461091e+01,2.460419e+01,2.461091e+01,2.459073e+01,2.457056e+01,2.450327e+01,2.450327e+01,2.412566e+01,2.413242e+01,2.414593e+01,2.399723e+01,2.388896e+01,2.412566e+01,2.394988e+01,2.413917e+01,2.396341e+01,2.455038e+01,2.513406e+01,2.572782e+01,2.586743e+01,2.579433e+01,2.595377e+01,2.624546e+01,2.625208e+01,2.610634e+01,2.626532e+01,2.629841e+01,2.631826e+01,2.617924e+01,2.623884e+01,2.623884e+01,2.621898e+01,2.636456e+01,2.636456e+01,2.635794e+01,2.637778e+01,2.660895e+01,2.639100e+01,2.635794e+01,2.633810e+01,2.642405e+01,2.636456e+01,2.627855e+01,2.649673e+01,2.644388e+01,2.644388e+01,2.619911e+01,2.646370e+01,2.637117e+01,2.633810e+01,2.621235e+01,2.628517e+01,2.648352e+01,2.615936e+01,2.625208e+01,2.625870e+01,2.636456e+01,2.631826e+01,2.639761e+01,2.623884e+01,2.623222e+01,2.623884e+01,2.623222e+01,2.630502e+01,2.614611e+01,2.606656e+01,2.613286e+01,2.612623e+01,2.600023e+01,2.600686e+01,2.581427e+01,2.581427e+01,2.584750e+01,2.603340e+01,2.581427e+01,2.570121e+01,2.568124e+01,2.580762e+01,2.562798e+01,2.549472e+01,2.544137e+01,2.547471e+01,2.547471e+01,2.549472e+01,2.528782e+01,2.526110e+01,2.530119e+01,2.525442e+01,2.526110e+01,2.526110e+01,2.521431e+01,2.493986e+01,2.493986e+01,2.497337e+01,2.477887e+01,2.490634e+01,2.473187e+01,2.467813e+01,2.475873e+01,2.451000e+01,2.448308e+01,2.456383e+01,2.444941e+01,2.434161e+01,2.432138e+01,2.448981e+01,2.432138e+01,2.424044e+01,2.417969e+01,2.419319e+01,2.422694e+01,2.416619e+01,2.407161e+01,2.395664e+01,2.395664e+01,2.389573e+01,2.393634e+01,2.396341e+01,2.396341e+01,2.379413e+01,2.380768e+01,2.380768e+01,2.386865e+01,2.389573e+01,2.359741e+01,2.361099e+01,2.362457e+01,2.354987e+01,2.353629e+01,2.344793e+01,2.334589e+01,2.337311e+01,2.333908e+01,2.348192e+01,2.350911e+01,2.344793e+01,2.348192e+01,2.336630e+01,2.339352e+01,2.335950e+01,2.330504e+01,2.320967e+01,2.323012e+01,2.337311e+01,2.323693e+01,2.321649e+01,2.329142e+01,2.320967e+01,2.321649e+01,2.331185e+01,2.327099e+01,2.318241e+01,2.320967e+01,2.319604e+01,2.318241e+01,2.321649e+01,2.320967e+01,2.301867e+01,2.314150e+01,2.308010e+01,2.308693e+01,2.310739e+01,2.309375e+01,2.312104e+01,2.312104e+01,2.298452e+01,2.305280e+01,2.304598e+01,2.308693e+01,2.295720e+01,2.298452e+01,2.305963e+01,2.300501e+01,2.299135e+01,2.299135e+01,2.295720e+01,2.314832e+01,2.297769e+01,2.300501e+01,2.298452e+01,2.298452e+01,2.302550e+01,2.301184e+01,2.296403e+01,2.297086e+01,2.299135e+01,2.300501e+01,2.298452e+01,2.310739e+01,2.295037e+01,2.299818e+01,2.299135e+01,2.301867e+01,2.291620e+01,2.306645e+01,2.300501e+01,2.299818e+01,2.294353e+01,2.295720e+01,2.297086e+01,2.302550e+01,2.290253e+01,2.297769e+01,2.290253e+01,2.300501e+01,2.301184e+01,2.290937e+01,2.294353e+01,2.300501e+01,2.295720e+01,2.301184e+01,2.300501e+01,2.298452e+01,2.300501e+01,2.301867e+01,2.299135e+01,2.302550e+01,2.302550e+01,2.303232e+01,2.305963e+01,2.310739e+01,2.309375e+01,2.314150e+01,2.312104e+01,2.316877e+01,2.318923e+01,2.320967e+01,2.312786e+01,2.316877e+01,2.316195e+01,2.320286e+01,2.320286e+01,2.314832e+01,2.320967e+01,2.319604e+01,2.329823e+01,2.329823e+01,2.326418e+01,2.333908e+01,2.340713e+01,2.352949e+01,2.338672e+01
2.508722e+01,2.504035e+01,2.498007e+01,2.518088e+01,2.531454e+01,2.526110e+01,2.537464e+01,2.534793e+01,2.534793e+01,2.556137e+01,2.546138e+01,2.556137e+01,2.556804e+01,2.542135e+01,2.534793e+01,2.538799e+01,2.546805e+01,2.548138e+01,2.549472e+01,2.544137e+01,2.544804e+01,2.519426e+01,2.534793e+01,2.528782e+01,2.529451e+01,2.526110e+01,2.530787e+01,2.511399e+01,2.485269e+01,2.506044e+01,2.502696e+01,2.517419e+01,2.514744e+01,2.533458e+01,2.506713e+01,2.524773e+01,2.524773e+01,2.508722e+01,2.518088e+01,2.519426e+01,2.504705e+01,2.510730e+01,2.503366e+01,2.491975e+01,2.518757e+01,2.513406e+01,2.508722e+01,2.514744e+01,2.508722e+01,2.506713e+01,2.516751e+01,2.513406e+01,2.514744e+01,2.518088e+01,2.520763e+01,2.509391e+01,2.518757e+01,2.515413e+01,2.511399e+01,2.512737e+01,2.514744e+01,2.516751e+01,2.519426e+01,2.513406e+01,2.520094e+01,2.520094e+01,2.517419e+01,2.514075e+01,2.514075e+01,2.513406e+01,2.516082e+01,2.508722e+01,2.510060e+01,2.498677e+01,2.512068e+01,2.502026e+01,2.479230e+01,2.483927e+01,2.470500e+01,2.458401e+01,2.459073e+01,2.449654e+01,2.442921e+01,2.455710e+01,2.453692e+01,2.458401e+01,2.475873e+01,2.461091e+01,2.472515e+01,2.474530e+01,2.492645e+01,2.485940e+01,2.500017e+01,2.502026e+01,2.488622e+01,2.495997e+01,2.481243e+01,2.498677e+01,2.504035e+01,2.498007e+01,2.489293e+01,2.489293e+01,2.490634e+01,2.491305e+01,2.489293e+01,2.474530e+01,2.481914e+01,2.486610e+01,2.482585e+01,2.482585e+01,2.491975e+01,2.486610e+01,2.494656e+01,2.491305e+01,2.491305e+01,2.493986e+01,2.495326e+01,2.495997e+01,2.495326e+01,2.495326e+01,2.494656e+01,2.493316e+01,2.495326e+01,2.491975e+01,2.475873e+01,2.500017e+01,2.493986e+01,2.500017e+01,2.503366e+01,2.492645e+01,2.502696e+01,2.510730e+01,2.521431e+01,2.508722e+01,2.506044e+01,2.508052e+01,2.504705e+01,2.475873e+01,2.476544e+01,2.455710e+01,2.462436e+01,2.461763e+01,2.457728e+01,2.457728e+01,2.465796e+01,2.457728e+01,2.469828e+01,2.446288e+01,2.476544e+01,2.480572e+01,2.463780e+01,2.465796e+01,2.462436e+01,2.454365e+01,2.455038e+01,2.462436e+01,2.448981e+01,2.438878e+01,2.446961e+01,2.430790e+01,2.433487e+01,2.444268e+01,2.443594e+01,2.428766e+01,2.434161e+01,2.440900e+01,2.445614e+01,2.440226e+01,2.445614e+01,2.430115e+01,2.444268e+01,2.446288e+01,2.454365e+01,2.451000e+01,2.446288e+01,2.453019e+01,2.451000e+01,2.450327e+01,2.448981e+01,2.446288e+01,2.444268e+01,2.450327e+01,2.430115e+01,2.451673e+01,2.434161e+01,2.448981e+01,2.453692e+01,2.456383e+01,2.457056e+01,2.449654e+01,2.439552e+01,2.446288e+01,2.434161e+01,2.443594e+01,2.435509e+01,2.425393e+01,2.436183e+01,2.434835e+01,2.435509e+01,2.449654e+01,2.436183e+01,2.445614e+01,2.440226e+01,2.436183e+01,2.448308e+01,2.439552e+01,2.450327e+01,2.459073e+01,2.441573e+01,2.443594e+01,2.446288e+01,2.444941e+01,2.445614e+01,2.448308e+01,2.448981e+01,2.451673e+01,2.459746e+01,2.451673e+01,2.460419e+01,2.459746e+01,2.463780e+01,2.462436e+01,2.458401e+01,2.452346e+01,2.453019e+01,2.443594e+01,2.447635e+01,2.463108e+01,2.439552e+01,2.448981e+01,2.444268e+01,2.434161e+01,2.440226e+01,2.436857e+01,2.439552e+01,2.444268e+01,2.441573e+01,2.443594e+01,2.436857e+01,2.434161e+01,2.448308e+01,2.432812e+01,2.436857e+01,2.442247e+01,2.446288e+01,2.431464e+01,2.432812e+01,2.422019e+01,2.424719e+01,2.423369e+01,2.422694e+01,2.419994e+01,2.422019e+01,2.400400e+01,2.399047e+01,2.391604e+01,2.376024e+01,2.371277e+01,2.346153e+01,2.331866e+01,2.311422e+01,2.321649e+01,2.331185e+01,2.331185e+01,2.318923e+01,2.344793e+01,2.344113e+01,2.346153e+01,2.349552e+01,2.344113e+01,2.350911e+01,2.348872e+01,2.369242e+01,2.371956e+01,2.369242e+01,2.378057e+01,2.386865e+01,2.375346e+01,2.384833e+01,2.381446e+01,2.385510e+01,2.373990e+01,2.375346e+01,2.382801e+01,2.384155e+01,2.383478e+01,2.382123e+01,2.386187e+01,2.383478e+01,2.376702e+01,2.399047e+01,2.376702e+01,2.383478e+01,2.385510e+01,2.410540e+01,2.418644e+01,2.420670e+01,2.443594e+01,2.459746e+01,2.494656e+01,2.508052e+01,2.537464e+01,2.548805e+01,2.565462e+01,2.586079e+01,2.582756e+01,2.572117e+01,2.577438e+01,2.600686e+01,2.598696e+01,2.600686e+01,2.593385e+01,2.595377e+01,2.594713e+01,2.598696e+01,2.598696e+01,2.610634e+01,2.613948e+01,2.615274e+01,2.636456e+01,2.625870e+01,2.621898e+01,2.623884e+01,2.622560e+01,2.621898e+01,2.634472e+01,2.637778e+01,2.636456e+01,2.652314e+01,2.636456e+01,2.638439e+01,2.634472e+01,2.638439e+01,2.646370e+01,2.644388e+01,2.640422e+01,2.637117e+01,2.633810e+01,2.631826e+01,2.604004e+01,2.598696e+01,2.589401e+01,2.491975e+01,2.412566e+01,2.390927e+01,2.386187e+01,2.382801e+01,2.386865e+01,2.402428e+01,2.419319e+01,2.442921e+01,2.455038e+01,2.457728e+01,2.483256e+01,2.485269e+01,2.486610e+01,2.467141e+01,2.440900e+01,2.426068e+01,2.387542e+01,2.367886e+01,2.358383e+01,2.360420e+01,2.353629e+01,2.369921e+01,2.382801e+01,2.405133e+01,2.445614e+01,2.471172e+01,2.486610e+01,2.507383e+01,2.522768e+01,2.532790e+01,2.537464e+01,2.531454e+01,2.538131e+01,2.544804e+01,2.558802e+01,2.558802e+01,2.554804e+01,2.553472e+01,2.555471e+01,2.556137e+01,2.558136e+01,2.552805e+01,2.559468e+01,2.541468e+01,2.550805e+01,2.544137e+01,2.536796e+01,2.538799e+01,2.530787e+01,2.527446e+01,2.504035e+01,2.488622e+01,2.485269e+01,2.487281e+01,2.476544e+01,2.485940e+01,2.484598e+01,2.468484e+01,2.457728e+01,2.466469e+01,2.448981e+01,2.447635e+01,2.438205e+01,2.438205e+01,2.436857e+01,2.413917e+01,2.412566e+01,2.396341e+01,2.394988e+01,2.400400e+01,2.416619e+01,2.454365e+01,2.518088e+01,2.549472e+01,2.590729e+01,2.584750e+01,2.598696e+01,2.594049e+01,2.608646e+01,2.611960e+01,2.611960e+01,2.611297e+01,2.607982e+01,2.625208e+01,2.614611e+01,2.627194e+01,2.624546e+01,2.632487e+01,2.628517e+01,2.634472e+01,2.631164e+01,2.641084e+01,2.635133e+01,2.639100e+01,2.612623e+01,2.625208e+01,2.631826e+01,2.621898e+01,2.615936e+01,2.612623e+01,2.618586e+01,2.616599e+01,2.630502e+01,2.634472e+01,2.622560e+01,2.618586e+01,2.629841e+01,2.615936e+01,2.614611e+01,2.635133e+01,2.636456e+01,2.620573e+01,2.618586e+01,2.613286e+01,2.611960e+01,2.619911e+01,2.623884e+01,2.609309e+01,2.590065e+01,2.619911e+01,2.592721e+01,2.604004e+01,2.600686e+01,2.596704e+01,2.572782e+01,2.588072e+01,2.570786e+01,2.577438e+01,2.568790e+01,2.560134e+01,2.562798e+01,2.554804e+01,2.552139e+01,2.546805e+01,2.556804e+01,2.546138e+01,2.546138e+01,2.528782e+01,2.523437e+01,2.520094e+01,2.524773e+01,2.517419e+01,2.517419e+01,2.500687e+01,2.500017e+01,2.486610e+01,2.503366e+01,2.483256e+01,2.487952e+01,2.473187e+01,2.457728e+01,2.462436e+01,2.455710e+01,2.452346e+01,2.448308e+01,2.446288e+01,2.421344e+01,2.448308e+01,2.432138e+01,2.428092e+01,2.417969e+01,2.415943e+01,2.422694e+01,2.415943e+01,2.407837e+01,2.401076e+01,2.397694e+01,2.397018e+01,2.392281e+01,2.394311e+01,2.385510e+01,2.386865e+01,2.388219e+01,2.376702e+01,2.374668e+01,2.378735e+01,2.372634e+01,2.359062e+01,2.377380e+01,2.361778e+01,2.355667e+01,2.349552e+01,2.352949e+01,2.355667e+01,2.355667e+01,2.344793e+01,2.343433e+01,2.340032e+01,2.342073e+01,2.316195e+01,2.344793e+01,2.342073e+01,2.320967e+01,2.337311e+01,2.333908e+01,2.323693e+01,2.318923e+01,2.324374e+01,2.348192e+01,2.310057e+01,2.311422e+01,2.322330e+01,2.327780e+01,2.323693e+01,2.322330e+01,2.320286e+01,2.312104e+01,2.311422e+01,2.314150e+01,2.316195e+01,2.305280e+01,2.319604e+01,2.311422e+01,2.307328e+01,2.323012e+01,2.319604e+01,2.314832e+01,2.310739e+01,2.316877e+01,2.307328e+01,2.303915e+01,2.298452e+01,2.311422e+01,2.311422e+01,2.288202e+01,2.301184e+01,2.312104e+01,2.285467e+01,2.303232e+01,2.301867e+01,2.297769e+01,2.312786e+01,2.305280e+01,2.301184e+01,2.298452e+01,2.293670e+01,2.297769e+01,2.295720e+01,2.296403e+01,2.302550e+01,2.295720e+01,2.300501e+01,2.300501e+01,2.297086e+01,2.301184e+01,2.304598e+01,2.301184e+01,2.306645e+01,2.310739e+01,2.297086e+01,2.295720e+01,2.299135e+01,2.297086e+01,2.297769e+01,2.301867e+01,2.303915e+01,2.299135e+01,2.303232e+01,2.291620e+01,2.290937e+01,2.298452e+01,2.290937e+01,2.292303e+01,2.299818e+01,2.304598e+01,2.297769e+01,2.305963e+01,2.299818e+01,2.305280e+01,2.299818e+01,2.304598e+01,2.303232e+01,2.308693e+01,2.308693e+01,2.312786e+01,2.319604e+01,2.313468e+01,2.306645e+01,2.316195e+01,2.316877e+01,2.314832e+01,2.318241e+01,2.315514e+01,2.303232e+01,2.305963e+01,2.321649e+01,2.325737e+01,2.326418e+01,2.326418e+01,2.329823e+01,2.331185e+01,2.328461e+01,2.335269e+01,2.327099e+01,2.331185e+01,2.339352e+01,2.346833e+01
2.503366e+01,2.518088e+01,2.546138e+01,2.531454e+01,2.538131e+01,2.550805e+01,2.553472e+01,2.540133e+01,2.567459e+01,2.561466e+01,2.578103e+01,2.558802e+01,2.573447e+01,2.560134e+01,2.550139e+01,2.544137e+01,2.548138e+01,2.573447e+01,2.572782e+01,2.546138e+01,2.544137e+01,2.544137e+01,2.548138e+01,2.562132e+01,2.529451e+01,2.531454e+01,2.531454e+01,2.528782e+01,2.512737e+01,2.522100e+01,2.526778e+01,2.537464e+01,2.522100e+01,2.524773e+01,2.530787e+01,2.532790e+01,2.528782e+01,2.524105e+01,2.530787e+01,2.524773e+01,2.520094e+01,2.526778e+01,2.522768e+01,2.512737e+01,2.522100e+01,2.509391e+01,2.510730e+01,2.516082e+01,2.513406e+01,2.520763e+01,2.526110e+01,2.516082e+01,2.522100e+01,2.528115e+01,2.518757e+01,2.528782e+01,2.525442e+01,2.508052e+01,2.512737e+01,2.514744e+01,2.502696e+01,2.501357e+01,2.525442e+01,2.506713e+01,2.518088e+01,2.512737e+01,2.509391e+01,2.504035e+01,2.503366e+01,2.514075e+01,2.506044e+01,2.516751e+01,2.505375e+01,2.530787e+01,2.513406e+01,2.495326e+01,2.485940e+01,2.479901e+01,2.465796e+01,2.445614e+01,2.445614e+01,2.446288e+01,2.455710e+01,2.453692e+01,2.453019e+01,2.457056e+01,2.475201e+01,2.473858e+01,2.474530e+01,2.475201e+01,2.494656e+01,2.504705e+01,2.489964e+01,2.498677e+01,2.496667e+01,2.480572e+01,2.491305e+01,2.477216e+01,2.475873e+01,2.490634e+01,2.483256e+01,2.489964e+01,2.483927e+01,2.484598e+01,2.481914e+01,2.477216e+01,2.474530e+01,2.484598e+01,2.479901e+01,2.502026e+01,2.491305e+01,2.479901e+01,2.481243e+01,2.475873e+01,2.477887e+01,2.494656e+01,2.494656e+01,2.495997e+01,2.485269e+01,2.495326e+01,2.493986e+01,2.495326e+01,2.491305e+01,2.491975e+01,2.496667e+01,2.490634e+01,2.498007e+01,2.502696e+01,2.497337e+01,2.508052e+01,2.508722e+01,2.522768e+01,2.548805e+01,2.530787e+01,2.526110e+01,2.522768e+01,2.522768e+01,2.504705e+01,2.502026e+01,2.465796e+01,2.462436e+01,2.463108e+01,2.454365e+01,2.457056e+01,2.452346e+01,2.457728e+01,2.446961e+01,2.453692e+01,2.458401e+01,2.459746e+01,2.455710e+01,2.459073e+01,2.453019e+01,2.463108e+01,2.446961e+01,2.448981e+01,2.441573e+01,2.445614e+01,2.438205e+01,2.432812e+01,2.433487e+01,2.434835e+01,2.439552e+01,2.438205e+01,2.438878e+01,2.441573e+01,2.428092e+01,2.432138e+01,2.439552e+01,2.437531e+01,2.443594e+01,2.450327e+01,2.444941e+01,2.456383e+01,2.440900e+01,2.451673e+01,2.440900e+01,2.439552e+01,2.446288e+01,2.444268e+01,2.446288e+01,2.419319e+01,2.421344e+01,2.437531e+01,2.440226e+01,2.435509e+01,2.444941e+01,2.453019e+01,2.453019e+01,2.445614e+01,2.440900e+01,2.441573e+01,2.428092e+01,2.449654e+01,2.446961e+01,2.448308e+01,2.442921e+01,2.436857e+01,2.446288e+01,2.441573e+01,2.433487e+01,2.437531e+01,2.449654e+01,2.453019e+01,2.443594e+01,2.441573e+01,2.434161e+01,2.440226e+01,2.439552e+01,2.447635e+01,2.445614e+01,2.444268e+01,2.443594e+01,2.455710e+01,2.455710e+01,2.450327e+01,2.457056e+01,2.461091e+01,2.463780e+01,2.458401e+01,2.472515e+01,2.458401e+01,2.461091e+01,2.462436e+01,2.471172e+01,2.451000e+01,2.450327e+01,2.455710e+01,2.450327e+01,2.446961e+01,2.455038e+01,2.440226e+01,2.432138e+01,2.432812e+01,2.432138e+01,2.434835e+01,2.432138e+01,2.430790e+01,2.432812e+01,2.436857e+01,2.432138e+01,2.424044e+01,2.428092e+01,2.431464e+01,2.426068e+01,2.425393e+01,2.422019e+01,2.420670e+01,2.408512e+01,2.410540e+01,2.403781e+01,2.422019e+01,2.405133e+01,2.400400e+01,2.403781e+01,2.388896e+01,2.359741e+01,2.357025e+01,2.330504e+01,2.326418e+01,2.331866e+01,2.312786e+01,2.318241e+01,2.325737e+01,2.335269e+01,2.333228e+01,2.338672e+01,2.335950e+01,2.354987e+01,2.349552e+01,2.364493e+01,2.369242e+01,2.349552e+01,2.368564e+01,2.361778e+01,2.360420e+01,2.354987e+01,2.374668e+01,2.363814e+01,2.373312e+01,2.375346e+01,2.371956e+01,2.374668e+01,2.372634e+01,2.371956e+01,2.388896e+01,2.380768e+01,2.379413e+01,2.382801e+01,2.380091e+01,2.396341e+01,2.379413e+01,2.381446e+01,2.387542e+01,2.391604e+01,2.411215e+01,2.417294e+01,2.426743e+01,2.448981e+01,2.473187e+01,2.504705e+01,2.529451e+01,2.536129e+01,2.572782e+01,2.572782e+01,2.590729e+01,2.588072e+01,2.580762e+01,2.593385e+01,2.605330e+01,2.590065e+01,2.596704e+01,2.600023e+01,2.605993e+01,2.593385e+01,2.605330e+01,2.613948e+01,2.627194e+01,2.615936e+01,2.630502e+01,2.627855e+01,2.622560e+01,2.610634e+01,2.627855e+01,2.623884e+01,2.623222e+01,2.637778e+01,2.635794e+01,2.639761e+01,2.635794e+01,2.631826e+01,2.651654e+01,2.633149e+01,2.634472e+01,2.645709e+01,2.645709e+01,2.637778e+01,2.639100e+01,2.617261e+01,2.620573e+01,2.600023e+01,2.576108e+01,2.493986e+01,2.411891e+01,2.395664e+01,2.388219e+01,2.392958e+01,2.396341e+01,2.415943e+01,2.434835e+01,2.448981e+01,2.455038e+01,2.475201e+01,2.477887e+01,2.484598e+01,2.483256e+01,2.468484e+01,2.438205e+01,2.413242e+01,2.414593e+01,2.371956e+01,2.360420e+01,2.351590e+01,2.355667e+01,2.363814e+01,2.397694e+01,2.403781e+01,2.444268e+01,2.479901e+01,2.503366e+01,2.530119e+01,2.526110e+01,2.528782e+01,2.530119e+01,2.540801e+01,2.541468e+01,2.551472e+01,2.544804e+01,2.551472e+01,2.570786e+01,2.558136e+01,2.555471e+01,2.553472e+01,2.557470e+01,2.553472e+01,2.553472e+01,2.553472e+01,2.552805e+01,2.552139e+01,2.534793e+01,2.530119e+01,2.518088e+01,2.522768e+01,2.506713e+01,2.495326e+01,2.498007e+01,2.489964e+01,2.492645e+01,2.484598e+01,2.487952e+01,2.483256e+01,2.467141e+01,2.457056e+01,2.460419e+01,2.452346e+01,2.439552e+01,2.440226e+01,2.429441e+01,2.424044e+01,2.426068e+01,2.417294e+01,2.420670e+01,2.414593e+01,2.417969e+01,2.453019e+01,2.498677e+01,2.568124e+01,2.576773e+01,2.578768e+01,2.590729e+01,2.599359e+01,2.601350e+01,2.609309e+01,2.601350e+01,2.623884e+01,2.608646e+01,2.613948e+01,2.609309e+01,2.613286e+01,2.613286e+01,2.622560e+01,2.627855e+01,2.633810e+01,2.627194e+01,2.617261e+01,2.629841e+01,2.611960e+01,2.612623e+01,2.626532e+01,2.621898e+01,2.623884e+01,2.634472e+01,2.612623e+01,2.617924e+01,2.617924e+01,2.619911e+01,2.619911e+01,2.617924e+01,2.611297e+01,2.611960e+01,2.615274e+01,2.607982e+01,2.623884e+01,2.606656e+01,2.623884e+01,2.617261e+01,2.609971e+01,2.605330e+01,2.598696e+01,2.606656e+01,2.590065e+01,2.591393e+01,2.592057e+01,2.589401e+01,2.588072e+01,2.598032e+01,2.600686e+01,2.566127e+01,2.566793e+01,2.576773e+01,2.574778e+01,2.556804e+01,2.556137e+01,2.548805e+01,2.552805e+01,2.551472e+01,2.537464e+01,2.526778e+01,2.523437e+01,2.521431e+01,2.509391e+01,2.511399e+01,2.510060e+01,2.507383e+01,2.502026e+01,2.502696e+01,2.502026e+01,2.476544e+01,2.475873e+01,2.461091e+01,2.475201e+01,2.482585e+01,2.473858e+01,2.466469e+01,2.449654e+01,2.445614e+01,2.446288e+01,2.447635e+01,2.421344e+01,2.436183e+01,2.423369e+01,2.425393e+01,2.413917e+01,2.421344e+01,2.411891e+01,2.409188e+01,2.407837e+01,2.400400e+01,2.402428e+01,2.393634e+01,2.397018e+01,2.397694e+01,2.389573e+01,2.392958e+01,2.389573e+01,2.382123e+01,2.370599e+01,2.380768e+01,2.358383e+01,2.377380e+01,2.368564e+01,2.352270e+01,2.369242e+01,2.357025e+01,2.353629e+01,2.352949e+01,2.347513e+01,2.350911e+01,2.333228e+01,2.351590e+01,2.339352e+01,2.348192e+01,2.339352e+01,2.347513e+01,2.340032e+01,2.333228e+01,2.340032e+01,2.337311e+01,2.331866e+01,2.318923e+01,2.331185e+01,2.321649e+01,2.312786e+01,2.318923e+01,2.315514e+01,2.327099e+01,2.328461e+01,2.320286e+01,2.320286e+01,2.328461e+01,2.312104e+01,2.309375e+01,2.317559e+01,2.314150e+01,2.310057e+01,2.316195e+01,2.305280e+01,2.316195e+01,2.309375e+01,2.308693e+01,2.310739e+01,2.303232e+01,2.320967e+01,2.306645e+01,2.314150e+01,2.301184e+01,2.308010e+01,2.299818e+01,2.308693e+01,2.310739e+01,2.311422e+01,2.303232e+01,2.309375e+01,2.308693e+01,2.310739e+01,2.292987e+01,2.298452e+01,2.305280e+01,2.302550e+01,2.297769e+01,2.299818e+01,2.301867e+01,2.292303e+01,2.302550e+01,2.299135e+01,2.302550e+01,2.290937e+01,2.295720e+01,2.290937e+01,2.305963e+01,2.301184e+01,2.295037e+01,2.295037e+01,2.295720e+01,2.298452e+01,2.306645e+01,2.299135e+01,2.296403e+01,2.300501e+01,2.290937e+01,2.288202e+01,2.291620e+01,2.297769e+01,2.302550e+01,2.291620e+01,2.298452e+01,2.303915e+01,2.299135e+01,2.297769e+01,2.299818e+01,2.296403e+01,2.310057e+01,2.298452e+01,2.299135e+01,2.300501e+01,2.310057e+01,2.312104e+01,2.312786e+01,2.304598e+01,2.306645e+01,2.316195e+01,2.306645e+01,2.306645e+01,2.326418e+01,2.309375e+01,2.318923e+01,2.313468e+01,2.318241e+01,2.315514e+01,2.312786e+01,2.324374e+01,2.314150e+01,2.310057e+01,2.331185e+01,2.320967e+01,2.329142e+01,2.331866e+01,2.340032e+01,2.342753e+01,2.331185e+01
2.520094e+01,2.513406e+01,2.542802e+01,2.537464e+01,2.560134e+01,2.552139e+01,2.555471e+01,2.552805e+01,2.552805e+01,2.569455e+01,2.592721e+01,2.574113e+01,2.574778e+01,2.568790e+01,2.582756e+01,2.573447e+01,2.579433e+01,2.600023e+01,2.585415e+01,2.574778e+01,2.577438e+01,2.564796e+01,2.574778e+01,2.561466e+01,2.550139e+01,2.550805e+01,2.531454e+01,2.531454e+01,2.526778e+01,2.527446e+01,2.528782e+01,2.525442e+01,2.534126e+01,2.535461e+01,2.534126e+01,2.534793e+01,2.526778e+01,2.535461e+01,2.534793e+01,2.528782e+01,2.528115e+01,2.500687e+01,2.526778e+01,2.528115e+01,2.528115e+01,2.524773e+01,2.528782e+01,2.516751e+01,2.508722e+01,2.527446e+01,2.526110e+01,2.524773e+01,2.529451e+01,2.520763e+01,2.534793e+01,2.524773e+01,2.526778e+01,2.516751e+01,2.515413e+01,2.516751e+01,2.516751e+01,2.499347e+01,2.504705e+01,2.518757e+01,2.519426e+01,2.515413e+01,2.513406e+01,2.507383e+01,2.516751e+01,2.506713e+01,2.514744e+01,2.508722e+01,2.516751e+01,2.522100e+01,2.495997e+01,2.495326e+01,2.498007e+01,2.484598e+01,2.444941e+01,2.440900e+01,2.448981e+01,2.444268e+01,2.448308e+01,2.463780e+01,2.453019e+01,2.471172e+01,2.459746e+01,2.470500e+01,2.474530e+01,2.493986e+01,2.477887e+01,2.487952e+01,2.490634e+01,2.486610e+01,2.482585e+01,2.489964e+01,2.494656e+01,2.484598e+01,2.483927e+01,2.493316e+01,2.490634e+01,2.481243e+01,2.480572e+01,2.487952e+01,2.477887e+01,2.479230e+01,2.476544e+01,2.480572e+01,2.480572e+01,2.476544e+01,2.490634e+01,2.484598e+01,2.478558e+01,2.490634e+01,2.481914e+01,2.487281e+01,2.483256e+01,2.495997e+01,2.492645e+01,2.495326e+01,2.494656e+01,2.492645e+01,2.493316e+01,2.497337e+01,2.492645e+01,2.492645e+01,2.498007e+01,2.494656e+01,2.500687e+01,2.496667e+01,2.501357e+01,2.526778e+01,2.552805e+01,2.572782e+01,2.560800e+01,2.544137e+01,2.544137e+01,2.518088e+01,2.509391e+01,2.503366e+01,2.485940e+01,2.462436e+01,2.453692e+01,2.448308e+01,2.451000e+01,2.454365e+01,2.436857e+01,2.442247e+01,2.436183e+01,2.440226e+01,2.449654e+01,2.434835e+01,2.438878e+01,2.438878e+01,2.432138e+01,2.438205e+01,2.442247e+01,2.434835e+01,2.440900e+01,2.434835e+01,2.409864e+01,2.427417e+01,2.425393e+01,2.427417e+01,2.420670e+01,2.434161e+01,2.428092e+01,2.430115e+01,2.427417e+01,2.432812e+01,2.434161e+01,2.439552e+01,2.444268e+01,2.452346e+01,2.442247e+01,2.438878e+01,2.436857e+01,2.441573e+01,2.432138e+01,2.442921e+01,2.430115e+01,2.424719e+01,2.451000e+01,2.431464e+01,2.431464e+01,2.430115e+01,2.437531e+01,2.443594e+01,2.440226e+01,2.440900e+01,2.434835e+01,2.446961e+01,2.448308e+01,2.446961e+01,2.453019e+01,2.447635e+01,2.439552e+01,2.441573e+01,2.433487e+01,2.444268e+01,2.446288e+01,2.438205e+01,2.449654e+01,2.444941e+01,2.436857e+01,2.437531e+01,2.438205e+01,2.435509e+01,2.438878e+01,2.437531e+01,2.438878e+01,2.440900e+01,2.444941e+01,2.444268e+01,2.448981e+01,2.444268e+01,2.463108e+01,2.472515e+01,2.460419e+01,2.468484e+01,2.461091e+01,2.471844e+01,2.462436e+01,2.472515e+01,2.454365e+01,2.466469e+01,2.449654e+01,2.463108e+01,2.448981e+01,2.453019e+01,2.442247e+01,2.449654e+01,2.443594e+01,2.429441e+01,2.427417e+01,2.423369e+01,2.427417e+01,2.431464e+01,2.435509e+01,2.426068e+01,2.430115e+01,2.415268e+01,2.428092e+01,2.426068e+01,2.434161e+01,2.424719e+01,2.424044e+01,2.424719e+01,2.408512e+01,2.411215e+01,2.405809e+01,2.416619e+01,2.417969e+01,2.403105e+01,2.384155e+01,2.378735e+01,2.379413e+01,2.327099e+01,2.320967e+01,2.331866e+01,2.330504e+01,2.325737e+01,2.331866e+01,2.326418e+01,2.334589e+01,2.344113e+01,2.337991e+01,2.348192e+01,2.358383e+01,2.350231e+01,2.375346e+01,2.368564e+01,2.367886e+01,2.362457e+01,2.365850e+01,2.352270e+01,2.359062e+01,2.370599e+01,2.372634e+01,2.374668e+01,2.379413e+01,2.376702e+01,2.382801e+01,2.372634e+01,2.388219e+01,2.380091e+01,2.382123e+01,2.380768e+01,2.374668e+01,2.375346e+01,2.380768e+01,2.375346e+01,2.386187e+01,2.379413e+01,2.394311e+01,2.400400e+01,2.409864e+01,2.419994e+01,2.444941e+01,2.460419e+01,2.498677e+01,2.527446e+01,2.553472e+01,2.550139e+01,2.580097e+01,2.580762e+01,2.570786e+01,2.574778e+01,2.581427e+01,2.594049e+01,2.599359e+01,2.590065e+01,2.603340e+01,2.604004e+01,2.590729e+01,2.609309e+01,2.607982e+01,2.596704e+01,2.611960e+01,2.621235e+01,2.624546e+01,2.621235e+01,2.613286e+01,2.619248e+01,2.629841e+01,2.634472e+01,2.631826e+01,2.635133e+01,2.633810e+01,2.645709e+01,2.631164e+01,2.644388e+01,2.630502e+01,2.636456e+01,2.637778e+01,2.635794e+01,2.619248e+01,2.641084e+01,2.615274e+01,2.615274e+01,2.600686e+01,2.571451e+01,2.506044e+01,2.412566e+01,2.384155e+01,2.381446e+01,2.399723e+01,2.405809e+01,2.409188e+01,2.437531e+01,2.441573e+01,2.472515e+01,2.475201e+01,2.482585e+01,2.508722e+01,2.485940e+01,2.478558e+01,2.440226e+01,2.411891e+01,2.415943e+01,2.382801e+01,2.378057e+01,2.363136e+01,2.360420e+01,2.366529e+01,2.400400e+01,2.426743e+01,2.447635e+01,2.478558e+01,2.498677e+01,2.508052e+01,2.518088e+01,2.516082e+01,2.510060e+01,2.544804e+01,2.539466e+01,2.550139e+01,2.552805e+01,2.550139e+01,2.556804e+01,2.559468e+01,2.552805e+01,2.558136e+01,2.548805e+01,2.557470e+01,2.568124e+01,2.562132e+01,2.552805e+01,2.560134e+01,2.533458e+01,2.532122e+01,2.532122e+01,2.511399e+01,2.508052e+01,2.510060e+01,2.508052e+01,2.509391e+01,2.501357e+01,2.482585e+01,2.485940e+01,2.471844e+01,2.483927e+01,2.485269e+01,2.455710e+01,2.446961e+01,2.449654e+01,2.440226e+01,2.440226e+01,2.436857e+01,2.424719e+01,2.428766e+01,2.422694e+01,2.417294e+01,2.431464e+01,2.461091e+01,2.500017e+01,2.532790e+01,2.566793e+01,2.577438e+01,2.588736e+01,2.590065e+01,2.596041e+01,2.605330e+01,2.605330e+01,2.602677e+01,2.598032e+01,2.596704e+01,2.607319e+01,2.592057e+01,2.609971e+01,2.617261e+01,2.618586e+01,2.619911e+01,2.619248e+01,2.619248e+01,2.596041e+01,2.602013e+01,2.603340e+01,2.608646e+01,2.618586e+01,2.605993e+01,2.614611e+01,2.604667e+01,2.604667e+01,2.602677e+01,2.605993e+01,2.599359e+01,2.580762e+01,2.596041e+01,2.589401e+01,2.600023e+01,2.586743e+01,2.608646e+01,2.590065e+01,2.582092e+01,2.598696e+01,2.586743e+01,2.592057e+01,2.586743e+01,2.589401e+01,2.588736e+01,2.586079e+01,2.582756e+01,2.582756e+01,2.564796e+01,2.554804e+01,2.565462e+01,2.566127e+01,2.564796e+01,2.560134e+01,2.554804e+01,2.552139e+01,2.531454e+01,2.538131e+01,2.535461e+01,2.524773e+01,2.518088e+01,2.520763e+01,2.522100e+01,2.507383e+01,2.504035e+01,2.491305e+01,2.487281e+01,2.480572e+01,2.473187e+01,2.483927e+01,2.473187e+01,2.469828e+01,2.469156e+01,2.471844e+01,2.461091e+01,2.458401e+01,2.463780e+01,2.440900e+01,2.450327e+01,2.439552e+01,2.444941e+01,2.419319e+01,2.446288e+01,2.406485e+01,2.418644e+01,2.413917e+01,2.411891e+01,2.407837e+01,2.407161e+01,2.404457e+01,2.415268e+01,2.402428e+01,2.398371e+01,2.398371e+01,2.394988e+01,2.371956e+01,2.384833e+01,2.384833e+01,2.388219e+01,2.383478e+01,2.378735e+01,2.361099e+01,2.364493e+01,2.367886e+01,2.366529e+01,2.364493e+01,2.361099e+01,2.350911e+01,2.356346e+01,2.347513e+01,2.347513e+01,2.350911e+01,2.348872e+01,2.339352e+01,2.350911e+01,2.339352e+01,2.348872e+01,2.342073e+01,2.346833e+01,2.342753e+01,2.323693e+01,2.337991e+01,2.344113e+01,2.330504e+01,2.323012e+01,2.322330e+01,2.325056e+01,2.325056e+01,2.327780e+01,2.323012e+01,2.329142e+01,2.326418e+01,2.325056e+01,2.333908e+01,2.305963e+01,2.308693e+01,2.312104e+01,2.309375e+01,2.330504e+01,2.308010e+01,2.307328e+01,2.320967e+01,2.303915e+01,2.306645e+01,2.301184e+01,2.318241e+01,2.310057e+01,2.310739e+01,2.300501e+01,2.303915e+01,2.318923e+01,2.324374e+01,2.312104e+01,2.321649e+01,2.307328e+01,2.308693e+01,2.307328e+01,2.298452e+01,2.310057e+01,2.295037e+01,2.301867e+01,2.314150e+01,2.297769e+01,2.292987e+01,2.293670e+01,2.300501e+01,2.302550e+01,2.301184e+01,2.300501e+01,2.288202e+01,2.310739e+01,2.308693e+01,2.293670e+01,2.296403e+01,2.292987e+01,2.300501e+01,2.299135e+01,2.296403e+01,2.303915e+01,2.297769e+01,2.309375e+01,2.303232e+01,2.301184e+01,2.303232e+01,2.286835e+01,2.287519e+01,2.302550e+01,2.300501e+01,2.303915e+01,2.295037e+01,2.299135e+01,2.302550e+01,2.299818e+01,2.305963e+01,2.297769e+01,2.296403e+01,2.304598e+01,2.314832e+01,2.305963e+01,2.302550e+01,2.299818e+01,2.313468e+01,2.299818e+01,2.305963e+01,2.301867e+01,2.302550e+01,2.308693e+01,2.335269e+01,2.312786e+01,2.318241e+01,2.312104e+01,2.323012e+01,2.312786e+01,2.314150e+01,2.314150e+01,2.326418e+01,2.335950e+01,2.329142e+01,2.329823e+01,2.324374e+01,2.344793e+01,2.338672e+01,2.339352e+01,2.333228e+01
2.524105e+01,2.528782e+01,2.544137e+01,2.559468e+01,2.543469e+01,2.564796e+01,2.566793e+01,2.570121e+01,2.576108e+01,2.579433e+01,2.584750e+01,2.591393e+01,2.586743e+01,2.585415e+01,2.594049e+01,2.574778e+01,2.596041e+01,2.593385e+01,2.602677e+01,2.580762e+01,2.593385e+01,2.580097e+01,2.567459e+01,2.573447e+01,2.560800e+01,2.561466e+01,2.542135e+01,2.559468e+01,2.518757e+01,2.534793e+01,2.536129e+01,2.527446e+01,2.548805e+01,2.533458e+01,2.545471e+01,2.546138e+01,2.538131e+01,2.534793e+01,2.533458e+01,2.520094e+01,2.519426e+01,2.528782e+01,2.526110e+01,2.533458e+01,2.518757e+01,2.505375e+01,2.530787e+01,2.520094e+01,2.527446e+01,2.521431e+01,2.527446e+01,2.520763e+01,2.524773e+01,2.530787e+01,2.514744e+01,2.526778e+01,2.508722e+01,2.513406e+01,2.514744e+01,2.514744e+01,2.514744e+01,2.512737e+01,2.508722e+01,2.512737e+01,2.512068e+01,2.516751e+01,2.512737e+01,2.516082e+01,2.514075e+01,2.521431e+01,2.502026e+01,2.508722e+01,2.502026e+01,2.500017e+01,2.498677e+01,2.485269e+01,2.469156e+01,2.479901e+01,2.465124e+01,2.442247e+01,2.444941e+01,2.446961e+01,2.460419e+01,2.446961e+01,2.457056e+01,2.466469e+01,2.482585e+01,2.453692e+01,2.471844e+01,2.473187e+01,2.484598e+01,2.484598e+01,2.490634e+01,2.482585e+01,2.498007e+01,2.492645e+01,2.483256e+01,2.489964e+01,2.474530e+01,2.487281e+01,2.477887e+01,2.481243e+01,2.477887e+01,2.476544e+01,2.477887e+01,2.474530e+01,2.474530e+01,2.476544e+01,2.479901e+01,2.477216e+01,2.475201e+01,2.479230e+01,2.475873e+01,2.482585e+01,2.476544e+01,2.487952e+01,2.487952e+01,2.488622e+01,2.473858e+01,2.494656e+01,2.494656e+01,2.493986e+01,2.493316e+01,2.495326e+01,2.490634e+01,2.495326e+01,2.495326e+01,2.493316e+01,2.495326e+01,2.508722e+01,2.524773e+01,2.536796e+01,2.560800e+01,2.586079e+01,2.577438e+01,2.570121e+01,2.571451e+01,2.546138e+01,2.514744e+01,2.509391e+01,2.488622e+01,2.460419e+01,2.453692e+01,2.456383e+01,2.434161e+01,2.431464e+01,2.428766e+01,2.434835e+01,2.428092e+01,2.432138e+01,2.440226e+01,2.432812e+01,2.433487e+01,2.436857e+01,2.439552e+01,2.432812e+01,2.432812e+01,2.439552e+01,2.426068e+01,2.427417e+01,2.409864e+01,2.432138e+01,2.426068e+01,2.426068e+01,2.426743e+01,2.427417e+01,2.418644e+01,2.424044e+01,2.428092e+01,2.426068e+01,2.423369e+01,2.442921e+01,2.434835e+01,2.433487e+01,2.439552e+01,2.430115e+01,2.438878e+01,2.439552e+01,2.434835e+01,2.428766e+01,2.422694e+01,2.430115e+01,2.421344e+01,2.434835e+01,2.426068e+01,2.430790e+01,2.444941e+01,2.431464e+01,2.421344e+01,2.428092e+01,2.444268e+01,2.432138e+01,2.440226e+01,2.459073e+01,2.436183e+01,2.445614e+01,2.434835e+01,2.434161e+01,2.444941e+01,2.433487e+01,2.433487e+01,2.447635e+01,2.435509e+01,2.436183e+01,2.451000e+01,2.457056e+01,2.436183e+01,2.434835e+01,2.444941e+01,2.440226e+01,2.438878e+01,2.441573e+01,2.441573e+01,2.444268e+01,2.453692e+01,2.449654e+01,2.453019e+01,2.452346e+01,2.459746e+01,2.457728e+01,2.469156e+01,2.455710e+01,2.453019e+01,2.459746e+01,2.461763e+01,2.461763e+01,2.451673e+01,2.448981e+01,2.448308e+01,2.448308e+01,2.431464e+01,2.430790e+01,2.432138e+01,2.426068e+01,2.424044e+01,2.421344e+01,2.426068e+01,2.424719e+01,2.424719e+01,2.420670e+01,2.415268e+01,2.412566e+01,2.405809e+01,2.424044e+01,2.413917e+01,2.403105e+01,2.424719e+01,2.397694e+01,2.401076e+01,2.407837e+01,2.402428e+01,2.405133e+01,2.389573e+01,2.371956e+01,2.374668e+01,2.348872e+01,2.327099e+01,2.318241e+01,2.313468e+01,2.315514e+01,2.314832e+01,2.319604e+01,2.313468e+01,2.326418e+01,2.330504e+01,2.340032e+01,2.346833e+01,2.354987e+01,2.349552e+01,2.357704e+01,2.361099e+01,2.369242e+01,2.365850e+01,2.356346e+01,2.361778e+01,2.352949e+01,2.371277e+01,2.365172e+01,2.370599e+01,2.359741e+01,2.372634e+01,2.384155e+01,2.373312e+01,2.378735e+01,2.374668e+01,2.386187e+01,2.386865e+01,2.381446e+01,2.375346e+01,2.375346e+01,2.376024e+01,2.379413e+01,2.382801e+01,2.378057e+01,2.353629e+01,2.392281e+01,2.397018e+01,2.410540e+01,2.444941e+01,2.466469e+01,2.500017e+01,2.525442e+01,2.532790e+01,2.546805e+01,2.568790e+01,2.584750e+01,2.575443e+01,2.578768e+01,2.598032e+01,2.586079e+01,2.589401e+01,2.594713e+01,2.604667e+01,2.598032e+01,2.604667e+01,2.607319e+01,2.613286e+01,2.604667e+01,2.617924e+01,2.619911e+01,2.609971e+01,2.621898e+01,2.627855e+01,2.627194e+01,2.623884e+01,2.633149e+01,2.635794e+01,2.628517e+01,2.635794e+01,2.636456e+01,2.623884e+01,2.643727e+01,2.623222e+01,2.639100e+01,2.629179e+01,2.646370e+01,2.630502e+01,2.628517e+01,2.612623e+01,2.602677e+01,2.602013e+01,2.574113e+01,2.497337e+01,2.413242e+01,2.379413e+01,2.384833e+01,2.388219e+01,2.399047e+01,2.398371e+01,2.426743e+01,2.442921e+01,2.450327e+01,2.473858e+01,2.478558e+01,2.473858e+01,2.483256e+01,2.478558e+01,2.446288e+01,2.421344e+01,2.399047e+01,2.376024e+01,2.359062e+01,2.363136e+01,2.378057e+01,2.375346e+01,2.399723e+01,2.435509e+01,2.452346e+01,2.477887e+01,2.491975e+01,2.510060e+01,2.504705e+01,2.529451e+01,2.529451e+01,2.535461e+01,2.546805e+01,2.553472e+01,2.551472e+01,2.555471e+01,2.556137e+01,2.576773e+01,2.579433e+01,2.560800e+01,2.558136e+01,2.557470e+01,2.554804e+01,2.550805e+01,2.564796e+01,2.549472e+01,2.540801e+01,2.540133e+01,2.512737e+01,2.512068e+01,2.513406e+01,2.506044e+01,2.501357e+01,2.514075e+01,2.496667e+01,2.485940e+01,2.475201e+01,2.487952e+01,2.463108e+01,2.469156e+01,2.462436e+01,2.461763e+01,2.471172e+01,2.443594e+01,2.446288e+01,2.434835e+01,2.426743e+01,2.424719e+01,2.426743e+01,2.429441e+01,2.428766e+01,2.450327e+01,2.498007e+01,2.525442e+01,2.554804e+01,2.578103e+01,2.575443e+01,2.578768e+01,2.576773e+01,2.600023e+01,2.599359e+01,2.593385e+01,2.585415e+01,2.588736e+01,2.590065e+01,2.589401e+01,2.589401e+01,2.578103e+01,2.598032e+01,2.589401e+01,2.600023e+01,2.602677e+01,2.602013e+01,2.596704e+01,2.586079e+01,2.603340e+01,2.588072e+01,2.604004e+01,2.584085e+01,2.584750e+01,2.600023e+01,2.584750e+01,2.582756e+01,2.582756e+01,2.588072e+01,2.580762e+01,2.571451e+01,2.592057e+01,2.592721e+01,2.582092e+01,2.574113e+01,2.580097e+01,2.576108e+01,2.574113e+01,2.569455e+01,2.569455e+01,2.568790e+01,2.569455e+01,2.560134e+01,2.560134e+01,2.558136e+01,2.560134e+01,2.558136e+01,2.536796e+01,2.543469e+01,2.522768e+01,2.525442e+01,2.517419e+01,2.515413e+01,2.512068e+01,2.493986e+01,2.510060e+01,2.510730e+01,2.490634e+01,2.509391e+01,2.506713e+01,2.509391e+01,2.504705e+01,2.484598e+01,2.477887e+01,2.479901e+01,2.469156e+01,2.459746e+01,2.465796e+01,2.444941e+01,2.465796e+01,2.446288e+01,2.438878e+01,2.434835e+01,2.444268e+01,2.416619e+01,2.450327e+01,2.432138e+01,2.417294e+01,2.417294e+01,2.418644e+01,2.415268e+01,2.411215e+01,2.419994e+01,2.385510e+01,2.386865e+01,2.388219e+01,2.381446e+01,2.381446e+01,2.376024e+01,2.384833e+01,2.392958e+01,2.373990e+01,2.380768e+01,2.370599e+01,2.369242e+01,2.385510e+01,2.360420e+01,2.378735e+01,2.357025e+01,2.353629e+01,2.354987e+01,2.348192e+01,2.348192e+01,2.338672e+01,2.356346e+01,2.344793e+01,2.335950e+01,2.342753e+01,2.344113e+01,2.345473e+01,2.333908e+01,2.321649e+01,2.327099e+01,2.324374e+01,2.342073e+01,2.331866e+01,2.335269e+01,2.337311e+01,2.320286e+01,2.332547e+01,2.321649e+01,2.321649e+01,2.312104e+01,2.320967e+01,2.323012e+01,2.315514e+01,2.325056e+01,2.327099e+01,2.301184e+01,2.303915e+01,2.313468e+01,2.308693e+01,2.316195e+01,2.311422e+01,2.311422e+01,2.315514e+01,2.310057e+01,2.319604e+01,2.309375e+01,2.308010e+01,2.323012e+01,2.310739e+01,2.305963e+01,2.311422e+01,2.299135e+01,2.312104e+01,2.306645e+01,2.314150e+01,2.311422e+01,2.299818e+01,2.302550e+01,2.299818e+01,2.312104e+01,2.294353e+01,2.296403e+01,2.301867e+01,2.293670e+01,2.305963e+01,2.305963e+01,2.295720e+01,2.299135e+01,2.292987e+01,2.294353e+01,2.305963e+01,2.295720e+01,2.299135e+01,2.303915e+01,2.297086e+01,2.295037e+01,2.295720e+01,2.300501e+01,2.301867e+01,2.293670e+01,2.298452e+01,2.295037e+01,2.293670e+01,2.293670e+01,2.290937e+01,2.312786e+01,2.290937e+01,2.299135e+01,2.303232e+01,2.291620e+01,2.297086e+01,2.316877e+01,2.290937e+01,2.300501e+01,2.296403e+01,2.310739e+01,2.299135e+01,2.299135e+01,2.302550e+01,2.290253e+01,2.297086e+01,2.298452e+01,2.314150e+01,2.299818e+01,2.292303e+01,2.301867e+01,2.290937e+01,2.303232e+01,2.303232e+01,2.293670e+01,2.313468e+01,2.292303e+01,2.295037e+01,2.316195e+01,2.309375e+01,2.312104e+01,2.305280e+01,2.311422e+01,2.314832e+01,2.318241e+01,2.320286e+01,2.327780e+01,2.324374e+01,2.329823e+01,2.323693e+01,2.327780e+01,2.327780e+01,2.329823e+01
2.522100e+01,2.552139e+01,2.562798e+01,2.558802e+01,2.572782e+01,2.576108e+01,2.600686e+01,2.583421e+01,2.574778e+01,2.606656e+01,2.603340e+01,2.595377e+01,2.594049e+01,2.595377e+01,2.614611e+01,2.621235e+01,2.608646e+01,2.627855e+01,2.627855e+01,2.606656e+01,2.605993e+01,2.603340e+01,2.591393e+01,2.584750e+01,2.588072e+01,2.587408e+01,2.568790e+01,2.554138e+01,2.544804e+01,2.531454e+01,2.523437e+01,2.540133e+01,2.551472e+01,2.546805e+01,2.543469e+01,2.540801e+01,2.543469e+01,2.542802e+01,2.540801e+01,2.538131e+01,2.536796e+01,2.532122e+01,2.531454e+01,2.530119e+01,2.535461e+01,2.528782e+01,2.533458e+01,2.530787e+01,2.533458e+01,2.526110e+01,2.522100e+01,2.525442e+01,2.531454e+01,2.518088e+01,2.529451e+01,2.510060e+01,2.515413e+01,2.512737e+01,2.516082e+01,2.516751e+01,2.515413e+01,2.507383e+01,2.517419e+01,2.513406e+01,2.508722e+01,2.510060e+01,2.510730e+01,2.506044e+01,2.507383e+01,2.512737e+01,2.519426e+01,2.510730e+01,2.508722e+01,2.486610e+01,2.490634e+01,2.462436e+01,2.462436e+01,2.460419e+01,2.458401e+01,2.439552e+01,2.444941e+01,2.457728e+01,2.457056e+01,2.473187e+01,2.471844e+01,2.481914e+01,2.473187e+01,2.471172e+01,2.473858e+01,2.479901e+01,2.473187e+01,2.502026e+01,2.483927e+01,2.484598e+01,2.487952e+01,2.479901e+01,2.483256e+01,2.474530e+01,2.487281e+01,2.473858e+01,2.477216e+01,2.471172e+01,2.480572e+01,2.475873e+01,2.459746e+01,2.468484e+01,2.467813e+01,2.472515e+01,2.473187e+01,2.471844e+01,2.471172e+01,2.477216e+01,2.479230e+01,2.469828e+01,2.471172e+01,2.475201e+01,2.491975e+01,2.493316e+01,2.486610e+01,2.487952e+01,2.489293e+01,2.491305e+01,2.488622e+01,2.487952e+01,2.493986e+01,2.491975e+01,2.491975e+01,2.495326e+01,2.494656e+01,2.509391e+01,2.496667e+01,2.530119e+01,2.570786e+01,2.589401e+01,2.584085e+01,2.578768e+01,2.569455e+01,2.573447e+01,2.552139e+01,2.508722e+01,2.498007e+01,2.487281e+01,2.461763e+01,2.438878e+01,2.432138e+01,2.427417e+01,2.429441e+01,2.427417e+01,2.420670e+01,2.419994e+01,2.426743e+01,2.424044e+01,2.435509e+01,2.438205e+01,2.432812e+01,2.415943e+01,2.419994e+01,2.424044e+01,2.422019e+01,2.423369e+01,2.422019e+01,2.416619e+01,2.428766e+01,2.429441e+01,2.422019e+01,2.413917e+01,2.426068e+01,2.424044e+01,2.432812e+01,2.421344e+01,2.436183e+01,2.419319e+01,2.448308e+01,2.434161e+01,2.428092e+01,2.424044e+01,2.431464e+01,2.438205e+01,2.420670e+01,2.438205e+01,2.432812e+01,2.421344e+01,2.441573e+01,2.440226e+01,2.427417e+01,2.427417e+01,2.417969e+01,2.418644e+01,2.419319e+01,2.422019e+01,2.429441e+01,2.441573e+01,2.436183e+01,2.439552e+01,2.430790e+01,2.446288e+01,2.446288e+01,2.449654e+01,2.430790e+01,2.448981e+01,2.453019e+01,2.447635e+01,2.444268e+01,2.446288e+01,2.454365e+01,2.440900e+01,2.444941e+01,2.441573e+01,2.435509e+01,2.440900e+01,2.442247e+01,2.443594e+01,2.440900e+01,2.439552e+01,2.444941e+01,2.456383e+01,2.455038e+01,2.461763e+01,2.450327e+01,2.465124e+01,2.464452e+01,2.461091e+01,2.471844e+01,2.453692e+01,2.459746e+01,2.463780e+01,2.466469e+01,2.453692e+01,2.455038e+01,2.450327e+01,2.441573e+01,2.448308e+01,2.428092e+01,2.430790e+01,2.422694e+01,2.430790e+01,2.418644e+01,2.421344e+01,2.421344e+01,2.418644e+01,2.411891e+01,2.413917e+01,2.407837e+01,2.407837e+01,2.412566e+01,2.401076e+01,2.395664e+01,2.406485e+01,2.399723e+01,2.394311e+01,2.395664e+01,2.397694e+01,2.388219e+01,2.368564e+01,2.344793e+01,2.348872e+01,2.324374e+01,2.316877e+01,2.314832e+01,2.304598e+01,2.318923e+01,2.329823e+01,2.325737e+01,2.325056e+01,2.328461e+01,2.328461e+01,2.354308e+01,2.342753e+01,2.352270e+01,2.358383e+01,2.378057e+01,2.356346e+01,2.365850e+01,2.369242e+01,2.371956e+01,2.373312e+01,2.380091e+01,2.384155e+01,2.369921e+01,2.372634e+01,2.374668e+01,2.375346e+01,2.384155e+01,2.386187e+01,2.393634e+01,2.381446e+01,2.387542e+01,2.386187e+01,2.384155e+01,2.373990e+01,2.378735e+01,2.374668e+01,2.389573e+01,2.388219e+01,2.376702e+01,2.394988e+01,2.413242e+01,2.409188e+01,2.443594e+01,2.462436e+01,2.471172e+01,2.504705e+01,2.527446e+01,2.554138e+01,2.569455e+01,2.590065e+01,2.590065e+01,2.589401e+01,2.589401e+01,2.600686e+01,2.596704e+01,2.596704e+01,2.602013e+01,2.601350e+01,2.605993e+01,2.607319e+01,2.611960e+01,2.604004e+01,2.620573e+01,2.616599e+01,2.625870e+01,2.625208e+01,2.619248e+01,2.631164e+01,2.639100e+01,2.635133e+01,2.638439e+01,2.636456e+01,2.633810e+01,2.631826e+01,2.642405e+01,2.632487e+01,2.627855e+01,2.631164e+01,2.638439e+01,2.630502e+01,2.625208e+01,2.619911e+01,2.611297e+01,2.602677e+01,2.604667e+01,2.573447e+01,2.511399e+01,2.412566e+01,2.391604e+01,2.391604e+01,2.385510e+01,2.397694e+01,2.416619e+01,2.432812e+01,2.465796e+01,2.465124e+01,2.481243e+01,2.486610e+01,2.490634e+01,2.489293e+01,2.479901e+01,2.442921e+01,2.437531e+01,2.411215e+01,2.390250e+01,2.386865e+01,2.380091e+01,2.378735e+01,2.387542e+01,2.401076e+01,2.438878e+01,2.459073e+01,2.490634e+01,2.490634e+01,2.511399e+01,2.524773e+01,2.536129e+01,2.530119e+01,2.538799e+01,2.546805e+01,2.556137e+01,2.557470e+01,2.552805e+01,2.564796e+01,2.570121e+01,2.558802e+01,2.559468e+01,2.573447e+01,2.559468e+01,2.563464e+01,2.559468e+01,2.559468e+01,2.544137e+01,2.548138e+01,2.544137e+01,2.525442e+01,2.522100e+01,2.510730e+01,2.499347e+01,2.514744e+01,2.503366e+01,2.493316e+01,2.493986e+01,2.475873e+01,2.474530e+01,2.472515e+01,2.468484e+01,2.463108e+01,2.469156e+01,2.444941e+01,2.451673e+01,2.448308e+01,2.434835e+01,2.429441e+01,2.428766e+01,2.428766e+01,2.426068e+01,2.437531e+01,2.455038e+01,2.481914e+01,2.528115e+01,2.545471e+01,2.557470e+01,2.566127e+01,2.574113e+01,2.570786e+01,2.571451e+01,2.580762e+01,2.574778e+01,2.572782e+01,2.588072e+01,2.591393e+01,2.575443e+01,2.575443e+01,2.578768e+01,2.594049e+01,2.580097e+01,2.586743e+01,2.594049e+01,2.578103e+01,2.584085e+01,2.580762e+01,2.584085e+01,2.571451e+01,2.584750e+01,2.572782e+01,2.574113e+01,2.572782e+01,2.581427e+01,2.581427e+01,2.579433e+01,2.592057e+01,2.578768e+01,2.576773e+01,2.565462e+01,2.566127e+01,2.568124e+01,2.552805e+01,2.546805e+01,2.550139e+01,2.548138e+01,2.570121e+01,2.544137e+01,2.548805e+01,2.551472e+01,2.541468e+01,2.551472e+01,2.537464e+01,2.524773e+01,2.551472e+01,2.538131e+01,2.523437e+01,2.524105e+01,2.516751e+01,2.514075e+01,2.494656e+01,2.510730e+01,2.495326e+01,2.490634e+01,2.499347e+01,2.488622e+01,2.490634e+01,2.477216e+01,2.477216e+01,2.473187e+01,2.469828e+01,2.462436e+01,2.473187e+01,2.465124e+01,2.438878e+01,2.466469e+01,2.438878e+01,2.440900e+01,2.443594e+01,2.440900e+01,2.433487e+01,2.415268e+01,2.432812e+01,2.432138e+01,2.417969e+01,2.415943e+01,2.416619e+01,2.415268e+01,2.418644e+01,2.400400e+01,2.401076e+01,2.392958e+01,2.390250e+01,2.388896e+01,2.379413e+01,2.381446e+01,2.376702e+01,2.376024e+01,2.382123e+01,2.378057e+01,2.369242e+01,2.373312e+01,2.371956e+01,2.361778e+01,2.357025e+01,2.353629e+01,2.354987e+01,2.359062e+01,2.344793e+01,2.355667e+01,2.345473e+01,2.341393e+01,2.347513e+01,2.344793e+01,2.344793e+01,2.345473e+01,2.333228e+01,2.335950e+01,2.332547e+01,2.338672e+01,2.343433e+01,2.340032e+01,2.343433e+01,2.323693e+01,2.337991e+01,2.331866e+01,2.329823e+01,2.323012e+01,2.323012e+01,2.323693e+01,2.324374e+01,2.323693e+01,2.322330e+01,2.319604e+01,2.323693e+01,2.315514e+01,2.320967e+01,2.314832e+01,2.303232e+01,2.307328e+01,2.316877e+01,2.314150e+01,2.309375e+01,2.313468e+01,2.307328e+01,2.314832e+01,2.310739e+01,2.313468e+01,2.303915e+01,2.299135e+01,2.310057e+01,2.309375e+01,2.303232e+01,2.296403e+01,2.295037e+01,2.303915e+01,2.308693e+01,2.297086e+01,2.287519e+01,2.307328e+01,2.290253e+01,2.306645e+01,2.305963e+01,2.295720e+01,2.301184e+01,2.311422e+01,2.310739e+01,2.290253e+01,2.297086e+01,2.299818e+01,2.298452e+01,2.299135e+01,2.297086e+01,2.310739e+01,2.297086e+01,2.297086e+01,2.297769e+01,2.295720e+01,2.309375e+01,2.296403e+01,2.295037e+01,2.291620e+01,2.297769e+01,2.292303e+01,2.288886e+01,2.308010e+01,2.294353e+01,2.311422e+01,2.290253e+01,2.301184e+01,2.292303e+01,2.303915e+01,2.290253e+01,2.305280e+01,2.301184e+01,2.297769e+01,2.297086e+01,2.304598e+01,2.305280e+01,2.305280e+01,2.305963e+01,2.308010e+01,2.308693e+01,2.297086e+01,2.288202e+01,2.298452e+01,2.308010e+01,2.300501e+01,2.301867e+01,2.301867e+01,2.298452e+01,2.311422e+01,2.311422e+01,2.312104e+01,2.295720e+01,2.319604e+01,2.308010e+01,2.318241e+01,2.309375e+01,2.305280e+01,2.318923e+01,2.308010e+01,2.314832e+01,2.326418e+01,2.324374e+01,2.327099e+01,2.335269e+01,2.334589e+01,2.323693e+01
2.544137e+01,2.567459e+01,2.576773e+01,2.575443e+01,2.581427e+01,2.576773e+01,2.592057e+01,2.602013e+01,2.602677e+01,2.629841e+01,2.607319e+01,2.586743e+01,2.629179e+01,2.639761e+01,2.626532e+01,2.629179e+01,2.627855e+01,2.627855e+01,2.628517e+01,2.628517e+01,2.611960e+01,2.605330e+01,2.597368e+01,2.586079e+01,2.590065e+01,2.564130e+01,2.565462e+01,2.526110e+01,2.539466e+01,2.548805e+01,2.534126e+01,2.546138e+01,2.548138e+01,2.538131e+01,2.547471e+01,2.550805e+01,2.550805e+01,2.554804e+01,2.539466e+01,2.540801e+01,2.534793e+01,2.540133e+01,2.535461e+01,2.528782e+01,2.532122e+01,2.536796e+01,2.528115e+01,2.527446e+01,2.526778e+01,2.527446e+01,2.514744e+01,2.533458e+01,2.524105e+01,2.517419e+01,2.528782e+01,2.508722e+01,2.510730e+01,2.510060e+01,2.512737e+01,2.516082e+01,2.517419e+01,2.510060e+01,2.513406e+01,2.509391e+01,2.517419e+01,2.509391e+01,2.514075e+01,2.512068e+01,2.515413e+01,2.515413e+01,2.508722e+01,2.497337e+01,2.501357e+01,2.500017e+01,2.479230e+01,2.485269e+01,2.476544e+01,2.458401e+01,2.444268e+01,2.444268e+01,2.455710e+01,2.447635e+01,2.475873e+01,2.474530e+01,2.470500e+01,2.465796e+01,2.476544e+01,2.477887e+01,2.470500e+01,2.487281e+01,2.481914e+01,2.489293e+01,2.490634e+01,2.484598e+01,2.482585e+01,2.483256e+01,2.479230e+01,2.487952e+01,2.473187e+01,2.485269e+01,2.477216e+01,2.471172e+01,2.469828e+01,2.476544e+01,2.469156e+01,2.471172e+01,2.469156e+01,2.470500e+01,2.469828e+01,2.470500e+01,2.477216e+01,2.471172e+01,2.474530e+01,2.467141e+01,2.483927e+01,2.471172e+01,2.483927e+01,2.491305e+01,2.485940e+01,2.490634e+01,2.478558e+01,2.492645e+01,2.493986e+01,2.486610e+01,2.488622e+01,2.497337e+01,2.483256e+01,2.491975e+01,2.489964e+01,2.496667e+01,2.550139e+01,2.552139e+01,2.588072e+01,2.604004e+01,2.598032e+01,2.600686e+01,2.579433e+01,2.559468e+01,2.548138e+01,2.536129e+01,2.502026e+01,2.493986e+01,2.465124e+01,2.449654e+01,2.432138e+01,2.431464e+01,2.406485e+01,2.407161e+01,2.418644e+01,2.413917e+01,2.412566e+01,2.416619e+01,2.430115e+01,2.415268e+01,2.415943e+01,2.417294e+01,2.417294e+01,2.432138e+01,2.422694e+01,2.410540e+01,2.421344e+01,2.417294e+01,2.417969e+01,2.426743e+01,2.423369e+01,2.411215e+01,2.426068e+01,2.417969e+01,2.417969e+01,2.417969e+01,2.413242e+01,2.432812e+01,2.433487e+01,2.425393e+01,2.430790e+01,2.424719e+01,2.423369e+01,2.430790e+01,2.433487e+01,2.430790e+01,2.432138e+01,2.415943e+01,2.390250e+01,2.415943e+01,2.411891e+01,2.424719e+01,2.419319e+01,2.410540e+01,2.423369e+01,2.433487e+01,2.415268e+01,2.434161e+01,2.438205e+01,2.433487e+01,2.436183e+01,2.430790e+01,2.444268e+01,2.440900e+01,2.434161e+01,2.433487e+01,2.444941e+01,2.448981e+01,2.448308e+01,2.433487e+01,2.434835e+01,2.448308e+01,2.449654e+01,2.447635e+01,2.444941e+01,2.444941e+01,2.435509e+01,2.439552e+01,2.438878e+01,2.444268e+01,2.449654e+01,2.447635e+01,2.455710e+01,2.456383e+01,2.458401e+01,2.451000e+01,2.454365e+01,2.452346e+01,2.449654e+01,2.456383e+01,2.447635e+01,2.447635e+01,2.454365e+01,2.460419e+01,2.447635e+01,2.453692e+01,2.442921e+01,2.448981e+01,2.425393e+01,2.433487e+01,2.419994e+01,2.426743e+01,2.413917e+01,2.419994e+01,2.428766e+01,2.402428e+01,2.411891e+01,2.411215e+01,2.388896e+01,2.401752e+01,2.392281e+01,2.394311e+01,2.394311e+01,2.398371e+01,2.403781e+01,2.400400e+01,2.398371e+01,2.384833e+01,2.367207e+01,2.342073e+01,2.343433e+01,2.312104e+01,2.306645e+01,2.315514e+01,2.303232e+01,2.301184e+01,2.314150e+01,2.328461e+01,2.327780e+01,2.329142e+01,2.328461e+01,2.329823e+01,2.344113e+01,2.347513e+01,2.348192e+01,2.363814e+01,2.352270e+01,2.365172e+01,2.365172e+01,2.369242e+01,2.382123e+01,2.367886e+01,2.371956e+01,2.375346e+01,2.374668e+01,2.373312e+01,2.381446e+01,2.393634e+01,2.397694e+01,2.401076e+01,2.389573e+01,2.388896e+01,2.388219e+01,2.392958e+01,2.393634e+01,2.389573e+01,2.383478e+01,2.381446e+01,2.392281e+01,2.377380e+01,2.379413e+01,2.393634e+01,2.403105e+01,2.422019e+01,2.425393e+01,2.459746e+01,2.495326e+01,2.511399e+01,2.532790e+01,2.548805e+01,2.548805e+01,2.570121e+01,2.590065e+01,2.592721e+01,2.594713e+01,2.596704e+01,2.600686e+01,2.598696e+01,2.607319e+01,2.601350e+01,2.607319e+01,2.609971e+01,2.617261e+01,2.621235e+01,2.614611e+01,2.619248e+01,2.631826e+01,2.625208e+01,2.625208e+01,2.630502e+01,2.625870e+01,2.632487e+01,2.633810e+01,2.641084e+01,2.636456e+01,2.641084e+01,2.640422e+01,2.643727e+01,2.638439e+01,2.635133e+01,2.611960e+01,2.627194e+01,2.625870e+01,2.617924e+01,2.602677e+01,2.603340e+01,2.597368e+01,2.578768e+01,2.512068e+01,2.415268e+01,2.390927e+01,2.386865e+01,2.395664e+01,2.409864e+01,2.419994e+01,2.426743e+01,2.458401e+01,2.478558e+01,2.481914e+01,2.508722e+01,2.485940e+01,2.493316e+01,2.487281e+01,2.458401e+01,2.430790e+01,2.417294e+01,2.413917e+01,2.387542e+01,2.376024e+01,2.372634e+01,2.396341e+01,2.409188e+01,2.438205e+01,2.471172e+01,2.472515e+01,2.495326e+01,2.513406e+01,2.532790e+01,2.538799e+01,2.534793e+01,2.537464e+01,2.530119e+01,2.551472e+01,2.553472e+01,2.553472e+01,2.555471e+01,2.562798e+01,2.560134e+01,2.560800e+01,2.564796e+01,2.570121e+01,2.573447e+01,2.561466e+01,2.548138e+01,2.546138e+01,2.559468e+01,2.544137e+01,2.526110e+01,2.528782e+01,2.510730e+01,2.501357e+01,2.512068e+01,2.495326e+01,2.493986e+01,2.493316e+01,2.495997e+01,2.481243e+01,2.488622e+01,2.474530e+01,2.481914e+01,2.463108e+01,2.449654e+01,2.446961e+01,2.440226e+01,2.444941e+01,2.435509e+01,2.434161e+01,2.405133e+01,2.423369e+01,2.432812e+01,2.451000e+01,2.480572e+01,2.505375e+01,2.531454e+01,2.545471e+01,2.554138e+01,2.556804e+01,2.558136e+01,2.589401e+01,2.566127e+01,2.564796e+01,2.576108e+01,2.572782e+01,2.574778e+01,2.572782e+01,2.564130e+01,2.571451e+01,2.550805e+01,2.572117e+01,2.575443e+01,2.574113e+01,2.574113e+01,2.566793e+01,2.565462e+01,2.564130e+01,2.566127e+01,2.554138e+01,2.547471e+01,2.550139e+01,2.546138e+01,2.554804e+01,2.555471e+01,2.556804e+01,2.547471e+01,2.555471e+01,2.567459e+01,2.554804e+01,2.541468e+01,2.548805e+01,2.548805e+01,2.538131e+01,2.535461e+01,2.528782e+01,2.528115e+01,2.528115e+01,2.526778e+01,2.545471e+01,2.520763e+01,2.540133e+01,2.513406e+01,2.522100e+01,2.511399e+01,2.517419e+01,2.503366e+01,2.504035e+01,2.505375e+01,2.504705e+01,2.503366e+01,2.506044e+01,2.467141e+01,2.469828e+01,2.489964e+01,2.465124e+01,2.460419e+01,2.472515e+01,2.455038e+01,2.447635e+01,2.446288e+01,2.449654e+01,2.450327e+01,2.438205e+01,2.440900e+01,2.444268e+01,2.425393e+01,2.417969e+01,2.421344e+01,2.424719e+01,2.434161e+01,2.416619e+01,2.411215e+01,2.404457e+01,2.416619e+01,2.399723e+01,2.396341e+01,2.406485e+01,2.398371e+01,2.380768e+01,2.374668e+01,2.390250e+01,2.374668e+01,2.381446e+01,2.385510e+01,2.364493e+01,2.374668e+01,2.371956e+01,2.366529e+01,2.374668e+01,2.364493e+01,2.374668e+01,2.375346e+01,2.354987e+01,2.356346e+01,2.352270e+01,2.355667e+01,2.360420e+01,2.348872e+01,2.345473e+01,2.341393e+01,2.337991e+01,2.342753e+01,2.336630e+01,2.337991e+01,2.332547e+01,2.337991e+01,2.330504e+01,2.343433e+01,2.333908e+01,2.327780e+01,2.341393e+01,2.337991e+01,2.336630e+01,2.333228e+01,2.320967e+01,2.314150e+01,2.327099e+01,2.314832e+01,2.315514e+01,2.319604e+01,2.321649e+01,2.320967e+01,2.312104e+01,2.322330e+01,2.320286e+01,2.316877e+01,2.315514e+01,2.325737e+01,2.305963e+01,2.310057e+01,2.319604e+01,2.303915e+01,2.317559e+01,2.315514e+01,2.306645e+01,2.306645e+01,2.309375e+01,2.301184e+01,2.319604e+01,2.312786e+01,2.304598e+01,2.312104e+01,2.311422e+01,2.311422e+01,2.295720e+01,2.301184e+01,2.290253e+01,2.289569e+01,2.305963e+01,2.301184e+01,2.299818e+01,2.308693e+01,2.295720e+01,2.297769e+01,2.305963e+01,2.297769e+01,2.288886e+01,2.295037e+01,2.315514e+01,2.303915e+01,2.297769e+01,2.295037e+01,2.284099e+01,2.292987e+01,2.295720e+01,2.296403e+01,2.299135e+01,2.297086e+01,2.294353e+01,2.290937e+01,2.290253e+01,2.288886e+01,2.290253e+01,2.305963e+01,2.295037e+01,2.297769e+01,2.309375e+01,2.298452e+01,2.300501e+01,2.292303e+01,2.304598e+01,2.303915e+01,2.293670e+01,2.297769e+01,2.297086e+01,2.291620e+01,2.298452e+01,2.296403e+01,2.279995e+01,2.298452e+01,2.298452e+01,2.296403e+01,2.312786e+01,2.299818e+01,2.309375e+01,2.302550e+01,2.297769e+01,2.296403e+01,2.299135e+01,2.303232e+01,2.293670e+01,2.314832e+01,2.295037e+01,2.305280e+01,2.323012e+01,2.304598e+01,2.308010e+01,2.312104e+01,2.304598e+01,2.326418e+01,2.318241e+01,2.328461e+01,2.318923e+01,2.330504e+01,2.319604e+01,2.314832e+01,2.322330e+01,2.323012e+01
2.570121e+01,2.582092e+01,2.569455e+01,2.583421e+01,2.599359e+01,2.610634e+01,2.601350e+01,2.619248e+01,2.615274e+01,2.629841e+01,2.641084e+01,2.625208e+01,2.644388e+01,2.638439e+01,2.646370e+01,2.652975e+01,2.652314e+01,2.660895e+01,2.660895e+01,2.656935e+01,2.644388e+01,2.630502e+01,2.635133e+01,2.604004e+01,2.605330e+01,2.588072e+01,2.568124e+01,2.552805e+01,2.540801e+01,2.544137e+01,2.536129e+01,2.558136e+01,2.548805e+01,2.548138e+01,2.556804e+01,2.554804e+01,2.550805e+01,2.544137e+01,2.551472e+01,2.539466e+01,2.537464e+01,2.526778e+01,2.538131e+01,2.538131e+01,2.538799e+01,2.526778e+01,2.524773e+01,2.527446e+01,2.530787e+01,2.535461e+01,2.530119e+01,2.528115e+01,2.521431e+01,2.522100e+01,2.516751e+01,2.514744e+01,2.510730e+01,2.509391e+01,2.517419e+01,2.513406e+01,2.510060e+01,2.513406e+01,2.504705e+01,2.517419e+01,2.515413e+01,2.518757e+01,2.510060e+01,2.509391e+01,2.508722e+01,2.514075e+01,2.513406e+01,2.512737e+01,2.508052e+01,2.493316e+01,2.476544e+01,2.460419e+01,2.454365e+01,2.469828e+01,2.440226e+01,2.449654e+01,2.466469e+01,2.454365e+01,2.465124e+01,2.478558e+01,2.474530e+01,2.474530e+01,2.469156e+01,2.479901e+01,2.483927e+01,2.472515e+01,2.484598e+01,2.485269e+01,2.483927e+01,2.486610e+01,2.486610e+01,2.484598e+01,2.484598e+01,2.479901e+01,2.483927e+01,2.482585e+01,2.481914e+01,2.477216e+01,2.475873e+01,2.473187e+01,2.461091e+01,2.461763e+01,2.457728e+01,2.469156e+01,2.465124e+01,2.470500e+01,2.467813e+01,2.469828e+01,2.475873e+01,2.483927e+01,2.477216e+01,2.484598e+01,2.472515e+01,2.485269e+01,2.491305e+01,2.484598e+01,2.483256e+01,2.488622e+01,2.495997e+01,2.498007e+01,2.499347e+01,2.489293e+01,2.490634e+01,2.490634e+01,2.520763e+01,2.525442e+01,2.551472e+01,2.568790e+01,2.590065e+01,2.605993e+01,2.602013e+01,2.587408e+01,2.587408e+01,2.554804e+01,2.563464e+01,2.534126e+01,2.491975e+01,2.481243e+01,2.470500e+01,2.457056e+01,2.414593e+01,2.413242e+01,2.411891e+01,2.397018e+01,2.411891e+01,2.409864e+01,2.411215e+01,2.416619e+01,2.399723e+01,2.413242e+01,2.417294e+01,2.409188e+01,2.405809e+01,2.414593e+01,2.413242e+01,2.424044e+01,2.411215e+01,2.432812e+01,2.424044e+01,2.426068e+01,2.426068e+01,2.421344e+01,2.424044e+01,2.417294e+01,2.422019e+01,2.414593e+01,2.412566e+01,2.430790e+01,2.430115e+01,2.422694e+01,2.427417e+01,2.428766e+01,2.427417e+01,2.426743e+01,2.432812e+01,2.436857e+01,2.412566e+01,2.424719e+01,2.415943e+01,2.418644e+01,2.417969e+01,2.422019e+01,2.427417e+01,2.430115e+01,2.417969e+01,2.425393e+01,2.432138e+01,2.432138e+01,2.429441e+01,2.439552e+01,2.433487e+01,2.430790e+01,2.428766e+01,2.437531e+01,2.429441e+01,2.445614e+01,2.444268e+01,2.448308e+01,2.448981e+01,2.449654e+01,2.447635e+01,2.442247e+01,2.446961e+01,2.448308e+01,2.450327e+01,2.438205e+01,2.449654e+01,2.432812e+01,2.434835e+01,2.444941e+01,2.443594e+01,2.447635e+01,2.448308e+01,2.456383e+01,2.444941e+01,2.457728e+01,2.451000e+01,2.453019e+01,2.451000e+01,2.454365e+01,2.455710e+01,2.452346e+01,2.459073e+01,2.459073e+01,2.449654e+01,2.458401e+01,2.445614e+01,2.448981e+01,2.427417e+01,2.424044e+01,2.417969e+01,2.419319e+01,2.420670e+01,2.422019e+01,2.411215e+01,2.404457e+01,2.415268e+01,2.393634e+01,2.395664e+01,2.400400e+01,2.392281e+01,2.395664e+01,2.395664e+01,2.380091e+01,2.397694e+01,2.388896e+01,2.375346e+01,2.363136e+01,2.342753e+01,2.330504e+01,2.312104e+01,2.307328e+01,2.300501e+01,2.305963e+01,2.314832e+01,2.301184e+01,2.318241e+01,2.329823e+01,2.331185e+01,2.330504e+01,2.350231e+01,2.338672e+01,2.348192e+01,2.351590e+01,2.354987e+01,2.360420e+01,2.367207e+01,2.367886e+01,2.390927e+01,2.383478e+01,2.372634e+01,2.382801e+01,2.376024e+01,2.391604e+01,2.384833e+01,2.384833e+01,2.397018e+01,2.397694e+01,2.393634e+01,2.405809e+01,2.394311e+01,2.389573e+01,2.395664e+01,2.391604e+01,2.396341e+01,2.386187e+01,2.392281e+01,2.388219e+01,2.397018e+01,2.409188e+01,2.396341e+01,2.406485e+01,2.403781e+01,2.411891e+01,2.422019e+01,2.479901e+01,2.495997e+01,2.500017e+01,2.542802e+01,2.545471e+01,2.566793e+01,2.585415e+01,2.588736e+01,2.590729e+01,2.595377e+01,2.594713e+01,2.598696e+01,2.595377e+01,2.601350e+01,2.601350e+01,2.607982e+01,2.613948e+01,2.607319e+01,2.607982e+01,2.613286e+01,2.626532e+01,2.630502e+01,2.635133e+01,2.628517e+01,2.646370e+01,2.633810e+01,2.643727e+01,2.641744e+01,2.640422e+01,2.639100e+01,2.642405e+01,2.635133e+01,2.643727e+01,2.639100e+01,2.643727e+01,2.641744e+01,2.640422e+01,2.622560e+01,2.627194e+01,2.619911e+01,2.619248e+01,2.591393e+01,2.577438e+01,2.510060e+01,2.415943e+01,2.369242e+01,2.389573e+01,2.383478e+01,2.401752e+01,2.410540e+01,2.434835e+01,2.461763e+01,2.485269e+01,2.485940e+01,2.506044e+01,2.498007e+01,2.506044e+01,2.498677e+01,2.458401e+01,2.448308e+01,2.424044e+01,2.394311e+01,2.394988e+01,2.394311e+01,2.397018e+01,2.401752e+01,2.413917e+01,2.438205e+01,2.467141e+01,2.486610e+01,2.493986e+01,2.515413e+01,2.526778e+01,2.536796e+01,2.542802e+01,2.540133e+01,2.566127e+01,2.564796e+01,2.556804e+01,2.559468e+01,2.569455e+01,2.570786e+01,2.564796e+01,2.563464e+01,2.558136e+01,2.568124e+01,2.558802e+01,2.567459e+01,2.565462e+01,2.548138e+01,2.544804e+01,2.557470e+01,2.536796e+01,2.530119e+01,2.522768e+01,2.508052e+01,2.503366e+01,2.497337e+01,2.495326e+01,2.494656e+01,2.495997e+01,2.497337e+01,2.494656e+01,2.472515e+01,2.461091e+01,2.469156e+01,2.455038e+01,2.444941e+01,2.443594e+01,2.446288e+01,2.434835e+01,2.423369e+01,2.399723e+01,2.392281e+01,2.413242e+01,2.428766e+01,2.482585e+01,2.489293e+01,2.530119e+01,2.542135e+01,2.554138e+01,2.531454e+01,2.561466e+01,2.562132e+01,2.561466e+01,2.564130e+01,2.549472e+01,2.537464e+01,2.565462e+01,2.545471e+01,2.546805e+01,2.544804e+01,2.572117e+01,2.566793e+01,2.569455e+01,2.544137e+01,2.571451e+01,2.544804e+01,2.545471e+01,2.548805e+01,2.528782e+01,2.546138e+01,2.546805e+01,2.540133e+01,2.532122e+01,2.522768e+01,2.535461e+01,2.529451e+01,2.531454e+01,2.528115e+01,2.528115e+01,2.526110e+01,2.536129e+01,2.541468e+01,2.539466e+01,2.519426e+01,2.537464e+01,2.525442e+01,2.524105e+01,2.501357e+01,2.507383e+01,2.507383e+01,2.487952e+01,2.518757e+01,2.491975e+01,2.489964e+01,2.498007e+01,2.495997e+01,2.493316e+01,2.484598e+01,2.492645e+01,2.499347e+01,2.486610e+01,2.467141e+01,2.481243e+01,2.465796e+01,2.459746e+01,2.457728e+01,2.442921e+01,2.456383e+01,2.446288e+01,2.438878e+01,2.454365e+01,2.441573e+01,2.453019e+01,2.440226e+01,2.424719e+01,2.430115e+01,2.432138e+01,2.430115e+01,2.419994e+01,2.420670e+01,2.411215e+01,2.417294e+01,2.413917e+01,2.407837e+01,2.406485e+01,2.391604e+01,2.410540e+01,2.391604e+01,2.406485e+01,2.403105e+01,2.375346e+01,2.398371e+01,2.377380e+01,2.373990e+01,2.374668e+01,2.369242e+01,2.363136e+01,2.367207e+01,2.371277e+01,2.369921e+01,2.370599e+01,2.356346e+01,2.354987e+01,2.355667e+01,2.352270e+01,2.358383e+01,2.351590e+01,2.358383e+01,2.340032e+01,2.335950e+01,2.346153e+01,2.337311e+01,2.346153e+01,2.344793e+01,2.344113e+01,2.340713e+01,2.328461e+01,2.338672e+01,2.328461e+01,2.332547e+01,2.343433e+01,2.331866e+01,2.341393e+01,2.340032e+01,2.333908e+01,2.332547e+01,2.327780e+01,2.312786e+01,2.319604e+01,2.320967e+01,2.318241e+01,2.320286e+01,2.319604e+01,2.322330e+01,2.322330e+01,2.323693e+01,2.315514e+01,2.310739e+01,2.314150e+01,2.310739e+01,2.314150e+01,2.311422e+01,2.312786e+01,2.305963e+01,2.310739e+01,2.308693e+01,2.303915e+01,2.305963e+01,2.310057e+01,2.312786e+01,2.304598e+01,2.311422e+01,2.304598e+01,2.312104e+01,2.315514e+01,2.314150e+01,2.310057e+01,2.292987e+01,2.298452e+01,2.309375e+01,2.310057e+01,2.308693e+01,2.299818e+01,2.308693e+01,2.298452e+01,2.299818e+01,2.306645e+01,2.312104e+01,2.303915e+01,2.292987e+01,2.308010e+01,2.306645e+01,2.308693e+01,2.302550e+01,2.301184e+01,2.297769e+01,2.295037e+01,2.297769e+01,2.281363e+01,2.284783e+01,2.309375e+01,2.290253e+01,2.298452e+01,2.290253e+01,2.290937e+01,2.287519e+01,2.296403e+01,2.307328e+01,2.293670e+01,2.300501e+01,2.294353e+01,2.303915e+01,2.294353e+01,2.293670e+01,2.290253e+01,2.295720e+01,2.299818e+01,2.299135e+01,2.299135e+01,2.304598e+01,2.305280e+01,2.287519e+01,2.293670e+01,2.301867e+01,2.299818e+01,2.310739e+01,2.301867e+01,2.303915e+01,2.305963e+01,2.299135e+01,2.296403e+01,2.290937e+01,2.295037e+01,2.316195e+01,2.297769e+01,2.323012e+01,2.304598e+01,2.320967e+01,2.316877e+01,2.315514e+01,2.308010e+01,2.307328e+01,2.312786e+01,2.302550e+01,2.323012e+01,2.318923e+01,2.327099e+01,2.318923e+01,2.324374e+01
2.570786e+01,2.588072e+01,2.605330e+01,2.598032e+01,2.607319e+01,2.607982e+01,2.641084e+01,2.614611e+01,2.627855e+01,2.629841e+01,2.637778e+01,2.623222e+01,2.639761e+01,2.645049e+01,2.650994e+01,2.654295e+01,2.654955e+01,2.668809e+01,2.662874e+01,2.668149e+01,2.625870e+01,2.653635e+01,2.605330e+01,2.628517e+01,2.604667e+01,2.590729e+01,2.579433e+01,2.541468e+01,2.550139e+01,2.541468e+01,2.546138e+01,2.544804e+01,2.545471e+01,2.538131e+01,2.556804e+01,2.554804e+01,2.552139e+01,2.534126e+01,2.539466e+01,2.537464e+01,2.538799e+01,2.536796e+01,2.538131e+01,2.539466e+01,2.532790e+01,2.536129e+01,2.541468e+01,2.526110e+01,2.523437e+01,2.508052e+01,2.524773e+01,2.521431e+01,2.512068e+01,2.511399e+01,2.520094e+01,2.518088e+01,2.520094e+01,2.512068e+01,2.508052e+01,2.506713e+01,2.511399e+01,2.515413e+01,2.512737e+01,2.513406e+01,2.527446e+01,2.516751e+01,2.518088e+01,2.522100e+01,2.510730e+01,2.512737e+01,2.506044e+01,2.508722e+01,2.507383e+01,2.471172e+01,2.475873e+01,2.466469e+01,2.455710e+01,2.441573e+01,2.448981e+01,2.452346e+01,2.456383e+01,2.460419e+01,2.483256e+01,2.458401e+01,2.460419e+01,2.474530e+01,2.480572e+01,2.481243e+01,2.482585e+01,2.475873e+01,2.480572e+01,2.483256e+01,2.479230e+01,2.484598e+01,2.483927e+01,2.483927e+01,2.483927e+01,2.481914e+01,2.485940e+01,2.473187e+01,2.474530e+01,2.470500e+01,2.464452e+01,2.461763e+01,2.459073e+01,2.465796e+01,2.464452e+01,2.465796e+01,2.463108e+01,2.466469e+01,2.467813e+01,2.467813e+01,2.468484e+01,2.483256e+01,2.469828e+01,2.474530e+01,2.475873e+01,2.473858e+01,2.482585e+01,2.494656e+01,2.495326e+01,2.482585e+01,2.491975e+01,2.485940e+01,2.485940e+01,2.503366e+01,2.489964e+01,2.483927e+01,2.490634e+01,2.528115e+01,2.570786e+01,2.570786e+01,2.590065e+01,2.607319e+01,2.603340e+01,2.605993e+01,2.593385e+01,2.568790e+01,2.560800e+01,2.528782e+01,2.512068e+01,2.493316e+01,2.470500e+01,2.433487e+01,2.428092e+01,2.409864e+01,2.394988e+01,2.402428e+01,2.396341e+01,2.407161e+01,2.410540e+01,2.410540e+01,2.399047e+01,2.410540e+01,2.409864e+01,2.392958e+01,2.412566e+01,2.399723e+01,2.402428e+01,2.401752e+01,2.417294e+01,2.411891e+01,2.419319e+01,2.415268e+01,2.401752e+01,2.408512e+01,2.417294e+01,2.418644e+01,2.412566e+01,2.412566e+01,2.412566e+01,2.412566e+01,2.410540e+01,2.419319e+01,2.413242e+01,2.424719e+01,2.424044e+01,2.426068e+01,2.419319e+01,2.422019e+01,2.414593e+01,2.411891e+01,2.409188e+01,2.414593e+01,2.419994e+01,2.421344e+01,2.425393e+01,2.409188e+01,2.417969e+01,2.429441e+01,2.422694e+01,2.424719e+01,2.424044e+01,2.436183e+01,2.429441e+01,2.438878e+01,2.436857e+01,2.436183e+01,2.428766e+01,2.438205e+01,2.442921e+01,2.432812e+01,2.430790e+01,2.442921e+01,2.434835e+01,2.436183e+01,2.442247e+01,2.432812e+01,2.447635e+01,2.433487e+01,2.434835e+01,2.440900e+01,2.430790e+01,2.445614e+01,2.445614e+01,2.445614e+01,2.459746e+01,2.460419e+01,2.444268e+01,2.446288e+01,2.457056e+01,2.455038e+01,2.444268e+01,2.453019e+01,2.444941e+01,2.452346e+01,2.453692e+01,2.442921e+01,2.435509e+01,2.448981e+01,2.449654e+01,2.443594e+01,2.436183e+01,2.437531e+01,2.419319e+01,2.416619e+01,2.419994e+01,2.404457e+01,2.401076e+01,2.401076e+01,2.401076e+01,2.388219e+01,2.376024e+01,2.389573e+01,2.387542e+01,2.388219e+01,2.390250e+01,2.388896e+01,2.380768e+01,2.376024e+01,2.359062e+01,2.342073e+01,2.310057e+01,2.310057e+01,2.307328e+01,2.301184e+01,2.319604e+01,2.318923e+01,2.303915e+01,2.324374e+01,2.318241e+01,2.324374e+01,2.339352e+01,2.335269e+01,2.342753e+01,2.339352e+01,2.352949e+01,2.352949e+01,2.357704e+01,2.356346e+01,2.363814e+01,2.375346e+01,2.377380e+01,2.374668e+01,2.376024e+01,2.385510e+01,2.382123e+01,2.369242e+01,2.392958e+01,2.394311e+01,2.401076e+01,2.394988e+01,2.400400e+01,2.401752e+01,2.401076e+01,2.397018e+01,2.399047e+01,2.396341e+01,2.394988e+01,2.399723e+01,2.392281e+01,2.407837e+01,2.409188e+01,2.411891e+01,2.408512e+01,2.401076e+01,2.410540e+01,2.421344e+01,2.436857e+01,2.463780e+01,2.491305e+01,2.513406e+01,2.530119e+01,2.546138e+01,2.556137e+01,2.570121e+01,2.594713e+01,2.592721e+01,2.592721e+01,2.611960e+01,2.602677e+01,2.604004e+01,2.591393e+01,2.605330e+01,2.594713e+01,2.605993e+01,2.600686e+01,2.619911e+01,2.625208e+01,2.627194e+01,2.616599e+01,2.629841e+01,2.637117e+01,2.632487e+01,2.636456e+01,2.638439e+01,2.641744e+01,2.647691e+01,2.643727e+01,2.643727e+01,2.645049e+01,2.645709e+01,2.646370e+01,2.646370e+01,2.627855e+01,2.639100e+01,2.635133e+01,2.635794e+01,2.621235e+01,2.617924e+01,2.605330e+01,2.581427e+01,2.510730e+01,2.411215e+01,2.386865e+01,2.386187e+01,2.398371e+01,2.394311e+01,2.414593e+01,2.432812e+01,2.449654e+01,2.487952e+01,2.507383e+01,2.495997e+01,2.500017e+01,2.506044e+01,2.493986e+01,2.459746e+01,2.444941e+01,2.429441e+01,2.412566e+01,2.417969e+01,2.399047e+01,2.394988e+01,2.411891e+01,2.405133e+01,2.441573e+01,2.468484e+01,2.470500e+01,2.495326e+01,2.519426e+01,2.526110e+01,2.546138e+01,2.542135e+01,2.538799e+01,2.562132e+01,2.557470e+01,2.567459e+01,2.566793e+01,2.564130e+01,2.566793e+01,2.570121e+01,2.557470e+01,2.581427e+01,2.570786e+01,2.576108e+01,2.551472e+01,2.569455e+01,2.567459e+01,2.546138e+01,2.526110e+01,2.538131e+01,2.534126e+01,2.516082e+01,2.509391e+01,2.496667e+01,2.495997e+01,2.498677e+01,2.500687e+01,2.494656e+01,2.473187e+01,2.495997e+01,2.469828e+01,2.474530e+01,2.462436e+01,2.457056e+01,2.456383e+01,2.446961e+01,2.426068e+01,2.399047e+01,2.384155e+01,2.386187e+01,2.403105e+01,2.403105e+01,2.422694e+01,2.465124e+01,2.482585e+01,2.512068e+01,2.526110e+01,2.536796e+01,2.530787e+01,2.527446e+01,2.532790e+01,2.544137e+01,2.542802e+01,2.532790e+01,2.546805e+01,2.542802e+01,2.544804e+01,2.540801e+01,2.542802e+01,2.548805e+01,2.540133e+01,2.543469e+01,2.542135e+01,2.544137e+01,2.544137e+01,2.544137e+01,2.525442e+01,2.534126e+01,2.521431e+01,2.510730e+01,2.527446e+01,2.510060e+01,2.511399e+01,2.515413e+01,2.514075e+01,2.506713e+01,2.504705e+01,2.508722e+01,2.522100e+01,2.507383e+01,2.515413e+01,2.517419e+01,2.495997e+01,2.497337e+01,2.494656e+01,2.501357e+01,2.516751e+01,2.500687e+01,2.485940e+01,2.489293e+01,2.483256e+01,2.491305e+01,2.485940e+01,2.490634e+01,2.498007e+01,2.487952e+01,2.493986e+01,2.489964e+01,2.466469e+01,2.467813e+01,2.466469e+01,2.461091e+01,2.462436e+01,2.456383e+01,2.448308e+01,2.456383e+01,2.444268e+01,2.432138e+01,2.431464e+01,2.435509e+01,2.415943e+01,2.434835e+01,2.430115e+01,2.442247e+01,2.399723e+01,2.415943e+01,2.428092e+01,2.411891e+01,2.405809e+01,2.412566e+01,2.404457e+01,2.401076e+01,2.402428e+01,2.395664e+01,2.400400e+01,2.383478e+01,2.373990e+01,2.384155e+01,2.384833e+01,2.380768e+01,2.370599e+01,2.359741e+01,2.362457e+01,2.369921e+01,2.359062e+01,2.361099e+01,2.359741e+01,2.367886e+01,2.369242e+01,2.354987e+01,2.350231e+01,2.352949e+01,2.370599e+01,2.351590e+01,2.347513e+01,2.354308e+01,2.339352e+01,2.344113e+01,2.333908e+01,2.336630e+01,2.333228e+01,2.335269e+01,2.342073e+01,2.341393e+01,2.331185e+01,2.327099e+01,2.326418e+01,2.329142e+01,2.327780e+01,2.335269e+01,2.329142e+01,2.340032e+01,2.327780e+01,2.322330e+01,2.329823e+01,2.327099e+01,2.329142e+01,2.315514e+01,2.315514e+01,2.303915e+01,2.319604e+01,2.314150e+01,2.314832e+01,2.319604e+01,2.321649e+01,2.312104e+01,2.318923e+01,2.306645e+01,2.312786e+01,2.310739e+01,2.312104e+01,2.304598e+01,2.315514e+01,2.308010e+01,2.303232e+01,2.308693e+01,2.311422e+01,2.305963e+01,2.308010e+01,2.306645e+01,2.310057e+01,2.303915e+01,2.303232e+01,2.313468e+01,2.299135e+01,2.311422e+01,2.297769e+01,2.302550e+01,2.305280e+01,2.310739e+01,2.294353e+01,2.308010e+01,2.304598e+01,2.307328e+01,2.299818e+01,2.308693e+01,2.316195e+01,2.284099e+01,2.303915e+01,2.287519e+01,2.304598e+01,2.301867e+01,2.299818e+01,2.300501e+01,2.297769e+01,2.308010e+01,2.292987e+01,2.296403e+01,2.292303e+01,2.294353e+01,2.295037e+01,2.288202e+01,2.310057e+01,2.285467e+01,2.288202e+01,2.296403e+01,2.291620e+01,2.297086e+01,2.288202e+01,2.299818e+01,2.297086e+01,2.300501e+01,2.309375e+01,2.297086e+01,2.286151e+01,2.294353e+01,2.283415e+01,2.297769e+01,2.297769e+01,2.294353e+01,2.303232e+01,2.290253e+01,2.290937e+01,2.289569e+01,2.300501e+01,2.300501e+01,2.297769e+01,2.295720e+01,2.296403e+01,2.294353e+01,2.295037e+01,2.311422e+01,2.295037e+01,2.305963e+01,2.299135e+01,2.298452e+01,2.316877e+01,2.315514e+01,2.310739e+01,2.307328e+01,2.305963e+01,2.315514e+01,2.305963e+01,2.282731e+01,2.332547e+01,2.305963e+01,2.323012e+01,2.346833e+01
2.582756e+01,2.589401e+01,2.606656e+01,2.607982e+01,2.610634e+01,2.636456e+01,2.641744e+01,2.634472e+01,2.629841e+01,2.631826e+01,2.635794e+01,2.652314e+01,2.659575e+01,2.645709e+01,2.657595e+01,2.683961e+01,2.677376e+01,2.678034e+01,2.678693e+01,2.676717e+01,2.660895e+01,2.649673e+01,2.633149e+01,2.631164e+01,2.602013e+01,2.591393e+01,2.570121e+01,2.544137e+01,2.540801e+01,2.541468e+01,2.543469e+01,2.531454e+01,2.550139e+01,2.549472e+01,2.550805e+01,2.552139e+01,2.531454e+01,2.550139e+01,2.546805e+01,2.536796e+01,2.538799e+01,2.543469e+01,2.522768e+01,2.530787e+01,2.535461e+01,2.526110e+01,2.528115e+01,2.522100e+01,2.522768e+01,2.525442e+01,2.528782e+01,2.512068e+01,2.516082e+01,2.517419e+01,2.504705e+01,2.512068e+01,2.512068e+01,2.514075e+01,2.520094e+01,2.508052e+01,2.518757e+01,2.519426e+01,2.525442e+01,2.514075e+01,2.528115e+01,2.521431e+01,2.509391e+01,2.521431e+01,2.520094e+01,2.496667e+01,2.510730e+01,2.494656e+01,2.503366e+01,2.475873e+01,2.475873e+01,2.456383e+01,2.454365e+01,2.443594e+01,2.469828e+01,2.442247e+01,2.452346e+01,2.466469e+01,2.476544e+01,2.479901e+01,2.475873e+01,2.475873e+01,2.469156e+01,2.472515e+01,2.477887e+01,2.479230e+01,2.474530e+01,2.476544e+01,2.484598e+01,2.485269e+01,2.481914e+01,2.491975e+01,2.492645e+01,2.481914e+01,2.478558e+01,2.483256e+01,2.467813e+01,2.473858e+01,2.469156e+01,2.462436e+01,2.459073e+01,2.458401e+01,2.464452e+01,2.461091e+01,2.469828e+01,2.459073e+01,2.468484e+01,2.459746e+01,2.459746e+01,2.469156e+01,2.477216e+01,2.470500e+01,2.485269e+01,2.473858e+01,2.476544e+01,2.487281e+01,2.486610e+01,2.490634e+01,2.490634e+01,2.476544e+01,2.479901e+01,2.481914e+01,2.487281e+01,2.493986e+01,2.528115e+01,2.537464e+01,2.570121e+01,2.587408e+01,2.598032e+01,2.594713e+01,2.606656e+01,2.591393e+01,2.578768e+01,2.570121e+01,2.549472e+01,2.526778e+01,2.512068e+01,2.492645e+01,2.448981e+01,2.444268e+01,2.422694e+01,2.397018e+01,2.395664e+01,2.395664e+01,2.394311e+01,2.390927e+01,2.392958e+01,2.399723e+01,2.395664e+01,2.396341e+01,2.389573e+01,2.394311e+01,2.401076e+01,2.404457e+01,2.401752e+01,2.399723e+01,2.395664e+01,2.421344e+01,2.418644e+01,2.406485e+01,2.404457e+01,2.405133e+01,2.413242e+01,2.413917e+01,2.412566e+01,2.410540e+01,2.410540e+01,2.405809e+01,2.405809e+01,2.407837e+01,2.426068e+01,2.424719e+01,2.404457e+01,2.419319e+01,2.415943e+01,2.400400e+01,2.422019e+01,2.410540e+01,2.412566e+01,2.409188e+01,2.423369e+01,2.419994e+01,2.409864e+01,2.406485e+01,2.409188e+01,2.405809e+01,2.426068e+01,2.432812e+01,2.427417e+01,2.422019e+01,2.432138e+01,2.428766e+01,2.429441e+01,2.430115e+01,2.425393e+01,2.431464e+01,2.426743e+01,2.429441e+01,2.449654e+01,2.428092e+01,2.445614e+01,2.445614e+01,2.455710e+01,2.447635e+01,2.436857e+01,2.438205e+01,2.434835e+01,2.441573e+01,2.429441e+01,2.430115e+01,2.442921e+01,2.444941e+01,2.451673e+01,2.444268e+01,2.444941e+01,2.451673e+01,2.448308e+01,2.449654e+01,2.456383e+01,2.448308e+01,2.448308e+01,2.442921e+01,2.451000e+01,2.446288e+01,2.442921e+01,2.448981e+01,2.436857e+01,2.430115e+01,2.426743e+01,2.420670e+01,2.417969e+01,2.416619e+01,2.411215e+01,2.406485e+01,2.405133e+01,2.405809e+01,2.405133e+01,2.390927e+01,2.386187e+01,2.384155e+01,2.382123e+01,2.394988e+01,2.375346e+01,2.392281e+01,2.382123e+01,2.378735e+01,2.345473e+01,2.337991e+01,2.310057e+01,2.297769e+01,2.289569e+01,2.303232e+01,2.302550e+01,2.320286e+01,2.321649e+01,2.322330e+01,2.320286e+01,2.340032e+01,2.337311e+01,2.337311e+01,2.348872e+01,2.350911e+01,2.339352e+01,2.361099e+01,2.359741e+01,2.365850e+01,2.360420e+01,2.362457e+01,2.381446e+01,2.384833e+01,2.389573e+01,2.373312e+01,2.393634e+01,2.397694e+01,2.390927e+01,2.384155e+01,2.401076e+01,2.399047e+01,2.403105e+01,2.401752e+01,2.406485e+01,2.413242e+01,2.395664e+01,2.403105e+01,2.407837e+01,2.406485e+01,2.399723e+01,2.403105e+01,2.397694e+01,2.413242e+01,2.405133e+01,2.407837e+01,2.415268e+01,2.444941e+01,2.465124e+01,2.464452e+01,2.500687e+01,2.512737e+01,2.542802e+01,2.550805e+01,2.554138e+01,2.578768e+01,2.574778e+01,2.590729e+01,2.591393e+01,2.592721e+01,2.592057e+01,2.605993e+01,2.626532e+01,2.605330e+01,2.607319e+01,2.614611e+01,2.610634e+01,2.625208e+01,2.614611e+01,2.623222e+01,2.624546e+01,2.628517e+01,2.639761e+01,2.654955e+01,2.650994e+01,2.635133e+01,2.639100e+01,2.639100e+01,2.626532e+01,2.641744e+01,2.639100e+01,2.639761e+01,2.639761e+01,2.645049e+01,2.641744e+01,2.623884e+01,2.627194e+01,2.627194e+01,2.614611e+01,2.609309e+01,2.586743e+01,2.578103e+01,2.512737e+01,2.416619e+01,2.391604e+01,2.365850e+01,2.390250e+01,2.397018e+01,2.415268e+01,2.437531e+01,2.448308e+01,2.481243e+01,2.475201e+01,2.500687e+01,2.496667e+01,2.499347e+01,2.498007e+01,2.465124e+01,2.460419e+01,2.422019e+01,2.399047e+01,2.398371e+01,2.394988e+01,2.384155e+01,2.392281e+01,2.407161e+01,2.442921e+01,2.441573e+01,2.481243e+01,2.491305e+01,2.515413e+01,2.535461e+01,2.541468e+01,2.536129e+01,2.555471e+01,2.540801e+01,2.557470e+01,2.566127e+01,2.571451e+01,2.559468e+01,2.576108e+01,2.574778e+01,2.577438e+01,2.580097e+01,2.561466e+01,2.574778e+01,2.561466e+01,2.557470e+01,2.576773e+01,2.550805e+01,2.537464e+01,2.533458e+01,2.535461e+01,2.528782e+01,2.506044e+01,2.508052e+01,2.495326e+01,2.495997e+01,2.501357e+01,2.495997e+01,2.498007e+01,2.487952e+01,2.482585e+01,2.479230e+01,2.469828e+01,2.446961e+01,2.449654e+01,2.448981e+01,2.425393e+01,2.390927e+01,2.394988e+01,2.397694e+01,2.407161e+01,2.405133e+01,2.433487e+01,2.443594e+01,2.482585e+01,2.485269e+01,2.507383e+01,2.525442e+01,2.528115e+01,2.525442e+01,2.528115e+01,2.526110e+01,2.526110e+01,2.524773e+01,2.502696e+01,2.530119e+01,2.519426e+01,2.514075e+01,2.519426e+01,2.540801e+01,2.516082e+01,2.516082e+01,2.537464e+01,2.540133e+01,2.536129e+01,2.504705e+01,2.516751e+01,2.513406e+01,2.508052e+01,2.510060e+01,2.508722e+01,2.499347e+01,2.500687e+01,2.513406e+01,2.504705e+01,2.485269e+01,2.510730e+01,2.502026e+01,2.486610e+01,2.498677e+01,2.483927e+01,2.491975e+01,2.477216e+01,2.491305e+01,2.495997e+01,2.496667e+01,2.466469e+01,2.481914e+01,2.470500e+01,2.484598e+01,2.474530e+01,2.456383e+01,2.469156e+01,2.468484e+01,2.461091e+01,2.453019e+01,2.461763e+01,2.443594e+01,2.442247e+01,2.442921e+01,2.453019e+01,2.440226e+01,2.459073e+01,2.439552e+01,2.440226e+01,2.442247e+01,2.434835e+01,2.430115e+01,2.432138e+01,2.424719e+01,2.428092e+01,2.426068e+01,2.409188e+01,2.409188e+01,2.392958e+01,2.410540e+01,2.413917e+01,2.401076e+01,2.405133e+01,2.401752e+01,2.405809e+01,2.402428e+01,2.398371e+01,2.383478e+01,2.377380e+01,2.382123e+01,2.376702e+01,2.367886e+01,2.360420e+01,2.365172e+01,2.355667e+01,2.372634e+01,2.370599e+01,2.369242e+01,2.359741e+01,2.351590e+01,2.362457e+01,2.355667e+01,2.349552e+01,2.359062e+01,2.351590e+01,2.346833e+01,2.351590e+01,2.347513e+01,2.350911e+01,2.346833e+01,2.342073e+01,2.339352e+01,2.332547e+01,2.333908e+01,2.341393e+01,2.338672e+01,2.319604e+01,2.333908e+01,2.325056e+01,2.331185e+01,2.329142e+01,2.323012e+01,2.327099e+01,2.327780e+01,2.329823e+01,2.325056e+01,2.329142e+01,2.328461e+01,2.323012e+01,2.331866e+01,2.323012e+01,2.320967e+01,2.320967e+01,2.315514e+01,2.316195e+01,2.314832e+01,2.318241e+01,2.322330e+01,2.318923e+01,2.315514e+01,2.313468e+01,2.314150e+01,2.308693e+01,2.318241e+01,2.306645e+01,2.314150e+01,2.307328e+01,2.295720e+01,2.301184e+01,2.313468e+01,2.309375e+01,2.297769e+01,2.307328e+01,2.300501e+01,2.303915e+01,2.311422e+01,2.312104e+01,2.308010e+01,2.299818e+01,2.303915e+01,2.301867e+01,2.313468e+01,2.299135e+01,2.302550e+01,2.296403e+01,2.294353e+01,2.312786e+01,2.307328e+01,2.310739e+01,2.303232e+01,2.295720e+01,2.303232e+01,2.284783e+01,2.299135e+01,2.305280e+01,2.300501e+01,2.308693e+01,2.304598e+01,2.301184e+01,2.294353e+01,2.302550e+01,2.279310e+01,2.297086e+01,2.290253e+01,2.292987e+01,2.288886e+01,2.295037e+01,2.294353e+01,2.288202e+01,2.293670e+01,2.292303e+01,2.289569e+01,2.299818e+01,2.297769e+01,2.292987e+01,2.295037e+01,2.305963e+01,2.287519e+01,2.288202e+01,2.309375e+01,2.297086e+01,2.290937e+01,2.313468e+01,2.292303e+01,2.303915e+01,2.296403e+01,2.299135e+01,2.292303e+01,2.288202e+01,2.295720e+01,2.305963e+01,2.291620e+01,2.295720e+01,2.292303e+01,2.294353e+01,2.293670e+01,2.295720e+01,2.299135e+01,2.299818e+01,2.310057e+01,2.308693e+01,2.298452e+01,2.314150e+01,2.301867e+01,2.308693e+01,2.304598e+01,2.323693e+01,2.294353e+01,2.327099e+01,2.325737e+01,2.308693e+01,2.299818e+01
2.588072e+01,2.610634e+01,2.613286e+01,2.606656e+01,2.623222e+01,2.612623e+01,2.647691e+01,2.647031e+01,2.631826e+01,2.659575e+01,2.652975e+01,2.657595e+01,2.666171e+01,2.667490e+01,2.688568e+01,2.675399e+01,2.685277e+01,2.683961e+01,2.687910e+01,2.694489e+01,2.664193e+01,2.656935e+01,2.667490e+01,2.623884e+01,2.625208e+01,2.592057e+01,2.570121e+01,2.540133e+01,2.529451e+01,2.521431e+01,2.540801e+01,2.547471e+01,2.548138e+01,2.558802e+01,2.535461e+01,2.536129e+01,2.549472e+01,2.549472e+01,2.546805e+01,2.528115e+01,2.534126e+01,2.530119e+01,2.537464e+01,2.522768e+01,2.531454e+01,2.528782e+01,2.536129e+01,2.514075e+01,2.532790e+01,2.520094e+01,2.522768e+01,2.528782e+01,2.517419e+01,2.519426e+01,2.512068e+01,2.516082e+01,2.516082e+01,2.520094e+01,2.516082e+01,2.520763e+01,2.516751e+01,2.518757e+01,2.530119e+01,2.530119e+01,2.521431e+01,2.522768e+01,2.516751e+01,2.519426e+01,2.521431e+01,2.505375e+01,2.493986e+01,2.500017e+01,2.483256e+01,2.475201e+01,2.460419e+01,2.450327e+01,2.451000e+01,2.447635e+01,2.441573e+01,2.453692e+01,2.461763e+01,2.478558e+01,2.481243e+01,2.483927e+01,2.463780e+01,2.501357e+01,2.472515e+01,2.475201e+01,2.476544e+01,2.481243e+01,2.479901e+01,2.481914e+01,2.477216e+01,2.483927e+01,2.485940e+01,2.486610e+01,2.480572e+01,2.482585e+01,2.483927e+01,2.480572e+01,2.468484e+01,2.468484e+01,2.480572e+01,2.470500e+01,2.460419e+01,2.461763e+01,2.457056e+01,2.469156e+01,2.453019e+01,2.459073e+01,2.466469e+01,2.468484e+01,2.454365e+01,2.471172e+01,2.476544e+01,2.474530e+01,2.476544e+01,2.469156e+01,2.477216e+01,2.474530e+01,2.476544e+01,2.487281e+01,2.491975e+01,2.476544e+01,2.488622e+01,2.504705e+01,2.495326e+01,2.510060e+01,2.554138e+01,2.568124e+01,2.590065e+01,2.592057e+01,2.595377e+01,2.614611e+01,2.592057e+01,2.588736e+01,2.586743e+01,2.566127e+01,2.554138e+01,2.532122e+01,2.514075e+01,2.481914e+01,2.455038e+01,2.443594e+01,2.428766e+01,2.407837e+01,2.391604e+01,2.391604e+01,2.388219e+01,2.394988e+01,2.388896e+01,2.395664e+01,2.394311e+01,2.399723e+01,2.399047e+01,2.403105e+01,2.399047e+01,2.399723e+01,2.400400e+01,2.401076e+01,2.401076e+01,2.408512e+01,2.403105e+01,2.410540e+01,2.396341e+01,2.401076e+01,2.394988e+01,2.409188e+01,2.411891e+01,2.408512e+01,2.409864e+01,2.409188e+01,2.415943e+01,2.406485e+01,2.422694e+01,2.399047e+01,2.409864e+01,2.411891e+01,2.402428e+01,2.406485e+01,2.421344e+01,2.411891e+01,2.407161e+01,2.406485e+01,2.406485e+01,2.424719e+01,2.424719e+01,2.404457e+01,2.415943e+01,2.407837e+01,2.409188e+01,2.409864e+01,2.431464e+01,2.428766e+01,2.436857e+01,2.425393e+01,2.429441e+01,2.431464e+01,2.424719e+01,2.425393e+01,2.434161e+01,2.429441e+01,2.417969e+01,2.432812e+01,2.437531e+01,2.426068e+01,2.433487e+01,2.429441e+01,2.434835e+01,2.432812e+01,2.446288e+01,2.435509e+01,2.428766e+01,2.430790e+01,2.434835e+01,2.442921e+01,2.442921e+01,2.436183e+01,2.442921e+01,2.438878e+01,2.451673e+01,2.445614e+01,2.445614e+01,2.446288e+01,2.453692e+01,2.433487e+01,2.448981e+01,2.451000e+01,2.440226e+01,2.451673e+01,2.436857e+01,2.443594e+01,2.417969e+01,2.429441e+01,2.416619e+01,2.417294e+01,2.407837e+01,2.407837e+01,2.407161e+01,2.393634e+01,2.396341e+01,2.392958e+01,2.380768e+01,2.367886e+01,2.379413e+01,2.378735e+01,2.380768e+01,2.358383e+01,2.352270e+01,2.342753e+01,2.335269e+01,2.310057e+01,2.299135e+01,2.291620e+01,2.283415e+01,2.275204e+01,2.292303e+01,2.301867e+01,2.307328e+01,2.308693e+01,2.330504e+01,2.325056e+01,2.330504e+01,2.329823e+01,2.346833e+01,2.340713e+01,2.349552e+01,2.359741e+01,2.359062e+01,2.372634e+01,2.367886e+01,2.383478e+01,2.390927e+01,2.386187e+01,2.386865e+01,2.392281e+01,2.386865e+01,2.388219e+01,2.397694e+01,2.394988e+01,2.402428e+01,2.412566e+01,2.401752e+01,2.405133e+01,2.402428e+01,2.403781e+01,2.397018e+01,2.399723e+01,2.407837e+01,2.411891e+01,2.397018e+01,2.411215e+01,2.411891e+01,2.415943e+01,2.415943e+01,2.440226e+01,2.439552e+01,2.441573e+01,2.472515e+01,2.469828e+01,2.504705e+01,2.522100e+01,2.534126e+01,2.542135e+01,2.556137e+01,2.578768e+01,2.587408e+01,2.598032e+01,2.596041e+01,2.615274e+01,2.611960e+01,2.615274e+01,2.601350e+01,2.619248e+01,2.609971e+01,2.617924e+01,2.609309e+01,2.615274e+01,2.631826e+01,2.623884e+01,2.636456e+01,2.632487e+01,2.636456e+01,2.633810e+01,2.641744e+01,2.633810e+01,2.640422e+01,2.640422e+01,2.643066e+01,2.639100e+01,2.648352e+01,2.638439e+01,2.645709e+01,2.647031e+01,2.637117e+01,2.637117e+01,2.624546e+01,2.629179e+01,2.636456e+01,2.621235e+01,2.595377e+01,2.577438e+01,2.530119e+01,2.417294e+01,2.394311e+01,2.390250e+01,2.407837e+01,2.409864e+01,2.438878e+01,2.425393e+01,2.463780e+01,2.473858e+01,2.491975e+01,2.498677e+01,2.513406e+01,2.516082e+01,2.481914e+01,2.462436e+01,2.438205e+01,2.430115e+01,2.392958e+01,2.390927e+01,2.400400e+01,2.390927e+01,2.395664e+01,2.409188e+01,2.432138e+01,2.456383e+01,2.467813e+01,2.492645e+01,2.522100e+01,2.526110e+01,2.534793e+01,2.548805e+01,2.542802e+01,2.562132e+01,2.558802e+01,2.572117e+01,2.564796e+01,2.570121e+01,2.576108e+01,2.570121e+01,2.574113e+01,2.569455e+01,2.581427e+01,2.578103e+01,2.576108e+01,2.560800e+01,2.560800e+01,2.552805e+01,2.534126e+01,2.536129e+01,2.514744e+01,2.509391e+01,2.499347e+01,2.500017e+01,2.488622e+01,2.498007e+01,2.504035e+01,2.500017e+01,2.498007e+01,2.492645e+01,2.471172e+01,2.473187e+01,2.469156e+01,2.459746e+01,2.447635e+01,2.448981e+01,2.434161e+01,2.403105e+01,2.393634e+01,2.396341e+01,2.395664e+01,2.407837e+01,2.413242e+01,2.454365e+01,2.483256e+01,2.485269e+01,2.484598e+01,2.511399e+01,2.509391e+01,2.507383e+01,2.516082e+01,2.508052e+01,2.537464e+01,2.518088e+01,2.507383e+01,2.507383e+01,2.502696e+01,2.510730e+01,2.516751e+01,2.526778e+01,2.515413e+01,2.518757e+01,2.513406e+01,2.509391e+01,2.500687e+01,2.500687e+01,2.508052e+01,2.502696e+01,2.510060e+01,2.489964e+01,2.504035e+01,2.480572e+01,2.496667e+01,2.475201e+01,2.477887e+01,2.485269e+01,2.481243e+01,2.483927e+01,2.481243e+01,2.481243e+01,2.477887e+01,2.477887e+01,2.466469e+01,2.479901e+01,2.469828e+01,2.467813e+01,2.475201e+01,2.469828e+01,2.461091e+01,2.455038e+01,2.460419e+01,2.457728e+01,2.452346e+01,2.449654e+01,2.445614e+01,2.453692e+01,2.438205e+01,2.463780e+01,2.430790e+01,2.446288e+01,2.455710e+01,2.422694e+01,2.440900e+01,2.439552e+01,2.429441e+01,2.444268e+01,2.432812e+01,2.426068e+01,2.424044e+01,2.426743e+01,2.419319e+01,2.403105e+01,2.421344e+01,2.407837e+01,2.394311e+01,2.399047e+01,2.391604e+01,2.376702e+01,2.376702e+01,2.391604e+01,2.405133e+01,2.386187e+01,2.383478e+01,2.398371e+01,2.383478e+01,2.371956e+01,2.362457e+01,2.370599e+01,2.360420e+01,2.369921e+01,2.371956e+01,2.357025e+01,2.363136e+01,2.352949e+01,2.358383e+01,2.348192e+01,2.335950e+01,2.349552e+01,2.346833e+01,2.357025e+01,2.346833e+01,2.347513e+01,2.345473e+01,2.347513e+01,2.342073e+01,2.340032e+01,2.340713e+01,2.334589e+01,2.340032e+01,2.335950e+01,2.332547e+01,2.325056e+01,2.316877e+01,2.336630e+01,2.335950e+01,2.318923e+01,2.327780e+01,2.327780e+01,2.327099e+01,2.325737e+01,2.331866e+01,2.329823e+01,2.329142e+01,2.326418e+01,2.329142e+01,2.327099e+01,2.323012e+01,2.308693e+01,2.308010e+01,2.314150e+01,2.317559e+01,2.317559e+01,2.317559e+01,2.320286e+01,2.321649e+01,2.309375e+01,2.314832e+01,2.323012e+01,2.311422e+01,2.318241e+01,2.305963e+01,2.316877e+01,2.302550e+01,2.303915e+01,2.316877e+01,2.314150e+01,2.312786e+01,2.305963e+01,2.312104e+01,2.302550e+01,2.311422e+01,2.317559e+01,2.306645e+01,2.303915e+01,2.308693e+01,2.308693e+01,2.304598e+01,2.294353e+01,2.301184e+01,2.306645e+01,2.309375e+01,2.310739e+01,2.314150e+01,2.319604e+01,2.302550e+01,2.309375e+01,2.301867e+01,2.319604e+01,2.285467e+01,2.303232e+01,2.323693e+01,2.299818e+01,2.318241e+01,2.301184e+01,2.300501e+01,2.310739e+01,2.300501e+01,2.309375e+01,2.303232e+01,2.298452e+01,2.297769e+01,2.295720e+01,2.294353e+01,2.292987e+01,2.303915e+01,2.289569e+01,2.284099e+01,2.295720e+01,2.301867e+01,2.301184e+01,2.297769e+01,2.282731e+01,2.297769e+01,2.312104e+01,2.301867e+01,2.299135e+01,2.300501e+01,2.299818e+01,2.308010e+01,2.287519e+01,2.295720e+01,2.290937e+01,2.290937e+01,2.289569e+01,2.290253e+01,2.291620e+01,2.295037e+01,2.299818e+01,2.295720e+01,2.297086e+01,2.297769e+01,2.297769e+01,2.303915e+01,2.314832e+01,2.299818e+01,2.288886e+01,2.310057e+01,2.297086e+01,2.303232e+01,2.300501e+01,2.308010e+01,2.311422e+01,2.308693e+01,2.303232e+01,2.303232e+01,2.302550e+01,2.299135e+01,2.313468e+01
2.586743e+01,2.611297e+01,2.615936e+01,2.620573e+01,2.639100e+01,2.645049e+01,2.643727e+01,2.647031e+01,2.620573e+01,2.655615e+01,2.653635e+01,2.655615e+01,2.681327e+01,2.681986e+01,2.672104e+01,2.690542e+01,2.678693e+01,2.690542e+01,2.684619e+01,2.687910e+01,2.666171e+01,2.662214e+01,2.653635e+01,2.645709e+01,2.614611e+01,2.592721e+01,2.567459e+01,2.541468e+01,2.525442e+01,2.527446e+01,2.547471e+01,2.532790e+01,2.533458e+01,2.544137e+01,2.552805e+01,2.551472e+01,2.534126e+01,2.525442e+01,2.536796e+01,2.532790e+01,2.538799e+01,2.534126e+01,2.516082e+01,2.510060e+01,2.531454e+01,2.531454e+01,2.522100e+01,2.521431e+01,2.520094e+01,2.512068e+01,2.518757e+01,2.518088e+01,2.520763e+01,2.519426e+01,2.518757e+01,2.502026e+01,2.515413e+01,2.516082e+01,2.524105e+01,2.518088e+01,2.519426e+01,2.517419e+01,2.521431e+01,2.522768e+01,2.518088e+01,2.512068e+01,2.518757e+01,2.518088e+01,2.518757e+01,2.506713e+01,2.509391e+01,2.495997e+01,2.476544e+01,2.469828e+01,2.467141e+01,2.447635e+01,2.444941e+01,2.446961e+01,2.453019e+01,2.454365e+01,2.464452e+01,2.473187e+01,2.477887e+01,2.475201e+01,2.473858e+01,2.481243e+01,2.471844e+01,2.473187e+01,2.484598e+01,2.478558e+01,2.480572e+01,2.478558e+01,2.483927e+01,2.480572e+01,2.479901e+01,2.479901e+01,2.484598e+01,2.486610e+01,2.477216e+01,2.478558e+01,2.471172e+01,2.464452e+01,2.464452e+01,2.472515e+01,2.464452e+01,2.464452e+01,2.466469e+01,2.457056e+01,2.460419e+01,2.452346e+01,2.457056e+01,2.468484e+01,2.454365e+01,2.458401e+01,2.471172e+01,2.466469e+01,2.469828e+01,2.477887e+01,2.467813e+01,2.473858e+01,2.487952e+01,2.476544e+01,2.474530e+01,2.473858e+01,2.475873e+01,2.489293e+01,2.504705e+01,2.524105e+01,2.549472e+01,2.563464e+01,2.588072e+01,2.593385e+01,2.593385e+01,2.586079e+01,2.587408e+01,2.586743e+01,2.566793e+01,2.548805e+01,2.546138e+01,2.520763e+01,2.499347e+01,2.483927e+01,2.461763e+01,2.446961e+01,2.430115e+01,2.415943e+01,2.400400e+01,2.386865e+01,2.384833e+01,2.387542e+01,2.388896e+01,2.392958e+01,2.393634e+01,2.390927e+01,2.386865e+01,2.390927e+01,2.388896e+01,2.398371e+01,2.397018e+01,2.394988e+01,2.398371e+01,2.391604e+01,2.392958e+01,2.407837e+01,2.399047e+01,2.395664e+01,2.392281e+01,2.404457e+01,2.398371e+01,2.398371e+01,2.397018e+01,2.401752e+01,2.407161e+01,2.413917e+01,2.403105e+01,2.412566e+01,2.392281e+01,2.403105e+01,2.403105e+01,2.380091e+01,2.401076e+01,2.401752e+01,2.407837e+01,2.406485e+01,2.400400e+01,2.388896e+01,2.424719e+01,2.407837e+01,2.416619e+01,2.426068e+01,2.411891e+01,2.407837e+01,2.422019e+01,2.428092e+01,2.418644e+01,2.418644e+01,2.411891e+01,2.426743e+01,2.418644e+01,2.422019e+01,2.424719e+01,2.424044e+01,2.423369e+01,2.428092e+01,2.434835e+01,2.426743e+01,2.422694e+01,2.430115e+01,2.427417e+01,2.432138e+01,2.428766e+01,2.430790e+01,2.430115e+01,2.433487e+01,2.443594e+01,2.427417e+01,2.430115e+01,2.430115e+01,2.433487e+01,2.434835e+01,2.426068e+01,2.430115e+01,2.432812e+01,2.424044e+01,2.429441e+01,2.446961e+01,2.432812e+01,2.431464e+01,2.430115e+01,2.424719e+01,2.424044e+01,2.418644e+01,2.411891e+01,2.409864e+01,2.409864e+01,2.397694e+01,2.408512e+01,2.403105e+01,2.398371e+01,2.390927e+01,2.395664e+01,2.391604e+01,2.376024e+01,2.384155e+01,2.378057e+01,2.360420e+01,2.378057e+01,2.350911e+01,2.347513e+01,2.337311e+01,2.310057e+01,2.299818e+01,2.283415e+01,2.279310e+01,2.290253e+01,2.290253e+01,2.296403e+01,2.290253e+01,2.301184e+01,2.304598e+01,2.302550e+01,2.318241e+01,2.319604e+01,2.337311e+01,2.333228e+01,2.335269e+01,2.358383e+01,2.361778e+01,2.374668e+01,2.364493e+01,2.367886e+01,2.366529e+01,2.378735e+01,2.385510e+01,2.384833e+01,2.391604e+01,2.392958e+01,2.396341e+01,2.393634e+01,2.399047e+01,2.397018e+01,2.400400e+01,2.396341e+01,2.413242e+01,2.413242e+01,2.405809e+01,2.404457e+01,2.410540e+01,2.422019e+01,2.412566e+01,2.413242e+01,2.414593e+01,2.409188e+01,2.422019e+01,2.436857e+01,2.436183e+01,2.448308e+01,2.446288e+01,2.468484e+01,2.486610e+01,2.502026e+01,2.528782e+01,2.534793e+01,2.561466e+01,2.556137e+01,2.575443e+01,2.602013e+01,2.598032e+01,2.610634e+01,2.603340e+01,2.608646e+01,2.606656e+01,2.613286e+01,2.608646e+01,2.613948e+01,2.616599e+01,2.619911e+01,2.617261e+01,2.620573e+01,2.625870e+01,2.631826e+01,2.629179e+01,2.635794e+01,2.639100e+01,2.646370e+01,2.630502e+01,2.644388e+01,2.643066e+01,2.631164e+01,2.642405e+01,2.643727e+01,2.650333e+01,2.643066e+01,2.635794e+01,2.637117e+01,2.641084e+01,2.637117e+01,2.623884e+01,2.623222e+01,2.623222e+01,2.600023e+01,2.584750e+01,2.515413e+01,2.416619e+01,2.398371e+01,2.392281e+01,2.389573e+01,2.409864e+01,2.410540e+01,2.456383e+01,2.473187e+01,2.477216e+01,2.511399e+01,2.498007e+01,2.507383e+01,2.512068e+01,2.491305e+01,2.464452e+01,2.453692e+01,2.426068e+01,2.423369e+01,2.401752e+01,2.385510e+01,2.388896e+01,2.392281e+01,2.414593e+01,2.414593e+01,2.453019e+01,2.475201e+01,2.494656e+01,2.506044e+01,2.516751e+01,2.538131e+01,2.542802e+01,2.542802e+01,2.563464e+01,2.562798e+01,2.562798e+01,2.557470e+01,2.566793e+01,2.575443e+01,2.575443e+01,2.582756e+01,2.580097e+01,2.568124e+01,2.568124e+01,2.578768e+01,2.547471e+01,2.564796e+01,2.554138e+01,2.547471e+01,2.540133e+01,2.536796e+01,2.520094e+01,2.502026e+01,2.510060e+01,2.495326e+01,2.485940e+01,2.489964e+01,2.496667e+01,2.487952e+01,2.494656e+01,2.485269e+01,2.484598e+01,2.454365e+01,2.455038e+01,2.462436e+01,2.440900e+01,2.438205e+01,2.394988e+01,2.394988e+01,2.394988e+01,2.410540e+01,2.412566e+01,2.413242e+01,2.441573e+01,2.469156e+01,2.481914e+01,2.483927e+01,2.483256e+01,2.483927e+01,2.483927e+01,2.487952e+01,2.491975e+01,2.488622e+01,2.493316e+01,2.495326e+01,2.498677e+01,2.496667e+01,2.484598e+01,2.489293e+01,2.502026e+01,2.489964e+01,2.506044e+01,2.504705e+01,2.493986e+01,2.479901e+01,2.489964e+01,2.481914e+01,2.468484e+01,2.467141e+01,2.449654e+01,2.472515e+01,2.457056e+01,2.473187e+01,2.469828e+01,2.478558e+01,2.465124e+01,2.475201e+01,2.458401e+01,2.457056e+01,2.458401e+01,2.465124e+01,2.467141e+01,2.444941e+01,2.449654e+01,2.465124e+01,2.455710e+01,2.447635e+01,2.448981e+01,2.455038e+01,2.453019e+01,2.451000e+01,2.419994e+01,2.428766e+01,2.421344e+01,2.428092e+01,2.435509e+01,2.434161e+01,2.429441e+01,2.432138e+01,2.426743e+01,2.443594e+01,2.399723e+01,2.421344e+01,2.422019e+01,2.413917e+01,2.422019e+01,2.411891e+01,2.404457e+01,2.404457e+01,2.406485e+01,2.407161e+01,2.412566e+01,2.387542e+01,2.390250e+01,2.388896e+01,2.390250e+01,2.394311e+01,2.389573e+01,2.395664e+01,2.394311e+01,2.373990e+01,2.378735e+01,2.376702e+01,2.370599e+01,2.363136e+01,2.376024e+01,2.367886e+01,2.357704e+01,2.357704e+01,2.356346e+01,2.362457e+01,2.356346e+01,2.350231e+01,2.351590e+01,2.346833e+01,2.345473e+01,2.342753e+01,2.350911e+01,2.346833e+01,2.357704e+01,2.347513e+01,2.346153e+01,2.344793e+01,2.337991e+01,2.341393e+01,2.335950e+01,2.329823e+01,2.333228e+01,2.334589e+01,2.333908e+01,2.330504e+01,2.332547e+01,2.331866e+01,2.328461e+01,2.329823e+01,2.333228e+01,2.328461e+01,2.322330e+01,2.317559e+01,2.327099e+01,2.329823e+01,2.327780e+01,2.323693e+01,2.327780e+01,2.319604e+01,2.310057e+01,2.310739e+01,2.318923e+01,2.315514e+01,2.318241e+01,2.322330e+01,2.316877e+01,2.320286e+01,2.315514e+01,2.317559e+01,2.315514e+01,2.304598e+01,2.309375e+01,2.316877e+01,2.308693e+01,2.305280e+01,2.317559e+01,2.319604e+01,2.304598e+01,2.316877e+01,2.301867e+01,2.308010e+01,2.299818e+01,2.310739e+01,2.296403e+01,2.314832e+01,2.310057e+01,2.306645e+01,2.305280e+01,2.305280e+01,2.303232e+01,2.301184e+01,2.303232e+01,2.300501e+01,2.301867e+01,2.305963e+01,2.300501e+01,2.306645e+01,2.307328e+01,2.307328e+01,2.290937e+01,2.294353e+01,2.301184e+01,2.300501e+01,2.304598e+01,2.278626e+01,2.301867e+01,2.304598e+01,2.297769e+01,2.284099e+01,2.295720e+01,2.306645e+01,2.290937e+01,2.288886e+01,2.299135e+01,2.316195e+01,2.298452e+01,2.292987e+01,2.298452e+01,2.274519e+01,2.278626e+01,2.304598e+01,2.277942e+01,2.303915e+01,2.282731e+01,2.279310e+01,2.296403e+01,2.290253e+01,2.288886e+01,2.287519e+01,2.303232e+01,2.288886e+01,2.301184e+01,2.265615e+01,2.277942e+01,2.292987e+01,2.297086e+01,2.290253e+01,2.287519e+01,2.291620e+01,2.288886e+01,2.290253e+01,2.273150e+01,2.295720e+01,2.297086e+01,2.288202e+01,2.273835e+01,2.275204e+01,2.294353e+01,2.293670e+01,2.284783e+01,2.294353e+01,2.284099e+01,2.283415e+01,2.296403e+01,2.282047e+01,2.280679e+01,2.282047e+01,2.301184e+01,2.300501e+01,2.298452e+01,2.299135e+01,2.267671e+01
2.601350e+01,2.614611e+01,2.617924e+01,2.644388e+01,2.633149e+01,2.639761e+01,2.657595e+01,2.652975e+01,2.666831e+01,2.653635e+01,2.670127e+01,2.683961e+01,2.682644e+01,2.679352e+01,2.687910e+01,2.676717e+01,2.685936e+01,2.697777e+01,2.680010e+01,2.691200e+01,2.695804e+01,2.658255e+01,2.654295e+01,2.637778e+01,2.616599e+01,2.594713e+01,2.568124e+01,2.522768e+01,2.522100e+01,2.532790e+01,2.516751e+01,2.524773e+01,2.534126e+01,2.526778e+01,2.544804e+01,2.542802e+01,2.535461e+01,2.519426e+01,2.532790e+01,2.528115e+01,2.530787e+01,2.526778e+01,2.522100e+01,2.516751e+01,2.514075e+01,2.522100e+01,2.518757e+01,2.521431e+01,2.507383e+01,2.517419e+01,2.515413e+01,2.514075e+01,2.503366e+01,2.518757e+01,2.516082e+01,2.515413e+01,2.514744e+01,2.519426e+01,2.515413e+01,2.522100e+01,2.514075e+01,2.534793e+01,2.518757e+01,2.518088e+01,2.518088e+01,2.514075e+01,2.506713e+01,2.518757e+01,2.502696e+01,2.511399e+01,2.489293e+01,2.487952e+01,2.477216e+01,2.472515e+01,2.452346e+01,2.442247e+01,2.451673e+01,2.445614e+01,2.450327e+01,2.459746e+01,2.464452e+01,2.463780e+01,2.483256e+01,2.473858e+01,2.477216e+01,2.479230e+01,2.471172e+01,2.479901e+01,2.478558e+01,2.477216e+01,2.480572e+01,2.479230e+01,2.481914e+01,2.484598e+01,2.484598e+01,2.479230e+01,2.484598e+01,2.480572e+01,2.484598e+01,2.465796e+01,2.482585e+01,2.477887e+01,2.467141e+01,2.453692e+01,2.471844e+01,2.459746e+01,2.467141e+01,2.459073e+01,2.463780e+01,2.467141e+01,2.465124e+01,2.468484e+01,2.468484e+01,2.462436e+01,2.470500e+01,2.473187e+01,2.473858e+01,2.473858e+01,2.464452e+01,2.475201e+01,2.466469e+01,2.471844e+01,2.467141e+01,2.467141e+01,2.478558e+01,2.495997e+01,2.531454e+01,2.544804e+01,2.544804e+01,2.579433e+01,2.577438e+01,2.586743e+01,2.602013e+01,2.590729e+01,2.567459e+01,2.578768e+01,2.566793e+01,2.564796e+01,2.550805e+01,2.546138e+01,2.507383e+01,2.497337e+01,2.467813e+01,2.454365e+01,2.424719e+01,2.409188e+01,2.409188e+01,2.397018e+01,2.385510e+01,2.388219e+01,2.394311e+01,2.390927e+01,2.403781e+01,2.388219e+01,2.391604e+01,2.386865e+01,2.385510e+01,2.394988e+01,2.384155e+01,2.391604e+01,2.397694e+01,2.401752e+01,2.392958e+01,2.405133e+01,2.399723e+01,2.396341e+01,2.392958e+01,2.388219e+01,2.391604e+01,2.392958e+01,2.389573e+01,2.382801e+01,2.394988e+01,2.387542e+01,2.403105e+01,2.390250e+01,2.390250e+01,2.401076e+01,2.405809e+01,2.403105e+01,2.399723e+01,2.398371e+01,2.399723e+01,2.410540e+01,2.403105e+01,2.403781e+01,2.401076e+01,2.395664e+01,2.386865e+01,2.405809e+01,2.400400e+01,2.417294e+01,2.407837e+01,2.405133e+01,2.412566e+01,2.413917e+01,2.413242e+01,2.414593e+01,2.418644e+01,2.421344e+01,2.418644e+01,2.415268e+01,2.427417e+01,2.420670e+01,2.422694e+01,2.422019e+01,2.424719e+01,2.428766e+01,2.423369e+01,2.430115e+01,2.427417e+01,2.428092e+01,2.413917e+01,2.440900e+01,2.413242e+01,2.429441e+01,2.430115e+01,2.428092e+01,2.424719e+01,2.426068e+01,2.423369e+01,2.439552e+01,2.426743e+01,2.431464e+01,2.415943e+01,2.434161e+01,2.431464e+01,2.433487e+01,2.413242e+01,2.432138e+01,2.424719e+01,2.426743e+01,2.420670e+01,2.422019e+01,2.417969e+01,2.411215e+01,2.404457e+01,2.399723e+01,2.403105e+01,2.405133e+01,2.389573e+01,2.381446e+01,2.374668e+01,2.361778e+01,2.378735e+01,2.385510e+01,2.358383e+01,2.351590e+01,2.333908e+01,2.322330e+01,2.298452e+01,2.286835e+01,2.293670e+01,2.282047e+01,2.290937e+01,2.282047e+01,2.295037e+01,2.301867e+01,2.302550e+01,2.301184e+01,2.304598e+01,2.314832e+01,2.303915e+01,2.329142e+01,2.329823e+01,2.344113e+01,2.340032e+01,2.348872e+01,2.356346e+01,2.358383e+01,2.368564e+01,2.374668e+01,2.363136e+01,2.382123e+01,2.385510e+01,2.388896e+01,2.399047e+01,2.392958e+01,2.390250e+01,2.388896e+01,2.390250e+01,2.397694e+01,2.399723e+01,2.397694e+01,2.407161e+01,2.399047e+01,2.413917e+01,2.419319e+01,2.417294e+01,2.416619e+01,2.416619e+01,2.422694e+01,2.418644e+01,2.412566e+01,2.428092e+01,2.428766e+01,2.436183e+01,2.462436e+01,2.479230e+01,2.498677e+01,2.497337e+01,2.527446e+01,2.538799e+01,2.558802e+01,2.564796e+01,2.578103e+01,2.588736e+01,2.609971e+01,2.607982e+01,2.608646e+01,2.608646e+01,2.619248e+01,2.615274e+01,2.617924e+01,2.618586e+01,2.614611e+01,2.625870e+01,2.623222e+01,2.629841e+01,2.629179e+01,2.623884e+01,2.631164e+01,2.637778e+01,2.643727e+01,2.645709e+01,2.632487e+01,2.645709e+01,2.641744e+01,2.641084e+01,2.634472e+01,2.638439e+01,2.652314e+01,2.636456e+01,2.637117e+01,2.635133e+01,2.641744e+01,2.623222e+01,2.630502e+01,2.619248e+01,2.616599e+01,2.609309e+01,2.586743e+01,2.529451e+01,2.418644e+01,2.411891e+01,2.412566e+01,2.388896e+01,2.414593e+01,2.417294e+01,2.438878e+01,2.470500e+01,2.473187e+01,2.506713e+01,2.508052e+01,2.517419e+01,2.512068e+01,2.490634e+01,2.463780e+01,2.460419e+01,2.453692e+01,2.409864e+01,2.390250e+01,2.392281e+01,2.384833e+01,2.392958e+01,2.390250e+01,2.417294e+01,2.439552e+01,2.474530e+01,2.494656e+01,2.505375e+01,2.528782e+01,2.536796e+01,2.554138e+01,2.557470e+01,2.560800e+01,2.562132e+01,2.560134e+01,2.569455e+01,2.558802e+01,2.577438e+01,2.584750e+01,2.572782e+01,2.581427e+01,2.581427e+01,2.571451e+01,2.568124e+01,2.564130e+01,2.562132e+01,2.552805e+01,2.554138e+01,2.545471e+01,2.523437e+01,2.530119e+01,2.529451e+01,2.523437e+01,2.496667e+01,2.491975e+01,2.489964e+01,2.500687e+01,2.498007e+01,2.495326e+01,2.487281e+01,2.470500e+01,2.463780e+01,2.462436e+01,2.457056e+01,2.456383e+01,2.457728e+01,2.411215e+01,2.395664e+01,2.411891e+01,2.406485e+01,2.413242e+01,2.431464e+01,2.438878e+01,2.440226e+01,2.457728e+01,2.472515e+01,2.486610e+01,2.491975e+01,2.487952e+01,2.479901e+01,2.483927e+01,2.479230e+01,2.499347e+01,2.496667e+01,2.495997e+01,2.483256e+01,2.470500e+01,2.470500e+01,2.485269e+01,2.477887e+01,2.488622e+01,2.471172e+01,2.491975e+01,2.471172e+01,2.465796e+01,2.466469e+01,2.463108e+01,2.451673e+01,2.467141e+01,2.456383e+01,2.451000e+01,2.444268e+01,2.465124e+01,2.433487e+01,2.444268e+01,2.437531e+01,2.455710e+01,2.459073e+01,2.451000e+01,2.436857e+01,2.438878e+01,2.438205e+01,2.452346e+01,2.442247e+01,2.440900e+01,2.451000e+01,2.423369e+01,2.428766e+01,2.442247e+01,2.451673e+01,2.418644e+01,2.415268e+01,2.419994e+01,2.423369e+01,2.417969e+01,2.406485e+01,2.405133e+01,2.427417e+01,2.426743e+01,2.411891e+01,2.405133e+01,2.395664e+01,2.406485e+01,2.396341e+01,2.405133e+01,2.406485e+01,2.394311e+01,2.402428e+01,2.399047e+01,2.391604e+01,2.388219e+01,2.388219e+01,2.392281e+01,2.382801e+01,2.365172e+01,2.385510e+01,2.385510e+01,2.363814e+01,2.373312e+01,2.371956e+01,2.367886e+01,2.379413e+01,2.358383e+01,2.380091e+01,2.364493e+01,2.361778e+01,2.350911e+01,2.357704e+01,2.355667e+01,2.351590e+01,2.354987e+01,2.350231e+01,2.349552e+01,2.341393e+01,2.340713e+01,2.344793e+01,2.340032e+01,2.348192e+01,2.342753e+01,2.331866e+01,2.340032e+01,2.323693e+01,2.337991e+01,2.338672e+01,2.341393e+01,2.334589e+01,2.331866e+01,2.324374e+01,2.323693e+01,2.325056e+01,2.321649e+01,2.321649e+01,2.328461e+01,2.328461e+01,2.319604e+01,2.327780e+01,2.320286e+01,2.325737e+01,2.329142e+01,2.329823e+01,2.333908e+01,2.313468e+01,2.328461e+01,2.321649e+01,2.327099e+01,2.325056e+01,2.314150e+01,2.301184e+01,2.316877e+01,2.315514e+01,2.319604e+01,2.321649e+01,2.315514e+01,2.305963e+01,2.308010e+01,2.311422e+01,2.310057e+01,2.320286e+01,2.316877e+01,2.310057e+01,2.316877e+01,2.303232e+01,2.300501e+01,2.304598e+01,2.318241e+01,2.294353e+01,2.308010e+01,2.314150e+01,2.302550e+01,2.313468e+01,2.303232e+01,2.304598e+01,2.307328e+01,2.303915e+01,2.304598e+01,2.307328e+01,2.291620e+01,2.301184e+01,2.309375e+01,2.308010e+01,2.303232e+01,2.312786e+01,2.292303e+01,2.293670e+01,2.309375e+01,2.312786e+01,2.303232e+01,2.314832e+01,2.302550e+01,2.299135e+01,2.290937e+01,2.298452e+01,2.297086e+01,2.308693e+01,2.304598e+01,2.301184e+01,2.302550e+01,2.299818e+01,2.288202e+01,2.297769e+01,2.290253e+01,2.285467e+01,2.296403e+01,2.292303e+01,2.278626e+01,2.281363e+01,2.305280e+01,2.305280e+01,2.303232e+01,2.302550e+01,2.288202e+01,2.290253e+01,2.304598e+01,2.288886e+01,2.284099e+01,2.277942e+01,2.280679e+01,2.281363e+01,2.281363e+01,2.284099e+01,2.289569e+01,2.281363e+01,2.281363e+01,2.286151e+01,2.287519e+01,2.288886e+01,2.293670e+01,2.292303e+01,2.267671e+01,2.269726e+01,2.265615e+01,2.272465e+01,2.264245e+01,2.263560e+01,2.264930e+01,2.269041e+01,2.265615e+01,2.266986e+01,2.267671e+01,2.273835e+01,2.276573e+01,2.277942e+01,2.273835e+01,2.274519e+01,2.292987e+01,2.281363e+01,2.268356e+01
2.603340e+01,2.613286e+01,2.617261e+01,2.617924e+01,2.643727e+01,2.654295e+01,2.649673e+01,2.670127e+01,2.662214e+01,2.665512e+01,2.656935e+01,2.681986e+01,2.684619e+01,2.698434e+01,2.712888e+01,2.693173e+01,2.698434e+01,2.695147e+01,2.695147e+01,2.698434e+01,2.690542e+01,2.666171e+01,2.656935e+01,2.621898e+01,2.602013e+01,2.587408e+01,2.552805e+01,2.527446e+01,2.520094e+01,2.532790e+01,2.536796e+01,2.526778e+01,2.528115e+01,2.527446e+01,2.534793e+01,2.532122e+01,2.532122e+01,2.532122e+01,2.528782e+01,2.522768e+01,2.522100e+01,2.513406e+01,2.525442e+01,2.502696e+01,2.510060e+01,2.512068e+01,2.506713e+01,2.506713e+01,2.512737e+01,2.510730e+01,2.520094e+01,2.510730e+01,2.510060e+01,2.512068e+01,2.515413e+01,2.517419e+01,2.526110e+01,2.514744e+01,2.516082e+01,2.515413e+01,2.517419e+01,2.504705e+01,2.530787e+01,2.524105e+01,2.509391e+01,2.516082e+01,2.511399e+01,2.493986e+01,2.487952e+01,2.489293e+01,2.477887e+01,2.485269e+01,2.461763e+01,2.455038e+01,2.460419e+01,2.437531e+01,2.446288e+01,2.450327e+01,2.451000e+01,2.444941e+01,2.460419e+01,2.468484e+01,2.487952e+01,2.476544e+01,2.471172e+01,2.463108e+01,2.479230e+01,2.476544e+01,2.471844e+01,2.482585e+01,2.496667e+01,2.486610e+01,2.483927e+01,2.483927e+01,2.481243e+01,2.483927e+01,2.479230e+01,2.479901e+01,2.485940e+01,2.468484e+01,2.470500e+01,2.468484e+01,2.470500e+01,2.456383e+01,2.463780e+01,2.461763e+01,2.463780e+01,2.461091e+01,2.457056e+01,2.453019e+01,2.453019e+01,2.466469e+01,2.463108e+01,2.453692e+01,2.460419e+01,2.463108e+01,2.448308e+01,2.446961e+01,2.471844e+01,2.469828e+01,2.467813e+01,2.469828e+01,2.460419e+01,2.465796e+01,2.485269e+01,2.499347e+01,2.525442e+01,2.543469e+01,2.560800e+01,2.560800e+01,2.582756e+01,2.587408e+01,2.583421e+01,2.586743e+01,2.588072e+01,2.587408e+01,2.580097e+01,2.564796e+01,2.545471e+01,2.542135e+01,2.512737e+01,2.506713e+01,2.473187e+01,2.451673e+01,2.439552e+01,2.430790e+01,2.410540e+01,2.398371e+01,2.409864e+01,2.388219e+01,2.397694e+01,2.403781e+01,2.389573e+01,2.394988e+01,2.395664e+01,2.392281e+01,2.392958e+01,2.370599e+01,2.387542e+01,2.394311e+01,2.376024e+01,2.388219e+01,2.384155e+01,2.395664e+01,2.381446e+01,2.386865e+01,2.388896e+01,2.389573e+01,2.388896e+01,2.390250e+01,2.382801e+01,2.384155e+01,2.382123e+01,2.384833e+01,2.381446e+01,2.385510e+01,2.402428e+01,2.384155e+01,2.389573e+01,2.380091e+01,2.398371e+01,2.401752e+01,2.386865e+01,2.401076e+01,2.398371e+01,2.407837e+01,2.417969e+01,2.400400e+01,2.403781e+01,2.384155e+01,2.394988e+01,2.400400e+01,2.411891e+01,2.415943e+01,2.411891e+01,2.409864e+01,2.416619e+01,2.417294e+01,2.416619e+01,2.409188e+01,2.417294e+01,2.407837e+01,2.403781e+01,2.417294e+01,2.417294e+01,2.421344e+01,2.422694e+01,2.425393e+01,2.427417e+01,2.428092e+01,2.421344e+01,2.427417e+01,2.420670e+01,2.429441e+01,2.410540e+01,2.408512e+01,2.423369e+01,2.413242e+01,2.424719e+01,2.424044e+01,2.421344e+01,2.428092e+01,2.422019e+01,2.414593e+01,2.424044e+01,2.431464e+01,2.427417e+01,2.413917e+01,2.413242e+01,2.405133e+01,2.422694e+01,2.417969e+01,2.407837e+01,2.416619e+01,2.419319e+01,2.391604e+01,2.404457e+01,2.403105e+01,2.403781e+01,2.399047e+01,2.391604e+01,2.397694e+01,2.388219e+01,2.373990e+01,2.359741e+01,2.354987e+01,2.348192e+01,2.337311e+01,2.301867e+01,2.295720e+01,2.292987e+01,2.309375e+01,2.294353e+01,2.286151e+01,2.301184e+01,2.292303e+01,2.294353e+01,2.281363e+01,2.300501e+01,2.301184e+01,2.300501e+01,2.301867e+01,2.315514e+01,2.313468e+01,2.332547e+01,2.334589e+01,2.342073e+01,2.328461e+01,2.357704e+01,2.354308e+01,2.365172e+01,2.359062e+01,2.363136e+01,2.367207e+01,2.378057e+01,2.378057e+01,2.381446e+01,2.381446e+01,2.383478e+01,2.394988e+01,2.390250e+01,2.384155e+01,2.398371e+01,2.411891e+01,2.417294e+01,2.414593e+01,2.414593e+01,2.417969e+01,2.422019e+01,2.422694e+01,2.419994e+01,2.425393e+01,2.422019e+01,2.409864e+01,2.422694e+01,2.440226e+01,2.462436e+01,2.470500e+01,2.477887e+01,2.492645e+01,2.512068e+01,2.524105e+01,2.536129e+01,2.554138e+01,2.569455e+01,2.577438e+01,2.586743e+01,2.599359e+01,2.600686e+01,2.609309e+01,2.607319e+01,2.616599e+01,2.617924e+01,2.615936e+01,2.627194e+01,2.617261e+01,2.616599e+01,2.633149e+01,2.624546e+01,2.626532e+01,2.635794e+01,2.632487e+01,2.639761e+01,2.621235e+01,2.641084e+01,2.627194e+01,2.633810e+01,2.638439e+01,2.643066e+01,2.643727e+01,2.639100e+01,2.643066e+01,2.635794e+01,2.645709e+01,2.647691e+01,2.651654e+01,2.621898e+01,2.621898e+01,2.631826e+01,2.616599e+01,2.611960e+01,2.584750e+01,2.510060e+01,2.419994e+01,2.413242e+01,2.407161e+01,2.388219e+01,2.411215e+01,2.424044e+01,2.438878e+01,2.468484e+01,2.489964e+01,2.512068e+01,2.510730e+01,2.515413e+01,2.517419e+01,2.495326e+01,2.471844e+01,2.461091e+01,2.446961e+01,2.417969e+01,2.402428e+01,2.391604e+01,2.377380e+01,2.388219e+01,2.390927e+01,2.429441e+01,2.453019e+01,2.473187e+01,2.476544e+01,2.520094e+01,2.536796e+01,2.531454e+01,2.540133e+01,2.562132e+01,2.552139e+01,2.557470e+01,2.567459e+01,2.566127e+01,2.570121e+01,2.577438e+01,2.580097e+01,2.561466e+01,2.574113e+01,2.570121e+01,2.563464e+01,2.564796e+01,2.553472e+01,2.566127e+01,2.556137e+01,2.532122e+01,2.530787e+01,2.532122e+01,2.518757e+01,2.519426e+01,2.502026e+01,2.508052e+01,2.501357e+01,2.486610e+01,2.479901e+01,2.488622e+01,2.485940e+01,2.485940e+01,2.462436e+01,2.462436e+01,2.452346e+01,2.459746e+01,2.459746e+01,2.461091e+01,2.426068e+01,2.402428e+01,2.412566e+01,2.411891e+01,2.411891e+01,2.415943e+01,2.436183e+01,2.445614e+01,2.464452e+01,2.460419e+01,2.459073e+01,2.455710e+01,2.479230e+01,2.466469e+01,2.463108e+01,2.462436e+01,2.477216e+01,2.469828e+01,2.461091e+01,2.462436e+01,2.463108e+01,2.450327e+01,2.477887e+01,2.467813e+01,2.476544e+01,2.467141e+01,2.453019e+01,2.466469e+01,2.461091e+01,2.441573e+01,2.430790e+01,2.448308e+01,2.451673e+01,2.436857e+01,2.448981e+01,2.458401e+01,2.427417e+01,2.440900e+01,2.442921e+01,2.442247e+01,2.439552e+01,2.423369e+01,2.426068e+01,2.441573e+01,2.432812e+01,2.445614e+01,2.417969e+01,2.419319e+01,2.419319e+01,2.413917e+01,2.415268e+01,2.413917e+01,2.422019e+01,2.407837e+01,2.404457e+01,2.411891e+01,2.415268e+01,2.412566e+01,2.406485e+01,2.402428e+01,2.401752e+01,2.403781e+01,2.402428e+01,2.403781e+01,2.380768e+01,2.400400e+01,2.397694e+01,2.405809e+01,2.391604e+01,2.400400e+01,2.393634e+01,2.403105e+01,2.377380e+01,2.390927e+01,2.379413e+01,2.388219e+01,2.387542e+01,2.374668e+01,2.379413e+01,2.382123e+01,2.378735e+01,2.382123e+01,2.362457e+01,2.357704e+01,2.371277e+01,2.381446e+01,2.359741e+01,2.364493e+01,2.363814e+01,2.362457e+01,2.366529e+01,2.355667e+01,2.352270e+01,2.349552e+01,2.336630e+01,2.343433e+01,2.350911e+01,2.339352e+01,2.337311e+01,2.342753e+01,2.344793e+01,2.331866e+01,2.335269e+01,2.325737e+01,2.342073e+01,2.323012e+01,2.335269e+01,2.339352e+01,2.321649e+01,2.323693e+01,2.333908e+01,2.327099e+01,2.325737e+01,2.321649e+01,2.325737e+01,2.327099e+01,2.327099e+01,2.324374e+01,2.320286e+01,2.322330e+01,2.323012e+01,2.317559e+01,2.313468e+01,2.323693e+01,2.325737e+01,2.318923e+01,2.314150e+01,2.318241e+01,2.306645e+01,2.305963e+01,2.310739e+01,2.316195e+01,2.319604e+01,2.318241e+01,2.305963e+01,2.326418e+01,2.309375e+01,2.308010e+01,2.308010e+01,2.310057e+01,2.323012e+01,2.313468e+01,2.316195e+01,2.305280e+01,2.305963e+01,2.320286e+01,2.305963e+01,2.295037e+01,2.295720e+01,2.290253e+01,2.305963e+01,2.305280e+01,2.314150e+01,2.302550e+01,2.302550e+01,2.303915e+01,2.303915e+01,2.304598e+01,2.308010e+01,2.302550e+01,2.293670e+01,2.306645e+01,2.299818e+01,2.303915e+01,2.292303e+01,2.297086e+01,2.292987e+01,2.287519e+01,2.290253e+01,2.311422e+01,2.306645e+01,2.317559e+01,2.293670e+01,2.283415e+01,2.294353e+01,2.295037e+01,2.295037e+01,2.285467e+01,2.295037e+01,2.286151e+01,2.284099e+01,2.293670e+01,2.296403e+01,2.297086e+01,2.299818e+01,2.288886e+01,2.282047e+01,2.273835e+01,2.284099e+01,2.278626e+01,2.274519e+01,2.279995e+01,2.280679e+01,2.281363e+01,2.262189e+01,2.274519e+01,2.262189e+01,2.282047e+01,2.279995e+01,2.277942e+01,2.277257e+01,2.264245e+01,2.279995e+01,2.281363e+01,2.266301e+01,2.286151e+01,2.269726e+01,2.256018e+01,2.271096e+01,2.277942e+01,2.268356e+01,2.270411e+01,2.260132e+01,2.263560e+01,2.263560e+01,2.263560e+01,2.259447e+01,2.262189e+01,2.264930e+01,2.273835e+01,2.270411e+01,2.270411e+01,2.264245e+01,2.266301e+01,2.264930e+01,2.273835e+01,2.277257e+01,2.267671e+01,2.279310e+01,2.278626e+01,2.266986e+01
2.611297e+01,2.627194e+01,2.641744e+01,2.637778e+01,2.645049e+01,2.665512e+01,2.672104e+01,2.656935e+01,2.672104e+01,2.687252e+01,2.694489e+01,2.694489e+01,2.695804e+01,2.688568e+01,2.693173e+01,2.700406e+01,2.697119e+01,2.695804e+01,2.702378e+01,2.693173e+01,2.693173e+01,2.665512e+01,2.676717e+01,2.619248e+01,2.607982e+01,2.584085e+01,2.551472e+01,2.516082e+01,2.522100e+01,2.510060e+01,2.535461e+01,2.526778e+01,2.534126e+01,2.527446e+01,2.532790e+01,2.529451e+01,2.534126e+01,2.530787e+01,2.525442e+01,2.520763e+01,2.520763e+01,2.528115e+01,2.508722e+01,2.512737e+01,2.506713e+01,2.525442e+01,2.508722e+01,2.517419e+01,2.518088e+01,2.517419e+01,2.508722e+01,2.495326e+01,2.509391e+01,2.516082e+01,2.508052e+01,2.518088e+01,2.515413e+01,2.513406e+01,2.526778e+01,2.516751e+01,2.527446e+01,2.513406e+01,2.520094e+01,2.506044e+01,2.502026e+01,2.501357e+01,2.513406e+01,2.489964e+01,2.498677e+01,2.496667e+01,2.490634e+01,2.475873e+01,2.457728e+01,2.459073e+01,2.452346e+01,2.459073e+01,2.447635e+01,2.447635e+01,2.457056e+01,2.469828e+01,2.470500e+01,2.467813e+01,2.490634e+01,2.487952e+01,2.485269e+01,2.484598e+01,2.472515e+01,2.458401e+01,2.480572e+01,2.495997e+01,2.480572e+01,2.478558e+01,2.481243e+01,2.485269e+01,2.485269e+01,2.480572e+01,2.498007e+01,2.479901e+01,2.483927e+01,2.472515e+01,2.469828e+01,2.470500e+01,2.473187e+01,2.460419e+01,2.459746e+01,2.459746e+01,2.461091e+01,2.454365e+01,2.463780e+01,2.455710e+01,2.450327e+01,2.465796e+01,2.461763e+01,2.458401e+01,2.453019e+01,2.456383e+01,2.459073e+01,2.467813e+01,2.457056e+01,2.448308e+01,2.469828e+01,2.473187e+01,2.472515e+01,2.477887e+01,2.495326e+01,2.524105e+01,2.546138e+01,2.548805e+01,2.564796e+01,2.562798e+01,2.590729e+01,2.582756e+01,2.586743e+01,2.609309e+01,2.588072e+01,2.587408e+01,2.586743e+01,2.567459e+01,2.566793e+01,2.551472e+01,2.530119e+01,2.519426e+01,2.510730e+01,2.482585e+01,2.469828e+01,2.428766e+01,2.436183e+01,2.426743e+01,2.426068e+01,2.411215e+01,2.407161e+01,2.391604e+01,2.392958e+01,2.388896e+01,2.409864e+01,2.391604e+01,2.390250e+01,2.392958e+01,2.380768e+01,2.394988e+01,2.394311e+01,2.384833e+01,2.384155e+01,2.406485e+01,2.394311e+01,2.388896e+01,2.383478e+01,2.385510e+01,2.384155e+01,2.389573e+01,2.384833e+01,2.375346e+01,2.380091e+01,2.373990e+01,2.395664e+01,2.378735e+01,2.383478e+01,2.396341e+01,2.382801e+01,2.382801e+01,2.394311e+01,2.390927e+01,2.396341e+01,2.399723e+01,2.390250e+01,2.388896e+01,2.389573e+01,2.397018e+01,2.405133e+01,2.410540e+01,2.400400e+01,2.412566e+01,2.400400e+01,2.413917e+01,2.392281e+01,2.411215e+01,2.413242e+01,2.408512e+01,2.407161e+01,2.409188e+01,2.397694e+01,2.401076e+01,2.411891e+01,2.404457e+01,2.420670e+01,2.417969e+01,2.424719e+01,2.424044e+01,2.423369e+01,2.423369e+01,2.424719e+01,2.423369e+01,2.406485e+01,2.408512e+01,2.428092e+01,2.421344e+01,2.423369e+01,2.421344e+01,2.412566e+01,2.410540e+01,2.411215e+01,2.413917e+01,2.408512e+01,2.423369e+01,2.423369e+01,2.413917e+01,2.412566e+01,2.406485e+01,2.427417e+01,2.401752e+01,2.422019e+01,2.417969e+01,2.403105e+01,2.413242e+01,2.418644e+01,2.405133e+01,2.410540e+01,2.401752e+01,2.394988e+01,2.400400e+01,2.394988e+01,2.383478e+01,2.386187e+01,2.356346e+01,2.328461e+01,2.339352e+01,2.312786e+01,2.299135e+01,2.299135e+01,2.302550e+01,2.280679e+01,2.304598e+01,2.299135e+01,2.314150e+01,2.323693e+01,2.310057e+01,2.306645e+01,2.307328e+01,2.301867e+01,2.305280e+01,2.304598e+01,2.302550e+01,2.305280e+01,2.310739e+01,2.312104e+01,2.347513e+01,2.322330e+01,2.340032e+01,2.334589e+01,2.344113e+01,2.362457e+01,2.359741e+01,2.369921e+01,2.369921e+01,2.365850e+01,2.369921e+01,2.375346e+01,2.402428e+01,2.401752e+01,2.385510e+01,2.390927e+01,2.384833e+01,2.396341e+01,2.400400e+01,2.415268e+01,2.413917e+01,2.410540e+01,2.410540e+01,2.423369e+01,2.419994e+01,2.422694e+01,2.420670e+01,2.417969e+01,2.426743e+01,2.430115e+01,2.453692e+01,2.463108e+01,2.461091e+01,2.473858e+01,2.500687e+01,2.528115e+01,2.526110e+01,2.538131e+01,2.553472e+01,2.572117e+01,2.591393e+01,2.602677e+01,2.601350e+01,2.617261e+01,2.607319e+01,2.623222e+01,2.621898e+01,2.623222e+01,2.613948e+01,2.616599e+01,2.623222e+01,2.620573e+01,2.623884e+01,2.627855e+01,2.628517e+01,2.630502e+01,2.638439e+01,2.626532e+01,2.640422e+01,2.637778e+01,2.639100e+01,2.633149e+01,2.642405e+01,2.635794e+01,2.646370e+01,2.641744e+01,2.641084e+01,2.647031e+01,2.623884e+01,2.647691e+01,2.647031e+01,2.645709e+01,2.634472e+01,2.625870e+01,2.610634e+01,2.607982e+01,2.583421e+01,2.530787e+01,2.426743e+01,2.398371e+01,2.406485e+01,2.397018e+01,2.413917e+01,2.430115e+01,2.436183e+01,2.467141e+01,2.468484e+01,2.504035e+01,2.516751e+01,2.498007e+01,2.514744e+01,2.498677e+01,2.486610e+01,2.454365e+01,2.449654e+01,2.409864e+01,2.403781e+01,2.379413e+01,2.382123e+01,2.366529e+01,2.384833e+01,2.424044e+01,2.444268e+01,2.465796e+01,2.484598e+01,2.511399e+01,2.515413e+01,2.539466e+01,2.531454e+01,2.540133e+01,2.563464e+01,2.565462e+01,2.568124e+01,2.591393e+01,2.566793e+01,2.584085e+01,2.581427e+01,2.581427e+01,2.584750e+01,2.578768e+01,2.577438e+01,2.566127e+01,2.563464e+01,2.552139e+01,2.556137e+01,2.553472e+01,2.544137e+01,2.532122e+01,2.535461e+01,2.538131e+01,2.501357e+01,2.499347e+01,2.493316e+01,2.493316e+01,2.495326e+01,2.493986e+01,2.487952e+01,2.481243e+01,2.477216e+01,2.467141e+01,2.473187e+01,2.467141e+01,2.459073e+01,2.441573e+01,2.457056e+01,2.413242e+01,2.411891e+01,2.413917e+01,2.414593e+01,2.419994e+01,2.434835e+01,2.433487e+01,2.452346e+01,2.458401e+01,2.458401e+01,2.458401e+01,2.479901e+01,2.478558e+01,2.448308e+01,2.459746e+01,2.469828e+01,2.462436e+01,2.465124e+01,2.464452e+01,2.455038e+01,2.450327e+01,2.465796e+01,2.453692e+01,2.471844e+01,2.447635e+01,2.462436e+01,2.443594e+01,2.455038e+01,2.445614e+01,2.435509e+01,2.435509e+01,2.445614e+01,2.431464e+01,2.427417e+01,2.422694e+01,2.434835e+01,2.422694e+01,2.436857e+01,2.419994e+01,2.422694e+01,2.419994e+01,2.414593e+01,2.413917e+01,2.417969e+01,2.414593e+01,2.414593e+01,2.426068e+01,2.414593e+01,2.397018e+01,2.412566e+01,2.402428e+01,2.398371e+01,2.409864e+01,2.400400e+01,2.405809e+01,2.407161e+01,2.390250e+01,2.404457e+01,2.386865e+01,2.402428e+01,2.385510e+01,2.390927e+01,2.394311e+01,2.386865e+01,2.383478e+01,2.378057e+01,2.385510e+01,2.382123e+01,2.368564e+01,2.371956e+01,2.381446e+01,2.369921e+01,2.373312e+01,2.374668e+01,2.389573e+01,2.371956e+01,2.368564e+01,2.378057e+01,2.369921e+01,2.380091e+01,2.370599e+01,2.376702e+01,2.359062e+01,2.369921e+01,2.364493e+01,2.361099e+01,2.380091e+01,2.351590e+01,2.350911e+01,2.350231e+01,2.350231e+01,2.347513e+01,2.349552e+01,2.351590e+01,2.342073e+01,2.327099e+01,2.345473e+01,2.342073e+01,2.337991e+01,2.348872e+01,2.321649e+01,2.341393e+01,2.340032e+01,2.333228e+01,2.337991e+01,2.319604e+01,2.312786e+01,2.328461e+01,2.333228e+01,2.333228e+01,2.327099e+01,2.330504e+01,2.327780e+01,2.328461e+01,2.328461e+01,2.321649e+01,2.331866e+01,2.318923e+01,2.318241e+01,2.318241e+01,2.320286e+01,2.323012e+01,2.323012e+01,2.329142e+01,2.323693e+01,2.312104e+01,2.316877e+01,2.312104e+01,2.314150e+01,2.312104e+01,2.318241e+01,2.319604e+01,2.318241e+01,2.318241e+01,2.331185e+01,2.315514e+01,2.314150e+01,2.312786e+01,2.309375e+01,2.325056e+01,2.308010e+01,2.317559e+01,2.314150e+01,2.316877e+01,2.314832e+01,2.319604e+01,2.310739e+01,2.314832e+01,2.306645e+01,2.304598e+01,2.310739e+01,2.301184e+01,2.300501e+01,2.299135e+01,2.303915e+01,2.303232e+01,2.303915e+01,2.297769e+01,2.295720e+01,2.301867e+01,2.294353e+01,2.288886e+01,2.301867e+01,2.293670e+01,2.302550e+01,2.304598e+01,2.286835e+01,2.309375e+01,2.296403e+01,2.306645e+01,2.297086e+01,2.300501e+01,2.290253e+01,2.291620e+01,2.297769e+01,2.279310e+01,2.290253e+01,2.285467e+01,2.275888e+01,2.282731e+01,2.277942e+01,2.289569e+01,2.283415e+01,2.291620e+01,2.260818e+01,2.284099e+01,2.268356e+01,2.267671e+01,2.261503e+01,2.261503e+01,2.277257e+01,2.273150e+01,2.270411e+01,2.276573e+01,2.274519e+01,2.272465e+01,2.281363e+01,2.254646e+01,2.275888e+01,2.273150e+01,2.276573e+01,2.270411e+01,2.266986e+01,2.261503e+01,2.253960e+01,2.280679e+01,2.256018e+01,2.253275e+01,2.263560e+01,2.257390e+01,2.264930e+01,2.264930e+01,2.263560e+01,2.269726e+01,2.258761e+01,2.264245e+01,2.244352e+01,2.242292e+01,2.254646e+01,2.266301e+01,2.267671e+01,2.264930e+01,2.262189e+01,2.279995e+01,2.281363e+01,2.279310e+01,2.276573e+01,2.266986e+01,2.279310e+01,2.299818e+01
2.609971e+01,2.633810e+01,2.641084e+01,2.645709e+01,2.664852e+01,2.638439e+01,2.655615e+01,2.668809e+01,2.674740e+01,2.682644e+01,2.678693e+01,2.693173e+01,2.693173e+01,2.702378e+01,2.697119e+01,2.700406e+01,2.709605e+01,2.714857e+01,2.700406e+01,2.693173e+01,2.680669e+01,2.695804e+01,2.660895e+01,2.637117e+01,2.598696e+01,2.552805e+01,2.516082e+01,2.516082e+01,2.516082e+01,2.511399e+01,2.524105e+01,2.522100e+01,2.527446e+01,2.521431e+01,2.522100e+01,2.534793e+01,2.531454e+01,2.527446e+01,2.526778e+01,2.516751e+01,2.523437e+01,2.524105e+01,2.510060e+01,2.504035e+01,2.515413e+01,2.515413e+01,2.508722e+01,2.506044e+01,2.506713e+01,2.518088e+01,2.515413e+01,2.510060e+01,2.506044e+01,2.502696e+01,2.504035e+01,2.512737e+01,2.516082e+01,2.511399e+01,2.524773e+01,2.515413e+01,2.516082e+01,2.517419e+01,2.516082e+01,2.518757e+01,2.506044e+01,2.512737e+01,2.510060e+01,2.500017e+01,2.487952e+01,2.491305e+01,2.473858e+01,2.467141e+01,2.461091e+01,2.450327e+01,2.451000e+01,2.446961e+01,2.444268e+01,2.458401e+01,2.465796e+01,2.457728e+01,2.466469e+01,2.473187e+01,2.472515e+01,2.487281e+01,2.471844e+01,2.476544e+01,2.482585e+01,2.480572e+01,2.469828e+01,2.473858e+01,2.481243e+01,2.481914e+01,2.499347e+01,2.485269e+01,2.482585e+01,2.484598e+01,2.469156e+01,2.477216e+01,2.490634e+01,2.489964e+01,2.480572e+01,2.473187e+01,2.475873e+01,2.465796e+01,2.463780e+01,2.463108e+01,2.470500e+01,2.461091e+01,2.477887e+01,2.452346e+01,2.467141e+01,2.451673e+01,2.454365e+01,2.457056e+01,2.466469e+01,2.459746e+01,2.461763e+01,2.459073e+01,2.467813e+01,2.467141e+01,2.467813e+01,2.469156e+01,2.467141e+01,2.487281e+01,2.491975e+01,2.522768e+01,2.538799e+01,2.546805e+01,2.544804e+01,2.570121e+01,2.590065e+01,2.582092e+01,2.591393e+01,2.592057e+01,2.584085e+01,2.586743e+01,2.586079e+01,2.584750e+01,2.568124e+01,2.556804e+01,2.562132e+01,2.528782e+01,2.516751e+01,2.506044e+01,2.471844e+01,2.469156e+01,2.450327e+01,2.434161e+01,2.442921e+01,2.404457e+01,2.412566e+01,2.412566e+01,2.407161e+01,2.409188e+01,2.388219e+01,2.397018e+01,2.397018e+01,2.377380e+01,2.391604e+01,2.379413e+01,2.394311e+01,2.380768e+01,2.387542e+01,2.384833e+01,2.383478e+01,2.386865e+01,2.382801e+01,2.381446e+01,2.376024e+01,2.384155e+01,2.379413e+01,2.381446e+01,2.374668e+01,2.384155e+01,2.391604e+01,2.384833e+01,2.363814e+01,2.389573e+01,2.393634e+01,2.381446e+01,2.390250e+01,2.391604e+01,2.384833e+01,2.387542e+01,2.392281e+01,2.392281e+01,2.387542e+01,2.389573e+01,2.406485e+01,2.399723e+01,2.396341e+01,2.396341e+01,2.397694e+01,2.397018e+01,2.401752e+01,2.386187e+01,2.385510e+01,2.411891e+01,2.394988e+01,2.396341e+01,2.396341e+01,2.404457e+01,2.408512e+01,2.401752e+01,2.408512e+01,2.411215e+01,2.401076e+01,2.415943e+01,2.407837e+01,2.419994e+01,2.409864e+01,2.409864e+01,2.411215e+01,2.424719e+01,2.402428e+01,2.415268e+01,2.410540e+01,2.396341e+01,2.408512e+01,2.410540e+01,2.412566e+01,2.405809e+01,2.412566e+01,2.417969e+01,2.410540e+01,2.399047e+01,2.413917e+01,2.409188e+01,2.411891e+01,2.415268e+01,2.401752e+01,2.399047e+01,2.398371e+01,2.409188e+01,2.424044e+01,2.405133e+01,2.396341e+01,2.398371e+01,2.399723e+01,2.389573e+01,2.386865e+01,2.379413e+01,2.384833e+01,2.359741e+01,2.340032e+01,2.320967e+01,2.320967e+01,2.301184e+01,2.304598e+01,2.295037e+01,2.295720e+01,2.297086e+01,2.320286e+01,2.325056e+01,2.327099e+01,2.326418e+01,2.313468e+01,2.321649e+01,2.312786e+01,2.299135e+01,2.306645e+01,2.303232e+01,2.305963e+01,2.304598e+01,2.319604e+01,2.312104e+01,2.332547e+01,2.323012e+01,2.320967e+01,2.338672e+01,2.332547e+01,2.356346e+01,2.357704e+01,2.365172e+01,2.365172e+01,2.384833e+01,2.375346e+01,2.384833e+01,2.392281e+01,2.397018e+01,2.378057e+01,2.400400e+01,2.403105e+01,2.407837e+01,2.402428e+01,2.405133e+01,2.405133e+01,2.410540e+01,2.411215e+01,2.424719e+01,2.424719e+01,2.419994e+01,2.419994e+01,2.424044e+01,2.435509e+01,2.457728e+01,2.465124e+01,2.461091e+01,2.487281e+01,2.508052e+01,2.502696e+01,2.535461e+01,2.550805e+01,2.552805e+01,2.584085e+01,2.584750e+01,2.605330e+01,2.593385e+01,2.604667e+01,2.620573e+01,2.616599e+01,2.623884e+01,2.623884e+01,2.624546e+01,2.622560e+01,2.622560e+01,2.622560e+01,2.630502e+01,2.641084e+01,2.626532e+01,2.627194e+01,2.627194e+01,2.628517e+01,2.634472e+01,2.630502e+01,2.638439e+01,2.642405e+01,2.638439e+01,2.641744e+01,2.640422e+01,2.645709e+01,2.637117e+01,2.646370e+01,2.643066e+01,2.642405e+01,2.643727e+01,2.637778e+01,2.633810e+01,2.613286e+01,2.615936e+01,2.592057e+01,2.582092e+01,2.527446e+01,2.429441e+01,2.390927e+01,2.405809e+01,2.408512e+01,2.411215e+01,2.440226e+01,2.440900e+01,2.474530e+01,2.507383e+01,2.505375e+01,2.510060e+01,2.515413e+01,2.503366e+01,2.512737e+01,2.499347e+01,2.472515e+01,2.447635e+01,2.412566e+01,2.406485e+01,2.365172e+01,2.365850e+01,2.365850e+01,2.387542e+01,2.426068e+01,2.456383e+01,2.462436e+01,2.507383e+01,2.512068e+01,2.532790e+01,2.543469e+01,2.536796e+01,2.551472e+01,2.554138e+01,2.568124e+01,2.559468e+01,2.576773e+01,2.569455e+01,2.574778e+01,2.587408e+01,2.569455e+01,2.570786e+01,2.570786e+01,2.577438e+01,2.572117e+01,2.562798e+01,2.566793e+01,2.562798e+01,2.561466e+01,2.560800e+01,2.545471e+01,2.524773e+01,2.522768e+01,2.514744e+01,2.505375e+01,2.498007e+01,2.491975e+01,2.502696e+01,2.499347e+01,2.464452e+01,2.467141e+01,2.490634e+01,2.467813e+01,2.457056e+01,2.457728e+01,2.457728e+01,2.440900e+01,2.446961e+01,2.444268e+01,2.400400e+01,2.419319e+01,2.418644e+01,2.426743e+01,2.420670e+01,2.446961e+01,2.453692e+01,2.451673e+01,2.457056e+01,2.458401e+01,2.449654e+01,2.448981e+01,2.452346e+01,2.457728e+01,2.461091e+01,2.442921e+01,2.456383e+01,2.443594e+01,2.442247e+01,2.430115e+01,2.437531e+01,2.436857e+01,2.447635e+01,2.451673e+01,2.438205e+01,2.411891e+01,2.434161e+01,2.419994e+01,2.424044e+01,2.432138e+01,2.433487e+01,2.422019e+01,2.419319e+01,2.414593e+01,2.415943e+01,2.421344e+01,2.406485e+01,2.415268e+01,2.416619e+01,2.406485e+01,2.413242e+01,2.412566e+01,2.403781e+01,2.392281e+01,2.415268e+01,2.417969e+01,2.397018e+01,2.411891e+01,2.413242e+01,2.384155e+01,2.380091e+01,2.397694e+01,2.399047e+01,2.408512e+01,2.406485e+01,2.376024e+01,2.379413e+01,2.390927e+01,2.402428e+01,2.380768e+01,2.389573e+01,2.386187e+01,2.379413e+01,2.389573e+01,2.386187e+01,2.378057e+01,2.390250e+01,2.369242e+01,2.370599e+01,2.376702e+01,2.376024e+01,2.367886e+01,2.371277e+01,2.370599e+01,2.372634e+01,2.373312e+01,2.365172e+01,2.376702e+01,2.361099e+01,2.364493e+01,2.369242e+01,2.350911e+01,2.362457e+01,2.363814e+01,2.359062e+01,2.356346e+01,2.355667e+01,2.357704e+01,2.352949e+01,2.346153e+01,2.337991e+01,2.334589e+01,2.333228e+01,2.336630e+01,2.329142e+01,2.335950e+01,2.328461e+01,2.337991e+01,2.330504e+01,2.331866e+01,2.332547e+01,2.331866e+01,2.343433e+01,2.319604e+01,2.330504e+01,2.333908e+01,2.323012e+01,2.327780e+01,2.313468e+01,2.325056e+01,2.330504e+01,2.327099e+01,2.320967e+01,2.319604e+01,2.320286e+01,2.323012e+01,2.319604e+01,2.315514e+01,2.320286e+01,2.326418e+01,2.319604e+01,2.325056e+01,2.316195e+01,2.318923e+01,2.313468e+01,2.299818e+01,2.310739e+01,2.305280e+01,2.314150e+01,2.303915e+01,2.312786e+01,2.314832e+01,2.328461e+01,2.316877e+01,2.309375e+01,2.335269e+01,2.305280e+01,2.314832e+01,2.328461e+01,2.311422e+01,2.307328e+01,2.315514e+01,2.312786e+01,2.308693e+01,2.290253e+01,2.304598e+01,2.309375e+01,2.303915e+01,2.299818e+01,2.302550e+01,2.288202e+01,2.290253e+01,2.295720e+01,2.299135e+01,2.300501e+01,2.303915e+01,2.286151e+01,2.281363e+01,2.282731e+01,2.277257e+01,2.264930e+01,2.286835e+01,2.287519e+01,2.269726e+01,2.290937e+01,2.277257e+01,2.282731e+01,2.271780e+01,2.280679e+01,2.284783e+01,2.282047e+01,2.258761e+01,2.270411e+01,2.279995e+01,2.270411e+01,2.279995e+01,2.261503e+01,2.267671e+01,2.276573e+01,2.264245e+01,2.271096e+01,2.274519e+01,2.242979e+01,2.282731e+01,2.264930e+01,2.256018e+01,2.273835e+01,2.274519e+01,2.266986e+01,2.269041e+01,2.269041e+01,2.280679e+01,2.255332e+01,2.261503e+01,2.262189e+01,2.272465e+01,2.257390e+01,2.264245e+01,2.262874e+01,2.273150e+01,2.269041e+01,2.264245e+01,2.265615e+01,2.255332e+01,2.251216e+01,2.255332e+01,2.253960e+01,2.260132e+01,2.262189e+01,2.249158e+01,2.266301e+01,2.238171e+01,2.260132e+01,2.262189e+01,2.258076e+01,2.242292e+01,2.265615e+01,2.247098e+01,2.265615e+01,2.266301e+01,2.246412e+01,2.246412e+01,2.269041e+01,2.270411e+01,2.269726e+01,2.277257e+01,2.264930e+01,2.266301e+01,2.259447e+01
2.611297e+01,2.632487e+01,2.638439e+01,2.648352e+01,2.662874e+01,2.652975e+01,2.669468e+01,2.683302e+01,2.691200e+01,2.677376e+01,2.688568e+01,2.681986e+01,2.690542e+01,2.710918e+01,2.712231e+01,2.713544e+01,2.690542e+01,2.714201e+01,2.692516e+01,2.696462e+01,2.666171e+01,2.675399e+01,2.637778e+01,2.613286e+01,2.572117e+01,2.552139e+01,2.515413e+01,2.504035e+01,2.515413e+01,2.512068e+01,2.516751e+01,2.511399e+01,2.522768e+01,2.528115e+01,2.533458e+01,2.514744e+01,2.522768e+01,2.530119e+01,2.518088e+01,2.520094e+01,2.517419e+01,2.519426e+01,2.510730e+01,2.508052e+01,2.517419e+01,2.507383e+01,2.504035e+01,2.508052e+01,2.505375e+01,2.510060e+01,2.514075e+01,2.511399e+01,2.498677e+01,2.507383e+01,2.510060e+01,2.502026e+01,2.528115e+01,2.509391e+01,2.525442e+01,2.503366e+01,2.518757e+01,2.509391e+01,2.509391e+01,2.510730e+01,2.500017e+01,2.495326e+01,2.489964e+01,2.491975e+01,2.486610e+01,2.457056e+01,2.458401e+01,2.457056e+01,2.460419e+01,2.442921e+01,2.436183e+01,2.433487e+01,2.436183e+01,2.459073e+01,2.457728e+01,2.469828e+01,2.464452e+01,2.467813e+01,2.485269e+01,2.482585e+01,2.466469e+01,2.475201e+01,2.481243e+01,2.475873e+01,2.477216e+01,2.466469e+01,2.477216e+01,2.475873e+01,2.479230e+01,2.471172e+01,2.484598e+01,2.486610e+01,2.480572e+01,2.483256e+01,2.479230e+01,2.483256e+01,2.462436e+01,2.473858e+01,2.478558e+01,2.479901e+01,2.467141e+01,2.461091e+01,2.459746e+01,2.471844e+01,2.447635e+01,2.452346e+01,2.455710e+01,2.452346e+01,2.463108e+01,2.455710e+01,2.459073e+01,2.452346e+01,2.455038e+01,2.457728e+01,2.455038e+01,2.467813e+01,2.466469e+01,2.468484e+01,2.457728e+01,2.483927e+01,2.494656e+01,2.506044e+01,2.532790e+01,2.540801e+01,2.556137e+01,2.574113e+01,2.568790e+01,2.606656e+01,2.590729e+01,2.600686e+01,2.585415e+01,2.586743e+01,2.587408e+01,2.604667e+01,2.601350e+01,2.584085e+01,2.570786e+01,2.544137e+01,2.524773e+01,2.524105e+01,2.510060e+01,2.505375e+01,2.475873e+01,2.453692e+01,2.434835e+01,2.432138e+01,2.430790e+01,2.428092e+01,2.400400e+01,2.401076e+01,2.397694e+01,2.394988e+01,2.386865e+01,2.393634e+01,2.399723e+01,2.390250e+01,2.384155e+01,2.384155e+01,2.390927e+01,2.385510e+01,2.389573e+01,2.377380e+01,2.379413e+01,2.379413e+01,2.364493e+01,2.378057e+01,2.359741e+01,2.360420e+01,2.372634e+01,2.365172e+01,2.363136e+01,2.363136e+01,2.363814e+01,2.375346e+01,2.367886e+01,2.387542e+01,2.378057e+01,2.383478e+01,2.382123e+01,2.386865e+01,2.388219e+01,2.387542e+01,2.386187e+01,2.384155e+01,2.380091e+01,2.386187e+01,2.398371e+01,2.385510e+01,2.395664e+01,2.392958e+01,2.388219e+01,2.384833e+01,2.394311e+01,2.415268e+01,2.390927e+01,2.394988e+01,2.382123e+01,2.397694e+01,2.382801e+01,2.382801e+01,2.408512e+01,2.392958e+01,2.397018e+01,2.411891e+01,2.396341e+01,2.404457e+01,2.407837e+01,2.402428e+01,2.405809e+01,2.412566e+01,2.403781e+01,2.402428e+01,2.415943e+01,2.408512e+01,2.405133e+01,2.408512e+01,2.409188e+01,2.402428e+01,2.398371e+01,2.386865e+01,2.399723e+01,2.392281e+01,2.407161e+01,2.393634e+01,2.391604e+01,2.405133e+01,2.398371e+01,2.396341e+01,2.401076e+01,2.401752e+01,2.386187e+01,2.401752e+01,2.397694e+01,2.396341e+01,2.403105e+01,2.397018e+01,2.382801e+01,2.373990e+01,2.353629e+01,2.346833e+01,2.305280e+01,2.295720e+01,2.292987e+01,2.292987e+01,2.294353e+01,2.305280e+01,2.297086e+01,2.294353e+01,2.325737e+01,2.327099e+01,2.328461e+01,2.350231e+01,2.329823e+01,2.345473e+01,2.314150e+01,2.312786e+01,2.306645e+01,2.309375e+01,2.313468e+01,2.304598e+01,2.311422e+01,2.303915e+01,2.321649e+01,2.316877e+01,2.326418e+01,2.339352e+01,2.340713e+01,2.335950e+01,2.348872e+01,2.363136e+01,2.365172e+01,2.368564e+01,2.375346e+01,2.369921e+01,2.371956e+01,2.375346e+01,2.390927e+01,2.393634e+01,2.393634e+01,2.395664e+01,2.382123e+01,2.399723e+01,2.398371e+01,2.401752e+01,2.405133e+01,2.404457e+01,2.410540e+01,2.408512e+01,2.422019e+01,2.431464e+01,2.434161e+01,2.448981e+01,2.451673e+01,2.455038e+01,2.483256e+01,2.498677e+01,2.520763e+01,2.514075e+01,2.539466e+01,2.551472e+01,2.568124e+01,2.595377e+01,2.598696e+01,2.590729e+01,2.618586e+01,2.621898e+01,2.601350e+01,2.608646e+01,2.622560e+01,2.624546e+01,2.621898e+01,2.625208e+01,2.619911e+01,2.625870e+01,2.627855e+01,2.627194e+01,2.639100e+01,2.628517e+01,2.632487e+01,2.629841e+01,2.628517e+01,2.640422e+01,2.633149e+01,2.635794e+01,2.639761e+01,2.645049e+01,2.643066e+01,2.645049e+01,2.642405e+01,2.645709e+01,2.649673e+01,2.636456e+01,2.633149e+01,2.642405e+01,2.632487e+01,2.621235e+01,2.605993e+01,2.581427e+01,2.523437e+01,2.409188e+01,2.408512e+01,2.405809e+01,2.409864e+01,2.408512e+01,2.434835e+01,2.441573e+01,2.481243e+01,2.493986e+01,2.496667e+01,2.520763e+01,2.521431e+01,2.511399e+01,2.498007e+01,2.475201e+01,2.481243e+01,2.456383e+01,2.428092e+01,2.405133e+01,2.380768e+01,2.364493e+01,2.366529e+01,2.387542e+01,2.419994e+01,2.430115e+01,2.472515e+01,2.478558e+01,2.514075e+01,2.521431e+01,2.536129e+01,2.532122e+01,2.550139e+01,2.552139e+01,2.552805e+01,2.568124e+01,2.572782e+01,2.579433e+01,2.586079e+01,2.584085e+01,2.581427e+01,2.578103e+01,2.569455e+01,2.572117e+01,2.564796e+01,2.555471e+01,2.563464e+01,2.554804e+01,2.560800e+01,2.554138e+01,2.550805e+01,2.534793e+01,2.515413e+01,2.508722e+01,2.510730e+01,2.498007e+01,2.500017e+01,2.498677e+01,2.479230e+01,2.495326e+01,2.479230e+01,2.479230e+01,2.470500e+01,2.458401e+01,2.457728e+01,2.461763e+01,2.448308e+01,2.443594e+01,2.424719e+01,2.417969e+01,2.419994e+01,2.421344e+01,2.418644e+01,2.428766e+01,2.431464e+01,2.453692e+01,2.457056e+01,2.454365e+01,2.455710e+01,2.456383e+01,2.438878e+01,2.458401e+01,2.450327e+01,2.451000e+01,2.453692e+01,2.434835e+01,2.439552e+01,2.455710e+01,2.435509e+01,2.434835e+01,2.439552e+01,2.424719e+01,2.420670e+01,2.421344e+01,2.429441e+01,2.410540e+01,2.417294e+01,2.412566e+01,2.413917e+01,2.407837e+01,2.399723e+01,2.414593e+01,2.411215e+01,2.421344e+01,2.409188e+01,2.412566e+01,2.402428e+01,2.394988e+01,2.399047e+01,2.405133e+01,2.406485e+01,2.403105e+01,2.401752e+01,2.392958e+01,2.381446e+01,2.395664e+01,2.380768e+01,2.398371e+01,2.382801e+01,2.383478e+01,2.394988e+01,2.394988e+01,2.373312e+01,2.382123e+01,2.372634e+01,2.371277e+01,2.373990e+01,2.369242e+01,2.371956e+01,2.366529e+01,2.379413e+01,2.363136e+01,2.364493e+01,2.365850e+01,2.359741e+01,2.381446e+01,2.367207e+01,2.368564e+01,2.376024e+01,2.365850e+01,2.365172e+01,2.358383e+01,2.363814e+01,2.371277e+01,2.354308e+01,2.359062e+01,2.344113e+01,2.353629e+01,2.360420e+01,2.358383e+01,2.362457e+01,2.356346e+01,2.359062e+01,2.339352e+01,2.350231e+01,2.356346e+01,2.335269e+01,2.343433e+01,2.346153e+01,2.340713e+01,2.346833e+01,2.341393e+01,2.336630e+01,2.335950e+01,2.334589e+01,2.316877e+01,2.345473e+01,2.325056e+01,2.325056e+01,2.323693e+01,2.316877e+01,2.323693e+01,2.315514e+01,2.316195e+01,2.327099e+01,2.331185e+01,2.312786e+01,2.313468e+01,2.329823e+01,2.327780e+01,2.312786e+01,2.324374e+01,2.317559e+01,2.308693e+01,2.320286e+01,2.314150e+01,2.320967e+01,2.312104e+01,2.308693e+01,2.312786e+01,2.303232e+01,2.316877e+01,2.310057e+01,2.317559e+01,2.315514e+01,2.297769e+01,2.297769e+01,2.305280e+01,2.306645e+01,2.304598e+01,2.313468e+01,2.299818e+01,2.317559e+01,2.308010e+01,2.308010e+01,2.306645e+01,2.310739e+01,2.305280e+01,2.304598e+01,2.299818e+01,2.298452e+01,2.294353e+01,2.284099e+01,2.290937e+01,2.280679e+01,2.280679e+01,2.276573e+01,2.282731e+01,2.285467e+01,2.277942e+01,2.286151e+01,2.263560e+01,2.269726e+01,2.264930e+01,2.260132e+01,2.262189e+01,2.269041e+01,2.251216e+01,2.284783e+01,2.273835e+01,2.268356e+01,2.253960e+01,2.265615e+01,2.255332e+01,2.260818e+01,2.269726e+01,2.254646e+01,2.254646e+01,2.273150e+01,2.260132e+01,2.258076e+01,2.253275e+01,2.264245e+01,2.255332e+01,2.249158e+01,2.251216e+01,2.276573e+01,2.271780e+01,2.253275e+01,2.275888e+01,2.244352e+01,2.277942e+01,2.258076e+01,2.260818e+01,2.250530e+01,2.259447e+01,2.260818e+01,2.274519e+01,2.256018e+01,2.277942e+01,2.256018e+01,2.269041e+01,2.258761e+01,2.264930e+01,2.265615e+01,2.272465e+01,2.264930e+01,2.273150e+01,2.266986e+01,2.266301e+01,2.275204e+01,2.275888e+01,2.254646e+01,2.257390e+01,2.253275e+01,2.243666e+01,2.260132e+01,2.258761e+01,2.257390e+01,2.238858e+01,2.249844e+01,2.254646e+01,2.241605e+01,2.262189e+01,2.266986e+01,2.256018e+01,2.263560e+01,2.264245e+01,2.261503e+01,2.254646e+01,2.263560e+01,2.265615e+01,2.260132e+01,2.269726e+01,2.265615e+01,2.266301e+01,2.256704e+01,2.264245e+01
2.609971e+01,2.635794e+01,2.650994e+01,2.655615e+01,2.671445e+01,2.654295e+01,2.676058e+01,2.682644e+01,2.681986e+01,2.687252e+01,2.695804e+01,2.693831e+01,2.712231e+01,2.698434e+01,2.709605e+01,2.715514e+01,2.710918e+01,2.694489e+01,2.693173e+01,2.689884e+01,2.690542e+01,2.658915e+01,2.645049e+01,2.604004e+01,2.576108e+01,2.520094e+01,2.506713e+01,2.498007e+01,2.510060e+01,2.518757e+01,2.511399e+01,2.512068e+01,2.528115e+01,2.516751e+01,2.520094e+01,2.516082e+01,2.521431e+01,2.518757e+01,2.517419e+01,2.502696e+01,2.506713e+01,2.501357e+01,2.504705e+01,2.508052e+01,2.514075e+01,2.501357e+01,2.506713e+01,2.509391e+01,2.500017e+01,2.496667e+01,2.507383e+01,2.501357e+01,2.503366e+01,2.501357e+01,2.491305e+01,2.512737e+01,2.506713e+01,2.506044e+01,2.508722e+01,2.499347e+01,2.514744e+01,2.500017e+01,2.498007e+01,2.508052e+01,2.508052e+01,2.503366e+01,2.491975e+01,2.487952e+01,2.490634e+01,2.469828e+01,2.462436e+01,2.454365e+01,2.438878e+01,2.439552e+01,2.438878e+01,2.439552e+01,2.461091e+01,2.458401e+01,2.447635e+01,2.481243e+01,2.482585e+01,2.472515e+01,2.485940e+01,2.491305e+01,2.482585e+01,2.478558e+01,2.480572e+01,2.476544e+01,2.474530e+01,2.475873e+01,2.468484e+01,2.475873e+01,2.480572e+01,2.478558e+01,2.483256e+01,2.482585e+01,2.482585e+01,2.487281e+01,2.482585e+01,2.476544e+01,2.477216e+01,2.481243e+01,2.463108e+01,2.453692e+01,2.444268e+01,2.460419e+01,2.459073e+01,2.462436e+01,2.448981e+01,2.450327e+01,2.455710e+01,2.453692e+01,2.453692e+01,2.461763e+01,2.451673e+01,2.452346e+01,2.452346e+01,2.461091e+01,2.465124e+01,2.459746e+01,2.464452e+01,2.465796e+01,2.465124e+01,2.487281e+01,2.484598e+01,2.530787e+01,2.535461e+01,2.536796e+01,2.544804e+01,2.567459e+01,2.569455e+01,2.570121e+01,2.588736e+01,2.613948e+01,2.613948e+01,2.588072e+01,2.619248e+01,2.602013e+01,2.628517e+01,2.590729e+01,2.602677e+01,2.580097e+01,2.566793e+01,2.548805e+01,2.548805e+01,2.510730e+01,2.495326e+01,2.479230e+01,2.467141e+01,2.458401e+01,2.456383e+01,2.455038e+01,2.439552e+01,2.419994e+01,2.434161e+01,2.410540e+01,2.397018e+01,2.400400e+01,2.401076e+01,2.386865e+01,2.395664e+01,2.377380e+01,2.388219e+01,2.387542e+01,2.383478e+01,2.374668e+01,2.373312e+01,2.381446e+01,2.371277e+01,2.377380e+01,2.353629e+01,2.371956e+01,2.363814e+01,2.366529e+01,2.362457e+01,2.366529e+01,2.365850e+01,2.382801e+01,2.365850e+01,2.369921e+01,2.379413e+01,2.377380e+01,2.382123e+01,2.361778e+01,2.382123e+01,2.382123e+01,2.386865e+01,2.385510e+01,2.378735e+01,2.380091e+01,2.383478e+01,2.383478e+01,2.383478e+01,2.390927e+01,2.381446e+01,2.391604e+01,2.391604e+01,2.382123e+01,2.397694e+01,2.378057e+01,2.392281e+01,2.379413e+01,2.391604e+01,2.398371e+01,2.401076e+01,2.378735e+01,2.400400e+01,2.382123e+01,2.393634e+01,2.400400e+01,2.406485e+01,2.405133e+01,2.405809e+01,2.397694e+01,2.406485e+01,2.400400e+01,2.399047e+01,2.389573e+01,2.403105e+01,2.403781e+01,2.390250e+01,2.403781e+01,2.390250e+01,2.400400e+01,2.382123e+01,2.390927e+01,2.386865e+01,2.390927e+01,2.386865e+01,2.397694e+01,2.394988e+01,2.394311e+01,2.395664e+01,2.396341e+01,2.399047e+01,2.393634e+01,2.400400e+01,2.391604e+01,2.390250e+01,2.376702e+01,2.371277e+01,2.378735e+01,2.354308e+01,2.328461e+01,2.295720e+01,2.298452e+01,2.292987e+01,2.287519e+01,2.301867e+01,2.293670e+01,2.305280e+01,2.299818e+01,2.321649e+01,2.355667e+01,2.346153e+01,2.352949e+01,2.350911e+01,2.350231e+01,2.321649e+01,2.318923e+01,2.285467e+01,2.286151e+01,2.312786e+01,2.298452e+01,2.304598e+01,2.316877e+01,2.319604e+01,2.295037e+01,2.317559e+01,2.329142e+01,2.332547e+01,2.327780e+01,2.333228e+01,2.342073e+01,2.340032e+01,2.344113e+01,2.346153e+01,2.348872e+01,2.360420e+01,2.373990e+01,2.365172e+01,2.371956e+01,2.382801e+01,2.375346e+01,2.376024e+01,2.392958e+01,2.387542e+01,2.401076e+01,2.392281e+01,2.401752e+01,2.398371e+01,2.421344e+01,2.406485e+01,2.413917e+01,2.424719e+01,2.438878e+01,2.438205e+01,2.455710e+01,2.485269e+01,2.504035e+01,2.513406e+01,2.532790e+01,2.536129e+01,2.568790e+01,2.573447e+01,2.573447e+01,2.589401e+01,2.608646e+01,2.592721e+01,2.605993e+01,2.614611e+01,2.607982e+01,2.622560e+01,2.618586e+01,2.624546e+01,2.620573e+01,2.623884e+01,2.626532e+01,2.639100e+01,2.627855e+01,2.627194e+01,2.637778e+01,2.631164e+01,2.635794e+01,2.639761e+01,2.639761e+01,2.640422e+01,2.639761e+01,2.639761e+01,2.640422e+01,2.641084e+01,2.641084e+01,2.635133e+01,2.643727e+01,2.648352e+01,2.639761e+01,2.639761e+01,2.633149e+01,2.630502e+01,2.607982e+01,2.609309e+01,2.579433e+01,2.524773e+01,2.435509e+01,2.400400e+01,2.401752e+01,2.404457e+01,2.438878e+01,2.436857e+01,2.438205e+01,2.475873e+01,2.502026e+01,2.514075e+01,2.516082e+01,2.516082e+01,2.522768e+01,2.496667e+01,2.493986e+01,2.494656e+01,2.459746e+01,2.424719e+01,2.406485e+01,2.390250e+01,2.363814e+01,2.368564e+01,2.377380e+01,2.409864e+01,2.437531e+01,2.463108e+01,2.476544e+01,2.511399e+01,2.512068e+01,2.512737e+01,2.532790e+01,2.550139e+01,2.550805e+01,2.559468e+01,2.562132e+01,2.573447e+01,2.568124e+01,2.581427e+01,2.580762e+01,2.572117e+01,2.584085e+01,2.578768e+01,2.571451e+01,2.574778e+01,2.572782e+01,2.566793e+01,2.564796e+01,2.580762e+01,2.550805e+01,2.550805e+01,2.535461e+01,2.522768e+01,2.510730e+01,2.510730e+01,2.507383e+01,2.495326e+01,2.484598e+01,2.481243e+01,2.478558e+01,2.473858e+01,2.478558e+01,2.479230e+01,2.462436e+01,2.457056e+01,2.459073e+01,2.440226e+01,2.444268e+01,2.432812e+01,2.403105e+01,2.409188e+01,2.421344e+01,2.417969e+01,2.428092e+01,2.428766e+01,2.439552e+01,2.442247e+01,2.455038e+01,2.455038e+01,2.445614e+01,2.442921e+01,2.442247e+01,2.446288e+01,2.446288e+01,2.435509e+01,2.429441e+01,2.421344e+01,2.417294e+01,2.415943e+01,2.425393e+01,2.419319e+01,2.426068e+01,2.421344e+01,2.416619e+01,2.410540e+01,2.428092e+01,2.409188e+01,2.407161e+01,2.391604e+01,2.395664e+01,2.397694e+01,2.401752e+01,2.401076e+01,2.412566e+01,2.396341e+01,2.391604e+01,2.394311e+01,2.403105e+01,2.402428e+01,2.394988e+01,2.392281e+01,2.380091e+01,2.367207e+01,2.390927e+01,2.397694e+01,2.378735e+01,2.380091e+01,2.369242e+01,2.378735e+01,2.375346e+01,2.383478e+01,2.370599e+01,2.386187e+01,2.367207e+01,2.368564e+01,2.369242e+01,2.371956e+01,2.365850e+01,2.384155e+01,2.364493e+01,2.387542e+01,2.361778e+01,2.375346e+01,2.373990e+01,2.364493e+01,2.367207e+01,2.356346e+01,2.367886e+01,2.362457e+01,2.363136e+01,2.341393e+01,2.357025e+01,2.357704e+01,2.367207e+01,2.351590e+01,2.345473e+01,2.357025e+01,2.349552e+01,2.355667e+01,2.348192e+01,2.344793e+01,2.348872e+01,2.344113e+01,2.346833e+01,2.341393e+01,2.335950e+01,2.339352e+01,2.337991e+01,2.335269e+01,2.336630e+01,2.341393e+01,2.332547e+01,2.321649e+01,2.317559e+01,2.323012e+01,2.326418e+01,2.323693e+01,2.316877e+01,2.323693e+01,2.314150e+01,2.321649e+01,2.320967e+01,2.316195e+01,2.315514e+01,2.311422e+01,2.312104e+01,2.314150e+01,2.311422e+01,2.317559e+01,2.317559e+01,2.318923e+01,2.314832e+01,2.295720e+01,2.311422e+01,2.308010e+01,2.303232e+01,2.304598e+01,2.305963e+01,2.296403e+01,2.309375e+01,2.312786e+01,2.299135e+01,2.307328e+01,2.310057e+01,2.301867e+01,2.282731e+01,2.304598e+01,2.295720e+01,2.297769e+01,2.282047e+01,2.292303e+01,2.308693e+01,2.292303e+01,2.282047e+01,2.284783e+01,2.285467e+01,2.290253e+01,2.280679e+01,2.272465e+01,2.272465e+01,2.277942e+01,2.272465e+01,2.277257e+01,2.270411e+01,2.281363e+01,2.270411e+01,2.277942e+01,2.279995e+01,2.285467e+01,2.268356e+01,2.268356e+01,2.254646e+01,2.254646e+01,2.262874e+01,2.263560e+01,2.263560e+01,2.253275e+01,2.260132e+01,2.251902e+01,2.260818e+01,2.256704e+01,2.248471e+01,2.240919e+01,2.242292e+01,2.253960e+01,2.251902e+01,2.246412e+01,2.255332e+01,2.249844e+01,2.244352e+01,2.273835e+01,2.258761e+01,2.254646e+01,2.243666e+01,2.255332e+01,2.253275e+01,2.247098e+01,2.247785e+01,2.256704e+01,2.273835e+01,2.256704e+01,2.258761e+01,2.271780e+01,2.251902e+01,2.266986e+01,2.259447e+01,2.258761e+01,2.271096e+01,2.254646e+01,2.278626e+01,2.266301e+01,2.270411e+01,2.262189e+01,2.256704e+01,2.256704e+01,2.258076e+01,2.275204e+01,2.275204e+01,2.272465e+01,2.266986e+01,2.266301e+01,2.264245e+01,2.258076e+01,2.257390e+01,2.245725e+01,2.247098e+01,2.260132e+01,2.251902e+01,2.259447e+01,2.251902e+01,2.249158e+01,2.239545e+01,2.253275e+01,2.262189e+01,2.241605e+01,2.257390e+01,2.242292e+01,2.259447e+01,2.251216e+01,2.251902e+01,2.258761e+01,2.256704e+01,2.262874e+01,2.264930e+01,2.251902e+01,2.271096e+01,2.269041e+01,2.265615e+01
2.623222e+01,2.633149e+01,2.652975e+01,2.637117e+01,2.667490e+01,2.672763e+01,2.676717e+01,2.680669e+01,2.678034e+01,2.679352e+01,2.702378e+01,2.710261e+01,2.692516e+01,2.704349e+01,2.712888e+01,2.701721e+01,2.700406e+01,2.711575e+01,2.690542e+01,2.668149e+01,2.685277e+01,2.662214e+01,2.627855e+01,2.584750e+01,2.546805e+01,2.504705e+01,2.495326e+01,2.505375e+01,2.506713e+01,2.506713e+01,2.522768e+01,2.505375e+01,2.510730e+01,2.512737e+01,2.510730e+01,2.512737e+01,2.506044e+01,2.512068e+01,2.519426e+01,2.502026e+01,2.526778e+01,2.510730e+01,2.507383e+01,2.501357e+01,2.502026e+01,2.495326e+01,2.493316e+01,2.487952e+01,2.497337e+01,2.499347e+01,2.495326e+01,2.503366e+01,2.500017e+01,2.493986e+01,2.504035e+01,2.505375e+01,2.506044e+01,2.501357e+01,2.497337e+01,2.506044e+01,2.504035e+01,2.515413e+01,2.513406e+01,2.512068e+01,2.498677e+01,2.506044e+01,2.489964e+01,2.482585e+01,2.475201e+01,2.457056e+01,2.440900e+01,2.452346e+01,2.439552e+01,2.437531e+01,2.440900e+01,2.433487e+01,2.457728e+01,2.457056e+01,2.465124e+01,2.456383e+01,2.484598e+01,2.483256e+01,2.487952e+01,2.493986e+01,2.483256e+01,2.465124e+01,2.477887e+01,2.480572e+01,2.477216e+01,2.472515e+01,2.467141e+01,2.473187e+01,2.465796e+01,2.467141e+01,2.487281e+01,2.465124e+01,2.480572e+01,2.481243e+01,2.471844e+01,2.471172e+01,2.461763e+01,2.446961e+01,2.463780e+01,2.461763e+01,2.461091e+01,2.463108e+01,2.464452e+01,2.455710e+01,2.455710e+01,2.446961e+01,2.455038e+01,2.451673e+01,2.456383e+01,2.460419e+01,2.458401e+01,2.460419e+01,2.463108e+01,2.457728e+01,2.459073e+01,2.460419e+01,2.468484e+01,2.465796e+01,2.467141e+01,2.481243e+01,2.491975e+01,2.506044e+01,2.536129e+01,2.537464e+01,2.550139e+01,2.567459e+01,2.583421e+01,2.599359e+01,2.613948e+01,2.613948e+01,2.603340e+01,2.621898e+01,2.622560e+01,2.645709e+01,2.629841e+01,2.637778e+01,2.619911e+01,2.602677e+01,2.611960e+01,2.581427e+01,2.551472e+01,2.553472e+01,2.548138e+01,2.512737e+01,2.504705e+01,2.502026e+01,2.473187e+01,2.470500e+01,2.459746e+01,2.435509e+01,2.440226e+01,2.433487e+01,2.413917e+01,2.413917e+01,2.404457e+01,2.400400e+01,2.401076e+01,2.392281e+01,2.392281e+01,2.392958e+01,2.383478e+01,2.378735e+01,2.388896e+01,2.373312e+01,2.369242e+01,2.363814e+01,2.370599e+01,2.365850e+01,2.359741e+01,2.361778e+01,2.351590e+01,2.352949e+01,2.363136e+01,2.369242e+01,2.367207e+01,2.365172e+01,2.362457e+01,2.370599e+01,2.378735e+01,2.376702e+01,2.385510e+01,2.382123e+01,2.378735e+01,2.369921e+01,2.384155e+01,2.376702e+01,2.367207e+01,2.385510e+01,2.370599e+01,2.367886e+01,2.386187e+01,2.370599e+01,2.373312e+01,2.374668e+01,2.376702e+01,2.378735e+01,2.375346e+01,2.381446e+01,2.376702e+01,2.384833e+01,2.382801e+01,2.383478e+01,2.381446e+01,2.388896e+01,2.376702e+01,2.384155e+01,2.385510e+01,2.391604e+01,2.397018e+01,2.384833e+01,2.387542e+01,2.388896e+01,2.384833e+01,2.383478e+01,2.400400e+01,2.401076e+01,2.403105e+01,2.401752e+01,2.400400e+01,2.397018e+01,2.386865e+01,2.388896e+01,2.368564e+01,2.403781e+01,2.392958e+01,2.393634e+01,2.390250e+01,2.394311e+01,2.388896e+01,2.392958e+01,2.377380e+01,2.376702e+01,2.376702e+01,2.376024e+01,2.377380e+01,2.384155e+01,2.365172e+01,2.353629e+01,2.329823e+01,2.307328e+01,2.281363e+01,2.288202e+01,2.286835e+01,2.281363e+01,2.296403e+01,2.295037e+01,2.303915e+01,2.298452e+01,2.316877e+01,2.333908e+01,2.359741e+01,2.354308e+01,2.335269e+01,2.353629e+01,2.344113e+01,2.321649e+01,2.299818e+01,2.288886e+01,2.295720e+01,2.293670e+01,2.316195e+01,2.305280e+01,2.301867e+01,2.309375e+01,2.302550e+01,2.299818e+01,2.323012e+01,2.329142e+01,2.339352e+01,2.337991e+01,2.348872e+01,2.345473e+01,2.327780e+01,2.346833e+01,2.348872e+01,2.355667e+01,2.342753e+01,2.354308e+01,2.356346e+01,2.367207e+01,2.356346e+01,2.377380e+01,2.376702e+01,2.397694e+01,2.380091e+01,2.368564e+01,2.386187e+01,2.387542e+01,2.394311e+01,2.394988e+01,2.406485e+01,2.434161e+01,2.436183e+01,2.453019e+01,2.462436e+01,2.491975e+01,2.504705e+01,2.529451e+01,2.533458e+01,2.553472e+01,2.550139e+01,2.563464e+01,2.588736e+01,2.582092e+01,2.604004e+01,2.607319e+01,2.610634e+01,2.610634e+01,2.621898e+01,2.619911e+01,2.615274e+01,2.629179e+01,2.615274e+01,2.623222e+01,2.629841e+01,2.628517e+01,2.635133e+01,2.634472e+01,2.635133e+01,2.637778e+01,2.639100e+01,2.639100e+01,2.638439e+01,2.639100e+01,2.634472e+01,2.637117e+01,2.632487e+01,2.638439e+01,2.630502e+01,2.637117e+01,2.647031e+01,2.641084e+01,2.638439e+01,2.619911e+01,2.611960e+01,2.631164e+01,2.580762e+01,2.571451e+01,2.524773e+01,2.423369e+01,2.397018e+01,2.398371e+01,2.402428e+01,2.409188e+01,2.432138e+01,2.440226e+01,2.483256e+01,2.495997e+01,2.500017e+01,2.516751e+01,2.520763e+01,2.516751e+01,2.506044e+01,2.492645e+01,2.467813e+01,2.452346e+01,2.425393e+01,2.404457e+01,2.362457e+01,2.363136e+01,2.338672e+01,2.381446e+01,2.413242e+01,2.426743e+01,2.459746e+01,2.480572e+01,2.477887e+01,2.511399e+01,2.532790e+01,2.528115e+01,2.544137e+01,2.552805e+01,2.570786e+01,2.565462e+01,2.568124e+01,2.567459e+01,2.576108e+01,2.578768e+01,2.568790e+01,2.580762e+01,2.574113e+01,2.566793e+01,2.568790e+01,2.572782e+01,2.564130e+01,2.563464e+01,2.561466e+01,2.556804e+01,2.555471e+01,2.536129e+01,2.519426e+01,2.527446e+01,2.516751e+01,2.504705e+01,2.485269e+01,2.499347e+01,2.474530e+01,2.479901e+01,2.479230e+01,2.477216e+01,2.477216e+01,2.473858e+01,2.471844e+01,2.467141e+01,2.442247e+01,2.442921e+01,2.432812e+01,2.422019e+01,2.415943e+01,2.419994e+01,2.420670e+01,2.419994e+01,2.423369e+01,2.433487e+01,2.433487e+01,2.432138e+01,2.446961e+01,2.441573e+01,2.440900e+01,2.444941e+01,2.436183e+01,2.452346e+01,2.436857e+01,2.422694e+01,2.434161e+01,2.419994e+01,2.414593e+01,2.420670e+01,2.418644e+01,2.406485e+01,2.421344e+01,2.406485e+01,2.384155e+01,2.409864e+01,2.396341e+01,2.393634e+01,2.392281e+01,2.401076e+01,2.395664e+01,2.381446e+01,2.374668e+01,2.390927e+01,2.394311e+01,2.399723e+01,2.367886e+01,2.384833e+01,2.367207e+01,2.374668e+01,2.396341e+01,2.365172e+01,2.371956e+01,2.390927e+01,2.370599e+01,2.369242e+01,2.371277e+01,2.374668e+01,2.378735e+01,2.378057e+01,2.372634e+01,2.363814e+01,2.364493e+01,2.365850e+01,2.349552e+01,2.367886e+01,2.358383e+01,2.366529e+01,2.364493e+01,2.358383e+01,2.364493e+01,2.360420e+01,2.359741e+01,2.355667e+01,2.348872e+01,2.354987e+01,2.355667e+01,2.363814e+01,2.350231e+01,2.346833e+01,2.346153e+01,2.333228e+01,2.342073e+01,2.350911e+01,2.340032e+01,2.354308e+01,2.348192e+01,2.338672e+01,2.344113e+01,2.344113e+01,2.344113e+01,2.342073e+01,2.338672e+01,2.332547e+01,2.340032e+01,2.331185e+01,2.333908e+01,2.331866e+01,2.313468e+01,2.329823e+01,2.318923e+01,2.314832e+01,2.325056e+01,2.314832e+01,2.301184e+01,2.293670e+01,2.301184e+01,2.308010e+01,2.283415e+01,2.308693e+01,2.294353e+01,2.294353e+01,2.297086e+01,2.290253e+01,2.290937e+01,2.301184e+01,2.293670e+01,2.286835e+01,2.306645e+01,2.292303e+01,2.295720e+01,2.297769e+01,2.273835e+01,2.287519e+01,2.280679e+01,2.301867e+01,2.280679e+01,2.277257e+01,2.282731e+01,2.283415e+01,2.283415e+01,2.276573e+01,2.297086e+01,2.295720e+01,2.272465e+01,2.269726e+01,2.286835e+01,2.275204e+01,2.267671e+01,2.258761e+01,2.269726e+01,2.271096e+01,2.281363e+01,2.286835e+01,2.262874e+01,2.277257e+01,2.270411e+01,2.274519e+01,2.248471e+01,2.271780e+01,2.273150e+01,2.260818e+01,2.265615e+01,2.258076e+01,2.256018e+01,2.278626e+01,2.253275e+01,2.244352e+01,2.267671e+01,2.267671e+01,2.248471e+01,2.245039e+01,2.254646e+01,2.258761e+01,2.243666e+01,2.245725e+01,2.236110e+01,2.243666e+01,2.258761e+01,2.251216e+01,2.247785e+01,2.249158e+01,2.248471e+01,2.248471e+01,2.242979e+01,2.247098e+01,2.252588e+01,2.248471e+01,2.252588e+01,2.256018e+01,2.240232e+01,2.242292e+01,2.257390e+01,2.255332e+01,2.256018e+01,2.262874e+01,2.253960e+01,2.252588e+01,2.256018e+01,2.253275e+01,2.248471e+01,2.256018e+01,2.248471e+01,2.259447e+01,2.256018e+01,2.256704e+01,2.252588e+01,2.249844e+01,2.271780e+01,2.275888e+01,2.259447e+01,2.260132e+01,2.278626e+01,2.271096e+01,2.265615e+01,2.273150e+01,2.265615e+01,2.271096e+01,2.264245e+01,2.266986e+01,2.256704e+01,2.264245e+01,2.253960e+01,2.249158e+01,2.249844e+01,2.255332e+01,2.251216e+01,2.247098e+01,2.256018e+01,2.247098e+01,2.234048e+01,2.240232e+01,2.259447e+01,2.241605e+01,2.256018e+01,2.244352e+01,2.261503e+01,2.245039e+01,2.251902e+01,2.257390e+01,2.240919e+01,2.247098e+01,2.262874e+01,2.256704e+01,2.266986e+01,2.258761e+01,2.258076e+01,2.267671e+01
2.623884e+01,2.644388e+01,2.640422e+01,2.654295e+01,2.679352e+01,2.677376e+01,2.676058e+01,2.677376e+01,2.681327e+01,2.691858e+01,2.681986e+01,2.686594e+01,2.687252e+01,2.700406e+01,2.714857e+01,2.699749e+01,2.704349e+01,2.701064e+01,2.693831e+01,2.665512e+01,2.665512e+01,2.648352e+01,2.613948e+01,2.581427e+01,2.532122e+01,2.493316e+01,2.491305e+01,2.499347e+01,2.493986e+01,2.502026e+01,2.496667e+01,2.506044e+01,2.496667e+01,2.506044e+01,2.501357e+01,2.514075e+01,2.510060e+01,2.518088e+01,2.497337e+01,2.510730e+01,2.500687e+01,2.515413e+01,2.496667e+01,2.499347e+01,2.497337e+01,2.506713e+01,2.509391e+01,2.508052e+01,2.500017e+01,2.493316e+01,2.503366e+01,2.507383e+01,2.500017e+01,2.495326e+01,2.489964e+01,2.505375e+01,2.507383e+01,2.516082e+01,2.495997e+01,2.496667e+01,2.513406e+01,2.496667e+01,2.510060e+01,2.505375e+01,2.505375e+01,2.491305e+01,2.490634e+01,2.483927e+01,2.475873e+01,2.467813e+01,2.453692e+01,2.453019e+01,2.438878e+01,2.447635e+01,2.455710e+01,2.432138e+01,2.459746e+01,2.459073e+01,2.474530e+01,2.467141e+01,2.467141e+01,2.479901e+01,2.485269e+01,2.487952e+01,2.480572e+01,2.481914e+01,2.469156e+01,2.473187e+01,2.485269e+01,2.469156e+01,2.469156e+01,2.465796e+01,2.463780e+01,2.475201e+01,2.465796e+01,2.464452e+01,2.478558e+01,2.474530e+01,2.467141e+01,2.460419e+01,2.477216e+01,2.459746e+01,2.469156e+01,2.461091e+01,2.445614e+01,2.440900e+01,2.476544e+01,2.444268e+01,2.455710e+01,2.444941e+01,2.451673e+01,2.454365e+01,2.461763e+01,2.457056e+01,2.449654e+01,2.459746e+01,2.457728e+01,2.459073e+01,2.455710e+01,2.466469e+01,2.465124e+01,2.465124e+01,2.469828e+01,2.491305e+01,2.489964e+01,2.516751e+01,2.533458e+01,2.543469e+01,2.562132e+01,2.576108e+01,2.579433e+01,2.597368e+01,2.609309e+01,2.632487e+01,2.634472e+01,2.653635e+01,2.652975e+01,2.651654e+01,2.656275e+01,2.658255e+01,2.632487e+01,2.623884e+01,2.638439e+01,2.633149e+01,2.596041e+01,2.592721e+01,2.588072e+01,2.559468e+01,2.556804e+01,2.532122e+01,2.512068e+01,2.509391e+01,2.486610e+01,2.486610e+01,2.464452e+01,2.451000e+01,2.443594e+01,2.436183e+01,2.427417e+01,2.404457e+01,2.403781e+01,2.397018e+01,2.390250e+01,2.382801e+01,2.381446e+01,2.382801e+01,2.375346e+01,2.367207e+01,2.371277e+01,2.373312e+01,2.367886e+01,2.357704e+01,2.358383e+01,2.360420e+01,2.362457e+01,2.350911e+01,2.367886e+01,2.357704e+01,2.358383e+01,2.359062e+01,2.363814e+01,2.367207e+01,2.370599e+01,2.367886e+01,2.376024e+01,2.381446e+01,2.378057e+01,2.384155e+01,2.384155e+01,2.371277e+01,2.371277e+01,2.371277e+01,2.368564e+01,2.382801e+01,2.370599e+01,2.367886e+01,2.374668e+01,2.384155e+01,2.386187e+01,2.376702e+01,2.388219e+01,2.374668e+01,2.372634e+01,2.389573e+01,2.368564e+01,2.374668e+01,2.380768e+01,2.382123e+01,2.380768e+01,2.380091e+01,2.381446e+01,2.394311e+01,2.384833e+01,2.383478e+01,2.382123e+01,2.390250e+01,2.386187e+01,2.391604e+01,2.383478e+01,2.382123e+01,2.382123e+01,2.380091e+01,2.381446e+01,2.379413e+01,2.377380e+01,2.375346e+01,2.386865e+01,2.381446e+01,2.383478e+01,2.388896e+01,2.386187e+01,2.382123e+01,2.393634e+01,2.371956e+01,2.377380e+01,2.376024e+01,2.379413e+01,2.378057e+01,2.380091e+01,2.378735e+01,2.359741e+01,2.337991e+01,2.325737e+01,2.301867e+01,2.297769e+01,2.284783e+01,2.286151e+01,2.265615e+01,2.293670e+01,2.303915e+01,2.312104e+01,2.308010e+01,2.333908e+01,2.358383e+01,2.358383e+01,2.368564e+01,2.365850e+01,2.356346e+01,2.344793e+01,2.319604e+01,2.299818e+01,2.294353e+01,2.295037e+01,2.292987e+01,2.293670e+01,2.295037e+01,2.309375e+01,2.300501e+01,2.306645e+01,2.305280e+01,2.314832e+01,2.308693e+01,2.320286e+01,2.323693e+01,2.312786e+01,2.325056e+01,2.322330e+01,2.324374e+01,2.321649e+01,2.322330e+01,2.338672e+01,2.343433e+01,2.344793e+01,2.371956e+01,2.357704e+01,2.355667e+01,2.361099e+01,2.354987e+01,2.363136e+01,2.376024e+01,2.373312e+01,2.377380e+01,2.378057e+01,2.389573e+01,2.398371e+01,2.405133e+01,2.430115e+01,2.433487e+01,2.464452e+01,2.486610e+01,2.487952e+01,2.504035e+01,2.536129e+01,2.554804e+01,2.557470e+01,2.570786e+01,2.585415e+01,2.596704e+01,2.586079e+01,2.608646e+01,2.600023e+01,2.615274e+01,2.608646e+01,2.621898e+01,2.607982e+01,2.614611e+01,2.617924e+01,2.623884e+01,2.626532e+01,2.623884e+01,2.630502e+01,2.626532e+01,2.625870e+01,2.639100e+01,2.639761e+01,2.641084e+01,2.636456e+01,2.638439e+01,2.640422e+01,2.643727e+01,2.644388e+01,2.643066e+01,2.643727e+01,2.647691e+01,2.644388e+01,2.643727e+01,2.632487e+01,2.628517e+01,2.609971e+01,2.616599e+01,2.594713e+01,2.575443e+01,2.518088e+01,2.422694e+01,2.409188e+01,2.412566e+01,2.410540e+01,2.413242e+01,2.434835e+01,2.448308e+01,2.479901e+01,2.507383e+01,2.510730e+01,2.526778e+01,2.536129e+01,2.528782e+01,2.511399e+01,2.510730e+01,2.487952e+01,2.453019e+01,2.419994e+01,2.394988e+01,2.366529e+01,2.359741e+01,2.363814e+01,2.375346e+01,2.410540e+01,2.437531e+01,2.462436e+01,2.475873e+01,2.511399e+01,2.526778e+01,2.532790e+01,2.548805e+01,2.562798e+01,2.554804e+01,2.570121e+01,2.569455e+01,2.575443e+01,2.578768e+01,2.587408e+01,2.583421e+01,2.582756e+01,2.596041e+01,2.580097e+01,2.582092e+01,2.585415e+01,2.571451e+01,2.560134e+01,2.566793e+01,2.566793e+01,2.556137e+01,2.550139e+01,2.550139e+01,2.547471e+01,2.516751e+01,2.512737e+01,2.510730e+01,2.491975e+01,2.473187e+01,2.469828e+01,2.467813e+01,2.470500e+01,2.473187e+01,2.473858e+01,2.475201e+01,2.460419e+01,2.464452e+01,2.439552e+01,2.436183e+01,2.441573e+01,2.392281e+01,2.418644e+01,2.414593e+01,2.420670e+01,2.423369e+01,2.425393e+01,2.423369e+01,2.428092e+01,2.420670e+01,2.433487e+01,2.446288e+01,2.420670e+01,2.415268e+01,2.430115e+01,2.417294e+01,2.419319e+01,2.424719e+01,2.418644e+01,2.418644e+01,2.398371e+01,2.408512e+01,2.419319e+01,2.383478e+01,2.401076e+01,2.400400e+01,2.397694e+01,2.399723e+01,2.378735e+01,2.387542e+01,2.389573e+01,2.391604e+01,2.369242e+01,2.369921e+01,2.376024e+01,2.373312e+01,2.373312e+01,2.371956e+01,2.368564e+01,2.372634e+01,2.367886e+01,2.366529e+01,2.365850e+01,2.365172e+01,2.365850e+01,2.366529e+01,2.364493e+01,2.359062e+01,2.374668e+01,2.351590e+01,2.367207e+01,2.357704e+01,2.351590e+01,2.364493e+01,2.360420e+01,2.367207e+01,2.364493e+01,2.356346e+01,2.358383e+01,2.352270e+01,2.350911e+01,2.342073e+01,2.355667e+01,2.352270e+01,2.332547e+01,2.339352e+01,2.359062e+01,2.346833e+01,2.325056e+01,2.331185e+01,2.330504e+01,2.329823e+01,2.329823e+01,2.329142e+01,2.313468e+01,2.311422e+01,2.315514e+01,2.313468e+01,2.329823e+01,2.301184e+01,2.305963e+01,2.303232e+01,2.316877e+01,2.324374e+01,2.310057e+01,2.335950e+01,2.308693e+01,2.307328e+01,2.290253e+01,2.308693e+01,2.286835e+01,2.312786e+01,2.314832e+01,2.283415e+01,2.286151e+01,2.286835e+01,2.301184e+01,2.293670e+01,2.280679e+01,2.282047e+01,2.281363e+01,2.284099e+01,2.280679e+01,2.275888e+01,2.269726e+01,2.286835e+01,2.290253e+01,2.277257e+01,2.280679e+01,2.288886e+01,2.281363e+01,2.290937e+01,2.271780e+01,2.273150e+01,2.275204e+01,2.272465e+01,2.257390e+01,2.271096e+01,2.262874e+01,2.272465e+01,2.267671e+01,2.262189e+01,2.276573e+01,2.258761e+01,2.272465e+01,2.271096e+01,2.264930e+01,2.262874e+01,2.246412e+01,2.257390e+01,2.253960e+01,2.278626e+01,2.253275e+01,2.271096e+01,2.256018e+01,2.253275e+01,2.277942e+01,2.243666e+01,2.268356e+01,2.247098e+01,2.251902e+01,2.255332e+01,2.251902e+01,2.250530e+01,2.251902e+01,2.236797e+01,2.253960e+01,2.254646e+01,2.254646e+01,2.249158e+01,2.245039e+01,2.244352e+01,2.242292e+01,2.251216e+01,2.245039e+01,2.243666e+01,2.242292e+01,2.239545e+01,2.246412e+01,2.248471e+01,2.237484e+01,2.236110e+01,2.247785e+01,2.233360e+01,2.241605e+01,2.244352e+01,2.251216e+01,2.249844e+01,2.253960e+01,2.249158e+01,2.245039e+01,2.249844e+01,2.247098e+01,2.239545e+01,2.251902e+01,2.249844e+01,2.241605e+01,2.247785e+01,2.248471e+01,2.254646e+01,2.249844e+01,2.251902e+01,2.245725e+01,2.236110e+01,2.259447e+01,2.245725e+01,2.247098e+01,2.234048e+01,2.260818e+01,2.265615e+01,2.260818e+01,2.261503e+01,2.253960e+01,2.264930e+01,2.266986e+01,2.256018e+01,2.268356e+01,2.266986e+01,2.266986e+01,2.251902e+01,2.278626e+01,2.261503e+01,2.266301e+01,2.266301e+01,2.250530e+01,2.223733e+01,2.247098e+01,2.253275e+01,2.240232e+01,2.242979e+01,2.249844e+01,2.251216e+01,2.241605e+01,2.246412e+01,2.250530e+01,2.246412e+01,2.250530e+01,2.256018e+01,2.253960e+01,2.242979e+01,2.251902e+01,2.242292e+01,2.242979e+01,2.258761e+01,2.268356e+01,2.259447e+01,2.260818e+01,2.263560e+01,2.261503e+01,2.264930e+01
2.623222e+01,2.643066e+01,2.627194e+01,2.651654e+01,2.674081e+01,2.663533e+01,2.662214e+01,2.687252e+01,2.681327e+01,2.693831e+01,2.691858e+01,2.685277e+01,2.699092e+01,2.681327e+01,2.694489e+01,2.701064e+01,2.697119e+01,2.703035e+01,2.689226e+01,2.670127e+01,2.662874e+01,2.647691e+01,2.599359e+01,2.574113e+01,2.532122e+01,2.495326e+01,2.492645e+01,2.496667e+01,2.500687e+01,2.495997e+01,2.496667e+01,2.505375e+01,2.500687e+01,2.504705e+01,2.502026e+01,2.512068e+01,2.502026e+01,2.521431e+01,2.506044e+01,2.497337e+01,2.500017e+01,2.509391e+01,2.500687e+01,2.502026e+01,2.498007e+01,2.495997e+01,2.498007e+01,2.508052e+01,2.494656e+01,2.498007e+01,2.481914e+01,2.510060e+01,2.486610e+01,2.496667e+01,2.501357e+01,2.509391e+01,2.499347e+01,2.495997e+01,2.508052e+01,2.495997e+01,2.500017e+01,2.496667e+01,2.486610e+01,2.495326e+01,2.491975e+01,2.484598e+01,2.484598e+01,2.467813e+01,2.458401e+01,2.453692e+01,2.450327e+01,2.446961e+01,2.446288e+01,2.443594e+01,2.434161e+01,2.443594e+01,2.448981e+01,2.474530e+01,2.469156e+01,2.479230e+01,2.479901e+01,2.487281e+01,2.484598e+01,2.489293e+01,2.489964e+01,2.480572e+01,2.467141e+01,2.479901e+01,2.477887e+01,2.471844e+01,2.471844e+01,2.447635e+01,2.471172e+01,2.461091e+01,2.467141e+01,2.464452e+01,2.469828e+01,2.475201e+01,2.467813e+01,2.469156e+01,2.463108e+01,2.457728e+01,2.459746e+01,2.459073e+01,2.458401e+01,2.455710e+01,2.449654e+01,2.449654e+01,2.451673e+01,2.455038e+01,2.450327e+01,2.448981e+01,2.461091e+01,2.460419e+01,2.451000e+01,2.455038e+01,2.469828e+01,2.457056e+01,2.459073e+01,2.464452e+01,2.464452e+01,2.478558e+01,2.475201e+01,2.492645e+01,2.508722e+01,2.508722e+01,2.536129e+01,2.544804e+01,2.560800e+01,2.599359e+01,2.613286e+01,2.605993e+01,2.621898e+01,2.625870e+01,2.633149e+01,2.650333e+01,2.679352e+01,2.667490e+01,2.676717e+01,2.680010e+01,2.675399e+01,2.663533e+01,2.668809e+01,2.651654e+01,2.655615e+01,2.645709e+01,2.638439e+01,2.623222e+01,2.596704e+01,2.582756e+01,2.562132e+01,2.564130e+01,2.534793e+01,2.519426e+01,2.500017e+01,2.491975e+01,2.463780e+01,2.464452e+01,2.440226e+01,2.444268e+01,2.415943e+01,2.411215e+01,2.402428e+01,2.401076e+01,2.388219e+01,2.393634e+01,2.386187e+01,2.373312e+01,2.370599e+01,2.376702e+01,2.366529e+01,2.361778e+01,2.352270e+01,2.352270e+01,2.369242e+01,2.366529e+01,2.367886e+01,2.354987e+01,2.353629e+01,2.366529e+01,2.361099e+01,2.373312e+01,2.367207e+01,2.365850e+01,2.363814e+01,2.377380e+01,2.380091e+01,2.365172e+01,2.365850e+01,2.369921e+01,2.369242e+01,2.370599e+01,2.365172e+01,2.369242e+01,2.367886e+01,2.365850e+01,2.373990e+01,2.373990e+01,2.363136e+01,2.377380e+01,2.373312e+01,2.378735e+01,2.375346e+01,2.367207e+01,2.369242e+01,2.377380e+01,2.374668e+01,2.395664e+01,2.384155e+01,2.369921e+01,2.377380e+01,2.360420e+01,2.385510e+01,2.381446e+01,2.386187e+01,2.386187e+01,2.378057e+01,2.368564e+01,2.382801e+01,2.364493e+01,2.382801e+01,2.364493e+01,2.370599e+01,2.364493e+01,2.366529e+01,2.357704e+01,2.367886e+01,2.370599e+01,2.388219e+01,2.384833e+01,2.386865e+01,2.386865e+01,2.373990e+01,2.387542e+01,2.382801e+01,2.362457e+01,2.378057e+01,2.379413e+01,2.370599e+01,2.364493e+01,2.357025e+01,2.326418e+01,2.312104e+01,2.303232e+01,2.296403e+01,2.271780e+01,2.284783e+01,2.273835e+01,2.283415e+01,2.304598e+01,2.310057e+01,2.315514e+01,2.329142e+01,2.356346e+01,2.359741e+01,2.365172e+01,2.362457e+01,2.362457e+01,2.354308e+01,2.330504e+01,2.299135e+01,2.296403e+01,2.294353e+01,2.296403e+01,2.301867e+01,2.290253e+01,2.306645e+01,2.302550e+01,2.297769e+01,2.307328e+01,2.304598e+01,2.316195e+01,2.309375e+01,2.322330e+01,2.323012e+01,2.320967e+01,2.320967e+01,2.321649e+01,2.321649e+01,2.331866e+01,2.322330e+01,2.331185e+01,2.340032e+01,2.344113e+01,2.346833e+01,2.361099e+01,2.354987e+01,2.356346e+01,2.354308e+01,2.357025e+01,2.376024e+01,2.367886e+01,2.387542e+01,2.383478e+01,2.387542e+01,2.405809e+01,2.419994e+01,2.435509e+01,2.448981e+01,2.467813e+01,2.488622e+01,2.496667e+01,2.530119e+01,2.541468e+01,2.556137e+01,2.584085e+01,2.584750e+01,2.591393e+01,2.594713e+01,2.609309e+01,2.605993e+01,2.604667e+01,2.601350e+01,2.615274e+01,2.613948e+01,2.615274e+01,2.611297e+01,2.611297e+01,2.617261e+01,2.621235e+01,2.624546e+01,2.632487e+01,2.639761e+01,2.617261e+01,2.641744e+01,2.635794e+01,2.639761e+01,2.633810e+01,2.635794e+01,2.641084e+01,2.632487e+01,2.635133e+01,2.644388e+01,2.644388e+01,2.645709e+01,2.627194e+01,2.627194e+01,2.630502e+01,2.615936e+01,2.604004e+01,2.590065e+01,2.570786e+01,2.522768e+01,2.430115e+01,2.400400e+01,2.397694e+01,2.416619e+01,2.419319e+01,2.425393e+01,2.459746e+01,2.490634e+01,2.518757e+01,2.513406e+01,2.525442e+01,2.524773e+01,2.511399e+01,2.513406e+01,2.490634e+01,2.463108e+01,2.460419e+01,2.427417e+01,2.401752e+01,2.361099e+01,2.339352e+01,2.370599e+01,2.366529e+01,2.392958e+01,2.416619e+01,2.445614e+01,2.471172e+01,2.502696e+01,2.523437e+01,2.524105e+01,2.542802e+01,2.558802e+01,2.541468e+01,2.568790e+01,2.572117e+01,2.562132e+01,2.584085e+01,2.584085e+01,2.591393e+01,2.582756e+01,2.581427e+01,2.580097e+01,2.594049e+01,2.584085e+01,2.588072e+01,2.567459e+01,2.564796e+01,2.562798e+01,2.558802e+01,2.550139e+01,2.545471e+01,2.542135e+01,2.520094e+01,2.521431e+01,2.520763e+01,2.499347e+01,2.477887e+01,2.480572e+01,2.475873e+01,2.473187e+01,2.469828e+01,2.473858e+01,2.474530e+01,2.471844e+01,2.448308e+01,2.445614e+01,2.438205e+01,2.436857e+01,2.413242e+01,2.418644e+01,2.401752e+01,2.417294e+01,2.420670e+01,2.426068e+01,2.432812e+01,2.428766e+01,2.416619e+01,2.429441e+01,2.429441e+01,2.424044e+01,2.414593e+01,2.417969e+01,2.416619e+01,2.427417e+01,2.415268e+01,2.415268e+01,2.415268e+01,2.393634e+01,2.395664e+01,2.401752e+01,2.399047e+01,2.394311e+01,2.392281e+01,2.393634e+01,2.386865e+01,2.380091e+01,2.387542e+01,2.384155e+01,2.367886e+01,2.373312e+01,2.369242e+01,2.365172e+01,2.373990e+01,2.373990e+01,2.369921e+01,2.369242e+01,2.344113e+01,2.369921e+01,2.365850e+01,2.367886e+01,2.364493e+01,2.357704e+01,2.361778e+01,2.357704e+01,2.353629e+01,2.346153e+01,2.343433e+01,2.333228e+01,2.350231e+01,2.336630e+01,2.337991e+01,2.354308e+01,2.336630e+01,2.341393e+01,2.337311e+01,2.315514e+01,2.325737e+01,2.340032e+01,2.322330e+01,2.316877e+01,2.328461e+01,2.327099e+01,2.329823e+01,2.310739e+01,2.319604e+01,2.313468e+01,2.311422e+01,2.296403e+01,2.304598e+01,2.304598e+01,2.297769e+01,2.305280e+01,2.293670e+01,2.306645e+01,2.300501e+01,2.301867e+01,2.299135e+01,2.291620e+01,2.292987e+01,2.301184e+01,2.275888e+01,2.283415e+01,2.280679e+01,2.280679e+01,2.282047e+01,2.286835e+01,2.284783e+01,2.274519e+01,2.288202e+01,2.282731e+01,2.270411e+01,2.263560e+01,2.264930e+01,2.268356e+01,2.258076e+01,2.272465e+01,2.272465e+01,2.260818e+01,2.277257e+01,2.275888e+01,2.271096e+01,2.266301e+01,2.260818e+01,2.258076e+01,2.257390e+01,2.258761e+01,2.277942e+01,2.260132e+01,2.277257e+01,2.258076e+01,2.269726e+01,2.251216e+01,2.247098e+01,2.271096e+01,2.264245e+01,2.247785e+01,2.256018e+01,2.269041e+01,2.251902e+01,2.260132e+01,2.264245e+01,2.257390e+01,2.257390e+01,2.225797e+01,2.255332e+01,2.264245e+01,2.271096e+01,2.263560e+01,2.252588e+01,2.252588e+01,2.252588e+01,2.256704e+01,2.254646e+01,2.256704e+01,2.238171e+01,2.239545e+01,2.249844e+01,2.249844e+01,2.256018e+01,2.246412e+01,2.246412e+01,2.273150e+01,2.246412e+01,2.253960e+01,2.251216e+01,2.243666e+01,2.246412e+01,2.245725e+01,2.248471e+01,2.242292e+01,2.243666e+01,2.241605e+01,2.241605e+01,2.245039e+01,2.244352e+01,2.238858e+01,2.241605e+01,2.240232e+01,2.242292e+01,2.231986e+01,2.248471e+01,2.243666e+01,2.254646e+01,2.247785e+01,2.246412e+01,2.247785e+01,2.241605e+01,2.240919e+01,2.233360e+01,2.260132e+01,2.251902e+01,2.238858e+01,2.238171e+01,2.245725e+01,2.240919e+01,2.245039e+01,2.246412e+01,2.251216e+01,2.242979e+01,2.244352e+01,2.236797e+01,2.245039e+01,2.247785e+01,2.249158e+01,2.253960e+01,2.260818e+01,2.256018e+01,2.262189e+01,2.262189e+01,2.252588e+01,2.266301e+01,2.260132e+01,2.267671e+01,2.264930e+01,2.262874e+01,2.264930e+01,2.260818e+01,2.255332e+01,2.264930e+01,2.259447e+01,2.259447e+01,2.253960e+01,2.242979e+01,2.236797e+01,2.235422e+01,2.254646e+01,2.255332e+01,2.245725e+01,2.249158e+01,2.253275e+01,2.247098e+01,2.253275e+01,2.266301e+01,2.253960e+01,2.254646e+01,2.250530e+01,2.254646e+01,2.253960e+01,2.252588e+01,2.260132e+01,2.255332e+01,2.272465e+01,2.273835e+01,2.258076e+01,2.262189e+01,2.266986e+01,2.264930e+01
2.625870e+01,2.625208e+01,2.644388e+01,2.656275e+01,2.662874e+01,2.660895e+01,2.667490e+01,2.649012e+01,2.691858e+01,2.666171e+01,2.685936e+01,2.689884e+01,2.691200e+01,2.687910e+01,2.680669e+01,2.691858e+01,2.689884e+01,2.690542e+01,2.668149e+01,2.668149e+01,2.654295e+01,2.620573e+01,2.593385e+01,2.564130e+01,2.530119e+01,2.495997e+01,2.493316e+01,2.482585e+01,2.484598e+01,2.504035e+01,2.503366e+01,2.500687e+01,2.495997e+01,2.494656e+01,2.506044e+01,2.502696e+01,2.506713e+01,2.495326e+01,2.510060e+01,2.502026e+01,2.487952e+01,2.501357e+01,2.498677e+01,2.475873e+01,2.498677e+01,2.495997e+01,2.501357e+01,2.495326e+01,2.487281e+01,2.492645e+01,2.485940e+01,2.477216e+01,2.498007e+01,2.484598e+01,2.500017e+01,2.495326e+01,2.487952e+01,2.493986e+01,2.493316e+01,2.493986e+01,2.497337e+01,2.493986e+01,2.496667e+01,2.498007e+01,2.483927e+01,2.483256e+01,2.481243e+01,2.460419e+01,2.458401e+01,2.451000e+01,2.451673e+01,2.448308e+01,2.450327e+01,2.440226e+01,2.446288e+01,2.441573e+01,2.470500e+01,2.471172e+01,2.475873e+01,2.485269e+01,2.486610e+01,2.485269e+01,2.479901e+01,2.477887e+01,2.482585e+01,2.484598e+01,2.482585e+01,2.479901e+01,2.472515e+01,2.478558e+01,2.469828e+01,2.444941e+01,2.467813e+01,2.466469e+01,2.457728e+01,2.474530e+01,2.470500e+01,2.464452e+01,2.462436e+01,2.460419e+01,2.456383e+01,2.463780e+01,2.459746e+01,2.465124e+01,2.457728e+01,2.444941e+01,2.444941e+01,2.440226e+01,2.447635e+01,2.442247e+01,2.452346e+01,2.446288e+01,2.465124e+01,2.455038e+01,2.465796e+01,2.455038e+01,2.465124e+01,2.461091e+01,2.456383e+01,2.478558e+01,2.483256e+01,2.467813e+01,2.473187e+01,2.492645e+01,2.505375e+01,2.508722e+01,2.532790e+01,2.560800e+01,2.556804e+01,2.598032e+01,2.609971e+01,2.627855e+01,2.648352e+01,2.644388e+01,2.655615e+01,2.664852e+01,2.676058e+01,2.700406e+01,2.685936e+01,2.703035e+01,2.692516e+01,2.701721e+01,2.688568e+01,2.694489e+01,2.689226e+01,2.682644e+01,2.667490e+01,2.645709e+01,2.642405e+01,2.635794e+01,2.611960e+01,2.607982e+01,2.577438e+01,2.572782e+01,2.542802e+01,2.544804e+01,2.504035e+01,2.494656e+01,2.466469e+01,2.467813e+01,2.444941e+01,2.444941e+01,2.421344e+01,2.409864e+01,2.406485e+01,2.407837e+01,2.394311e+01,2.376702e+01,2.377380e+01,2.372634e+01,2.367886e+01,2.361099e+01,2.364493e+01,2.350231e+01,2.344113e+01,2.349552e+01,2.367886e+01,2.367886e+01,2.350911e+01,2.359741e+01,2.365850e+01,2.362457e+01,2.355667e+01,2.367207e+01,2.379413e+01,2.361099e+01,2.363814e+01,2.363814e+01,2.373312e+01,2.365850e+01,2.361099e+01,2.367207e+01,2.367207e+01,2.359062e+01,2.363814e+01,2.357025e+01,2.357704e+01,2.369242e+01,2.355667e+01,2.359062e+01,2.368564e+01,2.367886e+01,2.367207e+01,2.367886e+01,2.356346e+01,2.369242e+01,2.373312e+01,2.373312e+01,2.386865e+01,2.356346e+01,2.356346e+01,2.376702e+01,2.361099e+01,2.374668e+01,2.363136e+01,2.367207e+01,2.379413e+01,2.375346e+01,2.373990e+01,2.365172e+01,2.365172e+01,2.376702e+01,2.358383e+01,2.365850e+01,2.355667e+01,2.371277e+01,2.367886e+01,2.354308e+01,2.377380e+01,2.371277e+01,2.373312e+01,2.367886e+01,2.365850e+01,2.371956e+01,2.363814e+01,2.371956e+01,2.370599e+01,2.378735e+01,2.367207e+01,2.362457e+01,2.340032e+01,2.313468e+01,2.277257e+01,2.275888e+01,2.289569e+01,2.274519e+01,2.269726e+01,2.275888e+01,2.295720e+01,2.295037e+01,2.310739e+01,2.313468e+01,2.350911e+01,2.356346e+01,2.357704e+01,2.365850e+01,2.359741e+01,2.359062e+01,2.346833e+01,2.330504e+01,2.296403e+01,2.296403e+01,2.296403e+01,2.295037e+01,2.291620e+01,2.299135e+01,2.298452e+01,2.306645e+01,2.302550e+01,2.312104e+01,2.303232e+01,2.310739e+01,2.312104e+01,2.305963e+01,2.309375e+01,2.327099e+01,2.319604e+01,2.316195e+01,2.320286e+01,2.320286e+01,2.317559e+01,2.312786e+01,2.331185e+01,2.311422e+01,2.333908e+01,2.340032e+01,2.352270e+01,2.350911e+01,2.351590e+01,2.344793e+01,2.342753e+01,2.376024e+01,2.373990e+01,2.379413e+01,2.384833e+01,2.394311e+01,2.411215e+01,2.419994e+01,2.431464e+01,2.467141e+01,2.488622e+01,2.498007e+01,2.526778e+01,2.544804e+01,2.564130e+01,2.560800e+01,2.589401e+01,2.585415e+01,2.588736e+01,2.605993e+01,2.607319e+01,2.604667e+01,2.617924e+01,2.619248e+01,2.623884e+01,2.615274e+01,2.617924e+01,2.617924e+01,2.624546e+01,2.621235e+01,2.627855e+01,2.631164e+01,2.627194e+01,2.633810e+01,2.642405e+01,2.627855e+01,2.635133e+01,2.641084e+01,2.635133e+01,2.635794e+01,2.638439e+01,2.641744e+01,2.636456e+01,2.633149e+01,2.645049e+01,2.623884e+01,2.623222e+01,2.621898e+01,2.619248e+01,2.596041e+01,2.570786e+01,2.572117e+01,2.512737e+01,2.415943e+01,2.395664e+01,2.405133e+01,2.415268e+01,2.422019e+01,2.434161e+01,2.457728e+01,2.479230e+01,2.512068e+01,2.519426e+01,2.524105e+01,2.525442e+01,2.518757e+01,2.508722e+01,2.511399e+01,2.477887e+01,2.457728e+01,2.431464e+01,2.401076e+01,2.360420e+01,2.343433e+01,2.350911e+01,2.363136e+01,2.391604e+01,2.425393e+01,2.459073e+01,2.485269e+01,2.502026e+01,2.522768e+01,2.530119e+01,2.536796e+01,2.542135e+01,2.544137e+01,2.567459e+01,2.580097e+01,2.582756e+01,2.584750e+01,2.588072e+01,2.590065e+01,2.583421e+01,2.594049e+01,2.589401e+01,2.588736e+01,2.588736e+01,2.588072e+01,2.579433e+01,2.571451e+01,2.556804e+01,2.548805e+01,2.560134e+01,2.543469e+01,2.518757e+01,2.529451e+01,2.520094e+01,2.521431e+01,2.496667e+01,2.466469e+01,2.467813e+01,2.464452e+01,2.481914e+01,2.473858e+01,2.465796e+01,2.470500e+01,2.471844e+01,2.468484e+01,2.443594e+01,2.440226e+01,2.422694e+01,2.421344e+01,2.405133e+01,2.400400e+01,2.407161e+01,2.414593e+01,2.419319e+01,2.428766e+01,2.428766e+01,2.430790e+01,2.430115e+01,2.411891e+01,2.430115e+01,2.419319e+01,2.416619e+01,2.415943e+01,2.389573e+01,2.420670e+01,2.392281e+01,2.391604e+01,2.392958e+01,2.379413e+01,2.379413e+01,2.378057e+01,2.377380e+01,2.380091e+01,2.383478e+01,2.373990e+01,2.372634e+01,2.369921e+01,2.368564e+01,2.369921e+01,2.346833e+01,2.371956e+01,2.369921e+01,2.356346e+01,2.357025e+01,2.348872e+01,2.344113e+01,2.335269e+01,2.327780e+01,2.336630e+01,2.359741e+01,2.331185e+01,2.331185e+01,2.338672e+01,2.325056e+01,2.327099e+01,2.320286e+01,2.320286e+01,2.303915e+01,2.317559e+01,2.323012e+01,2.309375e+01,2.309375e+01,2.302550e+01,2.314150e+01,2.304598e+01,2.303915e+01,2.308693e+01,2.300501e+01,2.321649e+01,2.298452e+01,2.305963e+01,2.288886e+01,2.292303e+01,2.289569e+01,2.287519e+01,2.285467e+01,2.290937e+01,2.295720e+01,2.292303e+01,2.295037e+01,2.294353e+01,2.295037e+01,2.277257e+01,2.273835e+01,2.266986e+01,2.271780e+01,2.266986e+01,2.273150e+01,2.274519e+01,2.277942e+01,2.274519e+01,2.277257e+01,2.265615e+01,2.269726e+01,2.267671e+01,2.274519e+01,2.277942e+01,2.268356e+01,2.281363e+01,2.265615e+01,2.266301e+01,2.258076e+01,2.264245e+01,2.262874e+01,2.253275e+01,2.256704e+01,2.247098e+01,2.262874e+01,2.256018e+01,2.250530e+01,2.266986e+01,2.256704e+01,2.256018e+01,2.258761e+01,2.265615e+01,2.258761e+01,2.260132e+01,2.255332e+01,2.253275e+01,2.256018e+01,2.256704e+01,2.253275e+01,2.253275e+01,2.248471e+01,2.249844e+01,2.248471e+01,2.255332e+01,2.251216e+01,2.269041e+01,2.260132e+01,2.253960e+01,2.253960e+01,2.252588e+01,2.251216e+01,2.263560e+01,2.266986e+01,2.246412e+01,2.251902e+01,2.245039e+01,2.260132e+01,2.254646e+01,2.258076e+01,2.253960e+01,2.245039e+01,2.239545e+01,2.239545e+01,2.253275e+01,2.248471e+01,2.247785e+01,2.246412e+01,2.244352e+01,2.252588e+01,2.253960e+01,2.249158e+01,2.255332e+01,2.253275e+01,2.249844e+01,2.252588e+01,2.241605e+01,2.242292e+01,2.236797e+01,2.238858e+01,2.242292e+01,2.243666e+01,2.241605e+01,2.240232e+01,2.240919e+01,2.246412e+01,2.240232e+01,2.234735e+01,2.247785e+01,2.251902e+01,2.254646e+01,2.236110e+01,2.246412e+01,2.243666e+01,2.247098e+01,2.238858e+01,2.243666e+01,2.243666e+01,2.236797e+01,2.236110e+01,2.244352e+01,2.259447e+01,2.242292e+01,2.244352e+01,2.238171e+01,2.249158e+01,2.254646e+01,2.253275e+01,2.254646e+01,2.245039e+01,2.240232e+01,2.225109e+01,2.256018e+01,2.252588e+01,2.251216e+01,2.253960e+01,2.260818e+01,2.275204e+01,2.269726e+01,2.264930e+01,2.264245e+01,2.268356e+01,2.258076e+01,2.264930e+01,2.249158e+01,2.262874e+01,2.245039e+01,2.260132e+01,2.253275e+01,2.247098e+01,2.232673e+01,2.211341e+01,2.231986e+01,2.236797e+01,2.252588e+01,2.256704e+01,2.248471e+01,2.250530e+01,2.249844e+01,2.245039e+01,2.253275e+01,2.245725e+01,2.255332e+01,2.243666e+01,2.246412e+01,2.258761e+01,2.258761e+01,2.253960e+01,2.245725e+01,2.272465e+01,2.245039e+01,2.260818e+01,2.260132e+01,2.269041e+01,2.260818e+01
2.625208e+01,2.629841e+01,2.657595e+01,2.636456e+01,2.658255e+01,2.674081e+01,2.661554e+01,2.661554e+01,2.676058e+01,2.674081e+01,2.666831e+01,2.678034e+01,2.678034e+01,2.693831e+01,2.683302e+01,2.670786e+01,2.680669e+01,2.693173e+01,2.670127e+01,2.666831e+01,2.655615e+01,2.641084e+01,2.609309e+01,2.532122e+01,2.548805e+01,2.487952e+01,2.474530e+01,2.483256e+01,2.481914e+01,2.489293e+01,2.495997e+01,2.488622e+01,2.490634e+01,2.499347e+01,2.500017e+01,2.490634e+01,2.487952e+01,2.500687e+01,2.494656e+01,2.499347e+01,2.502696e+01,2.496667e+01,2.497337e+01,2.504035e+01,2.500017e+01,2.485940e+01,2.489293e+01,2.506713e+01,2.498007e+01,2.490634e+01,2.491975e+01,2.485269e+01,2.474530e+01,2.495997e+01,2.489293e+01,2.484598e+01,2.495326e+01,2.489964e+01,2.495997e+01,2.477216e+01,2.500017e+01,2.489293e+01,2.483927e+01,2.475873e+01,2.481243e+01,2.485940e+01,2.474530e+01,2.461763e+01,2.458401e+01,2.452346e+01,2.450327e+01,2.452346e+01,2.455038e+01,2.441573e+01,2.451000e+01,2.446288e+01,2.465796e+01,2.473187e+01,2.485940e+01,2.479901e+01,2.479901e+01,2.481243e+01,2.484598e+01,2.486610e+01,2.482585e+01,2.479901e+01,2.479901e+01,2.475201e+01,2.481243e+01,2.472515e+01,2.473187e+01,2.439552e+01,2.440900e+01,2.473187e+01,2.459073e+01,2.459073e+01,2.465124e+01,2.463780e+01,2.459073e+01,2.463780e+01,2.475873e+01,2.464452e+01,2.463780e+01,2.446288e+01,2.453019e+01,2.446288e+01,2.444941e+01,2.450327e+01,2.462436e+01,2.446961e+01,2.437531e+01,2.444941e+01,2.441573e+01,2.457728e+01,2.453692e+01,2.466469e+01,2.464452e+01,2.466469e+01,2.467141e+01,2.467813e+01,2.469156e+01,2.494656e+01,2.491975e+01,2.500687e+01,2.504705e+01,2.530119e+01,2.559468e+01,2.572117e+01,2.578768e+01,2.588736e+01,2.611960e+01,2.633810e+01,2.644388e+01,2.660895e+01,2.676717e+01,2.685277e+01,2.704349e+01,2.706320e+01,2.720763e+01,2.713544e+01,2.721420e+01,2.718139e+01,2.723387e+01,2.701064e+01,2.688568e+01,2.689226e+01,2.692516e+01,2.685277e+01,2.683961e+01,2.670127e+01,2.660895e+01,2.635133e+01,2.612623e+01,2.595377e+01,2.591393e+01,2.570786e+01,2.557470e+01,2.530787e+01,2.512737e+01,2.516082e+01,2.497337e+01,2.470500e+01,2.467813e+01,2.449654e+01,2.435509e+01,2.421344e+01,2.409188e+01,2.415268e+01,2.415268e+01,2.392281e+01,2.397694e+01,2.380768e+01,2.378057e+01,2.371277e+01,2.380091e+01,2.352270e+01,2.351590e+01,2.351590e+01,2.352949e+01,2.359062e+01,2.351590e+01,2.362457e+01,2.350231e+01,2.363814e+01,2.357025e+01,2.361099e+01,2.366529e+01,2.358383e+01,2.365172e+01,2.366529e+01,2.367886e+01,2.356346e+01,2.364493e+01,2.354987e+01,2.355667e+01,2.361099e+01,2.359062e+01,2.349552e+01,2.354987e+01,2.354308e+01,2.346153e+01,2.371956e+01,2.347513e+01,2.360420e+01,2.365850e+01,2.373312e+01,2.352949e+01,2.352270e+01,2.351590e+01,2.370599e+01,2.363136e+01,2.351590e+01,2.371956e+01,2.354308e+01,2.346833e+01,2.368564e+01,2.371956e+01,2.349552e+01,2.367886e+01,2.357704e+01,2.359741e+01,2.350911e+01,2.365850e+01,2.357025e+01,2.355667e+01,2.363136e+01,2.355667e+01,2.369921e+01,2.367886e+01,2.370599e+01,2.363136e+01,2.371277e+01,2.363136e+01,2.365172e+01,2.361099e+01,2.362457e+01,2.357025e+01,2.362457e+01,2.363814e+01,2.341393e+01,2.323012e+01,2.292303e+01,2.274519e+01,2.290937e+01,2.271780e+01,2.286151e+01,2.271780e+01,2.277257e+01,2.275888e+01,2.311422e+01,2.322330e+01,2.313468e+01,2.331185e+01,2.349552e+01,2.363136e+01,2.368564e+01,2.366529e+01,2.341393e+01,2.333228e+01,2.319604e+01,2.297086e+01,2.299818e+01,2.295720e+01,2.295720e+01,2.301867e+01,2.295037e+01,2.307328e+01,2.306645e+01,2.305280e+01,2.304598e+01,2.316195e+01,2.319604e+01,2.309375e+01,2.310057e+01,2.312104e+01,2.306645e+01,2.299818e+01,2.318241e+01,2.318241e+01,2.295720e+01,2.308010e+01,2.312104e+01,2.325737e+01,2.317559e+01,2.324374e+01,2.340713e+01,2.334589e+01,2.327780e+01,2.337311e+01,2.330504e+01,2.348192e+01,2.337991e+01,2.367886e+01,2.361099e+01,2.359062e+01,2.385510e+01,2.391604e+01,2.405133e+01,2.444268e+01,2.472515e+01,2.485940e+01,2.493986e+01,2.517419e+01,2.534126e+01,2.538131e+01,2.564796e+01,2.583421e+01,2.589401e+01,2.599359e+01,2.614611e+01,2.611960e+01,2.611297e+01,2.605330e+01,2.617261e+01,2.622560e+01,2.615936e+01,2.607982e+01,2.617924e+01,2.621898e+01,2.615936e+01,2.623222e+01,2.630502e+01,2.626532e+01,2.622560e+01,2.638439e+01,2.632487e+01,2.637778e+01,2.639100e+01,2.640422e+01,2.637117e+01,2.634472e+01,2.629841e+01,2.634472e+01,2.641084e+01,2.641084e+01,2.641084e+01,2.622560e+01,2.620573e+01,2.611960e+01,2.615936e+01,2.592057e+01,2.570786e+01,2.498677e+01,2.431464e+01,2.393634e+01,2.397694e+01,2.409864e+01,2.422694e+01,2.436183e+01,2.463780e+01,2.482585e+01,2.514075e+01,2.516751e+01,2.520763e+01,2.521431e+01,2.523437e+01,2.514744e+01,2.506044e+01,2.479901e+01,2.458401e+01,2.432812e+01,2.403105e+01,2.354308e+01,2.340032e+01,2.346833e+01,2.359741e+01,2.392958e+01,2.423369e+01,2.443594e+01,2.467141e+01,2.489293e+01,2.505375e+01,2.514075e+01,2.538799e+01,2.543469e+01,2.566127e+01,2.564796e+01,2.574778e+01,2.574113e+01,2.566793e+01,2.582756e+01,2.596704e+01,2.586743e+01,2.590065e+01,2.598696e+01,2.592057e+01,2.585415e+01,2.591393e+01,2.565462e+01,2.572117e+01,2.568790e+01,2.550805e+01,2.556804e+01,2.545471e+01,2.535461e+01,2.536129e+01,2.526778e+01,2.498007e+01,2.489293e+01,2.475873e+01,2.477216e+01,2.467141e+01,2.475873e+01,2.463108e+01,2.473858e+01,2.464452e+01,2.466469e+01,2.445614e+01,2.463780e+01,2.465796e+01,2.426068e+01,2.407837e+01,2.382801e+01,2.404457e+01,2.407837e+01,2.399723e+01,2.405133e+01,2.415268e+01,2.425393e+01,2.418644e+01,2.421344e+01,2.414593e+01,2.407837e+01,2.411215e+01,2.413242e+01,2.393634e+01,2.386187e+01,2.390927e+01,2.390927e+01,2.384833e+01,2.389573e+01,2.386865e+01,2.386865e+01,2.377380e+01,2.376702e+01,2.378057e+01,2.350911e+01,2.352949e+01,2.342073e+01,2.352949e+01,2.350231e+01,2.342073e+01,2.312786e+01,2.337311e+01,2.325737e+01,2.331185e+01,2.338672e+01,2.325056e+01,2.327780e+01,2.317559e+01,2.337311e+01,2.315514e+01,2.312786e+01,2.316195e+01,2.318923e+01,2.303915e+01,2.320286e+01,2.305280e+01,2.312104e+01,2.316195e+01,2.297086e+01,2.291620e+01,2.294353e+01,2.301184e+01,2.300501e+01,2.302550e+01,2.295037e+01,2.271096e+01,2.293670e+01,2.297769e+01,2.301184e+01,2.303915e+01,2.286835e+01,2.300501e+01,2.290253e+01,2.283415e+01,2.286151e+01,2.271096e+01,2.286835e+01,2.291620e+01,2.283415e+01,2.292303e+01,2.269726e+01,2.289569e+01,2.279310e+01,2.282047e+01,2.263560e+01,2.262189e+01,2.263560e+01,2.266986e+01,2.257390e+01,2.273835e+01,2.279995e+01,2.272465e+01,2.261503e+01,2.256704e+01,2.261503e+01,2.264245e+01,2.265615e+01,2.261503e+01,2.247098e+01,2.262189e+01,2.251216e+01,2.258076e+01,2.256704e+01,2.254646e+01,2.259447e+01,2.256704e+01,2.254646e+01,2.249844e+01,2.258761e+01,2.264930e+01,2.253275e+01,2.245039e+01,2.257390e+01,2.259447e+01,2.245039e+01,2.253960e+01,2.259447e+01,2.254646e+01,2.256018e+01,2.245725e+01,2.245725e+01,2.248471e+01,2.245039e+01,2.245725e+01,2.261503e+01,2.264930e+01,2.251216e+01,2.253960e+01,2.249158e+01,2.253960e+01,2.243666e+01,2.244352e+01,2.252588e+01,2.250530e+01,2.247098e+01,2.231986e+01,2.250530e+01,2.265615e+01,2.251216e+01,2.240919e+01,2.255332e+01,2.258076e+01,2.259447e+01,2.242292e+01,2.260818e+01,2.246412e+01,2.255332e+01,2.247785e+01,2.248471e+01,2.246412e+01,2.249844e+01,2.250530e+01,2.249844e+01,2.246412e+01,2.251216e+01,2.251216e+01,2.252588e+01,2.249844e+01,2.249158e+01,2.245725e+01,2.242979e+01,2.234048e+01,2.243666e+01,2.242979e+01,2.243666e+01,2.242979e+01,2.244352e+01,2.241605e+01,2.219604e+01,2.233360e+01,2.240232e+01,2.242292e+01,2.243666e+01,2.233360e+01,2.243666e+01,2.242979e+01,2.238858e+01,2.241605e+01,2.242292e+01,2.261503e+01,2.245039e+01,2.234735e+01,2.236110e+01,2.242979e+01,2.235422e+01,2.241605e+01,2.246412e+01,2.244352e+01,2.245725e+01,2.249158e+01,2.236110e+01,2.245039e+01,2.244352e+01,2.245725e+01,2.249158e+01,2.234735e+01,2.257390e+01,2.248471e+01,2.242292e+01,2.245725e+01,2.253960e+01,2.258076e+01,2.242292e+01,2.261503e+01,2.267671e+01,2.261503e+01,2.255332e+01,2.249844e+01,2.251216e+01,2.255332e+01,2.252588e+01,2.237484e+01,2.247785e+01,2.233360e+01,2.230611e+01,2.239545e+01,2.231986e+01,2.233360e+01,2.236110e+01,2.236797e+01,2.270411e+01,2.237484e+01,2.250530e+01,2.247785e+01,2.250530e+01,2.239545e+01,2.246412e+01,2.258076e+01,2.251216e+01,2.245039e+01,2.247098e+01,2.252588e+01,2.251902e+01,2.263560e+01,2.273150e+01,2.256018e+01,2.259447e+01,2.249158e+01
2.605993e+01,2.626532e+01,2.625870e+01,2.642405e+01,2.641744e+01,2.672104e+01,2.662874e+01,2.660895e+01,2.660895e+01,2.676717e+01,2.675399e+01,2.669468e+01,2.684619e+01,2.678034e+01,2.691200e+01,2.676717e+01,2.685936e+01,2.665512e+01,2.664852e+01,2.656275e+01,2.651654e+01,2.610634e+01,2.594049e+01,2.548805e+01,2.524105e+01,2.489293e+01,2.484598e+01,2.480572e+01,2.483256e+01,2.485940e+01,2.482585e+01,2.496667e+01,2.498007e+01,2.488622e+01,2.487952e+01,2.495326e+01,2.485940e+01,2.493986e+01,2.486610e+01,2.485940e+01,2.496667e+01,2.508052e+01,2.491975e+01,2.495997e+01,2.488622e+01,2.490634e+01,2.484598e+01,2.484598e+01,2.465796e+01,2.485940e+01,2.482585e+01,2.497337e+01,2.483256e+01,2.514744e+01,2.479901e+01,2.486610e+01,2.483256e+01,2.495326e+01,2.483256e+01,2.481914e+01,2.488622e+01,2.469828e+01,2.487281e+01,2.474530e+01,2.475873e+01,2.477887e+01,2.465796e+01,2.463780e+01,2.452346e+01,2.449654e+01,2.447635e+01,2.444941e+01,2.441573e+01,2.453692e+01,2.448981e+01,2.440226e+01,2.463780e+01,2.465124e+01,2.472515e+01,2.481914e+01,2.479230e+01,2.478558e+01,2.479901e+01,2.482585e+01,2.475873e+01,2.479230e+01,2.486610e+01,2.477887e+01,2.465796e+01,2.465124e+01,2.465124e+01,2.463108e+01,2.463108e+01,2.457056e+01,2.463108e+01,2.463108e+01,2.461091e+01,2.463780e+01,2.461763e+01,2.454365e+01,2.463108e+01,2.462436e+01,2.465124e+01,2.451000e+01,2.448308e+01,2.451000e+01,2.455038e+01,2.448308e+01,2.451673e+01,2.448981e+01,2.457728e+01,2.443594e+01,2.447635e+01,2.449654e+01,2.453019e+01,2.451673e+01,2.471172e+01,2.465796e+01,2.469156e+01,2.469156e+01,2.485269e+01,2.493316e+01,2.483927e+01,2.504705e+01,2.528782e+01,2.528115e+01,2.549472e+01,2.557470e+01,2.586079e+01,2.608646e+01,2.634472e+01,2.651654e+01,2.663533e+01,2.680010e+01,2.697777e+01,2.697119e+01,2.708948e+01,2.720763e+01,2.741737e+01,2.721420e+01,2.742391e+01,2.741082e+01,2.725355e+01,2.716170e+01,2.712231e+01,2.716826e+01,2.713544e+01,2.694489e+01,2.689226e+01,2.692516e+01,2.664852e+01,2.664193e+01,2.663533e+01,2.637117e+01,2.617261e+01,2.621898e+01,2.588736e+01,2.575443e+01,2.555471e+01,2.552139e+01,2.524105e+01,2.522768e+01,2.497337e+01,2.481243e+01,2.474530e+01,2.456383e+01,2.440226e+01,2.420670e+01,2.416619e+01,2.408512e+01,2.398371e+01,2.390927e+01,2.390250e+01,2.386865e+01,2.383478e+01,2.375346e+01,2.350911e+01,2.367886e+01,2.357025e+01,2.354987e+01,2.363136e+01,2.359062e+01,2.361099e+01,2.357704e+01,2.357025e+01,2.350911e+01,2.354987e+01,2.364493e+01,2.365850e+01,2.352270e+01,2.358383e+01,2.357025e+01,2.354308e+01,2.355667e+01,2.357025e+01,2.362457e+01,2.349552e+01,2.348192e+01,2.340713e+01,2.350911e+01,2.352949e+01,2.348192e+01,2.354308e+01,2.354308e+01,2.361099e+01,2.354308e+01,2.365172e+01,2.350911e+01,2.357025e+01,2.359741e+01,2.360420e+01,2.371277e+01,2.352270e+01,2.357704e+01,2.357704e+01,2.373312e+01,2.354987e+01,2.347513e+01,2.348192e+01,2.354987e+01,2.346833e+01,2.350231e+01,2.358383e+01,2.367886e+01,2.348192e+01,2.359741e+01,2.354308e+01,2.353629e+01,2.344113e+01,2.354308e+01,2.361778e+01,2.366529e+01,2.360420e+01,2.355667e+01,2.357704e+01,2.360420e+01,2.352949e+01,2.348872e+01,2.361099e+01,2.348192e+01,2.309375e+01,2.288202e+01,2.270411e+01,2.260132e+01,2.270411e+01,2.288886e+01,2.274519e+01,2.279310e+01,2.277942e+01,2.310057e+01,2.310739e+01,2.314832e+01,2.327099e+01,2.350911e+01,2.348872e+01,2.352949e+01,2.354987e+01,2.347513e+01,2.335950e+01,2.301867e+01,2.295037e+01,2.293670e+01,2.299135e+01,2.300501e+01,2.297769e+01,2.302550e+01,2.308010e+01,2.305963e+01,2.324374e+01,2.310057e+01,2.316195e+01,2.295037e+01,2.298452e+01,2.315514e+01,2.303232e+01,2.304598e+01,2.313468e+01,2.316877e+01,2.316195e+01,2.303915e+01,2.310057e+01,2.322330e+01,2.308693e+01,2.309375e+01,2.301184e+01,2.305963e+01,2.299135e+01,2.325737e+01,2.324374e+01,2.340032e+01,2.348872e+01,2.353629e+01,2.359741e+01,2.354987e+01,2.365850e+01,2.367886e+01,2.380768e+01,2.403781e+01,2.422019e+01,2.449654e+01,2.463780e+01,2.485940e+01,2.518088e+01,2.520094e+01,2.552139e+01,2.557470e+01,2.580097e+01,2.596041e+01,2.592721e+01,2.600023e+01,2.605330e+01,2.611960e+01,2.600023e+01,2.605330e+01,2.607319e+01,2.623222e+01,2.616599e+01,2.615274e+01,2.619248e+01,2.624546e+01,2.628517e+01,2.629179e+01,2.635133e+01,2.633149e+01,2.623884e+01,2.635794e+01,2.639761e+01,2.637778e+01,2.637117e+01,2.635794e+01,2.629841e+01,2.633149e+01,2.641084e+01,2.631164e+01,2.631164e+01,2.621235e+01,2.619248e+01,2.628517e+01,2.614611e+01,2.598032e+01,2.592721e+01,2.564796e+01,2.501357e+01,2.416619e+01,2.397694e+01,2.405133e+01,2.400400e+01,2.424719e+01,2.448981e+01,2.470500e+01,2.488622e+01,2.518757e+01,2.516751e+01,2.529451e+01,2.528115e+01,2.517419e+01,2.518757e+01,2.518757e+01,2.475873e+01,2.471844e+01,2.432812e+01,2.407161e+01,2.355667e+01,2.362457e+01,2.340713e+01,2.356346e+01,2.384155e+01,2.397018e+01,2.447635e+01,2.470500e+01,2.488622e+01,2.513406e+01,2.530787e+01,2.531454e+01,2.552805e+01,2.540133e+01,2.558802e+01,2.578103e+01,2.573447e+01,2.578103e+01,2.567459e+01,2.580762e+01,2.585415e+01,2.593385e+01,2.572782e+01,2.585415e+01,2.594049e+01,2.578768e+01,2.559468e+01,2.577438e+01,2.568124e+01,2.562132e+01,2.556137e+01,2.558802e+01,2.524773e+01,2.532122e+01,2.499347e+01,2.502696e+01,2.484598e+01,2.498677e+01,2.473187e+01,2.471172e+01,2.465796e+01,2.471172e+01,2.468484e+01,2.464452e+01,2.457056e+01,2.455710e+01,2.455038e+01,2.444941e+01,2.430790e+01,2.407161e+01,2.407161e+01,2.394311e+01,2.397694e+01,2.400400e+01,2.402428e+01,2.424044e+01,2.399047e+01,2.413242e+01,2.394988e+01,2.402428e+01,2.403105e+01,2.400400e+01,2.384833e+01,2.384155e+01,2.379413e+01,2.376702e+01,2.361778e+01,2.354987e+01,2.356346e+01,2.344793e+01,2.361099e+01,2.350911e+01,2.382801e+01,2.379413e+01,2.348192e+01,2.336630e+01,2.337311e+01,2.318923e+01,2.305280e+01,2.316195e+01,2.311422e+01,2.315514e+01,2.312786e+01,2.326418e+01,2.300501e+01,2.305963e+01,2.302550e+01,2.295037e+01,2.316195e+01,2.299135e+01,2.318241e+01,2.301867e+01,2.302550e+01,2.302550e+01,2.290937e+01,2.290253e+01,2.307328e+01,2.293670e+01,2.282047e+01,2.287519e+01,2.291620e+01,2.283415e+01,2.286151e+01,2.287519e+01,2.296403e+01,2.279995e+01,2.279310e+01,2.276573e+01,2.278626e+01,2.271780e+01,2.271780e+01,2.296403e+01,2.279995e+01,2.279995e+01,2.282731e+01,2.288202e+01,2.267671e+01,2.270411e+01,2.269041e+01,2.268356e+01,2.277257e+01,2.266301e+01,2.260818e+01,2.258076e+01,2.259447e+01,2.258761e+01,2.264930e+01,2.260132e+01,2.256704e+01,2.256018e+01,2.253960e+01,2.258076e+01,2.264245e+01,2.258076e+01,2.256704e+01,2.253275e+01,2.258761e+01,2.249844e+01,2.251902e+01,2.247098e+01,2.264245e+01,2.249844e+01,2.261503e+01,2.245725e+01,2.250530e+01,2.252588e+01,2.260818e+01,2.244352e+01,2.249844e+01,2.260818e+01,2.244352e+01,2.242979e+01,2.258076e+01,2.251216e+01,2.252588e+01,2.257390e+01,2.269041e+01,2.250530e+01,2.255332e+01,2.244352e+01,2.245725e+01,2.242979e+01,2.258076e+01,2.260132e+01,2.261503e+01,2.245039e+01,2.256704e+01,2.245725e+01,2.263560e+01,2.262874e+01,2.262189e+01,2.254646e+01,2.258076e+01,2.256704e+01,2.249844e+01,2.242979e+01,2.250530e+01,2.242979e+01,2.251902e+01,2.238858e+01,2.238171e+01,2.245725e+01,2.260132e+01,2.240232e+01,2.243666e+01,2.241605e+01,2.245039e+01,2.249844e+01,2.243666e+01,2.237484e+01,2.237484e+01,2.243666e+01,2.245039e+01,2.242292e+01,2.252588e+01,2.249158e+01,2.238171e+01,2.243666e+01,2.249158e+01,2.240232e+01,2.239545e+01,2.245039e+01,2.233360e+01,2.236797e+01,2.241605e+01,2.242979e+01,2.242292e+01,2.238858e+01,2.238858e+01,2.224421e+01,2.231986e+01,2.228548e+01,2.236797e+01,2.228548e+01,2.231298e+01,2.240232e+01,2.259447e+01,2.237484e+01,2.227860e+01,2.237484e+01,2.240232e+01,2.236110e+01,2.245725e+01,2.242979e+01,2.234735e+01,2.235422e+01,2.223045e+01,2.231298e+01,2.241605e+01,2.240232e+01,2.241605e+01,2.244352e+01,2.245725e+01,2.229923e+01,2.226485e+01,2.250530e+01,2.250530e+01,2.253275e+01,2.252588e+01,2.240919e+01,2.252588e+01,2.252588e+01,2.239545e+01,2.239545e+01,2.253960e+01,2.253960e+01,2.254646e+01,2.250530e+01,2.242979e+01,2.251902e+01,2.238858e+01,2.236797e+01,2.239545e+01,2.236110e+01,2.240232e+01,2.238171e+01,2.230611e+01,2.234048e+01,2.246412e+01,2.238858e+01,2.250530e+01,2.238858e+01,2.238171e+01,2.244352e+01,2.253275e+01,2.248471e+01,2.245725e+01,2.250530e+01,2.241605e+01,2.254646e+01,2.243666e+01,2.253960e+01,2.264930e+01,2.253275e+01,2.258076e+01,2.271780e+01,2.254646e+01,2.260132e+01
2.611297e+01,2.608646e+01,2.633810e+01,2.629841e+01,2.629841e+01,2.662214e+01,2.650333e+01,2.654955e+01,2.662874e+01,2.656935e+01,2.670127e+01,2.664193e+01,2.695147e+01,2.672763e+01,2.689884e+01,2.669468e+01,2.666831e+01,2.663533e+01,2.661554e+01,2.654295e+01,2.637117e+01,2.616599e+01,2.586743e+01,2.540801e+01,2.520094e+01,2.501357e+01,2.485940e+01,2.481914e+01,2.483256e+01,2.481914e+01,2.484598e+01,2.488622e+01,2.482585e+01,2.476544e+01,2.487952e+01,2.489293e+01,2.485269e+01,2.489293e+01,2.485940e+01,2.489964e+01,2.493986e+01,2.486610e+01,2.483256e+01,2.485269e+01,2.490634e+01,2.481243e+01,2.478558e+01,2.473187e+01,2.477216e+01,2.481243e+01,2.473858e+01,2.481243e+01,2.478558e+01,2.481243e+01,2.477216e+01,2.477887e+01,2.477887e+01,2.488622e+01,2.479901e+01,2.483927e+01,2.487281e+01,2.475201e+01,2.471172e+01,2.471172e+01,2.463780e+01,2.473187e+01,2.462436e+01,2.451673e+01,2.449654e+01,2.447635e+01,2.445614e+01,2.447635e+01,2.453019e+01,2.448308e+01,2.463108e+01,2.451000e+01,2.469156e+01,2.476544e+01,2.487952e+01,2.484598e+01,2.478558e+01,2.472515e+01,2.479901e+01,2.487281e+01,2.485940e+01,2.475873e+01,2.471844e+01,2.448308e+01,2.463780e+01,2.465124e+01,2.462436e+01,2.467141e+01,2.441573e+01,2.458401e+01,2.459073e+01,2.456383e+01,2.462436e+01,2.464452e+01,2.456383e+01,2.469156e+01,2.464452e+01,2.465796e+01,2.462436e+01,2.443594e+01,2.464452e+01,2.460419e+01,2.461091e+01,2.459746e+01,2.444941e+01,2.459073e+01,2.443594e+01,2.451000e+01,2.460419e+01,2.455038e+01,2.442247e+01,2.459746e+01,2.469156e+01,2.476544e+01,2.467813e+01,2.487281e+01,2.483927e+01,2.483927e+01,2.492645e+01,2.501357e+01,2.528115e+01,2.530787e+01,2.542135e+01,2.582092e+01,2.583421e+01,2.619248e+01,2.649012e+01,2.665512e+01,2.666831e+01,2.689226e+01,2.701721e+01,2.723387e+01,2.706320e+01,2.752208e+01,2.718795e+01,2.745665e+01,2.746974e+01,2.743046e+01,2.739772e+01,2.738462e+01,2.739117e+01,2.724043e+01,2.710261e+01,2.714857e+01,2.710261e+01,2.708291e+01,2.701721e+01,2.694489e+01,2.681986e+01,2.664193e+01,2.647691e+01,2.655615e+01,2.622560e+01,2.621898e+01,2.584750e+01,2.582092e+01,2.557470e+01,2.553472e+01,2.554138e+01,2.524105e+01,2.520763e+01,2.498677e+01,2.481914e+01,2.440900e+01,2.442921e+01,2.440900e+01,2.418644e+01,2.399047e+01,2.386865e+01,2.399723e+01,2.385510e+01,2.381446e+01,2.367886e+01,2.369921e+01,2.356346e+01,2.353629e+01,2.352270e+01,2.352949e+01,2.342753e+01,2.358383e+01,2.354987e+01,2.350231e+01,2.357704e+01,2.357704e+01,2.354308e+01,2.354987e+01,2.355667e+01,2.352270e+01,2.359062e+01,2.351590e+01,2.354987e+01,2.346833e+01,2.348872e+01,2.349552e+01,2.347513e+01,2.342753e+01,2.350231e+01,2.346153e+01,2.352949e+01,2.354987e+01,2.357025e+01,2.333908e+01,2.352949e+01,2.349552e+01,2.340032e+01,2.342073e+01,2.354987e+01,2.358383e+01,2.352949e+01,2.360420e+01,2.350911e+01,2.360420e+01,2.349552e+01,2.346153e+01,2.354308e+01,2.348872e+01,2.342073e+01,2.352270e+01,2.350911e+01,2.348192e+01,2.350231e+01,2.355667e+01,2.352270e+01,2.343433e+01,2.350911e+01,2.355667e+01,2.353629e+01,2.357025e+01,2.357025e+01,2.350911e+01,2.352270e+01,2.342753e+01,2.346833e+01,2.325056e+01,2.344793e+01,2.335269e+01,2.308010e+01,2.273150e+01,2.256704e+01,2.276573e+01,2.270411e+01,2.277942e+01,2.285467e+01,2.275888e+01,2.277942e+01,2.308693e+01,2.285467e+01,2.323012e+01,2.329142e+01,2.351590e+01,2.337311e+01,2.348872e+01,2.331185e+01,2.336630e+01,2.320967e+01,2.301184e+01,2.273150e+01,2.294353e+01,2.293670e+01,2.295720e+01,2.300501e+01,2.294353e+01,2.303915e+01,2.308010e+01,2.323693e+01,2.306645e+01,2.314832e+01,2.309375e+01,2.312786e+01,2.307328e+01,2.299818e+01,2.298452e+01,2.297086e+01,2.298452e+01,2.298452e+01,2.306645e+01,2.306645e+01,2.307328e+01,2.303915e+01,2.306645e+01,2.301867e+01,2.302550e+01,2.307328e+01,2.310057e+01,2.314832e+01,2.329142e+01,2.327780e+01,2.331866e+01,2.331866e+01,2.350231e+01,2.348192e+01,2.361778e+01,2.353629e+01,2.385510e+01,2.410540e+01,2.440226e+01,2.461091e+01,2.494656e+01,2.515413e+01,2.534793e+01,2.535461e+01,2.582092e+01,2.585415e+01,2.589401e+01,2.586079e+01,2.596704e+01,2.613948e+01,2.606656e+01,2.615936e+01,2.607982e+01,2.615936e+01,2.616599e+01,2.609971e+01,2.608646e+01,2.613286e+01,2.619911e+01,2.620573e+01,2.623884e+01,2.629841e+01,2.626532e+01,2.623222e+01,2.630502e+01,2.635133e+01,2.639100e+01,2.634472e+01,2.639100e+01,2.631826e+01,2.639100e+01,2.636456e+01,2.636456e+01,2.635133e+01,2.624546e+01,2.621235e+01,2.617924e+01,2.604667e+01,2.607319e+01,2.577438e+01,2.558802e+01,2.494656e+01,2.412566e+01,2.394988e+01,2.403781e+01,2.413917e+01,2.429441e+01,2.424044e+01,2.476544e+01,2.480572e+01,2.498677e+01,2.519426e+01,2.526110e+01,2.529451e+01,2.531454e+01,2.508052e+01,2.496667e+01,2.478558e+01,2.477887e+01,2.434835e+01,2.406485e+01,2.370599e+01,2.352949e+01,2.361778e+01,2.367886e+01,2.370599e+01,2.417294e+01,2.442921e+01,2.471172e+01,2.490634e+01,2.509391e+01,2.528782e+01,2.530119e+01,2.544804e+01,2.559468e+01,2.556804e+01,2.560134e+01,2.578768e+01,2.565462e+01,2.576108e+01,2.588736e+01,2.582092e+01,2.592721e+01,2.598696e+01,2.574778e+01,2.592057e+01,2.582092e+01,2.572117e+01,2.589401e+01,2.560134e+01,2.552139e+01,2.566127e+01,2.536129e+01,2.529451e+01,2.540133e+01,2.528115e+01,2.522768e+01,2.502026e+01,2.473858e+01,2.476544e+01,2.471844e+01,2.471172e+01,2.464452e+01,2.463780e+01,2.461091e+01,2.467141e+01,2.462436e+01,2.448981e+01,2.446961e+01,2.427417e+01,2.408512e+01,2.403105e+01,2.403781e+01,2.399723e+01,2.398371e+01,2.378057e+01,2.399047e+01,2.396341e+01,2.391604e+01,2.397018e+01,2.391604e+01,2.384833e+01,2.373990e+01,2.365172e+01,2.351590e+01,2.340032e+01,2.344113e+01,2.341393e+01,2.347513e+01,2.322330e+01,2.320286e+01,2.337311e+01,2.348872e+01,2.350911e+01,2.349552e+01,2.340032e+01,2.317559e+01,2.305963e+01,2.299135e+01,2.297769e+01,2.301867e+01,2.297769e+01,2.299818e+01,2.297769e+01,2.299135e+01,2.297086e+01,2.298452e+01,2.295037e+01,2.289569e+01,2.292987e+01,2.299135e+01,2.288886e+01,2.294353e+01,2.285467e+01,2.303232e+01,2.301867e+01,2.290937e+01,2.277942e+01,2.288202e+01,2.285467e+01,2.283415e+01,2.289569e+01,2.277257e+01,2.280679e+01,2.266986e+01,2.288886e+01,2.275204e+01,2.275888e+01,2.271780e+01,2.271096e+01,2.279995e+01,2.271780e+01,2.278626e+01,2.268356e+01,2.269726e+01,2.264930e+01,2.247785e+01,2.275888e+01,2.279995e+01,2.266986e+01,2.264245e+01,2.264245e+01,2.278626e+01,2.260818e+01,2.287519e+01,2.251902e+01,2.258076e+01,2.260818e+01,2.263560e+01,2.262189e+01,2.262874e+01,2.258761e+01,2.256704e+01,2.251902e+01,2.253275e+01,2.248471e+01,2.253960e+01,2.252588e+01,2.247785e+01,2.247098e+01,2.243666e+01,2.236797e+01,2.240232e+01,2.240919e+01,2.249158e+01,2.246412e+01,2.253960e+01,2.246412e+01,2.252588e+01,2.247098e+01,2.243666e+01,2.243666e+01,2.262874e+01,2.247098e+01,2.242292e+01,2.242292e+01,2.248471e+01,2.251216e+01,2.244352e+01,2.247785e+01,2.243666e+01,2.253275e+01,2.255332e+01,2.242292e+01,2.257390e+01,2.256704e+01,2.237484e+01,2.254646e+01,2.253275e+01,2.243666e+01,2.252588e+01,2.244352e+01,2.242979e+01,2.251902e+01,2.249844e+01,2.249844e+01,2.245039e+01,2.244352e+01,2.239545e+01,2.240919e+01,2.241605e+01,2.257390e+01,2.247785e+01,2.238858e+01,2.244352e+01,2.247785e+01,2.242979e+01,2.253960e+01,2.242292e+01,2.243666e+01,2.247098e+01,2.241605e+01,2.237484e+01,2.253275e+01,2.251902e+01,2.251216e+01,2.249844e+01,2.251902e+01,2.245039e+01,2.234735e+01,2.247098e+01,2.240919e+01,2.244352e+01,2.236797e+01,2.237484e+01,2.236110e+01,2.238171e+01,2.235422e+01,2.240919e+01,2.218916e+01,2.222357e+01,2.240232e+01,2.231986e+01,2.241605e+01,2.234048e+01,2.230611e+01,2.231986e+01,2.242979e+01,2.239545e+01,2.238858e+01,2.237484e+01,2.238171e+01,2.235422e+01,2.234048e+01,2.242979e+01,2.235422e+01,2.223733e+01,2.227172e+01,2.238171e+01,2.232673e+01,2.231986e+01,2.234048e+01,2.238858e+01,2.236110e+01,2.238171e+01,2.234735e+01,2.236797e+01,2.229923e+01,2.220981e+01,2.237484e+01,2.240919e+01,2.251902e+01,2.233360e+01,2.236110e+01,2.244352e+01,2.236110e+01,2.235422e+01,2.247785e+01,2.240232e+01,2.233360e+01,2.245039e+01,2.239545e+01,2.244352e+01,2.239545e+01,2.232673e+01,2.231298e+01,2.236110e+01,2.242292e+01,2.240919e+01,2.247098e+01,2.247098e+01,2.249158e+01,2.241605e+01,2.246412e+01,2.257390e+01,2.240919e+01,2.242292e+01,2.251216e+01,2.245725e+01,2.262189e+01,2.258761e+01,2.248471e+01,2.253275e+01,2.253960e+01,2.267671e+01,2.270411e+01,2.257390e+01,2.272465e+01,2.265615e+01
2.582756e+01,2.602013e+01,2.615936e+01,2.635794e+01,2.633810e+01,2.663533e+01,2.659575e+01,2.658915e+01,2.663533e+01,2.652975e+01,2.673422e+01,2.680010e+01,2.672104e+01,2.670127e+01,2.672104e+01,2.649673e+01,2.642405e+01,2.645049e+01,2.664193e+01,2.631164e+01,2.617261e+01,2.607319e+01,2.584750e+01,2.546805e+01,2.511399e+01,2.506044e+01,2.485940e+01,2.484598e+01,2.484598e+01,2.480572e+01,2.485940e+01,2.485269e+01,2.484598e+01,2.484598e+01,2.488622e+01,2.483256e+01,2.492645e+01,2.487281e+01,2.487281e+01,2.481914e+01,2.489964e+01,2.487952e+01,2.477887e+01,2.491305e+01,2.477216e+01,2.476544e+01,2.489964e+01,2.470500e+01,2.479901e+01,2.487281e+01,2.469828e+01,2.469828e+01,2.487952e+01,2.478558e+01,2.475201e+01,2.459746e+01,2.476544e+01,2.477887e+01,2.475201e+01,2.474530e+01,2.475201e+01,2.475873e+01,2.480572e+01,2.479901e+01,2.471844e+01,2.460419e+01,2.465124e+01,2.468484e+01,2.460419e+01,2.447635e+01,2.457728e+01,2.419994e+01,2.446288e+01,2.442921e+01,2.447635e+01,2.462436e+01,2.473187e+01,2.461763e+01,2.467813e+01,2.465124e+01,2.481243e+01,2.479230e+01,2.480572e+01,2.483927e+01,2.485269e+01,2.485940e+01,2.485940e+01,2.473858e+01,2.467141e+01,2.462436e+01,2.463108e+01,2.460419e+01,2.459746e+01,2.453019e+01,2.457728e+01,2.457056e+01,2.453019e+01,2.453692e+01,2.465796e+01,2.463108e+01,2.444268e+01,2.468484e+01,2.456383e+01,2.463780e+01,2.461091e+01,2.459746e+01,2.457056e+01,2.461091e+01,2.461763e+01,2.444268e+01,2.463780e+01,2.464452e+01,2.457728e+01,2.446288e+01,2.437531e+01,2.468484e+01,2.483927e+01,2.469828e+01,2.486610e+01,2.493986e+01,2.491305e+01,2.496667e+01,2.504705e+01,2.516751e+01,2.529451e+01,2.558802e+01,2.576108e+01,2.583421e+01,2.613948e+01,2.637117e+01,2.681327e+01,2.675399e+01,2.686594e+01,2.695804e+01,2.719451e+01,2.726666e+01,2.739772e+01,2.752862e+01,2.743701e+01,2.750245e+01,2.753516e+01,2.733221e+01,2.745665e+01,2.738462e+01,2.741082e+01,2.736497e+01,2.727322e+01,2.730600e+01,2.721420e+01,2.716170e+01,2.691858e+01,2.701064e+01,2.697119e+01,2.681986e+01,2.663533e+01,2.663533e+01,2.656935e+01,2.636456e+01,2.628517e+01,2.605330e+01,2.605330e+01,2.578103e+01,2.566127e+01,2.552805e+01,2.544804e+01,2.528782e+01,2.515413e+01,2.516082e+01,2.495997e+01,2.467141e+01,2.463108e+01,2.455710e+01,2.448308e+01,2.421344e+01,2.422019e+01,2.385510e+01,2.381446e+01,2.380091e+01,2.390927e+01,2.357025e+01,2.354987e+01,2.360420e+01,2.354987e+01,2.350911e+01,2.345473e+01,2.355667e+01,2.356346e+01,2.361099e+01,2.352949e+01,2.348192e+01,2.357704e+01,2.356346e+01,2.351590e+01,2.348872e+01,2.348192e+01,2.346833e+01,2.340713e+01,2.329142e+01,2.337311e+01,2.329142e+01,2.346833e+01,2.346153e+01,2.343433e+01,2.346833e+01,2.351590e+01,2.345473e+01,2.350231e+01,2.355667e+01,2.348872e+01,2.344113e+01,2.353629e+01,2.350911e+01,2.354987e+01,2.346833e+01,2.340713e+01,2.348192e+01,2.325056e+01,2.346153e+01,2.350231e+01,2.346833e+01,2.343433e+01,2.346833e+01,2.349552e+01,2.333228e+01,2.337311e+01,2.342753e+01,2.352270e+01,2.323012e+01,2.344113e+01,2.345473e+01,2.344793e+01,2.343433e+01,2.327780e+01,2.328461e+01,2.323012e+01,2.316877e+01,2.310057e+01,2.310739e+01,2.308693e+01,2.308693e+01,2.292303e+01,2.263560e+01,2.273150e+01,2.256704e+01,2.283415e+01,2.278626e+01,2.256704e+01,2.272465e+01,2.272465e+01,2.306645e+01,2.304598e+01,2.307328e+01,2.333228e+01,2.329142e+01,2.354987e+01,2.327099e+01,2.329823e+01,2.325737e+01,2.303915e+01,2.299135e+01,2.295037e+01,2.295720e+01,2.308010e+01,2.295720e+01,2.294353e+01,2.296403e+01,2.308010e+01,2.308693e+01,2.303232e+01,2.325737e+01,2.318241e+01,2.312786e+01,2.303232e+01,2.303915e+01,2.303232e+01,2.315514e+01,2.297086e+01,2.303915e+01,2.299818e+01,2.301867e+01,2.305963e+01,2.313468e+01,2.309375e+01,2.307328e+01,2.308693e+01,2.303232e+01,2.316195e+01,2.310057e+01,2.324374e+01,2.310739e+01,2.315514e+01,2.327780e+01,2.344793e+01,2.336630e+01,2.351590e+01,2.337991e+01,2.366529e+01,2.390250e+01,2.414593e+01,2.441573e+01,2.477216e+01,2.471844e+01,2.512737e+01,2.534126e+01,2.551472e+01,2.572782e+01,2.582092e+01,2.592721e+01,2.595377e+01,2.601350e+01,2.605330e+01,2.605330e+01,2.607319e+01,2.616599e+01,2.617261e+01,2.612623e+01,2.620573e+01,2.623884e+01,2.621235e+01,2.624546e+01,2.623222e+01,2.631826e+01,2.636456e+01,2.637117e+01,2.622560e+01,2.631164e+01,2.633149e+01,2.633149e+01,2.636456e+01,2.635133e+01,2.634472e+01,2.631826e+01,2.634472e+01,2.633149e+01,2.617261e+01,2.626532e+01,2.617261e+01,2.622560e+01,2.606656e+01,2.604667e+01,2.577438e+01,2.560134e+01,2.497337e+01,2.411891e+01,2.397018e+01,2.396341e+01,2.423369e+01,2.426743e+01,2.447635e+01,2.477887e+01,2.481914e+01,2.512737e+01,2.510730e+01,2.524773e+01,2.521431e+01,2.515413e+01,2.522100e+01,2.514744e+01,2.481243e+01,2.469156e+01,2.463780e+01,2.409188e+01,2.370599e+01,2.361778e+01,2.359741e+01,2.354987e+01,2.386865e+01,2.410540e+01,2.445614e+01,2.464452e+01,2.488622e+01,2.509391e+01,2.523437e+01,2.530787e+01,2.532790e+01,2.559468e+01,2.574778e+01,2.574113e+01,2.580097e+01,2.577438e+01,2.574778e+01,2.580097e+01,2.598032e+01,2.587408e+01,2.585415e+01,2.581427e+01,2.594049e+01,2.576108e+01,2.578103e+01,2.574113e+01,2.562132e+01,2.550139e+01,2.554804e+01,2.554804e+01,2.540133e+01,2.526778e+01,2.522768e+01,2.505375e+01,2.504035e+01,2.475201e+01,2.473187e+01,2.472515e+01,2.471844e+01,2.463780e+01,2.464452e+01,2.467813e+01,2.463780e+01,2.463780e+01,2.447635e+01,2.455710e+01,2.432138e+01,2.415268e+01,2.402428e+01,2.396341e+01,2.400400e+01,2.399723e+01,2.398371e+01,2.382801e+01,2.397018e+01,2.386187e+01,2.379413e+01,2.379413e+01,2.355667e+01,2.345473e+01,2.352270e+01,2.348192e+01,2.340032e+01,2.328461e+01,2.321649e+01,2.313468e+01,2.318923e+01,2.314832e+01,2.322330e+01,2.335269e+01,2.348192e+01,2.351590e+01,2.335269e+01,2.310057e+01,2.286835e+01,2.292987e+01,2.281363e+01,2.279995e+01,2.286835e+01,2.299135e+01,2.282047e+01,2.286835e+01,2.287519e+01,2.290253e+01,2.285467e+01,2.292303e+01,2.287519e+01,2.292303e+01,2.295720e+01,2.298452e+01,2.285467e+01,2.299818e+01,2.293670e+01,2.288886e+01,2.283415e+01,2.284099e+01,2.299818e+01,2.282047e+01,2.286151e+01,2.286151e+01,2.279995e+01,2.293670e+01,2.286835e+01,2.269726e+01,2.273150e+01,2.276573e+01,2.274519e+01,2.270411e+01,2.270411e+01,2.269726e+01,2.273835e+01,2.275204e+01,2.264245e+01,2.264930e+01,2.266301e+01,2.279310e+01,2.276573e+01,2.271780e+01,2.272465e+01,2.259447e+01,2.274519e+01,2.258761e+01,2.267671e+01,2.258761e+01,2.264930e+01,2.256704e+01,2.253960e+01,2.256018e+01,2.259447e+01,2.252588e+01,2.266986e+01,2.247098e+01,2.262189e+01,2.250530e+01,2.249844e+01,2.254646e+01,2.240919e+01,2.249158e+01,2.247098e+01,2.242979e+01,2.254646e+01,2.245039e+01,2.243666e+01,2.260132e+01,2.250530e+01,2.254646e+01,2.248471e+01,2.240232e+01,2.251902e+01,2.252588e+01,2.247098e+01,2.243666e+01,2.239545e+01,2.259447e+01,2.243666e+01,2.245725e+01,2.255332e+01,2.254646e+01,2.243666e+01,2.253275e+01,2.255332e+01,2.255332e+01,2.250530e+01,2.251902e+01,2.257390e+01,2.252588e+01,2.241605e+01,2.242979e+01,2.245039e+01,2.245039e+01,2.252588e+01,2.256018e+01,2.251902e+01,2.242979e+01,2.240232e+01,2.245039e+01,2.243666e+01,2.241605e+01,2.240232e+01,2.253960e+01,2.242292e+01,2.224421e+01,2.244352e+01,2.241605e+01,2.245725e+01,2.236797e+01,2.238171e+01,2.233360e+01,2.234735e+01,2.249844e+01,2.236797e+01,2.251216e+01,2.250530e+01,2.251902e+01,2.233360e+01,2.249158e+01,2.232673e+01,2.246412e+01,2.240919e+01,2.241605e+01,2.234048e+01,2.240919e+01,2.236797e+01,2.227172e+01,2.242292e+01,2.229923e+01,2.231986e+01,2.243666e+01,2.232673e+01,2.232673e+01,2.234048e+01,2.235422e+01,2.231298e+01,2.231986e+01,2.237484e+01,2.239545e+01,2.238171e+01,2.218228e+01,2.220292e+01,2.236110e+01,2.233360e+01,2.238858e+01,2.236797e+01,2.240232e+01,2.237484e+01,2.242292e+01,2.258761e+01,2.240232e+01,2.231986e+01,2.240232e+01,2.236110e+01,2.245725e+01,2.234048e+01,2.244352e+01,2.231986e+01,2.236797e+01,2.235422e+01,2.225109e+01,2.244352e+01,2.244352e+01,2.242292e+01,2.240919e+01,2.238858e+01,2.242979e+01,2.231986e+01,2.240919e+01,2.229923e+01,2.231986e+01,2.240232e+01,2.231298e+01,2.238858e+01,2.225797e+01,2.218228e+01,2.233360e+01,2.234048e+01,2.234048e+01,2.245039e+01,2.243666e+01,2.242292e+01,2.254646e+01,2.240232e+01,2.242979e+01,2.236797e+01,2.257390e+01,2.262189e+01,2.249844e+01,2.258076e+01,2.245725e+01,2.253275e+01,2.258761e+01,2.258076e+01,2.257390e+01,2.258076e+01,2.260818e+01,2.264245e+01,2.247098e+01
2.584750e+01,2.598032e+01,2.606656e+01,2.607982e+01,2.631164e+01,2.631164e+01,2.630502e+01,2.634472e+01,2.658915e+01,2.659575e+01,2.650333e+01,2.659575e+01,2.655615e+01,2.641744e+01,2.652975e+01,2.650333e+01,2.650333e+01,2.639761e+01,2.625870e+01,2.624546e+01,2.614611e+01,2.595377e+01,2.583421e+01,2.525442e+01,2.521431e+01,2.500017e+01,2.475201e+01,2.475201e+01,2.481914e+01,2.479901e+01,2.485940e+01,2.477887e+01,2.481243e+01,2.486610e+01,2.486610e+01,2.485269e+01,2.485269e+01,2.485269e+01,2.486610e+01,2.483927e+01,2.485940e+01,2.480572e+01,2.480572e+01,2.476544e+01,2.474530e+01,2.474530e+01,2.469156e+01,2.465796e+01,2.473858e+01,2.469156e+01,2.483927e+01,2.469828e+01,2.483927e+01,2.461763e+01,2.468484e+01,2.480572e+01,2.481243e+01,2.482585e+01,2.474530e+01,2.481914e+01,2.473858e+01,2.474530e+01,2.475873e+01,2.469828e+01,2.465124e+01,2.465124e+01,2.452346e+01,2.461091e+01,2.448308e+01,2.446961e+01,2.442247e+01,2.447635e+01,2.444268e+01,2.445614e+01,2.455038e+01,2.459073e+01,2.471172e+01,2.458401e+01,2.471172e+01,2.479230e+01,2.474530e+01,2.479230e+01,2.477887e+01,2.473858e+01,2.483927e+01,2.473858e+01,2.479901e+01,2.467141e+01,2.463780e+01,2.463780e+01,2.457056e+01,2.458401e+01,2.454365e+01,2.459746e+01,2.463780e+01,2.455038e+01,2.466469e+01,2.461763e+01,2.463108e+01,2.466469e+01,2.469156e+01,2.458401e+01,2.455710e+01,2.464452e+01,2.458401e+01,2.455038e+01,2.455038e+01,2.459073e+01,2.453019e+01,2.455710e+01,2.461091e+01,2.453019e+01,2.461763e+01,2.463108e+01,2.468484e+01,2.460419e+01,2.471844e+01,2.489964e+01,2.486610e+01,2.493986e+01,2.491305e+01,2.509391e+01,2.505375e+01,2.528115e+01,2.558802e+01,2.559468e+01,2.590729e+01,2.611960e+01,2.611297e+01,2.643066e+01,2.680669e+01,2.678693e+01,2.697777e+01,2.722075e+01,2.727322e+01,2.729289e+01,2.741737e+01,2.736497e+01,2.752862e+01,2.752208e+01,2.750900e+01,2.741737e+01,2.739117e+01,2.743046e+01,2.742391e+01,2.724699e+01,2.722075e+01,2.725355e+01,2.720107e+01,2.716170e+01,2.708291e+01,2.700406e+01,2.701064e+01,2.694489e+01,2.689226e+01,2.668149e+01,2.671445e+01,2.662214e+01,2.637117e+01,2.638439e+01,2.627855e+01,2.619248e+01,2.608646e+01,2.590065e+01,2.568124e+01,2.548805e+01,2.548805e+01,2.520094e+01,2.523437e+01,2.503366e+01,2.495326e+01,2.494656e+01,2.461091e+01,2.457056e+01,2.449654e+01,2.421344e+01,2.422019e+01,2.408512e+01,2.388896e+01,2.357025e+01,2.362457e+01,2.354308e+01,2.350911e+01,2.343433e+01,2.352949e+01,2.339352e+01,2.346153e+01,2.352949e+01,2.357025e+01,2.355667e+01,2.354308e+01,2.348192e+01,2.342073e+01,2.346833e+01,2.335950e+01,2.350231e+01,2.340713e+01,2.341393e+01,2.330504e+01,2.343433e+01,2.335950e+01,2.346153e+01,2.339352e+01,2.336630e+01,2.342073e+01,2.360420e+01,2.339352e+01,2.333908e+01,2.339352e+01,2.340713e+01,2.345473e+01,2.350911e+01,2.342073e+01,2.319604e+01,2.344793e+01,2.346153e+01,2.344793e+01,2.341393e+01,2.342753e+01,2.346153e+01,2.346833e+01,2.350911e+01,2.336630e+01,2.342073e+01,2.337311e+01,2.344793e+01,2.323012e+01,2.320286e+01,2.322330e+01,2.322330e+01,2.321649e+01,2.321649e+01,2.323012e+01,2.318923e+01,2.309375e+01,2.301184e+01,2.303915e+01,2.285467e+01,2.292303e+01,2.307328e+01,2.284099e+01,2.280679e+01,2.278626e+01,2.271780e+01,2.270411e+01,2.288886e+01,2.276573e+01,2.277257e+01,2.262874e+01,2.284783e+01,2.302550e+01,2.293670e+01,2.321649e+01,2.325056e+01,2.329823e+01,2.326418e+01,2.305963e+01,2.299818e+01,2.297769e+01,2.307328e+01,2.295720e+01,2.298452e+01,2.296403e+01,2.295720e+01,2.295037e+01,2.306645e+01,2.289569e+01,2.308010e+01,2.305280e+01,2.314150e+01,2.305963e+01,2.320286e+01,2.304598e+01,2.309375e+01,2.302550e+01,2.298452e+01,2.301867e+01,2.303232e+01,2.297086e+01,2.303232e+01,2.303915e+01,2.310739e+01,2.307328e+01,2.290937e+01,2.299135e+01,2.308693e+01,2.300501e+01,2.303232e+01,2.311422e+01,2.330504e+01,2.325737e+01,2.333228e+01,2.330504e+01,2.330504e+01,2.348192e+01,2.350231e+01,2.359062e+01,2.386865e+01,2.407161e+01,2.454365e+01,2.456383e+01,2.487952e+01,2.498677e+01,2.521431e+01,2.552139e+01,2.548138e+01,2.578103e+01,2.580762e+01,2.589401e+01,2.602677e+01,2.598032e+01,2.597368e+01,2.601350e+01,2.615936e+01,2.618586e+01,2.616599e+01,2.620573e+01,2.622560e+01,2.619911e+01,2.623884e+01,2.633810e+01,2.625870e+01,2.615274e+01,2.629841e+01,2.625870e+01,2.643066e+01,2.637778e+01,2.636456e+01,2.630502e+01,2.638439e+01,2.635794e+01,2.631826e+01,2.631164e+01,2.647031e+01,2.633810e+01,2.615936e+01,2.632487e+01,2.613286e+01,2.597368e+01,2.602677e+01,2.586079e+01,2.559468e+01,2.489964e+01,2.410540e+01,2.397018e+01,2.398371e+01,2.420670e+01,2.424719e+01,2.439552e+01,2.481243e+01,2.491305e+01,2.519426e+01,2.518088e+01,2.516082e+01,2.523437e+01,2.528782e+01,2.518757e+01,2.498007e+01,2.485269e+01,2.477887e+01,2.465124e+01,2.419319e+01,2.378057e+01,2.365850e+01,2.365172e+01,2.365172e+01,2.382123e+01,2.411891e+01,2.452346e+01,2.459073e+01,2.505375e+01,2.506044e+01,2.516082e+01,2.539466e+01,2.550139e+01,2.555471e+01,2.569455e+01,2.560134e+01,2.574778e+01,2.579433e+01,2.590729e+01,2.592057e+01,2.590729e+01,2.590065e+01,2.586079e+01,2.584750e+01,2.590729e+01,2.576773e+01,2.583421e+01,2.577438e+01,2.569455e+01,2.552805e+01,2.554804e+01,2.548138e+01,2.547471e+01,2.528115e+01,2.526110e+01,2.516751e+01,2.502696e+01,2.478558e+01,2.463108e+01,2.463780e+01,2.466469e+01,2.470500e+01,2.462436e+01,2.461763e+01,2.465124e+01,2.459746e+01,2.455710e+01,2.443594e+01,2.432138e+01,2.430115e+01,2.405809e+01,2.398371e+01,2.378057e+01,2.380768e+01,2.397694e+01,2.394988e+01,2.377380e+01,2.384833e+01,2.354987e+01,2.350911e+01,2.352949e+01,2.346153e+01,2.337311e+01,2.323693e+01,2.317559e+01,2.316877e+01,2.326418e+01,2.320967e+01,2.290253e+01,2.297769e+01,2.312786e+01,2.320967e+01,2.341393e+01,2.348192e+01,2.329823e+01,2.316877e+01,2.278626e+01,2.279310e+01,2.275888e+01,2.274519e+01,2.275204e+01,2.297086e+01,2.279995e+01,2.283415e+01,2.284099e+01,2.282731e+01,2.267671e+01,2.285467e+01,2.286151e+01,2.289569e+01,2.284783e+01,2.284099e+01,2.281363e+01,2.290253e+01,2.278626e+01,2.277942e+01,2.286151e+01,2.273835e+01,2.278626e+01,2.277942e+01,2.278626e+01,2.286151e+01,2.278626e+01,2.291620e+01,2.281363e+01,2.279310e+01,2.284783e+01,2.282047e+01,2.275204e+01,2.271780e+01,2.283415e+01,2.270411e+01,2.273835e+01,2.269041e+01,2.282731e+01,2.272465e+01,2.268356e+01,2.277257e+01,2.264930e+01,2.260818e+01,2.266986e+01,2.241605e+01,2.251216e+01,2.244352e+01,2.256704e+01,2.250530e+01,2.257390e+01,2.256704e+01,2.262874e+01,2.253275e+01,2.248471e+01,2.251902e+01,2.249844e+01,2.254646e+01,2.260132e+01,2.247785e+01,2.249158e+01,2.242292e+01,2.240919e+01,2.240232e+01,2.251902e+01,2.251902e+01,2.244352e+01,2.240919e+01,2.242292e+01,2.241605e+01,2.241605e+01,2.245039e+01,2.245725e+01,2.255332e+01,2.242979e+01,2.249844e+01,2.239545e+01,2.245725e+01,2.238858e+01,2.243666e+01,2.245725e+01,2.240919e+01,2.244352e+01,2.245039e+01,2.252588e+01,2.246412e+01,2.235422e+01,2.251216e+01,2.238171e+01,2.249844e+01,2.251902e+01,2.241605e+01,2.243666e+01,2.249158e+01,2.250530e+01,2.243666e+01,2.253960e+01,2.246412e+01,2.248471e+01,2.238858e+01,2.244352e+01,2.241605e+01,2.247785e+01,2.238858e+01,2.241605e+01,2.240232e+01,2.238858e+01,2.243666e+01,2.243666e+01,2.237484e+01,2.242979e+01,2.237484e+01,2.242292e+01,2.252588e+01,2.248471e+01,2.247785e+01,2.249158e+01,2.237484e+01,2.252588e+01,2.242292e+01,2.247098e+01,2.238171e+01,2.234735e+01,2.243666e+01,2.231298e+01,2.240232e+01,2.236797e+01,2.236110e+01,2.235422e+01,2.236110e+01,2.239545e+01,2.232673e+01,2.235422e+01,2.233360e+01,2.233360e+01,2.220981e+01,2.232673e+01,2.234735e+01,2.239545e+01,2.248471e+01,2.238858e+01,2.237484e+01,2.240919e+01,2.234735e+01,2.235422e+01,2.227172e+01,2.218916e+01,2.243666e+01,2.235422e+01,2.223733e+01,2.240919e+01,2.240232e+01,2.225109e+01,2.236797e+01,2.238858e+01,2.238171e+01,2.234735e+01,2.238858e+01,2.243666e+01,2.238858e+01,2.236797e+01,2.219604e+01,2.234735e+01,2.238858e+01,2.238858e+01,2.240919e+01,2.240232e+01,2.240232e+01,2.233360e+01,2.230611e+01,2.245725e+01,2.226485e+01,2.238858e+01,2.230611e+01,2.247785e+01,2.235422e+01,2.234735e+01,2.234735e+01,2.231298e+01,2.217539e+01,2.236110e+01,2.245039e+01,2.245039e+01,2.236110e+01,2.249844e+01,2.244352e+01,2.253960e+01,2.241605e+01,2.249158e+01,2.236110e+01,2.254646e+01,2.247098e+01,2.257390e+01,2.256704e+01,2.256018e+01,2.261503e+01,2.258761e+01,2.253275e+01,2.253275e+01,2.264245e+01,2.255332e+01,2.265615e+01
2.583421e+01,2.588072e+01,2.594713e+01,2.600686e+01,2.616599e+01,2.631164e+01,2.627855e+01,2.628517e+01,2.656935e+01,2.639100e+01,2.639100e+01,2.648352e+01,2.637117e+01,2.635794e+01,2.636456e+01,2.641084e+01,2.638439e+01,2.635794e+01,2.625870e+01,2.588736e+01,2.586079e+01,2.564796e+01,2.584085e+01,2.532790e+01,2.526110e+01,2.487952e+01,2.471844e+01,2.476544e+01,2.483927e+01,2.487281e+01,2.465124e+01,2.482585e+01,2.482585e+01,2.492645e+01,2.478558e+01,2.489293e+01,2.486610e+01,2.488622e+01,2.485940e+01,2.472515e+01,2.483256e+01,2.475873e+01,2.484598e+01,2.478558e+01,2.482585e+01,2.474530e+01,2.455710e+01,2.465124e+01,2.472515e+01,2.461763e+01,2.467141e+01,2.468484e+01,2.469828e+01,2.477887e+01,2.457056e+01,2.452346e+01,2.473187e+01,2.474530e+01,2.479901e+01,2.457728e+01,2.472515e+01,2.461763e+01,2.469156e+01,2.479230e+01,2.457728e+01,2.467813e+01,2.474530e+01,2.461091e+01,2.449654e+01,2.463108e+01,2.441573e+01,2.444941e+01,2.449654e+01,2.453692e+01,2.450327e+01,2.455710e+01,2.461091e+01,2.467813e+01,2.470500e+01,2.469828e+01,2.473187e+01,2.479230e+01,2.475201e+01,2.477887e+01,2.466469e+01,2.474530e+01,2.473858e+01,2.463780e+01,2.473858e+01,2.462436e+01,2.462436e+01,2.454365e+01,2.455038e+01,2.450327e+01,2.456383e+01,2.451673e+01,2.463780e+01,2.457728e+01,2.459073e+01,2.457728e+01,2.461763e+01,2.469156e+01,2.466469e+01,2.465124e+01,2.454365e+01,2.452346e+01,2.457728e+01,2.462436e+01,2.461763e+01,2.460419e+01,2.467141e+01,2.465796e+01,2.461091e+01,2.467141e+01,2.466469e+01,2.479230e+01,2.473187e+01,2.498677e+01,2.495997e+01,2.490634e+01,2.506044e+01,2.508052e+01,2.512737e+01,2.519426e+01,2.554804e+01,2.586079e+01,2.590729e+01,2.615936e+01,2.642405e+01,2.641084e+01,2.682644e+01,2.681986e+01,2.699749e+01,2.705663e+01,2.716826e+01,2.738462e+01,2.737807e+01,2.741737e+01,2.722731e+01,2.752208e+01,2.737807e+01,2.733221e+01,2.733221e+01,2.727978e+01,2.738462e+01,2.708948e+01,2.721420e+01,2.723387e+01,2.720107e+01,2.710918e+01,2.723387e+01,2.708948e+01,2.695147e+01,2.685277e+01,2.687910e+01,2.689226e+01,2.665512e+01,2.662214e+01,2.664852e+01,2.659575e+01,2.636456e+01,2.607319e+01,2.609971e+01,2.603340e+01,2.590729e+01,2.548138e+01,2.560134e+01,2.563464e+01,2.546805e+01,2.523437e+01,2.522100e+01,2.504705e+01,2.504705e+01,2.499347e+01,2.457728e+01,2.452346e+01,2.424044e+01,2.405133e+01,2.384833e+01,2.382801e+01,2.367886e+01,2.355667e+01,2.354987e+01,2.346833e+01,2.348192e+01,2.356346e+01,2.350911e+01,2.350911e+01,2.354987e+01,2.352949e+01,2.348192e+01,2.354987e+01,2.342753e+01,2.344113e+01,2.340713e+01,2.340032e+01,2.341393e+01,2.328461e+01,2.340032e+01,2.346153e+01,2.331866e+01,2.344793e+01,2.332547e+01,2.340713e+01,2.333908e+01,2.342073e+01,2.338672e+01,2.335269e+01,2.333908e+01,2.337311e+01,2.344113e+01,2.337991e+01,2.337311e+01,2.327780e+01,2.338672e+01,2.346153e+01,2.333908e+01,2.325737e+01,2.337991e+01,2.321649e+01,2.323012e+01,2.329823e+01,2.320967e+01,2.337311e+01,2.313468e+01,2.325056e+01,2.323693e+01,2.318923e+01,2.322330e+01,2.320286e+01,2.320967e+01,2.308010e+01,2.314832e+01,2.305280e+01,2.287519e+01,2.295037e+01,2.283415e+01,2.292987e+01,2.295037e+01,2.291620e+01,2.273150e+01,2.264245e+01,2.261503e+01,2.258761e+01,2.277942e+01,2.277257e+01,2.274519e+01,2.275888e+01,2.273835e+01,2.279995e+01,2.300501e+01,2.303232e+01,2.318923e+01,2.327099e+01,2.325737e+01,2.288202e+01,2.306645e+01,2.299135e+01,2.292303e+01,2.288202e+01,2.289569e+01,2.299818e+01,2.296403e+01,2.314150e+01,2.298452e+01,2.297769e+01,2.302550e+01,2.307328e+01,2.307328e+01,2.308693e+01,2.306645e+01,2.310057e+01,2.310057e+01,2.309375e+01,2.318923e+01,2.318241e+01,2.308010e+01,2.314150e+01,2.302550e+01,2.316877e+01,2.303915e+01,2.303915e+01,2.298452e+01,2.301867e+01,2.303232e+01,2.321649e+01,2.306645e+01,2.320967e+01,2.325056e+01,2.333908e+01,2.326418e+01,2.347513e+01,2.330504e+01,2.344113e+01,2.352270e+01,2.354308e+01,2.374668e+01,2.388896e+01,2.414593e+01,2.450327e+01,2.452346e+01,2.481243e+01,2.509391e+01,2.526110e+01,2.542802e+01,2.570786e+01,2.575443e+01,2.580097e+01,2.586743e+01,2.607319e+01,2.595377e+01,2.600686e+01,2.621898e+01,2.617924e+01,2.619248e+01,2.619248e+01,2.616599e+01,2.625208e+01,2.634472e+01,2.620573e+01,2.620573e+01,2.635133e+01,2.633810e+01,2.625870e+01,2.628517e+01,2.624546e+01,2.623222e+01,2.629179e+01,2.638439e+01,2.641084e+01,2.639100e+01,2.631826e+01,2.641744e+01,2.623222e+01,2.613948e+01,2.625208e+01,2.622560e+01,2.621898e+01,2.611960e+01,2.606656e+01,2.583421e+01,2.559468e+01,2.491305e+01,2.410540e+01,2.409864e+01,2.399723e+01,2.405133e+01,2.427417e+01,2.462436e+01,2.475201e+01,2.493316e+01,2.507383e+01,2.508722e+01,2.534126e+01,2.526778e+01,2.508052e+01,2.526110e+01,2.500017e+01,2.497337e+01,2.474530e+01,2.471844e+01,2.432812e+01,2.387542e+01,2.367207e+01,2.371956e+01,2.371956e+01,2.382801e+01,2.408512e+01,2.448308e+01,2.460419e+01,2.507383e+01,2.506713e+01,2.511399e+01,2.538131e+01,2.554138e+01,2.556804e+01,2.568790e+01,2.579433e+01,2.579433e+01,2.592057e+01,2.586079e+01,2.587408e+01,2.586743e+01,2.598696e+01,2.592057e+01,2.581427e+01,2.592721e+01,2.568790e+01,2.578103e+01,2.570121e+01,2.584750e+01,2.549472e+01,2.550805e+01,2.554138e+01,2.536796e+01,2.529451e+01,2.508722e+01,2.525442e+01,2.502696e+01,2.504035e+01,2.483927e+01,2.470500e+01,2.469828e+01,2.467141e+01,2.464452e+01,2.463780e+01,2.461763e+01,2.453692e+01,2.463108e+01,2.446288e+01,2.446961e+01,2.420670e+01,2.436183e+01,2.405133e+01,2.382801e+01,2.394311e+01,2.383478e+01,2.397694e+01,2.376024e+01,2.373990e+01,2.371956e+01,2.357025e+01,2.332547e+01,2.341393e+01,2.320286e+01,2.329823e+01,2.317559e+01,2.308693e+01,2.307328e+01,2.310739e+01,2.295037e+01,2.291620e+01,2.316877e+01,2.320967e+01,2.348192e+01,2.338672e+01,2.355667e+01,2.303232e+01,2.296403e+01,2.276573e+01,2.274519e+01,2.278626e+01,2.277942e+01,2.276573e+01,2.285467e+01,2.284099e+01,2.284783e+01,2.287519e+01,2.288886e+01,2.287519e+01,2.285467e+01,2.280679e+01,2.284099e+01,2.284783e+01,2.292303e+01,2.293670e+01,2.288202e+01,2.275888e+01,2.282731e+01,2.281363e+01,2.275888e+01,2.281363e+01,2.275204e+01,2.279995e+01,2.277942e+01,2.280679e+01,2.278626e+01,2.284783e+01,2.274519e+01,2.262189e+01,2.277942e+01,2.275888e+01,2.269726e+01,2.272465e+01,2.271096e+01,2.265615e+01,2.262189e+01,2.262874e+01,2.260818e+01,2.258076e+01,2.263560e+01,2.262189e+01,2.241605e+01,2.241605e+01,2.256704e+01,2.259447e+01,2.261503e+01,2.264930e+01,2.250530e+01,2.261503e+01,2.253275e+01,2.253275e+01,2.262874e+01,2.253275e+01,2.249158e+01,2.249844e+01,2.246412e+01,2.247098e+01,2.249844e+01,2.245725e+01,2.253960e+01,2.236110e+01,2.254646e+01,2.249844e+01,2.251902e+01,2.241605e+01,2.243666e+01,2.240919e+01,2.241605e+01,2.242979e+01,2.244352e+01,2.238858e+01,2.254646e+01,2.256018e+01,2.247785e+01,2.242979e+01,2.249844e+01,2.247785e+01,2.247098e+01,2.244352e+01,2.236110e+01,2.255332e+01,2.251216e+01,2.246412e+01,2.253960e+01,2.251902e+01,2.251902e+01,2.256704e+01,2.231986e+01,2.257390e+01,2.254646e+01,2.252588e+01,2.246412e+01,2.242292e+01,2.242979e+01,2.240232e+01,2.218916e+01,2.255332e+01,2.233360e+01,2.240919e+01,2.241605e+01,2.242292e+01,2.240232e+01,2.243666e+01,2.240232e+01,2.241605e+01,2.240919e+01,2.238858e+01,2.237484e+01,2.249158e+01,2.247098e+01,2.248471e+01,2.236797e+01,2.236110e+01,2.251216e+01,2.251902e+01,2.249844e+01,2.234048e+01,2.245039e+01,2.232673e+01,2.240232e+01,2.243666e+01,2.243666e+01,2.236797e+01,2.229235e+01,2.229235e+01,2.231986e+01,2.234735e+01,2.227172e+01,2.234048e+01,2.240919e+01,2.232673e+01,2.241605e+01,2.239545e+01,2.231298e+01,2.239545e+01,2.233360e+01,2.234048e+01,2.235422e+01,2.234048e+01,2.229923e+01,2.236110e+01,2.238171e+01,2.235422e+01,2.233360e+01,2.240232e+01,2.228548e+01,2.238171e+01,2.235422e+01,2.239545e+01,2.235422e+01,2.235422e+01,2.238171e+01,2.241605e+01,2.235422e+01,2.234735e+01,2.239545e+01,2.231986e+01,2.225797e+01,2.229235e+01,2.236797e+01,2.235422e+01,2.229923e+01,2.230611e+01,2.226485e+01,2.229923e+01,2.245039e+01,2.224421e+01,2.231986e+01,2.238858e+01,2.241605e+01,2.234735e+01,2.245039e+01,2.241605e+01,2.240919e+01,2.233360e+01,2.232673e+01,2.238858e+01,2.223045e+01,2.243666e+01,2.230611e+01,2.247098e+01,2.238858e+01,2.253960e+01,2.241605e+01,2.250530e+01,2.253275e+01,2.256704e+01,2.235422e+01,2.256018e+01,2.262189e+01,2.264930e+01,2.266301e+01,2.255332e+01,2.260132e+01,2.253275e+01,2.269726e+01,2.263560e+01,2.258076e+01,2.269041e+01
2.582756e+01,2.569455e+01,2.589401e+01,2.608646e+01,2.596041e+01,2.599359e+01,2.598032e+01,2.612623e+01,2.598032e+01,2.625870e+01,2.627194e+01,2.613286e+01,2.636456e+01,2.628517e+01,2.639761e+01,2.637778e+01,2.617924e+01,2.606656e+01,2.604004e+01,2.584085e+01,2.565462e+01,2.558802e+01,2.560134e+01,2.522100e+01,2.487281e+01,2.469156e+01,2.470500e+01,2.468484e+01,2.473187e+01,2.468484e+01,2.467813e+01,2.472515e+01,2.469156e+01,2.492645e+01,2.477216e+01,2.483927e+01,2.487952e+01,2.486610e+01,2.485269e+01,2.481243e+01,2.465124e+01,2.482585e+01,2.475201e+01,2.477216e+01,2.475201e+01,2.476544e+01,2.479230e+01,2.474530e+01,2.459073e+01,2.465796e+01,2.464452e+01,2.479230e+01,2.480572e+01,2.469156e+01,2.464452e+01,2.470500e+01,2.468484e+01,2.465796e+01,2.461763e+01,2.473187e+01,2.463108e+01,2.471844e+01,2.474530e+01,2.471172e+01,2.451673e+01,2.458401e+01,2.452346e+01,2.462436e+01,2.448981e+01,2.453019e+01,2.469156e+01,2.461091e+01,2.458401e+01,2.457728e+01,2.451673e+01,2.455038e+01,2.458401e+01,2.465796e+01,2.468484e+01,2.473187e+01,2.473187e+01,2.477887e+01,2.466469e+01,2.474530e+01,2.471844e+01,2.468484e+01,2.462436e+01,2.489964e+01,2.457728e+01,2.460419e+01,2.453692e+01,2.451000e+01,2.450327e+01,2.446288e+01,2.452346e+01,2.456383e+01,2.468484e+01,2.463780e+01,2.466469e+01,2.468484e+01,2.461763e+01,2.468484e+01,2.462436e+01,2.463780e+01,2.473858e+01,2.468484e+01,2.463108e+01,2.457056e+01,2.459746e+01,2.468484e+01,2.465796e+01,2.465796e+01,2.469156e+01,2.466469e+01,2.471172e+01,2.471844e+01,2.480572e+01,2.481914e+01,2.487952e+01,2.502696e+01,2.507383e+01,2.502696e+01,2.528782e+01,2.532790e+01,2.568124e+01,2.597368e+01,2.607982e+01,2.625870e+01,2.656275e+01,2.671445e+01,2.676717e+01,2.687910e+01,2.708948e+01,2.712231e+01,2.720763e+01,2.725355e+01,2.723387e+01,2.728633e+01,2.733876e+01,2.731255e+01,2.727978e+01,2.727322e+01,2.743046e+01,2.731255e+01,2.728633e+01,2.727322e+01,2.706977e+01,2.705006e+01,2.714857e+01,2.712231e+01,2.701721e+01,2.706977e+01,2.681327e+01,2.686594e+01,2.675399e+01,2.672763e+01,2.657595e+01,2.656935e+01,2.659575e+01,2.656935e+01,2.652975e+01,2.616599e+01,2.609309e+01,2.601350e+01,2.599359e+01,2.562798e+01,2.566127e+01,2.562798e+01,2.548138e+01,2.548805e+01,2.520094e+01,2.516751e+01,2.506044e+01,2.477216e+01,2.457056e+01,2.422694e+01,2.424719e+01,2.409188e+01,2.386187e+01,2.371277e+01,2.352270e+01,2.343433e+01,2.345473e+01,2.350911e+01,2.340713e+01,2.348192e+01,2.352270e+01,2.345473e+01,2.348872e+01,2.340032e+01,2.354308e+01,2.352270e+01,2.342073e+01,2.342073e+01,2.340713e+01,2.340032e+01,2.341393e+01,2.339352e+01,2.346833e+01,2.342073e+01,2.344793e+01,2.330504e+01,2.336630e+01,2.339352e+01,2.342753e+01,2.354308e+01,2.338672e+01,2.341393e+01,2.335269e+01,2.341393e+01,2.338672e+01,2.343433e+01,2.329142e+01,2.333228e+01,2.332547e+01,2.331185e+01,2.331866e+01,2.337311e+01,2.320286e+01,2.338672e+01,2.304598e+01,2.321649e+01,2.311422e+01,2.318241e+01,2.319604e+01,2.302550e+01,2.318923e+01,2.297769e+01,2.290253e+01,2.292303e+01,2.286835e+01,2.299135e+01,2.310057e+01,2.306645e+01,2.291620e+01,2.286835e+01,2.275204e+01,2.282731e+01,2.279995e+01,2.279995e+01,2.267671e+01,2.260818e+01,2.264930e+01,2.273150e+01,2.269041e+01,2.275204e+01,2.275888e+01,2.264245e+01,2.269041e+01,2.273835e+01,2.282047e+01,2.290253e+01,2.286835e+01,2.290253e+01,2.287519e+01,2.297086e+01,2.286835e+01,2.288202e+01,2.303915e+01,2.286835e+01,2.287519e+01,2.299135e+01,2.290937e+01,2.298452e+01,2.290253e+01,2.295720e+01,2.309375e+01,2.304598e+01,2.305280e+01,2.305963e+01,2.308010e+01,2.315514e+01,2.322330e+01,2.308693e+01,2.323012e+01,2.324374e+01,2.303915e+01,2.315514e+01,2.317559e+01,2.308010e+01,2.308010e+01,2.312786e+01,2.312104e+01,2.302550e+01,2.320967e+01,2.301867e+01,2.325056e+01,2.323012e+01,2.330504e+01,2.333908e+01,2.331866e+01,2.331185e+01,2.327780e+01,2.352949e+01,2.357025e+01,2.371277e+01,2.373312e+01,2.394311e+01,2.417294e+01,2.445614e+01,2.460419e+01,2.493986e+01,2.520094e+01,2.530787e+01,2.540801e+01,2.566127e+01,2.562132e+01,2.592057e+01,2.602677e+01,2.595377e+01,2.604667e+01,2.619911e+01,2.603340e+01,2.612623e+01,2.618586e+01,2.622560e+01,2.621898e+01,2.630502e+01,2.627194e+01,2.622560e+01,2.623884e+01,2.630502e+01,2.630502e+01,2.623222e+01,2.625208e+01,2.626532e+01,2.631826e+01,2.635794e+01,2.624546e+01,2.641744e+01,2.631826e+01,2.628517e+01,2.640422e+01,2.617261e+01,2.631826e+01,2.618586e+01,2.627855e+01,2.621235e+01,2.614611e+01,2.600023e+01,2.580762e+01,2.557470e+01,2.492645e+01,2.413242e+01,2.415268e+01,2.411215e+01,2.424044e+01,2.444268e+01,2.463108e+01,2.476544e+01,2.497337e+01,2.519426e+01,2.538799e+01,2.534126e+01,2.533458e+01,2.520763e+01,2.516082e+01,2.517419e+01,2.495997e+01,2.483256e+01,2.468484e+01,2.428092e+01,2.410540e+01,2.378057e+01,2.376024e+01,2.378735e+01,2.395664e+01,2.413242e+01,2.441573e+01,2.460419e+01,2.502696e+01,2.516751e+01,2.530787e+01,2.535461e+01,2.555471e+01,2.560134e+01,2.578103e+01,2.581427e+01,2.586743e+01,2.590065e+01,2.584750e+01,2.585415e+01,2.587408e+01,2.587408e+01,2.585415e+01,2.589401e+01,2.582756e+01,2.579433e+01,2.581427e+01,2.570121e+01,2.572782e+01,2.556804e+01,2.570121e+01,2.546138e+01,2.546805e+01,2.541468e+01,2.540133e+01,2.520094e+01,2.498677e+01,2.489293e+01,2.479230e+01,2.473858e+01,2.465124e+01,2.487281e+01,2.464452e+01,2.459073e+01,2.455038e+01,2.461091e+01,2.446288e+01,2.450327e+01,2.441573e+01,2.434161e+01,2.432138e+01,2.396341e+01,2.395664e+01,2.381446e+01,2.375346e+01,2.378735e+01,2.376024e+01,2.371956e+01,2.367886e+01,2.359741e+01,2.347513e+01,2.331185e+01,2.322330e+01,2.323012e+01,2.306645e+01,2.308010e+01,2.304598e+01,2.294353e+01,2.287519e+01,2.292987e+01,2.314150e+01,2.317559e+01,2.333908e+01,2.352270e+01,2.334589e+01,2.337311e+01,2.290253e+01,2.291620e+01,2.286151e+01,2.274519e+01,2.283415e+01,2.278626e+01,2.283415e+01,2.282731e+01,2.270411e+01,2.282047e+01,2.283415e+01,2.279310e+01,2.286835e+01,2.272465e+01,2.283415e+01,2.274519e+01,2.294353e+01,2.282731e+01,2.275204e+01,2.275204e+01,2.275888e+01,2.271096e+01,2.271780e+01,2.266301e+01,2.269041e+01,2.282731e+01,2.273835e+01,2.274519e+01,2.266301e+01,2.260818e+01,2.279995e+01,2.267671e+01,2.271780e+01,2.271780e+01,2.261503e+01,2.274519e+01,2.272465e+01,2.272465e+01,2.280679e+01,2.272465e+01,2.264245e+01,2.271780e+01,2.257390e+01,2.263560e+01,2.262189e+01,2.258076e+01,2.263560e+01,2.253275e+01,2.258761e+01,2.255332e+01,2.256018e+01,2.249158e+01,2.245725e+01,2.256018e+01,2.249158e+01,2.252588e+01,2.252588e+01,2.266301e+01,2.250530e+01,2.245039e+01,2.247785e+01,2.259447e+01,2.238171e+01,2.242979e+01,2.253960e+01,2.248471e+01,2.240919e+01,2.239545e+01,2.238171e+01,2.242979e+01,2.242292e+01,2.249158e+01,2.238171e+01,2.240232e+01,2.256018e+01,2.242979e+01,2.237484e+01,2.246412e+01,2.247098e+01,2.244352e+01,2.245039e+01,2.245725e+01,2.263560e+01,2.240232e+01,2.249844e+01,2.237484e+01,2.239545e+01,2.238858e+01,2.245039e+01,2.237484e+01,2.249844e+01,2.246412e+01,2.243666e+01,2.253960e+01,2.247098e+01,2.241605e+01,2.251216e+01,2.243666e+01,2.243666e+01,2.249158e+01,2.242292e+01,2.242979e+01,2.222357e+01,2.240232e+01,2.251216e+01,2.236797e+01,2.239545e+01,2.245725e+01,2.251216e+01,2.240232e+01,2.249158e+01,2.256018e+01,2.247785e+01,2.242292e+01,2.242979e+01,2.238858e+01,2.251216e+01,2.246412e+01,2.253275e+01,2.236110e+01,2.237484e+01,2.236797e+01,2.248471e+01,2.231986e+01,2.231986e+01,2.242979e+01,2.235422e+01,2.240919e+01,2.242292e+01,2.231298e+01,2.227172e+01,2.228548e+01,2.228548e+01,2.231986e+01,2.236797e+01,2.232673e+01,2.234048e+01,2.228548e+01,2.233360e+01,2.218916e+01,2.224421e+01,2.240232e+01,2.231298e+01,2.236797e+01,2.231986e+01,2.236110e+01,2.234048e+01,2.232673e+01,2.235422e+01,2.227172e+01,2.236110e+01,2.242292e+01,2.238858e+01,2.237484e+01,2.236110e+01,2.231298e+01,2.234735e+01,2.241605e+01,2.238858e+01,2.243666e+01,2.245039e+01,2.234735e+01,2.223733e+01,2.240232e+01,2.236110e+01,2.223733e+01,2.234048e+01,2.237484e+01,2.240232e+01,2.227860e+01,2.240232e+01,2.242979e+01,2.240232e+01,2.239545e+01,2.236797e+01,2.245039e+01,2.238171e+01,2.238858e+01,2.236797e+01,2.238858e+01,2.231298e+01,2.243666e+01,2.246412e+01,2.251902e+01,2.249844e+01,2.243666e+01,2.252588e+01,2.251216e+01,2.251216e+01,2.249158e+01,2.261503e+01,2.249844e+01,2.257390e+01,2.265615e+01,2.247098e+01,2.250530e+01,2.249844e+01,2.249844e+01,2.251216e+01,2.272465e+01,2.257390e+01,2.272465e+01
2.560134e+01,2.552805e+01,2.568790e+01,2.577438e+01,2.576108e+01,2.598696e+01,2.580097e+01,2.568124e+01,2.597368e+01,2.625208e+01,2.610634e+01,2.611297e+01,2.611960e+01,2.614611e+01,2.612623e+01,2.603340e+01,2.592057e+01,2.580097e+01,2.577438e+01,2.572782e+01,2.531454e+01,2.536129e+01,2.524773e+01,2.489293e+01,2.482585e+01,2.486610e+01,2.470500e+01,2.468484e+01,2.470500e+01,2.482585e+01,2.475201e+01,2.478558e+01,2.474530e+01,2.477887e+01,2.480572e+01,2.485269e+01,2.472515e+01,2.483927e+01,2.478558e+01,2.482585e+01,2.476544e+01,2.474530e+01,2.473858e+01,2.473187e+01,2.468484e+01,2.455710e+01,2.461091e+01,2.459073e+01,2.461091e+01,2.480572e+01,2.465796e+01,2.459073e+01,2.469828e+01,2.464452e+01,2.474530e+01,2.468484e+01,2.467813e+01,2.455710e+01,2.465796e+01,2.478558e+01,2.471172e+01,2.463780e+01,2.472515e+01,2.473187e+01,2.462436e+01,2.464452e+01,2.451673e+01,2.461763e+01,2.445614e+01,2.449654e+01,2.436857e+01,2.443594e+01,2.434835e+01,2.443594e+01,2.444941e+01,2.444268e+01,2.466469e+01,2.457728e+01,2.462436e+01,2.467141e+01,2.465796e+01,2.469156e+01,2.466469e+01,2.471844e+01,2.465796e+01,2.474530e+01,2.467141e+01,2.460419e+01,2.458401e+01,2.460419e+01,2.453692e+01,2.460419e+01,2.448308e+01,2.446288e+01,2.451000e+01,2.462436e+01,2.454365e+01,2.467813e+01,2.458401e+01,2.467813e+01,2.468484e+01,2.464452e+01,2.472515e+01,2.473858e+01,2.465796e+01,2.468484e+01,2.469828e+01,2.465124e+01,2.461091e+01,2.472515e+01,2.470500e+01,2.465796e+01,2.467813e+01,2.475201e+01,2.467141e+01,2.477887e+01,2.477216e+01,2.490634e+01,2.496667e+01,2.495997e+01,2.502696e+01,2.520094e+01,2.523437e+01,2.532790e+01,2.562132e+01,2.595377e+01,2.593385e+01,2.629179e+01,2.645049e+01,2.684619e+01,2.680010e+01,2.692516e+01,2.706977e+01,2.715514e+01,2.712231e+01,2.716826e+01,2.717483e+01,2.718139e+01,2.727978e+01,2.727978e+01,2.718795e+01,2.726011e+01,2.727322e+01,2.719451e+01,2.708948e+01,2.702378e+01,2.702378e+01,2.696462e+01,2.685277e+01,2.685936e+01,2.683302e+01,2.662874e+01,2.681327e+01,2.663533e+01,2.643727e+01,2.637778e+01,2.639100e+01,2.623222e+01,2.620573e+01,2.608646e+01,2.618586e+01,2.608646e+01,2.605330e+01,2.596704e+01,2.558802e+01,2.544137e+01,2.542802e+01,2.527446e+01,2.516751e+01,2.495326e+01,2.493316e+01,2.470500e+01,2.452346e+01,2.451673e+01,2.422694e+01,2.414593e+01,2.389573e+01,2.379413e+01,2.352949e+01,2.354308e+01,2.327780e+01,2.326418e+01,2.320967e+01,2.343433e+01,2.333228e+01,2.335269e+01,2.356346e+01,2.333908e+01,2.344113e+01,2.352949e+01,2.348192e+01,2.342753e+01,2.340032e+01,2.342073e+01,2.341393e+01,2.342753e+01,2.338672e+01,2.340032e+01,2.333908e+01,2.335269e+01,2.332547e+01,2.346153e+01,2.331185e+01,2.341393e+01,2.326418e+01,2.342073e+01,2.335950e+01,2.323012e+01,2.330504e+01,2.315514e+01,2.331185e+01,2.312104e+01,2.312104e+01,2.306645e+01,2.308010e+01,2.301184e+01,2.305963e+01,2.313468e+01,2.303915e+01,2.310739e+01,2.296403e+01,2.297769e+01,2.295720e+01,2.313468e+01,2.292303e+01,2.307328e+01,2.290937e+01,2.293670e+01,2.294353e+01,2.291620e+01,2.285467e+01,2.286151e+01,2.291620e+01,2.292303e+01,2.292303e+01,2.264930e+01,2.261503e+01,2.262189e+01,2.256704e+01,2.268356e+01,2.260818e+01,2.265615e+01,2.261503e+01,2.264245e+01,2.262874e+01,2.269726e+01,2.264930e+01,2.260818e+01,2.248471e+01,2.274519e+01,2.261503e+01,2.273150e+01,2.273150e+01,2.286835e+01,2.285467e+01,2.277942e+01,2.288202e+01,2.288202e+01,2.288886e+01,2.288886e+01,2.302550e+01,2.307328e+01,2.297086e+01,2.295037e+01,2.297769e+01,2.299135e+01,2.302550e+01,2.298452e+01,2.306645e+01,2.308010e+01,2.306645e+01,2.313468e+01,2.323693e+01,2.322330e+01,2.325056e+01,2.319604e+01,2.319604e+01,2.327099e+01,2.323693e+01,2.316877e+01,2.312786e+01,2.314832e+01,2.316195e+01,2.310739e+01,2.320286e+01,2.326418e+01,2.342753e+01,2.329823e+01,2.339352e+01,2.338672e+01,2.333908e+01,2.333228e+01,2.340713e+01,2.357025e+01,2.348872e+01,2.376024e+01,2.378057e+01,2.381446e+01,2.394988e+01,2.453692e+01,2.461763e+01,2.494656e+01,2.499347e+01,2.520763e+01,2.534793e+01,2.545471e+01,2.559468e+01,2.578103e+01,2.597368e+01,2.602677e+01,2.594049e+01,2.600023e+01,2.605330e+01,2.619248e+01,2.619248e+01,2.621235e+01,2.619248e+01,2.622560e+01,2.635794e+01,2.626532e+01,2.636456e+01,2.622560e+01,2.625208e+01,2.625208e+01,2.632487e+01,2.620573e+01,2.642405e+01,2.623884e+01,2.613948e+01,2.625870e+01,2.636456e+01,2.639100e+01,2.629841e+01,2.632487e+01,2.625208e+01,2.630502e+01,2.623884e+01,2.606656e+01,2.602677e+01,2.598696e+01,2.578103e+01,2.567459e+01,2.489964e+01,2.419994e+01,2.409864e+01,2.403105e+01,2.422019e+01,2.430115e+01,2.453019e+01,2.485940e+01,2.499347e+01,2.496667e+01,2.521431e+01,2.530787e+01,2.530787e+01,2.526110e+01,2.526778e+01,2.517419e+01,2.485940e+01,2.487281e+01,2.467141e+01,2.441573e+01,2.406485e+01,2.384833e+01,2.378057e+01,2.373312e+01,2.390250e+01,2.416619e+01,2.435509e+01,2.461763e+01,2.486610e+01,2.514075e+01,2.512737e+01,2.533458e+01,2.546138e+01,2.558136e+01,2.576108e+01,2.556804e+01,2.582756e+01,2.572117e+01,2.580097e+01,2.584750e+01,2.586079e+01,2.591393e+01,2.592721e+01,2.582756e+01,2.590065e+01,2.593385e+01,2.589401e+01,2.580097e+01,2.570121e+01,2.566793e+01,2.571451e+01,2.537464e+01,2.539466e+01,2.535461e+01,2.522100e+01,2.525442e+01,2.496667e+01,2.491305e+01,2.475873e+01,2.482585e+01,2.473187e+01,2.465796e+01,2.457056e+01,2.465796e+01,2.464452e+01,2.454365e+01,2.455710e+01,2.443594e+01,2.450327e+01,2.430790e+01,2.412566e+01,2.407837e+01,2.385510e+01,2.381446e+01,2.374668e+01,2.375346e+01,2.371277e+01,2.371277e+01,2.337311e+01,2.363814e+01,2.331185e+01,2.328461e+01,2.331185e+01,2.328461e+01,2.321649e+01,2.302550e+01,2.292987e+01,2.308010e+01,2.292987e+01,2.292987e+01,2.291620e+01,2.326418e+01,2.330504e+01,2.332547e+01,2.342073e+01,2.332547e+01,2.294353e+01,2.285467e+01,2.273150e+01,2.278626e+01,2.282047e+01,2.282047e+01,2.283415e+01,2.280679e+01,2.279310e+01,2.279310e+01,2.277942e+01,2.286151e+01,2.274519e+01,2.283415e+01,2.282047e+01,2.278626e+01,2.277942e+01,2.288202e+01,2.277942e+01,2.269041e+01,2.272465e+01,2.266986e+01,2.271096e+01,2.282731e+01,2.289569e+01,2.275204e+01,2.275204e+01,2.273150e+01,2.273835e+01,2.275204e+01,2.271780e+01,2.238171e+01,2.269041e+01,2.269041e+01,2.269041e+01,2.271780e+01,2.272465e+01,2.272465e+01,2.264245e+01,2.260132e+01,2.251902e+01,2.281363e+01,2.261503e+01,2.251902e+01,2.246412e+01,2.254646e+01,2.249158e+01,2.240919e+01,2.255332e+01,2.248471e+01,2.247785e+01,2.251902e+01,2.253275e+01,2.249158e+01,2.240232e+01,2.245725e+01,2.249158e+01,2.247785e+01,2.259447e+01,2.247098e+01,2.244352e+01,2.260818e+01,2.249844e+01,2.249158e+01,2.236797e+01,2.247785e+01,2.246412e+01,2.240919e+01,2.242292e+01,2.241605e+01,2.253275e+01,2.246412e+01,2.278626e+01,2.250530e+01,2.238858e+01,2.242292e+01,2.246412e+01,2.242292e+01,2.245725e+01,2.245725e+01,2.240919e+01,2.238171e+01,2.238858e+01,2.247785e+01,2.236110e+01,2.239545e+01,2.242292e+01,2.250530e+01,2.234048e+01,2.247785e+01,2.248471e+01,2.238858e+01,2.240232e+01,2.243666e+01,2.240232e+01,2.240232e+01,2.239545e+01,2.244352e+01,2.249158e+01,2.238171e+01,2.237484e+01,2.226485e+01,2.239545e+01,2.238171e+01,2.236110e+01,2.242979e+01,2.241605e+01,2.242979e+01,2.242292e+01,2.241605e+01,2.231298e+01,2.240232e+01,2.238858e+01,2.225109e+01,2.232673e+01,2.248471e+01,2.231298e+01,2.249158e+01,2.249844e+01,2.234048e+01,2.247785e+01,2.246412e+01,2.236797e+01,2.236797e+01,2.232673e+01,2.239545e+01,2.236110e+01,2.235422e+01,2.235422e+01,2.227860e+01,2.229923e+01,2.230611e+01,2.237484e+01,2.229923e+01,2.243666e+01,2.234735e+01,2.237484e+01,2.231298e+01,2.231986e+01,2.227860e+01,2.225797e+01,2.230611e+01,2.234735e+01,2.230611e+01,2.230611e+01,2.236797e+01,2.231986e+01,2.234735e+01,2.219604e+01,2.218228e+01,2.236110e+01,2.227860e+01,2.238858e+01,2.240232e+01,2.237484e+01,2.229235e+01,2.236797e+01,2.235422e+01,2.229235e+01,2.227860e+01,2.245039e+01,2.226485e+01,2.226485e+01,2.228548e+01,2.227860e+01,2.222357e+01,2.232673e+01,2.224421e+01,2.231986e+01,2.224421e+01,2.223045e+01,2.235422e+01,2.238171e+01,2.237484e+01,2.236797e+01,2.236110e+01,2.225109e+01,2.235422e+01,2.234735e+01,2.236797e+01,2.229923e+01,2.230611e+01,2.250530e+01,2.244352e+01,2.230611e+01,2.254646e+01,2.249158e+01,2.253275e+01,2.251216e+01,2.253275e+01,2.253960e+01,2.253275e+01,2.251216e+01,2.260132e+01,2.247785e+01,2.264245e+01,2.247785e+01,2.254646e+01,2.252588e+01,2.261503e+01,2.269726e+01,2.260818e+01
2.528115e+01,2.518757e+01,2.522100e+01,2.559468e+01,2.530787e+01,2.562798e+01,2.528782e+01,2.573447e+01,2.568124e+01,2.567459e+01,2.568790e+01,2.565462e+01,2.577438e+01,2.582092e+01,2.581427e+01,2.568124e+01,2.566127e+01,2.546138e+01,2.546138e+01,2.526110e+01,2.523437e+01,2.520094e+01,2.485269e+01,2.475201e+01,2.483256e+01,2.473187e+01,2.471844e+01,2.467813e+01,2.479230e+01,2.469156e+01,2.467813e+01,2.472515e+01,2.479901e+01,2.477887e+01,2.489293e+01,2.477887e+01,2.477216e+01,2.477887e+01,2.473187e+01,2.475201e+01,2.465124e+01,2.459073e+01,2.473187e+01,2.471844e+01,2.457056e+01,2.468484e+01,2.457056e+01,2.458401e+01,2.462436e+01,2.462436e+01,2.455710e+01,2.477216e+01,2.463108e+01,2.469156e+01,2.467141e+01,2.479230e+01,2.470500e+01,2.470500e+01,2.463108e+01,2.463108e+01,2.461763e+01,2.471844e+01,2.461763e+01,2.461763e+01,2.462436e+01,2.458401e+01,2.448981e+01,2.450327e+01,2.440900e+01,2.441573e+01,2.435509e+01,2.446961e+01,2.446961e+01,2.450327e+01,2.458401e+01,2.461763e+01,2.446961e+01,2.436857e+01,2.434161e+01,2.461091e+01,2.475201e+01,2.473187e+01,2.457056e+01,2.457056e+01,2.465796e+01,2.459073e+01,2.463108e+01,2.451000e+01,2.462436e+01,2.459746e+01,2.455710e+01,2.435509e+01,2.455710e+01,2.453019e+01,2.446961e+01,2.459746e+01,2.454365e+01,2.465796e+01,2.473187e+01,2.456383e+01,2.481914e+01,2.456383e+01,2.467813e+01,2.457728e+01,2.470500e+01,2.471844e+01,2.470500e+01,2.467141e+01,2.463108e+01,2.467141e+01,2.469828e+01,2.459746e+01,2.465124e+01,2.469828e+01,2.477216e+01,2.489293e+01,2.489964e+01,2.486610e+01,2.491975e+01,2.507383e+01,2.495326e+01,2.510730e+01,2.518757e+01,2.537464e+01,2.562132e+01,2.564130e+01,2.597368e+01,2.625208e+01,2.645709e+01,2.654955e+01,2.655615e+01,2.673422e+01,2.667490e+01,2.687910e+01,2.678693e+01,2.681986e+01,2.685936e+01,2.680669e+01,2.687910e+01,2.684619e+01,2.676717e+01,2.673422e+01,2.675399e+01,2.666171e+01,2.666831e+01,2.664193e+01,2.636456e+01,2.655615e+01,2.652314e+01,2.612623e+01,2.623884e+01,2.623222e+01,2.606656e+01,2.607319e+01,2.577438e+01,2.575443e+01,2.575443e+01,2.556137e+01,2.554138e+01,2.547471e+01,2.548138e+01,2.523437e+01,2.503366e+01,2.522100e+01,2.483927e+01,2.469156e+01,2.471844e+01,2.461763e+01,2.469156e+01,2.422694e+01,2.419994e+01,2.410540e+01,2.408512e+01,2.376702e+01,2.380768e+01,2.354308e+01,2.342073e+01,2.353629e+01,2.327780e+01,2.325737e+01,2.317559e+01,2.312104e+01,2.310057e+01,2.312786e+01,2.320286e+01,2.325737e+01,2.332547e+01,2.344113e+01,2.337991e+01,2.347513e+01,2.341393e+01,2.343433e+01,2.343433e+01,2.340713e+01,2.340032e+01,2.337991e+01,2.341393e+01,2.329823e+01,2.327780e+01,2.340032e+01,2.328461e+01,2.340032e+01,2.328461e+01,2.332547e+01,2.327099e+01,2.325056e+01,2.322330e+01,2.303232e+01,2.312104e+01,2.312786e+01,2.306645e+01,2.301867e+01,2.306645e+01,2.308693e+01,2.299818e+01,2.298452e+01,2.301184e+01,2.284783e+01,2.295720e+01,2.282047e+01,2.280679e+01,2.288886e+01,2.296403e+01,2.289569e+01,2.284099e+01,2.286151e+01,2.275888e+01,2.290253e+01,2.287519e+01,2.285467e+01,2.288886e+01,2.288202e+01,2.300501e+01,2.305280e+01,2.289569e+01,2.286151e+01,2.274519e+01,2.271096e+01,2.262189e+01,2.263560e+01,2.264930e+01,2.260132e+01,2.261503e+01,2.257390e+01,2.262189e+01,2.262189e+01,2.256018e+01,2.255332e+01,2.254646e+01,2.259447e+01,2.270411e+01,2.279310e+01,2.273150e+01,2.269041e+01,2.286835e+01,2.286151e+01,2.284099e+01,2.284099e+01,2.303915e+01,2.301184e+01,2.298452e+01,2.290253e+01,2.290937e+01,2.296403e+01,2.298452e+01,2.297769e+01,2.299135e+01,2.307328e+01,2.296403e+01,2.306645e+01,2.309375e+01,2.320967e+01,2.316195e+01,2.320967e+01,2.320286e+01,2.331866e+01,2.324374e+01,2.321649e+01,2.322330e+01,2.327780e+01,2.317559e+01,2.312786e+01,2.337991e+01,2.336630e+01,2.327099e+01,2.348192e+01,2.336630e+01,2.362457e+01,2.350231e+01,2.333908e+01,2.338672e+01,2.364493e+01,2.356346e+01,2.347513e+01,2.365850e+01,2.362457e+01,2.361778e+01,2.392281e+01,2.407837e+01,2.452346e+01,2.453692e+01,2.491975e+01,2.502026e+01,2.550139e+01,2.536129e+01,2.558802e+01,2.568790e+01,2.578103e+01,2.598032e+01,2.601350e+01,2.595377e+01,2.616599e+01,2.610634e+01,2.597368e+01,2.610634e+01,2.617924e+01,2.617924e+01,2.618586e+01,2.629841e+01,2.625870e+01,2.627194e+01,2.623222e+01,2.621898e+01,2.627855e+01,2.628517e+01,2.629179e+01,2.617261e+01,2.633149e+01,2.615936e+01,2.632487e+01,2.633810e+01,2.626532e+01,2.628517e+01,2.642405e+01,2.625208e+01,2.621235e+01,2.607982e+01,2.618586e+01,2.607982e+01,2.604667e+01,2.582756e+01,2.563464e+01,2.497337e+01,2.415268e+01,2.409188e+01,2.402428e+01,2.419319e+01,2.448308e+01,2.450327e+01,2.495326e+01,2.498677e+01,2.518088e+01,2.528782e+01,2.538799e+01,2.534793e+01,2.533458e+01,2.528115e+01,2.521431e+01,2.508052e+01,2.483256e+01,2.467141e+01,2.443594e+01,2.427417e+01,2.406485e+01,2.376024e+01,2.388219e+01,2.396341e+01,2.419994e+01,2.446288e+01,2.448308e+01,2.493316e+01,2.501357e+01,2.524105e+01,2.527446e+01,2.535461e+01,2.538131e+01,2.570121e+01,2.582756e+01,2.577438e+01,2.595377e+01,2.582092e+01,2.594049e+01,2.605330e+01,2.605993e+01,2.586743e+01,2.592721e+01,2.592721e+01,2.581427e+01,2.580097e+01,2.563464e+01,2.576773e+01,2.572782e+01,2.560800e+01,2.562798e+01,2.552139e+01,2.542135e+01,2.522768e+01,2.532790e+01,2.516751e+01,2.489964e+01,2.505375e+01,2.471844e+01,2.464452e+01,2.464452e+01,2.452346e+01,2.452346e+01,2.444268e+01,2.444268e+01,2.455710e+01,2.454365e+01,2.438205e+01,2.451000e+01,2.417294e+01,2.417294e+01,2.409188e+01,2.393634e+01,2.389573e+01,2.378735e+01,2.359062e+01,2.364493e+01,2.355667e+01,2.339352e+01,2.340713e+01,2.332547e+01,2.323012e+01,2.306645e+01,2.290937e+01,2.291620e+01,2.284783e+01,2.291620e+01,2.277942e+01,2.292303e+01,2.305963e+01,2.304598e+01,2.326418e+01,2.333908e+01,2.338672e+01,2.327099e+01,2.297086e+01,2.284099e+01,2.275888e+01,2.272465e+01,2.269726e+01,2.270411e+01,2.264930e+01,2.282047e+01,2.270411e+01,2.285467e+01,2.269041e+01,2.280679e+01,2.269041e+01,2.275888e+01,2.285467e+01,2.272465e+01,2.283415e+01,2.270411e+01,2.271780e+01,2.270411e+01,2.278626e+01,2.284099e+01,2.265615e+01,2.249158e+01,2.275204e+01,2.277942e+01,2.282731e+01,2.265615e+01,2.269041e+01,2.261503e+01,2.262189e+01,2.256018e+01,2.273835e+01,2.258761e+01,2.264930e+01,2.269726e+01,2.260132e+01,2.254646e+01,2.255332e+01,2.262189e+01,2.264245e+01,2.248471e+01,2.247098e+01,2.249158e+01,2.247098e+01,2.255332e+01,2.257390e+01,2.240232e+01,2.248471e+01,2.249158e+01,2.254646e+01,2.247098e+01,2.248471e+01,2.255332e+01,2.249158e+01,2.251902e+01,2.252588e+01,2.245725e+01,2.247098e+01,2.245039e+01,2.247098e+01,2.241605e+01,2.238171e+01,2.235422e+01,2.227172e+01,2.238858e+01,2.237484e+01,2.238858e+01,2.234735e+01,2.226485e+01,2.233360e+01,2.238171e+01,2.242292e+01,2.237484e+01,2.251902e+01,2.250530e+01,2.249844e+01,2.242979e+01,2.244352e+01,2.242979e+01,2.240919e+01,2.260132e+01,2.251216e+01,2.242979e+01,2.240232e+01,2.240919e+01,2.242979e+01,2.239545e+01,2.237484e+01,2.238858e+01,2.258076e+01,2.238858e+01,2.237484e+01,2.236110e+01,2.238858e+01,2.236797e+01,2.237484e+01,2.251902e+01,2.240919e+01,2.238858e+01,2.234735e+01,2.243666e+01,2.238171e+01,2.239545e+01,2.225109e+01,2.241605e+01,2.233360e+01,2.240919e+01,2.242292e+01,2.240919e+01,2.242979e+01,2.243666e+01,2.231986e+01,2.236110e+01,2.225109e+01,2.242979e+01,2.223733e+01,2.233360e+01,2.239545e+01,2.234735e+01,2.245725e+01,2.239545e+01,2.247098e+01,2.240919e+01,2.231986e+01,2.234735e+01,2.225109e+01,2.235422e+01,2.234048e+01,2.219604e+01,2.231986e+01,2.241605e+01,2.223733e+01,2.245039e+01,2.258761e+01,2.227860e+01,2.229235e+01,2.231298e+01,2.235422e+01,2.227860e+01,2.238171e+01,2.218916e+01,2.230611e+01,2.223733e+01,2.234048e+01,2.230611e+01,2.218916e+01,2.228548e+01,2.225109e+01,2.225797e+01,2.229235e+01,2.228548e+01,2.225797e+01,2.236797e+01,2.231986e+01,2.239545e+01,2.241605e+01,2.243666e+01,2.238171e+01,2.250530e+01,2.235422e+01,2.233360e+01,2.235422e+01,2.234048e+01,2.233360e+01,2.229923e+01,2.229235e+01,2.221669e+01,2.217539e+01,2.227860e+01,2.238858e+01,2.249158e+01,2.233360e+01,2.239545e+01,2.240919e+01,2.239545e+01,2.226485e+01,2.234735e+01,2.228548e+01,2.227172e+01,2.227860e+01,2.251216e+01,2.230611e+01,2.244352e+01,2.238858e+01,2.251216e+01,2.250530e+01,2.251216e+01,2.249844e+01,2.229923e+01,2.253960e+01,2.257390e+01,2.248471e+01,2.250530e+01,2.252588e+01,2.247785e+01,2.253960e+01,2.258761e+01,2.269726e+01,2.252588e+01,2.258076e+01,2.258761e+01
2.522100e+01,2.518757e+01,2.495997e+01,2.498677e+01,2.524105e+01,2.522768e+01,2.520763e+01,2.521431e+01,2.516751e+01,2.529451e+01,2.507383e+01,2.525442e+01,2.527446e+01,2.534126e+01,2.531454e+01,2.523437e+01,2.495326e+01,2.524105e+01,2.497337e+01,2.501357e+01,2.494656e+01,2.477216e+01,2.464452e+01,2.461763e+01,2.461091e+01,2.463780e+01,2.459746e+01,2.467141e+01,2.479230e+01,2.479230e+01,2.483927e+01,2.480572e+01,2.479230e+01,2.475873e+01,2.482585e+01,2.479901e+01,2.489964e+01,2.481914e+01,2.477216e+01,2.498677e+01,2.477887e+01,2.471844e+01,2.473858e+01,2.463780e+01,2.461763e+01,2.465124e+01,2.470500e+01,2.457056e+01,2.469828e+01,2.469828e+01,2.467813e+01,2.458401e+01,2.469156e+01,2.463780e+01,2.461091e+01,2.449654e+01,2.463108e+01,2.453019e+01,2.465796e+01,2.463108e+01,2.472515e+01,2.467141e+01,2.470500e+01,2.469828e+01,2.460419e+01,2.453692e+01,2.444268e+01,2.446288e+01,2.453692e+01,2.439552e+01,2.438878e+01,2.438878e+01,2.445614e+01,2.446288e+01,2.454365e+01,2.452346e+01,2.461763e+01,2.455038e+01,2.460419e+01,2.466469e+01,2.448308e+01,2.469828e+01,2.470500e+01,2.475201e+01,2.475201e+01,2.476544e+01,2.473187e+01,2.457056e+01,2.459746e+01,2.458401e+01,2.464452e+01,2.458401e+01,2.450327e+01,2.455710e+01,2.458401e+01,2.455038e+01,2.456383e+01,2.456383e+01,2.464452e+01,2.473858e+01,2.473858e+01,2.474530e+01,2.469828e+01,2.472515e+01,2.470500e+01,2.472515e+01,2.463108e+01,2.466469e+01,2.463780e+01,2.485269e+01,2.466469e+01,2.468484e+01,2.467141e+01,2.470500e+01,2.477887e+01,2.477887e+01,2.478558e+01,2.493316e+01,2.494656e+01,2.502026e+01,2.505375e+01,2.506044e+01,2.504035e+01,2.534793e+01,2.546805e+01,2.551472e+01,2.566127e+01,2.587408e+01,2.589401e+01,2.607319e+01,2.596704e+01,2.604004e+01,2.598032e+01,2.601350e+01,2.610634e+01,2.594713e+01,2.607982e+01,2.590729e+01,2.604004e+01,2.585415e+01,2.581427e+01,2.578768e+01,2.580762e+01,2.566793e+01,2.545471e+01,2.559468e+01,2.561466e+01,2.552139e+01,2.540801e+01,2.539466e+01,2.536129e+01,2.527446e+01,2.510060e+01,2.524105e+01,2.487952e+01,2.479901e+01,2.481914e+01,2.478558e+01,2.481243e+01,2.465124e+01,2.448981e+01,2.464452e+01,2.422694e+01,2.422694e+01,2.403105e+01,2.404457e+01,2.397018e+01,2.389573e+01,2.390927e+01,2.392281e+01,2.376024e+01,2.363136e+01,2.371277e+01,2.339352e+01,2.338672e+01,2.336630e+01,2.321649e+01,2.319604e+01,2.308010e+01,2.316195e+01,2.297086e+01,2.305280e+01,2.292303e+01,2.316195e+01,2.295720e+01,2.317559e+01,2.321649e+01,2.333228e+01,2.340713e+01,2.326418e+01,2.338672e+01,2.324374e+01,2.341393e+01,2.331866e+01,2.337991e+01,2.336630e+01,2.321649e+01,2.321649e+01,2.322330e+01,2.329142e+01,2.316195e+01,2.327099e+01,2.318241e+01,2.325737e+01,2.305280e+01,2.302550e+01,2.302550e+01,2.302550e+01,2.301184e+01,2.299135e+01,2.283415e+01,2.310739e+01,2.296403e+01,2.288886e+01,2.285467e+01,2.295037e+01,2.281363e+01,2.285467e+01,2.280679e+01,2.278626e+01,2.279995e+01,2.277942e+01,2.290937e+01,2.279310e+01,2.285467e+01,2.285467e+01,2.284099e+01,2.284783e+01,2.289569e+01,2.285467e+01,2.303232e+01,2.287519e+01,2.295720e+01,2.301867e+01,2.295037e+01,2.273835e+01,2.264245e+01,2.262189e+01,2.281363e+01,2.267671e+01,2.260818e+01,2.269041e+01,2.257390e+01,2.262189e+01,2.252588e+01,2.252588e+01,2.262189e+01,2.272465e+01,2.256704e+01,2.256704e+01,2.247785e+01,2.259447e+01,2.279310e+01,2.270411e+01,2.273150e+01,2.278626e+01,2.285467e+01,2.287519e+01,2.284099e+01,2.295720e+01,2.295720e+01,2.297086e+01,2.303232e+01,2.297086e+01,2.308010e+01,2.299818e+01,2.294353e+01,2.315514e+01,2.315514e+01,2.309375e+01,2.308693e+01,2.314150e+01,2.314832e+01,2.329823e+01,2.325737e+01,2.327780e+01,2.338672e+01,2.324374e+01,2.329142e+01,2.331866e+01,2.316877e+01,2.345473e+01,2.327780e+01,2.346833e+01,2.335950e+01,2.351590e+01,2.357025e+01,2.360420e+01,2.361778e+01,2.365172e+01,2.361778e+01,2.370599e+01,2.363136e+01,2.361778e+01,2.363814e+01,2.373312e+01,2.378735e+01,2.392958e+01,2.416619e+01,2.450327e+01,2.453019e+01,2.501357e+01,2.498007e+01,2.529451e+01,2.537464e+01,2.548805e+01,2.581427e+01,2.585415e+01,2.590729e+01,2.588736e+01,2.615274e+01,2.617261e+01,2.618586e+01,2.615936e+01,2.617924e+01,2.617261e+01,2.616599e+01,2.618586e+01,2.620573e+01,2.620573e+01,2.634472e+01,2.635794e+01,2.630502e+01,2.631826e+01,2.622560e+01,2.626532e+01,2.626532e+01,2.636456e+01,2.638439e+01,2.626532e+01,2.633810e+01,2.627855e+01,2.629179e+01,2.643727e+01,2.637117e+01,2.631164e+01,2.623222e+01,2.602677e+01,2.616599e+01,2.592721e+01,2.598696e+01,2.550139e+01,2.474530e+01,2.425393e+01,2.401752e+01,2.405809e+01,2.424044e+01,2.452346e+01,2.471844e+01,2.500687e+01,2.508052e+01,2.518088e+01,2.527446e+01,2.526110e+01,2.546138e+01,2.542802e+01,2.526778e+01,2.509391e+01,2.512737e+01,2.497337e+01,2.493316e+01,2.451000e+01,2.443594e+01,2.405809e+01,2.397018e+01,2.388219e+01,2.397694e+01,2.418644e+01,2.444941e+01,2.459073e+01,2.483927e+01,2.521431e+01,2.520094e+01,2.526778e+01,2.548805e+01,2.554138e+01,2.565462e+01,2.562132e+01,2.580762e+01,2.590729e+01,2.595377e+01,2.600023e+01,2.594049e+01,2.604667e+01,2.586743e+01,2.577438e+01,2.594049e+01,2.581427e+01,2.584085e+01,2.578103e+01,2.569455e+01,2.576108e+01,2.571451e+01,2.568790e+01,2.545471e+01,2.553472e+01,2.541468e+01,2.530119e+01,2.524773e+01,2.502696e+01,2.500017e+01,2.467813e+01,2.471844e+01,2.462436e+01,2.449654e+01,2.457056e+01,2.449654e+01,2.451673e+01,2.448981e+01,2.445614e+01,2.442921e+01,2.436857e+01,2.411215e+01,2.411891e+01,2.406485e+01,2.376024e+01,2.382801e+01,2.366529e+01,2.371956e+01,2.356346e+01,2.352270e+01,2.331185e+01,2.329142e+01,2.328461e+01,2.322330e+01,2.305963e+01,2.312786e+01,2.274519e+01,2.296403e+01,2.299135e+01,2.279995e+01,2.283415e+01,2.290253e+01,2.306645e+01,2.317559e+01,2.337991e+01,2.353629e+01,2.333228e+01,2.323693e+01,2.293670e+01,2.279310e+01,2.270411e+01,2.271096e+01,2.266986e+01,2.281363e+01,2.281363e+01,2.272465e+01,2.269726e+01,2.279995e+01,2.269041e+01,2.274519e+01,2.283415e+01,2.295720e+01,2.270411e+01,2.269041e+01,2.274519e+01,2.277257e+01,2.274519e+01,2.271780e+01,2.273835e+01,2.262874e+01,2.272465e+01,2.263560e+01,2.283415e+01,2.267671e+01,2.267671e+01,2.268356e+01,2.262189e+01,2.269041e+01,2.261503e+01,2.264245e+01,2.256018e+01,2.258076e+01,2.260132e+01,2.261503e+01,2.262874e+01,2.260818e+01,2.240919e+01,2.253960e+01,2.259447e+01,2.251216e+01,2.252588e+01,2.249158e+01,2.261503e+01,2.240232e+01,2.242979e+01,2.242292e+01,2.243666e+01,2.240232e+01,2.242979e+01,2.242979e+01,2.244352e+01,2.247785e+01,2.249158e+01,2.247785e+01,2.249844e+01,2.249158e+01,2.246412e+01,2.245725e+01,2.241605e+01,2.232673e+01,2.245725e+01,2.244352e+01,2.241605e+01,2.242979e+01,2.244352e+01,2.240919e+01,2.236110e+01,2.244352e+01,2.243666e+01,2.242292e+01,2.240232e+01,2.240232e+01,2.240919e+01,2.247785e+01,2.244352e+01,2.238858e+01,2.242979e+01,2.242979e+01,2.233360e+01,2.236797e+01,2.240919e+01,2.227172e+01,2.234048e+01,2.247098e+01,2.252588e+01,2.254646e+01,2.256704e+01,2.243666e+01,2.240919e+01,2.247098e+01,2.242979e+01,2.257390e+01,2.235422e+01,2.238171e+01,2.240232e+01,2.233360e+01,2.251216e+01,2.240919e+01,2.238171e+01,2.243666e+01,2.247785e+01,2.238171e+01,2.242292e+01,2.240919e+01,2.241605e+01,2.244352e+01,2.247785e+01,2.228548e+01,2.229923e+01,2.240232e+01,2.245039e+01,2.237484e+01,2.230611e+01,2.245725e+01,2.238171e+01,2.236110e+01,2.239545e+01,2.244352e+01,2.233360e+01,2.236110e+01,2.235422e+01,2.227172e+01,2.234735e+01,2.234048e+01,2.236110e+01,2.235422e+01,2.227172e+01,2.225109e+01,2.227860e+01,2.230611e+01,2.231298e+01,2.230611e+01,2.223733e+01,2.243666e+01,2.213408e+01,2.234735e+01,2.228548e+01,2.240232e+01,2.239545e+01,2.236110e+01,2.238171e+01,2.231986e+01,2.227860e+01,2.238171e+01,2.223045e+01,2.232673e+01,2.222357e+01,2.226485e+01,2.233360e+01,2.236110e+01,2.235422e+01,2.231986e+01,2.240919e+01,2.238858e+01,2.229923e+01,2.236110e+01,2.242979e+01,2.240919e+01,2.237484e+01,2.236797e+01,2.220292e+01,2.235422e+01,2.232673e+01,2.230611e+01,2.246412e+01,2.230611e+01,2.227172e+01,2.231298e+01,2.247098e+01,2.231298e+01,2.234735e+01,2.229923e+01,2.240232e+01,2.241605e+01,2.220292e+01,2.206518e+01,2.229923e+01,2.227860e+01,2.232673e+01,2.248471e+01,2.249158e+01,2.250530e+01,2.248471e+01,2.248471e+01,2.253960e+01,2.251902e+01,2.252588e+01,2.249844e+01,2.248471e+01,2.247098e+01,2.262189e+01,2.255332e+01,2.246412e+01,2.258761e+01,2.249844e+01,2.253960e+01,2.268356e+01,2.256704e+01,2.267671e+01
2.498007e+01,2.490634e+01,2.491305e+01,2.489293e+01,2.496667e+01,2.495326e+01,2.495997e+01,2.510730e+01,2.493316e+01,2.493316e+01,2.491305e+01,2.491975e+01,2.491975e+01,2.489293e+01,2.493986e+01,2.481914e+01,2.483256e+01,2.492645e+01,2.470500e+01,2.482585e+01,2.470500e+01,2.471172e+01,2.465124e+01,2.434161e+01,2.443594e+01,2.459073e+01,2.467813e+01,2.467141e+01,2.471844e+01,2.477216e+01,2.475873e+01,2.471172e+01,2.476544e+01,2.472515e+01,2.482585e+01,2.477216e+01,2.480572e+01,2.485940e+01,2.485940e+01,2.473187e+01,2.475873e+01,2.472515e+01,2.475873e+01,2.472515e+01,2.473187e+01,2.466469e+01,2.470500e+01,2.469828e+01,2.461763e+01,2.479901e+01,2.471172e+01,2.471172e+01,2.455710e+01,2.478558e+01,2.459746e+01,2.467813e+01,2.466469e+01,2.473187e+01,2.460419e+01,2.465796e+01,2.463108e+01,2.463108e+01,2.469156e+01,2.461763e+01,2.442247e+01,2.457056e+01,2.449654e+01,2.446961e+01,2.451000e+01,2.440900e+01,2.444268e+01,2.450327e+01,2.444941e+01,2.453019e+01,2.451673e+01,2.450327e+01,2.459746e+01,2.448308e+01,2.469156e+01,2.467813e+01,2.469828e+01,2.455710e+01,2.471172e+01,2.471844e+01,2.462436e+01,2.465124e+01,2.462436e+01,2.465796e+01,2.465796e+01,2.469828e+01,2.464452e+01,2.460419e+01,2.460419e+01,2.461763e+01,2.461763e+01,2.453692e+01,2.467813e+01,2.473187e+01,2.473858e+01,2.467813e+01,2.465124e+01,2.461763e+01,2.470500e+01,2.469156e+01,2.465124e+01,2.475201e+01,2.464452e+01,2.469156e+01,2.461091e+01,2.463780e+01,2.466469e+01,2.471172e+01,2.463108e+01,2.479901e+01,2.481243e+01,2.484598e+01,2.481243e+01,2.490634e+01,2.490634e+01,2.491975e+01,2.491305e+01,2.491305e+01,2.462436e+01,2.472515e+01,2.475873e+01,2.499347e+01,2.491975e+01,2.514075e+01,2.510730e+01,2.513406e+01,2.517419e+01,2.511399e+01,2.515413e+01,2.516082e+01,2.510730e+01,2.511399e+01,2.506713e+01,2.506713e+01,2.506713e+01,2.503366e+01,2.501357e+01,2.500017e+01,2.485940e+01,2.485940e+01,2.484598e+01,2.458401e+01,2.465796e+01,2.435509e+01,2.434161e+01,2.432138e+01,2.430790e+01,2.425393e+01,2.425393e+01,2.413242e+01,2.406485e+01,2.407837e+01,2.406485e+01,2.391604e+01,2.388896e+01,2.386187e+01,2.390927e+01,2.377380e+01,2.365850e+01,2.359741e+01,2.360420e+01,2.359062e+01,2.342753e+01,2.355667e+01,2.312786e+01,2.321649e+01,2.320967e+01,2.316877e+01,2.314150e+01,2.314832e+01,2.310057e+01,2.305963e+01,2.304598e+01,2.295720e+01,2.301184e+01,2.289569e+01,2.303232e+01,2.291620e+01,2.294353e+01,2.288202e+01,2.285467e+01,2.289569e+01,2.292987e+01,2.299818e+01,2.326418e+01,2.327780e+01,2.327099e+01,2.323693e+01,2.322330e+01,2.322330e+01,2.318241e+01,2.310739e+01,2.320286e+01,2.295037e+01,2.317559e+01,2.321649e+01,2.303232e+01,2.325737e+01,2.325056e+01,2.304598e+01,2.303915e+01,2.298452e+01,2.291620e+01,2.299135e+01,2.300501e+01,2.303232e+01,2.299818e+01,2.284099e+01,2.280679e+01,2.286151e+01,2.285467e+01,2.277942e+01,2.279995e+01,2.280679e+01,2.282731e+01,2.288886e+01,2.281363e+01,2.279310e+01,2.286151e+01,2.273150e+01,2.273835e+01,2.273150e+01,2.280679e+01,2.276573e+01,2.292987e+01,2.282731e+01,2.284783e+01,2.284783e+01,2.294353e+01,2.289569e+01,2.279310e+01,2.284099e+01,2.280679e+01,2.262874e+01,2.265615e+01,2.264930e+01,2.261503e+01,2.261503e+01,2.266986e+01,2.257390e+01,2.254646e+01,2.265615e+01,2.265615e+01,2.269726e+01,2.250530e+01,2.274519e+01,2.263560e+01,2.275888e+01,2.276573e+01,2.282047e+01,2.277942e+01,2.290937e+01,2.283415e+01,2.293670e+01,2.292303e+01,2.299135e+01,2.302550e+01,2.305963e+01,2.304598e+01,2.295037e+01,2.298452e+01,2.295720e+01,2.300501e+01,2.305963e+01,2.314832e+01,2.315514e+01,2.325737e+01,2.331866e+01,2.320286e+01,2.328461e+01,2.316877e+01,2.332547e+01,2.326418e+01,2.340032e+01,2.332547e+01,2.342753e+01,2.343433e+01,2.348872e+01,2.347513e+01,2.346833e+01,2.352270e+01,2.374668e+01,2.362457e+01,2.361778e+01,2.361778e+01,2.368564e+01,2.365172e+01,2.359062e+01,2.366529e+01,2.367886e+01,2.366529e+01,2.373312e+01,2.388896e+01,2.396341e+01,2.411215e+01,2.452346e+01,2.454365e+01,2.491305e+01,2.497337e+01,2.514075e+01,2.544804e+01,2.547471e+01,2.576108e+01,2.578768e+01,2.608646e+01,2.606656e+01,2.617924e+01,2.611297e+01,2.621235e+01,2.618586e+01,2.618586e+01,2.619911e+01,2.631826e+01,2.614611e+01,2.615936e+01,2.637778e+01,2.622560e+01,2.631826e+01,2.624546e+01,2.630502e+01,2.637117e+01,2.637778e+01,2.623222e+01,2.631826e+01,2.633149e+01,2.627194e+01,2.635794e+01,2.635794e+01,2.635133e+01,2.631164e+01,2.631164e+01,2.625208e+01,2.627194e+01,2.625208e+01,2.617261e+01,2.613286e+01,2.587408e+01,2.558802e+01,2.475873e+01,2.419319e+01,2.417969e+01,2.421344e+01,2.425393e+01,2.455710e+01,2.468484e+01,2.489964e+01,2.497337e+01,2.530119e+01,2.524105e+01,2.542802e+01,2.543469e+01,2.542135e+01,2.528115e+01,2.522100e+01,2.521431e+01,2.497337e+01,2.489964e+01,2.448308e+01,2.437531e+01,2.427417e+01,2.408512e+01,2.390250e+01,2.401752e+01,2.416619e+01,2.447635e+01,2.456383e+01,2.495997e+01,2.520763e+01,2.530787e+01,2.534793e+01,2.530787e+01,2.550805e+01,2.562798e+01,2.578768e+01,2.576108e+01,2.593385e+01,2.596041e+01,2.596041e+01,2.579433e+01,2.592057e+01,2.585415e+01,2.595377e+01,2.582756e+01,2.591393e+01,2.574778e+01,2.576773e+01,2.567459e+01,2.574113e+01,2.572782e+01,2.556804e+01,2.559468e+01,2.545471e+01,2.541468e+01,2.522100e+01,2.522100e+01,2.501357e+01,2.503366e+01,2.474530e+01,2.473187e+01,2.451673e+01,2.453019e+01,2.446961e+01,2.471844e+01,2.457056e+01,2.448308e+01,2.457728e+01,2.432812e+01,2.426068e+01,2.438878e+01,2.405809e+01,2.403105e+01,2.388219e+01,2.385510e+01,2.365172e+01,2.351590e+01,2.333228e+01,2.325737e+01,2.327780e+01,2.314150e+01,2.312786e+01,2.307328e+01,2.307328e+01,2.291620e+01,2.278626e+01,2.276573e+01,2.302550e+01,2.289569e+01,2.286151e+01,2.282731e+01,2.318923e+01,2.331866e+01,2.335950e+01,2.335950e+01,2.342073e+01,2.321649e+01,2.295720e+01,2.275888e+01,2.264245e+01,2.276573e+01,2.281363e+01,2.273835e+01,2.275888e+01,2.279310e+01,2.279310e+01,2.274519e+01,2.266301e+01,2.273150e+01,2.266986e+01,2.282731e+01,2.277942e+01,2.274519e+01,2.278626e+01,2.294353e+01,2.275888e+01,2.267671e+01,2.265615e+01,2.276573e+01,2.253275e+01,2.275888e+01,2.261503e+01,2.266301e+01,2.273835e+01,2.271780e+01,2.266301e+01,2.256704e+01,2.260132e+01,2.264245e+01,2.251902e+01,2.256704e+01,2.261503e+01,2.256704e+01,2.244352e+01,2.262874e+01,2.261503e+01,2.259447e+01,2.242979e+01,2.256704e+01,2.253275e+01,2.247098e+01,2.260132e+01,2.245725e+01,2.240919e+01,2.239545e+01,2.246412e+01,2.243666e+01,2.246412e+01,2.251902e+01,2.240919e+01,2.247785e+01,2.240232e+01,2.243666e+01,2.247785e+01,2.247785e+01,2.228548e+01,2.247785e+01,2.225109e+01,2.232673e+01,2.249158e+01,2.241605e+01,2.240232e+01,2.245039e+01,2.245725e+01,2.236797e+01,2.240919e+01,2.233360e+01,2.237484e+01,2.242979e+01,2.241605e+01,2.249844e+01,2.234048e+01,2.238171e+01,2.245725e+01,2.229235e+01,2.242292e+01,2.232673e+01,2.238171e+01,2.248471e+01,2.245725e+01,2.232673e+01,2.238858e+01,2.251902e+01,2.246412e+01,2.245725e+01,2.250530e+01,2.248471e+01,2.245039e+01,2.243666e+01,2.240232e+01,2.238171e+01,2.240919e+01,2.239545e+01,2.243666e+01,2.238858e+01,2.240232e+01,2.250530e+01,2.231986e+01,2.249158e+01,2.242979e+01,2.232673e+01,2.241605e+01,2.234735e+01,2.236110e+01,2.237484e+01,2.226485e+01,2.250530e+01,2.229923e+01,2.236797e+01,2.227172e+01,2.227172e+01,2.235422e+01,2.233360e+01,2.242979e+01,2.235422e+01,2.242979e+01,2.245039e+01,2.245039e+01,2.241605e+01,2.228548e+01,2.227860e+01,2.242292e+01,2.226485e+01,2.234048e+01,2.235422e+01,2.227172e+01,2.224421e+01,2.234048e+01,2.237484e+01,2.230611e+01,2.227172e+01,2.241605e+01,2.235422e+01,2.233360e+01,2.229235e+01,2.225109e+01,2.240232e+01,2.237484e+01,2.223733e+01,2.241605e+01,2.227172e+01,2.243666e+01,2.237484e+01,2.231298e+01,2.222357e+01,2.218228e+01,2.230611e+01,2.234735e+01,2.232673e+01,2.238171e+01,2.242292e+01,2.234048e+01,2.242292e+01,2.246412e+01,2.229235e+01,2.247785e+01,2.239545e+01,2.235422e+01,2.241605e+01,2.233360e+01,2.226485e+01,2.249844e+01,2.231298e+01,2.221669e+01,2.232673e+01,2.227172e+01,2.234735e+01,2.231986e+01,2.234735e+01,2.234048e+01,2.231298e+01,2.238858e+01,2.236797e+01,2.229923e+01,2.229235e+01,2.223733e+01,2.235422e+01,2.238171e+01,2.231298e+01,2.260818e+01,2.249158e+01,2.253960e+01,2.249844e+01,2.247785e+01,2.249158e+01,2.250530e+01,2.247098e+01,2.255332e+01,2.246412e+01,2.258076e+01,2.245725e+01,2.249158e+01,2.265615e+01,2.263560e+01,2.262189e+01,2.262874e+01,2.262189e+01,2.262874e+01
2.487952e+01,2.487952e+01,2.475873e+01,2.479901e+01,2.484598e+01,2.475873e+01,2.469828e+01,2.465124e+01,2.492645e+01,2.485940e+01,2.465124e+01,2.463108e+01,2.483256e+01,2.450327e+01,2.471844e+01,2.470500e+01,2.468484e+01,2.472515e+01,2.455038e+01,2.443594e+01,2.439552e+01,2.446961e+01,2.431464e+01,2.432138e+01,2.434835e+01,2.440226e+01,2.465796e+01,2.455710e+01,2.468484e+01,2.464452e+01,2.474530e+01,2.473187e+01,2.472515e+01,2.475873e+01,2.481243e+01,2.479901e+01,2.465796e+01,2.485940e+01,2.471172e+01,2.475873e+01,2.476544e+01,2.469156e+01,2.475873e+01,2.473858e+01,2.464452e+01,2.467141e+01,2.467141e+01,2.477887e+01,2.467813e+01,2.480572e+01,2.481243e+01,2.473858e+01,2.467141e+01,2.460419e+01,2.465796e+01,2.465796e+01,2.462436e+01,2.468484e+01,2.458401e+01,2.463108e+01,2.467813e+01,2.463780e+01,2.465796e+01,2.453692e+01,2.466469e+01,2.448308e+01,2.451673e+01,2.446961e+01,2.438205e+01,2.436857e+01,2.450327e+01,2.443594e+01,2.432812e+01,2.453019e+01,2.451673e+01,2.451000e+01,2.453692e+01,2.453692e+01,2.461091e+01,2.467141e+01,2.469828e+01,2.463108e+01,2.469828e+01,2.473858e+01,2.471844e+01,2.464452e+01,2.473858e+01,2.463780e+01,2.465124e+01,2.457728e+01,2.463780e+01,2.463108e+01,2.455710e+01,2.453692e+01,2.460419e+01,2.460419e+01,2.459746e+01,2.461763e+01,2.475873e+01,2.477887e+01,2.470500e+01,2.473187e+01,2.471844e+01,2.474530e+01,2.467141e+01,2.460419e+01,2.469828e+01,2.456383e+01,2.471172e+01,2.467813e+01,2.467141e+01,2.471172e+01,2.471172e+01,2.473858e+01,2.480572e+01,2.479901e+01,2.477887e+01,2.494656e+01,2.482585e+01,2.483927e+01,2.484598e+01,2.489964e+01,2.448308e+01,2.422694e+01,2.424044e+01,2.416619e+01,2.419319e+01,2.426068e+01,2.429441e+01,2.414593e+01,2.418644e+01,2.422019e+01,2.414593e+01,2.419319e+01,2.407837e+01,2.419319e+01,2.418644e+01,2.420670e+01,2.398371e+01,2.395664e+01,2.395664e+01,2.397018e+01,2.397694e+01,2.407161e+01,2.397694e+01,2.381446e+01,2.373990e+01,2.367886e+01,2.365172e+01,2.377380e+01,2.357704e+01,2.349552e+01,2.347513e+01,2.346833e+01,2.327099e+01,2.344113e+01,2.340713e+01,2.339352e+01,2.337311e+01,2.323693e+01,2.330504e+01,2.329823e+01,2.327780e+01,2.327099e+01,2.312104e+01,2.308010e+01,2.310739e+01,2.308010e+01,2.286835e+01,2.301867e+01,2.295037e+01,2.287519e+01,2.288886e+01,2.290253e+01,2.284099e+01,2.291620e+01,2.295720e+01,2.296403e+01,2.299818e+01,2.292303e+01,2.279995e+01,2.286151e+01,2.292987e+01,2.276573e+01,2.287519e+01,2.285467e+01,2.285467e+01,2.286151e+01,2.288202e+01,2.297769e+01,2.294353e+01,2.306645e+01,2.323012e+01,2.320286e+01,2.286151e+01,2.311422e+01,2.288202e+01,2.315514e+01,2.292303e+01,2.292303e+01,2.296403e+01,2.320286e+01,2.300501e+01,2.299135e+01,2.299135e+01,2.290937e+01,2.282731e+01,2.282731e+01,2.284099e+01,2.283415e+01,2.297769e+01,2.273835e+01,2.288886e+01,2.275888e+01,2.279995e+01,2.282047e+01,2.280679e+01,2.282047e+01,2.282731e+01,2.277942e+01,2.285467e+01,2.284783e+01,2.279995e+01,2.277942e+01,2.277942e+01,2.282731e+01,2.273150e+01,2.277257e+01,2.279995e+01,2.282047e+01,2.285467e+01,2.287519e+01,2.290253e+01,2.286835e+01,2.286835e+01,2.282731e+01,2.264930e+01,2.276573e+01,2.268356e+01,2.264930e+01,2.259447e+01,2.268356e+01,2.259447e+01,2.265615e+01,2.256704e+01,2.262874e+01,2.259447e+01,2.258076e+01,2.258761e+01,2.263560e+01,2.273150e+01,2.266301e+01,2.266986e+01,2.267671e+01,2.286835e+01,2.289569e+01,2.286151e+01,2.292303e+01,2.303915e+01,2.302550e+01,2.293670e+01,2.295037e+01,2.293670e+01,2.311422e+01,2.308693e+01,2.306645e+01,2.295037e+01,2.304598e+01,2.328461e+01,2.323693e+01,2.332547e+01,2.328461e+01,2.331185e+01,2.341393e+01,2.333908e+01,2.333908e+01,2.345473e+01,2.334589e+01,2.338672e+01,2.348872e+01,2.340032e+01,2.355667e+01,2.344113e+01,2.345473e+01,2.361778e+01,2.369921e+01,2.380091e+01,2.375346e+01,2.369242e+01,2.366529e+01,2.377380e+01,2.371277e+01,2.382801e+01,2.369242e+01,2.373990e+01,2.380768e+01,2.377380e+01,2.408512e+01,2.430115e+01,2.453692e+01,2.461763e+01,2.494656e+01,2.508052e+01,2.530119e+01,2.548805e+01,2.574113e+01,2.573447e+01,2.599359e+01,2.601350e+01,2.601350e+01,2.605330e+01,2.612623e+01,2.625208e+01,2.619248e+01,2.634472e+01,2.633810e+01,2.621235e+01,2.634472e+01,2.622560e+01,2.646370e+01,2.613286e+01,2.634472e+01,2.625870e+01,2.628517e+01,2.626532e+01,2.638439e+01,2.636456e+01,2.633149e+01,2.633149e+01,2.636456e+01,2.627855e+01,2.643727e+01,2.631826e+01,2.631826e+01,2.635794e+01,2.629179e+01,2.631164e+01,2.627194e+01,2.629179e+01,2.605993e+01,2.581427e+01,2.556137e+01,2.479901e+01,2.428766e+01,2.420670e+01,2.417969e+01,2.426743e+01,2.456383e+01,2.473858e+01,2.489964e+01,2.510060e+01,2.528782e+01,2.536129e+01,2.537464e+01,2.542135e+01,2.527446e+01,2.534126e+01,2.532122e+01,2.524105e+01,2.504035e+01,2.482585e+01,2.455710e+01,2.445614e+01,2.435509e+01,2.410540e+01,2.411215e+01,2.403105e+01,2.417969e+01,2.452346e+01,2.471172e+01,2.503366e+01,2.504035e+01,2.527446e+01,2.526778e+01,2.553472e+01,2.553472e+01,2.556804e+01,2.579433e+01,2.572782e+01,2.570786e+01,2.570786e+01,2.597368e+01,2.594049e+01,2.599359e+01,2.585415e+01,2.590065e+01,2.598696e+01,2.584085e+01,2.578768e+01,2.590065e+01,2.576108e+01,2.576108e+01,2.580097e+01,2.560800e+01,2.566127e+01,2.541468e+01,2.538131e+01,2.540133e+01,2.522100e+01,2.522768e+01,2.505375e+01,2.474530e+01,2.471172e+01,2.471172e+01,2.459746e+01,2.459073e+01,2.451000e+01,2.451000e+01,2.457056e+01,2.453692e+01,2.437531e+01,2.426743e+01,2.426068e+01,2.407837e+01,2.406485e+01,2.383478e+01,2.365172e+01,2.357704e+01,2.350231e+01,2.333228e+01,2.318241e+01,2.316877e+01,2.317559e+01,2.290937e+01,2.296403e+01,2.288202e+01,2.287519e+01,2.288202e+01,2.286151e+01,2.291620e+01,2.296403e+01,2.288202e+01,2.288202e+01,2.312786e+01,2.336630e+01,2.338672e+01,2.339352e+01,2.333908e+01,2.325056e+01,2.311422e+01,2.273150e+01,2.275204e+01,2.265615e+01,2.271780e+01,2.270411e+01,2.269041e+01,2.271780e+01,2.254646e+01,2.270411e+01,2.266986e+01,2.274519e+01,2.270411e+01,2.276573e+01,2.258076e+01,2.273150e+01,2.295720e+01,2.274519e+01,2.277257e+01,2.275204e+01,2.264930e+01,2.273150e+01,2.262874e+01,2.255332e+01,2.269041e+01,2.264245e+01,2.273835e+01,2.263560e+01,2.263560e+01,2.262189e+01,2.264245e+01,2.259447e+01,2.258761e+01,2.259447e+01,2.256704e+01,2.260818e+01,2.253960e+01,2.240919e+01,2.242979e+01,2.247098e+01,2.261503e+01,2.246412e+01,2.248471e+01,2.249158e+01,2.241605e+01,2.253275e+01,2.240919e+01,2.238171e+01,2.246412e+01,2.238171e+01,2.245725e+01,2.254646e+01,2.244352e+01,2.249844e+01,2.257390e+01,2.244352e+01,2.258076e+01,2.232673e+01,2.249158e+01,2.233360e+01,2.244352e+01,2.241605e+01,2.242979e+01,2.239545e+01,2.245039e+01,2.245725e+01,2.238858e+01,2.238858e+01,2.236797e+01,2.240232e+01,2.229923e+01,2.245725e+01,2.247098e+01,2.254646e+01,2.234735e+01,2.240232e+01,2.247098e+01,2.234048e+01,2.245039e+01,2.245725e+01,2.232673e+01,2.243666e+01,2.244352e+01,2.242979e+01,2.246412e+01,2.242979e+01,2.242979e+01,2.249844e+01,2.249158e+01,2.247098e+01,2.246412e+01,2.234735e+01,2.239545e+01,2.240919e+01,2.236110e+01,2.240232e+01,2.240232e+01,2.240232e+01,2.232673e+01,2.253960e+01,2.236797e+01,2.247098e+01,2.238171e+01,2.237484e+01,2.251216e+01,2.240232e+01,2.247098e+01,2.234735e+01,2.231298e+01,2.234735e+01,2.237484e+01,2.229923e+01,2.238171e+01,2.236797e+01,2.233360e+01,2.236110e+01,2.228548e+01,2.232673e+01,2.229235e+01,2.238858e+01,2.244352e+01,2.231298e+01,2.235422e+01,2.251216e+01,2.242292e+01,2.225109e+01,2.232673e+01,2.231298e+01,2.217539e+01,2.227172e+01,2.238858e+01,2.246412e+01,2.230611e+01,2.224421e+01,2.232673e+01,2.241605e+01,2.229923e+01,2.240232e+01,2.238171e+01,2.229235e+01,2.236797e+01,2.232673e+01,2.227172e+01,2.223733e+01,2.238858e+01,2.227860e+01,2.228548e+01,2.227860e+01,2.253275e+01,2.245039e+01,2.233360e+01,2.236110e+01,2.237484e+01,2.231986e+01,2.238858e+01,2.234735e+01,2.242979e+01,2.238858e+01,2.238171e+01,2.238858e+01,2.234048e+01,2.240232e+01,2.231298e+01,2.249844e+01,2.230611e+01,2.231298e+01,2.252588e+01,2.236110e+01,2.232673e+01,2.228548e+01,2.229923e+01,2.235422e+01,2.231298e+01,2.238858e+01,2.245725e+01,2.222357e+01,2.234048e+01,2.226485e+01,2.229923e+01,2.222357e+01,2.221669e+01,2.241605e+01,2.242292e+01,2.242292e+01,2.257390e+01,2.251216e+01,2.249844e+01,2.260818e+01,2.249158e+01,2.247785e+01,2.251902e+01,2.249158e+01,2.253960e+01,2.251902e+01,2.246412e+01,2.247785e+01,2.249844e+01,2.256704e+01,2.261503e+01,2.253960e+01,2.270411e+01
2.466469e+01,2.471172e+01,2.467141e+01,2.483256e+01,2.466469e+01,2.454365e+01,2.470500e+01,2.465124e+01,2.491975e+01,2.463780e+01,2.451000e+01,2.448981e+01,2.461091e+01,2.448308e+01,2.455038e+01,2.446288e+01,2.440226e+01,2.447635e+01,2.434835e+01,2.441573e+01,2.433487e+01,2.418644e+01,2.443594e+01,2.430115e+01,2.428766e+01,2.459746e+01,2.457056e+01,2.463108e+01,2.473187e+01,2.465796e+01,2.470500e+01,2.471172e+01,2.469828e+01,2.472515e+01,2.475201e+01,2.481914e+01,2.481243e+01,2.465124e+01,2.485269e+01,2.467141e+01,2.476544e+01,2.474530e+01,2.476544e+01,2.471844e+01,2.470500e+01,2.486610e+01,2.471172e+01,2.494656e+01,2.471172e+01,2.479230e+01,2.467141e+01,2.483256e+01,2.482585e+01,2.479230e+01,2.457056e+01,2.460419e+01,2.463108e+01,2.452346e+01,2.466469e+01,2.461091e+01,2.451673e+01,2.463780e+01,2.447635e+01,2.444941e+01,2.446288e+01,2.447635e+01,2.446961e+01,2.450327e+01,2.437531e+01,2.451000e+01,2.448981e+01,2.460419e+01,2.442247e+01,2.446961e+01,2.448981e+01,2.444941e+01,2.449654e+01,2.455038e+01,2.453019e+01,2.458401e+01,2.467141e+01,2.461763e+01,2.467141e+01,2.465796e+01,2.458401e+01,2.464452e+01,2.459746e+01,2.471844e+01,2.457056e+01,2.463108e+01,2.463780e+01,2.453019e+01,2.448308e+01,2.457728e+01,2.448981e+01,2.453019e+01,2.455038e+01,2.459073e+01,2.457056e+01,2.473858e+01,2.473858e+01,2.471172e+01,2.465124e+01,2.466469e+01,2.465796e+01,2.458401e+01,2.464452e+01,2.471172e+01,2.469828e+01,2.465796e+01,2.463108e+01,2.474530e+01,2.471844e+01,2.473187e+01,2.477216e+01,2.478558e+01,2.479230e+01,2.484598e+01,2.479901e+01,2.480572e+01,2.458401e+01,2.438205e+01,2.405133e+01,2.375346e+01,2.353629e+01,2.333228e+01,2.359062e+01,2.356346e+01,2.350231e+01,2.357025e+01,2.350911e+01,2.344793e+01,2.354987e+01,2.335269e+01,2.350911e+01,2.351590e+01,2.348872e+01,2.342753e+01,2.329823e+01,2.336630e+01,2.328461e+01,2.323693e+01,2.324374e+01,2.324374e+01,2.331866e+01,2.316877e+01,2.320286e+01,2.312786e+01,2.287519e+01,2.287519e+01,2.311422e+01,2.311422e+01,2.312786e+01,2.290937e+01,2.314150e+01,2.287519e+01,2.310739e+01,2.285467e+01,2.299135e+01,2.291620e+01,2.290253e+01,2.297086e+01,2.292303e+01,2.281363e+01,2.297769e+01,2.272465e+01,2.285467e+01,2.279995e+01,2.281363e+01,2.285467e+01,2.273835e+01,2.271780e+01,2.286151e+01,2.282731e+01,2.279995e+01,2.266986e+01,2.273835e+01,2.271780e+01,2.279995e+01,2.275888e+01,2.279995e+01,2.275888e+01,2.274519e+01,2.290937e+01,2.278626e+01,2.277257e+01,2.286151e+01,2.290937e+01,2.285467e+01,2.292987e+01,2.287519e+01,2.294353e+01,2.297769e+01,2.303232e+01,2.302550e+01,2.287519e+01,2.288202e+01,2.300501e+01,2.288886e+01,2.296403e+01,2.277257e+01,2.282047e+01,2.280679e+01,2.277942e+01,2.275888e+01,2.271780e+01,2.280679e+01,2.283415e+01,2.280679e+01,2.277257e+01,2.274519e+01,2.276573e+01,2.284783e+01,2.277257e+01,2.279995e+01,2.278626e+01,2.293670e+01,2.289569e+01,2.264930e+01,2.293670e+01,2.275204e+01,2.284783e+01,2.274519e+01,2.280679e+01,2.273835e+01,2.279995e+01,2.277257e+01,2.277257e+01,2.270411e+01,2.274519e+01,2.283415e+01,2.284783e+01,2.277942e+01,2.282731e+01,2.279995e+01,2.275888e+01,2.265615e+01,2.266986e+01,2.266301e+01,2.260818e+01,2.269041e+01,2.268356e+01,2.258076e+01,2.259447e+01,2.267671e+01,2.255332e+01,2.253960e+01,2.258761e+01,2.258076e+01,2.259447e+01,2.267671e+01,2.264245e+01,2.285467e+01,2.288886e+01,2.286151e+01,2.286151e+01,2.289569e+01,2.286835e+01,2.290937e+01,2.304598e+01,2.296403e+01,2.312786e+01,2.305280e+01,2.300501e+01,2.300501e+01,2.297769e+01,2.298452e+01,2.318923e+01,2.309375e+01,2.322330e+01,2.322330e+01,2.321649e+01,2.342073e+01,2.346153e+01,2.335269e+01,2.332547e+01,2.334589e+01,2.344113e+01,2.348872e+01,2.352270e+01,2.350911e+01,2.364493e+01,2.346833e+01,2.371956e+01,2.367886e+01,2.378057e+01,2.387542e+01,2.365850e+01,2.386865e+01,2.388896e+01,2.389573e+01,2.372634e+01,2.382123e+01,2.377380e+01,2.371956e+01,2.380768e+01,2.383478e+01,2.405809e+01,2.427417e+01,2.434161e+01,2.463108e+01,2.493986e+01,2.506713e+01,2.534126e+01,2.522768e+01,2.548138e+01,2.556137e+01,2.582756e+01,2.602013e+01,2.606656e+01,2.611960e+01,2.609309e+01,2.615936e+01,2.618586e+01,2.627194e+01,2.624546e+01,2.622560e+01,2.625870e+01,2.637778e+01,2.633149e+01,2.627194e+01,2.630502e+01,2.631826e+01,2.637117e+01,2.631826e+01,2.637117e+01,2.623884e+01,2.638439e+01,2.633810e+01,2.640422e+01,2.627194e+01,2.643066e+01,2.629179e+01,2.643066e+01,2.629179e+01,2.635133e+01,2.631164e+01,2.625870e+01,2.608646e+01,2.605993e+01,2.580762e+01,2.554804e+01,2.473187e+01,2.416619e+01,2.416619e+01,2.423369e+01,2.429441e+01,2.462436e+01,2.465124e+01,2.489964e+01,2.504705e+01,2.534793e+01,2.540133e+01,2.530119e+01,2.526778e+01,2.544137e+01,2.537464e+01,2.535461e+01,2.528782e+01,2.516751e+01,2.498677e+01,2.463108e+01,2.454365e+01,2.441573e+01,2.392281e+01,2.409864e+01,2.405133e+01,2.429441e+01,2.457728e+01,2.469828e+01,2.498677e+01,2.514744e+01,2.518088e+01,2.531454e+01,2.550805e+01,2.559468e+01,2.543469e+01,2.566793e+01,2.567459e+01,2.580097e+01,2.586743e+01,2.594049e+01,2.590729e+01,2.596041e+01,2.587408e+01,2.591393e+01,2.588736e+01,2.594049e+01,2.577438e+01,2.584085e+01,2.579433e+01,2.575443e+01,2.564130e+01,2.558136e+01,2.550805e+01,2.553472e+01,2.548805e+01,2.538131e+01,2.522100e+01,2.503366e+01,2.517419e+01,2.498007e+01,2.466469e+01,2.471172e+01,2.455710e+01,2.457728e+01,2.445614e+01,2.452346e+01,2.448981e+01,2.437531e+01,2.444941e+01,2.425393e+01,2.417969e+01,2.405133e+01,2.394988e+01,2.382123e+01,2.354987e+01,2.358383e+01,2.340032e+01,2.322330e+01,2.321649e+01,2.328461e+01,2.308010e+01,2.297769e+01,2.290937e+01,2.301184e+01,2.282731e+01,2.283415e+01,2.285467e+01,2.286835e+01,2.286835e+01,2.304598e+01,2.288886e+01,2.305280e+01,2.335950e+01,2.317559e+01,2.337311e+01,2.334589e+01,2.322330e+01,2.296403e+01,2.276573e+01,2.269041e+01,2.275888e+01,2.272465e+01,2.270411e+01,2.272465e+01,2.267671e+01,2.275204e+01,2.270411e+01,2.270411e+01,2.264930e+01,2.272465e+01,2.269726e+01,2.264245e+01,2.270411e+01,2.258761e+01,2.271780e+01,2.268356e+01,2.278626e+01,2.269041e+01,2.269041e+01,2.263560e+01,2.255332e+01,2.266301e+01,2.262874e+01,2.258761e+01,2.262189e+01,2.260132e+01,2.256018e+01,2.253275e+01,2.260818e+01,2.247785e+01,2.253960e+01,2.256704e+01,2.267671e+01,2.249158e+01,2.264930e+01,2.241605e+01,2.253960e+01,2.258761e+01,2.256018e+01,2.249158e+01,2.242292e+01,2.237484e+01,2.247098e+01,2.245725e+01,2.246412e+01,2.246412e+01,2.238171e+01,2.246412e+01,2.239545e+01,2.238858e+01,2.243666e+01,2.257390e+01,2.251216e+01,2.235422e+01,2.248471e+01,2.243666e+01,2.235422e+01,2.236110e+01,2.244352e+01,2.231298e+01,2.241605e+01,2.236110e+01,2.244352e+01,2.235422e+01,2.227860e+01,2.226485e+01,2.238858e+01,2.245725e+01,2.238858e+01,2.256704e+01,2.242979e+01,2.235422e+01,2.237484e+01,2.236110e+01,2.240232e+01,2.247098e+01,2.238171e+01,2.247785e+01,2.246412e+01,2.246412e+01,2.247785e+01,2.246412e+01,2.246412e+01,2.244352e+01,2.241605e+01,2.245039e+01,2.247098e+01,2.242979e+01,2.245725e+01,2.242292e+01,2.241605e+01,2.243666e+01,2.237484e+01,2.244352e+01,2.240232e+01,2.236110e+01,2.240232e+01,2.223733e+01,2.231986e+01,2.231986e+01,2.229923e+01,2.238171e+01,2.238171e+01,2.223733e+01,2.228548e+01,2.237484e+01,2.229923e+01,2.240232e+01,2.231298e+01,2.230611e+01,2.245725e+01,2.231986e+01,2.236797e+01,2.232673e+01,2.235422e+01,2.229923e+01,2.244352e+01,2.233360e+01,2.233360e+01,2.240232e+01,2.228548e+01,2.245725e+01,2.231298e+01,2.226485e+01,2.232673e+01,2.237484e+01,2.233360e+01,2.233360e+01,2.227172e+01,2.242292e+01,2.232673e+01,2.225109e+01,2.221669e+01,2.240232e+01,2.228548e+01,2.229923e+01,2.234735e+01,2.236110e+01,2.238171e+01,2.238171e+01,2.240919e+01,2.228548e+01,2.224421e+01,2.226485e+01,2.230611e+01,2.207897e+01,2.234735e+01,2.234048e+01,2.234735e+01,2.223733e+01,2.233360e+01,2.229235e+01,2.230611e+01,2.229923e+01,2.240232e+01,2.239545e+01,2.241605e+01,2.227172e+01,2.225109e+01,2.234048e+01,2.230611e+01,2.223733e+01,2.221669e+01,2.216851e+01,2.225109e+01,2.242292e+01,2.234048e+01,2.229923e+01,2.235422e+01,2.233360e+01,2.245039e+01,2.237484e+01,2.225797e+01,2.238858e+01,2.231986e+01,2.222357e+01,2.223045e+01,2.224421e+01,2.238858e+01,2.232673e+01,2.257390e+01,2.258761e+01,2.245725e+01,2.247098e+01,2.235422e+01,2.243666e+01,2.246412e+01,2.254646e+01,2.249844e+01,2.254646e+01,2.258761e+01,2.248471e+01,2.253960e+01,2.262874e+01,2.267671e+01,2.262874e+01,2.253275e+01,2.253960e+01
2.465796e+01,2.473858e+01,2.467141e+01,2.466469e+01,2.467141e+01,2.465124e+01,2.462436e+01,2.467813e+01,2.465796e+01,2.455710e+01,2.459746e+01,2.446961e+01,2.465796e+01,2.446288e+01,2.444268e+01,2.442247e+01,2.445614e+01,2.467813e+01,2.440226e+01,2.440900e+01,2.429441e+01,2.419994e+01,2.424044e+01,2.432138e+01,2.428766e+01,2.438878e+01,2.432138e+01,2.452346e+01,2.451000e+01,2.462436e+01,2.465124e+01,2.464452e+01,2.474530e+01,2.474530e+01,2.477216e+01,2.479901e+01,2.476544e+01,2.469156e+01,2.467813e+01,2.469828e+01,2.480572e+01,2.471172e+01,2.475201e+01,2.468484e+01,2.468484e+01,2.485269e+01,2.468484e+01,2.467141e+01,2.467141e+01,2.480572e+01,2.473858e+01,2.452346e+01,2.467141e+01,2.459746e+01,2.466469e+01,2.460419e+01,2.457056e+01,2.459073e+01,2.466469e+01,2.455710e+01,2.461763e+01,2.446961e+01,2.457728e+01,2.451673e+01,2.450327e+01,2.440226e+01,2.446961e+01,2.435509e+01,2.449654e+01,2.449654e+01,2.448981e+01,2.452346e+01,2.443594e+01,2.453692e+01,2.451000e+01,2.434161e+01,2.448981e+01,2.447635e+01,2.459073e+01,2.446288e+01,2.457056e+01,2.463108e+01,2.451673e+01,2.467141e+01,2.461091e+01,2.463108e+01,2.459073e+01,2.455038e+01,2.461763e+01,2.465796e+01,2.460419e+01,2.465796e+01,2.465124e+01,2.453692e+01,2.452346e+01,2.451673e+01,2.461091e+01,2.459073e+01,2.465124e+01,2.471844e+01,2.467813e+01,2.467813e+01,2.466469e+01,2.473858e+01,2.462436e+01,2.462436e+01,2.455038e+01,2.457056e+01,2.462436e+01,2.470500e+01,2.468484e+01,2.467141e+01,2.483927e+01,2.471844e+01,2.481243e+01,2.479230e+01,2.479901e+01,2.483927e+01,2.478558e+01,2.456383e+01,2.458401e+01,2.418644e+01,2.364493e+01,2.347513e+01,2.323012e+01,2.303232e+01,2.285467e+01,2.303232e+01,2.303232e+01,2.300501e+01,2.291620e+01,2.303915e+01,2.290937e+01,2.292303e+01,2.297769e+01,2.298452e+01,2.293670e+01,2.301867e+01,2.289569e+01,2.295720e+01,2.299818e+01,2.295037e+01,2.298452e+01,2.292987e+01,2.286835e+01,2.286151e+01,2.273835e+01,2.280679e+01,2.277257e+01,2.288202e+01,2.282731e+01,2.289569e+01,2.287519e+01,2.280679e+01,2.281363e+01,2.269041e+01,2.273835e+01,2.286151e+01,2.277942e+01,2.296403e+01,2.282047e+01,2.269041e+01,2.271096e+01,2.271780e+01,2.268356e+01,2.270411e+01,2.279995e+01,2.271780e+01,2.286151e+01,2.274519e+01,2.272465e+01,2.278626e+01,2.265615e+01,2.269041e+01,2.282047e+01,2.281363e+01,2.279995e+01,2.273835e+01,2.278626e+01,2.280679e+01,2.274519e+01,2.274519e+01,2.272465e+01,2.278626e+01,2.284783e+01,2.271096e+01,2.288202e+01,2.280679e+01,2.284099e+01,2.299135e+01,2.288886e+01,2.279310e+01,2.294353e+01,2.279995e+01,2.286835e+01,2.273150e+01,2.277942e+01,2.288886e+01,2.285467e+01,2.275888e+01,2.286151e+01,2.284099e+01,2.279310e+01,2.279995e+01,2.273835e+01,2.287519e+01,2.293670e+01,2.275204e+01,2.273150e+01,2.276573e+01,2.274519e+01,2.282731e+01,2.279310e+01,2.277257e+01,2.262189e+01,2.286835e+01,2.279310e+01,2.279995e+01,2.270411e+01,2.274519e+01,2.272465e+01,2.281363e+01,2.272465e+01,2.282047e+01,2.278626e+01,2.273150e+01,2.277257e+01,2.275204e+01,2.284783e+01,2.280679e+01,2.277257e+01,2.277257e+01,2.279310e+01,2.283415e+01,2.286835e+01,2.272465e+01,2.265615e+01,2.263560e+01,2.266986e+01,2.269041e+01,2.258761e+01,2.264245e+01,2.258761e+01,2.260132e+01,2.259447e+01,2.253960e+01,2.258076e+01,2.269041e+01,2.268356e+01,2.268356e+01,2.259447e+01,2.264930e+01,2.261503e+01,2.267671e+01,2.290937e+01,2.288886e+01,2.288886e+01,2.288886e+01,2.302550e+01,2.299818e+01,2.296403e+01,2.308010e+01,2.315514e+01,2.309375e+01,2.304598e+01,2.300501e+01,2.311422e+01,2.317559e+01,2.318241e+01,2.331866e+01,2.343433e+01,2.344113e+01,2.333228e+01,2.344113e+01,2.346833e+01,2.352270e+01,2.344793e+01,2.350911e+01,2.373990e+01,2.361778e+01,2.368564e+01,2.361778e+01,2.370599e+01,2.367207e+01,2.383478e+01,2.386187e+01,2.388219e+01,2.376024e+01,2.372634e+01,2.389573e+01,2.372634e+01,2.392958e+01,2.380768e+01,2.378735e+01,2.378057e+01,2.386865e+01,2.408512e+01,2.412566e+01,2.422694e+01,2.459073e+01,2.462436e+01,2.484598e+01,2.506713e+01,2.521431e+01,2.546138e+01,2.550139e+01,2.573447e+01,2.579433e+01,2.603340e+01,2.613286e+01,2.607982e+01,2.607982e+01,2.620573e+01,2.619911e+01,2.621898e+01,2.619248e+01,2.635794e+01,2.631164e+01,2.627194e+01,2.627194e+01,2.623884e+01,2.651654e+01,2.621898e+01,2.629179e+01,2.635794e+01,2.641744e+01,2.621235e+01,2.631826e+01,2.635133e+01,2.634472e+01,2.642405e+01,2.643727e+01,2.640422e+01,2.635133e+01,2.635794e+01,2.637117e+01,2.631826e+01,2.624546e+01,2.607319e+01,2.603340e+01,2.581427e+01,2.556137e+01,2.473858e+01,2.419994e+01,2.407161e+01,2.421344e+01,2.428766e+01,2.466469e+01,2.467141e+01,2.512737e+01,2.511399e+01,2.532122e+01,2.538131e+01,2.540133e+01,2.534126e+01,2.534126e+01,2.548805e+01,2.535461e+01,2.530119e+01,2.506044e+01,2.480572e+01,2.467813e+01,2.446961e+01,2.415943e+01,2.418644e+01,2.409864e+01,2.408512e+01,2.435509e+01,2.440226e+01,2.469156e+01,2.502696e+01,2.489964e+01,2.528782e+01,2.530119e+01,2.532122e+01,2.538799e+01,2.560800e+01,2.581427e+01,2.570121e+01,2.572117e+01,2.584085e+01,2.580097e+01,2.597368e+01,2.599359e+01,2.592057e+01,2.590729e+01,2.592057e+01,2.589401e+01,2.583421e+01,2.584085e+01,2.590065e+01,2.568790e+01,2.566127e+01,2.556804e+01,2.566127e+01,2.560134e+01,2.542802e+01,2.538131e+01,2.521431e+01,2.522768e+01,2.506713e+01,2.502696e+01,2.468484e+01,2.473858e+01,2.469828e+01,2.441573e+01,2.455710e+01,2.453692e+01,2.453692e+01,2.439552e+01,2.426743e+01,2.422694e+01,2.402428e+01,2.400400e+01,2.382801e+01,2.360420e+01,2.359062e+01,2.337991e+01,2.340713e+01,2.325056e+01,2.327780e+01,2.305280e+01,2.297086e+01,2.284783e+01,2.298452e+01,2.278626e+01,2.288886e+01,2.279310e+01,2.279995e+01,2.286835e+01,2.292987e+01,2.292303e+01,2.292303e+01,2.320967e+01,2.326418e+01,2.336630e+01,2.340032e+01,2.337991e+01,2.324374e+01,2.294353e+01,2.297086e+01,2.260818e+01,2.260818e+01,2.273835e+01,2.259447e+01,2.264245e+01,2.268356e+01,2.264930e+01,2.266986e+01,2.256704e+01,2.264930e+01,2.258076e+01,2.275888e+01,2.271780e+01,2.262874e+01,2.264930e+01,2.268356e+01,2.273835e+01,2.268356e+01,2.266301e+01,2.264930e+01,2.260132e+01,2.254646e+01,2.256018e+01,2.264930e+01,2.263560e+01,2.258076e+01,2.258076e+01,2.249844e+01,2.258761e+01,2.249844e+01,2.260818e+01,2.249844e+01,2.247098e+01,2.258076e+01,2.261503e+01,2.242292e+01,2.242292e+01,2.242979e+01,2.237484e+01,2.250530e+01,2.246412e+01,2.240919e+01,2.240919e+01,2.236797e+01,2.246412e+01,2.246412e+01,2.247785e+01,2.245725e+01,2.251216e+01,2.245725e+01,2.249844e+01,2.241605e+01,2.236797e+01,2.244352e+01,2.256704e+01,2.232673e+01,2.245039e+01,2.238858e+01,2.243666e+01,2.245725e+01,2.241605e+01,2.238858e+01,2.238858e+01,2.238858e+01,2.242292e+01,2.239545e+01,2.236797e+01,2.232673e+01,2.247098e+01,2.245039e+01,2.234735e+01,2.230611e+01,2.238858e+01,2.244352e+01,2.240919e+01,2.243666e+01,2.238171e+01,2.232673e+01,2.234048e+01,2.244352e+01,2.249158e+01,2.244352e+01,2.242979e+01,2.238858e+01,2.243666e+01,2.240232e+01,2.240919e+01,2.234735e+01,2.244352e+01,2.241605e+01,2.244352e+01,2.243666e+01,2.243666e+01,2.240919e+01,2.247785e+01,2.236110e+01,2.225109e+01,2.241605e+01,2.222357e+01,2.240232e+01,2.227172e+01,2.230611e+01,2.230611e+01,2.234048e+01,2.220292e+01,2.227172e+01,2.225797e+01,2.228548e+01,2.229923e+01,2.229923e+01,2.231298e+01,2.230611e+01,2.225797e+01,2.225109e+01,2.234735e+01,2.229923e+01,2.239545e+01,2.243666e+01,2.248471e+01,2.234735e+01,2.242292e+01,2.243666e+01,2.236797e+01,2.244352e+01,2.242292e+01,2.241605e+01,2.229235e+01,2.223733e+01,2.226485e+01,2.247785e+01,2.227860e+01,2.238171e+01,2.249158e+01,2.230611e+01,2.228548e+01,2.229235e+01,2.235422e+01,2.238171e+01,2.241605e+01,2.237484e+01,2.231298e+01,2.234048e+01,2.232673e+01,2.229235e+01,2.232673e+01,2.234735e+01,2.225797e+01,2.227860e+01,2.231986e+01,2.229923e+01,2.243666e+01,2.229923e+01,2.233360e+01,2.239545e+01,2.242292e+01,2.237484e+01,2.231298e+01,2.238858e+01,2.221669e+01,2.226485e+01,2.227860e+01,2.233360e+01,2.234048e+01,2.234735e+01,2.233360e+01,2.229235e+01,2.234048e+01,2.231986e+01,2.231298e+01,2.246412e+01,2.248471e+01,2.237484e+01,2.234735e+01,2.238171e+01,2.228548e+01,2.236797e+01,2.225109e+01,2.223045e+01,2.238858e+01,2.236797e+01,2.258761e+01,2.257390e+01,2.262189e+01,2.258076e+01,2.245725e+01,2.254646e+01,2.243666e+01,2.252588e+01,2.247098e+01,2.250530e+01,2.258076e+01,2.258761e+01,2.247098e+01,2.242979e+01,2.254646e+01,2.257390e+01,2.278626e+01,2.262874e+01,2.277257e+01
2.485940e+01,2.464452e+01,2.464452e+01,2.486610e+01,2.462436e+01,2.463108e+01,2.458401e+01,2.453019e+01,2.463108e+01,2.448981e+01,2.448308e+01,2.448308e+01,2.451673e+01,2.447635e+01,2.428092e+01,2.442247e+01,2.453019e+01,2.441573e+01,2.440226e+01,2.438878e+01,2.428092e+01,2.433487e+01,2.430115e+01,2.425393e+01,2.434161e+01,2.433487e+01,2.444941e+01,2.447635e+01,2.446961e+01,2.461091e+01,2.456383e+01,2.471172e+01,2.481243e+01,2.474530e+01,2.476544e+01,2.479901e+01,2.473858e+01,2.475201e+01,2.473187e+01,2.475873e+01,2.483256e+01,2.473858e+01,2.472515e+01,2.473187e+01,2.479901e+01,2.469828e+01,2.465796e+01,2.458401e+01,2.471172e+01,2.468484e+01,2.455710e+01,2.458401e+01,2.466469e+01,2.458401e+01,2.460419e+01,2.462436e+01,2.447635e+01,2.448308e+01,2.444941e+01,2.457728e+01,2.447635e+01,2.453692e+01,2.444268e+01,2.463780e+01,2.447635e+01,2.443594e+01,2.440226e+01,2.436183e+01,2.444268e+01,2.435509e+01,2.442921e+01,2.452346e+01,2.451673e+01,2.446288e+01,2.452346e+01,2.439552e+01,2.454365e+01,2.447635e+01,2.451673e+01,2.453019e+01,2.463108e+01,2.459073e+01,2.468484e+01,2.459746e+01,2.469156e+01,2.465796e+01,2.455710e+01,2.466469e+01,2.458401e+01,2.469156e+01,2.456383e+01,2.456383e+01,2.455710e+01,2.455038e+01,2.444941e+01,2.452346e+01,2.454365e+01,2.458401e+01,2.471172e+01,2.469828e+01,2.466469e+01,2.463108e+01,2.460419e+01,2.464452e+01,2.471844e+01,2.457728e+01,2.450327e+01,2.470500e+01,2.461763e+01,2.465796e+01,2.470500e+01,2.477216e+01,2.470500e+01,2.473187e+01,2.470500e+01,2.473187e+01,2.476544e+01,2.479230e+01,2.480572e+01,2.461091e+01,2.431464e+01,2.386187e+01,2.346833e+01,2.298452e+01,2.275204e+01,2.298452e+01,2.282731e+01,2.297769e+01,2.288202e+01,2.276573e+01,2.277942e+01,2.278626e+01,2.274519e+01,2.277942e+01,2.275888e+01,2.277942e+01,2.271096e+01,2.271780e+01,2.275204e+01,2.263560e+01,2.265615e+01,2.286835e+01,2.278626e+01,2.280679e+01,2.271096e+01,2.279310e+01,2.260818e+01,2.278626e+01,2.279310e+01,2.288202e+01,2.281363e+01,2.279310e+01,2.263560e+01,2.277257e+01,2.282047e+01,2.275888e+01,2.278626e+01,2.286151e+01,2.279310e+01,2.268356e+01,2.279995e+01,2.275888e+01,2.275204e+01,2.293670e+01,2.277257e+01,2.277942e+01,2.280679e+01,2.276573e+01,2.279310e+01,2.272465e+01,2.279310e+01,2.277257e+01,2.264930e+01,2.267671e+01,2.277942e+01,2.280679e+01,2.275204e+01,2.277942e+01,2.280679e+01,2.269041e+01,2.269041e+01,2.285467e+01,2.277942e+01,2.276573e+01,2.266301e+01,2.285467e+01,2.279310e+01,2.277257e+01,2.278626e+01,2.284099e+01,2.283415e+01,2.277942e+01,2.275204e+01,2.275888e+01,2.269726e+01,2.268356e+01,2.293670e+01,2.287519e+01,2.266301e+01,2.277942e+01,2.269726e+01,2.279310e+01,2.275888e+01,2.276573e+01,2.273835e+01,2.284099e+01,2.274519e+01,2.278626e+01,2.275204e+01,2.275888e+01,2.268356e+01,2.277257e+01,2.274519e+01,2.273835e+01,2.275204e+01,2.279995e+01,2.265615e+01,2.273835e+01,2.273835e+01,2.290937e+01,2.264245e+01,2.276573e+01,2.262874e+01,2.271780e+01,2.275204e+01,2.277257e+01,2.266301e+01,2.271780e+01,2.256018e+01,2.255332e+01,2.277257e+01,2.277942e+01,2.258076e+01,2.277257e+01,2.295037e+01,2.276573e+01,2.266301e+01,2.265615e+01,2.260818e+01,2.267671e+01,2.265615e+01,2.269726e+01,2.262189e+01,2.259447e+01,2.261503e+01,2.266301e+01,2.258761e+01,2.256704e+01,2.258076e+01,2.256704e+01,2.260132e+01,2.265615e+01,2.260818e+01,2.272465e+01,2.288202e+01,2.291620e+01,2.275888e+01,2.293670e+01,2.296403e+01,2.301184e+01,2.298452e+01,2.304598e+01,2.314150e+01,2.312786e+01,2.301867e+01,2.303915e+01,2.314150e+01,2.316195e+01,2.325737e+01,2.334589e+01,2.328461e+01,2.336630e+01,2.342753e+01,2.335950e+01,2.346833e+01,2.357025e+01,2.357704e+01,2.337311e+01,2.364493e+01,2.361099e+01,2.367886e+01,2.379413e+01,2.370599e+01,2.382801e+01,2.390250e+01,2.393634e+01,2.392958e+01,2.388219e+01,2.392958e+01,2.384833e+01,2.386865e+01,2.388896e+01,2.386865e+01,2.403105e+01,2.396341e+01,2.389573e+01,2.411215e+01,2.424719e+01,2.426743e+01,2.466469e+01,2.462436e+01,2.498007e+01,2.504705e+01,2.533458e+01,2.540801e+01,2.562798e+01,2.572782e+01,2.574778e+01,2.580762e+01,2.607319e+01,2.614611e+01,2.621898e+01,2.615274e+01,2.621898e+01,2.622560e+01,2.633810e+01,2.631826e+01,2.633810e+01,2.629179e+01,2.629179e+01,2.629179e+01,2.632487e+01,2.629841e+01,2.632487e+01,2.639100e+01,2.634472e+01,2.631164e+01,2.639761e+01,2.636456e+01,2.635794e+01,2.635133e+01,2.635794e+01,2.633810e+01,2.630502e+01,2.631164e+01,2.638439e+01,2.622560e+01,2.634472e+01,2.607982e+01,2.609971e+01,2.608646e+01,2.563464e+01,2.477216e+01,2.411891e+01,2.417969e+01,2.425393e+01,2.450327e+01,2.459746e+01,2.485269e+01,2.503366e+01,2.504035e+01,2.529451e+01,2.532122e+01,2.541468e+01,2.542802e+01,2.547471e+01,2.538131e+01,2.531454e+01,2.536129e+01,2.486610e+01,2.486610e+01,2.467141e+01,2.444941e+01,2.409864e+01,2.411891e+01,2.403105e+01,2.407837e+01,2.439552e+01,2.442247e+01,2.465124e+01,2.486610e+01,2.504035e+01,2.504705e+01,2.535461e+01,2.538131e+01,2.552805e+01,2.567459e+01,2.580097e+01,2.582756e+01,2.583421e+01,2.577438e+01,2.592057e+01,2.601350e+01,2.590065e+01,2.592057e+01,2.592057e+01,2.588072e+01,2.590729e+01,2.592057e+01,2.591393e+01,2.574778e+01,2.570121e+01,2.573447e+01,2.556137e+01,2.554804e+01,2.554804e+01,2.559468e+01,2.552139e+01,2.526778e+01,2.502026e+01,2.501357e+01,2.494656e+01,2.459746e+01,2.467141e+01,2.452346e+01,2.446961e+01,2.457056e+01,2.450327e+01,2.432812e+01,2.431464e+01,2.426743e+01,2.419994e+01,2.420670e+01,2.394311e+01,2.386865e+01,2.361778e+01,2.352949e+01,2.334589e+01,2.310057e+01,2.321649e+01,2.320286e+01,2.313468e+01,2.295037e+01,2.299135e+01,2.281363e+01,2.292987e+01,2.285467e+01,2.287519e+01,2.285467e+01,2.288886e+01,2.284099e+01,2.293670e+01,2.303915e+01,2.309375e+01,2.340032e+01,2.348192e+01,2.340032e+01,2.340713e+01,2.325056e+01,2.301867e+01,2.278626e+01,2.268356e+01,2.274519e+01,2.268356e+01,2.264245e+01,2.267671e+01,2.268356e+01,2.272465e+01,2.266986e+01,2.259447e+01,2.267671e+01,2.264245e+01,2.267671e+01,2.269041e+01,2.266986e+01,2.266986e+01,2.263560e+01,2.254646e+01,2.262874e+01,2.254646e+01,2.266986e+01,2.263560e+01,2.262189e+01,2.269041e+01,2.256018e+01,2.259447e+01,2.262189e+01,2.249158e+01,2.253960e+01,2.256018e+01,2.249158e+01,2.247098e+01,2.248471e+01,2.252588e+01,2.245725e+01,2.251902e+01,2.256704e+01,2.245039e+01,2.246412e+01,2.245039e+01,2.247785e+01,2.247098e+01,2.251902e+01,2.240232e+01,2.242292e+01,2.238858e+01,2.256704e+01,2.238858e+01,2.249158e+01,2.238858e+01,2.235422e+01,2.243666e+01,2.238858e+01,2.251216e+01,2.234048e+01,2.238858e+01,2.244352e+01,2.231986e+01,2.250530e+01,2.251216e+01,2.231986e+01,2.233360e+01,2.239545e+01,2.238858e+01,2.242979e+01,2.226485e+01,2.236797e+01,2.227860e+01,2.239545e+01,2.242979e+01,2.236797e+01,2.236110e+01,2.235422e+01,2.245725e+01,2.225109e+01,2.236110e+01,2.240232e+01,2.240919e+01,2.241605e+01,2.250530e+01,2.244352e+01,2.242292e+01,2.242979e+01,2.226485e+01,2.242292e+01,2.244352e+01,2.244352e+01,2.235422e+01,2.234048e+01,2.223733e+01,2.228548e+01,2.225109e+01,2.242979e+01,2.240232e+01,2.229235e+01,2.240232e+01,2.240919e+01,2.238858e+01,2.225109e+01,2.227860e+01,2.227172e+01,2.234048e+01,2.245039e+01,2.228548e+01,2.233360e+01,2.243666e+01,2.236797e+01,2.227172e+01,2.227860e+01,2.238858e+01,2.235422e+01,2.230611e+01,2.231298e+01,2.231986e+01,2.235422e+01,2.234735e+01,2.235422e+01,2.232673e+01,2.231986e+01,2.235422e+01,2.223045e+01,2.231298e+01,2.240919e+01,2.240919e+01,2.239545e+01,2.231986e+01,2.233360e+01,2.231986e+01,2.229235e+01,2.247098e+01,2.229235e+01,2.231298e+01,2.229235e+01,2.227172e+01,2.232673e+01,2.240919e+01,2.241605e+01,2.238858e+01,2.241605e+01,2.238171e+01,2.230611e+01,2.231986e+01,2.231986e+01,2.229923e+01,2.233360e+01,2.231986e+01,2.235422e+01,2.238858e+01,2.238858e+01,2.225797e+01,2.240232e+01,2.218228e+01,2.229923e+01,2.235422e+01,2.234735e+01,2.240232e+01,2.240232e+01,2.240919e+01,2.227172e+01,2.230611e+01,2.235422e+01,2.236110e+01,2.233360e+01,2.232673e+01,2.243666e+01,2.234735e+01,2.229923e+01,2.231298e+01,2.234735e+01,2.234735e+01,2.236110e+01,2.236110e+01,2.231298e+01,2.229923e+01,2.229923e+01,2.234735e+01,2.235422e+01,2.226485e+01,2.224421e+01,2.232673e+01,2.226485e+01,2.229923e+01,2.238171e+01,2.259447e+01,2.260818e+01,2.255332e+01,2.259447e+01,2.254646e+01,2.265615e+01,2.251216e+01,2.266301e+01,2.247785e+01,2.249158e+01,2.252588e+01,2.250530e+01,2.256704e+01,2.242979e+01,2.253960e+01,2.252588e+01,2.283415e+01
2.462436e+01,2.469156e+01,2.461091e+01,2.462436e+01,2.465796e+01,2.467141e+01,2.459073e+01,2.458401e+01,2.457056e+01,2.461763e+01,2.452346e+01,2.454365e+01,2.449654e+01,2.441573e+01,2.444941e+01,2.430115e+01,2.419319e+01,2.432138e+01,2.438205e+01,2.439552e+01,2.419994e+01,2.422019e+01,2.416619e+01,2.411215e+01,2.421344e+01,2.426743e+01,2.448981e+01,2.446961e+01,2.461091e+01,2.462436e+01,2.461091e+01,2.445614e+01,2.471172e+01,2.474530e+01,2.475201e+01,2.453019e+01,2.463780e+01,2.474530e+01,2.469828e+01,2.477216e+01,2.479230e+01,2.483256e+01,2.479901e+01,2.481243e+01,2.478558e+01,2.466469e+01,2.464452e+01,2.480572e+01,2.463108e+01,2.455710e+01,2.461091e+01,2.458401e+01,2.457728e+01,2.459073e+01,2.455038e+01,2.450327e+01,2.459746e+01,2.459073e+01,2.451673e+01,2.438878e+01,2.457728e+01,2.445614e+01,2.453019e+01,2.433487e+01,2.447635e+01,2.445614e+01,2.442247e+01,2.438205e+01,2.449654e+01,2.444268e+01,2.442921e+01,2.439552e+01,2.446288e+01,2.447635e+01,2.448981e+01,2.450327e+01,2.449654e+01,2.448981e+01,2.443594e+01,2.445614e+01,2.465796e+01,2.450327e+01,2.465124e+01,2.460419e+01,2.453019e+01,2.453692e+01,2.463108e+01,2.467813e+01,2.465124e+01,2.463108e+01,2.456383e+01,2.457056e+01,2.455038e+01,2.440900e+01,2.449654e+01,2.453019e+01,2.455710e+01,2.464452e+01,2.459073e+01,2.467141e+01,2.469156e+01,2.461091e+01,2.458401e+01,2.467813e+01,2.462436e+01,2.463780e+01,2.469156e+01,2.472515e+01,2.463108e+01,2.472515e+01,2.471172e+01,2.471844e+01,2.467813e+01,2.473858e+01,2.470500e+01,2.475873e+01,2.476544e+01,2.479901e+01,2.475873e+01,2.438205e+01,2.409864e+01,2.365172e+01,2.325056e+01,2.279995e+01,2.292303e+01,2.275204e+01,2.259447e+01,2.284099e+01,2.265615e+01,2.265615e+01,2.253960e+01,2.250530e+01,2.282731e+01,2.263560e+01,2.260818e+01,2.271780e+01,2.274519e+01,2.275888e+01,2.273835e+01,2.264245e+01,2.258761e+01,2.269041e+01,2.264245e+01,2.268356e+01,2.277257e+01,2.260818e+01,2.269041e+01,2.269726e+01,2.269726e+01,2.266301e+01,2.279995e+01,2.265615e+01,2.258761e+01,2.277942e+01,2.267671e+01,2.260132e+01,2.270411e+01,2.281363e+01,2.271096e+01,2.263560e+01,2.288886e+01,2.269726e+01,2.280679e+01,2.271096e+01,2.268356e+01,2.278626e+01,2.281363e+01,2.269041e+01,2.277257e+01,2.272465e+01,2.270411e+01,2.261503e+01,2.270411e+01,2.265615e+01,2.279310e+01,2.266986e+01,2.265615e+01,2.270411e+01,2.274519e+01,2.277942e+01,2.269726e+01,2.266986e+01,2.277942e+01,2.275204e+01,2.271096e+01,2.290253e+01,2.277942e+01,2.269726e+01,2.272465e+01,2.271096e+01,2.272465e+01,2.274519e+01,2.271780e+01,2.279310e+01,2.277257e+01,2.270411e+01,2.279310e+01,2.269726e+01,2.276573e+01,2.270411e+01,2.275204e+01,2.279310e+01,2.267671e+01,2.286835e+01,2.273835e+01,2.260132e+01,2.280679e+01,2.279310e+01,2.273835e+01,2.273150e+01,2.279310e+01,2.273150e+01,2.276573e+01,2.277257e+01,2.286151e+01,2.278626e+01,2.289569e+01,2.282731e+01,2.284783e+01,2.271780e+01,2.272465e+01,2.269041e+01,2.273835e+01,2.263560e+01,2.275888e+01,2.264245e+01,2.276573e+01,2.269726e+01,2.265615e+01,2.275888e+01,2.264245e+01,2.271096e+01,2.266301e+01,2.260818e+01,2.269726e+01,2.273150e+01,2.268356e+01,2.277942e+01,2.262189e+01,2.266301e+01,2.267671e+01,2.257390e+01,2.260132e+01,2.260132e+01,2.258076e+01,2.260132e+01,2.250530e+01,2.257390e+01,2.258761e+01,2.259447e+01,2.264245e+01,2.271096e+01,2.266301e+01,2.273150e+01,2.279995e+01,2.292303e+01,2.294353e+01,2.296403e+01,2.296403e+01,2.305280e+01,2.315514e+01,2.312104e+01,2.314150e+01,2.310739e+01,2.299135e+01,2.300501e+01,2.316877e+01,2.318923e+01,2.329823e+01,2.329823e+01,2.332547e+01,2.335269e+01,2.343433e+01,2.353629e+01,2.352270e+01,2.356346e+01,2.355667e+01,2.384155e+01,2.369921e+01,2.375346e+01,2.369921e+01,2.375346e+01,2.378057e+01,2.384833e+01,2.393634e+01,2.389573e+01,2.395664e+01,2.391604e+01,2.397694e+01,2.397694e+01,2.390250e+01,2.392958e+01,2.384833e+01,2.394311e+01,2.411215e+01,2.405809e+01,2.419319e+01,2.430790e+01,2.433487e+01,2.465796e+01,2.471844e+01,2.502026e+01,2.508052e+01,2.543469e+01,2.550139e+01,2.570121e+01,2.574113e+01,2.595377e+01,2.586079e+01,2.602677e+01,2.617261e+01,2.619248e+01,2.613286e+01,2.618586e+01,2.615274e+01,2.619248e+01,2.628517e+01,2.631826e+01,2.631826e+01,2.633810e+01,2.636456e+01,2.634472e+01,2.627855e+01,2.630502e+01,2.634472e+01,2.639761e+01,2.624546e+01,2.635133e+01,2.637117e+01,2.638439e+01,2.641744e+01,2.625870e+01,2.641744e+01,2.631164e+01,2.637778e+01,2.635133e+01,2.627194e+01,2.617261e+01,2.614611e+01,2.604004e+01,2.583421e+01,2.556137e+01,2.475201e+01,2.421344e+01,2.418644e+01,2.423369e+01,2.422694e+01,2.453692e+01,2.487281e+01,2.486610e+01,2.502696e+01,2.530787e+01,2.538131e+01,2.540801e+01,2.545471e+01,2.544804e+01,2.546805e+01,2.548138e+01,2.533458e+01,2.519426e+01,2.493316e+01,2.473187e+01,2.440900e+01,2.426068e+01,2.408512e+01,2.403105e+01,2.406485e+01,2.417969e+01,2.436183e+01,2.457728e+01,2.474530e+01,2.498007e+01,2.505375e+01,2.529451e+01,2.535461e+01,2.557470e+01,2.560800e+01,2.575443e+01,2.584085e+01,2.568124e+01,2.583421e+01,2.595377e+01,2.593385e+01,2.599359e+01,2.591393e+01,2.592057e+01,2.590729e+01,2.588736e+01,2.580762e+01,2.581427e+01,2.581427e+01,2.577438e+01,2.570786e+01,2.567459e+01,2.555471e+01,2.544137e+01,2.534126e+01,2.528115e+01,2.527446e+01,2.527446e+01,2.510730e+01,2.475201e+01,2.472515e+01,2.454365e+01,2.444941e+01,2.461763e+01,2.443594e+01,2.444941e+01,2.435509e+01,2.430115e+01,2.432138e+01,2.419994e+01,2.416619e+01,2.396341e+01,2.393634e+01,2.360420e+01,2.352270e+01,2.332547e+01,2.326418e+01,2.310739e+01,2.317559e+01,2.309375e+01,2.300501e+01,2.287519e+01,2.305280e+01,2.291620e+01,2.284099e+01,2.282731e+01,2.283415e+01,2.286151e+01,2.288202e+01,2.294353e+01,2.299818e+01,2.302550e+01,2.336630e+01,2.339352e+01,2.346833e+01,2.324374e+01,2.322330e+01,2.301184e+01,2.277257e+01,2.272465e+01,2.258761e+01,2.266986e+01,2.276573e+01,2.259447e+01,2.266301e+01,2.272465e+01,2.265615e+01,2.264930e+01,2.258761e+01,2.255332e+01,2.263560e+01,2.262874e+01,2.273150e+01,2.256018e+01,2.256704e+01,2.251902e+01,2.263560e+01,2.264245e+01,2.258076e+01,2.266986e+01,2.269726e+01,2.250530e+01,2.254646e+01,2.251902e+01,2.246412e+01,2.252588e+01,2.251902e+01,2.253275e+01,2.247098e+01,2.247785e+01,2.260132e+01,2.255332e+01,2.256704e+01,2.248471e+01,2.244352e+01,2.245725e+01,2.249844e+01,2.254646e+01,2.244352e+01,2.253960e+01,2.247785e+01,2.245039e+01,2.249158e+01,2.236110e+01,2.250530e+01,2.244352e+01,2.240232e+01,2.253275e+01,2.244352e+01,2.252588e+01,2.240919e+01,2.243666e+01,2.238858e+01,2.245039e+01,2.245039e+01,2.243666e+01,2.238171e+01,2.234048e+01,2.245039e+01,2.234735e+01,2.239545e+01,2.229923e+01,2.240919e+01,2.232673e+01,2.233360e+01,2.223045e+01,2.239545e+01,2.241605e+01,2.225109e+01,2.232673e+01,2.240919e+01,2.236797e+01,2.241605e+01,2.242979e+01,2.242292e+01,2.242292e+01,2.240919e+01,2.242979e+01,2.243666e+01,2.252588e+01,2.237484e+01,2.244352e+01,2.234048e+01,2.234048e+01,2.229235e+01,2.232673e+01,2.238171e+01,2.232673e+01,2.235422e+01,2.244352e+01,2.245039e+01,2.237484e+01,2.242292e+01,2.242292e+01,2.239545e+01,2.239545e+01,2.223045e+01,2.223045e+01,2.228548e+01,2.247098e+01,2.233360e+01,2.236110e+01,2.229923e+01,2.229235e+01,2.226485e+01,2.227860e+01,2.236110e+01,2.240232e+01,2.219604e+01,2.241605e+01,2.238171e+01,2.233360e+01,2.256018e+01,2.233360e+01,2.231298e+01,2.233360e+01,2.236110e+01,2.236110e+01,2.234048e+01,2.241605e+01,2.236110e+01,2.225797e+01,2.236797e+01,2.232673e+01,2.235422e+01,2.246412e+01,2.227172e+01,2.227172e+01,2.236797e+01,2.223045e+01,2.231298e+01,2.231986e+01,2.227860e+01,2.244352e+01,2.243666e+01,2.229923e+01,2.240919e+01,2.236797e+01,2.229235e+01,2.229923e+01,2.232673e+01,2.234735e+01,2.219604e+01,2.231986e+01,2.232673e+01,2.232673e+01,2.231298e+01,2.237484e+01,2.228548e+01,2.231986e+01,2.231298e+01,2.227172e+01,2.237484e+01,2.234735e+01,2.231986e+01,2.226485e+01,2.237484e+01,2.237484e+01,2.227860e+01,2.234048e+01,2.234048e+01,2.234048e+01,2.242979e+01,2.242979e+01,2.234735e+01,2.231986e+01,2.237484e+01,2.239545e+01,2.230611e+01,2.236797e+01,2.243666e+01,2.232673e+01,2.231986e+01,2.226485e+01,2.233360e+01,2.235422e+01,2.232673e+01,2.234048e+01,2.238171e+01,2.240232e+01,2.258761e+01,2.261503e+01,2.258761e+01,2.250530e+01,2.244352e+01,2.249844e+01,2.247098e+01,2.250530e+01,2.252588e+01,2.258761e+01,2.256704e+01,2.254646e+01,2.247098e+01,2.248471e+01,2.253960e+01,2.247785e+01,2.277942e+01,2.262189e+01
2.457056e+01,2.462436e+01,2.473858e+01,2.463780e+01,2.461091e+01,2.455710e+01,2.460419e+01,2.444941e+01,2.455710e+01,2.446961e+01,2.450327e+01,2.451673e+01,2.438878e+01,2.442921e+01,2.446961e+01,2.446961e+01,2.432138e+01,2.439552e+01,2.426743e+01,2.431464e+01,2.432138e+01,2.416619e+01,2.434835e+01,2.428766e+01,2.430115e+01,2.419994e+01,2.417969e+01,2.441573e+01,2.446961e+01,2.457728e+01,2.448308e+01,2.450327e+01,2.451673e+01,2.463108e+01,2.471172e+01,2.473187e+01,2.463108e+01,2.477216e+01,2.467141e+01,2.483927e+01,2.485269e+01,2.467813e+01,2.473187e+01,2.464452e+01,2.456383e+01,2.471172e+01,2.466469e+01,2.477887e+01,2.466469e+01,2.469156e+01,2.466469e+01,2.453019e+01,2.457728e+01,2.459746e+01,2.459746e+01,2.462436e+01,2.461763e+01,2.446961e+01,2.461091e+01,2.453019e+01,2.457056e+01,2.448981e+01,2.446288e+01,2.445614e+01,2.440900e+01,2.440900e+01,2.438878e+01,2.438878e+01,2.434161e+01,2.436857e+01,2.437531e+01,2.436183e+01,2.445614e+01,2.448981e+01,2.446288e+01,2.446288e+01,2.448308e+01,2.446961e+01,2.446961e+01,2.426743e+01,2.451673e+01,2.462436e+01,2.446288e+01,2.467813e+01,2.451673e+01,2.457056e+01,2.455710e+01,2.456383e+01,2.458401e+01,2.456383e+01,2.457728e+01,2.445614e+01,2.456383e+01,2.453019e+01,2.444268e+01,2.455038e+01,2.455038e+01,2.459746e+01,2.461763e+01,2.457056e+01,2.459073e+01,2.459746e+01,2.461091e+01,2.471844e+01,2.464452e+01,2.448308e+01,2.461763e+01,2.461763e+01,2.463108e+01,2.461763e+01,2.470500e+01,2.465124e+01,2.471172e+01,2.463108e+01,2.470500e+01,2.472515e+01,2.463108e+01,2.465124e+01,2.438878e+01,2.427417e+01,2.388219e+01,2.350231e+01,2.305963e+01,2.275888e+01,2.264930e+01,2.268356e+01,2.266986e+01,2.271780e+01,2.266301e+01,2.264930e+01,2.267671e+01,2.261503e+01,2.266301e+01,2.254646e+01,2.273835e+01,2.256704e+01,2.253960e+01,2.256704e+01,2.260818e+01,2.273835e+01,2.266986e+01,2.260132e+01,2.265615e+01,2.258076e+01,2.270411e+01,2.259447e+01,2.272465e+01,2.263560e+01,2.268356e+01,2.272465e+01,2.257390e+01,2.270411e+01,2.262874e+01,2.276573e+01,2.260818e+01,2.266986e+01,2.277257e+01,2.280679e+01,2.277942e+01,2.275204e+01,2.269041e+01,2.277257e+01,2.270411e+01,2.269041e+01,2.279310e+01,2.258076e+01,2.269041e+01,2.279310e+01,2.279310e+01,2.271780e+01,2.273835e+01,2.271096e+01,2.269041e+01,2.274519e+01,2.273835e+01,2.267671e+01,2.265615e+01,2.264245e+01,2.274519e+01,2.273150e+01,2.275888e+01,2.270411e+01,2.264930e+01,2.276573e+01,2.275204e+01,2.269041e+01,2.266986e+01,2.267671e+01,2.294353e+01,2.277257e+01,2.284783e+01,2.277257e+01,2.276573e+01,2.276573e+01,2.278626e+01,2.277257e+01,2.276573e+01,2.272465e+01,2.272465e+01,2.274519e+01,2.271096e+01,2.273150e+01,2.263560e+01,2.277942e+01,2.279310e+01,2.273835e+01,2.271780e+01,2.275204e+01,2.273150e+01,2.272465e+01,2.277257e+01,2.279310e+01,2.269726e+01,2.276573e+01,2.277257e+01,2.269726e+01,2.270411e+01,2.281363e+01,2.282731e+01,2.272465e+01,2.272465e+01,2.273150e+01,2.272465e+01,2.289569e+01,2.262189e+01,2.271096e+01,2.272465e+01,2.260818e+01,2.273835e+01,2.274519e+01,2.275204e+01,2.265615e+01,2.279995e+01,2.273835e+01,2.288202e+01,2.274519e+01,2.267671e+01,2.267671e+01,2.258761e+01,2.258761e+01,2.261503e+01,2.261503e+01,2.260818e+01,2.263560e+01,2.263560e+01,2.262189e+01,2.264245e+01,2.258076e+01,2.247785e+01,2.256704e+01,2.257390e+01,2.266986e+01,2.257390e+01,2.271780e+01,2.287519e+01,2.290253e+01,2.279995e+01,2.302550e+01,2.308010e+01,2.316195e+01,2.295037e+01,2.307328e+01,2.314150e+01,2.313468e+01,2.312786e+01,2.314832e+01,2.331866e+01,2.316877e+01,2.331866e+01,2.336630e+01,2.332547e+01,2.335269e+01,2.336630e+01,2.352270e+01,2.349552e+01,2.361778e+01,2.373312e+01,2.380768e+01,2.361099e+01,2.377380e+01,2.378057e+01,2.379413e+01,2.382801e+01,2.379413e+01,2.399723e+01,2.401752e+01,2.398371e+01,2.394988e+01,2.398371e+01,2.392958e+01,2.377380e+01,2.401752e+01,2.386187e+01,2.407161e+01,2.411215e+01,2.410540e+01,2.408512e+01,2.428092e+01,2.429441e+01,2.462436e+01,2.474530e+01,2.497337e+01,2.503366e+01,2.508052e+01,2.552805e+01,2.561466e+01,2.568790e+01,2.582092e+01,2.585415e+01,2.609971e+01,2.617261e+01,2.604667e+01,2.617261e+01,2.624546e+01,2.615274e+01,2.630502e+01,2.632487e+01,2.631826e+01,2.630502e+01,2.630502e+01,2.627194e+01,2.631826e+01,2.648352e+01,2.635133e+01,2.630502e+01,2.632487e+01,2.633810e+01,2.652314e+01,2.638439e+01,2.641744e+01,2.639761e+01,2.641084e+01,2.631826e+01,2.630502e+01,2.643727e+01,2.633149e+01,2.629841e+01,2.615274e+01,2.622560e+01,2.613948e+01,2.589401e+01,2.555471e+01,2.457056e+01,2.417969e+01,2.423369e+01,2.416619e+01,2.426068e+01,2.457728e+01,2.485269e+01,2.502696e+01,2.519426e+01,2.538799e+01,2.539466e+01,2.548138e+01,2.540801e+01,2.550805e+01,2.545471e+01,2.542802e+01,2.528115e+01,2.522768e+01,2.508052e+01,2.484598e+01,2.447635e+01,2.430790e+01,2.409864e+01,2.400400e+01,2.403781e+01,2.415268e+01,2.419319e+01,2.437531e+01,2.472515e+01,2.481914e+01,2.526110e+01,2.534793e+01,2.549472e+01,2.549472e+01,2.558136e+01,2.586743e+01,2.579433e+01,2.582092e+01,2.594713e+01,2.597368e+01,2.588736e+01,2.600023e+01,2.600023e+01,2.605330e+01,2.594049e+01,2.592057e+01,2.587408e+01,2.592721e+01,2.582092e+01,2.599359e+01,2.572117e+01,2.561466e+01,2.535461e+01,2.555471e+01,2.532790e+01,2.543469e+01,2.512737e+01,2.506713e+01,2.500687e+01,2.478558e+01,2.473187e+01,2.470500e+01,2.449654e+01,2.449654e+01,2.444941e+01,2.447635e+01,2.438205e+01,2.446961e+01,2.430790e+01,2.423369e+01,2.412566e+01,2.407837e+01,2.391604e+01,2.359062e+01,2.336630e+01,2.342073e+01,2.326418e+01,2.316195e+01,2.310739e+01,2.304598e+01,2.292987e+01,2.303232e+01,2.286835e+01,2.310057e+01,2.292987e+01,2.285467e+01,2.282731e+01,2.291620e+01,2.305963e+01,2.287519e+01,2.308010e+01,2.301184e+01,2.334589e+01,2.345473e+01,2.336630e+01,2.340032e+01,2.323693e+01,2.290253e+01,2.275204e+01,2.268356e+01,2.260818e+01,2.270411e+01,2.264245e+01,2.280679e+01,2.250530e+01,2.266986e+01,2.264245e+01,2.257390e+01,2.264245e+01,2.271096e+01,2.268356e+01,2.259447e+01,2.258076e+01,2.252588e+01,2.258076e+01,2.256018e+01,2.251902e+01,2.263560e+01,2.254646e+01,2.262189e+01,2.249158e+01,2.254646e+01,2.255332e+01,2.251902e+01,2.249844e+01,2.255332e+01,2.252588e+01,2.246412e+01,2.251216e+01,2.243666e+01,2.226485e+01,2.249844e+01,2.249158e+01,2.256018e+01,2.244352e+01,2.248471e+01,2.247785e+01,2.253275e+01,2.251902e+01,2.247098e+01,2.256018e+01,2.236797e+01,2.247785e+01,2.234048e+01,2.239545e+01,2.245725e+01,2.240919e+01,2.247098e+01,2.240919e+01,2.250530e+01,2.229923e+01,2.253960e+01,2.243666e+01,2.240232e+01,2.245039e+01,2.237484e+01,2.234735e+01,2.234735e+01,2.239545e+01,2.234735e+01,2.231986e+01,2.233360e+01,2.233360e+01,2.236797e+01,2.234735e+01,2.251902e+01,2.234048e+01,2.245039e+01,2.232673e+01,2.226485e+01,2.245725e+01,2.221669e+01,2.241605e+01,2.245039e+01,2.236110e+01,2.240232e+01,2.236110e+01,2.243666e+01,2.241605e+01,2.238858e+01,2.236797e+01,2.238858e+01,2.234048e+01,2.238171e+01,2.233360e+01,2.229923e+01,2.233360e+01,2.232673e+01,2.251216e+01,2.229923e+01,2.224421e+01,2.223733e+01,2.233360e+01,2.236110e+01,2.236110e+01,2.225797e+01,2.235422e+01,2.225797e+01,2.223733e+01,2.229235e+01,2.233360e+01,2.229923e+01,2.228548e+01,2.234048e+01,2.228548e+01,2.240232e+01,2.240232e+01,2.236110e+01,2.221669e+01,2.240232e+01,2.229235e+01,2.226485e+01,2.237484e+01,2.228548e+01,2.230611e+01,2.229235e+01,2.233360e+01,2.229235e+01,2.227172e+01,2.237484e+01,2.240232e+01,2.226485e+01,2.225109e+01,2.239545e+01,2.229923e+01,2.234735e+01,2.230611e+01,2.231298e+01,2.231298e+01,2.229923e+01,2.230611e+01,2.235422e+01,2.226485e+01,2.230611e+01,2.227860e+01,2.224421e+01,2.241605e+01,2.236110e+01,2.228548e+01,2.240232e+01,2.229923e+01,2.225109e+01,2.203761e+01,2.227860e+01,2.236797e+01,2.229923e+01,2.231986e+01,2.225109e+01,2.238858e+01,2.243666e+01,2.227860e+01,2.227860e+01,2.234048e+01,2.237484e+01,2.227860e+01,2.231986e+01,2.231986e+01,2.224421e+01,2.240919e+01,2.238858e+01,2.232673e+01,2.222357e+01,2.234048e+01,2.241605e+01,2.227860e+01,2.229923e+01,2.238171e+01,2.243666e+01,2.219604e+01,2.229235e+01,2.251902e+01,2.256704e+01,2.225109e+01,2.220292e+01,2.225797e+01,2.232673e+01,2.236797e+01,2.236110e+01,2.243666e+01,2.259447e+01,2.261503e+01,2.258076e+01,2.237484e+01,2.262874e+01,2.248471e+01,2.245725e+01,2.256704e+01,2.251902e+01,2.265615e+01,2.251902e+01,2.255332e+01,2.255332e+01,2.223045e+01,2.255332e+01,2.253275e+01,2.254646e+01,2.260132e+01,2.265615e+01
2.479901e+01,2.460419e+01,2.461091e+01,2.459073e+01,2.468484e+01,2.465124e+01,2.461763e+01,2.459746e+01,2.457728e+01,2.449654e+01,2.448981e+01,2.426068e+01,2.440226e+01,2.437531e+01,2.432138e+01,2.428766e+01,2.419319e+01,2.433487e+01,2.437531e+01,2.432138e+01,2.423369e+01,2.421344e+01,2.418644e+01,2.424044e+01,2.424044e+01,2.416619e+01,2.417969e+01,2.440900e+01,2.436857e+01,2.447635e+01,2.447635e+01,2.447635e+01,2.457056e+01,2.454365e+01,2.479901e+01,2.468484e+01,2.473858e+01,2.483256e+01,2.461091e+01,2.483927e+01,2.477216e+01,2.470500e+01,2.475201e+01,2.469156e+01,2.464452e+01,2.467813e+01,2.453019e+01,2.469156e+01,2.463780e+01,2.473858e+01,2.459746e+01,2.463108e+01,2.459746e+01,2.463780e+01,2.467813e+01,2.447635e+01,2.447635e+01,2.447635e+01,2.447635e+01,2.448981e+01,2.454365e+01,2.448981e+01,2.449654e+01,2.443594e+01,2.438205e+01,2.449654e+01,2.442921e+01,2.440226e+01,2.437531e+01,2.442921e+01,2.446288e+01,2.441573e+01,2.448981e+01,2.447635e+01,2.448308e+01,2.451000e+01,2.451673e+01,2.447635e+01,2.449654e+01,2.448308e+01,2.448308e+01,2.457728e+01,2.467813e+01,2.458401e+01,2.457056e+01,2.455710e+01,2.455038e+01,2.454365e+01,2.454365e+01,2.455710e+01,2.460419e+01,2.457056e+01,2.454365e+01,2.450327e+01,2.455038e+01,2.453019e+01,2.455710e+01,2.487952e+01,2.463108e+01,2.465796e+01,2.471844e+01,2.471844e+01,2.459746e+01,2.464452e+01,2.459746e+01,2.466469e+01,2.461763e+01,2.462436e+01,2.462436e+01,2.476544e+01,2.469156e+01,2.463780e+01,2.485940e+01,2.469156e+01,2.481243e+01,2.468484e+01,2.475201e+01,2.471844e+01,2.440226e+01,2.414593e+01,2.363136e+01,2.315514e+01,2.274519e+01,2.258761e+01,2.284783e+01,2.273150e+01,2.264245e+01,2.258076e+01,2.267671e+01,2.262874e+01,2.262874e+01,2.244352e+01,2.262189e+01,2.244352e+01,2.267671e+01,2.251216e+01,2.266301e+01,2.268356e+01,2.260818e+01,2.262874e+01,2.256018e+01,2.253960e+01,2.254646e+01,2.254646e+01,2.261503e+01,2.258076e+01,2.271096e+01,2.269041e+01,2.266986e+01,2.267671e+01,2.259447e+01,2.268356e+01,2.262189e+01,2.251902e+01,2.262189e+01,2.260132e+01,2.272465e+01,2.265615e+01,2.277257e+01,2.262189e+01,2.256018e+01,2.267671e+01,2.260818e+01,2.269041e+01,2.266986e+01,2.273150e+01,2.257390e+01,2.271780e+01,2.261503e+01,2.265615e+01,2.262874e+01,2.269726e+01,2.271780e+01,2.273835e+01,2.274519e+01,2.262189e+01,2.269726e+01,2.271780e+01,2.267671e+01,2.266986e+01,2.269726e+01,2.282047e+01,2.270411e+01,2.281363e+01,2.277257e+01,2.268356e+01,2.273835e+01,2.270411e+01,2.271780e+01,2.271096e+01,2.269041e+01,2.269041e+01,2.269726e+01,2.266301e+01,2.270411e+01,2.289569e+01,2.274519e+01,2.274519e+01,2.269726e+01,2.269726e+01,2.265615e+01,2.267671e+01,2.266986e+01,2.269041e+01,2.270411e+01,2.269726e+01,2.273835e+01,2.273835e+01,2.266301e+01,2.275204e+01,2.279995e+01,2.275204e+01,2.268356e+01,2.276573e+01,2.275888e+01,2.277257e+01,2.284099e+01,2.281363e+01,2.272465e+01,2.268356e+01,2.275888e+01,2.279995e+01,2.285467e+01,2.269726e+01,2.273835e+01,2.261503e+01,2.266986e+01,2.273150e+01,2.275204e+01,2.255332e+01,2.260818e+01,2.269041e+01,2.273150e+01,2.270411e+01,2.271780e+01,2.273150e+01,2.267671e+01,2.270411e+01,2.258076e+01,2.261503e+01,2.263560e+01,2.269041e+01,2.255332e+01,2.258076e+01,2.260132e+01,2.253960e+01,2.259447e+01,2.245039e+01,2.260132e+01,2.258761e+01,2.258076e+01,2.269041e+01,2.273150e+01,2.279995e+01,2.271096e+01,2.288886e+01,2.286151e+01,2.286835e+01,2.290937e+01,2.295720e+01,2.296403e+01,2.282047e+01,2.301184e+01,2.314832e+01,2.312104e+01,2.318241e+01,2.314832e+01,2.320967e+01,2.329823e+01,2.332547e+01,2.321649e+01,2.332547e+01,2.358383e+01,2.361778e+01,2.354308e+01,2.363136e+01,2.361778e+01,2.360420e+01,2.362457e+01,2.367886e+01,2.376024e+01,2.371956e+01,2.390250e+01,2.382801e+01,2.393634e+01,2.395664e+01,2.397018e+01,2.399723e+01,2.394311e+01,2.403105e+01,2.399047e+01,2.392958e+01,2.406485e+01,2.387542e+01,2.394988e+01,2.388896e+01,2.411215e+01,2.434161e+01,2.434835e+01,2.458401e+01,2.480572e+01,2.498007e+01,2.500687e+01,2.525442e+01,2.545471e+01,2.572117e+01,2.576108e+01,2.586079e+01,2.594713e+01,2.611960e+01,2.602013e+01,2.605993e+01,2.618586e+01,2.616599e+01,2.615274e+01,2.628517e+01,2.629841e+01,2.627194e+01,2.631826e+01,2.629179e+01,2.633149e+01,2.632487e+01,2.631164e+01,2.635794e+01,2.637117e+01,2.644388e+01,2.645709e+01,2.641084e+01,2.641744e+01,2.643066e+01,2.635794e+01,2.641084e+01,2.635133e+01,2.635794e+01,2.630502e+01,2.622560e+01,2.637117e+01,2.631164e+01,2.623884e+01,2.592057e+01,2.598032e+01,2.563464e+01,2.455710e+01,2.409864e+01,2.417969e+01,2.418644e+01,2.418644e+01,2.465796e+01,2.466469e+01,2.489964e+01,2.510730e+01,2.540133e+01,2.539466e+01,2.540133e+01,2.554138e+01,2.543469e+01,2.537464e+01,2.543469e+01,2.528115e+01,2.522768e+01,2.496667e+01,2.483927e+01,2.458401e+01,2.417969e+01,2.401752e+01,2.400400e+01,2.403105e+01,2.417969e+01,2.435509e+01,2.469828e+01,2.476544e+01,2.499347e+01,2.523437e+01,2.549472e+01,2.538131e+01,2.562132e+01,2.566127e+01,2.587408e+01,2.583421e+01,2.589401e+01,2.586743e+01,2.600023e+01,2.602013e+01,2.600023e+01,2.601350e+01,2.605330e+01,2.605330e+01,2.592721e+01,2.599359e+01,2.575443e+01,2.578103e+01,2.590729e+01,2.569455e+01,2.569455e+01,2.554138e+01,2.550805e+01,2.530119e+01,2.538131e+01,2.518088e+01,2.500017e+01,2.496667e+01,2.491975e+01,2.477887e+01,2.472515e+01,2.443594e+01,2.451673e+01,2.459746e+01,2.453019e+01,2.453692e+01,2.439552e+01,2.431464e+01,2.411891e+01,2.407161e+01,2.403781e+01,2.397694e+01,2.363136e+01,2.357704e+01,2.354308e+01,2.323693e+01,2.329823e+01,2.315514e+01,2.307328e+01,2.305963e+01,2.305963e+01,2.293670e+01,2.295037e+01,2.290937e+01,2.285467e+01,2.288886e+01,2.288202e+01,2.295037e+01,2.295720e+01,2.298452e+01,2.301184e+01,2.312104e+01,2.349552e+01,2.348872e+01,2.350911e+01,2.326418e+01,2.314832e+01,2.286151e+01,2.279995e+01,2.268356e+01,2.279995e+01,2.270411e+01,2.266301e+01,2.269726e+01,2.260818e+01,2.254646e+01,2.257390e+01,2.262189e+01,2.260132e+01,2.266986e+01,2.259447e+01,2.252588e+01,2.255332e+01,2.257390e+01,2.256018e+01,2.258761e+01,2.255332e+01,2.251902e+01,2.264245e+01,2.258761e+01,2.250530e+01,2.251902e+01,2.248471e+01,2.247785e+01,2.248471e+01,2.240919e+01,2.258076e+01,2.251216e+01,2.245039e+01,2.250530e+01,2.245725e+01,2.245725e+01,2.254646e+01,2.242292e+01,2.247098e+01,2.253960e+01,2.240232e+01,2.242979e+01,2.242292e+01,2.242292e+01,2.249158e+01,2.242979e+01,2.247098e+01,2.234735e+01,2.250530e+01,2.247098e+01,2.245039e+01,2.239545e+01,2.227172e+01,2.230611e+01,2.257390e+01,2.247098e+01,2.242979e+01,2.236110e+01,2.238171e+01,2.245725e+01,2.236110e+01,2.236110e+01,2.231986e+01,2.238858e+01,2.239545e+01,2.235422e+01,2.239545e+01,2.236110e+01,2.235422e+01,2.234735e+01,2.232673e+01,2.251216e+01,2.233360e+01,2.240919e+01,2.246412e+01,2.244352e+01,2.243666e+01,2.234735e+01,2.241605e+01,2.243666e+01,2.245039e+01,2.242979e+01,2.233360e+01,2.234735e+01,2.226485e+01,2.252588e+01,2.229923e+01,2.231298e+01,2.231298e+01,2.235422e+01,2.226485e+01,2.239545e+01,2.230611e+01,2.234048e+01,2.231986e+01,2.236110e+01,2.225797e+01,2.230611e+01,2.231986e+01,2.241605e+01,2.218916e+01,2.223733e+01,2.223045e+01,2.227172e+01,2.227172e+01,2.216162e+01,2.236797e+01,2.240919e+01,2.240919e+01,2.242979e+01,2.238858e+01,2.235422e+01,2.220981e+01,2.226485e+01,2.242979e+01,2.227172e+01,2.228548e+01,2.233360e+01,2.251216e+01,2.225797e+01,2.238171e+01,2.236797e+01,2.225797e+01,2.241605e+01,2.231298e+01,2.226485e+01,2.224421e+01,2.226485e+01,2.231298e+01,2.229235e+01,2.232673e+01,2.235422e+01,2.231986e+01,2.230611e+01,2.228548e+01,2.232673e+01,2.226485e+01,2.233360e+01,2.227172e+01,2.251216e+01,2.236110e+01,2.228548e+01,2.231986e+01,2.229235e+01,2.229235e+01,2.228548e+01,2.225797e+01,2.235422e+01,2.220981e+01,2.234735e+01,2.218228e+01,2.222357e+01,2.229923e+01,2.229235e+01,2.231986e+01,2.240232e+01,2.225109e+01,2.232673e+01,2.227860e+01,2.231298e+01,2.233360e+01,2.234735e+01,2.238858e+01,2.224421e+01,2.238171e+01,2.231986e+01,2.249158e+01,2.228548e+01,2.227172e+01,2.228548e+01,2.233360e+01,2.225797e+01,2.236110e+01,2.233360e+01,2.232673e+01,2.225109e+01,2.227172e+01,2.221669e+01,2.230611e+01,2.234048e+01,2.237484e+01,2.242979e+01,2.258076e+01,2.231298e+01,2.231298e+01,2.260818e+01,2.264245e+01,2.247785e+01,2.238171e+01,2.245725e+01,2.249158e+01,2.263560e+01,2.251216e+01,2.260132e+01,2.254646e+01,2.251216e+01,2.259447e+01,2.252588e+01,2.264930e+01,2.260818e+01,2.267671e+01
2.487952e+01,2.473858e+01,2.471172e+01,2.473187e+01,2.472515e+01,2.459746e+01,2.455710e+01,2.461763e+01,2.448308e+01,2.453019e+01,2.446961e+01,2.454365e+01,2.433487e+01,2.440900e+01,2.429441e+01,2.437531e+01,2.421344e+01,2.440226e+01,2.434161e+01,2.437531e+01,2.429441e+01,2.417294e+01,2.432138e+01,2.413917e+01,2.415268e+01,2.444268e+01,2.422694e+01,2.441573e+01,2.430790e+01,2.459073e+01,2.434161e+01,2.463780e+01,2.467141e+01,2.452346e+01,2.479901e+01,2.465124e+01,2.465796e+01,2.482585e+01,2.472515e+01,2.477887e+01,2.471844e+01,2.478558e+01,2.474530e+01,2.469156e+01,2.477216e+01,2.454365e+01,2.469828e+01,2.467813e+01,2.456383e+01,2.477887e+01,2.454365e+01,2.476544e+01,2.463108e+01,2.463108e+01,2.466469e+01,2.461763e+01,2.459073e+01,2.454365e+01,2.457728e+01,2.446288e+01,2.454365e+01,2.440900e+01,2.451000e+01,2.445614e+01,2.447635e+01,2.444941e+01,2.441573e+01,2.441573e+01,2.444268e+01,2.436183e+01,2.448308e+01,2.446288e+01,2.451673e+01,2.448981e+01,2.448308e+01,2.450327e+01,2.444268e+01,2.447635e+01,2.458401e+01,2.451000e+01,2.447635e+01,2.455038e+01,2.458401e+01,2.457728e+01,2.459746e+01,2.465796e+01,2.458401e+01,2.459073e+01,2.460419e+01,2.461091e+01,2.459073e+01,2.465796e+01,2.457728e+01,2.461763e+01,2.455038e+01,2.461091e+01,2.467813e+01,2.457056e+01,2.455038e+01,2.467141e+01,2.464452e+01,2.473858e+01,2.473187e+01,2.469156e+01,2.469828e+01,2.465124e+01,2.465124e+01,2.462436e+01,2.473187e+01,2.473187e+01,2.483927e+01,2.479901e+01,2.473858e+01,2.470500e+01,2.467813e+01,2.473187e+01,2.469156e+01,2.457056e+01,2.424719e+01,2.390250e+01,2.325056e+01,2.302550e+01,2.265615e+01,2.264245e+01,2.256018e+01,2.251902e+01,2.255332e+01,2.265615e+01,2.265615e+01,2.258076e+01,2.262189e+01,2.262874e+01,2.257390e+01,2.260132e+01,2.249844e+01,2.267671e+01,2.265615e+01,2.261503e+01,2.262189e+01,2.268356e+01,2.258761e+01,2.265615e+01,2.253960e+01,2.272465e+01,2.257390e+01,2.269726e+01,2.257390e+01,2.260132e+01,2.276573e+01,2.251902e+01,2.256704e+01,2.267671e+01,2.255332e+01,2.262874e+01,2.266986e+01,2.259447e+01,2.263560e+01,2.269726e+01,2.262874e+01,2.260132e+01,2.273150e+01,2.258076e+01,2.273150e+01,2.277942e+01,2.265615e+01,2.268356e+01,2.270411e+01,2.269041e+01,2.269726e+01,2.269041e+01,2.273835e+01,2.272465e+01,2.274519e+01,2.264930e+01,2.273150e+01,2.273150e+01,2.279995e+01,2.258761e+01,2.267671e+01,2.265615e+01,2.266301e+01,2.274519e+01,2.281363e+01,2.275204e+01,2.258761e+01,2.269726e+01,2.280679e+01,2.265615e+01,2.275888e+01,2.264930e+01,2.266986e+01,2.275204e+01,2.266986e+01,2.282731e+01,2.281363e+01,2.280679e+01,2.271096e+01,2.266986e+01,2.271096e+01,2.284099e+01,2.267671e+01,2.262874e+01,2.273835e+01,2.269726e+01,2.268356e+01,2.288886e+01,2.278626e+01,2.274519e+01,2.274519e+01,2.273150e+01,2.274519e+01,2.270411e+01,2.270411e+01,2.270411e+01,2.267671e+01,2.266986e+01,2.270411e+01,2.278626e+01,2.266301e+01,2.266986e+01,2.273835e+01,2.273150e+01,2.274519e+01,2.272465e+01,2.273150e+01,2.268356e+01,2.261503e+01,2.259447e+01,2.268356e+01,2.260818e+01,2.255332e+01,2.270411e+01,2.269726e+01,2.271096e+01,2.270411e+01,2.269726e+01,2.264930e+01,2.260132e+01,2.264930e+01,2.266301e+01,2.264245e+01,2.262874e+01,2.265615e+01,2.275888e+01,2.256704e+01,2.259447e+01,2.252588e+01,2.262189e+01,2.248471e+01,2.262874e+01,2.267671e+01,2.264930e+01,2.272465e+01,2.268356e+01,2.275204e+01,2.278626e+01,2.284099e+01,2.299818e+01,2.279310e+01,2.292303e+01,2.295037e+01,2.318241e+01,2.317559e+01,2.299135e+01,2.303232e+01,2.316877e+01,2.328461e+01,2.329823e+01,2.333908e+01,2.328461e+01,2.338672e+01,2.344113e+01,2.338672e+01,2.347513e+01,2.342753e+01,2.363136e+01,2.355667e+01,2.359741e+01,2.362457e+01,2.361099e+01,2.370599e+01,2.384833e+01,2.399047e+01,2.380091e+01,2.399047e+01,2.404457e+01,2.402428e+01,2.403781e+01,2.399723e+01,2.405809e+01,2.399047e+01,2.399723e+01,2.408512e+01,2.410540e+01,2.415943e+01,2.408512e+01,2.412566e+01,2.428092e+01,2.448308e+01,2.461763e+01,2.489964e+01,2.510730e+01,2.516082e+01,2.526110e+01,2.558136e+01,2.554804e+01,2.579433e+01,2.594713e+01,2.605993e+01,2.605330e+01,2.613286e+01,2.612623e+01,2.618586e+01,2.615274e+01,2.625870e+01,2.626532e+01,2.636456e+01,2.635794e+01,2.634472e+01,2.630502e+01,2.643066e+01,2.630502e+01,2.636456e+01,2.632487e+01,2.644388e+01,2.645049e+01,2.645049e+01,2.641744e+01,2.643066e+01,2.643066e+01,2.645709e+01,2.644388e+01,2.645049e+01,2.649012e+01,2.636456e+01,2.641744e+01,2.639100e+01,2.633149e+01,2.619248e+01,2.619911e+01,2.594049e+01,2.560134e+01,2.477216e+01,2.431464e+01,2.405133e+01,2.431464e+01,2.455710e+01,2.456383e+01,2.481243e+01,2.493986e+01,2.512737e+01,2.537464e+01,2.550139e+01,2.557470e+01,2.549472e+01,2.550805e+01,2.561466e+01,2.548805e+01,2.546138e+01,2.522768e+01,2.503366e+01,2.480572e+01,2.477216e+01,2.422019e+01,2.410540e+01,2.401752e+01,2.399723e+01,2.415268e+01,2.432138e+01,2.463108e+01,2.481243e+01,2.497337e+01,2.522768e+01,2.524105e+01,2.540133e+01,2.552805e+01,2.568790e+01,2.592057e+01,2.593385e+01,2.602677e+01,2.602013e+01,2.604004e+01,2.602013e+01,2.599359e+01,2.604004e+01,2.607982e+01,2.604667e+01,2.601350e+01,2.596704e+01,2.586079e+01,2.592057e+01,2.583421e+01,2.577438e+01,2.584750e+01,2.558802e+01,2.552805e+01,2.542802e+01,2.530119e+01,2.532122e+01,2.508052e+01,2.508722e+01,2.504035e+01,2.474530e+01,2.474530e+01,2.471172e+01,2.446961e+01,2.458401e+01,2.459746e+01,2.461763e+01,2.432138e+01,2.436857e+01,2.433487e+01,2.427417e+01,2.406485e+01,2.384155e+01,2.367886e+01,2.354308e+01,2.346833e+01,2.337311e+01,2.331866e+01,2.330504e+01,2.310057e+01,2.306645e+01,2.306645e+01,2.309375e+01,2.316877e+01,2.297769e+01,2.292987e+01,2.279995e+01,2.285467e+01,2.299818e+01,2.305963e+01,2.301184e+01,2.308010e+01,2.342073e+01,2.343433e+01,2.346153e+01,2.344793e+01,2.330504e+01,2.301184e+01,2.284099e+01,2.270411e+01,2.278626e+01,2.274519e+01,2.269041e+01,2.266301e+01,2.269726e+01,2.268356e+01,2.255332e+01,2.269041e+01,2.268356e+01,2.249158e+01,2.270411e+01,2.250530e+01,2.264245e+01,2.272465e+01,2.269041e+01,2.258076e+01,2.253960e+01,2.265615e+01,2.260818e+01,2.251902e+01,2.255332e+01,2.266301e+01,2.251902e+01,2.254646e+01,2.248471e+01,2.249158e+01,2.242979e+01,2.245039e+01,2.245039e+01,2.242979e+01,2.249158e+01,2.254646e+01,2.245039e+01,2.240232e+01,2.255332e+01,2.260132e+01,2.249844e+01,2.252588e+01,2.245725e+01,2.245725e+01,2.240232e+01,2.244352e+01,2.249158e+01,2.245725e+01,2.240919e+01,2.245039e+01,2.242292e+01,2.251216e+01,2.238171e+01,2.238171e+01,2.247098e+01,2.245725e+01,2.238171e+01,2.247098e+01,2.239545e+01,2.238171e+01,2.238858e+01,2.236797e+01,2.236797e+01,2.227860e+01,2.238171e+01,2.236797e+01,2.238171e+01,2.232673e+01,2.240232e+01,2.235422e+01,2.232673e+01,2.233360e+01,2.234735e+01,2.239545e+01,2.234048e+01,2.242292e+01,2.238858e+01,2.247098e+01,2.245039e+01,2.244352e+01,2.240919e+01,2.225109e+01,2.242979e+01,2.226485e+01,2.224421e+01,2.238171e+01,2.235422e+01,2.232673e+01,2.231298e+01,2.231298e+01,2.234735e+01,2.234048e+01,2.236797e+01,2.238171e+01,2.228548e+01,2.238171e+01,2.235422e+01,2.240919e+01,2.241605e+01,2.213408e+01,2.232673e+01,2.223045e+01,2.227172e+01,2.224421e+01,2.227172e+01,2.229235e+01,2.232673e+01,2.234735e+01,2.235422e+01,2.226485e+01,2.234735e+01,2.230611e+01,2.218228e+01,2.234048e+01,2.225797e+01,2.245039e+01,2.226485e+01,2.226485e+01,2.226485e+01,2.234048e+01,2.232673e+01,2.236110e+01,2.227172e+01,2.236110e+01,2.225797e+01,2.228548e+01,2.227860e+01,2.232673e+01,2.242979e+01,2.239545e+01,2.228548e+01,2.227172e+01,2.234735e+01,2.231986e+01,2.232673e+01,2.231298e+01,2.225797e+01,2.239545e+01,2.232673e+01,2.225797e+01,2.242292e+01,2.232673e+01,2.242979e+01,2.226485e+01,2.226485e+01,2.232673e+01,2.234735e+01,2.241605e+01,2.232673e+01,2.224421e+01,2.218916e+01,2.235422e+01,2.232673e+01,2.229235e+01,2.229235e+01,2.228548e+01,2.226485e+01,2.240232e+01,2.230611e+01,2.227172e+01,2.233360e+01,2.229923e+01,2.226485e+01,2.231986e+01,2.239545e+01,2.239545e+01,2.247785e+01,2.246412e+01,2.229923e+01,2.229923e+01,2.229235e+01,2.224421e+01,2.243666e+01,2.229923e+01,2.235422e+01,2.229235e+01,2.231298e+01,2.231298e+01,2.224421e+01,2.234735e+01,2.238858e+01,2.235422e+01,2.243666e+01,2.262189e+01,2.247785e+01,2.252588e+01,2.258761e+01,2.254646e+01,2.247098e+01,2.242292e+01,2.247785e+01,2.251902e+01,2.264930e+01,2.236797e+01,2.256018e+01,2.256704e+01,2.253275e+01,2.256704e+01,2.251902e+01,2.261503e+01,2.257390e+01,2.268356e+01
2.466469e+01,2.478558e+01,2.461091e+01,2.463108e+01,2.457728e+01,2.462436e+01,2.465796e+01,2.461763e+01,2.456383e+01,2.443594e+01,2.448308e+01,2.441573e+01,2.440900e+01,2.436183e+01,2.446288e+01,2.434161e+01,2.440900e+01,2.444941e+01,2.428766e+01,2.438878e+01,2.438205e+01,2.418644e+01,2.403781e+01,2.412566e+01,2.398371e+01,2.428766e+01,2.408512e+01,2.417294e+01,2.437531e+01,2.422019e+01,2.441573e+01,2.456383e+01,2.453019e+01,2.457728e+01,2.471844e+01,2.473187e+01,2.456383e+01,2.457056e+01,2.476544e+01,2.465796e+01,2.479901e+01,2.466469e+01,2.469156e+01,2.467813e+01,2.473858e+01,2.455038e+01,2.466469e+01,2.452346e+01,2.459746e+01,2.466469e+01,2.461091e+01,2.465124e+01,2.466469e+01,2.453019e+01,2.463780e+01,2.448981e+01,2.453692e+01,2.448308e+01,2.458401e+01,2.449654e+01,2.453019e+01,2.453692e+01,2.447635e+01,2.442921e+01,2.448981e+01,2.437531e+01,2.451673e+01,2.451000e+01,2.450327e+01,2.433487e+01,2.451673e+01,2.452346e+01,2.449654e+01,2.448981e+01,2.446961e+01,2.452346e+01,2.445614e+01,2.447635e+01,2.452346e+01,2.446961e+01,2.448308e+01,2.454365e+01,2.451673e+01,2.457056e+01,2.453692e+01,2.462436e+01,2.459073e+01,2.459746e+01,2.460419e+01,2.459746e+01,2.457728e+01,2.457728e+01,2.461763e+01,2.461091e+01,2.457728e+01,2.464452e+01,2.461763e+01,2.473858e+01,2.462436e+01,2.467813e+01,2.473858e+01,2.476544e+01,2.465124e+01,2.474530e+01,2.459746e+01,2.458401e+01,2.475873e+01,2.479230e+01,2.461091e+01,2.473187e+01,2.483927e+01,2.476544e+01,2.471172e+01,2.477887e+01,2.475201e+01,2.471172e+01,2.445614e+01,2.446961e+01,2.407161e+01,2.367886e+01,2.316877e+01,2.272465e+01,2.273150e+01,2.251902e+01,2.266301e+01,2.252588e+01,2.251902e+01,2.260818e+01,2.256704e+01,2.258761e+01,2.256704e+01,2.258076e+01,2.266986e+01,2.268356e+01,2.271780e+01,2.272465e+01,2.267671e+01,2.265615e+01,2.264245e+01,2.266301e+01,2.280679e+01,2.254646e+01,2.269041e+01,2.264245e+01,2.259447e+01,2.264245e+01,2.258076e+01,2.276573e+01,2.258076e+01,2.242979e+01,2.268356e+01,2.267671e+01,2.256704e+01,2.265615e+01,2.270411e+01,2.260818e+01,2.258761e+01,2.268356e+01,2.261503e+01,2.262874e+01,2.258761e+01,2.261503e+01,2.273150e+01,2.271780e+01,2.249844e+01,2.273150e+01,2.262874e+01,2.264245e+01,2.265615e+01,2.275204e+01,2.277257e+01,2.269726e+01,2.281363e+01,2.260132e+01,2.274519e+01,2.266301e+01,2.260132e+01,2.278626e+01,2.276573e+01,2.266986e+01,2.268356e+01,2.269726e+01,2.279310e+01,2.266986e+01,2.276573e+01,2.274519e+01,2.278626e+01,2.263560e+01,2.270411e+01,2.276573e+01,2.272465e+01,2.261503e+01,2.275204e+01,2.274519e+01,2.269041e+01,2.267671e+01,2.279995e+01,2.270411e+01,2.264930e+01,2.285467e+01,2.277942e+01,2.259447e+01,2.273150e+01,2.262189e+01,2.288886e+01,2.252588e+01,2.274519e+01,2.273150e+01,2.272465e+01,2.271096e+01,2.273150e+01,2.269041e+01,2.266986e+01,2.267671e+01,2.266301e+01,2.277942e+01,2.268356e+01,2.269726e+01,2.276573e+01,2.279995e+01,2.269041e+01,2.262874e+01,2.275204e+01,2.271096e+01,2.267671e+01,2.263560e+01,2.270411e+01,2.261503e+01,2.258761e+01,2.256704e+01,2.258076e+01,2.268356e+01,2.273835e+01,2.269726e+01,2.269041e+01,2.273150e+01,2.271096e+01,2.271780e+01,2.264245e+01,2.267671e+01,2.267671e+01,2.264245e+01,2.262874e+01,2.268356e+01,2.253275e+01,2.258761e+01,2.264245e+01,2.260132e+01,2.274519e+01,2.260818e+01,2.268356e+01,2.263560e+01,2.269041e+01,2.273150e+01,2.269726e+01,2.286151e+01,2.284783e+01,2.282731e+01,2.295037e+01,2.296403e+01,2.299135e+01,2.301867e+01,2.312786e+01,2.314150e+01,2.327099e+01,2.320967e+01,2.328461e+01,2.331185e+01,2.331866e+01,2.338672e+01,2.345473e+01,2.343433e+01,2.355667e+01,2.343433e+01,2.350231e+01,2.346833e+01,2.348872e+01,2.363136e+01,2.357704e+01,2.372634e+01,2.363814e+01,2.384155e+01,2.392281e+01,2.390250e+01,2.394311e+01,2.398371e+01,2.400400e+01,2.409864e+01,2.411215e+01,2.413242e+01,2.409864e+01,2.398371e+01,2.417969e+01,2.409864e+01,2.416619e+01,2.423369e+01,2.409188e+01,2.439552e+01,2.447635e+01,2.486610e+01,2.489964e+01,2.507383e+01,2.520094e+01,2.536129e+01,2.552139e+01,2.562798e+01,2.582092e+01,2.590065e+01,2.597368e+01,2.607319e+01,2.609971e+01,2.611297e+01,2.621898e+01,2.621898e+01,2.634472e+01,2.626532e+01,2.631164e+01,2.631826e+01,2.638439e+01,2.636456e+01,2.638439e+01,2.644388e+01,2.645049e+01,2.645709e+01,2.639761e+01,2.644388e+01,2.634472e+01,2.642405e+01,2.643066e+01,2.648352e+01,2.637778e+01,2.644388e+01,2.649012e+01,2.629179e+01,2.637778e+01,2.642405e+01,2.648352e+01,2.635794e+01,2.621898e+01,2.596041e+01,2.590065e+01,2.566793e+01,2.467141e+01,2.432138e+01,2.432812e+01,2.430115e+01,2.461091e+01,2.473858e+01,2.504035e+01,2.500687e+01,2.528782e+01,2.539466e+01,2.544804e+01,2.558802e+01,2.562132e+01,2.559468e+01,2.562132e+01,2.548805e+01,2.527446e+01,2.527446e+01,2.516082e+01,2.481914e+01,2.462436e+01,2.441573e+01,2.415268e+01,2.403105e+01,2.404457e+01,2.413917e+01,2.438205e+01,2.466469e+01,2.495326e+01,2.487952e+01,2.526110e+01,2.538131e+01,2.542135e+01,2.553472e+01,2.583421e+01,2.592721e+01,2.578103e+01,2.605330e+01,2.604667e+01,2.604004e+01,2.604004e+01,2.611960e+01,2.602013e+01,2.601350e+01,2.602013e+01,2.594049e+01,2.588736e+01,2.590065e+01,2.569455e+01,2.573447e+01,2.584750e+01,2.568790e+01,2.557470e+01,2.547471e+01,2.540133e+01,2.520763e+01,2.511399e+01,2.512068e+01,2.500017e+01,2.497337e+01,2.494656e+01,2.472515e+01,2.468484e+01,2.473858e+01,2.462436e+01,2.451000e+01,2.457728e+01,2.435509e+01,2.458401e+01,2.454365e+01,2.444941e+01,2.417294e+01,2.397694e+01,2.387542e+01,2.369921e+01,2.354308e+01,2.343433e+01,2.337311e+01,2.335950e+01,2.331185e+01,2.308693e+01,2.314832e+01,2.321649e+01,2.303232e+01,2.304598e+01,2.304598e+01,2.303232e+01,2.301867e+01,2.304598e+01,2.312786e+01,2.309375e+01,2.311422e+01,2.335950e+01,2.344113e+01,2.345473e+01,2.334589e+01,2.328461e+01,2.280679e+01,2.271780e+01,2.273150e+01,2.269726e+01,2.275204e+01,2.275888e+01,2.261503e+01,2.262189e+01,2.260132e+01,2.258076e+01,2.265615e+01,2.266301e+01,2.254646e+01,2.269041e+01,2.256018e+01,2.251902e+01,2.265615e+01,2.269041e+01,2.269726e+01,2.250530e+01,2.267671e+01,2.258076e+01,2.260818e+01,2.251902e+01,2.247098e+01,2.252588e+01,2.253275e+01,2.245039e+01,2.247785e+01,2.248471e+01,2.245039e+01,2.244352e+01,2.247785e+01,2.245039e+01,2.249158e+01,2.249158e+01,2.252588e+01,2.254646e+01,2.252588e+01,2.253960e+01,2.253960e+01,2.256018e+01,2.245039e+01,2.236797e+01,2.238858e+01,2.246412e+01,2.238171e+01,2.248471e+01,2.247098e+01,2.247098e+01,2.263560e+01,2.240919e+01,2.238171e+01,2.246412e+01,2.240232e+01,2.235422e+01,2.241605e+01,2.223733e+01,2.237484e+01,2.236110e+01,2.248471e+01,2.236110e+01,2.234735e+01,2.227172e+01,2.231298e+01,2.231298e+01,2.231986e+01,2.234735e+01,2.251216e+01,2.234735e+01,2.236797e+01,2.235422e+01,2.236110e+01,2.238171e+01,2.240919e+01,2.231986e+01,2.225109e+01,2.264930e+01,2.245725e+01,2.238858e+01,2.232673e+01,2.239545e+01,2.231298e+01,2.221669e+01,2.224421e+01,2.223045e+01,2.229923e+01,2.223045e+01,2.231298e+01,2.237484e+01,2.236797e+01,2.236110e+01,2.236797e+01,2.230611e+01,2.225797e+01,2.233360e+01,2.227860e+01,2.235422e+01,2.240919e+01,2.240919e+01,2.228548e+01,2.225109e+01,2.229235e+01,2.228548e+01,2.236110e+01,2.243666e+01,2.240919e+01,2.238171e+01,2.240232e+01,2.238858e+01,2.220292e+01,2.240919e+01,2.233360e+01,2.239545e+01,2.223733e+01,2.242292e+01,2.223045e+01,2.222357e+01,2.222357e+01,2.252588e+01,2.227860e+01,2.234735e+01,2.240919e+01,2.244352e+01,2.227860e+01,2.229235e+01,2.233360e+01,2.231986e+01,2.223045e+01,2.222357e+01,2.231298e+01,2.234735e+01,2.234735e+01,2.235422e+01,2.231298e+01,2.229235e+01,2.227860e+01,2.229235e+01,2.225797e+01,2.229923e+01,2.238858e+01,2.227172e+01,2.242979e+01,2.225797e+01,2.231986e+01,2.226485e+01,2.228548e+01,2.226485e+01,2.218916e+01,2.229923e+01,2.231986e+01,2.238171e+01,2.228548e+01,2.238171e+01,2.229235e+01,2.232673e+01,2.230611e+01,2.228548e+01,2.240232e+01,2.232673e+01,2.222357e+01,2.229235e+01,2.219604e+01,2.239545e+01,2.234735e+01,2.236110e+01,2.227172e+01,2.227172e+01,2.223733e+01,2.228548e+01,2.229923e+01,2.236797e+01,2.227860e+01,2.214096e+01,2.234048e+01,2.234048e+01,2.217539e+01,2.224421e+01,2.229235e+01,2.241605e+01,2.237484e+01,2.246412e+01,2.245039e+01,2.249844e+01,2.250530e+01,2.246412e+01,2.246412e+01,2.249844e+01,2.253275e+01,2.254646e+01,2.244352e+01,2.256704e+01,2.255332e+01,2.262874e+01,2.258076e+01,2.253960e+01,2.251902e+01,2.256018e+01,2.255332e+01,2.245725e+01,2.257390e+01
2.463108e+01,2.461763e+01,2.463108e+01,2.455710e+01,2.471172e+01,2.468484e+01,2.465124e+01,2.451673e+01,2.459746e+01,2.447635e+01,2.459073e+01,2.446288e+01,2.448308e+01,2.435509e+01,2.434161e+01,2.436857e+01,2.437531e+01,2.422019e+01,2.426068e+01,2.436857e+01,2.410540e+01,2.413242e+01,2.408512e+01,2.399723e+01,2.409188e+01,2.401752e+01,2.405133e+01,2.415268e+01,2.411215e+01,2.440900e+01,2.451000e+01,2.457728e+01,2.454365e+01,2.463780e+01,2.455710e+01,2.467813e+01,2.471844e+01,2.475201e+01,2.473187e+01,2.472515e+01,2.469828e+01,2.469156e+01,2.465796e+01,2.467141e+01,2.470500e+01,2.466469e+01,2.469828e+01,2.467141e+01,2.456383e+01,2.461091e+01,2.466469e+01,2.467141e+01,2.459746e+01,2.449654e+01,2.461763e+01,2.466469e+01,2.450327e+01,2.451000e+01,2.444941e+01,2.448981e+01,2.446288e+01,2.438878e+01,2.451673e+01,2.443594e+01,2.446961e+01,2.444268e+01,2.448981e+01,2.446288e+01,2.438205e+01,2.444268e+01,2.448981e+01,2.450327e+01,2.455038e+01,2.451000e+01,2.447635e+01,2.448308e+01,2.447635e+01,2.455038e+01,2.457728e+01,2.441573e+01,2.449654e+01,2.453692e+01,2.456383e+01,2.465796e+01,2.453692e+01,2.463108e+01,2.462436e+01,2.459746e+01,2.467813e+01,2.460419e+01,2.461763e+01,2.458401e+01,2.464452e+01,2.465124e+01,2.453692e+01,2.468484e+01,2.465796e+01,2.465796e+01,2.470500e+01,2.467813e+01,2.460419e+01,2.473858e+01,2.476544e+01,2.475873e+01,2.479901e+01,2.477216e+01,2.476544e+01,2.472515e+01,2.470500e+01,2.467141e+01,2.475201e+01,2.459746e+01,2.476544e+01,2.475201e+01,2.469156e+01,2.447635e+01,2.445614e+01,2.419994e+01,2.378057e+01,2.317559e+01,2.284099e+01,2.267671e+01,2.253275e+01,2.253275e+01,2.254646e+01,2.258076e+01,2.273150e+01,2.259447e+01,2.256018e+01,2.258761e+01,2.271096e+01,2.260132e+01,2.259447e+01,2.271096e+01,2.271780e+01,2.269726e+01,2.276573e+01,2.260818e+01,2.262189e+01,2.264930e+01,2.255332e+01,2.271096e+01,2.272465e+01,2.273835e+01,2.258076e+01,2.255332e+01,2.254646e+01,2.255332e+01,2.258076e+01,2.260818e+01,2.251902e+01,2.257390e+01,2.261503e+01,2.262189e+01,2.256704e+01,2.259447e+01,2.260132e+01,2.259447e+01,2.268356e+01,2.271780e+01,2.256704e+01,2.271096e+01,2.256704e+01,2.256018e+01,2.258076e+01,2.265615e+01,2.273150e+01,2.269726e+01,2.265615e+01,2.272465e+01,2.266986e+01,2.261503e+01,2.262874e+01,2.260818e+01,2.266301e+01,2.270411e+01,2.271096e+01,2.273150e+01,2.260132e+01,2.269041e+01,2.266986e+01,2.273150e+01,2.273150e+01,2.278626e+01,2.256018e+01,2.273835e+01,2.275204e+01,2.281363e+01,2.280679e+01,2.265615e+01,2.262874e+01,2.262189e+01,2.269041e+01,2.266986e+01,2.275888e+01,2.268356e+01,2.276573e+01,2.275888e+01,2.269726e+01,2.274519e+01,2.271780e+01,2.273835e+01,2.272465e+01,2.277257e+01,2.259447e+01,2.270411e+01,2.272465e+01,2.267671e+01,2.273150e+01,2.271096e+01,2.269726e+01,2.271096e+01,2.273835e+01,2.269041e+01,2.268356e+01,2.268356e+01,2.261503e+01,2.263560e+01,2.260132e+01,2.280679e+01,2.262189e+01,2.258076e+01,2.275204e+01,2.256704e+01,2.273835e+01,2.269041e+01,2.266301e+01,2.266301e+01,2.261503e+01,2.262189e+01,2.275204e+01,2.269726e+01,2.258761e+01,2.277942e+01,2.271780e+01,2.278626e+01,2.268356e+01,2.273150e+01,2.269041e+01,2.271780e+01,2.273835e+01,2.259447e+01,2.269726e+01,2.262189e+01,2.253960e+01,2.250530e+01,2.273150e+01,2.257390e+01,2.264245e+01,2.261503e+01,2.263560e+01,2.269726e+01,2.264930e+01,2.269726e+01,2.271780e+01,2.279995e+01,2.295720e+01,2.286835e+01,2.290253e+01,2.308693e+01,2.293670e+01,2.308010e+01,2.299818e+01,2.320286e+01,2.325056e+01,2.326418e+01,2.324374e+01,2.329142e+01,2.326418e+01,2.337311e+01,2.338672e+01,2.346153e+01,2.346833e+01,2.353629e+01,2.348872e+01,2.363136e+01,2.363136e+01,2.365172e+01,2.373990e+01,2.386865e+01,2.379413e+01,2.376702e+01,2.378735e+01,2.396341e+01,2.400400e+01,2.401076e+01,2.404457e+01,2.410540e+01,2.409864e+01,2.406485e+01,2.417294e+01,2.410540e+01,2.422694e+01,2.411891e+01,2.422694e+01,2.415943e+01,2.424719e+01,2.441573e+01,2.460419e+01,2.479230e+01,2.506713e+01,2.517419e+01,2.537464e+01,2.536129e+01,2.553472e+01,2.552805e+01,2.587408e+01,2.592057e+01,2.599359e+01,2.598032e+01,2.613286e+01,2.625870e+01,2.627855e+01,2.629841e+01,2.631826e+01,2.631164e+01,2.628517e+01,2.623884e+01,2.639100e+01,2.629179e+01,2.638439e+01,2.642405e+01,2.641744e+01,2.643727e+01,2.646370e+01,2.645049e+01,2.646370e+01,2.650994e+01,2.643727e+01,2.647691e+01,2.641744e+01,2.645709e+01,2.647691e+01,2.648352e+01,2.636456e+01,2.650333e+01,2.634472e+01,2.636456e+01,2.613286e+01,2.604004e+01,2.588736e+01,2.561466e+01,2.475873e+01,2.434161e+01,2.411891e+01,2.430790e+01,2.455038e+01,2.461763e+01,2.473187e+01,2.489293e+01,2.528782e+01,2.545471e+01,2.544137e+01,2.554804e+01,2.558136e+01,2.552805e+01,2.555471e+01,2.550805e+01,2.530119e+01,2.544804e+01,2.519426e+01,2.493316e+01,2.462436e+01,2.439552e+01,2.414593e+01,2.403105e+01,2.407161e+01,2.418644e+01,2.438205e+01,2.469156e+01,2.483927e+01,2.495326e+01,2.522100e+01,2.524105e+01,2.549472e+01,2.556804e+01,2.580762e+01,2.569455e+01,2.603340e+01,2.607982e+01,2.604004e+01,2.626532e+01,2.602677e+01,2.605330e+01,2.621235e+01,2.602677e+01,2.600023e+01,2.601350e+01,2.600686e+01,2.596041e+01,2.591393e+01,2.599359e+01,2.586743e+01,2.573447e+01,2.556804e+01,2.543469e+01,2.542802e+01,2.524773e+01,2.514744e+01,2.510060e+01,2.508722e+01,2.501357e+01,2.490634e+01,2.492645e+01,2.474530e+01,2.469828e+01,2.470500e+01,2.465124e+01,2.461091e+01,2.461763e+01,2.455710e+01,2.462436e+01,2.423369e+01,2.433487e+01,2.415943e+01,2.405809e+01,2.388219e+01,2.369921e+01,2.350231e+01,2.348872e+01,2.341393e+01,2.340032e+01,2.344113e+01,2.329142e+01,2.331866e+01,2.329823e+01,2.304598e+01,2.299135e+01,2.302550e+01,2.302550e+01,2.303915e+01,2.304598e+01,2.315514e+01,2.316877e+01,2.328461e+01,2.346833e+01,2.350911e+01,2.325737e+01,2.318923e+01,2.296403e+01,2.269726e+01,2.271780e+01,2.275888e+01,2.271780e+01,2.276573e+01,2.267671e+01,2.266301e+01,2.262874e+01,2.264930e+01,2.269726e+01,2.261503e+01,2.256018e+01,2.260818e+01,2.252588e+01,2.266986e+01,2.251216e+01,2.256704e+01,2.248471e+01,2.266986e+01,2.254646e+01,2.255332e+01,2.262189e+01,2.251902e+01,2.252588e+01,2.251902e+01,2.247098e+01,2.242979e+01,2.245039e+01,2.244352e+01,2.242979e+01,2.247098e+01,2.242979e+01,2.262874e+01,2.258761e+01,2.249844e+01,2.250530e+01,2.239545e+01,2.231298e+01,2.242292e+01,2.251902e+01,2.225797e+01,2.235422e+01,2.225109e+01,2.247785e+01,2.251902e+01,2.242292e+01,2.247785e+01,2.242292e+01,2.235422e+01,2.241605e+01,2.245725e+01,2.236797e+01,2.252588e+01,2.243666e+01,2.242979e+01,2.247098e+01,2.250530e+01,2.248471e+01,2.245725e+01,2.235422e+01,2.236110e+01,2.231986e+01,2.236110e+01,2.233360e+01,2.242292e+01,2.234735e+01,2.231986e+01,2.247785e+01,2.236797e+01,2.236797e+01,2.240232e+01,2.240919e+01,2.234048e+01,2.238171e+01,2.238171e+01,2.245039e+01,2.240919e+01,2.248471e+01,2.236110e+01,2.241605e+01,2.240232e+01,2.236110e+01,2.239545e+01,2.223733e+01,2.240919e+01,2.237484e+01,2.227860e+01,2.237484e+01,2.239545e+01,2.231986e+01,2.228548e+01,2.234735e+01,2.237484e+01,2.240919e+01,2.237484e+01,2.231986e+01,2.245725e+01,2.243666e+01,2.226485e+01,2.243666e+01,2.228548e+01,2.228548e+01,2.240232e+01,2.234735e+01,2.228548e+01,2.240232e+01,2.229923e+01,2.225797e+01,2.242292e+01,2.236797e+01,2.231986e+01,2.245039e+01,2.232673e+01,2.242292e+01,2.224421e+01,2.219604e+01,2.238171e+01,2.225797e+01,2.223733e+01,2.227172e+01,2.218916e+01,2.238171e+01,2.235422e+01,2.230611e+01,2.230611e+01,2.231298e+01,2.232673e+01,2.225109e+01,2.223045e+01,2.218916e+01,2.231986e+01,2.227172e+01,2.228548e+01,2.232673e+01,2.227860e+01,2.236797e+01,2.225109e+01,2.230611e+01,2.229235e+01,2.229923e+01,2.229923e+01,2.242979e+01,2.221669e+01,2.240232e+01,2.237484e+01,2.232673e+01,2.231298e+01,2.224421e+01,2.230611e+01,2.229235e+01,2.233360e+01,2.217539e+01,2.237484e+01,2.234048e+01,2.236797e+01,2.231986e+01,2.227860e+01,2.228548e+01,2.227172e+01,2.229235e+01,2.227860e+01,2.237484e+01,2.235422e+01,2.231298e+01,2.234048e+01,2.232673e+01,2.228548e+01,2.227172e+01,2.231986e+01,2.237484e+01,2.236797e+01,2.231986e+01,2.240232e+01,2.230611e+01,2.233360e+01,2.221669e+01,2.232673e+01,2.222357e+01,2.231986e+01,2.236797e+01,2.249844e+01,2.249158e+01,2.246412e+01,2.258076e+01,2.253960e+01,2.238858e+01,2.249158e+01,2.256018e+01,2.267671e+01,2.270411e+01,2.253960e+01,2.266301e+01,2.255332e+01,2.260818e+01,2.281363e+01,2.256704e+01,2.262189e+01,2.247785e+01,2.236797e+01,2.266301e+01
2.464452e+01,2.467141e+01,2.466469e+01,2.463780e+01,2.459746e+01,2.459073e+01,2.450327e+01,2.457056e+01,2.463780e+01,2.444268e+01,2.444941e+01,2.442247e+01,2.434161e+01,2.447635e+01,2.437531e+01,2.419994e+01,2.421344e+01,2.439552e+01,2.439552e+01,2.409864e+01,2.407837e+01,2.411215e+01,2.410540e+01,2.409188e+01,2.412566e+01,2.403105e+01,2.409188e+01,2.403105e+01,2.417969e+01,2.416619e+01,2.434161e+01,2.453692e+01,2.463108e+01,2.457056e+01,2.463108e+01,2.463108e+01,2.466469e+01,2.452346e+01,2.465796e+01,2.455710e+01,2.467141e+01,2.464452e+01,2.468484e+01,2.466469e+01,2.465796e+01,2.464452e+01,2.461763e+01,2.458401e+01,2.459073e+01,2.462436e+01,2.455710e+01,2.460419e+01,2.465796e+01,2.455038e+01,2.452346e+01,2.453019e+01,2.454365e+01,2.451000e+01,2.440900e+01,2.442247e+01,2.449654e+01,2.442247e+01,2.425393e+01,2.440226e+01,2.443594e+01,2.448308e+01,2.444268e+01,2.455038e+01,2.449654e+01,2.451673e+01,2.459073e+01,2.446961e+01,2.449654e+01,2.454365e+01,2.459073e+01,2.447635e+01,2.458401e+01,2.436183e+01,2.456383e+01,2.451673e+01,2.455038e+01,2.452346e+01,2.468484e+01,2.460419e+01,2.457728e+01,2.458401e+01,2.463780e+01,2.470500e+01,2.462436e+01,2.464452e+01,2.467141e+01,2.459746e+01,2.464452e+01,2.463780e+01,2.468484e+01,2.464452e+01,2.469156e+01,2.472515e+01,2.469156e+01,2.469828e+01,2.474530e+01,2.481914e+01,2.473858e+01,2.477887e+01,2.479230e+01,2.484598e+01,2.476544e+01,2.475873e+01,2.471172e+01,2.472515e+01,2.473187e+01,2.475201e+01,2.471844e+01,2.460419e+01,2.469828e+01,2.460419e+01,2.426068e+01,2.378057e+01,2.332547e+01,2.314832e+01,2.280679e+01,2.251216e+01,2.254646e+01,2.258761e+01,2.260132e+01,2.258761e+01,2.259447e+01,2.259447e+01,2.262874e+01,2.264930e+01,2.264245e+01,2.262874e+01,2.268356e+01,2.262189e+01,2.266986e+01,2.273835e+01,2.264930e+01,2.265615e+01,2.273150e+01,2.260818e+01,2.265615e+01,2.265615e+01,2.260132e+01,2.269726e+01,2.256018e+01,2.258076e+01,2.256018e+01,2.258076e+01,2.250530e+01,2.258761e+01,2.264930e+01,2.260818e+01,2.258761e+01,2.256018e+01,2.260132e+01,2.260818e+01,2.257390e+01,2.254646e+01,2.264245e+01,2.256018e+01,2.268356e+01,2.262189e+01,2.263560e+01,2.258076e+01,2.283415e+01,2.257390e+01,2.271096e+01,2.264930e+01,2.249158e+01,2.266301e+01,2.270411e+01,2.263560e+01,2.275888e+01,2.265615e+01,2.273150e+01,2.269041e+01,2.269041e+01,2.267671e+01,2.277257e+01,2.270411e+01,2.266301e+01,2.275204e+01,2.273835e+01,2.264930e+01,2.274519e+01,2.273150e+01,2.284099e+01,2.257390e+01,2.273835e+01,2.265615e+01,2.276573e+01,2.271780e+01,2.268356e+01,2.277942e+01,2.262189e+01,2.266986e+01,2.266301e+01,2.262874e+01,2.275888e+01,2.269041e+01,2.270411e+01,2.270411e+01,2.266986e+01,2.266986e+01,2.264245e+01,2.268356e+01,2.285467e+01,2.258761e+01,2.269041e+01,2.271096e+01,2.270411e+01,2.264245e+01,2.265615e+01,2.260818e+01,2.269726e+01,2.277942e+01,2.260818e+01,2.272465e+01,2.258076e+01,2.258076e+01,2.261503e+01,2.275204e+01,2.267671e+01,2.269726e+01,2.275888e+01,2.260132e+01,2.264930e+01,2.264930e+01,2.270411e+01,2.260818e+01,2.272465e+01,2.254646e+01,2.275204e+01,2.272465e+01,2.267671e+01,2.264930e+01,2.269041e+01,2.265615e+01,2.263560e+01,2.266986e+01,2.268356e+01,2.269041e+01,2.257390e+01,2.263560e+01,2.251216e+01,2.247785e+01,2.251902e+01,2.262874e+01,2.276573e+01,2.255332e+01,2.258761e+01,2.266986e+01,2.276573e+01,2.264245e+01,2.267671e+01,2.279310e+01,2.276573e+01,2.291620e+01,2.298452e+01,2.292303e+01,2.297086e+01,2.298452e+01,2.314150e+01,2.314150e+01,2.321649e+01,2.313468e+01,2.337991e+01,2.326418e+01,2.332547e+01,2.337311e+01,2.341393e+01,2.340713e+01,2.346153e+01,2.342753e+01,2.350911e+01,2.364493e+01,2.361099e+01,2.372634e+01,2.368564e+01,2.382123e+01,2.373312e+01,2.392958e+01,2.397018e+01,2.397694e+01,2.403781e+01,2.403105e+01,2.402428e+01,2.403105e+01,2.408512e+01,2.409864e+01,2.407837e+01,2.415943e+01,2.411215e+01,2.425393e+01,2.405133e+01,2.429441e+01,2.442921e+01,2.459073e+01,2.445614e+01,2.491305e+01,2.493316e+01,2.508052e+01,2.538131e+01,2.548805e+01,2.554138e+01,2.555471e+01,2.589401e+01,2.590729e+01,2.604667e+01,2.605330e+01,2.603340e+01,2.625870e+01,2.613286e+01,2.617261e+01,2.627855e+01,2.631826e+01,2.630502e+01,2.629179e+01,2.650333e+01,2.640422e+01,2.643066e+01,2.645049e+01,2.644388e+01,2.645709e+01,2.646370e+01,2.641744e+01,2.643727e+01,2.643066e+01,2.643066e+01,2.647691e+01,2.644388e+01,2.643727e+01,2.628517e+01,2.646370e+01,2.641744e+01,2.639761e+01,2.649012e+01,2.635794e+01,2.627855e+01,2.629841e+01,2.588736e+01,2.572117e+01,2.473187e+01,2.430790e+01,2.407161e+01,2.422019e+01,2.435509e+01,2.471844e+01,2.488622e+01,2.509391e+01,2.526778e+01,2.542802e+01,2.554138e+01,2.560134e+01,2.556137e+01,2.553472e+01,2.559468e+01,2.552805e+01,2.564130e+01,2.523437e+01,2.518757e+01,2.488622e+01,2.479230e+01,2.434835e+01,2.409864e+01,2.394988e+01,2.394988e+01,2.407837e+01,2.460419e+01,2.460419e+01,2.461763e+01,2.490634e+01,2.527446e+01,2.534126e+01,2.547471e+01,2.560134e+01,2.576108e+01,2.581427e+01,2.602677e+01,2.599359e+01,2.602677e+01,2.603340e+01,2.609971e+01,2.604004e+01,2.604004e+01,2.598032e+01,2.602013e+01,2.602677e+01,2.584085e+01,2.588736e+01,2.591393e+01,2.592721e+01,2.580762e+01,2.580762e+01,2.551472e+01,2.542802e+01,2.526778e+01,2.527446e+01,2.534793e+01,2.520763e+01,2.512068e+01,2.508052e+01,2.512068e+01,2.490634e+01,2.473858e+01,2.468484e+01,2.489964e+01,2.472515e+01,2.470500e+01,2.466469e+01,2.467813e+01,2.469156e+01,2.451000e+01,2.431464e+01,2.453019e+01,2.409188e+01,2.403781e+01,2.407837e+01,2.380768e+01,2.348192e+01,2.375346e+01,2.349552e+01,2.346833e+01,2.337311e+01,2.347513e+01,2.326418e+01,2.326418e+01,2.324374e+01,2.310057e+01,2.317559e+01,2.310057e+01,2.328461e+01,2.306645e+01,2.325056e+01,2.331185e+01,2.328461e+01,2.346833e+01,2.344113e+01,2.319604e+01,2.288886e+01,2.270411e+01,2.278626e+01,2.269726e+01,2.274519e+01,2.269726e+01,2.266986e+01,2.280679e+01,2.260132e+01,2.262189e+01,2.264930e+01,2.259447e+01,2.262189e+01,2.253960e+01,2.260818e+01,2.254646e+01,2.268356e+01,2.251902e+01,2.249158e+01,2.264930e+01,2.260132e+01,2.256704e+01,2.255332e+01,2.258076e+01,2.255332e+01,2.247098e+01,2.258761e+01,2.247785e+01,2.247098e+01,2.242979e+01,2.243666e+01,2.247098e+01,2.247098e+01,2.247785e+01,2.249844e+01,2.247098e+01,2.242979e+01,2.248471e+01,2.252588e+01,2.249158e+01,2.247098e+01,2.246412e+01,2.242979e+01,2.247785e+01,2.237484e+01,2.243666e+01,2.247098e+01,2.243666e+01,2.253960e+01,2.240232e+01,2.236110e+01,2.245039e+01,2.251216e+01,2.241605e+01,2.238171e+01,2.247098e+01,2.249844e+01,2.245725e+01,2.249844e+01,2.249158e+01,2.231986e+01,2.234735e+01,2.234735e+01,2.235422e+01,2.237484e+01,2.233360e+01,2.236797e+01,2.234048e+01,2.236797e+01,2.251902e+01,2.233360e+01,2.240919e+01,2.232673e+01,2.238171e+01,2.238858e+01,2.241605e+01,2.232673e+01,2.235422e+01,2.223045e+01,2.229923e+01,2.227172e+01,2.227860e+01,2.227172e+01,2.224421e+01,2.225109e+01,2.228548e+01,2.235422e+01,2.236797e+01,2.244352e+01,2.204451e+01,2.245039e+01,2.234735e+01,2.232673e+01,2.229235e+01,2.241605e+01,2.242292e+01,2.235422e+01,2.239545e+01,2.229235e+01,2.245725e+01,2.231298e+01,2.233360e+01,2.232673e+01,2.218916e+01,2.232673e+01,2.228548e+01,2.224421e+01,2.236797e+01,2.234048e+01,2.240232e+01,2.225797e+01,2.245725e+01,2.242292e+01,2.229235e+01,2.229923e+01,2.226485e+01,2.238171e+01,2.238858e+01,2.225797e+01,2.234735e+01,2.225109e+01,2.235422e+01,2.224421e+01,2.232673e+01,2.227860e+01,2.229235e+01,2.224421e+01,2.241605e+01,2.241605e+01,2.214785e+01,2.234735e+01,2.228548e+01,2.220981e+01,2.236110e+01,2.259447e+01,2.231298e+01,2.228548e+01,2.238171e+01,2.227172e+01,2.225109e+01,2.238171e+01,2.221669e+01,2.221669e+01,2.230611e+01,2.235422e+01,2.236110e+01,2.240232e+01,2.229923e+01,2.224421e+01,2.227172e+01,2.223733e+01,2.228548e+01,2.234735e+01,2.235422e+01,2.229235e+01,2.229923e+01,2.240919e+01,2.227172e+01,2.226485e+01,2.227172e+01,2.234048e+01,2.238858e+01,2.226485e+01,2.227860e+01,2.237484e+01,2.238858e+01,2.238858e+01,2.237484e+01,2.236797e+01,2.232673e+01,2.223733e+01,2.234735e+01,2.226485e+01,2.222357e+01,2.228548e+01,2.231986e+01,2.233360e+01,2.234735e+01,2.235422e+01,2.238858e+01,2.234735e+01,2.244352e+01,2.249844e+01,2.240919e+01,2.248471e+01,2.246412e+01,2.245725e+01,2.250530e+01,2.253960e+01,2.267671e+01,2.263560e+01,2.247098e+01,2.252588e+01,2.253960e+01,2.253275e+01,2.259447e+01,2.261503e+01,2.258076e+01,2.259447e+01,2.253960e+01,2.249158e+01
2.473858e+01,2.461091e+01,2.459746e+01,2.442247e+01,2.440226e+01,2.461091e+01,2.467813e+01,2.460419e+01,2.456383e+01,2.451673e+01,2.437531e+01,2.440226e+01,2.436183e+01,2.424044e+01,2.428766e+01,2.424719e+01,2.438878e+01,2.424719e+01,2.424044e+01,2.422694e+01,2.399723e+01,2.434835e+01,2.410540e+01,2.392958e+01,2.402428e+01,2.391604e+01,2.387542e+01,2.399047e+01,2.400400e+01,2.401076e+01,2.419994e+01,2.432812e+01,2.453692e+01,2.460419e+01,2.455710e+01,2.455710e+01,2.455710e+01,2.456383e+01,2.456383e+01,2.470500e+01,2.465796e+01,2.463780e+01,2.463780e+01,2.453692e+01,2.430115e+01,2.465796e+01,2.464452e+01,2.446961e+01,2.457728e+01,2.451673e+01,2.461091e+01,2.453692e+01,2.448308e+01,2.453692e+01,2.457728e+01,2.450327e+01,2.449654e+01,2.431464e+01,2.447635e+01,2.442247e+01,2.436183e+01,2.434835e+01,2.440226e+01,2.442921e+01,2.439552e+01,2.428766e+01,2.444941e+01,2.453019e+01,2.438205e+01,2.455038e+01,2.452346e+01,2.450327e+01,2.448308e+01,2.446288e+01,2.451673e+01,2.446961e+01,2.446961e+01,2.455710e+01,2.442247e+01,2.437531e+01,2.446288e+01,2.463780e+01,2.465796e+01,2.467813e+01,2.439552e+01,2.467141e+01,2.462436e+01,2.459746e+01,2.457728e+01,2.457056e+01,2.459746e+01,2.461091e+01,2.466469e+01,2.466469e+01,2.465124e+01,2.467141e+01,2.468484e+01,2.467141e+01,2.477887e+01,2.475873e+01,2.469156e+01,2.474530e+01,2.481243e+01,2.472515e+01,2.477887e+01,2.477887e+01,2.475873e+01,2.471844e+01,2.471844e+01,2.470500e+01,2.463780e+01,2.467141e+01,2.464452e+01,2.457728e+01,2.458401e+01,2.436183e+01,2.377380e+01,2.340713e+01,2.314832e+01,2.276573e+01,2.264930e+01,2.253275e+01,2.256018e+01,2.252588e+01,2.260132e+01,2.253960e+01,2.260818e+01,2.260818e+01,2.266301e+01,2.258761e+01,2.265615e+01,2.258076e+01,2.260818e+01,2.260818e+01,2.258761e+01,2.261503e+01,2.258076e+01,2.260818e+01,2.257390e+01,2.269726e+01,2.259447e+01,2.251216e+01,2.258076e+01,2.252588e+01,2.257390e+01,2.249844e+01,2.256704e+01,2.258076e+01,2.253960e+01,2.253275e+01,2.249158e+01,2.257390e+01,2.258761e+01,2.260132e+01,2.254646e+01,2.260818e+01,2.253960e+01,2.262874e+01,2.268356e+01,2.271780e+01,2.265615e+01,2.266986e+01,2.252588e+01,2.261503e+01,2.264930e+01,2.260132e+01,2.250530e+01,2.249844e+01,2.255332e+01,2.264245e+01,2.266986e+01,2.263560e+01,2.262874e+01,2.264245e+01,2.261503e+01,2.261503e+01,2.260818e+01,2.266301e+01,2.264930e+01,2.265615e+01,2.260818e+01,2.270411e+01,2.273150e+01,2.259447e+01,2.269726e+01,2.271096e+01,2.267671e+01,2.265615e+01,2.266301e+01,2.267671e+01,2.264245e+01,2.273835e+01,2.273150e+01,2.269726e+01,2.262189e+01,2.264930e+01,2.267671e+01,2.269041e+01,2.257390e+01,2.268356e+01,2.262874e+01,2.270411e+01,2.274519e+01,2.277942e+01,2.264245e+01,2.261503e+01,2.278626e+01,2.262189e+01,2.267671e+01,2.260818e+01,2.270411e+01,2.269041e+01,2.250530e+01,2.273150e+01,2.262189e+01,2.264930e+01,2.270411e+01,2.276573e+01,2.260818e+01,2.258076e+01,2.269041e+01,2.256018e+01,2.266301e+01,2.262189e+01,2.260818e+01,2.273150e+01,2.264245e+01,2.266301e+01,2.264245e+01,2.258076e+01,2.247785e+01,2.265615e+01,2.266301e+01,2.261503e+01,2.268356e+01,2.269041e+01,2.266301e+01,2.264930e+01,2.273150e+01,2.267671e+01,2.277257e+01,2.267671e+01,2.265615e+01,2.266986e+01,2.269041e+01,2.259447e+01,2.248471e+01,2.267671e+01,2.260818e+01,2.257390e+01,2.259447e+01,2.262189e+01,2.268356e+01,2.264930e+01,2.267671e+01,2.287519e+01,2.293670e+01,2.291620e+01,2.287519e+01,2.292303e+01,2.291620e+01,2.307328e+01,2.311422e+01,2.313468e+01,2.298452e+01,2.320286e+01,2.329823e+01,2.330504e+01,2.340713e+01,2.340032e+01,2.340713e+01,2.343433e+01,2.348192e+01,2.353629e+01,2.367207e+01,2.369921e+01,2.361099e+01,2.366529e+01,2.371277e+01,2.379413e+01,2.386187e+01,2.405809e+01,2.396341e+01,2.397018e+01,2.395664e+01,2.405809e+01,2.401076e+01,2.400400e+01,2.406485e+01,2.405133e+01,2.414593e+01,2.415943e+01,2.404457e+01,2.405133e+01,2.422019e+01,2.435509e+01,2.433487e+01,2.459746e+01,2.463108e+01,2.472515e+01,2.489293e+01,2.518757e+01,2.538131e+01,2.538131e+01,2.555471e+01,2.555471e+01,2.583421e+01,2.597368e+01,2.596704e+01,2.605993e+01,2.625208e+01,2.617924e+01,2.613948e+01,2.629841e+01,2.629841e+01,2.627194e+01,2.633149e+01,2.638439e+01,2.627194e+01,2.641084e+01,2.647691e+01,2.647031e+01,2.634472e+01,2.642405e+01,2.648352e+01,2.647031e+01,2.649673e+01,2.653635e+01,2.641084e+01,2.656275e+01,2.645049e+01,2.642405e+01,2.647031e+01,2.643727e+01,2.642405e+01,2.642405e+01,2.631164e+01,2.635133e+01,2.627855e+01,2.615936e+01,2.589401e+01,2.562798e+01,2.469828e+01,2.433487e+01,2.410540e+01,2.418644e+01,2.436183e+01,2.463108e+01,2.475201e+01,2.528782e+01,2.537464e+01,2.534793e+01,2.556804e+01,2.550805e+01,2.554138e+01,2.562798e+01,2.552805e+01,2.538799e+01,2.547471e+01,2.514744e+01,2.512737e+01,2.485940e+01,2.463108e+01,2.443594e+01,2.418644e+01,2.392281e+01,2.395664e+01,2.420670e+01,2.437531e+01,2.453019e+01,2.477216e+01,2.496667e+01,2.531454e+01,2.530119e+01,2.551472e+01,2.557470e+01,2.580762e+01,2.580762e+01,2.590065e+01,2.602013e+01,2.609971e+01,2.620573e+01,2.605993e+01,2.606656e+01,2.605330e+01,2.605330e+01,2.601350e+01,2.603340e+01,2.597368e+01,2.595377e+01,2.597368e+01,2.592721e+01,2.573447e+01,2.583421e+01,2.565462e+01,2.555471e+01,2.545471e+01,2.536796e+01,2.536129e+01,2.531454e+01,2.510060e+01,2.512068e+01,2.496667e+01,2.494656e+01,2.473187e+01,2.496667e+01,2.495326e+01,2.491305e+01,2.471844e+01,2.487952e+01,2.465124e+01,2.469156e+01,2.453692e+01,2.451673e+01,2.447635e+01,2.425393e+01,2.422694e+01,2.424044e+01,2.399723e+01,2.375346e+01,2.376024e+01,2.376702e+01,2.375346e+01,2.349552e+01,2.358383e+01,2.346153e+01,2.339352e+01,2.328461e+01,2.308693e+01,2.322330e+01,2.325056e+01,2.325737e+01,2.314150e+01,2.323012e+01,2.347513e+01,2.336630e+01,2.338672e+01,2.338672e+01,2.317559e+01,2.288202e+01,2.284099e+01,2.279995e+01,2.270411e+01,2.262189e+01,2.265615e+01,2.258761e+01,2.255332e+01,2.258761e+01,2.259447e+01,2.260132e+01,2.260818e+01,2.261503e+01,2.251902e+01,2.259447e+01,2.253960e+01,2.266986e+01,2.251902e+01,2.247785e+01,2.250530e+01,2.263560e+01,2.244352e+01,2.252588e+01,2.250530e+01,2.255332e+01,2.240232e+01,2.250530e+01,2.242979e+01,2.242292e+01,2.242292e+01,2.246412e+01,2.245725e+01,2.243666e+01,2.243666e+01,2.249844e+01,2.249158e+01,2.238858e+01,2.245039e+01,2.236797e+01,2.237484e+01,2.247785e+01,2.227860e+01,2.243666e+01,2.246412e+01,2.243666e+01,2.249158e+01,2.238858e+01,2.251902e+01,2.251216e+01,2.236797e+01,2.247098e+01,2.247785e+01,2.253960e+01,2.241605e+01,2.238858e+01,2.259447e+01,2.241605e+01,2.235422e+01,2.227860e+01,2.236797e+01,2.237484e+01,2.231298e+01,2.236797e+01,2.235422e+01,2.240919e+01,2.240232e+01,2.238171e+01,2.234735e+01,2.231986e+01,2.234048e+01,2.232673e+01,2.225109e+01,2.231986e+01,2.227172e+01,2.225109e+01,2.236797e+01,2.227860e+01,2.224421e+01,2.228548e+01,2.227860e+01,2.228548e+01,2.225797e+01,2.240919e+01,2.226485e+01,2.227172e+01,2.223733e+01,2.238171e+01,2.240919e+01,2.230611e+01,2.236797e+01,2.237484e+01,2.230611e+01,2.237484e+01,2.250530e+01,2.225797e+01,2.236110e+01,2.235422e+01,2.221669e+01,2.242292e+01,2.231986e+01,2.229923e+01,2.229235e+01,2.233360e+01,2.226485e+01,2.225797e+01,2.223045e+01,2.218228e+01,2.225109e+01,2.231986e+01,2.227172e+01,2.227172e+01,2.229235e+01,2.230611e+01,2.235422e+01,2.235422e+01,2.221669e+01,2.220292e+01,2.220292e+01,2.238171e+01,2.216851e+01,2.223045e+01,2.225109e+01,2.221669e+01,2.232673e+01,2.225109e+01,2.227172e+01,2.231298e+01,2.228548e+01,2.231986e+01,2.225797e+01,2.229235e+01,2.210653e+01,2.230611e+01,2.225109e+01,2.229235e+01,2.223045e+01,2.230611e+01,2.227172e+01,2.225109e+01,2.229235e+01,2.228548e+01,2.223733e+01,2.220292e+01,2.236797e+01,2.238171e+01,2.234735e+01,2.227860e+01,2.230611e+01,2.229923e+01,2.229923e+01,2.221669e+01,2.228548e+01,2.231986e+01,2.234735e+01,2.226485e+01,2.240232e+01,2.221669e+01,2.236797e+01,2.230611e+01,2.225109e+01,2.245039e+01,2.236110e+01,2.225797e+01,2.242292e+01,2.223733e+01,2.236110e+01,2.228548e+01,2.251902e+01,2.225797e+01,2.231298e+01,2.220292e+01,2.231298e+01,2.231986e+01,2.227860e+01,2.226485e+01,2.231986e+01,2.214096e+01,2.235422e+01,2.213408e+01,2.236797e+01,2.251216e+01,2.249844e+01,2.240919e+01,2.250530e+01,2.247785e+01,2.242979e+01,2.258761e+01,2.256018e+01,2.253960e+01,2.251902e+01,2.256704e+01,2.252588e+01,2.249158e+01,2.253960e+01,2.253960e+01,2.260132e+01,2.241605e+01,2.248471e+01,2.256704e+01,2.258076e+01,2.256704e+01
2.461763e+01,2.457728e+01,2.457728e+01,2.445614e+01,2.441573e+01,2.455710e+01,2.461091e+01,2.454365e+01,2.451000e+01,2.455710e+01,2.452346e+01,2.437531e+01,2.437531e+01,2.447635e+01,2.430115e+01,2.432138e+01,2.416619e+01,2.415268e+01,2.412566e+01,2.411891e+01,2.408512e+01,2.409864e+01,2.407161e+01,2.390927e+01,2.392281e+01,2.390927e+01,2.398371e+01,2.386865e+01,2.401752e+01,2.400400e+01,2.403105e+01,2.432812e+01,2.427417e+01,2.440900e+01,2.444941e+01,2.455710e+01,2.461091e+01,2.453019e+01,2.469156e+01,2.460419e+01,2.466469e+01,2.461763e+01,2.462436e+01,2.457056e+01,2.457056e+01,2.466469e+01,2.446288e+01,2.448981e+01,2.446961e+01,2.450327e+01,2.445614e+01,2.449654e+01,2.444941e+01,2.450327e+01,2.448308e+01,2.451000e+01,2.446961e+01,2.436857e+01,2.442247e+01,2.447635e+01,2.448308e+01,2.428766e+01,2.428092e+01,2.440226e+01,2.441573e+01,2.440226e+01,2.446961e+01,2.455710e+01,2.440900e+01,2.439552e+01,2.447635e+01,2.445614e+01,2.454365e+01,2.446288e+01,2.450327e+01,2.459073e+01,2.453692e+01,2.461091e+01,2.457056e+01,2.438205e+01,2.451000e+01,2.461091e+01,2.467813e+01,2.463108e+01,2.461091e+01,2.463108e+01,2.465124e+01,2.461091e+01,2.469156e+01,2.463780e+01,2.459073e+01,2.470500e+01,2.467141e+01,2.466469e+01,2.448308e+01,2.475873e+01,2.468484e+01,2.478558e+01,2.468484e+01,2.475873e+01,2.477887e+01,2.473187e+01,2.476544e+01,2.484598e+01,2.475873e+01,2.477216e+01,2.478558e+01,2.476544e+01,2.470500e+01,2.480572e+01,2.477216e+01,2.469156e+01,2.452346e+01,2.467813e+01,2.417294e+01,2.384833e+01,2.343433e+01,2.320286e+01,2.267671e+01,2.264930e+01,2.257390e+01,2.259447e+01,2.260132e+01,2.259447e+01,2.261503e+01,2.258076e+01,2.259447e+01,2.264930e+01,2.260132e+01,2.257390e+01,2.269041e+01,2.261503e+01,2.263560e+01,2.249158e+01,2.260132e+01,2.260818e+01,2.264245e+01,2.260132e+01,2.240232e+01,2.260818e+01,2.256704e+01,2.252588e+01,2.253960e+01,2.257390e+01,2.253960e+01,2.252588e+01,2.253960e+01,2.252588e+01,2.260818e+01,2.253275e+01,2.249158e+01,2.256704e+01,2.248471e+01,2.251902e+01,2.256018e+01,2.250530e+01,2.251902e+01,2.260132e+01,2.256018e+01,2.258761e+01,2.255332e+01,2.272465e+01,2.251216e+01,2.261503e+01,2.258076e+01,2.255332e+01,2.267671e+01,2.258076e+01,2.259447e+01,2.266301e+01,2.249158e+01,2.264930e+01,2.269041e+01,2.271780e+01,2.264930e+01,2.263560e+01,2.253960e+01,2.265615e+01,2.268356e+01,2.267671e+01,2.272465e+01,2.263560e+01,2.266301e+01,2.259447e+01,2.265615e+01,2.269041e+01,2.260818e+01,2.264245e+01,2.262874e+01,2.262874e+01,2.269726e+01,2.269041e+01,2.261503e+01,2.266301e+01,2.259447e+01,2.257390e+01,2.262189e+01,2.262874e+01,2.273835e+01,2.277942e+01,2.260818e+01,2.259447e+01,2.279995e+01,2.271780e+01,2.261503e+01,2.262874e+01,2.264245e+01,2.257390e+01,2.267671e+01,2.254646e+01,2.267671e+01,2.269726e+01,2.259447e+01,2.262189e+01,2.273835e+01,2.264245e+01,2.265615e+01,2.250530e+01,2.266986e+01,2.257390e+01,2.266301e+01,2.258076e+01,2.253960e+01,2.262189e+01,2.263560e+01,2.263560e+01,2.259447e+01,2.256018e+01,2.248471e+01,2.262874e+01,2.253275e+01,2.259447e+01,2.254646e+01,2.263560e+01,2.266986e+01,2.265615e+01,2.270411e+01,2.266301e+01,2.277257e+01,2.273835e+01,2.264930e+01,2.256704e+01,2.259447e+01,2.275204e+01,2.250530e+01,2.270411e+01,2.249158e+01,2.251216e+01,2.257390e+01,2.251216e+01,2.250530e+01,2.262189e+01,2.278626e+01,2.267671e+01,2.273150e+01,2.271096e+01,2.290937e+01,2.281363e+01,2.293670e+01,2.305963e+01,2.292987e+01,2.297086e+01,2.299818e+01,2.315514e+01,2.316877e+01,2.321649e+01,2.334589e+01,2.330504e+01,2.335950e+01,2.328461e+01,2.350911e+01,2.350911e+01,2.325056e+01,2.359062e+01,2.359741e+01,2.363136e+01,2.369921e+01,2.386187e+01,2.378057e+01,2.396341e+01,2.387542e+01,2.396341e+01,2.405809e+01,2.405133e+01,2.403105e+01,2.400400e+01,2.398371e+01,2.409188e+01,2.405809e+01,2.415943e+01,2.415268e+01,2.407161e+01,2.403105e+01,2.417294e+01,2.421344e+01,2.436183e+01,2.427417e+01,2.441573e+01,2.463780e+01,2.475201e+01,2.483256e+01,2.513406e+01,2.538799e+01,2.540801e+01,2.552805e+01,2.554804e+01,2.586743e+01,2.589401e+01,2.598032e+01,2.613948e+01,2.617924e+01,2.618586e+01,2.618586e+01,2.619248e+01,2.629841e+01,2.631826e+01,2.627855e+01,2.633810e+01,2.634472e+01,2.629179e+01,2.644388e+01,2.644388e+01,2.633810e+01,2.650994e+01,2.643727e+01,2.649012e+01,2.651654e+01,2.653635e+01,2.650333e+01,2.654295e+01,2.656935e+01,2.649673e+01,2.643066e+01,2.642405e+01,2.643066e+01,2.630502e+01,2.623884e+01,2.631164e+01,2.629841e+01,2.611960e+01,2.586079e+01,2.562132e+01,2.469828e+01,2.422019e+01,2.422694e+01,2.426068e+01,2.424044e+01,2.468484e+01,2.475201e+01,2.510730e+01,2.515413e+01,2.531454e+01,2.546805e+01,2.549472e+01,2.554138e+01,2.556804e+01,2.558136e+01,2.551472e+01,2.555471e+01,2.542135e+01,2.517419e+01,2.491975e+01,2.476544e+01,2.442921e+01,2.407837e+01,2.397018e+01,2.392281e+01,2.402428e+01,2.411891e+01,2.434835e+01,2.463108e+01,2.493316e+01,2.526778e+01,2.531454e+01,2.558802e+01,2.556137e+01,2.579433e+01,2.580762e+01,2.580097e+01,2.602013e+01,2.602013e+01,2.600686e+01,2.602013e+01,2.605330e+01,2.603340e+01,2.614611e+01,2.606656e+01,2.611297e+01,2.627194e+01,2.596704e+01,2.594049e+01,2.584085e+01,2.568790e+01,2.562798e+01,2.556137e+01,2.539466e+01,2.542135e+01,2.535461e+01,2.528782e+01,2.527446e+01,2.530119e+01,2.511399e+01,2.515413e+01,2.512737e+01,2.498007e+01,2.498007e+01,2.511399e+01,2.489293e+01,2.489964e+01,2.477216e+01,2.477887e+01,2.488622e+01,2.491305e+01,2.465124e+01,2.455038e+01,2.428092e+01,2.421344e+01,2.417969e+01,2.417294e+01,2.413242e+01,2.378735e+01,2.383478e+01,2.382123e+01,2.380091e+01,2.367207e+01,2.344793e+01,2.344113e+01,2.349552e+01,2.316195e+01,2.320286e+01,2.334589e+01,2.325056e+01,2.322330e+01,2.334589e+01,2.337991e+01,2.346153e+01,2.337311e+01,2.336630e+01,2.306645e+01,2.275888e+01,2.275204e+01,2.270411e+01,2.271096e+01,2.269041e+01,2.258076e+01,2.278626e+01,2.275888e+01,2.255332e+01,2.258761e+01,2.266986e+01,2.260818e+01,2.249158e+01,2.252588e+01,2.258076e+01,2.252588e+01,2.252588e+01,2.249844e+01,2.255332e+01,2.260818e+01,2.245725e+01,2.242292e+01,2.251902e+01,2.238858e+01,2.236110e+01,2.240919e+01,2.232673e+01,2.250530e+01,2.245725e+01,2.247098e+01,2.246412e+01,2.232673e+01,2.227860e+01,2.245725e+01,2.238858e+01,2.235422e+01,2.245039e+01,2.238171e+01,2.246412e+01,2.243666e+01,2.240232e+01,2.243666e+01,2.247785e+01,2.240919e+01,2.225109e+01,2.231986e+01,2.238858e+01,2.223045e+01,2.236797e+01,2.236797e+01,2.237484e+01,2.247098e+01,2.242292e+01,2.236797e+01,2.236110e+01,2.239545e+01,2.242292e+01,2.240232e+01,2.241605e+01,2.231298e+01,2.227172e+01,2.252588e+01,2.238858e+01,2.238858e+01,2.238171e+01,2.230611e+01,2.238171e+01,2.236797e+01,2.231298e+01,2.229235e+01,2.229923e+01,2.229235e+01,2.231298e+01,2.236110e+01,2.229923e+01,2.228548e+01,2.226485e+01,2.236110e+01,2.240232e+01,2.229235e+01,2.229923e+01,2.225109e+01,2.225109e+01,2.225109e+01,2.227860e+01,2.223733e+01,2.224421e+01,2.238171e+01,2.223045e+01,2.240232e+01,2.230611e+01,2.234048e+01,2.229923e+01,2.231986e+01,2.233360e+01,2.230611e+01,2.236110e+01,2.234735e+01,2.223733e+01,2.240232e+01,2.238858e+01,2.224421e+01,2.223733e+01,2.219604e+01,2.224421e+01,2.218916e+01,2.220981e+01,2.235422e+01,2.227172e+01,2.228548e+01,2.226485e+01,2.221669e+01,2.235422e+01,2.227860e+01,2.225797e+01,2.222357e+01,2.226485e+01,2.214785e+01,2.232673e+01,2.225797e+01,2.228548e+01,2.229923e+01,2.229923e+01,2.230611e+01,2.221669e+01,2.227860e+01,2.227172e+01,2.229235e+01,2.235422e+01,2.227860e+01,2.220292e+01,2.220292e+01,2.223045e+01,2.227860e+01,2.218916e+01,2.220981e+01,2.240919e+01,2.223733e+01,2.223045e+01,2.229235e+01,2.221669e+01,2.218228e+01,2.227860e+01,2.214785e+01,2.232673e+01,2.222357e+01,2.231298e+01,2.231986e+01,2.230611e+01,2.212719e+01,2.216162e+01,2.240919e+01,2.212719e+01,2.225797e+01,2.218916e+01,2.225109e+01,2.226485e+01,2.231298e+01,2.229235e+01,2.229923e+01,2.231986e+01,2.228548e+01,2.216851e+01,2.224421e+01,2.207207e+01,2.220292e+01,2.223045e+01,2.227172e+01,2.229235e+01,2.207207e+01,2.209275e+01,2.217539e+01,2.221669e+01,2.230611e+01,2.216162e+01,2.220292e+01,2.216162e+01,2.198245e+01,2.216162e+01,2.234735e+01,2.240919e+01,2.243666e+01,2.239545e+01,2.245725e+01,2.244352e+01,2.245725e+01,2.249158e+01,2.260132e+01,2.257390e+01,2.249844e+01,2.251216e+01,2.242979e+01,2.255332e+01,2.252588e+01,2.260818e+01,2.261503e+01,2.257390e+01,2.256018e+01,2.252588e+01,2.252588e+01,2.259447e+01
2.460419e+01,2.458401e+01,2.448308e+01,2.461763e+01,2.453692e+01,2.449654e+01,2.454365e+01,2.446961e+01,2.455038e+01,2.444941e+01,2.436857e+01,2.435509e+01,2.432812e+01,2.436183e+01,2.422694e+01,2.427417e+01,2.422019e+01,2.442247e+01,2.411891e+01,2.437531e+01,2.411215e+01,2.394988e+01,2.385510e+01,2.390927e+01,2.389573e+01,2.378735e+01,2.391604e+01,2.383478e+01,2.380091e+01,2.388896e+01,2.386187e+01,2.403781e+01,2.428766e+01,2.436183e+01,2.453692e+01,2.440900e+01,2.459746e+01,2.466469e+01,2.457056e+01,2.459073e+01,2.456383e+01,2.464452e+01,2.458401e+01,2.445614e+01,2.449654e+01,2.453692e+01,2.461763e+01,2.461091e+01,2.446961e+01,2.448308e+01,2.453019e+01,2.448308e+01,2.453692e+01,2.446961e+01,2.428766e+01,2.447635e+01,2.437531e+01,2.451673e+01,2.441573e+01,2.438878e+01,2.448981e+01,2.439552e+01,2.436857e+01,2.430115e+01,2.430115e+01,2.440226e+01,2.444941e+01,2.441573e+01,2.443594e+01,2.446961e+01,2.454365e+01,2.452346e+01,2.457056e+01,2.462436e+01,2.447635e+01,2.434161e+01,2.457728e+01,2.449654e+01,2.448981e+01,2.439552e+01,2.458401e+01,2.461091e+01,2.455038e+01,2.463108e+01,2.446961e+01,2.463108e+01,2.466469e+01,2.477887e+01,2.458401e+01,2.459073e+01,2.457728e+01,2.473187e+01,2.471844e+01,2.472515e+01,2.484598e+01,2.479901e+01,2.468484e+01,2.483256e+01,2.481243e+01,2.479230e+01,2.482585e+01,2.483256e+01,2.477887e+01,2.474530e+01,2.477887e+01,2.486610e+01,2.484598e+01,2.477887e+01,2.477216e+01,2.477216e+01,2.466469e+01,2.467813e+01,2.438878e+01,2.435509e+01,2.378735e+01,2.347513e+01,2.320286e+01,2.288886e+01,2.266986e+01,2.258076e+01,2.266301e+01,2.256704e+01,2.255332e+01,2.262189e+01,2.247785e+01,2.260132e+01,2.258761e+01,2.269726e+01,2.259447e+01,2.268356e+01,2.268356e+01,2.266301e+01,2.263560e+01,2.266301e+01,2.256018e+01,2.258761e+01,2.256018e+01,2.268356e+01,2.250530e+01,2.253960e+01,2.251902e+01,2.253275e+01,2.255332e+01,2.253275e+01,2.247785e+01,2.242979e+01,2.256018e+01,2.250530e+01,2.239545e+01,2.238858e+01,2.250530e+01,2.252588e+01,2.247098e+01,2.249158e+01,2.254646e+01,2.252588e+01,2.253275e+01,2.253275e+01,2.258076e+01,2.246412e+01,2.263560e+01,2.271780e+01,2.263560e+01,2.258761e+01,2.258076e+01,2.260132e+01,2.260818e+01,2.256704e+01,2.245725e+01,2.255332e+01,2.261503e+01,2.269041e+01,2.252588e+01,2.260818e+01,2.267671e+01,2.262874e+01,2.268356e+01,2.265615e+01,2.263560e+01,2.262189e+01,2.260818e+01,2.259447e+01,2.260132e+01,2.263560e+01,2.262189e+01,2.269726e+01,2.269041e+01,2.261503e+01,2.260818e+01,2.250530e+01,2.260132e+01,2.264245e+01,2.264245e+01,2.260132e+01,2.259447e+01,2.262874e+01,2.256018e+01,2.266986e+01,2.260132e+01,2.263560e+01,2.258076e+01,2.263560e+01,2.266986e+01,2.265615e+01,2.267671e+01,2.262874e+01,2.265615e+01,2.262874e+01,2.269041e+01,2.254646e+01,2.266301e+01,2.262874e+01,2.265615e+01,2.253275e+01,2.269041e+01,2.262189e+01,2.251902e+01,2.271096e+01,2.256704e+01,2.258076e+01,2.263560e+01,2.256704e+01,2.258761e+01,2.258076e+01,2.263560e+01,2.249844e+01,2.261503e+01,2.256018e+01,2.263560e+01,2.254646e+01,2.261503e+01,2.247785e+01,2.249844e+01,2.258076e+01,2.265615e+01,2.261503e+01,2.273835e+01,2.266986e+01,2.271096e+01,2.262189e+01,2.273150e+01,2.253275e+01,2.248471e+01,2.275888e+01,2.252588e+01,2.253275e+01,2.260132e+01,2.264930e+01,2.261503e+01,2.263560e+01,2.258761e+01,2.277257e+01,2.278626e+01,2.277257e+01,2.279310e+01,2.280679e+01,2.295037e+01,2.299135e+01,2.294353e+01,2.297086e+01,2.308693e+01,2.312786e+01,2.313468e+01,2.315514e+01,2.322330e+01,2.335269e+01,2.332547e+01,2.331866e+01,2.329142e+01,2.325056e+01,2.354308e+01,2.352270e+01,2.370599e+01,2.374668e+01,2.363814e+01,2.379413e+01,2.368564e+01,2.383478e+01,2.380768e+01,2.394311e+01,2.387542e+01,2.397694e+01,2.397018e+01,2.405133e+01,2.399047e+01,2.413242e+01,2.402428e+01,2.412566e+01,2.407837e+01,2.411215e+01,2.409864e+01,2.407161e+01,2.413917e+01,2.411215e+01,2.413917e+01,2.438205e+01,2.446961e+01,2.455038e+01,2.459746e+01,2.483927e+01,2.512737e+01,2.517419e+01,2.534126e+01,2.555471e+01,2.552139e+01,2.580097e+01,2.588736e+01,2.586743e+01,2.619248e+01,2.614611e+01,2.613286e+01,2.628517e+01,2.631164e+01,2.627194e+01,2.631826e+01,2.634472e+01,2.631826e+01,2.634472e+01,2.641744e+01,2.642405e+01,2.630502e+01,2.632487e+01,2.642405e+01,2.641744e+01,2.635794e+01,2.651654e+01,2.639100e+01,2.649673e+01,2.663533e+01,2.662214e+01,2.659575e+01,2.662214e+01,2.649012e+01,2.643066e+01,2.643727e+01,2.643727e+01,2.631826e+01,2.620573e+01,2.622560e+01,2.629179e+01,2.598032e+01,2.568790e+01,2.475873e+01,2.433487e+01,2.419319e+01,2.436183e+01,2.424044e+01,2.451000e+01,2.489293e+01,2.515413e+01,2.524105e+01,2.536129e+01,2.551472e+01,2.551472e+01,2.554138e+01,2.558136e+01,2.552805e+01,2.557470e+01,2.538799e+01,2.538131e+01,2.516082e+01,2.503366e+01,2.477216e+01,2.444268e+01,2.406485e+01,2.397018e+01,2.388219e+01,2.399047e+01,2.419994e+01,2.446961e+01,2.459746e+01,2.482585e+01,2.526110e+01,2.529451e+01,2.560134e+01,2.554138e+01,2.572117e+01,2.580762e+01,2.596041e+01,2.594049e+01,2.603340e+01,2.609309e+01,2.605993e+01,2.607319e+01,2.598032e+01,2.607319e+01,2.605993e+01,2.604667e+01,2.593385e+01,2.601350e+01,2.586743e+01,2.578103e+01,2.567459e+01,2.559468e+01,2.558136e+01,2.552139e+01,2.544137e+01,2.539466e+01,2.532790e+01,2.534793e+01,2.530787e+01,2.528782e+01,2.526778e+01,2.517419e+01,2.498677e+01,2.494656e+01,2.505375e+01,2.504035e+01,2.505375e+01,2.502696e+01,2.491305e+01,2.506713e+01,2.488622e+01,2.484598e+01,2.469156e+01,2.450327e+01,2.447635e+01,2.433487e+01,2.432812e+01,2.414593e+01,2.419319e+01,2.397694e+01,2.389573e+01,2.379413e+01,2.393634e+01,2.349552e+01,2.364493e+01,2.333908e+01,2.321649e+01,2.323693e+01,2.319604e+01,2.323012e+01,2.318923e+01,2.310739e+01,2.327780e+01,2.346833e+01,2.350231e+01,2.345473e+01,2.313468e+01,2.289569e+01,2.271096e+01,2.263560e+01,2.260818e+01,2.273835e+01,2.279310e+01,2.252588e+01,2.257390e+01,2.266986e+01,2.265615e+01,2.255332e+01,2.260818e+01,2.266301e+01,2.264930e+01,2.254646e+01,2.251902e+01,2.269041e+01,2.239545e+01,2.267671e+01,2.245039e+01,2.241605e+01,2.248471e+01,2.248471e+01,2.249158e+01,2.260818e+01,2.256704e+01,2.254646e+01,2.236110e+01,2.248471e+01,2.243666e+01,2.244352e+01,2.239545e+01,2.242292e+01,2.242979e+01,2.246412e+01,2.236797e+01,2.245039e+01,2.238858e+01,2.240919e+01,2.238858e+01,2.238171e+01,2.233360e+01,2.231986e+01,2.240919e+01,2.240919e+01,2.240232e+01,2.236110e+01,2.247785e+01,2.239545e+01,2.242292e+01,2.241605e+01,2.238858e+01,2.236110e+01,2.242979e+01,2.242979e+01,2.240232e+01,2.244352e+01,2.236797e+01,2.243666e+01,2.242979e+01,2.238858e+01,2.230611e+01,2.229235e+01,2.229235e+01,2.240232e+01,2.233360e+01,2.231298e+01,2.231298e+01,2.230611e+01,2.228548e+01,2.234735e+01,2.231298e+01,2.235422e+01,2.234048e+01,2.233360e+01,2.231298e+01,2.233360e+01,2.225797e+01,2.232673e+01,2.220292e+01,2.224421e+01,2.227172e+01,2.229235e+01,2.227860e+01,2.229235e+01,2.230611e+01,2.231298e+01,2.222357e+01,2.239545e+01,2.238858e+01,2.225797e+01,2.237484e+01,2.239545e+01,2.234048e+01,2.227172e+01,2.232673e+01,2.230611e+01,2.233360e+01,2.237484e+01,2.229235e+01,2.217539e+01,2.222357e+01,2.221669e+01,2.225109e+01,2.234735e+01,2.227172e+01,2.229923e+01,2.225797e+01,2.234735e+01,2.240232e+01,2.225797e+01,2.228548e+01,2.221669e+01,2.231298e+01,2.224421e+01,2.226485e+01,2.234048e+01,2.233360e+01,2.216162e+01,2.231986e+01,2.225797e+01,2.229235e+01,2.234048e+01,2.213408e+01,2.218916e+01,2.220292e+01,2.234048e+01,2.224421e+01,2.238858e+01,2.221669e+01,2.207207e+01,2.219604e+01,2.218916e+01,2.226485e+01,2.220981e+01,2.220981e+01,2.227172e+01,2.227860e+01,2.223733e+01,2.229235e+01,2.229235e+01,2.227860e+01,2.234048e+01,2.223733e+01,2.228548e+01,2.225109e+01,2.231298e+01,2.229235e+01,2.229923e+01,2.229235e+01,2.231986e+01,2.228548e+01,2.217539e+01,2.226485e+01,2.226485e+01,2.227860e+01,2.229235e+01,2.219604e+01,2.231298e+01,2.232673e+01,2.228548e+01,2.216162e+01,2.230611e+01,2.208586e+01,2.220292e+01,2.235422e+01,2.231986e+01,2.223045e+01,2.228548e+01,2.225797e+01,2.218916e+01,2.207207e+01,2.227172e+01,2.224421e+01,2.232673e+01,2.207207e+01,2.207897e+01,2.205140e+01,2.223733e+01,2.234048e+01,2.238171e+01,2.248471e+01,2.252588e+01,2.253960e+01,2.247785e+01,2.253960e+01,2.251902e+01,2.257390e+01,2.250530e+01,2.257390e+01,2.251216e+01,2.243666e+01,2.254646e+01,2.257390e+01,2.227172e+01,2.246412e+01,2.247098e+01,2.245725e+01,2.249844e+01,2.257390e+01,2.258761e+01
2.450327e+01,2.455710e+01,2.448981e+01,2.465796e+01,2.444268e+01,2.448981e+01,2.452346e+01,2.456383e+01,2.434835e+01,2.450327e+01,2.444941e+01,2.446288e+01,2.448308e+01,2.415943e+01,2.413917e+01,2.418644e+01,2.424719e+01,2.424719e+01,2.423369e+01,2.422019e+01,2.414593e+01,2.398371e+01,2.391604e+01,2.394311e+01,2.386865e+01,2.387542e+01,2.372634e+01,2.384155e+01,2.388219e+01,2.369242e+01,2.367207e+01,2.388896e+01,2.401076e+01,2.433487e+01,2.426743e+01,2.436857e+01,2.440900e+01,2.455038e+01,2.457728e+01,2.440900e+01,2.445614e+01,2.451673e+01,2.459746e+01,2.455710e+01,2.449654e+01,2.449654e+01,2.449654e+01,2.448308e+01,2.449654e+01,2.448981e+01,2.446288e+01,2.446961e+01,2.446961e+01,2.434161e+01,2.444941e+01,2.444941e+01,2.447635e+01,2.442247e+01,2.432138e+01,2.435509e+01,2.444941e+01,2.435509e+01,2.440226e+01,2.440900e+01,2.438878e+01,2.454365e+01,2.444941e+01,2.448308e+01,2.438205e+01,2.459073e+01,2.459073e+01,2.444941e+01,2.456383e+01,2.444941e+01,2.446961e+01,2.461763e+01,2.447635e+01,2.446961e+01,2.453019e+01,2.455710e+01,2.458401e+01,2.466469e+01,2.458401e+01,2.461091e+01,2.471172e+01,2.466469e+01,2.475873e+01,2.460419e+01,2.459073e+01,2.461763e+01,2.476544e+01,2.484598e+01,2.462436e+01,2.473187e+01,2.483256e+01,2.475201e+01,2.485940e+01,2.484598e+01,2.487281e+01,2.486610e+01,2.483256e+01,2.490634e+01,2.489964e+01,2.483927e+01,2.489293e+01,2.487952e+01,2.481914e+01,2.481243e+01,2.465124e+01,2.475201e+01,2.465124e+01,2.456383e+01,2.419994e+01,2.378735e+01,2.352270e+01,2.322330e+01,2.282731e+01,2.270411e+01,2.260818e+01,2.260818e+01,2.260132e+01,2.258761e+01,2.258761e+01,2.257390e+01,2.262874e+01,2.255332e+01,2.260818e+01,2.248471e+01,2.266986e+01,2.262189e+01,2.267671e+01,2.254646e+01,2.262189e+01,2.256018e+01,2.242292e+01,2.251902e+01,2.262874e+01,2.255332e+01,2.247785e+01,2.256018e+01,2.238858e+01,2.250530e+01,2.248471e+01,2.249844e+01,2.242979e+01,2.249158e+01,2.252588e+01,2.251216e+01,2.253275e+01,2.253960e+01,2.255332e+01,2.260132e+01,2.237484e+01,2.245039e+01,2.249844e+01,2.234735e+01,2.251902e+01,2.257390e+01,2.249844e+01,2.258076e+01,2.272465e+01,2.267671e+01,2.256018e+01,2.264245e+01,2.265615e+01,2.259447e+01,2.258761e+01,2.259447e+01,2.249158e+01,2.258761e+01,2.279310e+01,2.262874e+01,2.264245e+01,2.262189e+01,2.256704e+01,2.251216e+01,2.250530e+01,2.265615e+01,2.262874e+01,2.260818e+01,2.266986e+01,2.264930e+01,2.264245e+01,2.260132e+01,2.262189e+01,2.269041e+01,2.253960e+01,2.268356e+01,2.261503e+01,2.257390e+01,2.258076e+01,2.264930e+01,2.259447e+01,2.269726e+01,2.255332e+01,2.254646e+01,2.262874e+01,2.271780e+01,2.256704e+01,2.267671e+01,2.263560e+01,2.256018e+01,2.251902e+01,2.253960e+01,2.262874e+01,2.271096e+01,2.271096e+01,2.269726e+01,2.270411e+01,2.262874e+01,2.263560e+01,2.269726e+01,2.252588e+01,2.271096e+01,2.253960e+01,2.256018e+01,2.265615e+01,2.266301e+01,2.266986e+01,2.264930e+01,2.244352e+01,2.261503e+01,2.268356e+01,2.251216e+01,2.266986e+01,2.263560e+01,2.253960e+01,2.245725e+01,2.258076e+01,2.254646e+01,2.259447e+01,2.256018e+01,2.260818e+01,2.256018e+01,2.262189e+01,2.263560e+01,2.274519e+01,2.269041e+01,2.273835e+01,2.270411e+01,2.273150e+01,2.251902e+01,2.254646e+01,2.264245e+01,2.251902e+01,2.253960e+01,2.262189e+01,2.258076e+01,2.260818e+01,2.259447e+01,2.264245e+01,2.273150e+01,2.277942e+01,2.278626e+01,2.282731e+01,2.288202e+01,2.295037e+01,2.297769e+01,2.296403e+01,2.306645e+01,2.325737e+01,2.308693e+01,2.325056e+01,2.319604e+01,2.327099e+01,2.325737e+01,2.333908e+01,2.350911e+01,2.351590e+01,2.359741e+01,2.352949e+01,2.353629e+01,2.371956e+01,2.371277e+01,2.373312e+01,2.369921e+01,2.373312e+01,2.375346e+01,2.387542e+01,2.394988e+01,2.397018e+01,2.396341e+01,2.395664e+01,2.399723e+01,2.410540e+01,2.408512e+01,2.407161e+01,2.407837e+01,2.417294e+01,2.412566e+01,2.410540e+01,2.407161e+01,2.415943e+01,2.419994e+01,2.430790e+01,2.419994e+01,2.432138e+01,2.439552e+01,2.475201e+01,2.469156e+01,2.513406e+01,2.520094e+01,2.538131e+01,2.549472e+01,2.564796e+01,2.574778e+01,2.575443e+01,2.596704e+01,2.613286e+01,2.603340e+01,2.619248e+01,2.627855e+01,2.628517e+01,2.631826e+01,2.628517e+01,2.629179e+01,2.627194e+01,2.637117e+01,2.637778e+01,2.629841e+01,2.639761e+01,2.634472e+01,2.648352e+01,2.650333e+01,2.638439e+01,2.642405e+01,2.642405e+01,2.630502e+01,2.645709e+01,2.657595e+01,2.660235e+01,2.666831e+01,2.660235e+01,2.669468e+01,2.643727e+01,2.652975e+01,2.643066e+01,2.634472e+01,2.619248e+01,2.617924e+01,2.571451e+01,2.568124e+01,2.476544e+01,2.434835e+01,2.417969e+01,2.438878e+01,2.447635e+01,2.461091e+01,2.471844e+01,2.512068e+01,2.533458e+01,2.549472e+01,2.554138e+01,2.550805e+01,2.556137e+01,2.556804e+01,2.558136e+01,2.552805e+01,2.554138e+01,2.546805e+01,2.508052e+01,2.510060e+01,2.475873e+01,2.443594e+01,2.419994e+01,2.404457e+01,2.397018e+01,2.405809e+01,2.423369e+01,2.442247e+01,2.477887e+01,2.501357e+01,2.515413e+01,2.542135e+01,2.558802e+01,2.559468e+01,2.579433e+01,2.602013e+01,2.597368e+01,2.602013e+01,2.602013e+01,2.606656e+01,2.599359e+01,2.607319e+01,2.613286e+01,2.611960e+01,2.607319e+01,2.600686e+01,2.602677e+01,2.602677e+01,2.594713e+01,2.583421e+01,2.581427e+01,2.564130e+01,2.556804e+01,2.557470e+01,2.538131e+01,2.538799e+01,2.535461e+01,2.529451e+01,2.536129e+01,2.528782e+01,2.536796e+01,2.520094e+01,2.502026e+01,2.521431e+01,2.503366e+01,2.512737e+01,2.514075e+01,2.493316e+01,2.491975e+01,2.490634e+01,2.487952e+01,2.484598e+01,2.471172e+01,2.475201e+01,2.447635e+01,2.428092e+01,2.448308e+01,2.420670e+01,2.423369e+01,2.411215e+01,2.399723e+01,2.394311e+01,2.386187e+01,2.384833e+01,2.367207e+01,2.337311e+01,2.331185e+01,2.326418e+01,2.331185e+01,2.320286e+01,2.316877e+01,2.328461e+01,2.344793e+01,2.344793e+01,2.344793e+01,2.329823e+01,2.312786e+01,2.275204e+01,2.262189e+01,2.265615e+01,2.258761e+01,2.271780e+01,2.257390e+01,2.257390e+01,2.264930e+01,2.263560e+01,2.264930e+01,2.256018e+01,2.256704e+01,2.262874e+01,2.256018e+01,2.264245e+01,2.258761e+01,2.268356e+01,2.251902e+01,2.241605e+01,2.248471e+01,2.253275e+01,2.246412e+01,2.249844e+01,2.258761e+01,2.242979e+01,2.254646e+01,2.239545e+01,2.259447e+01,2.253275e+01,2.246412e+01,2.242979e+01,2.242979e+01,2.236797e+01,2.243666e+01,2.242979e+01,2.243666e+01,2.245725e+01,2.244352e+01,2.242292e+01,2.247098e+01,2.245039e+01,2.245039e+01,2.235422e+01,2.243666e+01,2.241605e+01,2.249158e+01,2.250530e+01,2.226485e+01,2.233360e+01,2.240232e+01,2.242979e+01,2.240919e+01,2.245039e+01,2.238858e+01,2.246412e+01,2.240919e+01,2.237484e+01,2.245039e+01,2.235422e+01,2.241605e+01,2.228548e+01,2.229235e+01,2.245725e+01,2.225797e+01,2.242292e+01,2.233360e+01,2.235422e+01,2.232673e+01,2.229235e+01,2.242979e+01,2.238171e+01,2.234048e+01,2.238858e+01,2.210653e+01,2.234735e+01,2.236797e+01,2.226485e+01,2.225797e+01,2.228548e+01,2.236110e+01,2.225797e+01,2.225109e+01,2.225109e+01,2.224421e+01,2.226485e+01,2.232673e+01,2.232673e+01,2.235422e+01,2.225109e+01,2.233360e+01,2.225797e+01,2.230611e+01,2.236797e+01,2.234048e+01,2.236110e+01,2.228548e+01,2.225109e+01,2.229923e+01,2.231298e+01,2.227172e+01,2.251216e+01,2.228548e+01,2.225109e+01,2.236110e+01,2.229235e+01,2.220981e+01,2.229235e+01,2.236110e+01,2.237484e+01,2.222357e+01,2.220981e+01,2.223045e+01,2.207897e+01,2.223733e+01,2.228548e+01,2.238171e+01,2.229923e+01,2.224421e+01,2.229235e+01,2.223045e+01,2.226485e+01,2.217539e+01,2.231298e+01,2.223733e+01,2.220981e+01,2.225109e+01,2.220981e+01,2.218228e+01,2.240919e+01,2.222357e+01,2.220981e+01,2.234735e+01,2.221669e+01,2.223045e+01,2.229235e+01,2.243666e+01,2.229235e+01,2.251902e+01,2.229235e+01,2.227860e+01,2.231298e+01,2.230611e+01,2.249844e+01,2.223045e+01,2.231298e+01,2.224421e+01,2.223045e+01,2.226485e+01,2.223045e+01,2.224421e+01,2.236110e+01,2.227172e+01,2.226485e+01,2.208586e+01,2.225797e+01,2.227172e+01,2.224421e+01,2.228548e+01,2.222357e+01,2.227172e+01,2.220292e+01,2.228548e+01,2.225109e+01,2.220292e+01,2.218228e+01,2.248471e+01,2.230611e+01,2.227172e+01,2.237484e+01,2.231298e+01,2.233360e+01,2.216851e+01,2.213408e+01,2.223733e+01,2.225797e+01,2.219604e+01,2.228548e+01,2.229235e+01,2.231298e+01,2.227860e+01,2.240919e+01,2.247098e+01,2.247098e+01,2.240919e+01,2.251902e+01,2.245039e+01,2.254646e+01,2.249158e+01,2.247098e+01,2.257390e+01,2.257390e+01,2.246412e+01,2.261503e+01,2.265615e+01,2.262874e+01,2.249844e+01,2.256018e+01,2.256018e+01,2.247098e+01,2.260818e+01,2.264245e+01
2.459746e+01,2.459746e+01,2.457728e+01,2.459746e+01,2.453019e+01,2.452346e+01,2.450327e+01,2.453019e+01,2.446961e+01,2.442247e+01,2.422694e+01,2.426743e+01,2.435509e+01,2.430115e+01,2.412566e+01,2.447635e+01,2.409864e+01,2.411891e+01,2.413242e+01,2.410540e+01,2.415943e+01,2.408512e+01,2.382801e+01,2.388896e+01,2.390250e+01,2.382801e+01,2.372634e+01,2.378057e+01,2.373990e+01,2.352270e+01,2.357704e+01,2.363136e+01,2.388219e+01,2.398371e+01,2.435509e+01,2.431464e+01,2.455710e+01,2.432812e+01,2.452346e+01,2.448308e+01,2.442247e+01,2.449654e+01,2.463108e+01,2.450327e+01,2.457728e+01,2.446288e+01,2.449654e+01,2.448981e+01,2.447635e+01,2.456383e+01,2.446288e+01,2.448308e+01,2.455710e+01,2.444941e+01,2.446288e+01,2.445614e+01,2.443594e+01,2.440900e+01,2.430115e+01,2.444268e+01,2.442247e+01,2.439552e+01,2.444941e+01,2.441573e+01,2.444268e+01,2.447635e+01,2.448308e+01,2.455710e+01,2.461091e+01,2.467141e+01,2.455038e+01,2.461763e+01,2.455038e+01,2.459073e+01,2.461763e+01,2.455038e+01,2.452346e+01,2.453692e+01,2.459073e+01,2.468484e+01,2.466469e+01,2.465796e+01,2.465124e+01,2.459073e+01,2.473858e+01,2.464452e+01,2.463108e+01,2.480572e+01,2.463108e+01,2.481243e+01,2.481243e+01,2.482585e+01,2.476544e+01,2.475873e+01,2.476544e+01,2.472515e+01,2.482585e+01,2.484598e+01,2.491305e+01,2.486610e+01,2.498677e+01,2.479230e+01,2.497337e+01,2.492645e+01,2.483256e+01,2.475873e+01,2.475201e+01,2.472515e+01,2.470500e+01,2.450327e+01,2.450327e+01,2.420670e+01,2.378735e+01,2.346833e+01,2.299818e+01,2.275888e+01,2.276573e+01,2.265615e+01,2.262874e+01,2.257390e+01,2.258076e+01,2.256704e+01,2.260132e+01,2.258761e+01,2.253960e+01,2.251902e+01,2.258761e+01,2.248471e+01,2.258076e+01,2.245039e+01,2.264245e+01,2.262874e+01,2.265615e+01,2.256704e+01,2.249844e+01,2.245725e+01,2.244352e+01,2.249158e+01,2.251216e+01,2.264245e+01,2.249158e+01,2.242979e+01,2.240232e+01,2.236110e+01,2.247785e+01,2.241605e+01,2.238858e+01,2.251216e+01,2.251216e+01,2.251902e+01,2.248471e+01,2.247785e+01,2.249844e+01,2.245725e+01,2.240919e+01,2.250530e+01,2.247785e+01,2.251902e+01,2.249844e+01,2.246412e+01,2.256704e+01,2.247785e+01,2.249844e+01,2.251216e+01,2.253275e+01,2.257390e+01,2.260818e+01,2.258076e+01,2.258076e+01,2.247098e+01,2.263560e+01,2.272465e+01,2.256018e+01,2.264245e+01,2.260132e+01,2.266986e+01,2.249844e+01,2.258076e+01,2.266986e+01,2.260818e+01,2.264245e+01,2.264245e+01,2.266301e+01,2.261503e+01,2.263560e+01,2.264930e+01,2.265615e+01,2.262189e+01,2.258076e+01,2.253275e+01,2.257390e+01,2.261503e+01,2.259447e+01,2.257390e+01,2.258761e+01,2.247785e+01,2.271780e+01,2.249844e+01,2.260818e+01,2.258076e+01,2.258076e+01,2.266301e+01,2.252588e+01,2.258761e+01,2.264930e+01,2.260132e+01,2.263560e+01,2.258761e+01,2.254646e+01,2.257390e+01,2.269041e+01,2.265615e+01,2.266986e+01,2.266986e+01,2.261503e+01,2.256018e+01,2.249158e+01,2.260132e+01,2.262874e+01,2.255332e+01,2.264930e+01,2.261503e+01,2.258761e+01,2.263560e+01,2.262874e+01,2.251902e+01,2.256018e+01,2.255332e+01,2.253960e+01,2.247098e+01,2.245725e+01,2.257390e+01,2.256018e+01,2.253960e+01,2.257390e+01,2.259447e+01,2.268356e+01,2.260818e+01,2.264930e+01,2.264930e+01,2.254646e+01,2.251216e+01,2.254646e+01,2.260132e+01,2.256018e+01,2.260132e+01,2.258076e+01,2.257390e+01,2.265615e+01,2.262874e+01,2.262189e+01,2.277942e+01,2.269726e+01,2.283415e+01,2.282731e+01,2.287519e+01,2.297769e+01,2.302550e+01,2.303232e+01,2.308010e+01,2.313468e+01,2.327099e+01,2.325737e+01,2.328461e+01,2.328461e+01,2.327780e+01,2.344793e+01,2.328461e+01,2.352949e+01,2.352949e+01,2.356346e+01,2.361099e+01,2.359741e+01,2.371956e+01,2.370599e+01,2.390927e+01,2.391604e+01,2.396341e+01,2.388896e+01,2.391604e+01,2.399047e+01,2.408512e+01,2.401752e+01,2.399723e+01,2.407161e+01,2.415943e+01,2.413242e+01,2.415943e+01,2.412566e+01,2.393634e+01,2.405809e+01,2.408512e+01,2.407837e+01,2.413242e+01,2.419319e+01,2.432138e+01,2.444268e+01,2.448308e+01,2.469828e+01,2.479230e+01,2.518088e+01,2.518757e+01,2.540133e+01,2.533458e+01,2.554804e+01,2.560800e+01,2.574113e+01,2.586079e+01,2.617261e+01,2.619911e+01,2.623222e+01,2.619248e+01,2.619248e+01,2.615936e+01,2.634472e+01,2.634472e+01,2.619248e+01,2.626532e+01,2.637778e+01,2.630502e+01,2.648352e+01,2.650333e+01,2.626532e+01,2.645709e+01,2.637778e+01,2.645709e+01,2.649673e+01,2.638439e+01,2.644388e+01,2.642405e+01,2.645049e+01,2.659575e+01,2.672763e+01,2.658915e+01,2.668149e+01,2.657595e+01,2.635133e+01,2.627855e+01,2.620573e+01,2.601350e+01,2.585415e+01,2.568790e+01,2.471172e+01,2.414593e+01,2.424044e+01,2.428766e+01,2.442247e+01,2.458401e+01,2.503366e+01,2.509391e+01,2.532122e+01,2.530119e+01,2.532790e+01,2.547471e+01,2.549472e+01,2.552805e+01,2.572782e+01,2.552805e+01,2.555471e+01,2.533458e+01,2.524105e+01,2.497337e+01,2.496667e+01,2.469828e+01,2.423369e+01,2.410540e+01,2.409864e+01,2.402428e+01,2.437531e+01,2.455038e+01,2.477216e+01,2.506044e+01,2.513406e+01,2.536796e+01,2.557470e+01,2.560134e+01,2.588736e+01,2.586743e+01,2.582092e+01,2.604004e+01,2.607982e+01,2.601350e+01,2.605330e+01,2.613286e+01,2.614611e+01,2.613948e+01,2.611960e+01,2.607319e+01,2.600686e+01,2.602013e+01,2.588072e+01,2.592057e+01,2.584750e+01,2.559468e+01,2.560134e+01,2.558802e+01,2.558136e+01,2.554138e+01,2.542802e+01,2.533458e+01,2.545471e+01,2.534126e+01,2.527446e+01,2.500687e+01,2.502026e+01,2.501357e+01,2.498677e+01,2.500687e+01,2.496667e+01,2.493986e+01,2.493986e+01,2.508052e+01,2.482585e+01,2.482585e+01,2.476544e+01,2.471844e+01,2.451000e+01,2.446961e+01,2.444268e+01,2.424044e+01,2.423369e+01,2.421344e+01,2.403105e+01,2.410540e+01,2.404457e+01,2.402428e+01,2.388219e+01,2.326418e+01,2.343433e+01,2.327099e+01,2.342753e+01,2.321649e+01,2.318241e+01,2.318923e+01,2.329142e+01,2.345473e+01,2.347513e+01,2.329142e+01,2.305280e+01,2.275204e+01,2.272465e+01,2.263560e+01,2.255332e+01,2.254646e+01,2.270411e+01,2.263560e+01,2.266301e+01,2.257390e+01,2.256018e+01,2.264930e+01,2.253275e+01,2.256018e+01,2.264245e+01,2.258761e+01,2.263560e+01,2.251902e+01,2.253960e+01,2.251902e+01,2.245039e+01,2.251216e+01,2.248471e+01,2.255332e+01,2.253960e+01,2.242979e+01,2.256704e+01,2.253275e+01,2.251902e+01,2.249844e+01,2.238858e+01,2.249158e+01,2.240232e+01,2.236797e+01,2.242979e+01,2.241605e+01,2.241605e+01,2.245725e+01,2.242979e+01,2.236797e+01,2.237484e+01,2.240232e+01,2.243666e+01,2.242979e+01,2.243666e+01,2.242292e+01,2.245039e+01,2.232673e+01,2.231298e+01,2.242979e+01,2.241605e+01,2.231298e+01,2.240232e+01,2.240232e+01,2.238171e+01,2.229923e+01,2.234048e+01,2.224421e+01,2.236110e+01,2.230611e+01,2.223733e+01,2.225109e+01,2.250530e+01,2.240232e+01,2.237484e+01,2.228548e+01,2.236797e+01,2.223733e+01,2.225797e+01,2.233360e+01,2.227172e+01,2.234048e+01,2.239545e+01,2.233360e+01,2.235422e+01,2.236797e+01,2.234048e+01,2.232673e+01,2.227860e+01,2.234048e+01,2.228548e+01,2.223733e+01,2.223733e+01,2.226485e+01,2.229235e+01,2.227860e+01,2.231298e+01,2.234735e+01,2.225109e+01,2.226485e+01,2.227860e+01,2.226485e+01,2.227860e+01,2.242292e+01,2.236797e+01,2.227860e+01,2.229235e+01,2.229923e+01,2.237484e+01,2.236797e+01,2.245725e+01,2.222357e+01,2.225109e+01,2.231298e+01,2.225109e+01,2.223733e+01,2.227860e+01,2.218228e+01,2.214096e+01,2.229923e+01,2.225797e+01,2.221669e+01,2.229235e+01,2.227860e+01,2.227172e+01,2.225797e+01,2.228548e+01,2.254646e+01,2.219604e+01,2.225109e+01,2.236797e+01,2.227860e+01,2.229923e+01,2.236797e+01,2.220292e+01,2.213408e+01,2.201693e+01,2.224421e+01,2.220292e+01,2.236110e+01,2.215474e+01,2.234048e+01,2.230611e+01,2.216851e+01,2.223045e+01,2.211341e+01,2.236110e+01,2.236110e+01,2.220292e+01,2.229923e+01,2.240232e+01,2.222357e+01,2.229923e+01,2.227172e+01,2.214785e+01,2.225797e+01,2.225109e+01,2.231986e+01,2.233360e+01,2.219604e+01,2.234735e+01,2.238171e+01,2.225109e+01,2.225109e+01,2.230611e+01,2.224421e+01,2.218916e+01,2.225109e+01,2.229235e+01,2.235422e+01,2.222357e+01,2.225797e+01,2.221669e+01,2.212719e+01,2.234735e+01,2.225797e+01,2.224421e+01,2.223045e+01,2.214096e+01,2.225109e+01,2.223045e+01,2.227172e+01,2.221669e+01,2.219604e+01,2.225109e+01,2.214096e+01,2.209275e+01,2.223045e+01,2.224421e+01,2.205140e+01,2.233360e+01,2.231298e+01,2.249844e+01,2.249158e+01,2.243666e+01,2.245725e+01,2.247785e+01,2.245725e+01,2.255332e+01,2.253960e+01,2.253960e+01,2.245039e+01,2.244352e+01,2.247098e+01,2.247098e+01,2.245725e+01,2.261503e+01,2.251902e+01,2.248471e+01,2.250530e+01,2.247098e+01,2.248471e+01
2.462436e+01,2.444268e+01,2.444941e+01,2.450327e+01,2.452346e+01,2.449654e+01,2.461091e+01,2.448308e+01,2.434835e+01,2.450327e+01,2.450327e+01,2.432812e+01,2.415268e+01,2.421344e+01,2.425393e+01,2.410540e+01,2.409188e+01,2.420670e+01,2.401752e+01,2.401752e+01,2.389573e+01,2.406485e+01,2.392958e+01,2.380091e+01,2.382801e+01,2.374668e+01,2.382123e+01,2.369242e+01,2.359062e+01,2.347513e+01,2.363814e+01,2.378735e+01,2.377380e+01,2.368564e+01,2.390250e+01,2.417969e+01,2.423369e+01,2.443594e+01,2.444268e+01,2.449654e+01,2.446961e+01,2.448308e+01,2.446961e+01,2.448981e+01,2.442247e+01,2.449654e+01,2.454365e+01,2.450327e+01,2.449654e+01,2.449654e+01,2.446961e+01,2.448981e+01,2.446961e+01,2.448308e+01,2.446961e+01,2.446961e+01,2.444941e+01,2.462436e+01,2.441573e+01,2.442921e+01,2.443594e+01,2.449654e+01,2.442921e+01,2.440900e+01,2.449654e+01,2.448981e+01,2.441573e+01,2.458401e+01,2.452346e+01,2.452346e+01,2.457056e+01,2.456383e+01,2.462436e+01,2.459746e+01,2.461091e+01,2.458401e+01,2.466469e+01,2.456383e+01,2.461091e+01,2.473858e+01,2.458401e+01,2.467141e+01,2.468484e+01,2.477216e+01,2.471172e+01,2.474530e+01,2.481914e+01,2.464452e+01,2.480572e+01,2.480572e+01,2.488622e+01,2.475201e+01,2.474530e+01,2.477216e+01,2.486610e+01,2.484598e+01,2.487281e+01,2.489964e+01,2.482585e+01,2.486610e+01,2.488622e+01,2.498007e+01,2.491305e+01,2.479901e+01,2.479230e+01,2.490634e+01,2.474530e+01,2.466469e+01,2.446288e+01,2.413917e+01,2.411215e+01,2.378057e+01,2.325737e+01,2.305280e+01,2.288886e+01,2.266986e+01,2.258076e+01,2.256704e+01,2.258076e+01,2.258761e+01,2.236110e+01,2.256018e+01,2.256018e+01,2.244352e+01,2.251902e+01,2.250530e+01,2.249158e+01,2.251216e+01,2.247098e+01,2.245039e+01,2.237484e+01,2.245039e+01,2.255332e+01,2.242292e+01,2.239545e+01,2.245039e+01,2.249844e+01,2.248471e+01,2.247785e+01,2.246412e+01,2.247098e+01,2.241605e+01,2.247785e+01,2.245039e+01,2.243666e+01,2.244352e+01,2.249844e+01,2.247098e+01,2.254646e+01,2.245725e+01,2.240919e+01,2.256704e+01,2.236110e+01,2.252588e+01,2.249158e+01,2.243666e+01,2.249844e+01,2.245725e+01,2.254646e+01,2.249158e+01,2.245039e+01,2.255332e+01,2.253275e+01,2.251902e+01,2.267671e+01,2.250530e+01,2.277257e+01,2.251216e+01,2.266301e+01,2.255332e+01,2.256018e+01,2.253960e+01,2.272465e+01,2.255332e+01,2.259447e+01,2.260818e+01,2.261503e+01,2.264245e+01,2.264245e+01,2.249158e+01,2.258076e+01,2.259447e+01,2.260132e+01,2.264930e+01,2.266301e+01,2.269041e+01,2.264245e+01,2.262874e+01,2.252588e+01,2.253275e+01,2.258076e+01,2.255332e+01,2.255332e+01,2.255332e+01,2.259447e+01,2.253960e+01,2.254646e+01,2.253960e+01,2.256704e+01,2.260132e+01,2.250530e+01,2.251902e+01,2.266301e+01,2.266301e+01,2.266986e+01,2.263560e+01,2.254646e+01,2.260132e+01,2.256018e+01,2.266986e+01,2.268356e+01,2.271096e+01,2.267671e+01,2.267671e+01,2.267671e+01,2.249844e+01,2.260818e+01,2.257390e+01,2.257390e+01,2.276573e+01,2.255332e+01,2.254646e+01,2.253275e+01,2.260818e+01,2.260818e+01,2.261503e+01,2.253275e+01,2.249844e+01,2.245039e+01,2.248471e+01,2.252588e+01,2.247785e+01,2.256018e+01,2.252588e+01,2.242292e+01,2.259447e+01,2.256018e+01,2.269726e+01,2.270411e+01,2.265615e+01,2.257390e+01,2.240919e+01,2.238171e+01,2.258076e+01,2.255332e+01,2.261503e+01,2.255332e+01,2.269041e+01,2.256704e+01,2.269041e+01,2.275888e+01,2.268356e+01,2.283415e+01,2.286835e+01,2.284783e+01,2.284783e+01,2.307328e+01,2.288202e+01,2.311422e+01,2.305963e+01,2.310057e+01,2.312786e+01,2.325056e+01,2.322330e+01,2.343433e+01,2.336630e+01,2.350911e+01,2.349552e+01,2.355667e+01,2.361778e+01,2.353629e+01,2.354987e+01,2.384155e+01,2.377380e+01,2.388896e+01,2.388219e+01,2.395664e+01,2.394988e+01,2.411215e+01,2.411215e+01,2.400400e+01,2.398371e+01,2.414593e+01,2.405809e+01,2.405133e+01,2.410540e+01,2.403781e+01,2.408512e+01,2.406485e+01,2.409864e+01,2.410540e+01,2.409864e+01,2.406485e+01,2.421344e+01,2.418644e+01,2.427417e+01,2.457056e+01,2.457056e+01,2.476544e+01,2.477216e+01,2.503366e+01,2.530119e+01,2.517419e+01,2.564130e+01,2.570121e+01,2.576108e+01,2.576773e+01,2.588736e+01,2.614611e+01,2.618586e+01,2.625870e+01,2.624546e+01,2.627194e+01,2.630502e+01,2.635133e+01,2.633149e+01,2.633149e+01,2.642405e+01,2.641084e+01,2.639100e+01,2.641084e+01,2.637117e+01,2.650994e+01,2.644388e+01,2.645709e+01,2.646370e+01,2.645049e+01,2.640422e+01,2.635794e+01,2.646370e+01,2.639761e+01,2.650994e+01,2.654955e+01,2.671445e+01,2.663533e+01,2.656275e+01,2.655615e+01,2.656935e+01,2.639761e+01,2.628517e+01,2.603340e+01,2.569455e+01,2.475873e+01,2.425393e+01,2.417969e+01,2.430790e+01,2.453019e+01,2.448308e+01,2.500017e+01,2.512068e+01,2.510060e+01,2.535461e+01,2.554138e+01,2.556804e+01,2.560800e+01,2.555471e+01,2.564796e+01,2.552139e+01,2.552139e+01,2.535461e+01,2.536129e+01,2.511399e+01,2.496667e+01,2.461763e+01,2.418644e+01,2.418644e+01,2.408512e+01,2.417969e+01,2.444268e+01,2.446961e+01,2.477887e+01,2.513406e+01,2.519426e+01,2.537464e+01,2.557470e+01,2.564796e+01,2.584750e+01,2.574113e+01,2.595377e+01,2.600023e+01,2.598696e+01,2.604667e+01,2.615936e+01,2.615274e+01,2.615274e+01,2.607982e+01,2.607319e+01,2.614611e+01,2.607982e+01,2.606656e+01,2.603340e+01,2.594713e+01,2.580762e+01,2.583421e+01,2.591393e+01,2.562798e+01,2.578103e+01,2.562132e+01,2.565462e+01,2.548138e+01,2.536129e+01,2.540801e+01,2.534793e+01,2.524773e+01,2.504705e+01,2.515413e+01,2.498677e+01,2.494656e+01,2.496667e+01,2.478558e+01,2.479901e+01,2.480572e+01,2.484598e+01,2.465124e+01,2.475873e+01,2.461091e+01,2.451000e+01,2.448308e+01,2.447635e+01,2.425393e+01,2.427417e+01,2.424719e+01,2.411891e+01,2.403781e+01,2.404457e+01,2.402428e+01,2.344113e+01,2.340032e+01,2.344793e+01,2.337991e+01,2.338672e+01,2.323012e+01,2.322330e+01,2.314832e+01,2.340032e+01,2.343433e+01,2.343433e+01,2.320286e+01,2.313468e+01,2.277942e+01,2.271780e+01,2.266301e+01,2.255332e+01,2.266301e+01,2.256018e+01,2.268356e+01,2.264245e+01,2.256704e+01,2.252588e+01,2.265615e+01,2.260818e+01,2.256704e+01,2.257390e+01,2.260818e+01,2.256704e+01,2.252588e+01,2.253275e+01,2.251902e+01,2.253960e+01,2.253275e+01,2.249844e+01,2.238171e+01,2.247785e+01,2.256018e+01,2.236797e+01,2.256704e+01,2.249158e+01,2.234048e+01,2.251902e+01,2.254646e+01,2.247785e+01,2.235422e+01,2.243666e+01,2.241605e+01,2.242292e+01,2.246412e+01,2.258761e+01,2.237484e+01,2.246412e+01,2.242979e+01,2.236110e+01,2.245039e+01,2.231298e+01,2.241605e+01,2.243666e+01,2.225797e+01,2.227172e+01,2.249844e+01,2.249158e+01,2.240232e+01,2.243666e+01,2.237484e+01,2.253275e+01,2.237484e+01,2.248471e+01,2.238171e+01,2.232673e+01,2.244352e+01,2.234735e+01,2.227172e+01,2.229235e+01,2.224421e+01,2.231986e+01,2.231298e+01,2.231986e+01,2.242979e+01,2.232673e+01,2.238858e+01,2.238171e+01,2.234735e+01,2.229923e+01,2.231986e+01,2.234048e+01,2.231986e+01,2.234735e+01,2.222357e+01,2.224421e+01,2.225109e+01,2.223733e+01,2.220292e+01,2.232673e+01,2.249158e+01,2.225109e+01,2.227172e+01,2.229923e+01,2.208586e+01,2.234048e+01,2.235422e+01,2.225109e+01,2.237484e+01,2.227860e+01,2.231986e+01,2.238858e+01,2.239545e+01,2.240919e+01,2.240232e+01,2.232673e+01,2.235422e+01,2.233360e+01,2.216851e+01,2.222357e+01,2.231298e+01,2.239545e+01,2.218916e+01,2.225797e+01,2.225797e+01,2.231298e+01,2.235422e+01,2.227172e+01,2.227860e+01,2.223733e+01,2.234048e+01,2.217539e+01,2.231986e+01,2.240919e+01,2.228548e+01,2.229235e+01,2.225797e+01,2.223733e+01,2.223733e+01,2.223733e+01,2.242292e+01,2.235422e+01,2.236797e+01,2.239545e+01,2.214785e+01,2.236110e+01,2.220981e+01,2.225109e+01,2.236797e+01,2.237484e+01,2.204451e+01,2.217539e+01,2.225797e+01,2.238858e+01,2.218916e+01,2.238171e+01,2.221669e+01,2.229923e+01,2.233360e+01,2.227172e+01,2.229235e+01,2.228548e+01,2.228548e+01,2.223733e+01,2.227860e+01,2.223733e+01,2.231298e+01,2.224421e+01,2.225797e+01,2.223045e+01,2.206518e+01,2.230611e+01,2.229235e+01,2.230611e+01,2.231298e+01,2.227860e+01,2.227172e+01,2.225797e+01,2.227860e+01,2.234048e+01,2.206518e+01,2.238171e+01,2.216851e+01,2.212030e+01,2.230611e+01,2.226485e+01,2.222357e+01,2.225797e+01,2.227172e+01,2.226485e+01,2.224421e+01,2.223733e+01,2.226485e+01,2.226485e+01,2.220292e+01,2.229235e+01,2.240232e+01,2.226485e+01,2.240232e+01,2.244352e+01,2.249844e+01,2.253960e+01,2.254646e+01,2.253275e+01,2.247785e+01,2.249158e+01,2.249844e+01,2.254646e+01,2.262874e+01,2.265615e+01,2.254646e+01,2.261503e+01,2.261503e+01,2.252588e+01,2.247098e+01,2.247098e+01,2.250530e+01,2.245039e+01,2.244352e+01
2.446961e+01,2.449654e+01,2.431464e+01,2.425393e+01,2.453019e+01,2.445614e+01,2.436183e+01,2.449654e+01,2.430790e+01,2.432138e+01,2.434161e+01,2.426743e+01,2.442921e+01,2.412566e+01,2.417294e+01,2.413242e+01,2.407837e+01,2.411891e+01,2.414593e+01,2.405133e+01,2.391604e+01,2.375346e+01,2.384833e+01,2.378057e+01,2.373312e+01,2.352270e+01,2.378057e+01,2.368564e+01,2.357025e+01,2.344793e+01,2.340032e+01,2.350911e+01,2.344793e+01,2.349552e+01,2.349552e+01,2.389573e+01,2.404457e+01,2.415943e+01,2.446288e+01,2.443594e+01,2.442247e+01,2.445614e+01,2.460419e+01,2.446288e+01,2.451000e+01,2.452346e+01,2.459073e+01,2.457728e+01,2.448981e+01,2.448981e+01,2.444941e+01,2.444941e+01,2.446288e+01,2.448981e+01,2.448308e+01,2.449654e+01,2.435509e+01,2.459746e+01,2.438878e+01,2.444941e+01,2.442921e+01,2.443594e+01,2.442921e+01,2.440900e+01,2.446288e+01,2.451673e+01,2.456383e+01,2.478558e+01,2.454365e+01,2.443594e+01,2.458401e+01,2.453019e+01,2.445614e+01,2.457056e+01,2.461763e+01,2.453692e+01,2.461763e+01,2.445614e+01,2.456383e+01,2.456383e+01,2.459746e+01,2.458401e+01,2.473187e+01,2.458401e+01,2.482585e+01,2.459746e+01,2.481914e+01,2.480572e+01,2.477216e+01,2.478558e+01,2.475873e+01,2.483256e+01,2.485269e+01,2.489964e+01,2.474530e+01,2.487281e+01,2.483256e+01,2.490634e+01,2.487952e+01,2.485940e+01,2.490634e+01,2.488622e+01,2.488622e+01,2.492645e+01,2.481243e+01,2.475201e+01,2.471844e+01,2.444941e+01,2.420670e+01,2.379413e+01,2.342073e+01,2.318923e+01,2.295037e+01,2.273835e+01,2.260818e+01,2.256018e+01,2.257390e+01,2.256704e+01,2.255332e+01,2.257390e+01,2.259447e+01,2.256704e+01,2.253960e+01,2.254646e+01,2.246412e+01,2.253960e+01,2.251902e+01,2.253960e+01,2.252588e+01,2.238858e+01,2.249158e+01,2.242979e+01,2.242979e+01,2.257390e+01,2.244352e+01,2.238858e+01,2.234735e+01,2.249158e+01,2.234735e+01,2.239545e+01,2.239545e+01,2.245039e+01,2.237484e+01,2.240919e+01,2.232673e+01,2.238858e+01,2.251216e+01,2.249844e+01,2.242292e+01,2.235422e+01,2.238858e+01,2.242979e+01,2.239545e+01,2.242292e+01,2.236110e+01,2.238858e+01,2.258761e+01,2.247785e+01,2.262874e+01,2.264245e+01,2.254646e+01,2.247785e+01,2.257390e+01,2.260132e+01,2.256018e+01,2.252588e+01,2.253275e+01,2.252588e+01,2.246412e+01,2.252588e+01,2.250530e+01,2.260818e+01,2.244352e+01,2.257390e+01,2.253960e+01,2.257390e+01,2.253275e+01,2.256704e+01,2.257390e+01,2.256018e+01,2.256704e+01,2.265615e+01,2.266301e+01,2.262874e+01,2.261503e+01,2.262189e+01,2.254646e+01,2.251216e+01,2.247098e+01,2.255332e+01,2.245725e+01,2.253275e+01,2.250530e+01,2.265615e+01,2.252588e+01,2.266301e+01,2.256018e+01,2.251902e+01,2.250530e+01,2.247785e+01,2.251216e+01,2.253960e+01,2.252588e+01,2.250530e+01,2.266301e+01,2.255332e+01,2.256018e+01,2.260132e+01,2.266986e+01,2.251216e+01,2.268356e+01,2.268356e+01,2.266301e+01,2.245725e+01,2.267671e+01,2.264930e+01,2.265615e+01,2.262874e+01,2.261503e+01,2.262189e+01,2.262874e+01,2.256704e+01,2.255332e+01,2.255332e+01,2.255332e+01,2.248471e+01,2.250530e+01,2.247785e+01,2.249844e+01,2.231986e+01,2.246412e+01,2.248471e+01,2.244352e+01,2.251216e+01,2.257390e+01,2.238171e+01,2.255332e+01,2.268356e+01,2.277942e+01,2.258076e+01,2.258076e+01,2.238171e+01,2.238858e+01,2.253960e+01,2.272465e+01,2.264930e+01,2.266301e+01,2.261503e+01,2.263560e+01,2.249158e+01,2.249158e+01,2.276573e+01,2.272465e+01,2.286835e+01,2.299135e+01,2.309375e+01,2.305280e+01,2.309375e+01,2.309375e+01,2.318923e+01,2.308010e+01,2.323693e+01,2.329823e+01,2.329823e+01,2.345473e+01,2.345473e+01,2.357025e+01,2.346833e+01,2.357704e+01,2.365850e+01,2.354308e+01,2.369921e+01,2.371956e+01,2.376024e+01,2.386187e+01,2.388896e+01,2.394988e+01,2.395664e+01,2.415943e+01,2.401752e+01,2.400400e+01,2.395664e+01,2.405809e+01,2.401076e+01,2.409188e+01,2.403781e+01,2.401752e+01,2.403781e+01,2.407161e+01,2.411891e+01,2.406485e+01,2.405133e+01,2.417294e+01,2.415943e+01,2.415943e+01,2.436183e+01,2.465124e+01,2.453692e+01,2.471172e+01,2.475201e+01,2.506713e+01,2.520763e+01,2.539466e+01,2.541468e+01,2.562798e+01,2.567459e+01,2.582092e+01,2.592721e+01,2.620573e+01,2.620573e+01,2.613948e+01,2.642405e+01,2.620573e+01,2.623222e+01,2.625870e+01,2.634472e+01,2.625208e+01,2.636456e+01,2.640422e+01,2.642405e+01,2.627855e+01,2.639100e+01,2.627194e+01,2.647031e+01,2.647031e+01,2.623222e+01,2.641084e+01,2.640422e+01,2.639100e+01,2.645049e+01,2.640422e+01,2.635794e+01,2.639761e+01,2.651654e+01,2.649012e+01,2.645049e+01,2.658915e+01,2.639761e+01,2.638439e+01,2.639100e+01,2.615936e+01,2.573447e+01,2.473187e+01,2.427417e+01,2.412566e+01,2.422694e+01,2.432812e+01,2.456383e+01,2.481914e+01,2.512737e+01,2.524773e+01,2.538131e+01,2.536129e+01,2.544137e+01,2.550805e+01,2.548138e+01,2.561466e+01,2.550139e+01,2.552805e+01,2.548138e+01,2.523437e+01,2.523437e+01,2.495997e+01,2.463108e+01,2.436857e+01,2.422694e+01,2.425393e+01,2.424044e+01,2.426068e+01,2.456383e+01,2.480572e+01,2.504705e+01,2.522100e+01,2.556804e+01,2.552139e+01,2.558136e+01,2.580097e+01,2.585415e+01,2.588736e+01,2.592721e+01,2.602677e+01,2.610634e+01,2.613948e+01,2.607982e+01,2.600023e+01,2.610634e+01,2.604004e+01,2.616599e+01,2.602013e+01,2.603340e+01,2.605330e+01,2.598032e+01,2.596704e+01,2.599359e+01,2.596041e+01,2.578103e+01,2.559468e+01,2.573447e+01,2.559468e+01,2.556804e+01,2.553472e+01,2.553472e+01,2.528115e+01,2.526778e+01,2.507383e+01,2.514744e+01,2.506713e+01,2.510730e+01,2.467813e+01,2.484598e+01,2.479230e+01,2.488622e+01,2.475201e+01,2.480572e+01,2.463780e+01,2.473187e+01,2.460419e+01,2.463780e+01,2.444268e+01,2.427417e+01,2.422694e+01,2.434835e+01,2.406485e+01,2.403781e+01,2.405809e+01,2.401076e+01,2.362457e+01,2.335950e+01,2.330504e+01,2.339352e+01,2.337991e+01,2.316195e+01,2.317559e+01,2.323693e+01,2.328461e+01,2.341393e+01,2.315514e+01,2.320967e+01,2.299135e+01,2.297769e+01,2.273150e+01,2.273150e+01,2.264245e+01,2.260132e+01,2.267671e+01,2.256018e+01,2.263560e+01,2.253960e+01,2.251902e+01,2.258761e+01,2.256018e+01,2.256704e+01,2.262189e+01,2.236110e+01,2.256704e+01,2.256018e+01,2.249158e+01,2.253275e+01,2.240232e+01,2.250530e+01,2.253275e+01,2.236110e+01,2.248471e+01,2.242292e+01,2.241605e+01,2.245039e+01,2.241605e+01,2.243666e+01,2.247785e+01,2.251902e+01,2.249844e+01,2.238171e+01,2.242979e+01,2.241605e+01,2.240919e+01,2.242292e+01,2.248471e+01,2.234735e+01,2.245039e+01,2.241605e+01,2.231298e+01,2.240232e+01,2.239545e+01,2.240919e+01,2.249158e+01,2.242979e+01,2.234048e+01,2.251902e+01,2.236110e+01,2.242292e+01,2.239545e+01,2.240919e+01,2.253960e+01,2.240919e+01,2.231986e+01,2.238171e+01,2.236797e+01,2.235422e+01,2.239545e+01,2.233360e+01,2.229923e+01,2.227172e+01,2.223733e+01,2.227172e+01,2.231986e+01,2.231298e+01,2.233360e+01,2.237484e+01,2.228548e+01,2.235422e+01,2.234735e+01,2.239545e+01,2.231298e+01,2.232673e+01,2.234048e+01,2.234735e+01,2.226485e+01,2.221669e+01,2.217539e+01,2.227860e+01,2.223045e+01,2.218228e+01,2.221669e+01,2.229235e+01,2.227172e+01,2.228548e+01,2.217539e+01,2.233360e+01,2.232673e+01,2.233360e+01,2.234048e+01,2.244352e+01,2.236110e+01,2.229923e+01,2.238171e+01,2.236797e+01,2.233360e+01,2.234735e+01,2.234735e+01,2.233360e+01,2.230611e+01,2.218916e+01,2.218916e+01,2.237484e+01,2.223045e+01,2.243666e+01,2.235422e+01,2.222357e+01,2.231986e+01,2.228548e+01,2.233360e+01,2.222357e+01,2.243666e+01,2.222357e+01,2.213408e+01,2.220292e+01,2.230611e+01,2.227860e+01,2.228548e+01,2.231986e+01,2.240232e+01,2.226485e+01,2.220981e+01,2.225797e+01,2.234048e+01,2.220981e+01,2.222357e+01,2.222357e+01,2.224421e+01,2.235422e+01,2.223733e+01,2.216162e+01,2.217539e+01,2.221669e+01,2.218228e+01,2.214785e+01,2.224421e+01,2.218228e+01,2.219604e+01,2.231986e+01,2.224421e+01,2.220981e+01,2.220292e+01,2.236797e+01,2.234048e+01,2.208586e+01,2.234048e+01,2.221669e+01,2.218916e+01,2.223045e+01,2.225797e+01,2.224421e+01,2.228548e+01,2.225109e+01,2.229235e+01,2.225797e+01,2.220292e+01,2.226485e+01,2.227172e+01,2.199624e+01,2.222357e+01,2.212719e+01,2.225109e+01,2.223045e+01,2.219604e+01,2.226485e+01,2.216162e+01,2.220292e+01,2.220292e+01,2.226485e+01,2.226485e+01,2.210653e+01,2.227860e+01,2.208586e+01,2.225109e+01,2.207207e+01,2.224421e+01,2.232673e+01,2.235422e+01,2.234735e+01,2.236110e+01,2.242979e+01,2.256018e+01,2.253275e+01,2.224421e+01,2.253960e+01,2.253960e+01,2.252588e+01,2.245725e+01,2.251216e+01,2.259447e+01,2.249158e+01,2.249844e+01,2.263560e+01,2.256704e+01,2.257390e+01,2.257390e+01,2.246412e+01,2.240919e+01,2.258076e+01
2.459073e+01,2.445614e+01,2.419994e+01,2.443594e+01,2.438205e+01,2.436857e+01,2.423369e+01,2.431464e+01,2.432812e+01,2.430115e+01,2.416619e+01,2.431464e+01,2.415943e+01,2.415268e+01,2.415943e+01,2.413242e+01,2.403105e+01,2.411215e+01,2.397018e+01,2.398371e+01,2.379413e+01,2.388896e+01,2.371956e+01,2.371277e+01,2.375346e+01,2.362457e+01,2.351590e+01,2.367886e+01,2.343433e+01,2.359741e+01,2.341393e+01,2.340713e+01,2.345473e+01,2.335950e+01,2.349552e+01,2.377380e+01,2.413242e+01,2.437531e+01,2.434161e+01,2.443594e+01,2.440900e+01,2.442247e+01,2.444268e+01,2.455710e+01,2.452346e+01,2.444268e+01,2.447635e+01,2.448981e+01,2.444268e+01,2.446961e+01,2.444268e+01,2.448308e+01,2.448981e+01,2.438205e+01,2.448981e+01,2.432812e+01,2.446961e+01,2.448308e+01,2.462436e+01,2.440900e+01,2.432138e+01,2.447635e+01,2.446288e+01,2.443594e+01,2.442921e+01,2.451673e+01,2.461763e+01,2.449654e+01,2.453692e+01,2.455038e+01,2.472515e+01,2.464452e+01,2.451673e+01,2.455710e+01,2.466469e+01,2.460419e+01,2.451000e+01,2.453019e+01,2.461091e+01,2.459073e+01,2.463108e+01,2.464452e+01,2.483256e+01,2.468484e+01,2.477887e+01,2.483927e+01,2.486610e+01,2.475201e+01,2.464452e+01,2.475873e+01,2.476544e+01,2.472515e+01,2.490634e+01,2.493986e+01,2.485940e+01,2.495997e+01,2.495997e+01,2.491975e+01,2.491975e+01,2.490634e+01,2.492645e+01,2.493986e+01,2.473858e+01,2.498677e+01,2.475201e+01,2.470500e+01,2.446288e+01,2.418644e+01,2.379413e+01,2.332547e+01,2.319604e+01,2.291620e+01,2.267671e+01,2.256704e+01,2.251902e+01,2.255332e+01,2.256018e+01,2.249844e+01,2.233360e+01,2.255332e+01,2.237484e+01,2.243666e+01,2.245039e+01,2.244352e+01,2.241605e+01,2.245725e+01,2.245039e+01,2.248471e+01,2.249158e+01,2.246412e+01,2.257390e+01,2.248471e+01,2.248471e+01,2.245725e+01,2.242979e+01,2.240232e+01,2.246412e+01,2.240919e+01,2.250530e+01,2.236110e+01,2.236110e+01,2.237484e+01,2.234048e+01,2.248471e+01,2.243666e+01,2.246412e+01,2.244352e+01,2.251902e+01,2.247785e+01,2.238858e+01,2.246412e+01,2.236110e+01,2.238171e+01,2.247785e+01,2.247098e+01,2.239545e+01,2.242979e+01,2.251216e+01,2.249844e+01,2.247098e+01,2.244352e+01,2.246412e+01,2.247785e+01,2.257390e+01,2.251216e+01,2.253960e+01,2.238858e+01,2.253275e+01,2.255332e+01,2.256704e+01,2.247098e+01,2.258076e+01,2.250530e+01,2.248471e+01,2.247785e+01,2.257390e+01,2.257390e+01,2.258761e+01,2.254646e+01,2.239545e+01,2.269041e+01,2.259447e+01,2.243666e+01,2.266986e+01,2.263560e+01,2.246412e+01,2.251902e+01,2.246412e+01,2.247785e+01,2.247098e+01,2.253275e+01,2.252588e+01,2.253960e+01,2.250530e+01,2.250530e+01,2.258076e+01,2.250530e+01,2.250530e+01,2.252588e+01,2.253275e+01,2.255332e+01,2.251216e+01,2.250530e+01,2.254646e+01,2.254646e+01,2.266301e+01,2.262874e+01,2.247785e+01,2.249844e+01,2.247785e+01,2.247098e+01,2.273835e+01,2.260818e+01,2.242979e+01,2.258761e+01,2.247785e+01,2.266301e+01,2.247098e+01,2.241605e+01,2.252588e+01,2.251216e+01,2.251902e+01,2.249158e+01,2.260818e+01,2.260818e+01,2.257390e+01,2.252588e+01,2.249158e+01,2.249158e+01,2.251216e+01,2.251216e+01,2.247785e+01,2.245725e+01,2.251902e+01,2.251216e+01,2.253960e+01,2.269041e+01,2.268356e+01,2.266301e+01,2.262874e+01,2.240232e+01,2.253960e+01,2.256704e+01,2.236797e+01,2.262874e+01,2.248471e+01,2.267671e+01,2.261503e+01,2.263560e+01,2.260818e+01,2.267671e+01,2.258076e+01,2.284099e+01,2.284099e+01,2.296403e+01,2.316195e+01,2.305280e+01,2.308693e+01,2.323012e+01,2.306645e+01,2.326418e+01,2.335950e+01,2.344793e+01,2.348192e+01,2.346833e+01,2.344113e+01,2.359062e+01,2.371956e+01,2.357025e+01,2.365172e+01,2.354987e+01,2.369921e+01,2.379413e+01,2.380768e+01,2.386187e+01,2.384155e+01,2.390927e+01,2.390250e+01,2.397694e+01,2.399047e+01,2.408512e+01,2.409188e+01,2.388219e+01,2.392958e+01,2.397694e+01,2.404457e+01,2.388896e+01,2.401752e+01,2.404457e+01,2.406485e+01,2.403105e+01,2.411215e+01,2.415943e+01,2.419994e+01,2.422019e+01,2.425393e+01,2.439552e+01,2.463108e+01,2.474530e+01,2.475201e+01,2.503366e+01,2.516751e+01,2.516082e+01,2.553472e+01,2.562132e+01,2.571451e+01,2.593385e+01,2.598032e+01,2.615936e+01,2.623884e+01,2.624546e+01,2.623222e+01,2.631164e+01,2.635794e+01,2.637778e+01,2.622560e+01,2.635133e+01,2.638439e+01,2.647031e+01,2.644388e+01,2.641744e+01,2.647031e+01,2.630502e+01,2.641084e+01,2.633149e+01,2.639100e+01,2.637117e+01,2.636456e+01,2.639100e+01,2.636456e+01,2.639100e+01,2.643066e+01,2.645709e+01,2.644388e+01,2.633810e+01,2.646370e+01,2.646370e+01,2.638439e+01,2.629179e+01,2.634472e+01,2.614611e+01,2.583421e+01,2.477216e+01,2.421344e+01,2.409864e+01,2.430115e+01,2.439552e+01,2.449654e+01,2.482585e+01,2.514075e+01,2.519426e+01,2.530119e+01,2.549472e+01,2.551472e+01,2.561466e+01,2.548138e+01,2.558802e+01,2.543469e+01,2.542135e+01,2.534793e+01,2.533458e+01,2.495997e+01,2.496667e+01,2.465124e+01,2.463108e+01,2.433487e+01,2.411215e+01,2.421344e+01,2.423369e+01,2.455710e+01,2.483927e+01,2.503366e+01,2.514744e+01,2.522768e+01,2.564796e+01,2.572117e+01,2.576108e+01,2.577438e+01,2.588072e+01,2.613948e+01,2.607319e+01,2.609971e+01,2.604004e+01,2.617261e+01,2.602677e+01,2.602677e+01,2.612623e+01,2.619911e+01,2.604004e+01,2.596041e+01,2.602013e+01,2.605330e+01,2.600686e+01,2.596704e+01,2.598696e+01,2.596704e+01,2.591393e+01,2.566127e+01,2.572117e+01,2.562798e+01,2.548138e+01,2.545471e+01,2.562132e+01,2.526110e+01,2.525442e+01,2.506713e+01,2.505375e+01,2.473187e+01,2.484598e+01,2.490634e+01,2.473187e+01,2.487952e+01,2.481914e+01,2.484598e+01,2.480572e+01,2.462436e+01,2.463780e+01,2.454365e+01,2.450327e+01,2.448308e+01,2.427417e+01,2.409188e+01,2.419319e+01,2.413917e+01,2.403105e+01,2.401076e+01,2.363814e+01,2.345473e+01,2.341393e+01,2.324374e+01,2.342073e+01,2.320286e+01,2.321649e+01,2.319604e+01,2.333908e+01,2.348872e+01,2.349552e+01,2.331866e+01,2.303915e+01,2.276573e+01,2.273835e+01,2.271096e+01,2.259447e+01,2.264245e+01,2.258761e+01,2.254646e+01,2.260818e+01,2.251902e+01,2.264930e+01,2.260818e+01,2.257390e+01,2.253960e+01,2.258076e+01,2.253960e+01,2.234048e+01,2.262874e+01,2.255332e+01,2.260818e+01,2.251902e+01,2.250530e+01,2.245725e+01,2.252588e+01,2.260132e+01,2.252588e+01,2.251902e+01,2.255332e+01,2.253960e+01,2.237484e+01,2.250530e+01,2.252588e+01,2.241605e+01,2.244352e+01,2.248471e+01,2.242292e+01,2.245725e+01,2.238858e+01,2.242292e+01,2.238858e+01,2.237484e+01,2.238171e+01,2.244352e+01,2.238858e+01,2.240232e+01,2.243666e+01,2.248471e+01,2.229923e+01,2.245039e+01,2.225109e+01,2.242979e+01,2.241605e+01,2.245039e+01,2.239545e+01,2.242979e+01,2.238171e+01,2.233360e+01,2.236797e+01,2.236797e+01,2.236110e+01,2.234048e+01,2.233360e+01,2.234735e+01,2.231986e+01,2.225797e+01,2.236797e+01,2.230611e+01,2.227860e+01,2.211341e+01,2.236797e+01,2.220981e+01,2.236110e+01,2.231298e+01,2.235422e+01,2.223045e+01,2.227860e+01,2.237484e+01,2.225797e+01,2.225797e+01,2.229235e+01,2.239545e+01,2.220981e+01,2.215474e+01,2.227172e+01,2.233360e+01,2.225109e+01,2.234735e+01,2.230611e+01,2.227860e+01,2.231986e+01,2.222357e+01,2.227172e+01,2.198935e+01,2.223045e+01,2.236110e+01,2.234735e+01,2.240919e+01,2.234735e+01,2.236110e+01,2.216162e+01,2.230611e+01,2.229923e+01,2.216162e+01,2.217539e+01,2.221669e+01,2.218916e+01,2.222357e+01,2.223733e+01,2.225109e+01,2.215474e+01,2.221669e+01,2.231298e+01,2.225109e+01,2.225797e+01,2.231298e+01,2.223045e+01,2.220981e+01,2.231298e+01,2.229923e+01,2.222357e+01,2.223733e+01,2.227172e+01,2.238858e+01,2.221669e+01,2.220981e+01,2.223733e+01,2.223733e+01,2.227172e+01,2.216162e+01,2.216162e+01,2.236797e+01,2.227172e+01,2.209964e+01,2.214096e+01,2.226485e+01,2.218228e+01,2.222357e+01,2.219604e+01,2.220292e+01,2.222357e+01,2.225109e+01,2.229235e+01,2.227860e+01,2.221669e+01,2.223733e+01,2.223733e+01,2.229235e+01,2.214785e+01,2.231986e+01,2.231298e+01,2.228548e+01,2.236797e+01,2.225109e+01,2.228548e+01,2.231986e+01,2.228548e+01,2.227860e+01,2.229235e+01,2.225797e+01,2.201004e+01,2.225109e+01,2.224421e+01,2.221669e+01,2.218916e+01,2.220981e+01,2.216851e+01,2.217539e+01,2.213408e+01,2.221669e+01,2.227172e+01,2.227172e+01,2.216851e+01,2.226485e+01,2.222357e+01,2.226485e+01,2.222357e+01,2.216162e+01,2.223045e+01,2.223045e+01,2.236797e+01,2.238858e+01,2.240919e+01,2.249844e+01,2.259447e+01,2.248471e+01,2.242292e+01,2.247098e+01,2.246412e+01,2.245725e+01,2.230611e+01,2.256018e+01,2.251216e+01,2.250530e+01,2.253275e+01,2.247785e+01,2.251902e+01,2.253275e+01,2.249844e+01,2.257390e+01,2.255332e+01,2.247785e+01,2.255332e+01
2.444268e+01,2.449654e+01,2.453692e+01,2.429441e+01,2.442921e+01,2.444941e+01,2.437531e+01,2.433487e+01,2.427417e+01,2.444941e+01,2.417969e+01,2.431464e+01,2.413917e+01,2.422019e+01,2.415943e+01,2.409188e+01,2.413917e+01,2.384833e+01,2.399047e+01,2.397018e+01,2.402428e+01,2.380091e+01,2.379413e+01,2.371277e+01,2.369921e+01,2.348192e+01,2.352270e+01,2.351590e+01,2.350231e+01,2.348872e+01,2.331866e+01,2.318923e+01,2.323693e+01,2.328461e+01,2.333908e+01,2.345473e+01,2.373312e+01,2.408512e+01,2.424044e+01,2.442247e+01,2.443594e+01,2.440900e+01,2.446961e+01,2.450327e+01,2.455038e+01,2.448981e+01,2.446961e+01,2.444268e+01,2.440226e+01,2.449654e+01,2.442921e+01,2.442247e+01,2.442247e+01,2.448981e+01,2.446961e+01,2.438205e+01,2.445614e+01,2.454365e+01,2.456383e+01,2.446288e+01,2.434161e+01,2.443594e+01,2.443594e+01,2.448981e+01,2.455038e+01,2.455710e+01,2.453019e+01,2.453692e+01,2.464452e+01,2.455038e+01,2.455038e+01,2.453019e+01,2.471844e+01,2.465796e+01,2.460419e+01,2.469828e+01,2.470500e+01,2.470500e+01,2.479230e+01,2.483256e+01,2.483927e+01,2.483256e+01,2.479901e+01,2.480572e+01,2.460419e+01,2.482585e+01,2.465796e+01,2.480572e+01,2.488622e+01,2.487952e+01,2.486610e+01,2.496667e+01,2.498007e+01,2.499347e+01,2.488622e+01,2.495997e+01,2.490634e+01,2.493316e+01,2.491305e+01,2.490634e+01,2.502696e+01,2.489964e+01,2.489964e+01,2.488622e+01,2.467141e+01,2.451673e+01,2.417969e+01,2.391604e+01,2.330504e+01,2.288886e+01,2.271780e+01,2.256704e+01,2.254646e+01,2.258761e+01,2.251216e+01,2.260132e+01,2.253960e+01,2.251902e+01,2.242292e+01,2.244352e+01,2.242292e+01,2.241605e+01,2.237484e+01,2.240232e+01,2.240919e+01,2.240919e+01,2.239545e+01,2.249844e+01,2.240232e+01,2.242979e+01,2.243666e+01,2.238171e+01,2.242292e+01,2.238858e+01,2.234735e+01,2.252588e+01,2.247785e+01,2.247785e+01,2.242292e+01,2.238858e+01,2.258076e+01,2.230611e+01,2.242979e+01,2.243666e+01,2.243666e+01,2.240919e+01,2.246412e+01,2.244352e+01,2.238171e+01,2.237484e+01,2.236110e+01,2.236797e+01,2.238171e+01,2.238858e+01,2.239545e+01,2.250530e+01,2.233360e+01,2.244352e+01,2.248471e+01,2.246412e+01,2.247098e+01,2.247098e+01,2.246412e+01,2.256018e+01,2.256704e+01,2.253275e+01,2.249844e+01,2.253960e+01,2.252588e+01,2.247785e+01,2.253960e+01,2.255332e+01,2.256704e+01,2.254646e+01,2.256704e+01,2.251902e+01,2.258761e+01,2.260818e+01,2.255332e+01,2.244352e+01,2.258761e+01,2.263560e+01,2.259447e+01,2.245725e+01,2.251216e+01,2.253275e+01,2.256704e+01,2.252588e+01,2.247098e+01,2.265615e+01,2.247785e+01,2.261503e+01,2.249844e+01,2.251216e+01,2.254646e+01,2.247098e+01,2.256018e+01,2.253960e+01,2.253960e+01,2.256018e+01,2.248471e+01,2.249158e+01,2.262874e+01,2.254646e+01,2.262189e+01,2.254646e+01,2.253275e+01,2.247098e+01,2.260818e+01,2.249158e+01,2.249844e+01,2.246412e+01,2.249158e+01,2.252588e+01,2.253275e+01,2.251216e+01,2.251216e+01,2.251902e+01,2.260132e+01,2.252588e+01,2.251902e+01,2.263560e+01,2.257390e+01,2.262189e+01,2.251216e+01,2.260818e+01,2.248471e+01,2.244352e+01,2.247785e+01,2.238171e+01,2.253275e+01,2.244352e+01,2.248471e+01,2.251216e+01,2.250530e+01,2.250530e+01,2.254646e+01,2.256018e+01,2.264245e+01,2.265615e+01,2.245039e+01,2.241605e+01,2.253960e+01,2.271096e+01,2.260818e+01,2.259447e+01,2.262874e+01,2.277942e+01,2.273835e+01,2.260132e+01,2.274519e+01,2.269041e+01,2.291620e+01,2.284783e+01,2.305280e+01,2.301184e+01,2.312786e+01,2.327099e+01,2.320286e+01,2.331185e+01,2.334589e+01,2.341393e+01,2.342073e+01,2.342753e+01,2.352949e+01,2.372634e+01,2.373990e+01,2.372634e+01,2.371956e+01,2.380768e+01,2.365850e+01,2.384833e+01,2.382123e+01,2.386187e+01,2.384833e+01,2.386187e+01,2.397694e+01,2.397694e+01,2.385510e+01,2.395664e+01,2.394988e+01,2.396341e+01,2.391604e+01,2.396341e+01,2.394988e+01,2.391604e+01,2.392281e+01,2.403105e+01,2.405809e+01,2.409864e+01,2.412566e+01,2.412566e+01,2.415943e+01,2.414593e+01,2.428766e+01,2.437531e+01,2.440226e+01,2.456383e+01,2.470500e+01,2.495326e+01,2.513406e+01,2.524105e+01,2.523437e+01,2.554804e+01,2.550805e+01,2.569455e+01,2.592721e+01,2.596704e+01,2.609309e+01,2.619911e+01,2.621898e+01,2.629179e+01,2.627855e+01,2.627855e+01,2.627855e+01,2.635133e+01,2.634472e+01,2.637117e+01,2.646370e+01,2.645049e+01,2.647031e+01,2.639100e+01,2.641084e+01,2.644388e+01,2.633810e+01,2.646370e+01,2.624546e+01,2.648352e+01,2.638439e+01,2.639761e+01,2.634472e+01,2.633810e+01,2.633810e+01,2.649673e+01,2.643727e+01,2.648352e+01,2.641744e+01,2.665512e+01,2.635794e+01,2.633810e+01,2.615936e+01,2.598032e+01,2.491975e+01,2.429441e+01,2.432812e+01,2.447635e+01,2.455710e+01,2.474530e+01,2.491975e+01,2.492645e+01,2.522100e+01,2.529451e+01,2.548138e+01,2.564130e+01,2.550805e+01,2.560800e+01,2.540133e+01,2.552805e+01,2.541468e+01,2.539466e+01,2.536129e+01,2.508722e+01,2.506713e+01,2.467141e+01,2.457728e+01,2.455038e+01,2.436183e+01,2.424719e+01,2.448981e+01,2.451000e+01,2.486610e+01,2.503366e+01,2.530119e+01,2.540801e+01,2.563464e+01,2.568124e+01,2.574778e+01,2.590065e+01,2.593385e+01,2.603340e+01,2.617924e+01,2.615936e+01,2.611960e+01,2.622560e+01,2.620573e+01,2.622560e+01,2.616599e+01,2.616599e+01,2.607982e+01,2.619911e+01,2.616599e+01,2.621898e+01,2.598696e+01,2.602677e+01,2.598032e+01,2.586079e+01,2.575443e+01,2.572117e+01,2.570121e+01,2.569455e+01,2.551472e+01,2.540133e+01,2.549472e+01,2.530787e+01,2.524105e+01,2.522768e+01,2.498677e+01,2.520763e+01,2.494656e+01,2.479901e+01,2.488622e+01,2.478558e+01,2.481243e+01,2.474530e+01,2.481243e+01,2.463108e+01,2.457056e+01,2.446288e+01,2.443594e+01,2.444268e+01,2.426068e+01,2.429441e+01,2.405809e+01,2.419319e+01,2.407161e+01,2.402428e+01,2.387542e+01,2.355667e+01,2.344113e+01,2.349552e+01,2.327780e+01,2.338672e+01,2.320286e+01,2.331866e+01,2.333908e+01,2.351590e+01,2.345473e+01,2.337311e+01,2.316877e+01,2.273150e+01,2.260818e+01,2.258761e+01,2.262874e+01,2.263560e+01,2.269041e+01,2.263560e+01,2.258076e+01,2.264245e+01,2.258076e+01,2.267671e+01,2.262189e+01,2.256704e+01,2.259447e+01,2.251216e+01,2.252588e+01,2.258761e+01,2.250530e+01,2.254646e+01,2.251216e+01,2.250530e+01,2.249158e+01,2.254646e+01,2.244352e+01,2.236110e+01,2.243666e+01,2.253960e+01,2.251902e+01,2.242979e+01,2.251216e+01,2.257390e+01,2.242979e+01,2.245039e+01,2.241605e+01,2.241605e+01,2.247785e+01,2.244352e+01,2.240232e+01,2.245039e+01,2.239545e+01,2.238858e+01,2.239545e+01,2.242979e+01,2.242979e+01,2.246412e+01,2.241605e+01,2.231298e+01,2.245725e+01,2.226485e+01,2.244352e+01,2.238171e+01,2.240919e+01,2.243666e+01,2.253275e+01,2.232673e+01,2.233360e+01,2.248471e+01,2.238171e+01,2.240232e+01,2.240232e+01,2.240919e+01,2.248471e+01,2.240919e+01,2.241605e+01,2.232673e+01,2.238858e+01,2.235422e+01,2.231986e+01,2.238858e+01,2.230611e+01,2.226485e+01,2.257390e+01,2.240232e+01,2.232673e+01,2.234048e+01,2.241605e+01,2.236797e+01,2.238171e+01,2.231986e+01,2.231986e+01,2.244352e+01,2.217539e+01,2.244352e+01,2.244352e+01,2.227860e+01,2.222357e+01,2.223045e+01,2.235422e+01,2.232673e+01,2.234735e+01,2.236797e+01,2.218228e+01,2.237484e+01,2.228548e+01,2.235422e+01,2.235422e+01,2.234735e+01,2.234735e+01,2.231298e+01,2.231986e+01,2.226485e+01,2.223733e+01,2.221669e+01,2.232673e+01,2.220292e+01,2.223733e+01,2.223733e+01,2.232673e+01,2.227172e+01,2.225797e+01,2.227172e+01,2.225109e+01,2.227172e+01,2.232673e+01,2.222357e+01,2.229923e+01,2.234048e+01,2.229923e+01,2.243666e+01,2.240232e+01,2.238858e+01,2.236110e+01,2.242979e+01,2.222357e+01,2.220292e+01,2.228548e+01,2.225109e+01,2.232673e+01,2.234735e+01,2.229923e+01,2.222357e+01,2.228548e+01,2.216162e+01,2.214785e+01,2.212719e+01,2.224421e+01,2.216851e+01,2.223733e+01,2.213408e+01,2.216851e+01,2.220292e+01,2.230611e+01,2.229923e+01,2.222357e+01,2.216851e+01,2.240232e+01,2.233360e+01,2.225797e+01,2.228548e+01,2.210653e+01,2.225109e+01,2.221669e+01,2.230611e+01,2.224421e+01,2.206518e+01,2.229923e+01,2.221669e+01,2.229235e+01,2.225797e+01,2.208586e+01,2.225797e+01,2.219604e+01,2.220981e+01,2.219604e+01,2.216162e+01,2.222357e+01,2.218228e+01,2.229923e+01,2.227172e+01,2.206518e+01,2.231986e+01,2.222357e+01,2.225797e+01,2.215474e+01,2.222357e+01,2.223045e+01,2.229923e+01,2.230611e+01,2.249844e+01,2.260818e+01,2.258761e+01,2.244352e+01,2.258761e+01,2.254646e+01,2.255332e+01,2.242979e+01,2.247785e+01,2.253960e+01,2.255332e+01,2.223045e+01,2.251902e+01,2.225797e+01,2.251216e+01,2.255332e+01,2.252588e+01,2.256704e+01,2.257390e+01,2.249844e+01,2.254646e+01,2.247098e+01,2.245725e+01
2.453692e+01,2.451000e+01,2.450327e+01,2.450327e+01,2.454365e+01,2.440226e+01,2.437531e+01,2.439552e+01,2.433487e+01,2.436183e+01,2.416619e+01,2.419319e+01,2.410540e+01,2.438878e+01,2.419994e+01,2.416619e+01,2.411891e+01,2.408512e+01,2.409864e+01,2.409188e+01,2.395664e+01,2.380768e+01,2.371956e+01,2.369921e+01,2.371277e+01,2.370599e+01,2.354308e+01,2.352949e+01,2.351590e+01,2.336630e+01,2.333228e+01,2.329823e+01,2.329823e+01,2.317559e+01,2.331866e+01,2.369242e+01,2.346833e+01,2.391604e+01,2.399047e+01,2.434161e+01,2.436857e+01,2.440226e+01,2.446288e+01,2.444268e+01,2.448308e+01,2.430115e+01,2.439552e+01,2.444268e+01,2.439552e+01,2.446288e+01,2.446961e+01,2.455710e+01,2.452346e+01,2.463108e+01,2.454365e+01,2.447635e+01,2.451000e+01,2.459746e+01,2.451000e+01,2.437531e+01,2.468484e+01,2.450327e+01,2.450327e+01,2.449654e+01,2.444268e+01,2.458401e+01,2.474530e+01,2.469156e+01,2.467141e+01,2.450327e+01,2.453019e+01,2.455710e+01,2.472515e+01,2.469156e+01,2.475873e+01,2.460419e+01,2.495326e+01,2.480572e+01,2.482585e+01,2.479230e+01,2.452346e+01,2.483256e+01,2.483256e+01,2.492645e+01,2.483256e+01,2.483927e+01,2.481914e+01,2.473858e+01,2.485269e+01,2.477216e+01,2.481914e+01,2.500017e+01,2.485940e+01,2.500687e+01,2.490634e+01,2.469156e+01,2.495997e+01,2.495326e+01,2.496667e+01,2.491975e+01,2.491305e+01,2.491975e+01,2.490634e+01,2.482585e+01,2.451000e+01,2.409188e+01,2.370599e+01,2.329142e+01,2.303915e+01,2.275888e+01,2.270411e+01,2.256018e+01,2.274519e+01,2.253275e+01,2.259447e+01,2.254646e+01,2.238171e+01,2.244352e+01,2.251216e+01,2.240919e+01,2.254646e+01,2.241605e+01,2.233360e+01,2.243666e+01,2.242292e+01,2.227172e+01,2.240232e+01,2.235422e+01,2.250530e+01,2.233360e+01,2.236797e+01,2.230611e+01,2.231298e+01,2.239545e+01,2.244352e+01,2.244352e+01,2.239545e+01,2.238858e+01,2.245039e+01,2.236797e+01,2.231298e+01,2.235422e+01,2.239545e+01,2.241605e+01,2.238171e+01,2.238858e+01,2.237484e+01,2.240232e+01,2.242979e+01,2.233360e+01,2.236797e+01,2.256704e+01,2.237484e+01,2.236797e+01,2.240919e+01,2.242979e+01,2.239545e+01,2.247098e+01,2.251902e+01,2.236797e+01,2.258761e+01,2.250530e+01,2.241605e+01,2.250530e+01,2.250530e+01,2.249844e+01,2.252588e+01,2.262874e+01,2.253960e+01,2.258076e+01,2.247098e+01,2.253960e+01,2.253275e+01,2.251902e+01,2.253275e+01,2.256704e+01,2.256018e+01,2.251902e+01,2.257390e+01,2.258076e+01,2.253275e+01,2.264245e+01,2.255332e+01,2.266986e+01,2.252588e+01,2.259447e+01,2.247785e+01,2.252588e+01,2.249844e+01,2.248471e+01,2.245725e+01,2.247785e+01,2.247785e+01,2.238858e+01,2.246412e+01,2.251902e+01,2.251902e+01,2.247785e+01,2.244352e+01,2.245039e+01,2.258076e+01,2.257390e+01,2.247098e+01,2.254646e+01,2.255332e+01,2.247098e+01,2.255332e+01,2.260818e+01,2.247785e+01,2.253275e+01,2.242979e+01,2.251216e+01,2.255332e+01,2.252588e+01,2.260818e+01,2.253275e+01,2.255332e+01,2.262189e+01,2.250530e+01,2.264245e+01,2.251216e+01,2.256018e+01,2.259447e+01,2.261503e+01,2.260818e+01,2.258761e+01,2.247785e+01,2.240232e+01,2.248471e+01,2.256704e+01,2.256018e+01,2.257390e+01,2.243666e+01,2.244352e+01,2.249844e+01,2.251902e+01,2.267671e+01,2.266301e+01,2.251902e+01,2.253275e+01,2.239545e+01,2.245725e+01,2.250530e+01,2.264245e+01,2.274519e+01,2.273835e+01,2.271780e+01,2.271780e+01,2.267671e+01,2.269041e+01,2.261503e+01,2.262189e+01,2.298452e+01,2.290937e+01,2.314150e+01,2.315514e+01,2.321649e+01,2.311422e+01,2.344113e+01,2.333228e+01,2.333228e+01,2.344793e+01,2.342753e+01,2.338672e+01,2.362457e+01,2.371277e+01,2.372634e+01,2.386187e+01,2.383478e+01,2.387542e+01,2.382801e+01,2.398371e+01,2.397694e+01,2.386187e+01,2.393634e+01,2.399047e+01,2.403781e+01,2.404457e+01,2.386865e+01,2.392958e+01,2.383478e+01,2.396341e+01,2.411215e+01,2.397018e+01,2.394988e+01,2.390250e+01,2.401076e+01,2.407837e+01,2.394311e+01,2.400400e+01,2.416619e+01,2.413242e+01,2.405809e+01,2.422019e+01,2.411215e+01,2.426743e+01,2.454365e+01,2.459746e+01,2.491975e+01,2.488622e+01,2.513406e+01,2.515413e+01,2.530787e+01,2.551472e+01,2.562798e+01,2.571451e+01,2.588072e+01,2.590065e+01,2.592057e+01,2.616599e+01,2.634472e+01,2.635133e+01,2.631164e+01,2.627194e+01,2.626532e+01,2.633810e+01,2.630502e+01,2.639100e+01,2.646370e+01,2.634472e+01,2.645049e+01,2.644388e+01,2.642405e+01,2.645709e+01,2.641744e+01,2.643066e+01,2.639761e+01,2.631164e+01,2.638439e+01,2.637778e+01,2.637778e+01,2.634472e+01,2.633810e+01,2.637778e+01,2.633810e+01,2.619911e+01,2.627855e+01,2.621235e+01,2.638439e+01,2.618586e+01,2.604004e+01,2.607982e+01,2.485269e+01,2.438878e+01,2.404457e+01,2.438205e+01,2.452346e+01,2.477216e+01,2.493316e+01,2.498007e+01,2.531454e+01,2.537464e+01,2.530119e+01,2.558802e+01,2.552139e+01,2.555471e+01,2.544137e+01,2.554804e+01,2.548805e+01,2.550139e+01,2.531454e+01,2.534126e+01,2.508052e+01,2.499347e+01,2.466469e+01,2.451673e+01,2.442247e+01,2.451000e+01,2.449654e+01,2.456383e+01,2.491305e+01,2.518088e+01,2.535461e+01,2.544137e+01,2.539466e+01,2.566793e+01,2.598696e+01,2.599359e+01,2.595377e+01,2.599359e+01,2.614611e+01,2.612623e+01,2.625870e+01,2.625208e+01,2.625208e+01,2.623884e+01,2.617261e+01,2.602013e+01,2.607982e+01,2.613948e+01,2.600686e+01,2.599359e+01,2.603340e+01,2.596041e+01,2.572782e+01,2.601350e+01,2.595377e+01,2.574778e+01,2.572117e+01,2.559468e+01,2.540801e+01,2.550805e+01,2.540801e+01,2.541468e+01,2.506044e+01,2.500687e+01,2.494656e+01,2.495326e+01,2.485940e+01,2.487281e+01,2.483256e+01,2.486610e+01,2.479901e+01,2.475201e+01,2.471844e+01,2.471844e+01,2.446961e+01,2.473187e+01,2.444268e+01,2.452346e+01,2.428092e+01,2.422694e+01,2.433487e+01,2.411215e+01,2.403781e+01,2.384155e+01,2.365172e+01,2.335269e+01,2.344793e+01,2.343433e+01,2.345473e+01,2.343433e+01,2.320286e+01,2.319604e+01,2.334589e+01,2.348872e+01,2.351590e+01,2.337991e+01,2.297086e+01,2.284783e+01,2.260818e+01,2.262189e+01,2.260818e+01,2.255332e+01,2.260818e+01,2.257390e+01,2.269726e+01,2.266301e+01,2.268356e+01,2.266301e+01,2.260132e+01,2.255332e+01,2.256018e+01,2.258076e+01,2.257390e+01,2.253960e+01,2.255332e+01,2.250530e+01,2.252588e+01,2.249158e+01,2.248471e+01,2.252588e+01,2.242979e+01,2.258076e+01,2.260818e+01,2.242979e+01,2.240919e+01,2.247098e+01,2.254646e+01,2.241605e+01,2.250530e+01,2.249844e+01,2.248471e+01,2.231986e+01,2.251902e+01,2.240919e+01,2.247098e+01,2.247098e+01,2.249158e+01,2.238858e+01,2.239545e+01,2.251902e+01,2.248471e+01,2.250530e+01,2.248471e+01,2.238171e+01,2.241605e+01,2.245725e+01,2.228548e+01,2.242292e+01,2.243666e+01,2.245039e+01,2.238858e+01,2.245725e+01,2.242292e+01,2.242292e+01,2.243666e+01,2.238171e+01,2.237484e+01,2.235422e+01,2.241605e+01,2.229235e+01,2.240919e+01,2.233360e+01,2.233360e+01,2.238858e+01,2.220981e+01,2.255332e+01,2.238171e+01,2.238171e+01,2.228548e+01,2.244352e+01,2.240919e+01,2.238858e+01,2.235422e+01,2.240232e+01,2.235422e+01,2.229235e+01,2.236110e+01,2.236110e+01,2.240232e+01,2.236110e+01,2.234735e+01,2.222357e+01,2.236797e+01,2.242979e+01,2.221669e+01,2.221669e+01,2.236797e+01,2.220981e+01,2.215474e+01,2.239545e+01,2.236797e+01,2.230611e+01,2.231298e+01,2.233360e+01,2.251902e+01,2.235422e+01,2.233360e+01,2.231986e+01,2.218228e+01,2.218916e+01,2.242292e+01,2.240919e+01,2.235422e+01,2.238858e+01,2.229923e+01,2.242292e+01,2.225797e+01,2.233360e+01,2.238171e+01,2.235422e+01,2.225109e+01,2.240232e+01,2.240232e+01,2.247785e+01,2.233360e+01,2.242292e+01,2.222357e+01,2.233360e+01,2.231986e+01,2.232673e+01,2.225797e+01,2.220292e+01,2.221669e+01,2.228548e+01,2.229923e+01,2.231986e+01,2.217539e+01,2.223733e+01,2.231986e+01,2.227172e+01,2.215474e+01,2.229235e+01,2.218916e+01,2.219604e+01,2.223733e+01,2.220292e+01,2.222357e+01,2.223733e+01,2.222357e+01,2.232673e+01,2.229235e+01,2.238858e+01,2.224421e+01,2.232673e+01,2.231986e+01,2.223733e+01,2.224421e+01,2.226485e+01,2.230611e+01,2.225797e+01,2.229923e+01,2.225797e+01,2.215474e+01,2.199624e+01,2.218228e+01,2.227860e+01,2.218916e+01,2.234048e+01,2.225109e+01,2.221669e+01,2.223045e+01,2.214785e+01,2.224421e+01,2.222357e+01,2.213408e+01,2.212719e+01,2.208586e+01,2.234735e+01,2.224421e+01,2.223733e+01,2.213408e+01,2.227172e+01,2.212719e+01,2.225797e+01,2.223045e+01,2.240919e+01,2.265615e+01,2.259447e+01,2.256704e+01,2.253960e+01,2.245725e+01,2.237484e+01,2.256704e+01,2.254646e+01,2.249158e+01,2.261503e+01,2.288202e+01,2.266301e+01,2.262189e+01,2.260132e+01,2.256704e+01,2.263560e+01,2.268356e+01,2.249844e+01,2.258761e+01,2.247098e+01,2.249158e+01,2.245725e+01
2.454365e+01,2.442921e+01,2.455710e+01,2.442247e+01,2.441573e+01,2.435509e+01,2.439552e+01,2.439552e+01,2.438205e+01,2.432812e+01,2.421344e+01,2.407161e+01,2.408512e+01,2.419319e+01,2.423369e+01,2.415268e+01,2.405809e+01,2.403781e+01,2.407837e+01,2.386865e+01,2.382801e+01,2.384155e+01,2.387542e+01,2.374668e+01,2.366529e+01,2.370599e+01,2.354308e+01,2.357025e+01,2.352270e+01,2.347513e+01,2.333228e+01,2.330504e+01,2.331185e+01,2.312104e+01,2.318923e+01,2.332547e+01,2.323012e+01,2.346153e+01,2.382801e+01,2.410540e+01,2.422019e+01,2.429441e+01,2.435509e+01,2.444941e+01,2.443594e+01,2.443594e+01,2.446288e+01,2.438205e+01,2.448308e+01,2.445614e+01,2.448308e+01,2.450327e+01,2.444268e+01,2.448981e+01,2.442921e+01,2.445614e+01,2.453019e+01,2.450327e+01,2.448308e+01,2.447635e+01,2.434835e+01,2.456383e+01,2.455038e+01,2.460419e+01,2.455038e+01,2.455710e+01,2.470500e+01,2.455710e+01,2.465796e+01,2.469156e+01,2.457056e+01,2.472515e+01,2.460419e+01,2.473858e+01,2.472515e+01,2.478558e+01,2.477887e+01,2.496667e+01,2.481914e+01,2.495997e+01,2.487952e+01,2.479230e+01,2.482585e+01,2.483927e+01,2.481914e+01,2.482585e+01,2.483927e+01,2.492645e+01,2.483927e+01,2.483927e+01,2.503366e+01,2.502026e+01,2.502026e+01,2.499347e+01,2.501357e+01,2.494656e+01,2.493316e+01,2.489293e+01,2.493986e+01,2.494656e+01,2.482585e+01,2.498007e+01,2.489293e+01,2.439552e+01,2.401076e+01,2.362457e+01,2.318241e+01,2.299135e+01,2.269041e+01,2.267671e+01,2.256018e+01,2.253960e+01,2.253275e+01,2.255332e+01,2.256018e+01,2.242292e+01,2.244352e+01,2.261503e+01,2.240919e+01,2.244352e+01,2.242979e+01,2.246412e+01,2.234048e+01,2.238171e+01,2.241605e+01,2.247098e+01,2.243666e+01,2.238858e+01,2.229235e+01,2.247785e+01,2.247785e+01,2.238858e+01,2.231298e+01,2.240919e+01,2.235422e+01,2.240232e+01,2.239545e+01,2.238171e+01,2.237484e+01,2.238171e+01,2.236110e+01,2.240919e+01,2.236797e+01,2.242292e+01,2.231986e+01,2.236797e+01,2.227172e+01,2.237484e+01,2.253275e+01,2.233360e+01,2.237484e+01,2.237484e+01,2.234735e+01,2.235422e+01,2.234048e+01,2.247098e+01,2.239545e+01,2.242292e+01,2.250530e+01,2.230611e+01,2.258761e+01,2.253960e+01,2.252588e+01,2.248471e+01,2.258076e+01,2.251902e+01,2.253275e+01,2.249844e+01,2.253960e+01,2.252588e+01,2.246412e+01,2.253960e+01,2.262189e+01,2.253275e+01,2.254646e+01,2.251216e+01,2.257390e+01,2.252588e+01,2.245039e+01,2.251902e+01,2.263560e+01,2.273150e+01,2.257390e+01,2.251216e+01,2.251216e+01,2.260818e+01,2.252588e+01,2.247785e+01,2.251902e+01,2.247098e+01,2.242979e+01,2.250530e+01,2.235422e+01,2.244352e+01,2.240919e+01,2.251902e+01,2.239545e+01,2.250530e+01,2.251902e+01,2.255332e+01,2.259447e+01,2.255332e+01,2.257390e+01,2.253275e+01,2.251902e+01,2.256018e+01,2.254646e+01,2.258076e+01,2.255332e+01,2.254646e+01,2.253960e+01,2.253275e+01,2.246412e+01,2.253275e+01,2.253275e+01,2.241605e+01,2.253960e+01,2.254646e+01,2.245725e+01,2.260818e+01,2.249158e+01,2.258076e+01,2.249158e+01,2.255332e+01,2.249844e+01,2.240919e+01,2.237484e+01,2.251216e+01,2.250530e+01,2.250530e+01,2.249158e+01,2.248471e+01,2.245725e+01,2.250530e+01,2.251216e+01,2.251216e+01,2.263560e+01,2.254646e+01,2.269726e+01,2.248471e+01,2.238171e+01,2.240919e+01,2.262189e+01,2.277257e+01,2.273150e+01,2.276573e+01,2.256704e+01,2.273150e+01,2.273835e+01,2.277942e+01,2.276573e+01,2.279310e+01,2.285467e+01,2.291620e+01,2.307328e+01,2.302550e+01,2.318923e+01,2.317559e+01,2.310057e+01,2.331185e+01,2.331185e+01,2.341393e+01,2.339352e+01,2.359741e+01,2.352270e+01,2.370599e+01,2.383478e+01,2.384155e+01,2.383478e+01,2.385510e+01,2.390927e+01,2.391604e+01,2.385510e+01,2.397018e+01,2.404457e+01,2.420670e+01,2.395664e+01,2.399047e+01,2.399047e+01,2.397018e+01,2.393634e+01,2.396341e+01,2.382801e+01,2.390927e+01,2.397694e+01,2.388896e+01,2.390250e+01,2.390927e+01,2.390250e+01,2.394988e+01,2.411215e+01,2.401076e+01,2.410540e+01,2.411215e+01,2.409864e+01,2.434161e+01,2.457056e+01,2.455710e+01,2.479230e+01,2.482585e+01,2.514075e+01,2.516751e+01,2.548138e+01,2.567459e+01,2.564130e+01,2.564130e+01,2.576108e+01,2.590065e+01,2.610634e+01,2.633149e+01,2.631164e+01,2.639761e+01,2.628517e+01,2.631826e+01,2.636456e+01,2.647031e+01,2.634472e+01,2.644388e+01,2.644388e+01,2.640422e+01,2.622560e+01,2.638439e+01,2.645049e+01,2.637117e+01,2.643066e+01,2.640422e+01,2.643727e+01,2.630502e+01,2.642405e+01,2.642405e+01,2.644388e+01,2.642405e+01,2.633149e+01,2.623884e+01,2.629179e+01,2.633810e+01,2.628517e+01,2.622560e+01,2.629179e+01,2.620573e+01,2.612623e+01,2.582092e+01,2.504705e+01,2.424719e+01,2.415268e+01,2.439552e+01,2.445614e+01,2.470500e+01,2.495326e+01,2.503366e+01,2.533458e+01,2.526110e+01,2.557470e+01,2.562798e+01,2.558802e+01,2.560800e+01,2.562132e+01,2.554138e+01,2.549472e+01,2.546805e+01,2.537464e+01,2.502026e+01,2.506044e+01,2.502026e+01,2.465124e+01,2.463780e+01,2.455710e+01,2.457728e+01,2.446288e+01,2.478558e+01,2.505375e+01,2.498007e+01,2.531454e+01,2.558802e+01,2.559468e+01,2.562798e+01,2.586079e+01,2.598032e+01,2.607982e+01,2.597368e+01,2.605993e+01,2.607982e+01,2.606656e+01,2.615274e+01,2.609971e+01,2.616599e+01,2.615936e+01,2.615274e+01,2.620573e+01,2.611960e+01,2.621898e+01,2.610634e+01,2.596041e+01,2.594713e+01,2.574778e+01,2.584085e+01,2.570121e+01,2.572117e+01,2.568124e+01,2.546138e+01,2.533458e+01,2.538799e+01,2.533458e+01,2.549472e+01,2.508052e+01,2.510730e+01,2.497337e+01,2.495997e+01,2.479230e+01,2.476544e+01,2.487281e+01,2.482585e+01,2.486610e+01,2.472515e+01,2.482585e+01,2.472515e+01,2.477887e+01,2.483256e+01,2.465796e+01,2.451673e+01,2.451673e+01,2.435509e+01,2.409188e+01,2.428766e+01,2.409188e+01,2.406485e+01,2.373312e+01,2.353629e+01,2.331866e+01,2.346153e+01,2.338672e+01,2.337311e+01,2.323693e+01,2.323012e+01,2.335269e+01,2.369921e+01,2.357025e+01,2.341393e+01,2.313468e+01,2.279310e+01,2.260132e+01,2.266301e+01,2.265615e+01,2.262874e+01,2.262874e+01,2.257390e+01,2.262189e+01,2.263560e+01,2.265615e+01,2.265615e+01,2.258076e+01,2.258076e+01,2.256018e+01,2.257390e+01,2.253960e+01,2.262189e+01,2.258076e+01,2.255332e+01,2.249158e+01,2.246412e+01,2.249158e+01,2.246412e+01,2.244352e+01,2.255332e+01,2.247785e+01,2.257390e+01,2.238858e+01,2.236797e+01,2.253275e+01,2.239545e+01,2.253275e+01,2.243666e+01,2.244352e+01,2.240919e+01,2.242292e+01,2.242979e+01,2.240232e+01,2.245725e+01,2.249158e+01,2.238858e+01,2.236797e+01,2.247098e+01,2.232673e+01,2.232673e+01,2.241605e+01,2.243666e+01,2.249158e+01,2.245039e+01,2.244352e+01,2.244352e+01,2.237484e+01,2.236110e+01,2.251902e+01,2.240919e+01,2.242292e+01,2.242979e+01,2.253275e+01,2.244352e+01,2.241605e+01,2.243666e+01,2.237484e+01,2.235422e+01,2.228548e+01,2.235422e+01,2.231986e+01,2.236797e+01,2.240919e+01,2.262874e+01,2.227172e+01,2.240232e+01,2.241605e+01,2.241605e+01,2.226485e+01,2.239545e+01,2.242292e+01,2.235422e+01,2.232673e+01,2.238858e+01,2.228548e+01,2.231298e+01,2.222357e+01,2.216851e+01,2.225797e+01,2.224421e+01,2.224421e+01,2.229235e+01,2.236110e+01,2.240232e+01,2.224421e+01,2.236797e+01,2.230611e+01,2.234048e+01,2.219604e+01,2.234048e+01,2.241605e+01,2.247098e+01,2.236797e+01,2.233360e+01,2.233360e+01,2.246412e+01,2.224421e+01,2.240232e+01,2.220981e+01,2.241605e+01,2.236110e+01,2.240919e+01,2.229923e+01,2.229235e+01,2.237484e+01,2.237484e+01,2.240232e+01,2.236110e+01,2.238858e+01,2.229923e+01,2.238858e+01,2.227172e+01,2.231986e+01,2.242979e+01,2.243666e+01,2.236797e+01,2.236797e+01,2.238171e+01,2.231986e+01,2.234048e+01,2.229923e+01,2.230611e+01,2.231298e+01,2.214785e+01,2.227860e+01,2.215474e+01,2.218228e+01,2.228548e+01,2.225109e+01,2.225797e+01,2.231986e+01,2.228548e+01,2.246412e+01,2.246412e+01,2.214096e+01,2.223045e+01,2.229235e+01,2.218228e+01,2.224421e+01,2.225109e+01,2.217539e+01,2.223733e+01,2.224421e+01,2.231986e+01,2.212030e+01,2.219604e+01,2.214096e+01,2.235422e+01,2.227860e+01,2.240232e+01,2.218916e+01,2.232673e+01,2.233360e+01,2.225109e+01,2.219604e+01,2.226485e+01,2.231298e+01,2.209964e+01,2.221669e+01,2.213408e+01,2.214096e+01,2.229235e+01,2.234048e+01,2.218228e+01,2.226485e+01,2.220292e+01,2.216162e+01,2.222357e+01,2.204451e+01,2.222357e+01,2.215474e+01,2.216851e+01,2.258761e+01,2.256018e+01,2.260818e+01,2.260818e+01,2.251902e+01,2.263560e+01,2.247785e+01,2.248471e+01,2.253275e+01,2.247785e+01,2.250530e+01,2.252588e+01,2.248471e+01,2.249844e+01,2.250530e+01,2.258761e+01,2.241605e+01,2.259447e+01,2.256018e+01,2.258076e+01,2.250530e+01,2.264245e+01,2.247785e+01,2.245725e+01
2.447635e+01,2.448308e+01,2.444941e+01,2.443594e+01,2.451673e+01,2.453019e+01,2.435509e+01,2.437531e+01,2.434835e+01,2.437531e+01,2.421344e+01,2.432812e+01,2.417294e+01,2.407837e+01,2.411891e+01,2.407161e+01,2.401076e+01,2.392958e+01,2.395664e+01,2.397018e+01,2.377380e+01,2.376702e+01,2.383478e+01,2.361778e+01,2.365850e+01,2.367207e+01,2.346833e+01,2.351590e+01,2.337991e+01,2.324374e+01,2.331185e+01,2.322330e+01,2.310739e+01,2.316195e+01,2.311422e+01,2.319604e+01,2.329142e+01,2.343433e+01,2.359741e+01,2.342073e+01,2.388896e+01,2.397018e+01,2.412566e+01,2.418644e+01,2.444268e+01,2.447635e+01,2.442921e+01,2.448308e+01,2.438878e+01,2.446288e+01,2.444268e+01,2.436183e+01,2.436857e+01,2.446288e+01,2.444268e+01,2.444941e+01,2.448308e+01,2.455038e+01,2.447635e+01,2.459746e+01,2.447635e+01,2.455710e+01,2.458401e+01,2.456383e+01,2.461763e+01,2.467813e+01,2.480572e+01,2.470500e+01,2.465124e+01,2.484598e+01,2.458401e+01,2.462436e+01,2.469828e+01,2.487281e+01,2.475873e+01,2.471844e+01,2.494656e+01,2.481243e+01,2.485269e+01,2.477216e+01,2.487281e+01,2.486610e+01,2.481914e+01,2.481914e+01,2.488622e+01,2.482585e+01,2.479901e+01,2.485269e+01,2.491305e+01,2.500687e+01,2.499347e+01,2.501357e+01,2.502026e+01,2.496667e+01,2.487952e+01,2.493986e+01,2.495997e+01,2.491975e+01,2.498677e+01,2.487952e+01,2.483256e+01,2.463780e+01,2.448981e+01,2.392958e+01,2.361099e+01,2.317559e+01,2.299135e+01,2.256704e+01,2.254646e+01,2.249844e+01,2.229923e+01,2.242292e+01,2.247098e+01,2.236110e+01,2.231986e+01,2.235422e+01,2.239545e+01,2.240919e+01,2.244352e+01,2.240232e+01,2.240919e+01,2.243666e+01,2.251216e+01,2.238171e+01,2.238171e+01,2.236110e+01,2.230611e+01,2.233360e+01,2.242292e+01,2.239545e+01,2.245039e+01,2.240919e+01,2.246412e+01,2.240232e+01,2.242292e+01,2.236110e+01,2.236110e+01,2.225109e+01,2.227172e+01,2.234735e+01,2.234735e+01,2.234048e+01,2.232673e+01,2.239545e+01,2.236797e+01,2.238171e+01,2.239545e+01,2.231298e+01,2.221669e+01,2.253275e+01,2.235422e+01,2.253960e+01,2.235422e+01,2.234735e+01,2.253960e+01,2.236797e+01,2.242979e+01,2.236797e+01,2.245039e+01,2.238858e+01,2.238858e+01,2.245725e+01,2.238171e+01,2.235422e+01,2.242979e+01,2.247098e+01,2.256018e+01,2.247098e+01,2.245039e+01,2.246412e+01,2.245725e+01,2.255332e+01,2.245725e+01,2.256018e+01,2.251902e+01,2.256018e+01,2.245039e+01,2.252588e+01,2.262189e+01,2.251216e+01,2.248471e+01,2.254646e+01,2.240919e+01,2.263560e+01,2.250530e+01,2.251216e+01,2.249844e+01,2.251216e+01,2.241605e+01,2.242979e+01,2.238858e+01,2.234048e+01,2.236797e+01,2.249158e+01,2.231986e+01,2.246412e+01,2.238858e+01,2.241605e+01,2.249158e+01,2.253275e+01,2.246412e+01,2.246412e+01,2.252588e+01,2.252588e+01,2.247098e+01,2.249158e+01,2.250530e+01,2.254646e+01,2.256704e+01,2.241605e+01,2.245725e+01,2.242979e+01,2.253275e+01,2.251216e+01,2.260818e+01,2.238858e+01,2.253960e+01,2.245725e+01,2.249158e+01,2.247098e+01,2.253275e+01,2.256018e+01,2.241605e+01,2.240919e+01,2.243666e+01,2.263560e+01,2.244352e+01,2.236797e+01,2.249158e+01,2.258076e+01,2.249158e+01,2.236110e+01,2.249844e+01,2.250530e+01,2.235422e+01,2.269041e+01,2.252588e+01,2.269726e+01,2.240232e+01,2.229235e+01,2.236110e+01,2.225109e+01,2.234735e+01,2.266986e+01,2.260132e+01,2.269726e+01,2.261503e+01,2.259447e+01,2.271096e+01,2.261503e+01,2.277257e+01,2.286151e+01,2.283415e+01,2.282731e+01,2.306645e+01,2.301867e+01,2.305963e+01,2.316195e+01,2.316195e+01,2.327099e+01,2.333228e+01,2.356346e+01,2.350911e+01,2.356346e+01,2.364493e+01,2.373990e+01,2.375346e+01,2.384833e+01,2.388896e+01,2.384155e+01,2.396341e+01,2.395664e+01,2.403105e+01,2.399723e+01,2.401752e+01,2.401076e+01,2.405133e+01,2.401076e+01,2.392958e+01,2.392958e+01,2.391604e+01,2.395664e+01,2.394988e+01,2.388896e+01,2.382801e+01,2.388219e+01,2.373312e+01,2.390927e+01,2.389573e+01,2.383478e+01,2.398371e+01,2.402428e+01,2.413917e+01,2.415943e+01,2.411215e+01,2.428092e+01,2.442921e+01,2.440226e+01,2.464452e+01,2.471844e+01,2.498007e+01,2.516082e+01,2.530787e+01,2.542802e+01,2.576108e+01,2.580097e+01,2.596041e+01,2.601350e+01,2.607319e+01,2.621235e+01,2.639100e+01,2.635133e+01,2.627194e+01,2.629841e+01,2.643727e+01,2.633149e+01,2.632487e+01,2.641084e+01,2.638439e+01,2.641744e+01,2.640422e+01,2.641084e+01,2.644388e+01,2.643727e+01,2.643727e+01,2.637117e+01,2.637778e+01,2.634472e+01,2.633810e+01,2.640422e+01,2.635794e+01,2.637778e+01,2.639100e+01,2.634472e+01,2.633810e+01,2.637117e+01,2.618586e+01,2.618586e+01,2.622560e+01,2.621898e+01,2.598696e+01,2.594713e+01,2.497337e+01,2.429441e+01,2.418644e+01,2.434835e+01,2.449654e+01,2.473187e+01,2.493316e+01,2.512737e+01,2.534126e+01,2.539466e+01,2.561466e+01,2.538799e+01,2.561466e+01,2.570786e+01,2.554804e+01,2.558802e+01,2.553472e+01,2.546138e+01,2.543469e+01,2.525442e+01,2.522768e+01,2.499347e+01,2.498007e+01,2.490634e+01,2.449654e+01,2.466469e+01,2.463780e+01,2.469156e+01,2.494656e+01,2.506713e+01,2.536796e+01,2.549472e+01,2.569455e+01,2.548805e+01,2.592057e+01,2.592721e+01,2.594713e+01,2.609309e+01,2.611960e+01,2.613948e+01,2.615274e+01,2.621235e+01,2.615936e+01,2.615274e+01,2.613948e+01,2.611960e+01,2.618586e+01,2.619248e+01,2.605993e+01,2.605993e+01,2.590729e+01,2.574778e+01,2.581427e+01,2.572782e+01,2.570121e+01,2.572782e+01,2.552805e+01,2.555471e+01,2.541468e+01,2.536796e+01,2.522100e+01,2.519426e+01,2.514744e+01,2.495326e+01,2.497337e+01,2.483256e+01,2.489964e+01,2.487952e+01,2.478558e+01,2.475201e+01,2.455710e+01,2.477887e+01,2.476544e+01,2.492645e+01,2.477216e+01,2.478558e+01,2.473858e+01,2.452346e+01,2.449654e+01,2.431464e+01,2.419994e+01,2.403105e+01,2.389573e+01,2.399047e+01,2.376024e+01,2.351590e+01,2.344793e+01,2.347513e+01,2.346153e+01,2.321649e+01,2.329823e+01,2.314150e+01,2.330504e+01,2.354308e+01,2.338672e+01,2.336630e+01,2.314832e+01,2.278626e+01,2.278626e+01,2.264930e+01,2.263560e+01,2.258076e+01,2.269726e+01,2.257390e+01,2.268356e+01,2.258076e+01,2.269041e+01,2.266986e+01,2.257390e+01,2.252588e+01,2.260818e+01,2.256704e+01,2.259447e+01,2.258076e+01,2.256018e+01,2.247785e+01,2.250530e+01,2.248471e+01,2.245039e+01,2.245725e+01,2.246412e+01,2.240919e+01,2.252588e+01,2.243666e+01,2.250530e+01,2.238171e+01,2.240232e+01,2.238171e+01,2.242979e+01,2.247785e+01,2.247785e+01,2.245725e+01,2.253275e+01,2.249844e+01,2.251216e+01,2.247098e+01,2.242979e+01,2.241605e+01,2.242979e+01,2.231986e+01,2.240919e+01,2.249844e+01,2.242979e+01,2.251902e+01,2.237484e+01,2.237484e+01,2.243666e+01,2.241605e+01,2.245725e+01,2.252588e+01,2.245039e+01,2.239545e+01,2.238858e+01,2.234048e+01,2.251216e+01,2.237484e+01,2.238171e+01,2.234048e+01,2.240919e+01,2.240232e+01,2.240919e+01,2.254646e+01,2.246412e+01,2.243666e+01,2.242292e+01,2.227172e+01,2.243666e+01,2.234735e+01,2.241605e+01,2.242979e+01,2.244352e+01,2.243666e+01,2.235422e+01,2.239545e+01,2.235422e+01,2.222357e+01,2.228548e+01,2.230611e+01,2.229923e+01,2.224421e+01,2.235422e+01,2.228548e+01,2.235422e+01,2.224421e+01,2.223045e+01,2.231298e+01,2.231298e+01,2.236797e+01,2.234048e+01,2.233360e+01,2.234048e+01,2.231298e+01,2.231298e+01,2.231298e+01,2.264245e+01,2.247098e+01,2.246412e+01,2.240919e+01,2.233360e+01,2.235422e+01,2.242292e+01,2.233360e+01,2.233360e+01,2.236110e+01,2.209964e+01,2.224421e+01,2.236797e+01,2.231298e+01,2.234735e+01,2.234735e+01,2.236797e+01,2.240919e+01,2.245725e+01,2.241605e+01,2.225109e+01,2.239545e+01,2.238171e+01,2.231986e+01,2.239545e+01,2.236797e+01,2.227172e+01,2.223733e+01,2.223733e+01,2.227860e+01,2.220981e+01,2.218916e+01,2.223045e+01,2.229235e+01,2.227172e+01,2.226485e+01,2.218916e+01,2.231986e+01,2.243666e+01,2.241605e+01,2.244352e+01,2.225797e+01,2.221669e+01,2.228548e+01,2.224421e+01,2.214785e+01,2.225797e+01,2.219604e+01,2.236110e+01,2.229235e+01,2.220292e+01,2.217539e+01,2.232673e+01,2.228548e+01,2.235422e+01,2.219604e+01,2.216851e+01,2.231986e+01,2.235422e+01,2.231298e+01,2.234735e+01,2.219604e+01,2.222357e+01,2.209964e+01,2.229235e+01,2.221669e+01,2.224421e+01,2.215474e+01,2.215474e+01,2.212719e+01,2.214785e+01,2.215474e+01,2.205140e+01,2.224421e+01,2.218916e+01,2.219604e+01,2.217539e+01,2.216162e+01,2.228548e+01,2.219604e+01,2.227860e+01,2.264930e+01,2.252588e+01,2.254646e+01,2.266986e+01,2.256704e+01,2.242979e+01,2.250530e+01,2.259447e+01,2.243666e+01,2.253960e+01,2.252588e+01,2.252588e+01,2.247098e+01,2.249158e+01,2.249844e+01,2.238858e+01,2.254646e+01,2.256704e+01,2.255332e+01,2.251902e+01,2.247098e+01,2.255332e+01,2.249158e+01
2.442921e+01,2.438878e+01,2.452346e+01,2.441573e+01,2.438878e+01,2.443594e+01,2.436183e+01,2.432812e+01,2.419319e+01,2.413917e+01,2.409864e+01,2.426743e+01,2.405809e+01,2.409188e+01,2.417294e+01,2.406485e+01,2.395664e+01,2.409864e+01,2.386187e+01,2.388219e+01,2.382123e+01,2.386187e+01,2.377380e+01,2.372634e+01,2.359741e+01,2.354308e+01,2.349552e+01,2.350231e+01,2.346833e+01,2.346833e+01,2.328461e+01,2.329823e+01,2.317559e+01,2.310739e+01,2.310057e+01,2.305963e+01,2.318241e+01,2.319604e+01,2.321649e+01,2.340032e+01,2.340032e+01,2.365172e+01,2.376702e+01,2.393634e+01,2.372634e+01,2.436183e+01,2.415268e+01,2.430790e+01,2.428092e+01,2.450327e+01,2.444268e+01,2.448308e+01,2.438878e+01,2.448981e+01,2.438878e+01,2.443594e+01,2.451673e+01,2.443594e+01,2.440900e+01,2.448308e+01,2.446288e+01,2.454365e+01,2.457056e+01,2.454365e+01,2.453019e+01,2.463780e+01,2.457056e+01,2.460419e+01,2.469156e+01,2.465124e+01,2.473858e+01,2.461763e+01,2.492645e+01,2.480572e+01,2.476544e+01,2.480572e+01,2.485940e+01,2.480572e+01,2.483927e+01,2.483927e+01,2.498007e+01,2.493986e+01,2.487281e+01,2.495997e+01,2.487952e+01,2.485269e+01,2.485940e+01,2.503366e+01,2.500687e+01,2.491975e+01,2.497337e+01,2.491305e+01,2.493316e+01,2.495326e+01,2.489964e+01,2.474530e+01,2.496667e+01,2.494656e+01,2.474530e+01,2.465124e+01,2.457056e+01,2.412566e+01,2.393634e+01,2.362457e+01,2.310739e+01,2.295720e+01,2.261503e+01,2.236797e+01,2.258076e+01,2.242979e+01,2.236110e+01,2.233360e+01,2.244352e+01,2.236110e+01,2.236797e+01,2.237484e+01,2.236797e+01,2.236110e+01,2.232673e+01,2.239545e+01,2.245039e+01,2.239545e+01,2.247785e+01,2.241605e+01,2.248471e+01,2.223045e+01,2.234735e+01,2.239545e+01,2.234735e+01,2.235422e+01,2.238858e+01,2.242979e+01,2.237484e+01,2.239545e+01,2.240919e+01,2.239545e+01,2.238171e+01,2.238858e+01,2.238171e+01,2.239545e+01,2.229235e+01,2.235422e+01,2.231986e+01,2.234048e+01,2.235422e+01,2.235422e+01,2.233360e+01,2.238171e+01,2.233360e+01,2.235422e+01,2.246412e+01,2.236797e+01,2.234735e+01,2.231298e+01,2.233360e+01,2.229923e+01,2.236110e+01,2.239545e+01,2.227860e+01,2.241605e+01,2.231298e+01,2.237484e+01,2.251902e+01,2.220981e+01,2.245725e+01,2.245725e+01,2.246412e+01,2.247098e+01,2.254646e+01,2.246412e+01,2.249844e+01,2.247098e+01,2.244352e+01,2.244352e+01,2.240919e+01,2.242979e+01,2.258076e+01,2.253960e+01,2.245725e+01,2.248471e+01,2.246412e+01,2.248471e+01,2.239545e+01,2.249158e+01,2.260132e+01,2.247785e+01,2.249158e+01,2.247785e+01,2.227860e+01,2.239545e+01,2.232673e+01,2.238171e+01,2.243666e+01,2.238171e+01,2.245725e+01,2.242979e+01,2.245039e+01,2.234048e+01,2.250530e+01,2.238171e+01,2.238171e+01,2.235422e+01,2.234048e+01,2.251902e+01,2.252588e+01,2.251216e+01,2.246412e+01,2.253960e+01,2.251216e+01,2.242292e+01,2.257390e+01,2.252588e+01,2.251216e+01,2.252588e+01,2.242292e+01,2.251216e+01,2.246412e+01,2.249844e+01,2.245039e+01,2.242979e+01,2.247785e+01,2.247098e+01,2.235422e+01,2.247785e+01,2.240919e+01,2.240232e+01,2.258761e+01,2.238171e+01,2.245039e+01,2.252588e+01,2.249158e+01,2.254646e+01,2.250530e+01,2.249158e+01,2.254646e+01,2.248471e+01,2.254646e+01,2.253960e+01,2.253960e+01,2.237484e+01,2.234048e+01,2.229923e+01,2.231986e+01,2.256704e+01,2.260132e+01,2.258076e+01,2.273835e+01,2.273835e+01,2.260818e+01,2.258076e+01,2.279995e+01,2.277257e+01,2.281363e+01,2.284783e+01,2.295720e+01,2.308693e+01,2.299818e+01,2.315514e+01,2.319604e+01,2.328461e+01,2.334589e+01,2.348192e+01,2.359741e+01,2.361099e+01,2.356346e+01,2.373312e+01,2.382123e+01,2.391604e+01,2.401752e+01,2.389573e+01,2.401076e+01,2.388219e+01,2.398371e+01,2.398371e+01,2.402428e+01,2.404457e+01,2.399723e+01,2.390927e+01,2.386187e+01,2.399047e+01,2.380768e+01,2.372634e+01,2.377380e+01,2.378057e+01,2.374668e+01,2.380091e+01,2.383478e+01,2.386865e+01,2.389573e+01,2.390250e+01,2.416619e+01,2.409864e+01,2.413242e+01,2.417969e+01,2.409864e+01,2.420670e+01,2.442247e+01,2.457728e+01,2.464452e+01,2.473187e+01,2.514075e+01,2.516082e+01,2.536129e+01,2.564130e+01,2.554804e+01,2.585415e+01,2.600686e+01,2.612623e+01,2.622560e+01,2.617924e+01,2.620573e+01,2.633149e+01,2.628517e+01,2.637117e+01,2.640422e+01,2.647031e+01,2.640422e+01,2.641744e+01,2.639761e+01,2.641744e+01,2.659575e+01,2.641744e+01,2.658255e+01,2.647031e+01,2.642405e+01,2.640422e+01,2.629179e+01,2.632487e+01,2.635794e+01,2.634472e+01,2.639761e+01,2.645709e+01,2.628517e+01,2.619248e+01,2.618586e+01,2.615936e+01,2.620573e+01,2.617261e+01,2.604667e+01,2.602013e+01,2.598032e+01,2.567459e+01,2.498677e+01,2.432138e+01,2.430790e+01,2.434835e+01,2.439552e+01,2.469828e+01,2.471844e+01,2.519426e+01,2.534126e+01,2.535461e+01,2.549472e+01,2.570786e+01,2.562132e+01,2.570786e+01,2.567459e+01,2.552805e+01,2.562132e+01,2.540133e+01,2.541468e+01,2.534126e+01,2.528782e+01,2.524105e+01,2.498007e+01,2.498677e+01,2.464452e+01,2.479901e+01,2.481914e+01,2.475873e+01,2.505375e+01,2.515413e+01,2.526778e+01,2.555471e+01,2.571451e+01,2.585415e+01,2.593385e+01,2.594049e+01,2.609971e+01,2.603340e+01,2.614611e+01,2.627194e+01,2.622560e+01,2.613948e+01,2.633149e+01,2.633810e+01,2.612623e+01,2.626532e+01,2.613948e+01,2.603340e+01,2.603340e+01,2.607319e+01,2.605993e+01,2.592721e+01,2.585415e+01,2.573447e+01,2.560134e+01,2.568790e+01,2.562132e+01,2.563464e+01,2.548138e+01,2.547471e+01,2.540133e+01,2.540133e+01,2.518757e+01,2.495997e+01,2.495326e+01,2.491975e+01,2.487952e+01,2.475873e+01,2.482585e+01,2.475201e+01,2.488622e+01,2.479901e+01,2.470500e+01,2.490634e+01,2.484598e+01,2.478558e+01,2.469828e+01,2.451673e+01,2.436183e+01,2.442921e+01,2.434161e+01,2.426068e+01,2.407161e+01,2.392958e+01,2.401752e+01,2.346153e+01,2.348192e+01,2.350231e+01,2.348872e+01,2.324374e+01,2.324374e+01,2.314150e+01,2.348872e+01,2.352949e+01,2.358383e+01,2.354987e+01,2.332547e+01,2.286151e+01,2.287519e+01,2.266301e+01,2.262189e+01,2.260132e+01,2.263560e+01,2.258761e+01,2.256704e+01,2.257390e+01,2.265615e+01,2.269726e+01,2.266986e+01,2.264245e+01,2.257390e+01,2.260818e+01,2.260132e+01,2.248471e+01,2.255332e+01,2.255332e+01,2.258076e+01,2.266986e+01,2.249158e+01,2.248471e+01,2.247785e+01,2.240232e+01,2.243666e+01,2.238858e+01,2.248471e+01,2.243666e+01,2.246412e+01,2.253275e+01,2.252588e+01,2.255332e+01,2.257390e+01,2.249158e+01,2.242292e+01,2.240919e+01,2.248471e+01,2.245725e+01,2.252588e+01,2.245725e+01,2.261503e+01,2.238858e+01,2.249844e+01,2.236797e+01,2.251216e+01,2.249158e+01,2.251216e+01,2.247098e+01,2.241605e+01,2.252588e+01,2.245039e+01,2.253960e+01,2.251216e+01,2.241605e+01,2.245725e+01,2.247098e+01,2.241605e+01,2.237484e+01,2.240232e+01,2.230611e+01,2.238171e+01,2.251902e+01,2.249844e+01,2.240919e+01,2.247098e+01,2.247785e+01,2.243666e+01,2.241605e+01,2.231986e+01,2.242979e+01,2.242979e+01,2.244352e+01,2.241605e+01,2.248471e+01,2.236110e+01,2.249158e+01,2.239545e+01,2.239545e+01,2.238858e+01,2.238858e+01,2.225109e+01,2.238171e+01,2.230611e+01,2.226485e+01,2.236797e+01,2.235422e+01,2.235422e+01,2.239545e+01,2.240232e+01,2.240232e+01,2.234735e+01,2.235422e+01,2.229923e+01,2.225109e+01,2.227172e+01,2.234735e+01,2.230611e+01,2.238171e+01,2.242979e+01,2.240232e+01,2.243666e+01,2.240919e+01,2.237484e+01,2.231986e+01,2.232673e+01,2.239545e+01,2.232673e+01,2.238858e+01,2.241605e+01,2.233360e+01,2.251902e+01,2.233360e+01,2.230611e+01,2.236797e+01,2.234048e+01,2.232673e+01,2.242292e+01,2.240232e+01,2.231986e+01,2.230611e+01,2.234735e+01,2.223733e+01,2.229235e+01,2.226485e+01,2.225109e+01,2.229235e+01,2.227860e+01,2.228548e+01,2.220981e+01,2.246412e+01,2.226485e+01,2.221669e+01,2.214096e+01,2.233360e+01,2.221669e+01,2.218228e+01,2.222357e+01,2.227172e+01,2.216162e+01,2.222357e+01,2.225109e+01,2.218916e+01,2.237484e+01,2.210653e+01,2.225797e+01,2.226485e+01,2.234048e+01,2.220292e+01,2.220981e+01,2.229923e+01,2.234735e+01,2.225109e+01,2.237484e+01,2.217539e+01,2.233360e+01,2.221669e+01,2.207897e+01,2.221669e+01,2.217539e+01,2.213408e+01,2.213408e+01,2.225797e+01,2.223733e+01,2.218228e+01,2.212030e+01,2.216162e+01,2.211341e+01,2.213408e+01,2.207897e+01,2.206518e+01,2.218916e+01,2.218228e+01,2.222357e+01,2.220981e+01,2.212030e+01,2.223045e+01,2.218228e+01,2.233360e+01,2.236797e+01,2.266986e+01,2.270411e+01,2.253275e+01,2.264245e+01,2.260132e+01,2.249158e+01,2.261503e+01,2.256018e+01,2.253275e+01,2.256704e+01,2.259447e+01,2.261503e+01,2.256018e+01,2.255332e+01,2.253275e+01,2.253275e+01,2.258076e+01,2.262189e+01,2.266986e+01,2.262874e+01,2.252588e+01
2.438878e+01,2.440900e+01,2.442247e+01,2.431464e+01,2.440226e+01,2.434835e+01,2.437531e+01,2.419319e+01,2.434161e+01,2.419319e+01,2.423369e+01,2.424044e+01,2.413917e+01,2.405133e+01,2.410540e+01,2.390250e+01,2.388896e+01,2.388219e+01,2.387542e+01,2.386187e+01,2.382123e+01,2.385510e+01,2.379413e+01,2.374668e+01,2.357025e+01,2.357025e+01,2.346833e+01,2.348872e+01,2.331866e+01,2.318241e+01,2.315514e+01,2.318923e+01,2.319604e+01,2.305280e+01,2.311422e+01,2.288886e+01,2.301184e+01,2.288886e+01,2.295037e+01,2.299135e+01,2.314150e+01,2.335269e+01,2.362457e+01,2.354308e+01,2.368564e+01,2.369921e+01,2.397694e+01,2.407837e+01,2.424719e+01,2.442247e+01,2.439552e+01,2.426068e+01,2.434835e+01,2.447635e+01,2.434161e+01,2.436857e+01,2.444268e+01,2.442921e+01,2.453019e+01,2.448308e+01,2.448308e+01,2.459073e+01,2.449654e+01,2.454365e+01,2.454365e+01,2.457728e+01,2.485940e+01,2.472515e+01,2.469828e+01,2.475201e+01,2.473187e+01,2.475201e+01,2.480572e+01,2.476544e+01,2.475873e+01,2.475873e+01,2.480572e+01,2.479901e+01,2.493316e+01,2.485940e+01,2.490634e+01,2.502026e+01,2.498677e+01,2.495997e+01,2.500687e+01,2.503366e+01,2.487952e+01,2.478558e+01,2.485940e+01,2.484598e+01,2.477887e+01,2.497337e+01,2.489293e+01,2.487952e+01,2.487281e+01,2.492645e+01,2.487281e+01,2.467813e+01,2.463108e+01,2.434161e+01,2.403105e+01,2.365172e+01,2.325737e+01,2.306645e+01,2.269041e+01,2.258076e+01,2.250530e+01,2.251902e+01,2.252588e+01,2.249158e+01,2.244352e+01,2.231298e+01,2.241605e+01,2.236797e+01,2.234735e+01,2.240919e+01,2.236110e+01,2.240919e+01,2.237484e+01,2.242292e+01,2.238858e+01,2.246412e+01,2.238858e+01,2.237484e+01,2.234735e+01,2.230611e+01,2.234735e+01,2.242292e+01,2.249844e+01,2.241605e+01,2.242292e+01,2.242292e+01,2.229923e+01,2.230611e+01,2.229235e+01,2.238858e+01,2.239545e+01,2.239545e+01,2.228548e+01,2.240919e+01,2.236797e+01,2.245039e+01,2.243666e+01,2.240919e+01,2.231986e+01,2.231986e+01,2.249844e+01,2.221669e+01,2.231986e+01,2.238171e+01,2.227860e+01,2.234735e+01,2.238858e+01,2.233360e+01,2.231986e+01,2.236797e+01,2.234735e+01,2.238171e+01,2.239545e+01,2.230611e+01,2.254646e+01,2.253960e+01,2.256018e+01,2.258076e+01,2.242292e+01,2.243666e+01,2.246412e+01,2.256704e+01,2.244352e+01,2.243666e+01,2.245039e+01,2.249158e+01,2.242979e+01,2.247785e+01,2.249844e+01,2.247785e+01,2.242979e+01,2.248471e+01,2.245039e+01,2.247785e+01,2.246412e+01,2.242979e+01,2.251902e+01,2.247098e+01,2.245039e+01,2.238858e+01,2.243666e+01,2.244352e+01,2.237484e+01,2.232673e+01,2.224421e+01,2.225797e+01,2.239545e+01,2.240232e+01,2.245039e+01,2.233360e+01,2.242979e+01,2.234735e+01,2.241605e+01,2.240919e+01,2.249844e+01,2.238171e+01,2.248471e+01,2.249158e+01,2.245039e+01,2.242292e+01,2.242979e+01,2.245039e+01,2.238858e+01,2.242979e+01,2.256704e+01,2.256018e+01,2.247098e+01,2.251902e+01,2.253275e+01,2.235422e+01,2.247785e+01,2.248471e+01,2.247785e+01,2.244352e+01,2.243666e+01,2.246412e+01,2.235422e+01,2.234735e+01,2.239545e+01,2.240919e+01,2.239545e+01,2.239545e+01,2.242979e+01,2.249844e+01,2.234048e+01,2.251216e+01,2.251216e+01,2.247098e+01,2.250530e+01,2.247098e+01,2.247785e+01,2.255332e+01,2.255332e+01,2.234048e+01,2.202383e+01,2.220981e+01,2.216851e+01,2.231298e+01,2.256704e+01,2.258076e+01,2.268356e+01,2.263560e+01,2.275888e+01,2.266301e+01,2.276573e+01,2.279310e+01,2.282047e+01,2.281363e+01,2.299818e+01,2.290937e+01,2.298452e+01,2.298452e+01,2.316877e+01,2.334589e+01,2.333228e+01,2.339352e+01,2.352949e+01,2.366529e+01,2.367886e+01,2.365172e+01,2.380768e+01,2.378057e+01,2.401076e+01,2.400400e+01,2.381446e+01,2.400400e+01,2.401076e+01,2.399047e+01,2.401752e+01,2.392281e+01,2.389573e+01,2.403105e+01,2.373312e+01,2.390927e+01,2.381446e+01,2.378735e+01,2.369921e+01,2.375346e+01,2.371277e+01,2.375346e+01,2.388219e+01,2.373312e+01,2.387542e+01,2.387542e+01,2.392281e+01,2.391604e+01,2.415268e+01,2.415268e+01,2.414593e+01,2.422694e+01,2.439552e+01,2.437531e+01,2.462436e+01,2.495326e+01,2.500017e+01,2.513406e+01,2.529451e+01,2.536796e+01,2.554804e+01,2.592057e+01,2.600023e+01,2.604667e+01,2.609309e+01,2.617261e+01,2.622560e+01,2.627194e+01,2.630502e+01,2.642405e+01,2.638439e+01,2.641744e+01,2.639761e+01,2.639761e+01,2.645049e+01,2.645709e+01,2.652314e+01,2.645049e+01,2.660895e+01,2.675399e+01,2.651654e+01,2.639100e+01,2.643727e+01,2.635133e+01,2.633149e+01,2.634472e+01,2.638439e+01,2.639761e+01,2.617261e+01,2.631826e+01,2.630502e+01,2.623222e+01,2.622560e+01,2.622560e+01,2.621235e+01,2.597368e+01,2.580097e+01,2.559468e+01,2.496667e+01,2.430115e+01,2.432812e+01,2.436857e+01,2.444268e+01,2.469828e+01,2.511399e+01,2.514744e+01,2.534793e+01,2.536129e+01,2.544804e+01,2.544804e+01,2.559468e+01,2.564130e+01,2.562798e+01,2.572782e+01,2.557470e+01,2.540801e+01,2.550139e+01,2.533458e+01,2.524773e+01,2.519426e+01,2.517419e+01,2.498007e+01,2.479901e+01,2.485940e+01,2.500687e+01,2.488622e+01,2.523437e+01,2.526778e+01,2.535461e+01,2.557470e+01,2.554804e+01,2.554804e+01,2.588072e+01,2.594049e+01,2.605993e+01,2.617261e+01,2.606656e+01,2.611960e+01,2.610634e+01,2.624546e+01,2.631826e+01,2.631164e+01,2.613948e+01,2.609971e+01,2.594713e+01,2.606656e+01,2.602677e+01,2.588736e+01,2.585415e+01,2.586743e+01,2.587408e+01,2.574113e+01,2.572782e+01,2.582092e+01,2.573447e+01,2.544804e+01,2.545471e+01,2.544137e+01,2.542135e+01,2.528782e+01,2.520094e+01,2.522768e+01,2.493316e+01,2.497337e+01,2.477216e+01,2.472515e+01,2.483927e+01,2.486610e+01,2.491305e+01,2.485269e+01,2.479901e+01,2.480572e+01,2.473187e+01,2.492645e+01,2.469156e+01,2.456383e+01,2.449654e+01,2.432138e+01,2.426743e+01,2.422019e+01,2.415943e+01,2.400400e+01,2.373990e+01,2.351590e+01,2.344113e+01,2.333908e+01,2.333228e+01,2.329823e+01,2.316877e+01,2.320286e+01,2.346833e+01,2.353629e+01,2.354308e+01,2.354308e+01,2.317559e+01,2.288202e+01,2.273150e+01,2.273835e+01,2.264930e+01,2.262874e+01,2.264245e+01,2.258761e+01,2.261503e+01,2.256018e+01,2.253275e+01,2.246412e+01,2.269041e+01,2.258761e+01,2.256018e+01,2.256704e+01,2.260818e+01,2.258761e+01,2.253275e+01,2.253275e+01,2.251902e+01,2.249158e+01,2.245039e+01,2.242979e+01,2.248471e+01,2.252588e+01,2.252588e+01,2.241605e+01,2.240919e+01,2.248471e+01,2.238858e+01,2.247785e+01,2.237484e+01,2.229923e+01,2.243666e+01,2.241605e+01,2.242292e+01,2.246412e+01,2.247098e+01,2.242292e+01,2.236110e+01,2.243666e+01,2.254646e+01,2.242979e+01,2.240232e+01,2.245039e+01,2.245725e+01,2.248471e+01,2.240919e+01,2.249844e+01,2.249158e+01,2.255332e+01,2.249844e+01,2.236110e+01,2.252588e+01,2.247098e+01,2.254646e+01,2.237484e+01,2.238171e+01,2.236797e+01,2.256018e+01,2.240919e+01,2.242979e+01,2.249158e+01,2.249158e+01,2.235422e+01,2.239545e+01,2.237484e+01,2.245039e+01,2.247785e+01,2.237484e+01,2.238171e+01,2.223045e+01,2.244352e+01,2.241605e+01,2.223045e+01,2.219604e+01,2.234048e+01,2.241605e+01,2.233360e+01,2.225109e+01,2.237484e+01,2.238858e+01,2.225797e+01,2.236110e+01,2.220292e+01,2.220292e+01,2.232673e+01,2.228548e+01,2.234735e+01,2.240919e+01,2.227172e+01,2.236110e+01,2.229235e+01,2.227172e+01,2.230611e+01,2.228548e+01,2.232673e+01,2.238858e+01,2.229235e+01,2.238171e+01,2.235422e+01,2.244352e+01,2.228548e+01,2.242292e+01,2.235422e+01,2.238858e+01,2.231986e+01,2.235422e+01,2.231298e+01,2.242979e+01,2.229923e+01,2.235422e+01,2.236797e+01,2.232673e+01,2.227860e+01,2.235422e+01,2.230611e+01,2.229923e+01,2.225109e+01,2.223045e+01,2.238858e+01,2.221669e+01,2.226485e+01,2.232673e+01,2.229923e+01,2.223733e+01,2.227860e+01,2.230611e+01,2.230611e+01,2.227860e+01,2.229923e+01,2.223045e+01,2.225109e+01,2.212030e+01,2.229235e+01,2.226485e+01,2.220292e+01,2.225109e+01,2.234048e+01,2.231298e+01,2.225109e+01,2.220981e+01,2.236110e+01,2.223045e+01,2.216162e+01,2.218916e+01,2.211341e+01,2.219604e+01,2.212030e+01,2.223733e+01,2.200314e+01,2.230611e+01,2.222357e+01,2.218228e+01,2.220292e+01,2.220981e+01,2.214096e+01,2.218916e+01,2.215474e+01,2.223733e+01,2.213408e+01,2.218916e+01,2.212030e+01,2.214096e+01,2.211341e+01,2.218228e+01,2.212719e+01,2.200314e+01,2.214785e+01,2.214785e+01,2.213408e+01,2.216851e+01,2.218228e+01,2.228548e+01,2.203072e+01,2.224421e+01,2.216851e+01,2.223045e+01,2.228548e+01,2.246412e+01,2.256018e+01,2.253960e+01,2.256018e+01,2.262874e+01,2.256704e+01,2.278626e+01,2.260132e+01,2.265615e+01,2.255332e+01,2.256018e+01,2.251216e+01,2.260818e+01,2.260132e+01,2.255332e+01,2.259447e+01,2.261503e+01,2.250530e+01,2.268356e+01,2.255332e+01,2.258076e+01,2.258076e+01
2.433487e+01,2.434835e+01,2.434161e+01,2.442921e+01,2.442247e+01,2.427417e+01,2.438878e+01,2.428766e+01,2.413917e+01,2.428766e+01,2.419994e+01,2.437531e+01,2.428766e+01,2.409188e+01,2.392958e+01,2.389573e+01,2.389573e+01,2.389573e+01,2.388219e+01,2.382123e+01,2.384155e+01,2.375346e+01,2.366529e+01,2.371956e+01,2.350231e+01,2.350231e+01,2.345473e+01,2.348192e+01,2.325737e+01,2.330504e+01,2.328461e+01,2.308693e+01,2.317559e+01,2.319604e+01,2.295037e+01,2.292987e+01,2.294353e+01,2.290253e+01,2.295037e+01,2.297769e+01,2.300501e+01,2.317559e+01,2.305280e+01,2.326418e+01,2.336630e+01,2.358383e+01,2.361778e+01,2.378057e+01,2.394311e+01,2.409864e+01,2.414593e+01,2.434161e+01,2.411891e+01,2.441573e+01,2.437531e+01,2.430790e+01,2.433487e+01,2.448981e+01,2.442247e+01,2.451000e+01,2.455038e+01,2.454365e+01,2.454365e+01,2.463780e+01,2.453019e+01,2.466469e+01,2.474530e+01,2.471172e+01,2.476544e+01,2.478558e+01,2.475873e+01,2.478558e+01,2.476544e+01,2.477887e+01,2.481914e+01,2.485940e+01,2.484598e+01,2.486610e+01,2.501357e+01,2.488622e+01,2.495326e+01,2.495326e+01,2.489293e+01,2.500687e+01,2.498677e+01,2.482585e+01,2.499347e+01,2.491305e+01,2.487952e+01,2.493316e+01,2.495326e+01,2.485940e+01,2.491975e+01,2.496667e+01,2.488622e+01,2.488622e+01,2.483927e+01,2.460419e+01,2.419994e+01,2.392958e+01,2.348192e+01,2.312104e+01,2.307328e+01,2.269726e+01,2.254646e+01,2.245039e+01,2.239545e+01,2.248471e+01,2.253275e+01,2.248471e+01,2.237484e+01,2.245725e+01,2.234048e+01,2.233360e+01,2.246412e+01,2.238858e+01,2.242979e+01,2.235422e+01,2.241605e+01,2.240232e+01,2.238858e+01,2.251216e+01,2.238858e+01,2.238171e+01,2.236110e+01,2.242979e+01,2.238858e+01,2.246412e+01,2.238858e+01,2.227172e+01,2.237484e+01,2.232673e+01,2.232673e+01,2.238171e+01,2.240232e+01,2.230611e+01,2.241605e+01,2.231986e+01,2.240232e+01,2.227860e+01,2.242979e+01,2.237484e+01,2.226485e+01,2.231986e+01,2.246412e+01,2.220981e+01,2.238858e+01,2.245725e+01,2.256704e+01,2.236110e+01,2.235422e+01,2.237484e+01,2.233360e+01,2.231298e+01,2.234735e+01,2.233360e+01,2.234048e+01,2.245039e+01,2.236797e+01,2.246412e+01,2.236797e+01,2.234048e+01,2.219604e+01,2.225109e+01,2.240919e+01,2.247785e+01,2.242292e+01,2.246412e+01,2.238171e+01,2.241605e+01,2.246412e+01,2.251216e+01,2.249158e+01,2.248471e+01,2.241605e+01,2.242979e+01,2.242979e+01,2.247785e+01,2.241605e+01,2.240232e+01,2.238171e+01,2.245039e+01,2.244352e+01,2.245039e+01,2.243666e+01,2.237484e+01,2.246412e+01,2.245039e+01,2.243666e+01,2.232673e+01,2.242292e+01,2.231986e+01,2.236110e+01,2.238858e+01,2.227172e+01,2.232673e+01,2.226485e+01,2.231298e+01,2.229235e+01,2.240232e+01,2.247785e+01,2.249844e+01,2.249158e+01,2.249158e+01,2.244352e+01,2.236797e+01,2.239545e+01,2.234048e+01,2.238171e+01,2.233360e+01,2.231298e+01,2.249158e+01,2.240919e+01,2.256704e+01,2.247098e+01,2.253960e+01,2.246412e+01,2.247785e+01,2.251216e+01,2.249844e+01,2.245725e+01,2.234735e+01,2.242292e+01,2.218916e+01,2.239545e+01,2.235422e+01,2.234048e+01,2.229235e+01,2.229235e+01,2.226485e+01,2.252588e+01,2.235422e+01,2.240232e+01,2.253275e+01,2.241605e+01,2.245039e+01,2.247785e+01,2.249158e+01,2.231986e+01,2.220981e+01,2.206518e+01,2.210653e+01,2.202383e+01,2.223733e+01,2.242979e+01,2.270411e+01,2.257390e+01,2.265615e+01,2.260818e+01,2.267671e+01,2.261503e+01,2.282047e+01,2.282047e+01,2.283415e+01,2.282731e+01,2.279310e+01,2.284099e+01,2.312104e+01,2.329142e+01,2.336630e+01,2.335269e+01,2.335950e+01,2.358383e+01,2.348192e+01,2.357704e+01,2.369921e+01,2.378057e+01,2.389573e+01,2.398371e+01,2.398371e+01,2.398371e+01,2.399723e+01,2.398371e+01,2.399047e+01,2.402428e+01,2.392958e+01,2.391604e+01,2.387542e+01,2.384155e+01,2.382801e+01,2.369242e+01,2.371956e+01,2.374668e+01,2.367207e+01,2.380768e+01,2.363136e+01,2.371956e+01,2.382801e+01,2.376024e+01,2.386865e+01,2.387542e+01,2.384155e+01,2.390927e+01,2.413242e+01,2.416619e+01,2.410540e+01,2.440226e+01,2.440900e+01,2.457728e+01,2.487281e+01,2.503366e+01,2.533458e+01,2.532122e+01,2.538799e+01,2.578768e+01,2.577438e+01,2.601350e+01,2.578768e+01,2.621235e+01,2.619911e+01,2.622560e+01,2.640422e+01,2.628517e+01,2.630502e+01,2.642405e+01,2.633149e+01,2.641084e+01,2.641744e+01,2.641744e+01,2.635794e+01,2.639761e+01,2.637117e+01,2.640422e+01,2.652975e+01,2.638439e+01,2.639100e+01,2.632487e+01,2.637778e+01,2.631826e+01,2.638439e+01,2.643727e+01,2.633149e+01,2.630502e+01,2.631826e+01,2.629841e+01,2.618586e+01,2.622560e+01,2.624546e+01,2.621235e+01,2.612623e+01,2.586743e+01,2.563464e+01,2.495326e+01,2.432812e+01,2.422694e+01,2.438205e+01,2.440226e+01,2.468484e+01,2.499347e+01,2.505375e+01,2.540801e+01,2.537464e+01,2.550139e+01,2.562132e+01,2.554138e+01,2.562798e+01,2.548805e+01,2.554804e+01,2.545471e+01,2.542135e+01,2.546805e+01,2.539466e+01,2.531454e+01,2.517419e+01,2.502696e+01,2.513406e+01,2.497337e+01,2.498007e+01,2.495326e+01,2.504705e+01,2.507383e+01,2.518088e+01,2.520763e+01,2.550805e+01,2.570121e+01,2.581427e+01,2.591393e+01,2.607982e+01,2.611297e+01,2.630502e+01,2.594049e+01,2.611960e+01,2.610634e+01,2.613286e+01,2.597368e+01,2.615274e+01,2.613286e+01,2.607319e+01,2.599359e+01,2.590065e+01,2.600023e+01,2.602013e+01,2.594049e+01,2.584085e+01,2.572782e+01,2.570786e+01,2.565462e+01,2.556137e+01,2.568124e+01,2.565462e+01,2.544137e+01,2.562132e+01,2.539466e+01,2.536129e+01,2.514744e+01,2.502026e+01,2.500687e+01,2.490634e+01,2.481243e+01,2.493316e+01,2.484598e+01,2.488622e+01,2.480572e+01,2.471844e+01,2.478558e+01,2.469828e+01,2.483256e+01,2.490634e+01,2.448308e+01,2.463780e+01,2.442921e+01,2.446961e+01,2.423369e+01,2.422019e+01,2.408512e+01,2.395664e+01,2.384833e+01,2.374668e+01,2.348872e+01,2.348192e+01,2.348192e+01,2.330504e+01,2.316195e+01,2.319604e+01,2.324374e+01,2.354987e+01,2.354987e+01,2.356346e+01,2.315514e+01,2.283415e+01,2.292303e+01,2.260818e+01,2.263560e+01,2.258761e+01,2.263560e+01,2.267671e+01,2.258076e+01,2.245039e+01,2.263560e+01,2.247098e+01,2.266986e+01,2.253960e+01,2.260818e+01,2.265615e+01,2.258761e+01,2.261503e+01,2.258076e+01,2.251902e+01,2.253275e+01,2.260818e+01,2.252588e+01,2.246412e+01,2.252588e+01,2.252588e+01,2.250530e+01,2.251902e+01,2.242292e+01,2.247098e+01,2.237484e+01,2.239545e+01,2.240919e+01,2.241605e+01,2.256018e+01,2.243666e+01,2.229235e+01,2.244352e+01,2.238858e+01,2.242292e+01,2.243666e+01,2.239545e+01,2.245725e+01,2.258076e+01,2.245725e+01,2.240232e+01,2.247098e+01,2.219604e+01,2.220292e+01,2.250530e+01,2.252588e+01,2.235422e+01,2.243666e+01,2.244352e+01,2.246412e+01,2.243666e+01,2.251216e+01,2.236797e+01,2.237484e+01,2.239545e+01,2.238171e+01,2.247098e+01,2.242979e+01,2.241605e+01,2.241605e+01,2.241605e+01,2.241605e+01,2.244352e+01,2.235422e+01,2.234048e+01,2.242979e+01,2.239545e+01,2.238171e+01,2.238858e+01,2.234735e+01,2.242292e+01,2.223045e+01,2.240919e+01,2.231298e+01,2.229235e+01,2.226485e+01,2.236797e+01,2.228548e+01,2.237484e+01,2.238858e+01,2.236797e+01,2.235422e+01,2.236797e+01,2.234048e+01,2.241605e+01,2.236797e+01,2.236797e+01,2.237484e+01,2.240232e+01,2.226485e+01,2.228548e+01,2.228548e+01,2.235422e+01,2.229235e+01,2.235422e+01,2.227860e+01,2.223733e+01,2.240232e+01,2.238858e+01,2.240232e+01,2.231298e+01,2.242979e+01,2.231986e+01,2.234048e+01,2.238171e+01,2.242292e+01,2.239545e+01,2.234735e+01,2.234735e+01,2.238171e+01,2.235422e+01,2.238171e+01,2.226485e+01,2.236797e+01,2.237484e+01,2.235422e+01,2.223733e+01,2.222357e+01,2.232673e+01,2.229923e+01,2.229923e+01,2.223733e+01,2.229235e+01,2.219604e+01,2.234735e+01,2.225109e+01,2.217539e+01,2.229923e+01,2.216162e+01,2.216162e+01,2.221669e+01,2.229235e+01,2.224421e+01,2.225797e+01,2.227860e+01,2.222357e+01,2.227860e+01,2.223045e+01,2.220981e+01,2.223045e+01,2.226485e+01,2.207897e+01,2.225109e+01,2.223045e+01,2.231986e+01,2.227860e+01,2.219604e+01,2.207897e+01,2.204451e+01,2.225797e+01,2.226485e+01,2.218228e+01,2.218916e+01,2.221669e+01,2.221669e+01,2.225797e+01,2.218916e+01,2.225109e+01,2.224421e+01,2.224421e+01,2.211341e+01,2.223045e+01,2.216851e+01,2.198245e+01,2.214785e+01,2.219604e+01,2.216851e+01,2.215474e+01,2.214785e+01,2.206518e+01,2.209964e+01,2.212030e+01,2.220292e+01,2.222357e+01,2.224421e+01,2.251216e+01,2.245725e+01,2.252588e+01,2.251216e+01,2.252588e+01,2.257390e+01,2.260818e+01,2.256704e+01,2.256018e+01,2.255332e+01,2.261503e+01,2.260818e+01,2.243666e+01,2.258076e+01,2.252588e+01,2.251216e+01,2.255332e+01,2.251216e+01,2.241605e+01,2.260132e+01,2.258761e+01,2.262189e+01
2.434835e+01,2.434835e+01,2.439552e+01,2.437531e+01,2.429441e+01,2.429441e+01,2.432138e+01,2.422694e+01,2.422019e+01,2.417969e+01,2.419994e+01,2.412566e+01,2.417969e+01,2.402428e+01,2.393634e+01,2.385510e+01,2.392281e+01,2.388219e+01,2.390250e+01,2.373312e+01,2.384155e+01,2.373312e+01,2.354308e+01,2.369242e+01,2.349552e+01,2.350911e+01,2.355667e+01,2.336630e+01,2.344113e+01,2.325737e+01,2.318241e+01,2.312104e+01,2.294353e+01,2.311422e+01,2.305280e+01,2.288886e+01,2.284099e+01,2.275888e+01,2.282731e+01,2.272465e+01,2.302550e+01,2.280679e+01,2.288886e+01,2.310057e+01,2.305280e+01,2.313468e+01,2.334589e+01,2.336630e+01,2.361778e+01,2.365172e+01,2.384155e+01,2.401752e+01,2.404457e+01,2.403781e+01,2.406485e+01,2.426743e+01,2.424044e+01,2.422019e+01,2.442247e+01,2.449654e+01,2.436857e+01,2.459073e+01,2.454365e+01,2.452346e+01,2.452346e+01,2.446288e+01,2.476544e+01,2.463108e+01,2.474530e+01,2.479230e+01,2.471844e+01,2.474530e+01,2.477216e+01,2.480572e+01,2.483256e+01,2.485940e+01,2.484598e+01,2.483927e+01,2.474530e+01,2.495997e+01,2.500687e+01,2.493986e+01,2.488622e+01,2.494656e+01,2.504705e+01,2.483927e+01,2.480572e+01,2.474530e+01,2.495997e+01,2.479230e+01,2.494656e+01,2.493316e+01,2.489964e+01,2.494656e+01,2.485269e+01,2.465796e+01,2.451673e+01,2.423369e+01,2.392958e+01,2.348192e+01,2.314150e+01,2.291620e+01,2.271780e+01,2.237484e+01,2.245039e+01,2.238171e+01,2.237484e+01,2.234048e+01,2.236797e+01,2.229235e+01,2.231298e+01,2.235422e+01,2.234048e+01,2.236110e+01,2.240232e+01,2.240919e+01,2.238858e+01,2.244352e+01,2.245725e+01,2.238171e+01,2.251216e+01,2.230611e+01,2.235422e+01,2.238858e+01,2.234048e+01,2.240919e+01,2.221669e+01,2.232673e+01,2.231986e+01,2.231986e+01,2.237484e+01,2.238171e+01,2.240919e+01,2.234048e+01,2.239545e+01,2.238171e+01,2.242292e+01,2.231986e+01,2.242979e+01,2.242979e+01,2.230611e+01,2.247098e+01,2.245725e+01,2.233360e+01,2.245039e+01,2.229923e+01,2.226485e+01,2.219604e+01,2.229923e+01,2.243666e+01,2.243666e+01,2.234735e+01,2.223045e+01,2.232673e+01,2.232673e+01,2.231298e+01,2.235422e+01,2.231986e+01,2.234735e+01,2.232673e+01,2.239545e+01,2.253275e+01,2.245725e+01,2.234735e+01,2.243666e+01,2.241605e+01,2.240919e+01,2.243666e+01,2.238171e+01,2.247098e+01,2.238858e+01,2.242979e+01,2.238171e+01,2.249158e+01,2.241605e+01,2.260132e+01,2.240919e+01,2.244352e+01,2.247098e+01,2.254646e+01,2.252588e+01,2.249158e+01,2.244352e+01,2.230611e+01,2.240919e+01,2.246412e+01,2.229923e+01,2.225797e+01,2.223733e+01,2.237484e+01,2.227172e+01,2.240232e+01,2.227860e+01,2.238858e+01,2.229923e+01,2.229923e+01,2.227860e+01,2.234735e+01,2.236110e+01,2.243666e+01,2.230611e+01,2.215474e+01,2.231298e+01,2.231298e+01,2.238171e+01,2.232673e+01,2.244352e+01,2.236110e+01,2.239545e+01,2.227860e+01,2.241605e+01,2.240232e+01,2.240232e+01,2.245039e+01,2.233360e+01,2.229923e+01,2.238858e+01,2.242979e+01,2.240919e+01,2.230611e+01,2.238858e+01,2.242292e+01,2.235422e+01,2.242979e+01,2.239545e+01,2.233360e+01,2.240232e+01,2.248471e+01,2.246412e+01,2.227172e+01,2.240232e+01,2.234048e+01,2.240919e+01,2.239545e+01,2.244352e+01,2.252588e+01,2.238171e+01,2.238171e+01,2.225109e+01,2.208586e+01,2.184441e+01,2.203761e+01,2.181678e+01,2.219604e+01,2.255332e+01,2.262189e+01,2.264245e+01,2.266986e+01,2.262874e+01,2.260132e+01,2.266301e+01,2.281363e+01,2.274519e+01,2.282731e+01,2.280679e+01,2.286835e+01,2.300501e+01,2.301184e+01,2.318241e+01,2.334589e+01,2.335269e+01,2.344793e+01,2.350231e+01,2.355667e+01,2.348192e+01,2.363814e+01,2.390927e+01,2.378735e+01,2.398371e+01,2.401752e+01,2.403105e+01,2.399723e+01,2.401752e+01,2.399047e+01,2.387542e+01,2.391604e+01,2.396341e+01,2.385510e+01,2.392281e+01,2.378735e+01,2.372634e+01,2.370599e+01,2.368564e+01,2.363814e+01,2.354987e+01,2.369921e+01,2.377380e+01,2.382123e+01,2.376024e+01,2.382801e+01,2.386865e+01,2.389573e+01,2.387542e+01,2.385510e+01,2.414593e+01,2.406485e+01,2.437531e+01,2.445614e+01,2.446961e+01,2.462436e+01,2.502026e+01,2.499347e+01,2.527446e+01,2.552139e+01,2.546805e+01,2.574778e+01,2.605330e+01,2.615936e+01,2.600023e+01,2.616599e+01,2.606656e+01,2.624546e+01,2.637117e+01,2.632487e+01,2.641744e+01,2.645049e+01,2.641084e+01,2.642405e+01,2.649673e+01,2.650333e+01,2.645709e+01,2.642405e+01,2.635133e+01,2.624546e+01,2.631826e+01,2.635794e+01,2.626532e+01,2.631826e+01,2.630502e+01,2.634472e+01,2.638439e+01,2.635794e+01,2.620573e+01,2.635794e+01,2.634472e+01,2.611960e+01,2.613948e+01,2.617261e+01,2.617261e+01,2.598032e+01,2.589401e+01,2.560134e+01,2.502026e+01,2.421344e+01,2.420670e+01,2.438205e+01,2.436857e+01,2.465124e+01,2.508722e+01,2.517419e+01,2.544137e+01,2.544137e+01,2.543469e+01,2.562798e+01,2.556804e+01,2.558802e+01,2.554804e+01,2.558136e+01,2.565462e+01,2.554138e+01,2.540801e+01,2.540133e+01,2.538131e+01,2.532790e+01,2.519426e+01,2.503366e+01,2.504705e+01,2.499347e+01,2.500687e+01,2.495326e+01,2.524105e+01,2.524105e+01,2.527446e+01,2.546138e+01,2.554804e+01,2.570786e+01,2.582756e+01,2.586743e+01,2.592057e+01,2.594713e+01,2.592721e+01,2.610634e+01,2.613286e+01,2.588072e+01,2.595377e+01,2.617261e+01,2.596041e+01,2.597368e+01,2.603340e+01,2.600686e+01,2.592721e+01,2.585415e+01,2.587408e+01,2.584750e+01,2.582092e+01,2.574778e+01,2.566127e+01,2.554138e+01,2.551472e+01,2.558802e+01,2.540133e+01,2.550805e+01,2.552139e+01,2.525442e+01,2.516751e+01,2.521431e+01,2.495997e+01,2.493986e+01,2.474530e+01,2.481243e+01,2.475873e+01,2.475201e+01,2.471844e+01,2.469828e+01,2.478558e+01,2.487281e+01,2.471844e+01,2.474530e+01,2.466469e+01,2.469156e+01,2.461763e+01,2.437531e+01,2.428092e+01,2.426068e+01,2.425393e+01,2.419994e+01,2.376702e+01,2.363136e+01,2.350911e+01,2.348872e+01,2.338672e+01,2.329823e+01,2.317559e+01,2.318241e+01,2.331866e+01,2.336630e+01,2.355667e+01,2.356346e+01,2.317559e+01,2.271096e+01,2.282731e+01,2.263560e+01,2.258761e+01,2.263560e+01,2.267671e+01,2.266986e+01,2.264245e+01,2.260132e+01,2.264930e+01,2.260132e+01,2.257390e+01,2.247785e+01,2.260132e+01,2.256704e+01,2.245039e+01,2.262874e+01,2.247098e+01,2.251216e+01,2.262874e+01,2.253960e+01,2.247785e+01,2.244352e+01,2.245725e+01,2.251216e+01,2.251216e+01,2.253960e+01,2.252588e+01,2.240919e+01,2.248471e+01,2.236797e+01,2.245039e+01,2.239545e+01,2.249158e+01,2.241605e+01,2.249844e+01,2.240232e+01,2.245725e+01,2.242979e+01,2.242292e+01,2.245039e+01,2.252588e+01,2.245725e+01,2.243666e+01,2.239545e+01,2.247785e+01,2.247785e+01,2.250530e+01,2.249844e+01,2.249158e+01,2.237484e+01,2.238171e+01,2.238171e+01,2.246412e+01,2.246412e+01,2.242979e+01,2.242292e+01,2.239545e+01,2.238858e+01,2.252588e+01,2.227860e+01,2.229923e+01,2.248471e+01,2.244352e+01,2.242979e+01,2.243666e+01,2.236110e+01,2.243666e+01,2.241605e+01,2.228548e+01,2.237484e+01,2.233360e+01,2.243666e+01,2.233360e+01,2.243666e+01,2.242292e+01,2.236110e+01,2.229235e+01,2.236110e+01,2.230611e+01,2.238858e+01,2.239545e+01,2.238858e+01,2.238858e+01,2.225109e+01,2.227172e+01,2.234048e+01,2.237484e+01,2.234048e+01,2.225797e+01,2.242979e+01,2.241605e+01,2.242292e+01,2.220292e+01,2.227172e+01,2.249158e+01,2.227172e+01,2.232673e+01,2.230611e+01,2.223045e+01,2.230611e+01,2.238171e+01,2.242292e+01,2.239545e+01,2.228548e+01,2.242292e+01,2.242292e+01,2.240919e+01,2.238171e+01,2.240232e+01,2.232673e+01,2.244352e+01,2.237484e+01,2.236797e+01,2.238171e+01,2.236110e+01,2.232673e+01,2.233360e+01,2.234048e+01,2.228548e+01,2.232673e+01,2.232673e+01,2.234048e+01,2.227172e+01,2.227172e+01,2.222357e+01,2.240232e+01,2.228548e+01,2.235422e+01,2.230611e+01,2.220981e+01,2.220981e+01,2.222357e+01,2.227172e+01,2.224421e+01,2.223045e+01,2.224421e+01,2.223045e+01,2.225109e+01,2.225797e+01,2.226485e+01,2.219604e+01,2.222357e+01,2.224421e+01,2.224421e+01,2.226485e+01,2.225797e+01,2.208586e+01,2.222357e+01,2.228548e+01,2.201004e+01,2.219604e+01,2.217539e+01,2.218228e+01,2.225109e+01,2.218228e+01,2.218228e+01,2.220981e+01,2.222357e+01,2.219604e+01,2.213408e+01,2.215474e+01,2.220981e+01,2.214096e+01,2.218228e+01,2.219604e+01,2.213408e+01,2.212719e+01,2.220981e+01,2.215474e+01,2.217539e+01,2.225109e+01,2.227172e+01,2.212030e+01,2.209964e+01,2.210653e+01,2.220981e+01,2.227172e+01,2.229923e+01,2.255332e+01,2.254646e+01,2.226485e+01,2.256018e+01,2.266986e+01,2.264245e+01,2.260132e+01,2.260818e+01,2.236110e+01,2.258076e+01,2.253275e+01,2.247785e+01,2.240919e+01,2.261503e+01,2.260132e+01,2.260818e+01,2.256018e+01,2.256018e+01,2.266986e+01,2.262189e+01,2.259447e+01,2.264245e+01
2.434835e+01,2.433487e+01,2.432138e+01,2.432812e+01,2.428092e+01,2.441573e+01,2.432812e+01,2.414593e+01,2.414593e+01,2.409188e+01,2.407161e+01,2.428092e+01,2.409864e+01,2.399047e+01,2.406485e+01,2.379413e+01,2.394988e+01,2.371277e+01,2.389573e+01,2.374668e+01,2.361099e+01,2.369242e+01,2.370599e+01,2.346833e+01,2.350911e+01,2.351590e+01,2.342753e+01,2.321649e+01,2.318241e+01,2.319604e+01,2.323012e+01,2.312786e+01,2.308693e+01,2.300501e+01,2.288202e+01,2.297086e+01,2.288886e+01,2.273150e+01,2.263560e+01,2.269041e+01,2.269041e+01,2.283415e+01,2.277257e+01,2.279310e+01,2.300501e+01,2.307328e+01,2.310739e+01,2.312786e+01,2.320286e+01,2.334589e+01,2.361778e+01,2.356346e+01,2.357025e+01,2.388219e+01,2.381446e+01,2.380768e+01,2.411215e+01,2.412566e+01,2.414593e+01,2.442247e+01,2.437531e+01,2.442921e+01,2.455038e+01,2.453692e+01,2.458401e+01,2.448981e+01,2.463780e+01,2.478558e+01,2.485269e+01,2.477216e+01,2.475873e+01,2.469156e+01,2.481914e+01,2.476544e+01,2.489293e+01,2.474530e+01,2.482585e+01,2.477887e+01,2.487952e+01,2.510060e+01,2.508052e+01,2.499347e+01,2.492645e+01,2.503366e+01,2.469828e+01,2.498007e+01,2.495997e+01,2.473187e+01,2.487952e+01,2.487281e+01,2.489964e+01,2.493986e+01,2.458401e+01,2.483927e+01,2.444268e+01,2.418644e+01,2.388896e+01,2.366529e+01,2.320967e+01,2.295037e+01,2.278626e+01,2.266301e+01,2.262874e+01,2.268356e+01,2.249844e+01,2.248471e+01,2.232673e+01,2.234735e+01,2.242292e+01,2.249844e+01,2.237484e+01,2.242292e+01,2.245039e+01,2.239545e+01,2.237484e+01,2.236110e+01,2.239545e+01,2.241605e+01,2.238171e+01,2.248471e+01,2.242292e+01,2.236797e+01,2.242292e+01,2.241605e+01,2.227860e+01,2.228548e+01,2.242292e+01,2.231298e+01,2.242979e+01,2.234048e+01,2.227172e+01,2.228548e+01,2.227172e+01,2.235422e+01,2.239545e+01,2.245039e+01,2.239545e+01,2.234048e+01,2.239545e+01,2.230611e+01,2.230611e+01,2.240919e+01,2.234735e+01,2.227172e+01,2.236797e+01,2.231298e+01,2.240919e+01,2.231298e+01,2.228548e+01,2.233360e+01,2.235422e+01,2.232673e+01,2.227172e+01,2.238858e+01,2.236110e+01,2.231986e+01,2.234048e+01,2.230611e+01,2.250530e+01,2.252588e+01,2.241605e+01,2.238171e+01,2.218916e+01,2.245039e+01,2.236110e+01,2.239545e+01,2.237484e+01,2.240232e+01,2.236110e+01,2.252588e+01,2.245039e+01,2.244352e+01,2.239545e+01,2.256018e+01,2.242979e+01,2.242292e+01,2.250530e+01,2.258761e+01,2.247098e+01,2.256018e+01,2.231986e+01,2.238858e+01,2.250530e+01,2.226485e+01,2.241605e+01,2.223733e+01,2.229235e+01,2.233360e+01,2.236797e+01,2.225109e+01,2.241605e+01,2.227860e+01,2.227172e+01,2.227860e+01,2.234735e+01,2.231986e+01,2.244352e+01,2.215474e+01,2.215474e+01,2.240232e+01,2.233360e+01,2.231298e+01,2.236797e+01,2.227860e+01,2.218228e+01,2.225797e+01,2.240919e+01,2.236110e+01,2.237484e+01,2.236110e+01,2.227172e+01,2.228548e+01,2.237484e+01,2.236797e+01,2.249158e+01,2.245039e+01,2.243666e+01,2.241605e+01,2.242979e+01,2.242292e+01,2.228548e+01,2.247098e+01,2.238171e+01,2.231986e+01,2.240919e+01,2.236110e+01,2.242979e+01,2.234735e+01,2.227172e+01,2.231298e+01,2.224421e+01,2.238858e+01,2.225109e+01,2.245725e+01,2.247098e+01,2.239545e+01,2.245039e+01,2.244352e+01,2.235422e+01,2.209964e+01,2.182369e+01,2.204451e+01,2.207897e+01,2.227860e+01,2.253960e+01,2.258076e+01,2.255332e+01,2.260132e+01,2.263560e+01,2.262874e+01,2.271096e+01,2.281363e+01,2.273150e+01,2.279995e+01,2.280679e+01,2.287519e+01,2.290253e+01,2.311422e+01,2.316195e+01,2.313468e+01,2.335950e+01,2.351590e+01,2.352949e+01,2.359062e+01,2.361099e+01,2.379413e+01,2.372634e+01,2.397694e+01,2.399047e+01,2.404457e+01,2.392281e+01,2.379413e+01,2.398371e+01,2.396341e+01,2.378057e+01,2.390927e+01,2.383478e+01,2.371277e+01,2.380768e+01,2.369242e+01,2.371277e+01,2.367207e+01,2.358383e+01,2.363814e+01,2.361778e+01,2.367886e+01,2.377380e+01,2.373312e+01,2.380091e+01,2.371956e+01,2.373312e+01,2.382801e+01,2.378735e+01,2.392281e+01,2.394311e+01,2.398371e+01,2.409188e+01,2.417294e+01,2.454365e+01,2.460419e+01,2.500017e+01,2.506044e+01,2.514075e+01,2.536796e+01,2.561466e+01,2.600023e+01,2.605330e+01,2.605330e+01,2.608646e+01,2.601350e+01,2.628517e+01,2.607982e+01,2.635133e+01,2.629841e+01,2.643066e+01,2.638439e+01,2.651654e+01,2.652975e+01,2.647031e+01,2.654955e+01,2.653635e+01,2.647691e+01,2.626532e+01,2.646370e+01,2.635794e+01,2.632487e+01,2.640422e+01,2.635794e+01,2.632487e+01,2.647691e+01,2.625208e+01,2.642405e+01,2.623884e+01,2.622560e+01,2.631164e+01,2.628517e+01,2.621235e+01,2.626532e+01,2.601350e+01,2.602013e+01,2.592721e+01,2.562798e+01,2.502026e+01,2.440226e+01,2.427417e+01,2.424044e+01,2.444268e+01,2.461091e+01,2.500017e+01,2.514744e+01,2.536129e+01,2.546805e+01,2.542802e+01,2.556137e+01,2.569455e+01,2.560134e+01,2.558802e+01,2.563464e+01,2.560800e+01,2.562132e+01,2.558802e+01,2.541468e+01,2.530119e+01,2.540133e+01,2.542802e+01,2.514744e+01,2.498677e+01,2.499347e+01,2.482585e+01,2.506713e+01,2.528782e+01,2.524105e+01,2.550805e+01,2.548805e+01,2.552139e+01,2.569455e+01,2.571451e+01,2.575443e+01,2.594049e+01,2.592057e+01,2.594049e+01,2.609971e+01,2.612623e+01,2.604004e+01,2.617924e+01,2.606656e+01,2.606656e+01,2.608646e+01,2.598696e+01,2.586079e+01,2.588072e+01,2.594049e+01,2.584750e+01,2.582092e+01,2.571451e+01,2.572117e+01,2.571451e+01,2.552805e+01,2.552139e+01,2.550805e+01,2.557470e+01,2.542135e+01,2.534126e+01,2.530119e+01,2.514075e+01,2.493986e+01,2.496667e+01,2.481914e+01,2.483256e+01,2.471172e+01,2.475201e+01,2.479230e+01,2.470500e+01,2.484598e+01,2.476544e+01,2.478558e+01,2.490634e+01,2.475873e+01,2.471844e+01,2.447635e+01,2.438878e+01,2.441573e+01,2.428766e+01,2.424719e+01,2.425393e+01,2.419994e+01,2.394311e+01,2.386865e+01,2.348872e+01,2.347513e+01,2.346153e+01,2.333908e+01,2.333908e+01,2.313468e+01,2.331866e+01,2.349552e+01,2.345473e+01,2.354308e+01,2.319604e+01,2.307328e+01,2.278626e+01,2.266301e+01,2.265615e+01,2.265615e+01,2.263560e+01,2.260132e+01,2.251902e+01,2.262189e+01,2.260132e+01,2.262874e+01,2.260132e+01,2.260818e+01,2.251902e+01,2.262874e+01,2.258761e+01,2.244352e+01,2.261503e+01,2.258761e+01,2.266301e+01,2.258076e+01,2.254646e+01,2.252588e+01,2.258076e+01,2.249844e+01,2.259447e+01,2.241605e+01,2.237484e+01,2.251216e+01,2.251902e+01,2.245725e+01,2.247785e+01,2.234048e+01,2.246412e+01,2.240919e+01,2.243666e+01,2.247098e+01,2.242979e+01,2.240232e+01,2.242979e+01,2.242292e+01,2.242292e+01,2.242979e+01,2.236110e+01,2.241605e+01,2.242979e+01,2.242292e+01,2.239545e+01,2.249844e+01,2.260132e+01,2.250530e+01,2.256018e+01,2.257390e+01,2.251902e+01,2.249158e+01,2.241605e+01,2.240919e+01,2.228548e+01,2.244352e+01,2.235422e+01,2.239545e+01,2.238171e+01,2.240232e+01,2.245039e+01,2.231986e+01,2.235422e+01,2.242979e+01,2.238858e+01,2.229923e+01,2.253960e+01,2.239545e+01,2.242292e+01,2.230611e+01,2.220292e+01,2.232673e+01,2.231986e+01,2.230611e+01,2.253960e+01,2.235422e+01,2.238171e+01,2.236110e+01,2.234048e+01,2.227172e+01,2.230611e+01,2.236797e+01,2.236110e+01,2.227172e+01,2.229235e+01,2.222357e+01,2.229923e+01,2.228548e+01,2.241605e+01,2.225797e+01,2.229923e+01,2.229235e+01,2.249158e+01,2.232673e+01,2.231986e+01,2.231298e+01,2.234735e+01,2.239545e+01,2.234735e+01,2.233360e+01,2.239545e+01,2.226485e+01,2.240232e+01,2.238858e+01,2.232673e+01,2.236797e+01,2.236110e+01,2.240919e+01,2.234735e+01,2.234048e+01,2.241605e+01,2.231986e+01,2.234735e+01,2.230611e+01,2.231986e+01,2.229235e+01,2.229923e+01,2.223733e+01,2.223733e+01,2.225797e+01,2.239545e+01,2.224421e+01,2.238171e+01,2.215474e+01,2.224421e+01,2.231298e+01,2.218916e+01,2.216851e+01,2.237484e+01,2.221669e+01,2.220292e+01,2.223733e+01,2.223045e+01,2.227860e+01,2.220981e+01,2.219604e+01,2.226485e+01,2.229923e+01,2.220981e+01,2.226485e+01,2.225109e+01,2.217539e+01,2.220292e+01,2.223733e+01,2.226485e+01,2.227172e+01,2.220292e+01,2.227172e+01,2.220292e+01,2.214096e+01,2.227860e+01,2.223733e+01,2.231986e+01,2.225797e+01,2.218228e+01,2.225797e+01,2.220292e+01,2.220981e+01,2.216851e+01,2.216162e+01,2.220981e+01,2.207897e+01,2.215474e+01,2.212719e+01,2.212030e+01,2.209275e+01,2.218916e+01,2.216851e+01,2.224421e+01,2.209275e+01,2.201004e+01,2.213408e+01,2.215474e+01,2.218916e+01,2.227860e+01,2.231986e+01,2.248471e+01,2.248471e+01,2.251216e+01,2.248471e+01,2.253960e+01,2.268356e+01,2.258761e+01,2.262874e+01,2.245039e+01,2.249844e+01,2.236797e+01,2.240919e+01,2.247785e+01,2.259447e+01,2.279995e+01,2.262874e+01,2.271096e+01,2.245039e+01,2.262189e+01,2.258076e+01,2.264245e+01,2.262874e+01
2.434161e+01,2.430790e+01,2.430115e+01,2.435509e+01,2.428766e+01,2.446961e+01,2.430115e+01,2.420670e+01,2.422019e+01,2.419319e+01,2.390250e+01,2.406485e+01,2.403105e+01,2.404457e+01,2.397694e+01,2.392958e+01,2.390250e+01,2.388896e+01,2.394311e+01,2.376024e+01,2.362457e+01,2.362457e+01,2.361778e+01,2.361099e+01,2.364493e+01,2.340713e+01,2.321649e+01,2.347513e+01,2.335269e+01,2.335269e+01,2.321649e+01,2.312104e+01,2.302550e+01,2.294353e+01,2.299135e+01,2.290937e+01,2.279310e+01,2.275888e+01,2.261503e+01,2.263560e+01,2.271780e+01,2.274519e+01,2.281363e+01,2.284099e+01,2.278626e+01,2.303232e+01,2.303232e+01,2.281363e+01,2.314832e+01,2.322330e+01,2.330504e+01,2.330504e+01,2.323012e+01,2.348192e+01,2.354987e+01,2.352949e+01,2.354987e+01,2.370599e+01,2.420670e+01,2.415268e+01,2.422019e+01,2.436857e+01,2.431464e+01,2.444941e+01,2.456383e+01,2.442921e+01,2.455038e+01,2.454365e+01,2.466469e+01,2.475873e+01,2.469156e+01,2.477216e+01,2.457056e+01,2.476544e+01,2.479230e+01,2.483927e+01,2.475873e+01,2.492645e+01,2.509391e+01,2.496667e+01,2.505375e+01,2.503366e+01,2.498007e+01,2.501357e+01,2.476544e+01,2.479901e+01,2.475873e+01,2.477887e+01,2.475201e+01,2.479901e+01,2.462436e+01,2.452346e+01,2.444268e+01,2.437531e+01,2.410540e+01,2.388219e+01,2.344113e+01,2.299818e+01,2.295720e+01,2.266986e+01,2.247785e+01,2.257390e+01,2.241605e+01,2.262189e+01,2.245725e+01,2.236110e+01,2.253960e+01,2.232673e+01,2.230611e+01,2.236797e+01,2.226485e+01,2.239545e+01,2.241605e+01,2.247098e+01,2.232673e+01,2.242292e+01,2.242292e+01,2.236110e+01,2.243666e+01,2.234735e+01,2.249158e+01,2.229923e+01,2.223733e+01,2.230611e+01,2.243666e+01,2.231298e+01,2.231298e+01,2.234048e+01,2.241605e+01,2.240232e+01,2.227860e+01,2.242292e+01,2.240232e+01,2.238858e+01,2.234048e+01,2.237484e+01,2.238171e+01,2.231986e+01,2.231298e+01,2.227860e+01,2.232673e+01,2.225109e+01,2.247785e+01,2.231986e+01,2.231298e+01,2.222357e+01,2.236797e+01,2.232673e+01,2.230611e+01,2.223733e+01,2.233360e+01,2.225797e+01,2.231298e+01,2.229923e+01,2.232673e+01,2.238858e+01,2.229235e+01,2.247098e+01,2.234048e+01,2.232673e+01,2.231298e+01,2.234048e+01,2.234735e+01,2.229235e+01,2.237484e+01,2.246412e+01,2.236110e+01,2.245725e+01,2.242979e+01,2.240232e+01,2.253275e+01,2.237484e+01,2.239545e+01,2.247785e+01,2.247098e+01,2.246412e+01,2.251902e+01,2.245725e+01,2.243666e+01,2.249158e+01,2.251216e+01,2.245725e+01,2.234735e+01,2.234735e+01,2.229235e+01,2.218916e+01,2.234735e+01,2.225109e+01,2.227172e+01,2.233360e+01,2.231986e+01,2.227172e+01,2.227860e+01,2.227172e+01,2.217539e+01,2.227860e+01,2.230611e+01,2.229235e+01,2.229923e+01,2.229235e+01,2.238858e+01,2.230611e+01,2.216162e+01,2.217539e+01,2.214785e+01,2.228548e+01,2.240232e+01,2.234048e+01,2.233360e+01,2.234735e+01,2.236797e+01,2.235422e+01,2.240232e+01,2.228548e+01,2.238171e+01,2.234048e+01,2.245725e+01,2.234735e+01,2.237484e+01,2.236797e+01,2.227172e+01,2.239545e+01,2.221669e+01,2.234048e+01,2.237484e+01,2.223733e+01,2.225109e+01,2.227172e+01,2.224421e+01,2.228548e+01,2.226485e+01,2.238171e+01,2.230611e+01,2.227172e+01,2.239545e+01,2.236110e+01,2.239545e+01,2.242292e+01,2.208586e+01,2.214785e+01,2.185823e+01,2.201693e+01,2.184441e+01,2.229235e+01,2.254646e+01,2.243666e+01,2.260818e+01,2.256704e+01,2.269726e+01,2.271780e+01,2.261503e+01,2.277942e+01,2.282047e+01,2.279995e+01,2.297769e+01,2.290253e+01,2.298452e+01,2.315514e+01,2.340032e+01,2.312104e+01,2.327780e+01,2.350911e+01,2.350231e+01,2.349552e+01,2.366529e+01,2.364493e+01,2.369242e+01,2.382123e+01,2.382123e+01,2.392281e+01,2.390927e+01,2.397694e+01,2.387542e+01,2.382801e+01,2.392958e+01,2.368564e+01,2.370599e+01,2.378735e+01,2.358383e+01,2.376024e+01,2.366529e+01,2.364493e+01,2.361778e+01,2.352270e+01,2.352949e+01,2.372634e+01,2.356346e+01,2.371277e+01,2.371956e+01,2.371277e+01,2.376024e+01,2.380768e+01,2.387542e+01,2.380091e+01,2.389573e+01,2.389573e+01,2.414593e+01,2.417969e+01,2.432138e+01,2.461763e+01,2.501357e+01,2.517419e+01,2.516751e+01,2.544804e+01,2.546138e+01,2.564796e+01,2.575443e+01,2.602013e+01,2.618586e+01,2.609971e+01,2.623884e+01,2.628517e+01,2.629179e+01,2.636456e+01,2.631164e+01,2.638439e+01,2.635133e+01,2.649673e+01,2.650994e+01,2.654295e+01,2.648352e+01,2.647691e+01,2.637117e+01,2.622560e+01,2.637778e+01,2.633810e+01,2.629841e+01,2.631826e+01,2.634472e+01,2.639100e+01,2.631164e+01,2.630502e+01,2.635794e+01,2.633149e+01,2.619248e+01,2.623884e+01,2.624546e+01,2.619248e+01,2.615274e+01,2.600023e+01,2.593385e+01,2.566127e+01,2.499347e+01,2.428766e+01,2.438878e+01,2.438878e+01,2.455038e+01,2.475873e+01,2.511399e+01,2.536129e+01,2.536796e+01,2.548805e+01,2.551472e+01,2.549472e+01,2.552139e+01,2.560134e+01,2.561466e+01,2.564796e+01,2.560134e+01,2.563464e+01,2.539466e+01,2.556137e+01,2.542135e+01,2.530119e+01,2.519426e+01,2.520763e+01,2.498677e+01,2.502696e+01,2.500687e+01,2.498007e+01,2.509391e+01,2.522100e+01,2.526778e+01,2.534793e+01,2.554138e+01,2.546805e+01,2.578768e+01,2.574113e+01,2.584085e+01,2.592721e+01,2.595377e+01,2.601350e+01,2.610634e+01,2.602677e+01,2.613948e+01,2.604004e+01,2.603340e+01,2.602677e+01,2.602013e+01,2.602013e+01,2.581427e+01,2.598696e+01,2.577438e+01,2.586079e+01,2.570786e+01,2.554138e+01,2.561466e+01,2.555471e+01,2.547471e+01,2.564130e+01,2.551472e+01,2.560800e+01,2.530119e+01,2.519426e+01,2.498677e+01,2.495997e+01,2.491975e+01,2.477216e+01,2.465796e+01,2.467813e+01,2.465796e+01,2.461763e+01,2.466469e+01,2.472515e+01,2.472515e+01,2.475873e+01,2.474530e+01,2.471844e+01,2.473187e+01,2.459746e+01,2.431464e+01,2.429441e+01,2.426743e+01,2.430790e+01,2.422694e+01,2.399723e+01,2.397018e+01,2.378735e+01,2.361099e+01,2.350231e+01,2.338672e+01,2.331185e+01,2.330504e+01,2.324374e+01,2.349552e+01,2.361099e+01,2.354987e+01,2.342753e+01,2.314832e+01,2.278626e+01,2.268356e+01,2.251216e+01,2.274519e+01,2.251902e+01,2.268356e+01,2.261503e+01,2.262189e+01,2.263560e+01,2.258761e+01,2.257390e+01,2.258076e+01,2.257390e+01,2.259447e+01,2.268356e+01,2.245725e+01,2.257390e+01,2.255332e+01,2.258761e+01,2.255332e+01,2.262189e+01,2.255332e+01,2.254646e+01,2.247785e+01,2.256704e+01,2.238858e+01,2.240919e+01,2.252588e+01,2.240919e+01,2.254646e+01,2.241605e+01,2.265615e+01,2.242979e+01,2.238171e+01,2.245725e+01,2.243666e+01,2.247785e+01,2.243666e+01,2.241605e+01,2.249158e+01,2.249158e+01,2.242979e+01,2.241605e+01,2.243666e+01,2.242292e+01,2.245725e+01,2.250530e+01,2.229923e+01,2.249844e+01,2.245039e+01,2.247098e+01,2.238171e+01,2.246412e+01,2.239545e+01,2.235422e+01,2.253960e+01,2.249158e+01,2.228548e+01,2.252588e+01,2.229923e+01,2.247785e+01,2.243666e+01,2.246412e+01,2.242292e+01,2.242979e+01,2.232673e+01,2.228548e+01,2.242979e+01,2.234048e+01,2.227860e+01,2.240919e+01,2.234048e+01,2.235422e+01,2.244352e+01,2.223733e+01,2.231986e+01,2.225797e+01,2.229235e+01,2.234048e+01,2.225109e+01,2.229235e+01,2.227860e+01,2.229235e+01,2.227172e+01,2.229923e+01,2.226485e+01,2.229923e+01,2.227172e+01,2.236797e+01,2.229923e+01,2.226485e+01,2.228548e+01,2.227172e+01,2.227860e+01,2.212719e+01,2.228548e+01,2.233360e+01,2.232673e+01,2.225109e+01,2.236797e+01,2.242979e+01,2.242292e+01,2.238858e+01,2.239545e+01,2.230611e+01,2.227172e+01,2.243666e+01,2.236797e+01,2.232673e+01,2.231298e+01,2.233360e+01,2.238171e+01,2.244352e+01,2.234048e+01,2.227860e+01,2.229235e+01,2.231298e+01,2.231298e+01,2.229923e+01,2.231986e+01,2.228548e+01,2.227172e+01,2.229923e+01,2.229235e+01,2.215474e+01,2.223733e+01,2.240232e+01,2.220292e+01,2.236797e+01,2.220292e+01,2.222357e+01,2.216851e+01,2.220981e+01,2.218228e+01,2.226485e+01,2.227172e+01,2.223045e+01,2.223045e+01,2.217539e+01,2.223733e+01,2.222357e+01,2.218228e+01,2.223045e+01,2.203072e+01,2.225797e+01,2.203761e+01,2.213408e+01,2.218228e+01,2.228548e+01,2.227172e+01,2.208586e+01,2.223733e+01,2.226485e+01,2.227172e+01,2.230611e+01,2.223733e+01,2.209964e+01,2.223733e+01,2.218228e+01,2.217539e+01,2.222357e+01,2.221669e+01,2.206518e+01,2.212719e+01,2.209275e+01,2.212719e+01,2.210653e+01,2.225797e+01,2.203072e+01,2.215474e+01,2.212719e+01,2.221669e+01,2.219604e+01,2.214096e+01,2.216162e+01,2.224421e+01,2.224421e+01,2.216162e+01,2.246412e+01,2.248471e+01,2.249844e+01,2.248471e+01,2.249844e+01,2.260132e+01,2.269726e+01,2.259447e+01,2.271096e+01,2.264930e+01,2.265615e+01,2.262189e+01,2.245725e+01,2.240919e+01,2.266301e+01,2.256018e+01,2.265615e+01,2.245725e+01,2.250530e+01,2.273835e+01,2.259447e+01,2.258076e+01,2.270411e+01
2.435509e+01,2.434835e+01,2.432138e+01,2.428766e+01,2.431464e+01,2.430115e+01,2.424044e+01,2.422694e+01,2.420670e+01,2.424044e+01,2.407161e+01,2.407837e+01,2.409864e+01,2.403781e+01,2.395664e+01,2.382123e+01,2.388896e+01,2.394311e+01,2.386865e+01,2.370599e+01,2.363136e+01,2.386865e+01,2.367886e+01,2.354987e+01,2.348192e+01,2.332547e+01,2.329823e+01,2.334589e+01,2.310739e+01,2.328461e+01,2.326418e+01,2.307328e+01,2.315514e+01,2.295037e+01,2.303915e+01,2.292303e+01,2.273150e+01,2.275888e+01,2.281363e+01,2.267671e+01,2.286151e+01,2.274519e+01,2.271780e+01,2.271780e+01,2.279995e+01,2.267671e+01,2.282731e+01,2.279310e+01,2.277257e+01,2.305280e+01,2.303232e+01,2.308693e+01,2.303232e+01,2.317559e+01,2.320286e+01,2.307328e+01,2.355667e+01,2.358383e+01,2.366529e+01,2.398371e+01,2.397018e+01,2.419994e+01,2.425393e+01,2.422019e+01,2.437531e+01,2.437531e+01,2.439552e+01,2.433487e+01,2.442921e+01,2.473187e+01,2.451673e+01,2.477216e+01,2.478558e+01,2.464452e+01,2.473187e+01,2.479230e+01,2.479901e+01,2.481914e+01,2.491305e+01,2.467813e+01,2.502696e+01,2.485940e+01,2.504705e+01,2.482585e+01,2.475201e+01,2.484598e+01,2.445614e+01,2.446288e+01,2.444268e+01,2.412566e+01,2.446288e+01,2.442247e+01,2.411215e+01,2.381446e+01,2.360420e+01,2.313468e+01,2.299818e+01,2.286835e+01,2.265615e+01,2.251216e+01,2.242979e+01,2.242979e+01,2.262189e+01,2.225797e+01,2.231298e+01,2.238171e+01,2.223045e+01,2.231298e+01,2.238171e+01,2.251902e+01,2.242292e+01,2.249844e+01,2.245039e+01,2.240232e+01,2.240232e+01,2.241605e+01,2.242292e+01,2.228548e+01,2.241605e+01,2.233360e+01,2.241605e+01,2.234048e+01,2.240919e+01,2.250530e+01,2.225109e+01,2.251216e+01,2.231986e+01,2.245725e+01,2.231986e+01,2.236797e+01,2.229235e+01,2.236797e+01,2.231298e+01,2.239545e+01,2.240232e+01,2.241605e+01,2.239545e+01,2.235422e+01,2.238171e+01,2.234048e+01,2.236797e+01,2.237484e+01,2.239545e+01,2.237484e+01,2.231298e+01,2.240919e+01,2.241605e+01,2.224421e+01,2.225109e+01,2.239545e+01,2.234048e+01,2.229235e+01,2.232673e+01,2.239545e+01,2.226485e+01,2.224421e+01,2.228548e+01,2.246412e+01,2.247785e+01,2.234048e+01,2.240232e+01,2.247785e+01,2.249158e+01,2.245039e+01,2.251216e+01,2.234048e+01,2.251216e+01,2.245039e+01,2.251216e+01,2.241605e+01,2.236110e+01,2.244352e+01,2.237484e+01,2.246412e+01,2.244352e+01,2.241605e+01,2.242292e+01,2.231986e+01,2.245039e+01,2.247098e+01,2.245725e+01,2.242292e+01,2.233360e+01,2.231986e+01,2.234735e+01,2.234048e+01,2.238858e+01,2.237484e+01,2.230611e+01,2.236797e+01,2.234048e+01,2.235422e+01,2.248471e+01,2.233360e+01,2.243666e+01,2.222357e+01,2.232673e+01,2.232673e+01,2.234048e+01,2.232673e+01,2.233360e+01,2.230611e+01,2.241605e+01,2.236110e+01,2.230611e+01,2.222357e+01,2.225109e+01,2.227860e+01,2.238171e+01,2.233360e+01,2.234735e+01,2.230611e+01,2.227172e+01,2.240232e+01,2.227172e+01,2.249844e+01,2.227860e+01,2.243666e+01,2.238858e+01,2.240232e+01,2.234048e+01,2.239545e+01,2.228548e+01,2.232673e+01,2.219604e+01,2.227172e+01,2.225109e+01,2.233360e+01,2.228548e+01,2.218916e+01,2.228548e+01,2.229923e+01,2.238171e+01,2.241605e+01,2.242979e+01,2.241605e+01,2.240232e+01,2.215474e+01,2.209964e+01,2.210653e+01,2.185132e+01,2.182369e+01,2.201693e+01,2.234048e+01,2.248471e+01,2.254646e+01,2.266986e+01,2.254646e+01,2.267671e+01,2.261503e+01,2.272465e+01,2.276573e+01,2.282047e+01,2.279995e+01,2.301184e+01,2.295037e+01,2.305280e+01,2.323693e+01,2.337311e+01,2.336630e+01,2.333228e+01,2.353629e+01,2.359062e+01,2.357025e+01,2.370599e+01,2.368564e+01,2.386865e+01,2.388896e+01,2.394988e+01,2.399723e+01,2.399723e+01,2.409188e+01,2.405133e+01,2.394311e+01,2.380768e+01,2.378057e+01,2.367207e+01,2.369242e+01,2.362457e+01,2.359741e+01,2.347513e+01,2.359741e+01,2.359062e+01,2.359062e+01,2.354987e+01,2.346833e+01,2.349552e+01,2.363136e+01,2.371956e+01,2.368564e+01,2.379413e+01,2.377380e+01,2.371956e+01,2.382123e+01,2.399047e+01,2.399723e+01,2.401752e+01,2.429441e+01,2.443594e+01,2.464452e+01,2.498007e+01,2.500017e+01,2.514744e+01,2.531454e+01,2.563464e+01,2.572117e+01,2.575443e+01,2.600686e+01,2.619911e+01,2.630502e+01,2.630502e+01,2.635133e+01,2.630502e+01,2.636456e+01,2.633810e+01,2.649012e+01,2.633810e+01,2.639761e+01,2.641084e+01,2.639100e+01,2.656275e+01,2.639761e+01,2.647031e+01,2.625870e+01,2.634472e+01,2.639100e+01,2.635794e+01,2.636456e+01,2.633810e+01,2.640422e+01,2.640422e+01,2.643727e+01,2.622560e+01,2.621235e+01,2.629841e+01,2.619248e+01,2.616599e+01,2.626532e+01,2.605330e+01,2.596704e+01,2.590729e+01,2.568790e+01,2.516751e+01,2.430115e+01,2.434835e+01,2.443594e+01,2.449654e+01,2.495326e+01,2.504705e+01,2.528782e+01,2.534126e+01,2.550139e+01,2.552139e+01,2.553472e+01,2.569455e+01,2.561466e+01,2.562798e+01,2.562798e+01,2.564796e+01,2.558802e+01,2.563464e+01,2.546805e+01,2.553472e+01,2.543469e+01,2.528115e+01,2.526110e+01,2.502026e+01,2.499347e+01,2.512737e+01,2.502026e+01,2.522768e+01,2.502026e+01,2.525442e+01,2.534126e+01,2.553472e+01,2.552139e+01,2.585415e+01,2.583421e+01,2.586743e+01,2.597368e+01,2.604667e+01,2.607982e+01,2.610634e+01,2.611297e+01,2.607319e+01,2.616599e+01,2.607982e+01,2.603340e+01,2.600023e+01,2.598696e+01,2.583421e+01,2.584750e+01,2.590729e+01,2.576773e+01,2.575443e+01,2.571451e+01,2.554804e+01,2.553472e+01,2.555471e+01,2.544804e+01,2.560134e+01,2.542135e+01,2.536129e+01,2.517419e+01,2.493316e+01,2.495997e+01,2.485269e+01,2.475873e+01,2.475873e+01,2.465796e+01,2.464452e+01,2.463780e+01,2.483256e+01,2.469156e+01,2.469828e+01,2.485940e+01,2.473858e+01,2.463108e+01,2.470500e+01,2.464452e+01,2.446961e+01,2.436183e+01,2.434161e+01,2.426068e+01,2.412566e+01,2.399047e+01,2.386865e+01,2.381446e+01,2.350231e+01,2.337991e+01,2.343433e+01,2.335269e+01,2.333908e+01,2.319604e+01,2.333228e+01,2.361778e+01,2.353629e+01,2.340032e+01,2.316195e+01,2.300501e+01,2.278626e+01,2.278626e+01,2.275204e+01,2.275204e+01,2.273150e+01,2.263560e+01,2.259447e+01,2.238171e+01,2.264930e+01,2.260818e+01,2.260132e+01,2.262874e+01,2.259447e+01,2.256704e+01,2.260818e+01,2.264930e+01,2.266301e+01,2.257390e+01,2.262874e+01,2.261503e+01,2.260818e+01,2.258761e+01,2.247785e+01,2.245725e+01,2.262189e+01,2.252588e+01,2.252588e+01,2.249844e+01,2.257390e+01,2.259447e+01,2.244352e+01,2.247098e+01,2.249844e+01,2.248471e+01,2.246412e+01,2.249158e+01,2.255332e+01,2.245039e+01,2.254646e+01,2.241605e+01,2.248471e+01,2.248471e+01,2.240919e+01,2.254646e+01,2.240919e+01,2.240919e+01,2.248471e+01,2.238171e+01,2.247098e+01,2.238171e+01,2.269041e+01,2.249844e+01,2.251902e+01,2.233360e+01,2.237484e+01,2.246412e+01,2.245725e+01,2.240919e+01,2.251902e+01,2.245725e+01,2.249844e+01,2.232673e+01,2.237484e+01,2.229235e+01,2.250530e+01,2.236797e+01,2.236797e+01,2.237484e+01,2.237484e+01,2.240232e+01,2.243666e+01,2.242292e+01,2.239545e+01,2.230611e+01,2.235422e+01,2.234735e+01,2.247785e+01,2.233360e+01,2.232673e+01,2.236110e+01,2.231298e+01,2.225797e+01,2.236110e+01,2.231298e+01,2.229923e+01,2.225797e+01,2.222357e+01,2.237484e+01,2.232673e+01,2.226485e+01,2.231986e+01,2.229923e+01,2.229923e+01,2.249844e+01,2.231986e+01,2.234048e+01,2.251216e+01,2.236110e+01,2.246412e+01,2.246412e+01,2.234735e+01,2.232673e+01,2.238171e+01,2.236110e+01,2.234048e+01,2.260818e+01,2.240232e+01,2.231986e+01,2.236110e+01,2.239545e+01,2.236110e+01,2.240232e+01,2.224421e+01,2.234735e+01,2.240232e+01,2.232673e+01,2.232673e+01,2.236797e+01,2.231298e+01,2.232673e+01,2.233360e+01,2.240232e+01,2.230611e+01,2.239545e+01,2.240919e+01,2.226485e+01,2.224421e+01,2.223733e+01,2.226485e+01,2.223045e+01,2.219604e+01,2.218916e+01,2.229235e+01,2.227860e+01,2.233360e+01,2.220981e+01,2.221669e+01,2.236110e+01,2.224421e+01,2.232673e+01,2.217539e+01,2.231986e+01,2.229923e+01,2.214785e+01,2.223045e+01,2.226485e+01,2.212719e+01,2.228548e+01,2.208586e+01,2.207207e+01,2.218916e+01,2.225109e+01,2.227172e+01,2.233360e+01,2.238171e+01,2.229235e+01,2.227172e+01,2.223045e+01,2.223733e+01,2.213408e+01,2.225797e+01,2.216162e+01,2.214096e+01,2.214096e+01,2.226485e+01,2.216162e+01,2.220981e+01,2.217539e+01,2.220981e+01,2.222357e+01,2.205140e+01,2.223733e+01,2.220292e+01,2.217539e+01,2.205140e+01,2.222357e+01,2.231986e+01,2.243666e+01,2.249158e+01,2.251216e+01,2.249844e+01,2.247785e+01,2.255332e+01,2.263560e+01,2.268356e+01,2.260132e+01,2.273835e+01,2.249844e+01,2.267671e+01,2.252588e+01,2.264245e+01,2.266986e+01,2.272465e+01,2.266301e+01,2.255332e+01,2.266986e+01,2.267671e+01,2.266986e+01,2.269726e+01,2.268356e+01
2.436857e+01,2.425393e+01,2.436183e+01,2.448981e+01,2.421344e+01,2.418644e+01,2.420670e+01,2.424044e+01,2.421344e+01,2.420670e+01,2.421344e+01,2.407161e+01,2.392281e+01,2.401076e+01,2.392958e+01,2.387542e+01,2.380768e+01,2.389573e+01,2.385510e+01,2.356346e+01,2.362457e+01,2.380768e+01,2.352270e+01,2.352949e+01,2.348872e+01,2.327780e+01,2.331866e+01,2.318923e+01,2.325737e+01,2.320286e+01,2.318241e+01,2.312786e+01,2.323693e+01,2.292303e+01,2.286835e+01,2.277257e+01,2.272465e+01,2.274519e+01,2.266986e+01,2.269726e+01,2.262189e+01,2.265615e+01,2.272465e+01,2.273150e+01,2.265615e+01,2.265615e+01,2.283415e+01,2.263560e+01,2.279310e+01,2.269041e+01,2.271780e+01,2.270411e+01,2.281363e+01,2.302550e+01,2.283415e+01,2.296403e+01,2.320967e+01,2.323012e+01,2.346833e+01,2.345473e+01,2.357025e+01,2.368564e+01,2.367886e+01,2.367886e+01,2.367886e+01,2.393634e+01,2.399723e+01,2.400400e+01,2.421344e+01,2.411215e+01,2.440226e+01,2.417969e+01,2.449654e+01,2.446288e+01,2.471172e+01,2.451000e+01,2.469156e+01,2.470500e+01,2.478558e+01,2.463780e+01,2.500687e+01,2.477887e+01,2.477887e+01,2.477216e+01,2.442921e+01,2.444941e+01,2.405809e+01,2.403781e+01,2.390927e+01,2.393634e+01,2.380091e+01,2.367886e+01,2.345473e+01,2.329823e+01,2.306645e+01,2.284783e+01,2.280679e+01,2.244352e+01,2.251216e+01,2.247785e+01,2.236797e+01,2.241605e+01,2.246412e+01,2.237484e+01,2.234735e+01,2.239545e+01,2.225797e+01,2.226485e+01,2.237484e+01,2.223733e+01,2.239545e+01,2.241605e+01,2.242292e+01,2.237484e+01,2.231986e+01,2.240919e+01,2.227172e+01,2.238171e+01,2.245039e+01,2.236797e+01,2.232673e+01,2.250530e+01,2.231298e+01,2.227860e+01,2.231298e+01,2.242979e+01,2.231298e+01,2.227172e+01,2.240232e+01,2.224421e+01,2.229923e+01,2.229923e+01,2.229235e+01,2.231298e+01,2.239545e+01,2.229923e+01,2.245039e+01,2.242292e+01,2.242292e+01,2.238171e+01,2.232673e+01,2.220292e+01,2.224421e+01,2.230611e+01,2.225797e+01,2.231986e+01,2.232673e+01,2.223733e+01,2.229923e+01,2.227172e+01,2.228548e+01,2.236797e+01,2.229235e+01,2.234048e+01,2.228548e+01,2.238171e+01,2.225109e+01,2.229235e+01,2.236797e+01,2.230611e+01,2.246412e+01,2.233360e+01,2.229923e+01,2.231986e+01,2.231986e+01,2.236110e+01,2.236110e+01,2.248471e+01,2.238858e+01,2.227172e+01,2.233360e+01,2.234735e+01,2.240919e+01,2.234735e+01,2.242292e+01,2.240232e+01,2.250530e+01,2.249158e+01,2.242979e+01,2.234048e+01,2.233360e+01,2.245039e+01,2.243666e+01,2.227172e+01,2.233360e+01,2.238171e+01,2.238858e+01,2.230611e+01,2.229235e+01,2.225797e+01,2.227172e+01,2.229235e+01,2.247098e+01,2.220981e+01,2.243666e+01,2.231298e+01,2.211341e+01,2.209275e+01,2.225109e+01,2.230611e+01,2.236797e+01,2.216851e+01,2.238171e+01,2.230611e+01,2.226485e+01,2.229235e+01,2.233360e+01,2.230611e+01,2.228548e+01,2.217539e+01,2.229923e+01,2.222357e+01,2.229923e+01,2.226485e+01,2.229235e+01,2.238858e+01,2.224421e+01,2.231986e+01,2.222357e+01,2.228548e+01,2.225109e+01,2.234048e+01,2.220292e+01,2.221669e+01,2.238858e+01,2.226485e+01,2.225109e+01,2.225109e+01,2.222357e+01,2.231298e+01,2.230611e+01,2.222357e+01,2.210653e+01,2.236797e+01,2.229923e+01,2.238858e+01,2.236797e+01,2.216851e+01,2.215474e+01,2.189965e+01,2.187894e+01,2.182369e+01,2.190655e+01,2.232673e+01,2.238858e+01,2.244352e+01,2.257390e+01,2.258076e+01,2.273150e+01,2.264245e+01,2.273835e+01,2.279995e+01,2.278626e+01,2.279310e+01,2.292303e+01,2.288886e+01,2.291620e+01,2.316877e+01,2.320286e+01,2.336630e+01,2.337311e+01,2.347513e+01,2.346833e+01,2.348872e+01,2.362457e+01,2.368564e+01,2.390927e+01,2.390927e+01,2.394311e+01,2.390927e+01,2.390250e+01,2.397018e+01,2.399047e+01,2.377380e+01,2.393634e+01,2.366529e+01,2.361099e+01,2.370599e+01,2.359062e+01,2.349552e+01,2.354308e+01,2.355667e+01,2.353629e+01,2.342753e+01,2.352270e+01,2.344113e+01,2.349552e+01,2.354987e+01,2.364493e+01,2.371956e+01,2.371277e+01,2.369921e+01,2.371277e+01,2.363136e+01,2.368564e+01,2.382123e+01,2.397018e+01,2.409864e+01,2.419994e+01,2.455038e+01,2.467813e+01,2.501357e+01,2.509391e+01,2.538131e+01,2.540133e+01,2.564796e+01,2.578768e+01,2.593385e+01,2.604667e+01,2.620573e+01,2.620573e+01,2.629179e+01,2.638439e+01,2.622560e+01,2.633149e+01,2.636456e+01,2.632487e+01,2.637778e+01,2.644388e+01,2.636456e+01,2.633810e+01,2.637117e+01,2.641084e+01,2.640422e+01,2.637778e+01,2.631826e+01,2.637778e+01,2.630502e+01,2.630502e+01,2.641084e+01,2.624546e+01,2.628517e+01,2.620573e+01,2.631826e+01,2.620573e+01,2.619911e+01,2.628517e+01,2.624546e+01,2.607319e+01,2.611297e+01,2.593385e+01,2.550805e+01,2.512068e+01,2.438205e+01,2.417969e+01,2.442247e+01,2.445614e+01,2.494656e+01,2.494656e+01,2.526110e+01,2.537464e+01,2.539466e+01,2.551472e+01,2.555471e+01,2.561466e+01,2.570121e+01,2.556137e+01,2.564130e+01,2.548138e+01,2.562798e+01,2.548805e+01,2.550805e+01,2.549472e+01,2.542802e+01,2.528115e+01,2.522768e+01,2.498677e+01,2.498677e+01,2.510060e+01,2.498007e+01,2.506044e+01,2.504035e+01,2.518088e+01,2.532790e+01,2.536129e+01,2.550139e+01,2.578103e+01,2.598032e+01,2.585415e+01,2.603340e+01,2.608646e+01,2.605993e+01,2.607982e+01,2.602677e+01,2.604004e+01,2.602677e+01,2.602013e+01,2.599359e+01,2.599359e+01,2.596041e+01,2.587408e+01,2.584085e+01,2.585415e+01,2.580762e+01,2.569455e+01,2.570121e+01,2.567459e+01,2.561466e+01,2.568790e+01,2.549472e+01,2.530787e+01,2.526110e+01,2.520763e+01,2.503366e+01,2.492645e+01,2.475201e+01,2.460419e+01,2.462436e+01,2.457056e+01,2.461763e+01,2.463108e+01,2.464452e+01,2.440900e+01,2.446288e+01,2.468484e+01,2.470500e+01,2.462436e+01,2.460419e+01,2.463780e+01,2.461763e+01,2.457056e+01,2.452346e+01,2.432138e+01,2.419994e+01,2.406485e+01,2.394311e+01,2.377380e+01,2.353629e+01,2.352949e+01,2.350231e+01,2.333228e+01,2.333908e+01,2.331866e+01,2.315514e+01,2.342073e+01,2.350911e+01,2.357704e+01,2.346153e+01,2.333908e+01,2.303915e+01,2.274519e+01,2.247098e+01,2.264930e+01,2.275888e+01,2.271780e+01,2.257390e+01,2.246412e+01,2.253960e+01,2.268356e+01,2.260818e+01,2.255332e+01,2.259447e+01,2.260132e+01,2.256018e+01,2.254646e+01,2.252588e+01,2.262189e+01,2.253275e+01,2.261503e+01,2.245039e+01,2.251216e+01,2.252588e+01,2.258076e+01,2.258761e+01,2.256018e+01,2.259447e+01,2.255332e+01,2.264245e+01,2.252588e+01,2.234735e+01,2.249844e+01,2.238171e+01,2.247785e+01,2.247785e+01,2.244352e+01,2.245725e+01,2.247098e+01,2.244352e+01,2.237484e+01,2.252588e+01,2.243666e+01,2.240919e+01,2.258761e+01,2.246412e+01,2.240232e+01,2.229923e+01,2.242292e+01,2.240232e+01,2.240919e+01,2.246412e+01,2.248471e+01,2.256018e+01,2.245039e+01,2.247098e+01,2.253275e+01,2.252588e+01,2.244352e+01,2.243666e+01,2.238858e+01,2.247785e+01,2.234735e+01,2.231986e+01,2.233360e+01,2.237484e+01,2.239545e+01,2.236110e+01,2.234735e+01,2.234735e+01,2.236110e+01,2.231986e+01,2.223045e+01,2.240919e+01,2.226485e+01,2.236797e+01,2.231986e+01,2.231986e+01,2.229923e+01,2.232673e+01,2.234735e+01,2.229923e+01,2.257390e+01,2.227860e+01,2.238858e+01,2.229923e+01,2.221669e+01,2.222357e+01,2.224421e+01,2.220292e+01,2.225109e+01,2.231986e+01,2.222357e+01,2.251216e+01,2.232673e+01,2.233360e+01,2.232673e+01,2.246412e+01,2.226485e+01,2.234735e+01,2.237484e+01,2.227172e+01,2.236110e+01,2.231986e+01,2.234735e+01,2.233360e+01,2.234735e+01,2.236797e+01,2.234048e+01,2.231298e+01,2.232673e+01,2.226485e+01,2.231986e+01,2.240919e+01,2.238171e+01,2.237484e+01,2.240232e+01,2.230611e+01,2.229235e+01,2.234735e+01,2.232673e+01,2.233360e+01,2.229235e+01,2.234048e+01,2.240919e+01,2.238858e+01,2.226485e+01,2.225109e+01,2.221669e+01,2.220981e+01,2.225109e+01,2.212719e+01,2.212719e+01,2.221669e+01,2.218228e+01,2.215474e+01,2.221669e+01,2.210653e+01,2.211341e+01,2.223045e+01,2.219604e+01,2.212719e+01,2.219604e+01,2.230611e+01,2.220981e+01,2.212030e+01,2.213408e+01,2.224421e+01,2.223733e+01,2.222357e+01,2.225109e+01,2.206518e+01,2.225109e+01,2.216851e+01,2.240919e+01,2.220981e+01,2.206518e+01,2.216162e+01,2.215474e+01,2.212719e+01,2.210653e+01,2.207207e+01,2.223733e+01,2.215474e+01,2.203761e+01,2.212719e+01,2.210653e+01,2.207897e+01,2.217539e+01,2.216851e+01,2.199624e+01,2.220981e+01,2.200314e+01,2.214096e+01,2.201004e+01,2.207207e+01,2.210653e+01,2.208586e+01,2.240232e+01,2.245039e+01,2.235422e+01,2.247785e+01,2.256704e+01,2.247098e+01,2.250530e+01,2.256704e+01,2.268356e+01,2.260818e+01,2.278626e+01,2.267671e+01,2.266986e+01,2.256018e+01,2.265615e+01,2.258076e+01,2.264930e+01,2.266986e+01,2.253275e+01,2.263560e+01,2.265615e+01,2.250530e+01,2.262189e+01,2.239545e+01
2.429441e+01,2.426743e+01,2.424044e+01,2.419994e+01,2.422694e+01,2.413242e+01,2.423369e+01,2.421344e+01,2.420670e+01,2.416619e+01,2.405133e+01,2.395664e+01,2.394988e+01,2.388896e+01,2.389573e+01,2.387542e+01,2.384155e+01,2.388219e+01,2.380091e+01,2.379413e+01,2.354987e+01,2.359062e+01,2.355667e+01,2.332547e+01,2.352270e+01,2.326418e+01,2.320286e+01,2.323693e+01,2.316877e+01,2.301867e+01,2.290937e+01,2.303915e+01,2.291620e+01,2.293670e+01,2.280679e+01,2.292303e+01,2.273150e+01,2.273150e+01,2.274519e+01,2.272465e+01,2.275888e+01,2.270411e+01,2.267671e+01,2.261503e+01,2.262189e+01,2.251216e+01,2.277942e+01,2.259447e+01,2.265615e+01,2.277942e+01,2.269041e+01,2.269726e+01,2.271096e+01,2.272465e+01,2.286835e+01,2.294353e+01,2.293670e+01,2.291620e+01,2.295720e+01,2.313468e+01,2.309375e+01,2.299135e+01,2.331866e+01,2.344113e+01,2.336630e+01,2.335269e+01,2.351590e+01,2.348872e+01,2.361099e+01,2.379413e+01,2.378735e+01,2.377380e+01,2.406485e+01,2.407161e+01,2.397018e+01,2.448308e+01,2.448308e+01,2.434161e+01,2.445614e+01,2.433487e+01,2.434161e+01,2.418644e+01,2.418644e+01,2.415943e+01,2.401076e+01,2.399047e+01,2.354987e+01,2.353629e+01,2.327780e+01,2.336630e+01,2.328461e+01,2.329142e+01,2.295037e+01,2.263560e+01,2.287519e+01,2.253275e+01,2.241605e+01,2.244352e+01,2.238858e+01,2.231298e+01,2.251216e+01,2.234048e+01,2.235422e+01,2.238858e+01,2.234048e+01,2.239545e+01,2.228548e+01,2.247785e+01,2.216851e+01,2.238171e+01,2.238171e+01,2.240919e+01,2.225797e+01,2.223733e+01,2.230611e+01,2.240919e+01,2.236110e+01,2.234048e+01,2.243666e+01,2.234048e+01,2.233360e+01,2.232673e+01,2.220292e+01,2.228548e+01,2.239545e+01,2.232673e+01,2.237484e+01,2.232673e+01,2.229923e+01,2.233360e+01,2.225797e+01,2.229235e+01,2.229923e+01,2.240232e+01,2.225797e+01,2.245725e+01,2.238171e+01,2.233360e+01,2.240232e+01,2.231298e+01,2.236110e+01,2.225109e+01,2.228548e+01,2.223733e+01,2.223733e+01,2.234735e+01,2.234048e+01,2.234048e+01,2.225797e+01,2.236797e+01,2.215474e+01,2.224421e+01,2.226485e+01,2.227172e+01,2.221669e+01,2.232673e+01,2.220292e+01,2.231298e+01,2.222357e+01,2.229235e+01,2.231986e+01,2.224421e+01,2.237484e+01,2.231298e+01,2.234048e+01,2.232673e+01,2.245039e+01,2.242292e+01,2.233360e+01,2.234048e+01,2.236110e+01,2.228548e+01,2.241605e+01,2.247098e+01,2.245039e+01,2.247785e+01,2.234735e+01,2.250530e+01,2.234735e+01,2.251216e+01,2.249158e+01,2.241605e+01,2.241605e+01,2.251216e+01,2.240232e+01,2.233360e+01,2.232673e+01,2.233360e+01,2.220981e+01,2.227172e+01,2.218916e+01,2.220981e+01,2.223733e+01,2.227172e+01,2.223045e+01,2.221669e+01,2.229235e+01,2.234735e+01,2.228548e+01,2.231986e+01,2.224421e+01,2.227172e+01,2.216162e+01,2.218916e+01,2.231986e+01,2.231986e+01,2.216162e+01,2.230611e+01,2.206518e+01,2.205140e+01,2.219604e+01,2.228548e+01,2.216851e+01,2.227860e+01,2.225109e+01,2.235422e+01,2.232673e+01,2.223045e+01,2.225797e+01,2.226485e+01,2.226485e+01,2.218228e+01,2.220292e+01,2.221669e+01,2.223045e+01,2.224421e+01,2.225109e+01,2.218916e+01,2.220292e+01,2.216851e+01,2.220292e+01,2.219604e+01,2.224421e+01,2.218228e+01,2.224421e+01,2.218228e+01,2.233360e+01,2.218228e+01,2.190655e+01,2.185132e+01,2.174076e+01,2.159547e+01,2.193416e+01,2.230611e+01,2.234048e+01,2.242292e+01,2.257390e+01,2.266301e+01,2.261503e+01,2.263560e+01,2.260818e+01,2.288886e+01,2.283415e+01,2.288202e+01,2.299818e+01,2.297086e+01,2.310739e+01,2.323012e+01,2.327099e+01,2.337311e+01,2.345473e+01,2.348872e+01,2.348872e+01,2.360420e+01,2.369921e+01,2.371956e+01,2.386187e+01,2.391604e+01,2.387542e+01,2.382123e+01,2.386865e+01,2.376702e+01,2.396341e+01,2.376702e+01,2.374668e+01,2.371277e+01,2.371956e+01,2.361778e+01,2.356346e+01,2.354987e+01,2.344793e+01,2.335950e+01,2.340713e+01,2.337311e+01,2.344113e+01,2.350911e+01,2.340713e+01,2.348192e+01,2.351590e+01,2.341393e+01,2.352270e+01,2.359062e+01,2.362457e+01,2.367886e+01,2.361778e+01,2.375346e+01,2.381446e+01,2.392281e+01,2.415268e+01,2.444268e+01,2.464452e+01,2.506044e+01,2.518088e+01,2.518088e+01,2.524773e+01,2.565462e+01,2.594713e+01,2.587408e+01,2.604004e+01,2.619248e+01,2.625870e+01,2.633149e+01,2.627194e+01,2.634472e+01,2.631826e+01,2.639100e+01,2.646370e+01,2.647031e+01,2.643727e+01,2.637778e+01,2.641744e+01,2.633810e+01,2.637778e+01,2.647691e+01,2.633810e+01,2.626532e+01,2.648352e+01,2.643066e+01,2.645049e+01,2.629179e+01,2.625208e+01,2.617261e+01,2.624546e+01,2.620573e+01,2.632487e+01,2.628517e+01,2.620573e+01,2.607982e+01,2.614611e+01,2.611960e+01,2.593385e+01,2.571451e+01,2.512737e+01,2.432138e+01,2.437531e+01,2.439552e+01,2.474530e+01,2.471844e+01,2.499347e+01,2.534793e+01,2.524773e+01,2.537464e+01,2.552805e+01,2.570786e+01,2.554804e+01,2.564796e+01,2.574778e+01,2.566127e+01,2.560800e+01,2.559468e+01,2.556137e+01,2.546138e+01,2.538799e+01,2.552139e+01,2.538131e+01,2.525442e+01,2.498007e+01,2.502696e+01,2.493986e+01,2.500017e+01,2.502026e+01,2.509391e+01,2.505375e+01,2.530119e+01,2.552805e+01,2.532122e+01,2.580762e+01,2.580762e+01,2.588736e+01,2.598032e+01,2.607982e+01,2.607982e+01,2.607982e+01,2.605993e+01,2.605993e+01,2.596704e+01,2.600023e+01,2.600023e+01,2.595377e+01,2.596041e+01,2.586743e+01,2.584085e+01,2.569455e+01,2.579433e+01,2.562132e+01,2.570121e+01,2.558802e+01,2.558802e+01,2.543469e+01,2.544804e+01,2.541468e+01,2.529451e+01,2.516082e+01,2.510060e+01,2.478558e+01,2.475873e+01,2.473858e+01,2.467141e+01,2.455710e+01,2.459073e+01,2.440900e+01,2.444941e+01,2.448308e+01,2.453692e+01,2.459746e+01,2.461763e+01,2.463108e+01,2.474530e+01,2.467141e+01,2.460419e+01,2.453019e+01,2.436857e+01,2.432138e+01,2.428092e+01,2.417969e+01,2.386187e+01,2.375346e+01,2.359062e+01,2.350231e+01,2.354308e+01,2.348192e+01,2.329823e+01,2.319604e+01,2.331185e+01,2.349552e+01,2.348872e+01,2.343433e+01,2.361778e+01,2.302550e+01,2.288886e+01,2.266301e+01,2.254646e+01,2.258761e+01,2.271780e+01,2.259447e+01,2.252588e+01,2.267671e+01,2.258076e+01,2.260818e+01,2.252588e+01,2.259447e+01,2.264930e+01,2.258076e+01,2.261503e+01,2.256704e+01,2.259447e+01,2.256018e+01,2.253275e+01,2.258761e+01,2.256704e+01,2.253960e+01,2.250530e+01,2.257390e+01,2.255332e+01,2.251902e+01,2.257390e+01,2.257390e+01,2.257390e+01,2.248471e+01,2.245725e+01,2.237484e+01,2.247098e+01,2.246412e+01,2.247785e+01,2.245725e+01,2.253275e+01,2.245725e+01,2.244352e+01,2.236110e+01,2.240232e+01,2.238858e+01,2.244352e+01,2.240919e+01,2.241605e+01,2.245725e+01,2.236110e+01,2.247098e+01,2.245725e+01,2.245039e+01,2.241605e+01,2.253960e+01,2.244352e+01,2.247098e+01,2.251216e+01,2.243666e+01,2.229923e+01,2.230611e+01,2.244352e+01,2.247785e+01,2.237484e+01,2.223045e+01,2.236110e+01,2.235422e+01,2.236110e+01,2.245039e+01,2.247098e+01,2.236797e+01,2.234048e+01,2.227860e+01,2.247098e+01,2.231298e+01,2.234048e+01,2.235422e+01,2.236110e+01,2.234735e+01,2.229923e+01,2.238171e+01,2.230611e+01,2.231986e+01,2.236110e+01,2.223733e+01,2.229235e+01,2.227172e+01,2.227860e+01,2.240919e+01,2.231986e+01,2.223733e+01,2.219604e+01,2.228548e+01,2.224421e+01,2.229235e+01,2.235422e+01,2.237484e+01,2.239545e+01,2.240232e+01,2.225109e+01,2.237484e+01,2.240919e+01,2.234048e+01,2.235422e+01,2.228548e+01,2.209964e+01,2.226485e+01,2.230611e+01,2.233360e+01,2.231986e+01,2.234048e+01,2.235422e+01,2.235422e+01,2.234048e+01,2.240232e+01,2.242292e+01,2.225797e+01,2.234048e+01,2.232673e+01,2.227172e+01,2.229923e+01,2.235422e+01,2.228548e+01,2.236110e+01,2.230611e+01,2.230611e+01,2.225797e+01,2.240232e+01,2.217539e+01,2.212719e+01,2.223733e+01,2.220981e+01,2.222357e+01,2.218228e+01,2.227860e+01,2.220981e+01,2.221669e+01,2.212030e+01,2.214785e+01,2.215474e+01,2.218916e+01,2.235422e+01,2.230611e+01,2.216851e+01,2.223733e+01,2.214785e+01,2.212719e+01,2.207897e+01,2.216851e+01,2.220292e+01,2.209275e+01,2.218228e+01,2.231298e+01,2.209964e+01,2.210653e+01,2.213408e+01,2.215474e+01,2.227172e+01,2.207897e+01,2.210653e+01,2.222357e+01,2.208586e+01,2.223733e+01,2.221669e+01,2.219604e+01,2.201004e+01,2.225797e+01,2.212030e+01,2.220981e+01,2.205829e+01,2.223045e+01,2.205140e+01,2.223045e+01,2.220292e+01,2.218228e+01,2.213408e+01,2.201693e+01,2.205829e+01,2.208586e+01,2.205140e+01,2.227172e+01,2.228548e+01,2.238858e+01,2.234048e+01,2.242979e+01,2.257390e+01,2.260818e+01,2.254646e+01,2.266986e+01,2.256704e+01,2.269726e+01,2.272465e+01,2.269726e+01,2.243666e+01,2.264930e+01,2.264245e+01,2.249158e+01,2.268356e+01,2.265615e+01,2.253960e+01,2.240232e+01,2.269726e+01,2.256704e+01,2.247098e+01
2.419994e+01,2.424719e+01,2.423369e+01,2.424719e+01,2.427417e+01,2.407837e+01,2.422694e+01,2.416619e+01,2.418644e+01,2.400400e+01,2.411891e+01,2.396341e+01,2.408512e+01,2.387542e+01,2.384833e+01,2.385510e+01,2.378735e+01,2.366529e+01,2.377380e+01,2.355667e+01,2.354308e+01,2.361099e+01,2.353629e+01,2.337311e+01,2.350231e+01,2.340032e+01,2.329823e+01,2.323012e+01,2.317559e+01,2.304598e+01,2.309375e+01,2.303915e+01,2.298452e+01,2.295037e+01,2.290253e+01,2.276573e+01,2.273150e+01,2.277942e+01,2.263560e+01,2.271096e+01,2.271780e+01,2.270411e+01,2.259447e+01,2.260818e+01,2.266986e+01,2.275204e+01,2.266301e+01,2.265615e+01,2.272465e+01,2.273150e+01,2.254646e+01,2.266986e+01,2.273835e+01,2.280679e+01,2.263560e+01,2.272465e+01,2.279995e+01,2.285467e+01,2.293670e+01,2.286835e+01,2.279995e+01,2.281363e+01,2.279995e+01,2.286151e+01,2.291620e+01,2.305963e+01,2.299818e+01,2.324374e+01,2.333908e+01,2.327099e+01,2.342073e+01,2.345473e+01,2.361778e+01,2.364493e+01,2.387542e+01,2.391604e+01,2.410540e+01,2.380091e+01,2.394311e+01,2.385510e+01,2.372634e+01,2.375346e+01,2.389573e+01,2.371277e+01,2.340713e+01,2.329142e+01,2.329142e+01,2.296403e+01,2.292303e+01,2.290253e+01,2.289569e+01,2.289569e+01,2.277257e+01,2.260818e+01,2.258761e+01,2.248471e+01,2.238171e+01,2.235422e+01,2.238858e+01,2.235422e+01,2.229235e+01,2.238858e+01,2.234048e+01,2.236797e+01,2.234048e+01,2.239545e+01,2.245725e+01,2.233360e+01,2.218916e+01,2.229923e+01,2.234048e+01,2.225109e+01,2.238858e+01,2.240232e+01,2.236797e+01,2.227172e+01,2.236797e+01,2.235422e+01,2.244352e+01,2.233360e+01,2.235422e+01,2.230611e+01,2.229235e+01,2.235422e+01,2.230611e+01,2.234735e+01,2.230611e+01,2.234735e+01,2.231298e+01,2.232673e+01,2.227172e+01,2.236110e+01,2.229923e+01,2.232673e+01,2.229923e+01,2.238171e+01,2.245039e+01,2.243666e+01,2.234735e+01,2.231986e+01,2.235422e+01,2.236110e+01,2.244352e+01,2.244352e+01,2.240232e+01,2.246412e+01,2.242292e+01,2.237484e+01,2.232673e+01,2.236797e+01,2.217539e+01,2.227172e+01,2.235422e+01,2.240232e+01,2.236797e+01,2.223733e+01,2.223045e+01,2.226485e+01,2.227172e+01,2.227860e+01,2.227860e+01,2.238858e+01,2.229923e+01,2.231986e+01,2.230611e+01,2.235422e+01,2.234048e+01,2.232673e+01,2.240232e+01,2.237484e+01,2.236110e+01,2.231986e+01,2.243666e+01,2.228548e+01,2.242979e+01,2.249844e+01,2.230611e+01,2.237484e+01,2.237484e+01,2.237484e+01,2.236797e+01,2.238858e+01,2.238858e+01,2.242979e+01,2.237484e+01,2.236110e+01,2.229235e+01,2.236110e+01,2.224421e+01,2.221669e+01,2.234048e+01,2.224421e+01,2.225109e+01,2.216162e+01,2.228548e+01,2.212719e+01,2.227860e+01,2.222357e+01,2.225109e+01,2.236797e+01,2.229923e+01,2.218916e+01,2.218228e+01,2.220292e+01,2.219604e+01,2.214785e+01,2.218916e+01,2.221669e+01,2.227172e+01,2.229923e+01,2.221669e+01,2.218228e+01,2.216162e+01,2.223045e+01,2.231986e+01,2.222357e+01,2.223733e+01,2.231298e+01,2.222357e+01,2.231298e+01,2.228548e+01,2.234735e+01,2.230611e+01,2.229235e+01,2.225109e+01,2.220292e+01,2.220292e+01,2.220292e+01,2.214785e+01,2.215474e+01,2.216851e+01,2.218228e+01,2.212030e+01,2.204451e+01,2.223733e+01,2.217539e+01,2.233360e+01,2.223045e+01,2.198935e+01,2.200314e+01,2.178915e+01,2.192036e+01,2.186513e+01,2.218228e+01,2.228548e+01,2.264930e+01,2.254646e+01,2.269726e+01,2.284099e+01,2.266301e+01,2.271096e+01,2.284099e+01,2.276573e+01,2.288202e+01,2.292987e+01,2.310057e+01,2.310739e+01,2.333908e+01,2.327780e+01,2.333908e+01,2.349552e+01,2.350231e+01,2.350231e+01,2.354987e+01,2.362457e+01,2.385510e+01,2.390927e+01,2.407161e+01,2.392958e+01,2.404457e+01,2.398371e+01,2.382123e+01,2.380091e+01,2.375346e+01,2.374668e+01,2.357025e+01,2.357025e+01,2.360420e+01,2.363136e+01,2.357704e+01,2.342753e+01,2.340032e+01,2.346833e+01,2.337991e+01,2.341393e+01,2.342073e+01,2.347513e+01,2.336630e+01,2.337991e+01,2.357025e+01,2.364493e+01,2.343433e+01,2.365850e+01,2.358383e+01,2.354308e+01,2.376702e+01,2.373990e+01,2.413917e+01,2.417969e+01,2.436857e+01,2.469156e+01,2.487281e+01,2.513406e+01,2.521431e+01,2.530787e+01,2.570121e+01,2.598032e+01,2.586079e+01,2.605993e+01,2.629179e+01,2.617261e+01,2.629841e+01,2.635133e+01,2.636456e+01,2.647691e+01,2.650333e+01,2.641744e+01,2.641744e+01,2.645709e+01,2.640422e+01,2.642405e+01,2.649673e+01,2.637117e+01,2.659575e+01,2.625208e+01,2.638439e+01,2.654955e+01,2.629841e+01,2.632487e+01,2.643066e+01,2.628517e+01,2.637117e+01,2.634472e+01,2.639100e+01,2.624546e+01,2.608646e+01,2.619248e+01,2.617924e+01,2.613286e+01,2.616599e+01,2.589401e+01,2.572782e+01,2.507383e+01,2.433487e+01,2.444941e+01,2.438205e+01,2.479230e+01,2.487952e+01,2.508052e+01,2.531454e+01,2.547471e+01,2.550139e+01,2.550805e+01,2.556137e+01,2.554804e+01,2.572117e+01,2.562132e+01,2.560800e+01,2.551472e+01,2.553472e+01,2.560134e+01,2.550139e+01,2.550139e+01,2.560134e+01,2.528782e+01,2.530119e+01,2.520763e+01,2.495326e+01,2.498677e+01,2.498007e+01,2.503366e+01,2.503366e+01,2.528115e+01,2.515413e+01,2.549472e+01,2.548138e+01,2.558802e+01,2.584750e+01,2.588072e+01,2.586743e+01,2.595377e+01,2.599359e+01,2.596041e+01,2.599359e+01,2.611297e+01,2.606656e+01,2.600686e+01,2.596041e+01,2.594713e+01,2.592057e+01,2.571451e+01,2.569455e+01,2.566793e+01,2.565462e+01,2.558136e+01,2.576773e+01,2.558136e+01,2.556804e+01,2.546138e+01,2.554804e+01,2.532790e+01,2.531454e+01,2.510730e+01,2.493316e+01,2.475873e+01,2.459073e+01,2.467141e+01,2.464452e+01,2.462436e+01,2.446961e+01,2.458401e+01,2.441573e+01,2.437531e+01,2.443594e+01,2.455038e+01,2.456383e+01,2.464452e+01,2.462436e+01,2.463108e+01,2.457056e+01,2.460419e+01,2.449654e+01,2.419319e+01,2.414593e+01,2.407837e+01,2.380091e+01,2.348192e+01,2.363136e+01,2.342753e+01,2.348872e+01,2.348872e+01,2.350231e+01,2.335269e+01,2.317559e+01,2.336630e+01,2.345473e+01,2.348192e+01,2.348192e+01,2.344793e+01,2.307328e+01,2.271780e+01,2.269041e+01,2.261503e+01,2.252588e+01,2.277257e+01,2.260132e+01,2.251216e+01,2.253960e+01,2.261503e+01,2.260132e+01,2.264245e+01,2.249844e+01,2.256018e+01,2.251216e+01,2.258076e+01,2.253960e+01,2.261503e+01,2.256704e+01,2.249844e+01,2.249158e+01,2.246412e+01,2.251216e+01,2.249158e+01,2.262874e+01,2.256704e+01,2.258076e+01,2.248471e+01,2.256704e+01,2.256704e+01,2.244352e+01,2.252588e+01,2.253275e+01,2.247098e+01,2.246412e+01,2.245725e+01,2.251902e+01,2.247098e+01,2.244352e+01,2.242979e+01,2.235422e+01,2.244352e+01,2.246412e+01,2.243666e+01,2.244352e+01,2.237484e+01,2.242292e+01,2.250530e+01,2.247785e+01,2.242979e+01,2.244352e+01,2.248471e+01,2.250530e+01,2.253960e+01,2.251216e+01,2.246412e+01,2.232673e+01,2.245725e+01,2.239545e+01,2.240919e+01,2.236110e+01,2.236797e+01,2.236797e+01,2.241605e+01,2.238858e+01,2.236110e+01,2.233360e+01,2.231986e+01,2.241605e+01,2.227860e+01,2.245725e+01,2.234048e+01,2.229923e+01,2.231298e+01,2.235422e+01,2.238858e+01,2.249158e+01,2.242292e+01,2.239545e+01,2.231986e+01,2.242292e+01,2.234735e+01,2.235422e+01,2.240919e+01,2.234735e+01,2.231986e+01,2.234048e+01,2.232673e+01,2.226485e+01,2.219604e+01,2.239545e+01,2.223045e+01,2.244352e+01,2.235422e+01,2.232673e+01,2.236110e+01,2.231298e+01,2.221669e+01,2.242292e+01,2.227860e+01,2.233360e+01,2.234735e+01,2.236110e+01,2.229235e+01,2.227172e+01,2.235422e+01,2.235422e+01,2.234048e+01,2.231298e+01,2.234048e+01,2.223733e+01,2.227172e+01,2.225797e+01,2.226485e+01,2.223733e+01,2.231298e+01,2.248471e+01,2.227172e+01,2.231986e+01,2.233360e+01,2.224421e+01,2.239545e+01,2.222357e+01,2.228548e+01,2.238858e+01,2.216851e+01,2.216851e+01,2.227860e+01,2.227172e+01,2.222357e+01,2.227860e+01,2.218228e+01,2.217539e+01,2.214096e+01,2.216851e+01,2.232673e+01,2.220981e+01,2.227172e+01,2.217539e+01,2.217539e+01,2.224421e+01,2.220981e+01,2.207897e+01,2.211341e+01,2.227172e+01,2.222357e+01,2.236797e+01,2.218916e+01,2.209275e+01,2.234048e+01,2.211341e+01,2.212719e+01,2.234735e+01,2.224421e+01,2.238858e+01,2.215474e+01,2.228548e+01,2.209964e+01,2.218916e+01,2.218228e+01,2.216162e+01,2.218228e+01,2.205140e+01,2.213408e+01,2.212719e+01,2.216162e+01,2.212719e+01,2.218916e+01,2.212719e+01,2.196176e+01,2.221669e+01,2.195486e+01,2.198935e+01,2.203761e+01,2.197555e+01,2.210653e+01,2.212719e+01,2.212030e+01,2.234048e+01,2.238171e+01,2.240919e+01,2.236797e+01,2.242292e+01,2.252588e+01,2.260818e+01,2.257390e+01,2.267671e+01,2.268356e+01,2.248471e+01,2.269726e+01,2.265615e+01,2.271780e+01,2.275888e+01,2.260132e+01,2.270411e+01,2.263560e+01,2.264245e+01,2.267671e+01,2.261503e+01,2.261503e+01,2.249158e+01
2.429441e+01,2.426068e+01,2.423369e+01,2.428766e+01,2.422694e+01,2.419994e+01,2.421344e+01,2.413242e+01,2.419319e+01,2.418644e+01,2.405809e+01,2.398371e+01,2.387542e+01,2.386865e+01,2.378057e+01,2.388219e+01,2.379413e+01,2.377380e+01,2.354308e+01,2.353629e+01,2.369242e+01,2.354308e+01,2.349552e+01,2.347513e+01,2.346153e+01,2.347513e+01,2.325737e+01,2.342073e+01,2.322330e+01,2.320286e+01,2.288886e+01,2.311422e+01,2.287519e+01,2.302550e+01,2.285467e+01,2.276573e+01,2.276573e+01,2.281363e+01,2.269726e+01,2.271780e+01,2.278626e+01,2.269726e+01,2.269041e+01,2.269726e+01,2.256704e+01,2.279995e+01,2.270411e+01,2.268356e+01,2.264245e+01,2.277942e+01,2.265615e+01,2.269041e+01,2.266301e+01,2.258761e+01,2.260818e+01,2.262874e+01,2.272465e+01,2.263560e+01,2.272465e+01,2.281363e+01,2.274519e+01,2.277942e+01,2.266986e+01,2.268356e+01,2.263560e+01,2.262874e+01,2.264245e+01,2.269726e+01,2.269041e+01,2.287519e+01,2.292303e+01,2.302550e+01,2.303915e+01,2.318923e+01,2.335950e+01,2.346153e+01,2.344793e+01,2.363136e+01,2.344113e+01,2.337991e+01,2.344793e+01,2.326418e+01,2.329823e+01,2.329823e+01,2.287519e+01,2.294353e+01,2.266986e+01,2.269726e+01,2.265615e+01,2.247785e+01,2.273835e+01,2.258076e+01,2.244352e+01,2.243666e+01,2.245039e+01,2.240232e+01,2.219604e+01,2.238858e+01,2.232673e+01,2.242292e+01,2.238171e+01,2.236797e+01,2.228548e+01,2.233360e+01,2.235422e+01,2.222357e+01,2.220292e+01,2.222357e+01,2.215474e+01,2.234735e+01,2.225797e+01,2.236797e+01,2.229923e+01,2.239545e+01,2.228548e+01,2.228548e+01,2.232673e+01,2.241605e+01,2.228548e+01,2.240919e+01,2.228548e+01,2.226485e+01,2.225109e+01,2.235422e+01,2.225797e+01,2.236110e+01,2.231986e+01,2.232673e+01,2.231986e+01,2.235422e+01,2.218228e+01,2.227860e+01,2.226485e+01,2.227860e+01,2.234048e+01,2.234048e+01,2.238858e+01,2.231298e+01,2.234048e+01,2.229923e+01,2.227172e+01,2.240232e+01,2.230611e+01,2.230611e+01,2.223733e+01,2.231986e+01,2.214785e+01,2.224421e+01,2.214096e+01,2.236110e+01,2.212719e+01,2.226485e+01,2.225109e+01,2.227860e+01,2.232673e+01,2.236797e+01,2.223733e+01,2.229235e+01,2.233360e+01,2.233360e+01,2.234735e+01,2.221669e+01,2.219604e+01,2.234048e+01,2.226485e+01,2.231298e+01,2.227172e+01,2.230611e+01,2.225797e+01,2.235422e+01,2.234048e+01,2.233360e+01,2.231298e+01,2.232673e+01,2.237484e+01,2.238858e+01,2.236797e+01,2.236110e+01,2.237484e+01,2.236797e+01,2.234735e+01,2.236797e+01,2.235422e+01,2.245039e+01,2.234048e+01,2.244352e+01,2.231986e+01,2.231298e+01,2.225109e+01,2.221669e+01,2.223045e+01,2.227860e+01,2.225797e+01,2.227860e+01,2.227860e+01,2.229235e+01,2.223733e+01,2.221669e+01,2.235422e+01,2.220981e+01,2.220981e+01,2.216162e+01,2.216851e+01,2.216851e+01,2.216162e+01,2.214785e+01,2.216162e+01,2.225797e+01,2.226485e+01,2.218916e+01,2.216851e+01,2.218228e+01,2.216851e+01,2.213408e+01,2.225797e+01,2.227860e+01,2.224421e+01,2.220292e+01,2.218228e+01,2.231298e+01,2.227860e+01,2.219604e+01,2.217539e+01,2.230611e+01,2.216851e+01,2.218916e+01,2.217539e+01,2.220292e+01,2.195486e+01,2.217539e+01,2.197555e+01,2.198935e+01,2.212030e+01,2.199624e+01,2.220981e+01,2.210653e+01,2.201693e+01,2.193416e+01,2.198935e+01,2.198935e+01,2.174076e+01,2.176841e+01,2.176841e+01,2.194796e+01,2.228548e+01,2.251216e+01,2.249844e+01,2.272465e+01,2.270411e+01,2.282731e+01,2.272465e+01,2.287519e+01,2.287519e+01,2.290937e+01,2.293670e+01,2.316877e+01,2.327099e+01,2.316195e+01,2.341393e+01,2.344113e+01,2.335269e+01,2.360420e+01,2.352949e+01,2.372634e+01,2.361778e+01,2.367886e+01,2.386865e+01,2.392281e+01,2.392281e+01,2.406485e+01,2.386187e+01,2.376024e+01,2.384833e+01,2.375346e+01,2.375346e+01,2.372634e+01,2.354308e+01,2.357704e+01,2.357025e+01,2.355667e+01,2.348872e+01,2.344113e+01,2.335950e+01,2.336630e+01,2.337991e+01,2.340713e+01,2.341393e+01,2.337991e+01,2.337991e+01,2.338672e+01,2.337991e+01,2.353629e+01,2.346153e+01,2.348872e+01,2.346153e+01,2.356346e+01,2.382801e+01,2.393634e+01,2.417969e+01,2.436183e+01,2.479901e+01,2.487281e+01,2.512068e+01,2.526778e+01,2.540133e+01,2.565462e+01,2.604004e+01,2.584750e+01,2.600686e+01,2.627194e+01,2.623884e+01,2.617261e+01,2.633149e+01,2.630502e+01,2.637778e+01,2.643727e+01,2.641744e+01,2.642405e+01,2.644388e+01,2.645709e+01,2.649012e+01,2.642405e+01,2.639761e+01,2.638439e+01,2.638439e+01,2.637778e+01,2.639761e+01,2.642405e+01,2.631826e+01,2.641084e+01,2.639761e+01,2.631826e+01,2.627194e+01,2.633810e+01,2.617261e+01,2.623884e+01,2.618586e+01,2.615274e+01,2.624546e+01,2.615274e+01,2.588072e+01,2.574778e+01,2.510730e+01,2.434161e+01,2.425393e+01,2.440900e+01,2.471844e+01,2.489293e+01,2.491975e+01,2.532122e+01,2.537464e+01,2.538799e+01,2.548805e+01,2.564796e+01,2.572782e+01,2.562132e+01,2.550139e+01,2.568124e+01,2.566127e+01,2.558136e+01,2.565462e+01,2.561466e+01,2.552139e+01,2.536796e+01,2.544137e+01,2.523437e+01,2.513406e+01,2.510060e+01,2.495326e+01,2.498677e+01,2.500017e+01,2.512737e+01,2.514744e+01,2.536796e+01,2.545471e+01,2.550805e+01,2.576108e+01,2.592057e+01,2.584750e+01,2.593385e+01,2.596704e+01,2.592057e+01,2.600686e+01,2.603340e+01,2.591393e+01,2.598696e+01,2.597368e+01,2.598032e+01,2.590065e+01,2.565462e+01,2.580097e+01,2.568124e+01,2.559468e+01,2.566127e+01,2.558136e+01,2.563464e+01,2.546805e+01,2.551472e+01,2.549472e+01,2.542802e+01,2.538131e+01,2.525442e+01,2.508052e+01,2.493986e+01,2.471172e+01,2.453019e+01,2.438205e+01,2.461763e+01,2.452346e+01,2.434161e+01,2.428766e+01,2.440900e+01,2.436183e+01,2.444268e+01,2.459746e+01,2.461091e+01,2.464452e+01,2.469156e+01,2.461763e+01,2.463780e+01,2.443594e+01,2.448981e+01,2.434161e+01,2.415268e+01,2.410540e+01,2.361099e+01,2.360420e+01,2.348192e+01,2.346833e+01,2.352270e+01,2.352949e+01,2.352270e+01,2.332547e+01,2.322330e+01,2.332547e+01,2.353629e+01,2.349552e+01,2.350911e+01,2.350231e+01,2.312104e+01,2.272465e+01,2.271780e+01,2.259447e+01,2.257390e+01,2.254646e+01,2.265615e+01,2.261503e+01,2.252588e+01,2.255332e+01,2.264245e+01,2.246412e+01,2.255332e+01,2.258076e+01,2.256704e+01,2.232673e+01,2.264930e+01,2.257390e+01,2.254646e+01,2.254646e+01,2.249844e+01,2.261503e+01,2.253960e+01,2.252588e+01,2.248471e+01,2.249158e+01,2.256018e+01,2.247785e+01,2.247785e+01,2.251216e+01,2.256704e+01,2.245725e+01,2.246412e+01,2.248471e+01,2.248471e+01,2.245725e+01,2.247098e+01,2.236797e+01,2.246412e+01,2.244352e+01,2.238858e+01,2.240232e+01,2.249158e+01,2.232673e+01,2.242979e+01,2.247098e+01,2.256704e+01,2.249158e+01,2.249158e+01,2.239545e+01,2.247785e+01,2.256704e+01,2.258761e+01,2.247098e+01,2.253275e+01,2.256704e+01,2.236110e+01,2.254646e+01,2.238858e+01,2.234048e+01,2.242979e+01,2.234048e+01,2.238171e+01,2.240919e+01,2.240919e+01,2.237484e+01,2.235422e+01,2.235422e+01,2.239545e+01,2.232673e+01,2.230611e+01,2.245725e+01,2.234735e+01,2.238171e+01,2.231298e+01,2.246412e+01,2.238858e+01,2.240232e+01,2.229923e+01,2.231298e+01,2.238858e+01,2.235422e+01,2.236797e+01,2.234735e+01,2.240232e+01,2.232673e+01,2.240919e+01,2.226485e+01,2.232673e+01,2.223733e+01,2.230611e+01,2.238171e+01,2.229923e+01,2.236110e+01,2.241605e+01,2.242292e+01,2.238171e+01,2.230611e+01,2.236110e+01,2.218228e+01,2.238858e+01,2.225109e+01,2.227172e+01,2.234735e+01,2.227172e+01,2.230611e+01,2.229235e+01,2.234735e+01,2.234735e+01,2.233360e+01,2.223733e+01,2.229923e+01,2.236110e+01,2.229235e+01,2.217539e+01,2.213408e+01,2.218916e+01,2.231986e+01,2.234735e+01,2.227172e+01,2.229235e+01,2.231298e+01,2.228548e+01,2.230611e+01,2.214096e+01,2.227860e+01,2.231986e+01,2.229923e+01,2.220292e+01,2.240232e+01,2.224421e+01,2.231298e+01,2.225109e+01,2.227860e+01,2.234048e+01,2.228548e+01,2.231298e+01,2.218228e+01,2.220981e+01,2.221669e+01,2.220292e+01,2.214785e+01,2.218228e+01,2.223045e+01,2.227172e+01,2.234048e+01,2.227172e+01,2.211341e+01,2.218228e+01,2.225109e+01,2.216162e+01,2.212030e+01,2.210653e+01,2.210653e+01,2.207207e+01,2.231986e+01,2.236110e+01,2.207207e+01,2.209275e+01,2.207207e+01,2.207897e+01,2.209275e+01,2.203761e+01,2.216162e+01,2.207897e+01,2.198935e+01,2.197555e+01,2.205140e+01,2.201693e+01,2.196866e+01,2.201004e+01,2.209275e+01,2.203761e+01,2.214785e+01,2.198245e+01,2.201693e+01,2.197555e+01,2.214096e+01,2.216851e+01,2.238858e+01,2.240232e+01,2.242292e+01,2.253960e+01,2.258076e+01,2.249844e+01,2.259447e+01,2.252588e+01,2.265615e+01,2.267671e+01,2.268356e+01,2.244352e+01,2.250530e+01,2.254646e+01,2.264930e+01,2.261503e+01,2.261503e+01,2.259447e+01,2.258761e+01,2.262874e+01,2.260132e+01,2.238858e+01
2.429441e+01,2.428092e+01,2.422694e+01,2.427417e+01,2.417294e+01,2.420670e+01,2.424719e+01,2.415943e+01,2.417294e+01,2.406485e+01,2.384155e+01,2.402428e+01,2.392958e+01,2.380768e+01,2.390250e+01,2.389573e+01,2.375346e+01,2.374668e+01,2.376024e+01,2.373990e+01,2.354987e+01,2.350231e+01,2.347513e+01,2.346833e+01,2.346153e+01,2.335269e+01,2.339352e+01,2.327780e+01,2.325056e+01,2.301184e+01,2.305280e+01,2.289569e+01,2.295037e+01,2.278626e+01,2.279310e+01,2.279310e+01,2.263560e+01,2.269726e+01,2.276573e+01,2.270411e+01,2.278626e+01,2.266986e+01,2.270411e+01,2.271780e+01,2.252588e+01,2.266986e+01,2.268356e+01,2.265615e+01,2.271780e+01,2.271780e+01,2.271780e+01,2.256704e+01,2.256704e+01,2.264245e+01,2.264245e+01,2.263560e+01,2.273835e+01,2.277942e+01,2.264930e+01,2.256018e+01,2.252588e+01,2.265615e+01,2.261503e+01,2.265615e+01,2.262874e+01,2.261503e+01,2.258761e+01,2.257390e+01,2.268356e+01,2.271780e+01,2.267671e+01,2.286151e+01,2.288886e+01,2.289569e+01,2.296403e+01,2.297086e+01,2.289569e+01,2.305280e+01,2.282731e+01,2.290937e+01,2.290937e+01,2.290253e+01,2.286835e+01,2.284783e+01,2.267671e+01,2.259447e+01,2.249844e+01,2.247098e+01,2.247098e+01,2.224421e+01,2.244352e+01,2.238858e+01,2.237484e+01,2.245725e+01,2.225109e+01,2.233360e+01,2.229235e+01,2.229235e+01,2.239545e+01,2.235422e+01,2.231986e+01,2.236797e+01,2.225109e+01,2.245039e+01,2.236797e+01,2.235422e+01,2.238858e+01,2.228548e+01,2.225797e+01,2.224421e+01,2.226485e+01,2.221669e+01,2.223733e+01,2.225797e+01,2.230611e+01,2.226485e+01,2.228548e+01,2.233360e+01,2.227860e+01,2.233360e+01,2.238858e+01,2.226485e+01,2.225109e+01,2.227172e+01,2.236797e+01,2.230611e+01,2.229235e+01,2.220292e+01,2.228548e+01,2.216162e+01,2.220292e+01,2.214096e+01,2.231986e+01,2.234048e+01,2.250530e+01,2.234048e+01,2.221669e+01,2.233360e+01,2.236797e+01,2.232673e+01,2.236110e+01,2.227860e+01,2.240232e+01,2.229923e+01,2.225109e+01,2.227172e+01,2.220981e+01,2.214785e+01,2.221669e+01,2.212719e+01,2.212719e+01,2.225797e+01,2.218228e+01,2.226485e+01,2.225109e+01,2.225797e+01,2.231298e+01,2.225109e+01,2.226485e+01,2.226485e+01,2.231986e+01,2.230611e+01,2.226485e+01,2.230611e+01,2.218916e+01,2.226485e+01,2.225109e+01,2.245039e+01,2.232673e+01,2.234735e+01,2.231986e+01,2.236797e+01,2.242292e+01,2.233360e+01,2.237484e+01,2.228548e+01,2.228548e+01,2.243666e+01,2.231986e+01,2.237484e+01,2.236797e+01,2.239545e+01,2.239545e+01,2.247098e+01,2.243666e+01,2.229235e+01,2.240919e+01,2.230611e+01,2.231298e+01,2.218228e+01,2.221669e+01,2.221669e+01,2.229235e+01,2.210653e+01,2.212719e+01,2.223045e+01,2.215474e+01,2.217539e+01,2.229923e+01,2.232673e+01,2.227172e+01,2.219604e+01,2.229235e+01,2.216162e+01,2.220981e+01,2.215474e+01,2.215474e+01,2.217539e+01,2.211341e+01,2.219604e+01,2.217539e+01,2.218228e+01,2.223733e+01,2.224421e+01,2.213408e+01,2.219604e+01,2.223045e+01,2.223045e+01,2.218228e+01,2.225109e+01,2.235422e+01,2.214785e+01,2.227172e+01,2.223733e+01,2.217539e+01,2.210653e+01,2.227172e+01,2.219604e+01,2.210653e+01,2.213408e+01,2.205829e+01,2.199624e+01,2.214785e+01,2.200314e+01,2.215474e+01,2.211341e+01,2.199624e+01,2.194796e+01,2.187204e+01,2.179606e+01,2.187894e+01,2.152622e+01,2.174076e+01,2.194796e+01,2.245725e+01,2.241605e+01,2.256018e+01,2.271096e+01,2.244352e+01,2.286835e+01,2.264245e+01,2.280679e+01,2.283415e+01,2.295037e+01,2.299135e+01,2.321649e+01,2.324374e+01,2.327099e+01,2.327780e+01,2.335269e+01,2.356346e+01,2.354987e+01,2.362457e+01,2.359062e+01,2.381446e+01,2.368564e+01,2.388896e+01,2.392281e+01,2.401752e+01,2.394311e+01,2.388896e+01,2.392281e+01,2.378735e+01,2.373312e+01,2.363136e+01,2.371277e+01,2.359062e+01,2.359741e+01,2.349552e+01,2.340713e+01,2.340713e+01,2.354308e+01,2.351590e+01,2.344113e+01,2.355667e+01,2.345473e+01,2.348192e+01,2.337991e+01,2.333908e+01,2.336630e+01,2.339352e+01,2.335950e+01,2.335950e+01,2.350911e+01,2.337311e+01,2.354987e+01,2.350911e+01,2.384833e+01,2.398371e+01,2.419994e+01,2.460419e+01,2.480572e+01,2.495997e+01,2.524773e+01,2.546805e+01,2.566127e+01,2.554138e+01,2.589401e+01,2.593385e+01,2.619911e+01,2.629179e+01,2.629179e+01,2.633810e+01,2.635794e+01,2.639761e+01,2.642405e+01,2.640422e+01,2.643066e+01,2.643727e+01,2.646370e+01,2.641744e+01,2.650333e+01,2.654955e+01,2.639761e+01,2.637117e+01,2.639761e+01,2.639761e+01,2.632487e+01,2.632487e+01,2.645049e+01,2.640422e+01,2.631826e+01,2.631164e+01,2.629179e+01,2.637117e+01,2.612623e+01,2.623222e+01,2.626532e+01,2.616599e+01,2.615936e+01,2.584750e+01,2.573447e+01,2.516751e+01,2.430115e+01,2.431464e+01,2.427417e+01,2.461763e+01,2.484598e+01,2.503366e+01,2.546138e+01,2.544804e+01,2.557470e+01,2.560134e+01,2.554138e+01,2.561466e+01,2.573447e+01,2.567459e+01,2.559468e+01,2.571451e+01,2.576108e+01,2.562132e+01,2.551472e+01,2.561466e+01,2.551472e+01,2.527446e+01,2.522100e+01,2.495997e+01,2.509391e+01,2.504705e+01,2.502026e+01,2.504705e+01,2.527446e+01,2.513406e+01,2.535461e+01,2.550805e+01,2.558802e+01,2.579433e+01,2.587408e+01,2.597368e+01,2.592057e+01,2.586079e+01,2.594713e+01,2.592057e+01,2.596704e+01,2.599359e+01,2.603340e+01,2.589401e+01,2.588072e+01,2.588072e+01,2.570121e+01,2.585415e+01,2.567459e+01,2.553472e+01,2.564130e+01,2.553472e+01,2.561466e+01,2.552139e+01,2.540801e+01,2.550139e+01,2.524773e+01,2.522768e+01,2.506713e+01,2.508052e+01,2.469828e+01,2.465124e+01,2.455710e+01,2.453692e+01,2.446961e+01,2.440226e+01,2.444268e+01,2.443594e+01,2.437531e+01,2.446288e+01,2.433487e+01,2.444268e+01,2.438878e+01,2.457728e+01,2.460419e+01,2.463108e+01,2.461763e+01,2.461763e+01,2.440900e+01,2.418644e+01,2.403781e+01,2.363136e+01,2.369242e+01,2.360420e+01,2.353629e+01,2.366529e+01,2.349552e+01,2.352949e+01,2.331866e+01,2.329823e+01,2.330504e+01,2.335269e+01,2.363814e+01,2.358383e+01,2.341393e+01,2.356346e+01,2.317559e+01,2.282047e+01,2.275204e+01,2.273835e+01,2.262189e+01,2.262189e+01,2.264245e+01,2.264245e+01,2.262874e+01,2.265615e+01,2.261503e+01,2.258076e+01,2.264930e+01,2.249844e+01,2.261503e+01,2.254646e+01,2.264930e+01,2.255332e+01,2.250530e+01,2.249158e+01,2.254646e+01,2.253960e+01,2.256018e+01,2.260818e+01,2.253275e+01,2.251216e+01,2.260132e+01,2.255332e+01,2.264930e+01,2.239545e+01,2.256018e+01,2.244352e+01,2.247098e+01,2.246412e+01,2.246412e+01,2.256018e+01,2.245039e+01,2.240919e+01,2.250530e+01,2.244352e+01,2.244352e+01,2.247785e+01,2.242292e+01,2.242292e+01,2.242979e+01,2.258076e+01,2.243666e+01,2.248471e+01,2.260132e+01,2.249158e+01,2.242292e+01,2.251902e+01,2.251902e+01,2.253275e+01,2.233360e+01,2.243666e+01,2.246412e+01,2.247785e+01,2.250530e+01,2.236797e+01,2.238858e+01,2.238171e+01,2.234735e+01,2.235422e+01,2.237484e+01,2.234048e+01,2.240232e+01,2.247785e+01,2.236797e+01,2.228548e+01,2.230611e+01,2.234048e+01,2.234735e+01,2.241605e+01,2.238171e+01,2.238858e+01,2.256704e+01,2.231298e+01,2.253275e+01,2.232673e+01,2.245725e+01,2.229235e+01,2.229235e+01,2.228548e+01,2.235422e+01,2.241605e+01,2.238171e+01,2.220981e+01,2.225797e+01,2.242292e+01,2.231298e+01,2.239545e+01,2.240232e+01,2.230611e+01,2.229235e+01,2.231986e+01,2.242292e+01,2.240232e+01,2.240232e+01,2.231986e+01,2.233360e+01,2.229235e+01,2.229923e+01,2.231298e+01,2.229923e+01,2.235422e+01,2.236797e+01,2.235422e+01,2.236110e+01,2.227860e+01,2.234048e+01,2.229923e+01,2.219604e+01,2.222357e+01,2.230611e+01,2.231986e+01,2.242979e+01,2.225109e+01,2.231298e+01,2.239545e+01,2.224421e+01,2.234735e+01,2.223733e+01,2.236797e+01,2.236110e+01,2.231298e+01,2.229923e+01,2.223733e+01,2.226485e+01,2.221669e+01,2.223733e+01,2.207897e+01,2.209964e+01,2.218916e+01,2.216851e+01,2.218228e+01,2.214785e+01,2.221669e+01,2.223045e+01,2.213408e+01,2.212030e+01,2.218228e+01,2.223045e+01,2.226485e+01,2.218228e+01,2.235422e+01,2.218916e+01,2.239545e+01,2.218228e+01,2.221669e+01,2.215474e+01,2.223733e+01,2.212030e+01,2.209964e+01,2.214785e+01,2.220981e+01,2.207897e+01,2.218228e+01,2.206518e+01,2.212719e+01,2.222357e+01,2.222357e+01,2.206518e+01,2.209275e+01,2.205140e+01,2.212719e+01,2.196176e+01,2.197555e+01,2.197555e+01,2.210653e+01,2.202383e+01,2.196866e+01,2.198935e+01,2.194796e+01,2.214096e+01,2.195486e+01,2.214785e+01,2.204451e+01,2.226485e+01,2.222357e+01,2.241605e+01,2.236110e+01,2.244352e+01,2.242979e+01,2.236110e+01,2.250530e+01,2.248471e+01,2.253275e+01,2.269726e+01,2.270411e+01,2.273835e+01,2.259447e+01,2.258761e+01,2.270411e+01,2.266301e+01,2.265615e+01,2.258076e+01,2.264245e+01,2.264245e+01,2.268356e+01,2.262189e+01
2.432138e+01,2.432138e+01,2.419319e+01,2.416619e+01,2.433487e+01,2.417294e+01,2.417294e+01,2.404457e+01,2.411215e+01,2.405809e+01,2.401752e+01,2.403105e+01,2.392281e+01,2.394311e+01,2.392281e+01,2.394311e+01,2.376702e+01,2.381446e+01,2.367207e+01,2.374668e+01,2.367207e+01,2.367207e+01,2.356346e+01,2.333908e+01,2.342753e+01,2.327780e+01,2.343433e+01,2.327099e+01,2.322330e+01,2.292303e+01,2.301867e+01,2.298452e+01,2.295720e+01,2.282731e+01,2.279995e+01,2.280679e+01,2.271780e+01,2.273835e+01,2.284099e+01,2.255332e+01,2.274519e+01,2.279310e+01,2.266986e+01,2.262874e+01,2.266986e+01,2.267671e+01,2.266986e+01,2.273835e+01,2.270411e+01,2.296403e+01,2.273835e+01,2.262189e+01,2.262189e+01,2.260818e+01,2.280679e+01,2.264930e+01,2.265615e+01,2.271096e+01,2.273835e+01,2.252588e+01,2.266301e+01,2.265615e+01,2.266986e+01,2.266301e+01,2.258761e+01,2.255332e+01,2.262874e+01,2.257390e+01,2.245039e+01,2.263560e+01,2.264930e+01,2.256018e+01,2.264930e+01,2.291620e+01,2.253275e+01,2.290253e+01,2.274519e+01,2.256704e+01,2.260818e+01,2.271780e+01,2.269041e+01,2.269041e+01,2.245725e+01,2.252588e+01,2.252588e+01,2.229235e+01,2.237484e+01,2.233360e+01,2.254646e+01,2.247785e+01,2.235422e+01,2.245725e+01,2.229235e+01,2.246412e+01,2.226485e+01,2.232673e+01,2.227172e+01,2.238858e+01,2.229235e+01,2.229923e+01,2.231298e+01,2.234735e+01,2.229235e+01,2.231986e+01,2.236110e+01,2.236797e+01,2.248471e+01,2.233360e+01,2.222357e+01,2.224421e+01,2.234048e+01,2.223733e+01,2.230611e+01,2.231986e+01,2.216851e+01,2.232673e+01,2.233360e+01,2.224421e+01,2.237484e+01,2.223733e+01,2.225797e+01,2.238171e+01,2.227860e+01,2.233360e+01,2.218916e+01,2.225109e+01,2.224421e+01,2.231298e+01,2.225797e+01,2.225109e+01,2.231986e+01,2.216851e+01,2.223733e+01,2.224421e+01,2.227172e+01,2.232673e+01,2.233360e+01,2.234048e+01,2.237484e+01,2.238171e+01,2.238858e+01,2.234735e+01,2.236110e+01,2.227860e+01,2.234048e+01,2.228548e+01,2.236110e+01,2.216851e+01,2.223045e+01,2.227860e+01,2.227860e+01,2.214785e+01,2.225109e+01,2.217539e+01,2.226485e+01,2.220292e+01,2.225797e+01,2.231986e+01,2.227860e+01,2.238858e+01,2.229235e+01,2.223733e+01,2.223045e+01,2.231298e+01,2.228548e+01,2.210653e+01,2.227860e+01,2.227172e+01,2.229923e+01,2.228548e+01,2.234735e+01,2.236797e+01,2.238858e+01,2.205829e+01,2.233360e+01,2.238171e+01,2.239545e+01,2.234735e+01,2.231986e+01,2.216851e+01,2.240232e+01,2.240232e+01,2.244352e+01,2.239545e+01,2.245039e+01,2.231986e+01,2.232673e+01,2.234048e+01,2.236797e+01,2.220292e+01,2.227860e+01,2.220292e+01,2.228548e+01,2.226485e+01,2.218916e+01,2.218916e+01,2.224421e+01,2.219604e+01,2.236110e+01,2.225797e+01,2.227172e+01,2.218916e+01,2.225797e+01,2.224421e+01,2.214785e+01,2.221669e+01,2.216851e+01,2.225797e+01,2.212719e+01,2.221669e+01,2.221669e+01,2.227172e+01,2.221669e+01,2.222357e+01,2.218228e+01,2.224421e+01,2.220981e+01,2.214785e+01,2.218228e+01,2.217539e+01,2.218228e+01,2.216162e+01,2.214785e+01,2.219604e+01,2.223733e+01,2.222357e+01,2.200314e+01,2.215474e+01,2.200314e+01,2.206518e+01,2.196176e+01,2.217539e+01,2.218916e+01,2.200314e+01,2.202383e+01,2.200314e+01,2.216162e+01,2.203761e+01,2.198935e+01,2.195486e+01,2.185823e+01,2.178915e+01,2.189965e+01,2.195486e+01,2.233360e+01,2.245725e+01,2.243666e+01,2.269726e+01,2.263560e+01,2.264245e+01,2.271096e+01,2.288886e+01,2.295720e+01,2.293670e+01,2.301867e+01,2.318923e+01,2.331185e+01,2.335950e+01,2.329142e+01,2.335950e+01,2.357704e+01,2.359062e+01,2.371277e+01,2.359741e+01,2.375346e+01,2.376024e+01,2.376024e+01,2.396341e+01,2.393634e+01,2.398371e+01,2.396341e+01,2.389573e+01,2.388896e+01,2.378735e+01,2.363136e+01,2.369242e+01,2.359062e+01,2.356346e+01,2.354308e+01,2.361778e+01,2.344793e+01,2.361099e+01,2.343433e+01,2.343433e+01,2.351590e+01,2.350911e+01,2.342073e+01,2.343433e+01,2.337311e+01,2.354987e+01,2.335950e+01,2.346833e+01,2.338672e+01,2.343433e+01,2.344793e+01,2.359741e+01,2.361778e+01,2.386187e+01,2.408512e+01,2.415943e+01,2.455710e+01,2.490634e+01,2.492645e+01,2.537464e+01,2.545471e+01,2.546138e+01,2.575443e+01,2.597368e+01,2.597368e+01,2.622560e+01,2.621235e+01,2.637117e+01,2.634472e+01,2.639761e+01,2.641084e+01,2.643727e+01,2.643066e+01,2.645709e+01,2.643727e+01,2.648352e+01,2.655615e+01,2.649012e+01,2.641084e+01,2.641084e+01,2.648352e+01,2.637778e+01,2.643727e+01,2.645049e+01,2.633810e+01,2.639100e+01,2.647031e+01,2.626532e+01,2.632487e+01,2.626532e+01,2.631826e+01,2.630502e+01,2.616599e+01,2.623222e+01,2.617924e+01,2.613286e+01,2.613286e+01,2.584085e+01,2.510730e+01,2.417969e+01,2.428092e+01,2.459073e+01,2.464452e+01,2.487281e+01,2.504705e+01,2.531454e+01,2.544804e+01,2.536129e+01,2.568790e+01,2.562132e+01,2.559468e+01,2.562132e+01,2.554138e+01,2.560134e+01,2.580762e+01,2.558802e+01,2.566127e+01,2.558802e+01,2.555471e+01,2.554804e+01,2.545471e+01,2.520763e+01,2.519426e+01,2.513406e+01,2.510730e+01,2.499347e+01,2.520094e+01,2.522100e+01,2.520094e+01,2.548805e+01,2.568790e+01,2.586743e+01,2.580097e+01,2.590065e+01,2.597368e+01,2.590065e+01,2.587408e+01,2.598696e+01,2.595377e+01,2.582092e+01,2.596704e+01,2.583421e+01,2.598032e+01,2.584085e+01,2.590065e+01,2.561466e+01,2.566793e+01,2.562798e+01,2.548805e+01,2.549472e+01,2.560134e+01,2.552139e+01,2.536129e+01,2.549472e+01,2.548138e+01,2.538799e+01,2.493986e+01,2.488622e+01,2.474530e+01,2.455710e+01,2.467141e+01,2.432138e+01,2.449654e+01,2.446288e+01,2.451000e+01,2.442247e+01,2.440226e+01,2.434161e+01,2.436857e+01,2.437531e+01,2.441573e+01,2.430115e+01,2.427417e+01,2.455038e+01,2.463780e+01,2.464452e+01,2.440226e+01,2.431464e+01,2.413917e+01,2.373990e+01,2.374668e+01,2.358383e+01,2.350231e+01,2.360420e+01,2.363136e+01,2.354308e+01,2.356346e+01,2.349552e+01,2.331866e+01,2.335950e+01,2.338672e+01,2.359741e+01,2.359062e+01,2.357704e+01,2.332547e+01,2.318923e+01,2.288886e+01,2.271096e+01,2.269726e+01,2.264930e+01,2.262874e+01,2.273835e+01,2.272465e+01,2.264245e+01,2.259447e+01,2.264245e+01,2.258761e+01,2.268356e+01,2.263560e+01,2.273150e+01,2.264930e+01,2.271780e+01,2.258761e+01,2.256018e+01,2.260818e+01,2.253275e+01,2.252588e+01,2.247785e+01,2.259447e+01,2.256704e+01,2.258761e+01,2.257390e+01,2.271780e+01,2.252588e+01,2.238171e+01,2.256018e+01,2.236110e+01,2.256018e+01,2.248471e+01,2.258076e+01,2.258761e+01,2.264245e+01,2.239545e+01,2.249158e+01,2.238171e+01,2.249158e+01,2.247098e+01,2.258761e+01,2.255332e+01,2.251216e+01,2.239545e+01,2.246412e+01,2.249844e+01,2.258761e+01,2.258076e+01,2.261503e+01,2.245725e+01,2.266301e+01,2.252588e+01,2.251216e+01,2.238171e+01,2.253960e+01,2.231986e+01,2.236797e+01,2.238858e+01,2.245039e+01,2.240919e+01,2.239545e+01,2.241605e+01,2.245725e+01,2.230611e+01,2.242292e+01,2.238858e+01,2.233360e+01,2.256018e+01,2.237484e+01,2.227860e+01,2.249158e+01,2.239545e+01,2.256018e+01,2.238858e+01,2.247098e+01,2.241605e+01,2.241605e+01,2.242979e+01,2.242292e+01,2.246412e+01,2.230611e+01,2.229235e+01,2.237484e+01,2.231986e+01,2.228548e+01,2.234048e+01,2.223733e+01,2.239545e+01,2.231986e+01,2.235422e+01,2.248471e+01,2.237484e+01,2.240232e+01,2.234735e+01,2.236110e+01,2.233360e+01,2.238858e+01,2.240919e+01,2.236797e+01,2.235422e+01,2.234048e+01,2.233360e+01,2.234735e+01,2.235422e+01,2.233360e+01,2.236797e+01,2.231986e+01,2.223733e+01,2.230611e+01,2.232673e+01,2.216851e+01,2.228548e+01,2.216162e+01,2.238858e+01,2.227172e+01,2.229235e+01,2.230611e+01,2.235422e+01,2.233360e+01,2.230611e+01,2.229235e+01,2.232673e+01,2.231986e+01,2.232673e+01,2.226485e+01,2.218916e+01,2.222357e+01,2.223045e+01,2.212030e+01,2.224421e+01,2.215474e+01,2.227172e+01,2.225109e+01,2.220292e+01,2.225797e+01,2.223733e+01,2.217539e+01,2.218916e+01,2.222357e+01,2.222357e+01,2.204451e+01,2.228548e+01,2.209964e+01,2.218228e+01,2.225797e+01,2.222357e+01,2.223733e+01,2.223733e+01,2.210653e+01,2.208586e+01,2.209964e+01,2.220292e+01,2.221669e+01,2.219604e+01,2.219604e+01,2.201693e+01,2.212719e+01,2.205829e+01,2.205140e+01,2.212030e+01,2.205829e+01,2.207897e+01,2.204451e+01,2.198245e+01,2.212030e+01,2.207897e+01,2.198935e+01,2.213408e+01,2.209964e+01,2.196176e+01,2.200314e+01,2.214096e+01,2.202383e+01,2.204451e+01,2.205829e+01,2.176150e+01,2.213408e+01,2.213408e+01,2.238171e+01,2.236797e+01,2.240919e+01,2.250530e+01,2.242979e+01,2.260132e+01,2.261503e+01,2.250530e+01,2.254646e+01,2.271780e+01,2.274519e+01,2.260818e+01,2.268356e+01,2.267671e+01,2.262189e+01,2.265615e+01,2.264245e+01,2.273150e+01,2.264245e+01,2.272465e+01,2.261503e+01
2.428092e+01,2.411215e+01,2.421344e+01,2.424719e+01,2.415268e+01,2.415943e+01,2.415943e+01,2.407161e+01,2.401752e+01,2.399723e+01,2.398371e+01,2.402428e+01,2.394311e+01,2.394311e+01,2.388896e+01,2.390250e+01,2.369921e+01,2.376702e+01,2.352270e+01,2.369921e+01,2.350911e+01,2.365172e+01,2.363136e+01,2.344793e+01,2.341393e+01,2.342073e+01,2.330504e+01,2.314832e+01,2.327099e+01,2.322330e+01,2.310057e+01,2.292987e+01,2.308010e+01,2.289569e+01,2.277257e+01,2.285467e+01,2.275888e+01,2.266301e+01,2.273150e+01,2.271096e+01,2.253275e+01,2.279310e+01,2.293670e+01,2.264245e+01,2.267671e+01,2.264930e+01,2.269726e+01,2.275888e+01,2.266986e+01,2.267671e+01,2.266986e+01,2.266301e+01,2.259447e+01,2.269041e+01,2.260132e+01,2.275204e+01,2.273150e+01,2.261503e+01,2.262189e+01,2.269726e+01,2.259447e+01,2.251216e+01,2.258761e+01,2.254646e+01,2.259447e+01,2.238171e+01,2.240232e+01,2.258761e+01,2.252588e+01,2.246412e+01,2.259447e+01,2.253960e+01,2.264245e+01,2.260818e+01,2.266301e+01,2.260818e+01,2.262189e+01,2.264245e+01,2.267671e+01,2.242979e+01,2.265615e+01,2.243666e+01,2.252588e+01,2.241605e+01,2.229235e+01,2.232673e+01,2.220292e+01,2.229235e+01,2.224421e+01,2.257390e+01,2.247098e+01,2.234048e+01,2.234735e+01,2.233360e+01,2.197555e+01,2.231986e+01,2.243666e+01,2.227172e+01,2.248471e+01,2.234735e+01,2.251216e+01,2.249844e+01,2.236110e+01,2.230611e+01,2.235422e+01,2.224421e+01,2.232673e+01,2.231986e+01,2.231986e+01,2.234048e+01,2.223045e+01,2.234048e+01,2.232673e+01,2.218228e+01,2.231298e+01,2.232673e+01,2.234048e+01,2.231298e+01,2.220981e+01,2.220981e+01,2.228548e+01,2.227172e+01,2.233360e+01,2.223045e+01,2.224421e+01,2.227172e+01,2.229923e+01,2.225109e+01,2.220292e+01,2.216851e+01,2.232673e+01,2.227172e+01,2.236110e+01,2.231298e+01,2.214785e+01,2.234735e+01,2.234735e+01,2.239545e+01,2.225797e+01,2.237484e+01,2.236797e+01,2.233360e+01,2.228548e+01,2.229235e+01,2.224421e+01,2.228548e+01,2.230611e+01,2.225109e+01,2.225109e+01,2.214096e+01,2.220981e+01,2.229235e+01,2.227860e+01,2.229923e+01,2.228548e+01,2.230611e+01,2.228548e+01,2.233360e+01,2.231986e+01,2.214785e+01,2.214096e+01,2.220981e+01,2.223733e+01,2.223733e+01,2.230611e+01,2.231298e+01,2.214785e+01,2.245725e+01,2.215474e+01,2.224421e+01,2.223733e+01,2.234048e+01,2.229235e+01,2.236797e+01,2.233360e+01,2.240232e+01,2.215474e+01,2.242292e+01,2.233360e+01,2.240232e+01,2.256704e+01,2.232673e+01,2.237484e+01,2.239545e+01,2.220292e+01,2.235422e+01,2.233360e+01,2.222357e+01,2.235422e+01,2.227860e+01,2.220981e+01,2.226485e+01,2.225109e+01,2.216162e+01,2.217539e+01,2.206518e+01,2.220981e+01,2.221669e+01,2.214096e+01,2.214785e+01,2.226485e+01,2.220981e+01,2.228548e+01,2.222357e+01,2.220292e+01,2.214096e+01,2.214096e+01,2.215474e+01,2.227860e+01,2.222357e+01,2.216851e+01,2.217539e+01,2.210653e+01,2.216162e+01,2.218916e+01,2.223733e+01,2.220292e+01,2.216162e+01,2.218916e+01,2.216851e+01,2.222357e+01,2.214785e+01,2.215474e+01,2.207897e+01,2.225109e+01,2.219604e+01,2.198245e+01,2.196176e+01,2.215474e+01,2.217539e+01,2.189965e+01,2.201004e+01,2.198245e+01,2.194106e+01,2.201004e+01,2.210653e+01,2.206518e+01,2.201004e+01,2.192726e+01,2.184441e+01,2.188585e+01,2.185132e+01,2.180297e+01,2.192726e+01,2.231986e+01,2.248471e+01,2.256704e+01,2.269726e+01,2.269726e+01,2.277942e+01,2.273835e+01,2.288202e+01,2.288886e+01,2.291620e+01,2.305280e+01,2.313468e+01,2.329142e+01,2.337991e+01,2.335269e+01,2.359741e+01,2.344793e+01,2.361099e+01,2.361099e+01,2.357704e+01,2.367886e+01,2.379413e+01,2.386865e+01,2.406485e+01,2.399723e+01,2.396341e+01,2.392958e+01,2.388896e+01,2.380768e+01,2.376702e+01,2.391604e+01,2.365850e+01,2.365172e+01,2.367886e+01,2.354987e+01,2.350231e+01,2.354308e+01,2.346833e+01,2.352949e+01,2.351590e+01,2.350911e+01,2.350911e+01,2.337311e+01,2.338672e+01,2.331185e+01,2.338672e+01,2.329142e+01,2.342753e+01,2.329142e+01,2.334589e+01,2.337311e+01,2.357025e+01,2.361778e+01,2.363814e+01,2.397018e+01,2.432812e+01,2.441573e+01,2.492645e+01,2.495997e+01,2.523437e+01,2.542135e+01,2.554804e+01,2.580097e+01,2.583421e+01,2.613948e+01,2.625870e+01,2.614611e+01,2.621235e+01,2.629179e+01,2.619248e+01,2.637778e+01,2.645709e+01,2.642405e+01,2.645709e+01,2.645709e+01,2.649012e+01,2.653635e+01,2.639100e+01,2.640422e+01,2.643066e+01,2.637778e+01,2.643727e+01,2.631826e+01,2.644388e+01,2.635794e+01,2.645709e+01,2.635133e+01,2.645049e+01,2.628517e+01,2.636456e+01,2.632487e+01,2.626532e+01,2.615274e+01,2.612623e+01,2.618586e+01,2.613286e+01,2.613948e+01,2.592057e+01,2.516751e+01,2.430115e+01,2.437531e+01,2.459746e+01,2.459746e+01,2.478558e+01,2.504705e+01,2.528782e+01,2.528782e+01,2.552805e+01,2.562132e+01,2.564130e+01,2.565462e+01,2.559468e+01,2.575443e+01,2.558136e+01,2.564130e+01,2.568124e+01,2.572117e+01,2.561466e+01,2.562798e+01,2.539466e+01,2.532790e+01,2.536796e+01,2.524773e+01,2.512068e+01,2.505375e+01,2.512068e+01,2.528115e+01,2.515413e+01,2.550805e+01,2.563464e+01,2.572782e+01,2.590729e+01,2.582756e+01,2.586743e+01,2.596041e+01,2.596704e+01,2.598032e+01,2.596704e+01,2.593385e+01,2.596704e+01,2.595377e+01,2.598696e+01,2.578768e+01,2.580097e+01,2.563464e+01,2.560134e+01,2.578103e+01,2.564796e+01,2.568790e+01,2.564796e+01,2.539466e+01,2.560134e+01,2.545471e+01,2.534126e+01,2.531454e+01,2.526110e+01,2.493986e+01,2.475873e+01,2.473858e+01,2.465796e+01,2.457728e+01,2.463780e+01,2.444268e+01,2.432812e+01,2.434835e+01,2.440226e+01,2.422694e+01,2.431464e+01,2.444941e+01,2.428766e+01,2.426743e+01,2.433487e+01,2.434161e+01,2.432812e+01,2.467141e+01,2.440900e+01,2.432138e+01,2.405809e+01,2.371956e+01,2.369921e+01,2.363136e+01,2.365850e+01,2.362457e+01,2.370599e+01,2.360420e+01,2.361778e+01,2.369242e+01,2.352949e+01,2.334589e+01,2.331866e+01,2.347513e+01,2.338672e+01,2.346833e+01,2.379413e+01,2.348192e+01,2.321649e+01,2.287519e+01,2.275204e+01,2.273835e+01,2.270411e+01,2.272465e+01,2.265615e+01,2.270411e+01,2.264930e+01,2.262874e+01,2.264245e+01,2.256018e+01,2.255332e+01,2.258076e+01,2.252588e+01,2.270411e+01,2.263560e+01,2.270411e+01,2.253960e+01,2.271780e+01,2.258761e+01,2.260132e+01,2.258076e+01,2.260818e+01,2.253275e+01,2.253960e+01,2.235422e+01,2.259447e+01,2.262189e+01,2.245039e+01,2.264930e+01,2.240232e+01,2.258761e+01,2.261503e+01,2.251902e+01,2.244352e+01,2.244352e+01,2.259447e+01,2.247098e+01,2.240919e+01,2.248471e+01,2.253960e+01,2.248471e+01,2.248471e+01,2.249158e+01,2.249844e+01,2.253960e+01,2.253275e+01,2.243666e+01,2.259447e+01,2.256018e+01,2.256704e+01,2.242292e+01,2.246412e+01,2.241605e+01,2.256018e+01,2.253275e+01,2.251902e+01,2.240232e+01,2.238858e+01,2.240232e+01,2.234735e+01,2.240919e+01,2.242292e+01,2.242292e+01,2.239545e+01,2.244352e+01,2.252588e+01,2.249158e+01,2.247785e+01,2.245725e+01,2.231986e+01,2.239545e+01,2.240232e+01,2.242979e+01,2.225797e+01,2.242292e+01,2.242292e+01,2.242292e+01,2.242292e+01,2.237484e+01,2.238171e+01,2.231986e+01,2.245725e+01,2.253960e+01,2.252588e+01,2.225109e+01,2.233360e+01,2.249844e+01,2.234048e+01,2.245725e+01,2.243666e+01,2.232673e+01,2.227860e+01,2.218916e+01,2.234735e+01,2.242292e+01,2.230611e+01,2.229235e+01,2.238858e+01,2.238858e+01,2.238858e+01,2.236110e+01,2.233360e+01,2.229923e+01,2.234735e+01,2.229923e+01,2.245725e+01,2.236797e+01,2.239545e+01,2.238171e+01,2.231986e+01,2.230611e+01,2.227860e+01,2.223045e+01,2.238171e+01,2.216851e+01,2.233360e+01,2.227172e+01,2.242292e+01,2.237484e+01,2.236797e+01,2.226485e+01,2.228548e+01,2.220981e+01,2.223045e+01,2.229923e+01,2.226485e+01,2.226485e+01,2.203072e+01,2.209964e+01,2.221669e+01,2.216162e+01,2.226485e+01,2.230611e+01,2.230611e+01,2.227860e+01,2.229923e+01,2.226485e+01,2.224421e+01,2.229923e+01,2.220292e+01,2.206518e+01,2.218228e+01,2.225797e+01,2.218228e+01,2.209964e+01,2.221669e+01,2.223733e+01,2.217539e+01,2.219604e+01,2.218228e+01,2.217539e+01,2.223045e+01,2.220981e+01,2.218916e+01,2.219604e+01,2.212030e+01,2.221669e+01,2.209275e+01,2.202383e+01,2.211341e+01,2.211341e+01,2.204451e+01,2.201004e+01,2.212030e+01,2.208586e+01,2.207897e+01,2.208586e+01,2.205829e+01,2.199624e+01,2.205829e+01,2.214096e+01,2.197555e+01,2.207207e+01,2.199624e+01,2.207207e+01,2.201004e+01,2.203072e+01,2.214785e+01,2.234735e+01,2.223045e+01,2.238171e+01,2.251216e+01,2.245039e+01,2.249158e+01,2.242292e+01,2.266986e+01,2.253960e+01,2.281363e+01,2.254646e+01,2.281363e+01,2.268356e+01,2.265615e+01,2.266301e+01,2.257390e+01,2.281363e+01,2.254646e+01,2.262189e+01,2.269041e+01,2.262189e+01
2.426743e+01,2.407837e+01,2.427417e+01,2.421344e+01,2.424719e+01,2.414593e+01,2.407161e+01,2.403105e+01,2.397694e+01,2.399723e+01,2.401076e+01,2.379413e+01,2.377380e+01,2.378735e+01,2.384833e+01,2.368564e+01,2.368564e+01,2.362457e+01,2.367886e+01,2.367886e+01,2.375346e+01,2.356346e+01,2.344793e+01,2.347513e+01,2.328461e+01,2.331185e+01,2.329142e+01,2.298452e+01,2.323012e+01,2.312786e+01,2.297769e+01,2.296403e+01,2.292987e+01,2.288886e+01,2.284099e+01,2.284099e+01,2.273150e+01,2.279310e+01,2.273835e+01,2.260132e+01,2.279310e+01,2.262189e+01,2.275204e+01,2.264245e+01,2.262874e+01,2.265615e+01,2.273835e+01,2.275888e+01,2.269726e+01,2.270411e+01,2.266986e+01,2.251902e+01,2.258761e+01,2.262189e+01,2.267671e+01,2.261503e+01,2.256704e+01,2.256018e+01,2.264245e+01,2.271096e+01,2.259447e+01,2.243666e+01,2.254646e+01,2.269726e+01,2.246412e+01,2.239545e+01,2.247785e+01,2.253960e+01,2.242292e+01,2.250530e+01,2.240232e+01,2.247785e+01,2.238171e+01,2.263560e+01,2.251902e+01,2.253275e+01,2.251216e+01,2.242979e+01,2.251216e+01,2.255332e+01,2.242979e+01,2.255332e+01,2.225109e+01,2.240232e+01,2.237484e+01,2.230611e+01,2.231298e+01,2.237484e+01,2.232673e+01,2.240919e+01,2.230611e+01,2.231986e+01,2.235422e+01,2.240919e+01,2.232673e+01,2.230611e+01,2.243666e+01,2.228548e+01,2.228548e+01,2.223733e+01,2.227172e+01,2.227172e+01,2.234735e+01,2.238171e+01,2.227860e+01,2.218916e+01,2.231986e+01,2.231986e+01,2.229923e+01,2.223733e+01,2.234735e+01,2.227860e+01,2.223733e+01,2.218228e+01,2.225797e+01,2.231298e+01,2.229923e+01,2.225797e+01,2.229235e+01,2.227860e+01,2.220292e+01,2.236110e+01,2.224421e+01,2.235422e+01,2.224421e+01,2.221669e+01,2.226485e+01,2.223045e+01,2.227860e+01,2.234048e+01,2.216162e+01,2.216851e+01,2.215474e+01,2.218916e+01,2.220292e+01,2.228548e+01,2.231298e+01,2.231986e+01,2.228548e+01,2.231298e+01,2.229235e+01,2.234048e+01,2.225109e+01,2.229235e+01,2.231986e+01,2.224421e+01,2.218228e+01,2.199624e+01,2.212030e+01,2.214785e+01,2.219604e+01,2.214785e+01,2.227860e+01,2.211341e+01,2.219604e+01,2.213408e+01,2.229235e+01,2.224421e+01,2.232673e+01,2.218916e+01,2.213408e+01,2.214785e+01,2.222357e+01,2.220292e+01,2.227860e+01,2.231986e+01,2.231298e+01,2.229923e+01,2.241605e+01,2.211341e+01,2.231986e+01,2.239545e+01,2.238171e+01,2.225797e+01,2.236110e+01,2.220292e+01,2.231986e+01,2.232673e+01,2.229235e+01,2.239545e+01,2.234048e+01,2.233360e+01,2.240919e+01,2.237484e+01,2.220292e+01,2.227860e+01,2.217539e+01,2.223733e+01,2.221669e+01,2.227172e+01,2.223733e+01,2.220292e+01,2.217539e+01,2.223733e+01,2.214785e+01,2.212719e+01,2.219604e+01,2.220292e+01,2.207207e+01,2.220981e+01,2.223733e+01,2.223733e+01,2.228548e+01,2.221669e+01,2.223733e+01,2.218916e+01,2.209964e+01,2.208586e+01,2.205829e+01,2.209275e+01,2.210653e+01,2.220981e+01,2.211341e+01,2.212719e+01,2.209964e+01,2.209964e+01,2.207207e+01,2.215474e+01,2.223733e+01,2.216162e+01,2.227860e+01,2.229235e+01,2.210653e+01,2.221669e+01,2.211341e+01,2.218228e+01,2.214785e+01,2.207897e+01,2.198245e+01,2.200314e+01,2.192036e+01,2.203072e+01,2.190655e+01,2.207207e+01,2.191346e+01,2.213408e+01,2.187894e+01,2.196866e+01,2.193416e+01,2.179606e+01,2.177533e+01,2.168544e+01,2.171310e+01,2.192036e+01,2.207897e+01,2.243666e+01,2.242979e+01,2.266986e+01,2.263560e+01,2.264245e+01,2.278626e+01,2.279995e+01,2.310057e+01,2.298452e+01,2.310057e+01,2.310057e+01,2.323693e+01,2.334589e+01,2.331185e+01,2.342073e+01,2.359062e+01,2.359062e+01,2.357025e+01,2.362457e+01,2.369921e+01,2.367207e+01,2.372634e+01,2.391604e+01,2.394988e+01,2.388219e+01,2.377380e+01,2.390250e+01,2.379413e+01,2.371956e+01,2.361778e+01,2.362457e+01,2.361778e+01,2.358383e+01,2.356346e+01,2.359062e+01,2.347513e+01,2.344113e+01,2.364493e+01,2.340032e+01,2.350231e+01,2.345473e+01,2.346153e+01,2.335269e+01,2.338672e+01,2.333908e+01,2.328461e+01,2.328461e+01,2.317559e+01,2.323693e+01,2.337311e+01,2.329142e+01,2.361099e+01,2.362457e+01,2.397018e+01,2.422019e+01,2.442247e+01,2.459746e+01,2.495326e+01,2.524105e+01,2.532122e+01,2.550805e+01,2.555471e+01,2.584085e+01,2.613286e+01,2.614611e+01,2.625208e+01,2.633810e+01,2.635133e+01,2.636456e+01,2.633810e+01,2.643727e+01,2.650333e+01,2.639100e+01,2.653635e+01,2.647031e+01,2.651654e+01,2.643066e+01,2.642405e+01,2.639761e+01,2.632487e+01,2.636456e+01,2.631826e+01,2.633810e+01,2.635794e+01,2.627194e+01,2.645709e+01,2.632487e+01,2.635133e+01,2.629841e+01,2.625208e+01,2.625870e+01,2.623222e+01,2.615936e+01,2.615274e+01,2.610634e+01,2.590729e+01,2.568790e+01,2.516082e+01,2.421344e+01,2.419319e+01,2.442921e+01,2.459746e+01,2.473858e+01,2.502026e+01,2.520094e+01,2.547471e+01,2.539466e+01,2.562798e+01,2.565462e+01,2.558802e+01,2.564130e+01,2.563464e+01,2.562798e+01,2.566127e+01,2.567459e+01,2.584085e+01,2.564130e+01,2.561466e+01,2.544804e+01,2.549472e+01,2.508722e+01,2.525442e+01,2.520763e+01,2.514075e+01,2.515413e+01,2.541468e+01,2.537464e+01,2.554138e+01,2.575443e+01,2.566127e+01,2.592721e+01,2.577438e+01,2.582092e+01,2.594713e+01,2.593385e+01,2.586743e+01,2.591393e+01,2.578768e+01,2.582756e+01,2.580762e+01,2.583421e+01,2.577438e+01,2.569455e+01,2.560134e+01,2.550139e+01,2.554804e+01,2.550805e+01,2.556137e+01,2.532122e+01,2.540801e+01,2.542135e+01,2.536129e+01,2.512068e+01,2.532790e+01,2.522768e+01,2.494656e+01,2.463780e+01,2.459746e+01,2.472515e+01,2.446288e+01,2.447635e+01,2.445614e+01,2.432138e+01,2.443594e+01,2.440226e+01,2.434161e+01,2.430790e+01,2.429441e+01,2.437531e+01,2.436857e+01,2.426743e+01,2.427417e+01,2.432138e+01,2.447635e+01,2.446288e+01,2.413917e+01,2.367886e+01,2.376024e+01,2.364493e+01,2.364493e+01,2.364493e+01,2.357025e+01,2.362457e+01,2.354308e+01,2.359062e+01,2.353629e+01,2.338672e+01,2.335950e+01,2.333228e+01,2.344793e+01,2.348872e+01,2.352949e+01,2.357704e+01,2.335269e+01,2.325056e+01,2.279995e+01,2.275888e+01,2.270411e+01,2.264930e+01,2.269041e+01,2.262874e+01,2.262874e+01,2.260818e+01,2.269726e+01,2.255332e+01,2.250530e+01,2.256704e+01,2.261503e+01,2.272465e+01,2.272465e+01,2.264930e+01,2.274519e+01,2.246412e+01,2.257390e+01,2.253960e+01,2.255332e+01,2.245725e+01,2.251902e+01,2.255332e+01,2.260818e+01,2.254646e+01,2.253960e+01,2.249844e+01,2.247785e+01,2.259447e+01,2.240919e+01,2.252588e+01,2.240919e+01,2.253275e+01,2.253275e+01,2.256704e+01,2.250530e+01,2.247098e+01,2.241605e+01,2.251902e+01,2.260132e+01,2.258076e+01,2.249158e+01,2.249844e+01,2.245725e+01,2.240919e+01,2.247785e+01,2.255332e+01,2.245725e+01,2.242292e+01,2.244352e+01,2.245039e+01,2.248471e+01,2.242979e+01,2.247785e+01,2.258076e+01,2.241605e+01,2.239545e+01,2.229235e+01,2.240232e+01,2.236797e+01,2.236110e+01,2.235422e+01,2.247098e+01,2.238858e+01,2.239545e+01,2.240232e+01,2.237484e+01,2.231986e+01,2.228548e+01,2.245039e+01,2.243666e+01,2.239545e+01,2.254646e+01,2.238171e+01,2.238858e+01,2.236797e+01,2.247098e+01,2.236797e+01,2.245725e+01,2.247785e+01,2.234735e+01,2.234735e+01,2.234048e+01,2.229235e+01,2.231298e+01,2.240919e+01,2.245039e+01,2.229923e+01,2.239545e+01,2.240919e+01,2.245725e+01,2.238171e+01,2.241605e+01,2.236110e+01,2.233360e+01,2.234048e+01,2.231986e+01,2.240232e+01,2.238171e+01,2.235422e+01,2.234048e+01,2.229923e+01,2.244352e+01,2.235422e+01,2.238858e+01,2.229235e+01,2.234735e+01,2.242292e+01,2.216851e+01,2.236110e+01,2.232673e+01,2.234735e+01,2.233360e+01,2.228548e+01,2.230611e+01,2.223045e+01,2.256018e+01,2.223733e+01,2.228548e+01,2.236797e+01,2.224421e+01,2.229923e+01,2.234735e+01,2.218916e+01,2.225797e+01,2.230611e+01,2.224421e+01,2.227172e+01,2.218916e+01,2.239545e+01,2.241605e+01,2.211341e+01,2.218228e+01,2.229923e+01,2.227172e+01,2.225109e+01,2.223045e+01,2.221669e+01,2.216162e+01,2.218916e+01,2.220981e+01,2.214785e+01,2.225797e+01,2.225109e+01,2.214096e+01,2.218916e+01,2.220981e+01,2.220981e+01,2.216851e+01,2.217539e+01,2.214096e+01,2.212719e+01,2.233360e+01,2.218228e+01,2.212719e+01,2.222357e+01,2.212030e+01,2.209275e+01,2.223733e+01,2.202383e+01,2.207207e+01,2.213408e+01,2.203072e+01,2.198245e+01,2.212719e+01,2.205829e+01,2.198935e+01,2.198935e+01,2.208586e+01,2.192036e+01,2.193416e+01,2.197555e+01,2.201693e+01,2.202383e+01,2.203072e+01,2.203761e+01,2.211341e+01,2.231986e+01,2.223045e+01,2.249158e+01,2.249158e+01,2.238858e+01,2.240919e+01,2.248471e+01,2.253960e+01,2.247098e+01,2.267671e+01,2.250530e+01,2.264930e+01,2.248471e+01,2.267671e+01,2.269041e+01,2.262874e+01,2.265615e+01,2.271780e+01,2.266301e+01,2.280679e+01,2.267671e+01,2.260818e+01
2.418644e+01,2.410540e+01,2.417294e+01,2.421344e+01,2.420670e+01,2.421344e+01,2.403781e+01,2.406485e+01,2.392281e+01,2.397694e+01,2.384833e+01,2.386187e+01,2.392958e+01,2.378735e+01,2.381446e+01,2.378057e+01,2.370599e+01,2.368564e+01,2.357025e+01,2.367886e+01,2.344793e+01,2.351590e+01,2.339352e+01,2.335950e+01,2.328461e+01,2.329823e+01,2.327099e+01,2.312786e+01,2.313468e+01,2.303915e+01,2.308693e+01,2.293670e+01,2.291620e+01,2.274519e+01,2.283415e+01,2.268356e+01,2.269041e+01,2.272465e+01,2.267671e+01,2.278626e+01,2.262189e+01,2.262874e+01,2.252588e+01,2.262874e+01,2.264930e+01,2.262874e+01,2.273835e+01,2.260132e+01,2.253275e+01,2.261503e+01,2.266986e+01,2.261503e+01,2.258761e+01,2.253275e+01,2.260818e+01,2.257390e+01,2.256704e+01,2.251216e+01,2.261503e+01,2.260818e+01,2.248471e+01,2.254646e+01,2.247785e+01,2.241605e+01,2.252588e+01,2.238171e+01,2.239545e+01,2.242292e+01,2.238858e+01,2.236797e+01,2.241605e+01,2.237484e+01,2.242979e+01,2.246412e+01,2.240919e+01,2.239545e+01,2.245039e+01,2.235422e+01,2.227172e+01,2.245039e+01,2.241605e+01,2.236110e+01,2.238171e+01,2.236797e+01,2.227172e+01,2.221669e+01,2.229923e+01,2.238171e+01,2.238858e+01,2.231986e+01,2.230611e+01,2.236110e+01,2.238858e+01,2.222357e+01,2.229235e+01,2.223045e+01,2.213408e+01,2.233360e+01,2.228548e+01,2.231986e+01,2.227172e+01,2.223045e+01,2.227172e+01,2.234735e+01,2.229235e+01,2.229923e+01,2.218916e+01,2.214096e+01,2.227172e+01,2.217539e+01,2.220981e+01,2.232673e+01,2.222357e+01,2.223733e+01,2.219604e+01,2.225797e+01,2.229923e+01,2.237484e+01,2.221669e+01,2.216851e+01,2.236797e+01,2.229923e+01,2.238858e+01,2.222357e+01,2.223733e+01,2.223045e+01,2.210653e+01,2.211341e+01,2.215474e+01,2.227860e+01,2.230611e+01,2.214096e+01,2.228548e+01,2.220981e+01,2.214785e+01,2.221669e+01,2.216162e+01,2.230611e+01,2.226485e+01,2.229235e+01,2.223733e+01,2.229235e+01,2.230611e+01,2.223733e+01,2.220292e+01,2.219604e+01,2.229235e+01,2.224421e+01,2.218228e+01,2.207207e+01,2.213408e+01,2.207207e+01,2.209964e+01,2.211341e+01,2.223045e+01,2.225797e+01,2.231986e+01,2.221669e+01,2.215474e+01,2.216851e+01,2.215474e+01,2.215474e+01,2.217539e+01,2.216162e+01,2.233360e+01,2.222357e+01,2.210653e+01,2.216851e+01,2.230611e+01,2.210653e+01,2.234735e+01,2.222357e+01,2.222357e+01,2.235422e+01,2.234735e+01,2.220292e+01,2.219604e+01,2.217539e+01,2.231298e+01,2.209964e+01,2.228548e+01,2.221669e+01,2.221669e+01,2.239545e+01,2.234048e+01,2.218916e+01,2.238171e+01,2.221669e+01,2.220981e+01,2.218228e+01,2.223733e+01,2.221669e+01,2.216162e+01,2.216162e+01,2.214785e+01,2.212030e+01,2.216851e+01,2.212719e+01,2.220292e+01,2.206518e+01,2.213408e+01,2.209964e+01,2.229235e+01,2.214785e+01,2.225109e+01,2.208586e+01,2.211341e+01,2.214785e+01,2.206518e+01,2.216851e+01,2.210653e+01,2.207207e+01,2.211341e+01,2.212030e+01,2.210653e+01,2.214785e+01,2.208586e+01,2.220981e+01,2.216162e+01,2.206518e+01,2.212030e+01,2.223045e+01,2.213408e+01,2.214096e+01,2.210653e+01,2.216162e+01,2.196866e+01,2.198245e+01,2.203761e+01,2.206518e+01,2.203072e+01,2.173385e+01,2.197555e+01,2.190655e+01,2.183060e+01,2.188585e+01,2.188585e+01,2.181678e+01,2.194796e+01,2.172693e+01,2.168544e+01,2.166468e+01,2.165777e+01,2.167852e+01,2.208586e+01,2.240232e+01,2.243666e+01,2.260132e+01,2.258761e+01,2.263560e+01,2.276573e+01,2.290937e+01,2.286835e+01,2.295037e+01,2.303232e+01,2.320967e+01,2.328461e+01,2.330504e+01,2.336630e+01,2.346153e+01,2.347513e+01,2.365850e+01,2.364493e+01,2.368564e+01,2.367886e+01,2.385510e+01,2.384155e+01,2.393634e+01,2.390250e+01,2.391604e+01,2.387542e+01,2.391604e+01,2.365850e+01,2.365850e+01,2.359062e+01,2.373990e+01,2.362457e+01,2.357025e+01,2.361099e+01,2.363814e+01,2.355667e+01,2.348192e+01,2.363136e+01,2.354987e+01,2.342753e+01,2.341393e+01,2.350231e+01,2.353629e+01,2.350911e+01,2.335269e+01,2.325737e+01,2.323693e+01,2.318241e+01,2.316195e+01,2.325056e+01,2.321649e+01,2.360420e+01,2.371277e+01,2.399723e+01,2.419994e+01,2.452346e+01,2.478558e+01,2.494656e+01,2.524105e+01,2.526110e+01,2.568124e+01,2.554804e+01,2.582756e+01,2.607319e+01,2.609309e+01,2.619248e+01,2.631164e+01,2.638439e+01,2.628517e+01,2.633810e+01,2.644388e+01,2.643727e+01,2.642405e+01,2.651654e+01,2.649673e+01,2.640422e+01,2.646370e+01,2.642405e+01,2.641744e+01,2.634472e+01,2.632487e+01,2.645049e+01,2.628517e+01,2.635133e+01,2.625870e+01,2.622560e+01,2.620573e+01,2.627194e+01,2.627855e+01,2.623884e+01,2.612623e+01,2.611960e+01,2.612623e+01,2.613948e+01,2.612623e+01,2.603340e+01,2.588736e+01,2.506713e+01,2.424044e+01,2.421344e+01,2.437531e+01,2.461763e+01,2.472515e+01,2.511399e+01,2.522100e+01,2.545471e+01,2.550805e+01,2.555471e+01,2.561466e+01,2.554804e+01,2.561466e+01,2.560134e+01,2.560800e+01,2.568790e+01,2.563464e+01,2.561466e+01,2.560800e+01,2.561466e+01,2.556804e+01,2.555471e+01,2.550805e+01,2.541468e+01,2.528782e+01,2.531454e+01,2.542802e+01,2.556804e+01,2.542802e+01,2.564130e+01,2.572117e+01,2.574778e+01,2.579433e+01,2.572782e+01,2.594713e+01,2.593385e+01,2.596041e+01,2.600023e+01,2.597368e+01,2.594713e+01,2.576773e+01,2.594049e+01,2.582092e+01,2.572782e+01,2.564796e+01,2.558136e+01,2.550805e+01,2.551472e+01,2.545471e+01,2.535461e+01,2.514744e+01,2.544137e+01,2.536796e+01,2.505375e+01,2.504035e+01,2.502026e+01,2.503366e+01,2.477887e+01,2.475201e+01,2.468484e+01,2.461763e+01,2.447635e+01,2.437531e+01,2.429441e+01,2.438878e+01,2.440900e+01,2.442247e+01,2.445614e+01,2.426068e+01,2.428766e+01,2.423369e+01,2.422019e+01,2.440226e+01,2.424719e+01,2.428092e+01,2.442921e+01,2.436857e+01,2.371277e+01,2.367886e+01,2.362457e+01,2.364493e+01,2.369242e+01,2.366529e+01,2.364493e+01,2.358383e+01,2.358383e+01,2.352949e+01,2.347513e+01,2.346833e+01,2.342073e+01,2.318241e+01,2.344113e+01,2.346833e+01,2.354987e+01,2.354308e+01,2.344113e+01,2.329142e+01,2.299818e+01,2.289569e+01,2.271096e+01,2.258761e+01,2.258076e+01,2.260132e+01,2.268356e+01,2.262874e+01,2.258076e+01,2.262189e+01,2.252588e+01,2.271780e+01,2.272465e+01,2.273150e+01,2.255332e+01,2.256704e+01,2.255332e+01,2.261503e+01,2.262874e+01,2.253960e+01,2.261503e+01,2.245725e+01,2.262874e+01,2.247785e+01,2.254646e+01,2.253275e+01,2.260818e+01,2.251216e+01,2.246412e+01,2.251216e+01,2.249844e+01,2.238858e+01,2.254646e+01,2.249158e+01,2.266301e+01,2.247098e+01,2.252588e+01,2.247785e+01,2.242292e+01,2.253960e+01,2.248471e+01,2.248471e+01,2.246412e+01,2.247098e+01,2.253275e+01,2.255332e+01,2.245725e+01,2.253275e+01,2.242292e+01,2.249158e+01,2.264245e+01,2.247098e+01,2.247785e+01,2.243666e+01,2.244352e+01,2.249158e+01,2.254646e+01,2.245725e+01,2.238171e+01,2.239545e+01,2.246412e+01,2.236797e+01,2.241605e+01,2.238171e+01,2.234735e+01,2.233360e+01,2.233360e+01,2.238171e+01,2.233360e+01,2.245725e+01,2.251216e+01,2.243666e+01,2.234048e+01,2.240919e+01,2.242979e+01,2.234735e+01,2.238858e+01,2.213408e+01,2.236797e+01,2.229923e+01,2.249158e+01,2.247098e+01,2.232673e+01,2.234735e+01,2.228548e+01,2.231298e+01,2.227860e+01,2.227172e+01,2.225797e+01,2.241605e+01,2.226485e+01,2.245725e+01,2.241605e+01,2.240919e+01,2.234735e+01,2.237484e+01,2.213408e+01,2.247098e+01,2.243666e+01,2.239545e+01,2.233360e+01,2.249844e+01,2.235422e+01,2.237484e+01,2.231298e+01,2.231986e+01,2.241605e+01,2.232673e+01,2.228548e+01,2.229923e+01,2.225109e+01,2.234735e+01,2.230611e+01,2.252588e+01,2.230611e+01,2.229923e+01,2.227172e+01,2.233360e+01,2.226485e+01,2.224421e+01,2.224421e+01,2.221669e+01,2.225109e+01,2.233360e+01,2.219604e+01,2.229923e+01,2.218916e+01,2.220981e+01,2.231298e+01,2.222357e+01,2.215474e+01,2.239545e+01,2.210653e+01,2.231298e+01,2.214096e+01,2.218228e+01,2.219604e+01,2.229235e+01,2.209964e+01,2.212719e+01,2.223045e+01,2.220292e+01,2.214785e+01,2.208586e+01,2.217539e+01,2.221669e+01,2.209275e+01,2.220981e+01,2.215474e+01,2.220981e+01,2.220981e+01,2.218228e+01,2.215474e+01,2.216851e+01,2.216162e+01,2.218916e+01,2.205829e+01,2.214096e+01,2.200314e+01,2.204451e+01,2.203761e+01,2.208586e+01,2.212030e+01,2.194796e+01,2.194106e+01,2.187204e+01,2.200314e+01,2.198935e+01,2.189275e+01,2.194796e+01,2.193416e+01,2.197555e+01,2.195486e+01,2.199624e+01,2.201004e+01,2.207897e+01,2.209964e+01,2.216162e+01,2.245725e+01,2.232673e+01,2.238171e+01,2.242292e+01,2.253960e+01,2.248471e+01,2.258076e+01,2.252588e+01,2.246412e+01,2.256704e+01,2.267671e+01,2.259447e+01,2.256704e+01,2.260132e+01,2.260132e+01,2.271780e+01,2.260818e+01,2.263560e+01,2.260818e+01,2.258076e+01,2.268356e+01,2.267671e+01
2.409864e+01,2.413242e+01,2.402428e+01,2.407837e+01,2.410540e+01,2.400400e+01,2.410540e+01,2.403781e+01,2.395664e+01,2.387542e+01,2.397694e+01,2.379413e+01,2.381446e+01,2.382801e+01,2.371277e+01,2.378057e+01,2.367886e+01,2.363814e+01,2.346833e+01,2.366529e+01,2.354987e+01,2.359741e+01,2.325056e+01,2.339352e+01,2.320967e+01,2.335950e+01,2.329823e+01,2.325056e+01,2.302550e+01,2.303915e+01,2.311422e+01,2.294353e+01,2.291620e+01,2.288886e+01,2.273835e+01,2.280679e+01,2.267671e+01,2.259447e+01,2.275888e+01,2.269041e+01,2.264930e+01,2.267671e+01,2.264930e+01,2.263560e+01,2.260818e+01,2.260132e+01,2.248471e+01,2.263560e+01,2.242979e+01,2.255332e+01,2.252588e+01,2.253960e+01,2.268356e+01,2.281363e+01,2.275888e+01,2.260818e+01,2.261503e+01,2.245725e+01,2.269041e+01,2.268356e+01,2.256018e+01,2.257390e+01,2.240919e+01,2.247098e+01,2.236110e+01,2.238858e+01,2.240232e+01,2.240232e+01,2.253275e+01,2.240919e+01,2.245725e+01,2.242292e+01,2.240919e+01,2.244352e+01,2.240919e+01,2.234048e+01,2.244352e+01,2.239545e+01,2.236110e+01,2.238171e+01,2.233360e+01,2.227860e+01,2.237484e+01,2.242979e+01,2.234048e+01,2.238858e+01,2.223733e+01,2.219604e+01,2.232673e+01,2.229923e+01,2.240232e+01,2.231986e+01,2.227860e+01,2.235422e+01,2.232673e+01,2.236110e+01,2.233360e+01,2.245725e+01,2.245039e+01,2.216162e+01,2.241605e+01,2.231986e+01,2.225797e+01,2.213408e+01,2.238858e+01,2.238171e+01,2.228548e+01,2.220292e+01,2.231986e+01,2.227860e+01,2.226485e+01,2.231298e+01,2.223045e+01,2.216851e+01,2.226485e+01,2.229923e+01,2.223733e+01,2.235422e+01,2.228548e+01,2.229923e+01,2.230611e+01,2.232673e+01,2.226485e+01,2.225109e+01,2.236797e+01,2.223733e+01,2.223045e+01,2.223045e+01,2.227172e+01,2.227860e+01,2.226485e+01,2.217539e+01,2.217539e+01,2.223045e+01,2.234048e+01,2.220981e+01,2.212030e+01,2.221669e+01,2.220292e+01,2.220981e+01,2.221669e+01,2.227172e+01,2.220292e+01,2.225797e+01,2.225109e+01,2.217539e+01,2.228548e+01,2.218916e+01,2.226485e+01,2.212030e+01,2.215474e+01,2.212719e+01,2.223045e+01,2.226485e+01,2.223045e+01,2.210653e+01,2.229235e+01,2.205829e+01,2.225109e+01,2.209275e+01,2.214785e+01,2.214785e+01,2.216851e+01,2.224421e+01,2.212719e+01,2.221669e+01,2.213408e+01,2.211341e+01,2.230611e+01,2.207207e+01,2.230611e+01,2.220981e+01,2.222357e+01,2.223733e+01,2.234048e+01,2.230611e+01,2.212719e+01,2.211341e+01,2.219604e+01,2.209275e+01,2.240919e+01,2.227860e+01,2.234735e+01,2.221669e+01,2.232673e+01,2.233360e+01,2.204451e+01,2.219604e+01,2.220292e+01,2.223045e+01,2.223733e+01,2.225109e+01,2.218916e+01,2.212030e+01,2.216162e+01,2.213408e+01,2.212719e+01,2.218916e+01,2.216851e+01,2.223733e+01,2.209275e+01,2.216851e+01,2.218228e+01,2.208586e+01,2.224421e+01,2.205829e+01,2.205140e+01,2.221669e+01,2.207207e+01,2.215474e+01,2.207207e+01,2.212719e+01,2.208586e+01,2.204451e+01,2.211341e+01,2.234735e+01,2.205140e+01,2.214096e+01,2.207207e+01,2.215474e+01,2.209964e+01,2.226485e+01,2.222357e+01,2.210653e+01,2.198935e+01,2.199624e+01,2.196866e+01,2.201693e+01,2.195486e+01,2.203761e+01,2.199624e+01,2.199624e+01,2.186513e+01,2.194796e+01,2.189275e+01,2.182369e+01,2.180988e+01,2.178915e+01,2.181678e+01,2.175459e+01,2.177533e+01,2.175459e+01,2.168544e+01,2.176150e+01,2.212030e+01,2.211341e+01,2.248471e+01,2.258076e+01,2.260818e+01,2.260132e+01,2.283415e+01,2.290937e+01,2.292303e+01,2.305280e+01,2.311422e+01,2.312104e+01,2.325737e+01,2.327099e+01,2.340032e+01,2.340032e+01,2.339352e+01,2.350231e+01,2.368564e+01,2.359062e+01,2.385510e+01,2.388896e+01,2.377380e+01,2.386187e+01,2.400400e+01,2.395664e+01,2.390250e+01,2.389573e+01,2.378057e+01,2.367886e+01,2.375346e+01,2.389573e+01,2.369242e+01,2.373312e+01,2.363136e+01,2.379413e+01,2.363136e+01,2.354987e+01,2.361778e+01,2.363136e+01,2.354987e+01,2.347513e+01,2.352270e+01,2.343433e+01,2.343433e+01,2.317559e+01,2.316195e+01,2.326418e+01,2.324374e+01,2.328461e+01,2.314150e+01,2.330504e+01,2.335269e+01,2.371277e+01,2.404457e+01,2.417294e+01,2.428092e+01,2.471844e+01,2.512068e+01,2.495997e+01,2.530119e+01,2.552139e+01,2.579433e+01,2.605993e+01,2.584085e+01,2.611297e+01,2.620573e+01,2.615274e+01,2.627194e+01,2.626532e+01,2.645709e+01,2.627855e+01,2.629179e+01,2.652975e+01,2.655615e+01,2.654955e+01,2.649012e+01,2.643727e+01,2.629841e+01,2.637117e+01,2.636456e+01,2.631164e+01,2.613948e+01,2.637117e+01,2.627194e+01,2.630502e+01,2.634472e+01,2.632487e+01,2.621235e+01,2.637778e+01,2.633149e+01,2.622560e+01,2.619911e+01,2.623222e+01,2.609971e+01,2.602013e+01,2.596041e+01,2.568124e+01,2.511399e+01,2.424719e+01,2.423369e+01,2.457056e+01,2.468484e+01,2.498007e+01,2.516082e+01,2.528782e+01,2.547471e+01,2.557470e+01,2.543469e+01,2.558802e+01,2.557470e+01,2.564796e+01,2.568124e+01,2.570121e+01,2.562132e+01,2.568790e+01,2.564796e+01,2.562132e+01,2.572117e+01,2.558802e+01,2.556137e+01,2.556137e+01,2.560800e+01,2.550805e+01,2.549472e+01,2.557470e+01,2.554804e+01,2.557470e+01,2.573447e+01,2.582092e+01,2.574113e+01,2.592057e+01,2.586743e+01,2.594049e+01,2.590065e+01,2.580097e+01,2.594049e+01,2.602677e+01,2.592721e+01,2.572117e+01,2.569455e+01,2.565462e+01,2.570786e+01,2.567459e+01,2.553472e+01,2.550139e+01,2.536796e+01,2.536129e+01,2.515413e+01,2.536129e+01,2.538131e+01,2.534793e+01,2.534126e+01,2.504035e+01,2.498677e+01,2.495997e+01,2.480572e+01,2.463780e+01,2.473187e+01,2.458401e+01,2.450327e+01,2.437531e+01,2.436183e+01,2.431464e+01,2.441573e+01,2.440900e+01,2.437531e+01,2.440226e+01,2.408512e+01,2.409188e+01,2.419994e+01,2.419319e+01,2.426068e+01,2.416619e+01,2.443594e+01,2.444268e+01,2.390927e+01,2.363136e+01,2.370599e+01,2.363814e+01,2.363136e+01,2.379413e+01,2.360420e+01,2.353629e+01,2.359062e+01,2.359741e+01,2.342073e+01,2.345473e+01,2.318923e+01,2.336630e+01,2.342753e+01,2.352949e+01,2.350911e+01,2.344113e+01,2.353629e+01,2.334589e+01,2.318923e+01,2.297769e+01,2.269041e+01,2.267671e+01,2.262189e+01,2.261503e+01,2.266986e+01,2.262189e+01,2.260818e+01,2.254646e+01,2.258761e+01,2.256704e+01,2.260132e+01,2.255332e+01,2.271096e+01,2.251902e+01,2.255332e+01,2.252588e+01,2.261503e+01,2.251216e+01,2.249158e+01,2.260818e+01,2.253275e+01,2.253275e+01,2.252588e+01,2.253960e+01,2.251902e+01,2.249844e+01,2.245039e+01,2.249158e+01,2.253275e+01,2.254646e+01,2.247098e+01,2.250530e+01,2.247785e+01,2.251216e+01,2.251902e+01,2.242292e+01,2.245039e+01,2.241605e+01,2.250530e+01,2.247098e+01,2.251902e+01,2.245039e+01,2.246412e+01,2.237484e+01,2.253275e+01,2.256018e+01,2.242292e+01,2.241605e+01,2.253275e+01,2.251902e+01,2.248471e+01,2.247098e+01,2.246412e+01,2.247785e+01,2.247098e+01,2.247098e+01,2.201004e+01,2.245039e+01,2.234735e+01,2.240919e+01,2.238171e+01,2.240232e+01,2.237484e+01,2.238171e+01,2.238858e+01,2.236797e+01,2.244352e+01,2.242979e+01,2.241605e+01,2.233360e+01,2.214785e+01,2.247785e+01,2.231986e+01,2.238171e+01,2.228548e+01,2.236797e+01,2.224421e+01,2.245725e+01,2.239545e+01,2.244352e+01,2.247098e+01,2.233360e+01,2.240232e+01,2.234048e+01,2.240232e+01,2.226485e+01,2.229235e+01,2.227860e+01,2.246412e+01,2.239545e+01,2.232673e+01,2.242292e+01,2.225109e+01,2.229923e+01,2.255332e+01,2.238858e+01,2.242292e+01,2.236797e+01,2.238171e+01,2.218228e+01,2.240232e+01,2.236797e+01,2.236797e+01,2.240232e+01,2.230611e+01,2.229923e+01,2.234048e+01,2.247785e+01,2.226485e+01,2.229923e+01,2.229923e+01,2.229923e+01,2.245725e+01,2.231986e+01,2.223045e+01,2.231298e+01,2.232673e+01,2.242292e+01,2.227860e+01,2.226485e+01,2.225109e+01,2.219604e+01,2.229235e+01,2.234048e+01,2.221669e+01,2.227860e+01,2.222357e+01,2.218916e+01,2.225797e+01,2.229235e+01,2.214785e+01,2.211341e+01,2.216162e+01,2.214096e+01,2.212719e+01,2.223733e+01,2.231298e+01,2.223045e+01,2.215474e+01,2.218916e+01,2.215474e+01,2.205829e+01,2.217539e+01,2.223733e+01,2.220981e+01,2.210653e+01,2.218916e+01,2.215474e+01,2.214785e+01,2.219604e+01,2.229235e+01,2.215474e+01,2.192726e+01,2.196866e+01,2.218916e+01,2.212719e+01,2.214096e+01,2.207207e+01,2.214096e+01,2.194796e+01,2.212719e+01,2.212719e+01,2.209964e+01,2.199624e+01,2.198245e+01,2.201693e+01,2.201004e+01,2.204451e+01,2.194796e+01,2.197555e+01,2.198245e+01,2.200314e+01,2.196176e+01,2.180988e+01,2.203761e+01,2.209964e+01,2.245039e+01,2.255332e+01,2.230611e+01,2.251216e+01,2.257390e+01,2.262189e+01,2.258761e+01,2.251216e+01,2.245039e+01,2.247098e+01,2.256704e+01,2.269041e+01,2.256018e+01,2.266986e+01,2.270411e+01,2.255332e+01,2.256018e+01,2.262874e+01,2.255332e+01,2.279310e+01,2.262874e+01,2.260818e+01
2.401076e+01,2.401076e+01,2.409864e+01,2.392958e+01,2.411891e+01,2.403781e+01,2.404457e+01,2.401752e+01,2.401076e+01,2.376702e+01,2.390927e+01,2.382123e+01,2.385510e+01,2.379413e+01,2.371956e+01,2.369242e+01,2.364493e+01,2.366529e+01,2.366529e+01,2.361778e+01,2.354308e+01,2.346833e+01,2.335950e+01,2.335269e+01,2.320967e+01,2.327780e+01,2.310057e+01,2.301184e+01,2.310739e+01,2.316877e+01,2.293670e+01,2.303232e+01,2.284783e+01,2.284099e+01,2.274519e+01,2.285467e+01,2.262189e+01,2.286151e+01,2.257390e+01,2.261503e+01,2.279310e+01,2.262874e+01,2.266301e+01,2.263560e+01,2.261503e+01,2.260818e+01,2.264245e+01,2.263560e+01,2.263560e+01,2.262874e+01,2.262874e+01,2.251902e+01,2.270411e+01,2.268356e+01,2.268356e+01,2.262874e+01,2.262874e+01,2.263560e+01,2.265615e+01,2.256704e+01,2.263560e+01,2.259447e+01,2.245039e+01,2.249844e+01,2.240232e+01,2.239545e+01,2.240232e+01,2.247785e+01,2.240919e+01,2.236797e+01,2.244352e+01,2.240919e+01,2.240232e+01,2.225109e+01,2.235422e+01,2.226485e+01,2.240232e+01,2.234735e+01,2.245039e+01,2.254646e+01,2.235422e+01,2.236797e+01,2.240232e+01,2.236110e+01,2.233360e+01,2.227860e+01,2.234048e+01,2.236110e+01,2.220292e+01,2.234048e+01,2.234048e+01,2.232673e+01,2.226485e+01,2.230611e+01,2.220292e+01,2.238171e+01,2.232673e+01,2.230611e+01,2.225797e+01,2.223733e+01,2.237484e+01,2.228548e+01,2.213408e+01,2.231298e+01,2.228548e+01,2.227860e+01,2.231986e+01,2.226485e+01,2.229923e+01,2.229923e+01,2.220292e+01,2.223045e+01,2.225109e+01,2.230611e+01,2.229923e+01,2.230611e+01,2.227172e+01,2.246412e+01,2.218916e+01,2.226485e+01,2.222357e+01,2.220981e+01,2.231986e+01,2.224421e+01,2.221669e+01,2.225797e+01,2.219604e+01,2.219604e+01,2.220292e+01,2.217539e+01,2.205140e+01,2.218916e+01,2.220292e+01,2.236797e+01,2.223733e+01,2.225109e+01,2.219604e+01,2.223045e+01,2.225109e+01,2.227172e+01,2.218916e+01,2.217539e+01,2.223045e+01,2.219604e+01,2.220981e+01,2.227860e+01,2.227860e+01,2.217539e+01,2.218916e+01,2.218916e+01,2.216851e+01,2.223045e+01,2.208586e+01,2.210653e+01,2.220292e+01,2.209964e+01,2.226485e+01,2.218228e+01,2.218916e+01,2.214785e+01,2.221669e+01,2.212030e+01,2.214785e+01,2.220292e+01,2.222357e+01,2.217539e+01,2.219604e+01,2.229235e+01,2.222357e+01,2.204451e+01,2.240232e+01,2.215474e+01,2.220292e+01,2.210653e+01,2.239545e+01,2.226485e+01,2.223045e+01,2.231298e+01,2.215474e+01,2.229235e+01,2.231986e+01,2.227172e+01,2.223045e+01,2.229235e+01,2.229235e+01,2.218916e+01,2.203761e+01,2.223045e+01,2.225797e+01,2.221669e+01,2.212030e+01,2.220981e+01,2.209964e+01,2.209964e+01,2.225109e+01,2.215474e+01,2.216851e+01,2.208586e+01,2.213408e+01,2.212719e+01,2.214785e+01,2.211341e+01,2.219604e+01,2.219604e+01,2.216162e+01,2.205829e+01,2.207207e+01,2.209275e+01,2.207207e+01,2.209275e+01,2.209964e+01,2.212030e+01,2.207207e+01,2.203761e+01,2.203761e+01,2.203761e+01,2.205829e+01,2.208586e+01,2.204451e+01,2.207897e+01,2.200314e+01,2.194796e+01,2.203761e+01,2.195486e+01,2.201004e+01,2.201693e+01,2.199624e+01,2.194796e+01,2.200314e+01,2.189275e+01,2.184441e+01,2.187204e+01,2.205829e+01,2.189275e+01,2.185823e+01,2.185823e+01,2.199624e+01,2.180988e+01,2.164393e+01,2.174768e+01,2.168544e+01,2.164393e+01,2.166468e+01,2.165777e+01,2.202383e+01,2.227172e+01,2.242292e+01,2.258076e+01,2.264245e+01,2.263560e+01,2.264930e+01,2.276573e+01,2.276573e+01,2.277942e+01,2.316195e+01,2.323012e+01,2.325737e+01,2.322330e+01,2.348872e+01,2.347513e+01,2.351590e+01,2.354987e+01,2.365172e+01,2.369242e+01,2.390927e+01,2.382801e+01,2.400400e+01,2.378735e+01,2.400400e+01,2.387542e+01,2.390927e+01,2.380091e+01,2.381446e+01,2.386865e+01,2.389573e+01,2.369921e+01,2.365850e+01,2.380091e+01,2.383478e+01,2.361099e+01,2.360420e+01,2.359741e+01,2.363136e+01,2.358383e+01,2.358383e+01,2.341393e+01,2.348872e+01,2.346833e+01,2.337311e+01,2.331185e+01,2.329142e+01,2.321649e+01,2.321649e+01,2.318241e+01,2.329823e+01,2.327780e+01,2.342073e+01,2.370599e+01,2.379413e+01,2.403105e+01,2.446961e+01,2.469156e+01,2.499347e+01,2.506713e+01,2.534126e+01,2.552805e+01,2.576108e+01,2.583421e+01,2.590729e+01,2.609971e+01,2.618586e+01,2.625208e+01,2.625870e+01,2.628517e+01,2.643727e+01,2.647691e+01,2.629841e+01,2.650994e+01,2.649673e+01,2.636456e+01,2.645049e+01,2.639761e+01,2.637778e+01,2.637778e+01,2.634472e+01,2.631826e+01,2.631164e+01,2.629841e+01,2.627855e+01,2.638439e+01,2.627194e+01,2.614611e+01,2.640422e+01,2.624546e+01,2.621898e+01,2.626532e+01,2.621235e+01,2.623222e+01,2.619911e+01,2.595377e+01,2.590729e+01,2.570786e+01,2.510060e+01,2.439552e+01,2.426068e+01,2.429441e+01,2.453692e+01,2.482585e+01,2.499347e+01,2.530119e+01,2.542802e+01,2.554804e+01,2.560134e+01,2.557470e+01,2.556804e+01,2.562132e+01,2.570786e+01,2.568790e+01,2.556804e+01,2.583421e+01,2.566793e+01,2.562798e+01,2.558136e+01,2.578768e+01,2.566127e+01,2.567459e+01,2.568790e+01,2.552139e+01,2.550139e+01,2.545471e+01,2.558136e+01,2.561466e+01,2.570121e+01,2.572782e+01,2.572782e+01,2.570786e+01,2.570121e+01,2.575443e+01,2.561466e+01,2.558136e+01,2.567459e+01,2.570786e+01,2.566793e+01,2.569455e+01,2.562798e+01,2.528782e+01,2.554804e+01,2.531454e+01,2.549472e+01,2.529451e+01,2.530787e+01,2.530119e+01,2.522100e+01,2.518088e+01,2.535461e+01,2.534793e+01,2.513406e+01,2.501357e+01,2.475873e+01,2.488622e+01,2.484598e+01,2.472515e+01,2.460419e+01,2.461763e+01,2.434161e+01,2.443594e+01,2.444941e+01,2.443594e+01,2.424719e+01,2.434161e+01,2.441573e+01,2.418644e+01,2.417294e+01,2.409188e+01,2.412566e+01,2.407837e+01,2.418644e+01,2.418644e+01,2.438878e+01,2.438878e+01,2.410540e+01,2.398371e+01,2.365850e+01,2.361778e+01,2.368564e+01,2.368564e+01,2.365172e+01,2.361099e+01,2.354308e+01,2.352270e+01,2.365850e+01,2.346153e+01,2.326418e+01,2.312104e+01,2.331185e+01,2.342753e+01,2.354308e+01,2.351590e+01,2.351590e+01,2.333908e+01,2.316195e+01,2.295037e+01,2.283415e+01,2.279310e+01,2.277942e+01,2.277257e+01,2.264930e+01,2.259447e+01,2.273150e+01,2.254646e+01,2.252588e+01,2.271096e+01,2.271096e+01,2.256018e+01,2.268356e+01,2.261503e+01,2.253275e+01,2.249158e+01,2.260132e+01,2.249158e+01,2.257390e+01,2.247098e+01,2.264245e+01,2.251902e+01,2.256704e+01,2.251216e+01,2.251902e+01,2.245039e+01,2.257390e+01,2.249844e+01,2.248471e+01,2.249844e+01,2.253960e+01,2.246412e+01,2.260818e+01,2.258076e+01,2.249158e+01,2.235422e+01,2.253275e+01,2.236797e+01,2.250530e+01,2.252588e+01,2.248471e+01,2.251902e+01,2.241605e+01,2.242979e+01,2.253960e+01,2.254646e+01,2.234048e+01,2.251902e+01,2.245039e+01,2.245725e+01,2.245725e+01,2.253275e+01,2.242979e+01,2.245725e+01,2.247785e+01,2.247785e+01,2.242292e+01,2.244352e+01,2.239545e+01,2.236797e+01,2.237484e+01,2.237484e+01,2.239545e+01,2.242979e+01,2.234048e+01,2.234735e+01,2.246412e+01,2.247785e+01,2.245725e+01,2.233360e+01,2.242979e+01,2.238858e+01,2.247098e+01,2.239545e+01,2.245725e+01,2.236797e+01,2.232673e+01,2.238858e+01,2.220292e+01,2.240919e+01,2.223733e+01,2.234048e+01,2.234048e+01,2.238858e+01,2.231986e+01,2.239545e+01,2.226485e+01,2.242979e+01,2.236110e+01,2.242979e+01,2.238171e+01,2.231986e+01,2.226485e+01,2.227172e+01,2.236797e+01,2.242979e+01,2.230611e+01,2.225797e+01,2.241605e+01,2.233360e+01,2.239545e+01,2.240232e+01,2.236797e+01,2.239545e+01,2.245039e+01,2.233360e+01,2.233360e+01,2.224421e+01,2.231986e+01,2.236110e+01,2.229235e+01,2.230611e+01,2.225797e+01,2.245725e+01,2.227172e+01,2.223733e+01,2.221669e+01,2.218228e+01,2.219604e+01,2.234048e+01,2.242292e+01,2.254646e+01,2.234735e+01,2.237484e+01,2.228548e+01,2.231986e+01,2.224421e+01,2.213408e+01,2.227860e+01,2.219604e+01,2.225109e+01,2.224421e+01,2.216162e+01,2.216162e+01,2.219604e+01,2.216851e+01,2.218228e+01,2.215474e+01,2.225797e+01,2.215474e+01,2.225109e+01,2.220292e+01,2.207897e+01,2.223733e+01,2.211341e+01,2.219604e+01,2.206518e+01,2.218228e+01,2.211341e+01,2.219604e+01,2.212719e+01,2.212030e+01,2.225109e+01,2.221669e+01,2.218228e+01,2.207897e+01,2.202383e+01,2.200314e+01,2.213408e+01,2.198245e+01,2.209964e+01,2.209275e+01,2.200314e+01,2.196176e+01,2.206518e+01,2.205829e+01,2.201693e+01,2.193416e+01,2.193416e+01,2.193416e+01,2.193416e+01,2.197555e+01,2.198935e+01,2.180988e+01,2.180297e+01,2.228548e+01,2.245039e+01,2.253275e+01,2.247785e+01,2.248471e+01,2.251216e+01,2.244352e+01,2.258076e+01,2.261503e+01,2.246412e+01,2.253275e+01,2.258076e+01,2.248471e+01,2.253275e+01,2.253960e+01,2.273835e+01,2.269726e+01,2.271096e+01,2.258761e+01,2.262874e+01,2.272465e+01,2.272465e+01,2.264930e+01
2.411891e+01,2.407161e+01,2.402428e+01,2.411215e+01,2.405809e+01,2.407837e+01,2.409188e+01,2.401076e+01,2.396341e+01,2.398371e+01,2.398371e+01,2.392281e+01,2.374668e+01,2.373990e+01,2.367207e+01,2.368564e+01,2.365850e+01,2.357025e+01,2.361099e+01,2.365172e+01,2.337311e+01,2.329823e+01,2.326418e+01,2.340032e+01,2.327780e+01,2.308693e+01,2.312104e+01,2.318241e+01,2.321649e+01,2.297769e+01,2.292987e+01,2.288202e+01,2.283415e+01,2.288202e+01,2.289569e+01,2.276573e+01,2.283415e+01,2.269041e+01,2.269726e+01,2.269041e+01,2.268356e+01,2.262189e+01,2.273835e+01,2.253960e+01,2.262189e+01,2.261503e+01,2.264245e+01,2.264930e+01,2.264245e+01,2.269726e+01,2.258761e+01,2.258076e+01,2.257390e+01,2.268356e+01,2.253960e+01,2.257390e+01,2.259447e+01,2.262189e+01,2.264245e+01,2.261503e+01,2.265615e+01,2.247785e+01,2.238171e+01,2.241605e+01,2.247785e+01,2.240232e+01,2.250530e+01,2.244352e+01,2.236797e+01,2.251216e+01,2.242292e+01,2.239545e+01,2.238858e+01,2.230611e+01,2.249844e+01,2.234048e+01,2.246412e+01,2.241605e+01,2.241605e+01,2.245039e+01,2.245725e+01,2.242979e+01,2.233360e+01,2.228548e+01,2.225797e+01,2.228548e+01,2.229923e+01,2.224421e+01,2.224421e+01,2.237484e+01,2.223733e+01,2.234048e+01,2.228548e+01,2.236797e+01,2.223733e+01,2.231298e+01,2.229923e+01,2.229923e+01,2.240919e+01,2.229923e+01,2.236110e+01,2.229235e+01,2.229235e+01,2.238171e+01,2.214096e+01,2.226485e+01,2.225797e+01,2.229235e+01,2.226485e+01,2.227172e+01,2.225109e+01,2.222357e+01,2.219604e+01,2.232673e+01,2.225797e+01,2.224421e+01,2.227172e+01,2.225797e+01,2.227860e+01,2.227860e+01,2.215474e+01,2.226485e+01,2.229923e+01,2.218228e+01,2.212719e+01,2.221669e+01,2.220981e+01,2.218916e+01,2.218228e+01,2.219604e+01,2.218916e+01,2.220292e+01,2.218916e+01,2.214096e+01,2.216162e+01,2.219604e+01,2.222357e+01,2.224421e+01,2.222357e+01,2.220292e+01,2.218916e+01,2.215474e+01,2.228548e+01,2.221669e+01,2.223045e+01,2.217539e+01,2.225797e+01,2.227172e+01,2.220292e+01,2.203072e+01,2.211341e+01,2.207897e+01,2.203072e+01,2.205829e+01,2.219604e+01,2.219604e+01,2.218228e+01,2.214096e+01,2.223045e+01,2.219604e+01,2.225797e+01,2.216162e+01,2.216851e+01,2.216851e+01,2.214785e+01,2.215474e+01,2.227860e+01,2.229235e+01,2.220292e+01,2.218228e+01,2.226485e+01,2.229923e+01,2.216162e+01,2.220292e+01,2.208586e+01,2.222357e+01,2.223733e+01,2.221669e+01,2.221669e+01,2.218228e+01,2.218916e+01,2.225109e+01,2.223045e+01,2.225797e+01,2.228548e+01,2.221669e+01,2.231986e+01,2.220981e+01,2.221669e+01,2.219604e+01,2.220981e+01,2.209275e+01,2.206518e+01,2.212719e+01,2.223733e+01,2.220981e+01,2.216162e+01,2.214096e+01,2.207207e+01,2.211341e+01,2.212719e+01,2.218228e+01,2.223045e+01,2.209275e+01,2.205140e+01,2.215474e+01,2.209275e+01,2.210653e+01,2.214096e+01,2.212030e+01,2.198245e+01,2.207897e+01,2.209275e+01,2.205829e+01,2.195486e+01,2.207207e+01,2.210653e+01,2.204451e+01,2.208586e+01,2.207207e+01,2.196176e+01,2.204451e+01,2.201004e+01,2.201693e+01,2.193416e+01,2.196866e+01,2.200314e+01,2.196866e+01,2.196176e+01,2.197555e+01,2.192726e+01,2.190655e+01,2.183060e+01,2.184441e+01,2.184441e+01,2.179606e+01,2.184441e+01,2.174768e+01,2.170619e+01,2.169927e+01,2.171310e+01,2.156085e+01,2.162317e+01,2.178224e+01,2.203761e+01,2.205140e+01,2.239545e+01,2.258076e+01,2.258076e+01,2.262189e+01,2.269726e+01,2.277257e+01,2.286151e+01,2.302550e+01,2.296403e+01,2.316195e+01,2.325056e+01,2.336630e+01,2.339352e+01,2.345473e+01,2.345473e+01,2.348192e+01,2.364493e+01,2.362457e+01,2.374668e+01,2.375346e+01,2.377380e+01,2.384833e+01,2.394311e+01,2.401076e+01,2.385510e+01,2.397018e+01,2.383478e+01,2.382123e+01,2.380768e+01,2.382801e+01,2.380768e+01,2.369242e+01,2.382801e+01,2.382801e+01,2.380091e+01,2.357704e+01,2.370599e+01,2.361778e+01,2.358383e+01,2.347513e+01,2.352270e+01,2.348192e+01,2.337991e+01,2.346153e+01,2.341393e+01,2.329142e+01,2.325056e+01,2.320967e+01,2.330504e+01,2.338672e+01,2.340713e+01,2.352949e+01,2.383478e+01,2.414593e+01,2.430790e+01,2.477887e+01,2.506044e+01,2.521431e+01,2.530787e+01,2.576773e+01,2.559468e+01,2.582756e+01,2.607319e+01,2.618586e+01,2.619248e+01,2.633149e+01,2.625208e+01,2.630502e+01,2.645049e+01,2.647691e+01,2.633149e+01,2.633810e+01,2.636456e+01,2.630502e+01,2.643066e+01,2.621235e+01,2.639100e+01,2.639100e+01,2.626532e+01,2.637778e+01,2.630502e+01,2.640422e+01,2.625870e+01,2.627855e+01,2.625208e+01,2.635794e+01,2.634472e+01,2.630502e+01,2.623884e+01,2.623884e+01,2.625208e+01,2.603340e+01,2.621235e+01,2.593385e+01,2.581427e+01,2.569455e+01,2.510060e+01,2.422694e+01,2.427417e+01,2.422019e+01,2.470500e+01,2.486610e+01,2.498007e+01,2.520763e+01,2.538799e+01,2.556804e+01,2.559468e+01,2.559468e+01,2.557470e+01,2.561466e+01,2.571451e+01,2.567459e+01,2.568124e+01,2.573447e+01,2.559468e+01,2.564130e+01,2.570121e+01,2.566127e+01,2.575443e+01,2.556804e+01,2.566793e+01,2.545471e+01,2.564130e+01,2.556804e+01,2.568124e+01,2.558802e+01,2.555471e+01,2.572117e+01,2.570786e+01,2.571451e+01,2.562798e+01,2.564796e+01,2.560800e+01,2.559468e+01,2.542802e+01,2.541468e+01,2.546805e+01,2.543469e+01,2.553472e+01,2.530787e+01,2.534126e+01,2.535461e+01,2.543469e+01,2.518757e+01,2.518088e+01,2.518088e+01,2.502696e+01,2.496667e+01,2.504035e+01,2.501357e+01,2.496667e+01,2.493316e+01,2.475201e+01,2.493986e+01,2.464452e+01,2.472515e+01,2.460419e+01,2.440226e+01,2.444941e+01,2.448981e+01,2.446961e+01,2.442247e+01,2.447635e+01,2.442247e+01,2.439552e+01,2.437531e+01,2.416619e+01,2.409188e+01,2.415943e+01,2.417294e+01,2.415268e+01,2.411891e+01,2.442247e+01,2.417969e+01,2.416619e+01,2.417294e+01,2.364493e+01,2.365850e+01,2.363136e+01,2.361099e+01,2.375346e+01,2.369921e+01,2.365172e+01,2.353629e+01,2.348192e+01,2.345473e+01,2.329142e+01,2.326418e+01,2.348872e+01,2.354308e+01,2.376024e+01,2.352949e+01,2.352270e+01,2.340032e+01,2.327780e+01,2.316195e+01,2.281363e+01,2.283415e+01,2.268356e+01,2.262874e+01,2.263560e+01,2.260132e+01,2.269041e+01,2.270411e+01,2.256704e+01,2.264245e+01,2.278626e+01,2.276573e+01,2.257390e+01,2.253275e+01,2.258761e+01,2.274519e+01,2.260818e+01,2.255332e+01,2.261503e+01,2.245725e+01,2.260818e+01,2.255332e+01,2.258076e+01,2.257390e+01,2.264245e+01,2.245039e+01,2.245039e+01,2.251902e+01,2.248471e+01,2.251902e+01,2.251902e+01,2.240232e+01,2.240919e+01,2.262189e+01,2.251902e+01,2.254646e+01,2.249158e+01,2.251216e+01,2.237484e+01,2.239545e+01,2.250530e+01,2.251216e+01,2.252588e+01,2.250530e+01,2.244352e+01,2.245039e+01,2.249844e+01,2.247785e+01,2.244352e+01,2.249844e+01,2.251216e+01,2.253960e+01,2.243666e+01,2.247098e+01,2.248471e+01,2.247098e+01,2.236797e+01,2.238171e+01,2.260132e+01,2.232673e+01,2.231298e+01,2.241605e+01,2.244352e+01,2.238171e+01,2.238858e+01,2.233360e+01,2.236110e+01,2.239545e+01,2.235422e+01,2.237484e+01,2.240919e+01,2.242292e+01,2.239545e+01,2.240919e+01,2.233360e+01,2.223733e+01,2.248471e+01,2.233360e+01,2.241605e+01,2.236110e+01,2.246412e+01,2.236110e+01,2.235422e+01,2.229235e+01,2.227860e+01,2.235422e+01,2.228548e+01,2.236797e+01,2.242292e+01,2.231986e+01,2.225797e+01,2.241605e+01,2.227860e+01,2.225109e+01,2.242979e+01,2.240232e+01,2.234735e+01,2.233360e+01,2.246412e+01,2.227172e+01,2.238858e+01,2.240232e+01,2.239545e+01,2.239545e+01,2.229235e+01,2.236110e+01,2.232673e+01,2.236110e+01,2.230611e+01,2.229923e+01,2.232673e+01,2.238858e+01,2.231986e+01,2.228548e+01,2.229923e+01,2.233360e+01,2.238171e+01,2.232673e+01,2.216162e+01,2.218228e+01,2.236797e+01,2.235422e+01,2.233360e+01,2.220981e+01,2.233360e+01,2.222357e+01,2.236110e+01,2.225797e+01,2.229923e+01,2.219604e+01,2.216162e+01,2.226485e+01,2.226485e+01,2.214096e+01,2.227172e+01,2.224421e+01,2.220292e+01,2.220981e+01,2.209964e+01,2.225109e+01,2.214785e+01,2.235422e+01,2.229923e+01,2.234048e+01,2.227860e+01,2.222357e+01,2.216162e+01,2.216851e+01,2.224421e+01,2.218228e+01,2.204451e+01,2.211341e+01,2.212030e+01,2.212719e+01,2.223045e+01,2.219604e+01,2.215474e+01,2.212719e+01,2.206518e+01,2.207897e+01,2.209964e+01,2.204451e+01,2.207207e+01,2.199624e+01,2.198245e+01,2.203761e+01,2.177533e+01,2.211341e+01,2.202383e+01,2.194796e+01,2.194796e+01,2.191346e+01,2.191346e+01,2.196176e+01,2.180297e+01,2.227172e+01,2.249158e+01,2.247785e+01,2.250530e+01,2.259447e+01,2.258076e+01,2.277257e+01,2.256704e+01,2.252588e+01,2.259447e+01,2.251902e+01,2.253275e+01,2.258076e+01,2.260818e+01,2.274519e+01,2.271096e+01,2.284783e+01,2.271780e+01,2.256018e+01,2.251902e+01,2.272465e+01,2.262189e+01,2.266986e+01
2.409864e+01,2.422694e+01,2.410540e+01,2.413917e+01,2.405809e+01,2.405133e+01,2.400400e+01,2.395664e+01,2.392958e+01,2.398371e+01,2.395664e+01,2.386865e+01,2.378057e+01,2.376702e+01,2.373990e+01,2.367207e+01,2.364493e+01,2.350231e+01,2.370599e+01,2.352270e+01,2.360420e+01,2.336630e+01,2.337991e+01,2.327780e+01,2.333228e+01,2.335950e+01,2.318923e+01,2.289569e+01,2.295720e+01,2.290253e+01,2.299135e+01,2.289569e+01,2.285467e+01,2.279310e+01,2.269726e+01,2.279995e+01,2.273150e+01,2.269041e+01,2.256018e+01,2.260132e+01,2.259447e+01,2.259447e+01,2.275888e+01,2.242979e+01,2.268356e+01,2.251216e+01,2.271096e+01,2.262874e+01,2.263560e+01,2.253960e+01,2.269041e+01,2.261503e+01,2.248471e+01,2.271096e+01,2.266986e+01,2.262189e+01,2.258076e+01,2.249158e+01,2.256704e+01,2.258761e+01,2.261503e+01,2.257390e+01,2.256704e+01,2.247098e+01,2.236110e+01,2.240919e+01,2.246412e+01,2.238171e+01,2.240919e+01,2.238171e+01,2.238858e+01,2.240919e+01,2.239545e+01,2.236797e+01,2.251216e+01,2.241605e+01,2.247785e+01,2.233360e+01,2.235422e+01,2.240919e+01,2.248471e+01,2.236110e+01,2.245039e+01,2.229923e+01,2.234735e+01,2.221669e+01,2.234048e+01,2.235422e+01,2.231986e+01,2.230611e+01,2.238858e+01,2.232673e+01,2.227172e+01,2.232673e+01,2.231986e+01,2.235422e+01,2.230611e+01,2.241605e+01,2.231986e+01,2.218916e+01,2.231986e+01,2.247098e+01,2.228548e+01,2.226485e+01,2.224421e+01,2.225109e+01,2.223733e+01,2.223733e+01,2.233360e+01,2.218228e+01,2.218228e+01,2.223733e+01,2.233360e+01,2.219604e+01,2.220292e+01,2.226485e+01,2.239545e+01,2.240919e+01,2.222357e+01,2.222357e+01,2.223733e+01,2.224421e+01,2.219604e+01,2.217539e+01,2.221669e+01,2.223733e+01,2.218916e+01,2.230611e+01,2.221669e+01,2.220981e+01,2.226485e+01,2.222357e+01,2.220981e+01,2.221669e+01,2.222357e+01,2.214096e+01,2.220981e+01,2.232673e+01,2.210653e+01,2.216162e+01,2.220981e+01,2.207897e+01,2.227172e+01,2.214096e+01,2.218228e+01,2.215474e+01,2.225797e+01,2.217539e+01,2.219604e+01,2.218228e+01,2.229235e+01,2.214096e+01,2.222357e+01,2.215474e+01,2.209964e+01,2.222357e+01,2.211341e+01,2.216851e+01,2.210653e+01,2.213408e+01,2.209275e+01,2.216851e+01,2.216162e+01,2.225109e+01,2.214096e+01,2.231986e+01,2.231298e+01,2.223733e+01,2.208586e+01,2.218916e+01,2.220292e+01,2.205140e+01,2.211341e+01,2.210653e+01,2.223733e+01,2.223045e+01,2.225797e+01,2.218228e+01,2.220981e+01,2.222357e+01,2.220981e+01,2.224421e+01,2.220292e+01,2.230611e+01,2.223045e+01,2.225109e+01,2.217539e+01,2.216851e+01,2.219604e+01,2.220981e+01,2.207207e+01,2.212719e+01,2.211341e+01,2.206518e+01,2.208586e+01,2.214096e+01,2.205140e+01,2.213408e+01,2.213408e+01,2.220292e+01,2.209275e+01,2.223733e+01,2.209964e+01,2.212719e+01,2.219604e+01,2.197555e+01,2.207207e+01,2.209964e+01,2.210653e+01,2.214096e+01,2.216162e+01,2.208586e+01,2.207207e+01,2.202383e+01,2.206518e+01,2.211341e+01,2.205140e+01,2.204451e+01,2.205140e+01,2.203761e+01,2.193416e+01,2.193416e+01,2.197555e+01,2.193416e+01,2.197555e+01,2.194796e+01,2.197555e+01,2.193416e+01,2.194796e+01,2.185823e+01,2.186513e+01,2.196866e+01,2.188585e+01,2.185823e+01,2.203761e+01,2.182369e+01,2.176150e+01,2.166468e+01,2.172693e+01,2.174076e+01,2.152622e+01,2.169236e+01,2.158855e+01,2.169236e+01,2.178915e+01,2.202383e+01,2.244352e+01,2.245725e+01,2.253960e+01,2.257390e+01,2.271780e+01,2.282047e+01,2.294353e+01,2.305280e+01,2.303915e+01,2.306645e+01,2.334589e+01,2.318241e+01,2.324374e+01,2.351590e+01,2.349552e+01,2.353629e+01,2.365172e+01,2.371277e+01,2.371277e+01,2.374668e+01,2.392958e+01,2.380091e+01,2.378057e+01,2.374668e+01,2.382801e+01,2.394311e+01,2.401076e+01,2.383478e+01,2.383478e+01,2.384155e+01,2.382123e+01,2.377380e+01,2.375346e+01,2.370599e+01,2.360420e+01,2.366529e+01,2.365850e+01,2.362457e+01,2.353629e+01,2.357704e+01,2.340713e+01,2.353629e+01,2.358383e+01,2.344113e+01,2.339352e+01,2.346153e+01,2.335950e+01,2.335950e+01,2.328461e+01,2.340032e+01,2.344113e+01,2.371956e+01,2.385510e+01,2.410540e+01,2.446288e+01,2.460419e+01,2.508052e+01,2.510060e+01,2.538799e+01,2.575443e+01,2.566793e+01,2.586079e+01,2.594713e+01,2.624546e+01,2.619248e+01,2.621898e+01,2.623222e+01,2.625208e+01,2.649012e+01,2.633810e+01,2.634472e+01,2.647031e+01,2.633149e+01,2.642405e+01,2.643727e+01,2.637778e+01,2.635133e+01,2.638439e+01,2.635133e+01,2.632487e+01,2.642405e+01,2.623884e+01,2.620573e+01,2.637778e+01,2.636456e+01,2.633149e+01,2.631826e+01,2.625870e+01,2.627194e+01,2.626532e+01,2.625870e+01,2.615936e+01,2.612623e+01,2.596704e+01,2.606656e+01,2.577438e+01,2.509391e+01,2.434161e+01,2.426068e+01,2.442247e+01,2.469156e+01,2.481243e+01,2.517419e+01,2.517419e+01,2.527446e+01,2.543469e+01,2.556137e+01,2.560134e+01,2.564130e+01,2.566127e+01,2.554804e+01,2.568124e+01,2.570786e+01,2.556804e+01,2.562132e+01,2.571451e+01,2.556804e+01,2.558136e+01,2.567459e+01,2.556137e+01,2.574778e+01,2.542802e+01,2.567459e+01,2.564130e+01,2.558802e+01,2.554138e+01,2.560134e+01,2.563464e+01,2.563464e+01,2.549472e+01,2.564796e+01,2.548805e+01,2.550805e+01,2.536129e+01,2.543469e+01,2.542135e+01,2.546805e+01,2.533458e+01,2.531454e+01,2.539466e+01,2.552805e+01,2.521431e+01,2.516751e+01,2.515413e+01,2.514075e+01,2.516751e+01,2.499347e+01,2.490634e+01,2.494656e+01,2.488622e+01,2.493986e+01,2.492645e+01,2.474530e+01,2.469156e+01,2.459746e+01,2.465124e+01,2.457056e+01,2.447635e+01,2.443594e+01,2.414593e+01,2.445614e+01,2.443594e+01,2.434161e+01,2.441573e+01,2.434835e+01,2.438205e+01,2.417294e+01,2.404457e+01,2.407837e+01,2.395664e+01,2.409864e+01,2.413917e+01,2.417969e+01,2.414593e+01,2.418644e+01,2.434835e+01,2.396341e+01,2.368564e+01,2.358383e+01,2.369921e+01,2.360420e+01,2.354987e+01,2.371277e+01,2.362457e+01,2.353629e+01,2.347513e+01,2.331185e+01,2.318923e+01,2.329142e+01,2.354987e+01,2.350231e+01,2.352949e+01,2.343433e+01,2.349552e+01,2.342753e+01,2.321649e+01,2.295720e+01,2.274519e+01,2.256704e+01,2.253275e+01,2.260818e+01,2.282731e+01,2.260818e+01,2.278626e+01,2.261503e+01,2.269041e+01,2.266986e+01,2.272465e+01,2.253275e+01,2.268356e+01,2.262874e+01,2.262874e+01,2.260132e+01,2.264245e+01,2.260818e+01,2.253960e+01,2.247098e+01,2.254646e+01,2.251902e+01,2.252588e+01,2.249158e+01,2.260132e+01,2.245725e+01,2.252588e+01,2.250530e+01,2.261503e+01,2.251902e+01,2.256704e+01,2.251902e+01,2.251216e+01,2.251902e+01,2.253275e+01,2.249844e+01,2.251216e+01,2.247785e+01,2.249844e+01,2.242292e+01,2.253960e+01,2.239545e+01,2.247098e+01,2.237484e+01,2.249158e+01,2.238858e+01,2.252588e+01,2.256018e+01,2.253275e+01,2.251216e+01,2.246412e+01,2.249844e+01,2.248471e+01,2.243666e+01,2.254646e+01,2.244352e+01,2.240919e+01,2.251216e+01,2.236110e+01,2.237484e+01,2.242979e+01,2.247785e+01,2.234735e+01,2.248471e+01,2.234048e+01,2.248471e+01,2.230611e+01,2.245039e+01,2.241605e+01,2.238858e+01,2.242979e+01,2.247098e+01,2.248471e+01,2.237484e+01,2.251902e+01,2.244352e+01,2.245039e+01,2.245725e+01,2.243666e+01,2.234048e+01,2.231986e+01,2.227172e+01,2.247098e+01,2.227172e+01,2.233360e+01,2.229235e+01,2.222357e+01,2.225797e+01,2.249844e+01,2.231298e+01,2.227860e+01,2.238858e+01,2.234048e+01,2.244352e+01,2.240919e+01,2.237484e+01,2.240919e+01,2.239545e+01,2.238858e+01,2.241605e+01,2.242292e+01,2.235422e+01,2.242292e+01,2.234048e+01,2.234735e+01,2.231298e+01,2.232673e+01,2.229235e+01,2.228548e+01,2.235422e+01,2.229923e+01,2.229923e+01,2.231298e+01,2.242979e+01,2.232673e+01,2.227860e+01,2.236797e+01,2.234735e+01,2.227172e+01,2.236797e+01,2.229235e+01,2.227172e+01,2.219604e+01,2.230611e+01,2.224421e+01,2.231986e+01,2.227172e+01,2.217539e+01,2.223045e+01,2.221669e+01,2.227860e+01,2.220981e+01,2.221669e+01,2.233360e+01,2.214096e+01,2.218228e+01,2.225109e+01,2.216851e+01,2.227860e+01,2.212030e+01,2.229923e+01,2.214096e+01,2.215474e+01,2.223045e+01,2.209275e+01,2.214785e+01,2.208586e+01,2.213408e+01,2.218916e+01,2.219604e+01,2.200314e+01,2.216162e+01,2.209964e+01,2.218228e+01,2.213408e+01,2.217539e+01,2.218916e+01,2.203761e+01,2.205140e+01,2.201004e+01,2.205140e+01,2.205829e+01,2.201004e+01,2.205140e+01,2.198245e+01,2.198935e+01,2.196176e+01,2.194106e+01,2.192726e+01,2.196176e+01,2.197555e+01,2.189965e+01,2.197555e+01,2.184441e+01,2.227860e+01,2.243666e+01,2.250530e+01,2.269726e+01,2.273150e+01,2.250530e+01,2.268356e+01,2.271780e+01,2.254646e+01,2.254646e+01,2.262189e+01,2.256704e+01,2.260132e+01,2.247785e+01,2.262874e+01,2.257390e+01,2.269041e+01,2.277942e+01,2.265615e+01,2.268356e+01,2.269726e+01,2.268356e+01,2.266986e+01
2.402428e+01,2.390250e+01,2.415268e+01,2.419994e+01,2.401076e+01,2.403781e+01,2.403105e+01,2.403105e+01,2.383478e+01,2.399723e+01,2.392958e+01,2.386865e+01,2.382801e+01,2.376702e+01,2.370599e+01,2.373990e+01,2.363136e+01,2.350911e+01,2.363814e+01,2.348192e+01,2.351590e+01,2.336630e+01,2.327099e+01,2.324374e+01,2.324374e+01,2.325056e+01,2.310739e+01,2.301867e+01,2.298452e+01,2.298452e+01,2.292987e+01,2.295720e+01,2.296403e+01,2.280679e+01,2.275888e+01,2.286151e+01,2.277942e+01,2.269726e+01,2.266301e+01,2.257390e+01,2.260818e+01,2.263560e+01,2.256018e+01,2.251902e+01,2.262874e+01,2.282047e+01,2.257390e+01,2.264245e+01,2.256018e+01,2.264930e+01,2.265615e+01,2.264245e+01,2.264245e+01,2.256018e+01,2.249844e+01,2.257390e+01,2.260132e+01,2.248471e+01,2.243666e+01,2.253960e+01,2.258076e+01,2.258761e+01,2.255332e+01,2.246412e+01,2.248471e+01,2.245725e+01,2.247785e+01,2.249844e+01,2.237484e+01,2.238171e+01,2.243666e+01,2.240919e+01,2.238171e+01,2.238171e+01,2.240919e+01,2.242292e+01,2.245725e+01,2.243666e+01,2.237484e+01,2.238858e+01,2.224421e+01,2.242292e+01,2.239545e+01,2.235422e+01,2.228548e+01,2.231986e+01,2.228548e+01,2.232673e+01,2.238171e+01,2.241605e+01,2.225109e+01,2.233360e+01,2.225797e+01,2.235422e+01,2.231298e+01,2.235422e+01,2.236110e+01,2.226485e+01,2.229923e+01,2.229235e+01,2.230611e+01,2.231986e+01,2.238858e+01,2.226485e+01,2.225109e+01,2.235422e+01,2.231298e+01,2.231298e+01,2.236797e+01,2.223733e+01,2.233360e+01,2.220292e+01,2.218228e+01,2.223045e+01,2.223045e+01,2.221669e+01,2.220292e+01,2.229235e+01,2.231986e+01,2.220981e+01,2.220981e+01,2.212030e+01,2.220981e+01,2.216162e+01,2.211341e+01,2.227172e+01,2.226485e+01,2.223733e+01,2.218916e+01,2.220292e+01,2.218228e+01,2.221669e+01,2.220981e+01,2.218228e+01,2.216851e+01,2.216162e+01,2.206518e+01,2.236797e+01,2.225797e+01,2.214096e+01,2.223045e+01,2.227172e+01,2.216162e+01,2.220292e+01,2.213408e+01,2.220292e+01,2.221669e+01,2.225797e+01,2.219604e+01,2.210653e+01,2.209964e+01,2.217539e+01,2.218228e+01,2.208586e+01,2.211341e+01,2.216851e+01,2.218228e+01,2.230611e+01,2.227172e+01,2.217539e+01,2.218228e+01,2.217539e+01,2.217539e+01,2.212719e+01,2.205829e+01,2.208586e+01,2.212719e+01,2.220981e+01,2.209275e+01,2.223733e+01,2.219604e+01,2.220292e+01,2.226485e+01,2.203072e+01,2.216851e+01,2.218916e+01,2.223045e+01,2.218228e+01,2.216851e+01,2.220981e+01,2.222357e+01,2.217539e+01,2.209964e+01,2.218228e+01,2.240232e+01,2.222357e+01,2.213408e+01,2.217539e+01,2.221669e+01,2.223733e+01,2.218916e+01,2.216162e+01,2.214785e+01,2.218916e+01,2.212719e+01,2.217539e+01,2.207207e+01,2.210653e+01,2.205140e+01,2.212719e+01,2.210653e+01,2.219604e+01,2.216162e+01,2.206518e+01,2.201004e+01,2.211341e+01,2.209275e+01,2.210653e+01,2.210653e+01,2.207897e+01,2.205140e+01,2.196176e+01,2.208586e+01,2.207207e+01,2.212719e+01,2.201004e+01,2.203072e+01,2.184441e+01,2.195486e+01,2.207207e+01,2.201693e+01,2.197555e+01,2.196176e+01,2.198935e+01,2.185132e+01,2.192726e+01,2.194106e+01,2.183060e+01,2.196176e+01,2.196866e+01,2.187894e+01,2.174076e+01,2.179606e+01,2.168544e+01,2.167160e+01,2.185132e+01,2.171310e+01,2.169927e+01,2.151236e+01,2.166468e+01,2.165777e+01,2.147078e+01,2.158163e+01,2.153314e+01,2.153314e+01,2.187204e+01,2.231986e+01,2.246412e+01,2.266301e+01,2.252588e+01,2.266301e+01,2.269041e+01,2.277942e+01,2.287519e+01,2.306645e+01,2.306645e+01,2.303915e+01,2.319604e+01,2.328461e+01,2.348872e+01,2.352949e+01,2.362457e+01,2.358383e+01,2.361099e+01,2.369921e+01,2.377380e+01,2.377380e+01,2.382801e+01,2.381446e+01,2.387542e+01,2.397694e+01,2.399047e+01,2.380091e+01,2.382801e+01,2.379413e+01,2.378735e+01,2.378735e+01,2.376024e+01,2.369242e+01,2.384833e+01,2.368564e+01,2.369242e+01,2.362457e+01,2.367207e+01,2.357025e+01,2.363814e+01,2.358383e+01,2.363136e+01,2.359062e+01,2.355667e+01,2.331866e+01,2.337991e+01,2.336630e+01,2.336630e+01,2.332547e+01,2.344793e+01,2.335269e+01,2.362457e+01,2.383478e+01,2.412566e+01,2.444941e+01,2.481914e+01,2.489964e+01,2.511399e+01,2.538799e+01,2.539466e+01,2.560800e+01,2.581427e+01,2.590729e+01,2.623884e+01,2.620573e+01,2.625870e+01,2.627855e+01,2.629179e+01,2.628517e+01,2.647691e+01,2.623884e+01,2.642405e+01,2.648352e+01,2.641084e+01,2.637778e+01,2.633810e+01,2.639761e+01,2.636456e+01,2.621898e+01,2.638439e+01,2.628517e+01,2.629179e+01,2.618586e+01,2.621235e+01,2.615936e+01,2.625208e+01,2.631164e+01,2.626532e+01,2.618586e+01,2.601350e+01,2.617924e+01,2.610634e+01,2.618586e+01,2.608646e+01,2.588736e+01,2.571451e+01,2.508722e+01,2.424044e+01,2.428766e+01,2.427417e+01,2.466469e+01,2.469828e+01,2.498677e+01,2.521431e+01,2.542802e+01,2.539466e+01,2.538131e+01,2.548138e+01,2.565462e+01,2.568790e+01,2.573447e+01,2.568124e+01,2.570786e+01,2.574778e+01,2.574113e+01,2.568790e+01,2.565462e+01,2.555471e+01,2.565462e+01,2.555471e+01,2.560134e+01,2.564130e+01,2.566793e+01,2.570121e+01,2.572117e+01,2.569455e+01,2.562132e+01,2.558136e+01,2.554804e+01,2.550139e+01,2.560800e+01,2.540801e+01,2.541468e+01,2.538799e+01,2.548138e+01,2.534793e+01,2.536796e+01,2.534126e+01,2.532790e+01,2.532122e+01,2.528782e+01,2.529451e+01,2.504035e+01,2.499347e+01,2.515413e+01,2.504705e+01,2.493986e+01,2.488622e+01,2.473187e+01,2.494656e+01,2.475873e+01,2.464452e+01,2.471172e+01,2.446961e+01,2.454365e+01,2.455710e+01,2.450327e+01,2.454365e+01,2.446961e+01,2.448981e+01,2.462436e+01,2.445614e+01,2.441573e+01,2.458401e+01,2.459073e+01,2.441573e+01,2.427417e+01,2.415268e+01,2.409864e+01,2.413917e+01,2.411215e+01,2.397694e+01,2.412566e+01,2.413917e+01,2.412566e+01,2.413917e+01,2.407161e+01,2.381446e+01,2.371277e+01,2.371956e+01,2.357025e+01,2.373312e+01,2.369242e+01,2.361778e+01,2.350231e+01,2.349552e+01,2.329823e+01,2.340032e+01,2.357704e+01,2.355667e+01,2.364493e+01,2.338672e+01,2.352949e+01,2.336630e+01,2.347513e+01,2.330504e+01,2.312786e+01,2.276573e+01,2.271780e+01,2.273150e+01,2.260818e+01,2.271780e+01,2.266301e+01,2.268356e+01,2.273835e+01,2.268356e+01,2.265615e+01,2.278626e+01,2.258076e+01,2.275204e+01,2.276573e+01,2.259447e+01,2.260818e+01,2.260132e+01,2.269726e+01,2.260132e+01,2.251902e+01,2.257390e+01,2.253275e+01,2.264930e+01,2.250530e+01,2.262189e+01,2.247098e+01,2.256704e+01,2.248471e+01,2.251216e+01,2.251216e+01,2.249844e+01,2.253960e+01,2.262189e+01,2.242979e+01,2.253960e+01,2.256018e+01,2.238858e+01,2.249844e+01,2.245039e+01,2.251216e+01,2.241605e+01,2.252588e+01,2.248471e+01,2.254646e+01,2.239545e+01,2.234048e+01,2.244352e+01,2.250530e+01,2.253275e+01,2.258076e+01,2.258761e+01,2.256704e+01,2.245039e+01,2.251902e+01,2.248471e+01,2.238171e+01,2.240232e+01,2.237484e+01,2.236797e+01,2.236110e+01,2.242292e+01,2.236797e+01,2.247098e+01,2.240232e+01,2.253275e+01,2.233360e+01,2.246412e+01,2.241605e+01,2.237484e+01,2.246412e+01,2.243666e+01,2.243666e+01,2.245039e+01,2.236797e+01,2.256018e+01,2.240919e+01,2.238171e+01,2.238858e+01,2.237484e+01,2.232673e+01,2.236110e+01,2.238171e+01,2.230611e+01,2.238858e+01,2.225797e+01,2.228548e+01,2.229923e+01,2.227860e+01,2.229235e+01,2.230611e+01,2.227860e+01,2.242979e+01,2.244352e+01,2.233360e+01,2.234735e+01,2.233360e+01,2.235422e+01,2.235422e+01,2.237484e+01,2.234048e+01,2.236110e+01,2.237484e+01,2.240919e+01,2.234735e+01,2.237484e+01,2.234735e+01,2.234735e+01,2.229923e+01,2.236110e+01,2.229923e+01,2.234048e+01,2.244352e+01,2.231298e+01,2.231298e+01,2.231298e+01,2.229923e+01,2.238858e+01,2.227172e+01,2.232673e+01,2.234048e+01,2.233360e+01,2.258076e+01,2.223733e+01,2.214785e+01,2.240232e+01,2.228548e+01,2.218916e+01,2.221669e+01,2.220981e+01,2.223733e+01,2.220292e+01,2.225109e+01,2.221669e+01,2.225109e+01,2.218228e+01,2.222357e+01,2.227860e+01,2.224421e+01,2.227172e+01,2.220292e+01,2.215474e+01,2.212030e+01,2.218916e+01,2.221669e+01,2.201693e+01,2.218228e+01,2.206518e+01,2.217539e+01,2.221669e+01,2.223045e+01,2.210653e+01,2.216851e+01,2.209275e+01,2.198935e+01,2.216851e+01,2.214096e+01,2.201004e+01,2.199624e+01,2.185132e+01,2.195486e+01,2.205140e+01,2.201693e+01,2.195486e+01,2.204451e+01,2.195486e+01,2.197555e+01,2.201004e+01,2.194796e+01,2.195486e+01,2.193416e+01,2.187204e+01,2.192726e+01,2.192036e+01,2.196866e+01,2.227860e+01,2.253275e+01,2.265615e+01,2.249844e+01,2.266301e+01,2.253960e+01,2.269041e+01,2.261503e+01,2.259447e+01,2.253275e+01,2.251902e+01,2.271096e+01,2.260818e+01,2.254646e+01,2.259447e+01,2.251216e+01,2.279995e+01,2.263560e+01,2.268356e+01,2.266301e+01,2.251216e+01,2.269726e+01,2.275204e+01
2.405809e+01,2.420670e+01,2.407161e+01,2.401076e+01,2.404457e+01,2.386187e+01,2.390927e+01,2.387542e+01,2.400400e+01,2.396341e+01,2.386865e+01,2.373990e+01,2.365850e+01,2.378057e+01,2.376024e+01,2.371277e+01,2.355667e+01,2.373312e+01,2.353629e+01,2.337991e+01,2.355667e+01,2.337311e+01,2.338672e+01,2.323693e+01,2.311422e+01,2.325737e+01,2.311422e+01,2.301184e+01,2.307328e+01,2.302550e+01,2.297086e+01,2.280679e+01,2.292303e+01,2.281363e+01,2.263560e+01,2.272465e+01,2.269726e+01,2.268356e+01,2.269726e+01,2.257390e+01,2.259447e+01,2.259447e+01,2.257390e+01,2.249158e+01,2.275888e+01,2.254646e+01,2.284783e+01,2.269041e+01,2.265615e+01,2.262189e+01,2.269726e+01,2.265615e+01,2.260132e+01,2.247785e+01,2.256018e+01,2.245725e+01,2.255332e+01,2.250530e+01,2.249844e+01,2.245039e+01,2.251216e+01,2.256018e+01,2.251902e+01,2.249158e+01,2.238171e+01,2.234048e+01,2.241605e+01,2.231986e+01,2.241605e+01,2.258076e+01,2.227172e+01,2.256018e+01,2.249158e+01,2.240232e+01,2.249158e+01,2.229235e+01,2.244352e+01,2.243666e+01,2.249844e+01,2.225797e+01,2.236797e+01,2.230611e+01,2.240232e+01,2.243666e+01,2.240232e+01,2.223733e+01,2.236797e+01,2.220292e+01,2.231986e+01,2.233360e+01,2.236110e+01,2.229923e+01,2.229923e+01,2.243666e+01,2.229235e+01,2.237484e+01,2.235422e+01,2.232673e+01,2.229235e+01,2.242292e+01,2.234735e+01,2.229235e+01,2.227172e+01,2.223045e+01,2.231986e+01,2.225109e+01,2.221669e+01,2.233360e+01,2.233360e+01,2.230611e+01,2.230611e+01,2.220981e+01,2.218916e+01,2.213408e+01,2.221669e+01,2.219604e+01,2.219604e+01,2.227860e+01,2.231986e+01,2.220981e+01,2.222357e+01,2.226485e+01,2.216851e+01,2.226485e+01,2.220981e+01,2.223733e+01,2.224421e+01,2.229235e+01,2.218916e+01,2.222357e+01,2.226485e+01,2.218228e+01,2.218916e+01,2.218916e+01,2.220981e+01,2.215474e+01,2.212030e+01,2.218228e+01,2.222357e+01,2.223045e+01,2.222357e+01,2.220292e+01,2.209964e+01,2.217539e+01,2.213408e+01,2.208586e+01,2.214096e+01,2.218228e+01,2.213408e+01,2.220292e+01,2.212030e+01,2.218228e+01,2.216851e+01,2.209964e+01,2.207897e+01,2.207897e+01,2.214096e+01,2.210653e+01,2.221669e+01,2.218916e+01,2.223045e+01,2.212719e+01,2.220981e+01,2.207207e+01,2.222357e+01,2.209964e+01,2.233360e+01,2.209964e+01,2.216851e+01,2.206518e+01,2.207897e+01,2.218228e+01,2.222357e+01,2.220292e+01,2.221669e+01,2.212030e+01,2.211341e+01,2.216851e+01,2.217539e+01,2.218228e+01,2.220292e+01,2.238171e+01,2.223045e+01,2.229235e+01,2.207897e+01,2.221669e+01,2.220981e+01,2.223045e+01,2.213408e+01,2.212030e+01,2.217539e+01,2.209275e+01,2.217539e+01,2.205829e+01,2.221669e+01,2.207207e+01,2.198935e+01,2.216162e+01,2.207897e+01,2.207207e+01,2.213408e+01,2.207897e+01,2.219604e+01,2.218916e+01,2.205140e+01,2.224421e+01,2.212719e+01,2.207207e+01,2.206518e+01,2.202383e+01,2.193416e+01,2.190655e+01,2.204451e+01,2.208586e+01,2.200314e+01,2.207897e+01,2.204451e+01,2.194796e+01,2.202383e+01,2.201693e+01,2.196176e+01,2.195486e+01,2.194106e+01,2.187204e+01,2.190655e+01,2.186513e+01,2.196866e+01,2.193416e+01,2.201004e+01,2.189965e+01,2.185132e+01,2.176150e+01,2.169927e+01,2.171310e+01,2.169236e+01,2.176841e+01,2.167160e+01,2.167852e+01,2.144304e+01,2.153314e+01,2.149157e+01,2.159547e+01,2.156085e+01,2.153314e+01,2.154007e+01,2.142224e+01,2.210653e+01,2.234735e+01,2.262874e+01,2.260818e+01,2.273150e+01,2.264930e+01,2.273835e+01,2.279310e+01,2.316195e+01,2.301184e+01,2.304598e+01,2.310739e+01,2.333908e+01,2.343433e+01,2.337311e+01,2.352270e+01,2.341393e+01,2.363136e+01,2.371956e+01,2.352949e+01,2.384155e+01,2.380768e+01,2.382123e+01,2.380091e+01,2.382123e+01,2.401076e+01,2.397694e+01,2.399047e+01,2.384833e+01,2.379413e+01,2.384833e+01,2.373312e+01,2.373312e+01,2.369921e+01,2.379413e+01,2.367207e+01,2.363136e+01,2.370599e+01,2.361778e+01,2.359741e+01,2.353629e+01,2.364493e+01,2.355667e+01,2.346833e+01,2.359062e+01,2.338672e+01,2.343433e+01,2.333228e+01,2.334589e+01,2.335950e+01,2.336630e+01,2.353629e+01,2.405809e+01,2.422019e+01,2.441573e+01,2.459746e+01,2.484598e+01,2.510730e+01,2.534793e+01,2.548805e+01,2.565462e+01,2.583421e+01,2.599359e+01,2.605330e+01,2.613948e+01,2.629841e+01,2.650994e+01,2.643066e+01,2.651654e+01,2.642405e+01,2.647691e+01,2.634472e+01,2.649673e+01,2.641084e+01,2.637117e+01,2.626532e+01,2.631164e+01,2.635794e+01,2.633810e+01,2.633810e+01,2.635133e+01,2.629179e+01,2.618586e+01,2.628517e+01,2.617261e+01,2.628517e+01,2.625208e+01,2.623884e+01,2.616599e+01,2.602013e+01,2.617924e+01,2.615936e+01,2.600023e+01,2.604667e+01,2.585415e+01,2.566793e+01,2.488622e+01,2.421344e+01,2.424719e+01,2.442247e+01,2.458401e+01,2.478558e+01,2.498677e+01,2.521431e+01,2.536796e+01,2.546805e+01,2.550805e+01,2.567459e+01,2.566793e+01,2.567459e+01,2.568790e+01,2.571451e+01,2.580762e+01,2.570786e+01,2.573447e+01,2.574113e+01,2.560800e+01,2.574778e+01,2.556804e+01,2.564130e+01,2.568790e+01,2.564130e+01,2.552805e+01,2.559468e+01,2.572117e+01,2.561466e+01,2.564796e+01,2.562798e+01,2.552805e+01,2.562132e+01,2.559468e+01,2.554804e+01,2.542135e+01,2.540801e+01,2.537464e+01,2.543469e+01,2.526110e+01,2.530119e+01,2.526778e+01,2.524773e+01,2.518088e+01,2.517419e+01,2.493986e+01,2.495997e+01,2.510730e+01,2.481243e+01,2.483256e+01,2.485940e+01,2.473858e+01,2.473858e+01,2.465796e+01,2.471844e+01,2.464452e+01,2.461763e+01,2.448308e+01,2.457728e+01,2.451000e+01,2.452346e+01,2.441573e+01,2.446288e+01,2.457056e+01,2.455038e+01,2.461763e+01,2.469828e+01,2.455710e+01,2.441573e+01,2.418644e+01,2.404457e+01,2.406485e+01,2.410540e+01,2.410540e+01,2.399723e+01,2.410540e+01,2.412566e+01,2.407837e+01,2.415268e+01,2.417969e+01,2.409188e+01,2.392281e+01,2.367886e+01,2.357704e+01,2.365172e+01,2.371277e+01,2.371277e+01,2.361778e+01,2.345473e+01,2.331185e+01,2.329823e+01,2.337311e+01,2.354987e+01,2.357704e+01,2.352949e+01,2.351590e+01,2.342753e+01,2.348192e+01,2.344113e+01,2.319604e+01,2.288886e+01,2.271096e+01,2.270411e+01,2.268356e+01,2.270411e+01,2.254646e+01,2.264245e+01,2.264245e+01,2.269041e+01,2.266301e+01,2.265615e+01,2.269726e+01,2.266301e+01,2.265615e+01,2.267671e+01,2.267671e+01,2.256704e+01,2.264245e+01,2.264245e+01,2.258761e+01,2.260818e+01,2.251216e+01,2.266301e+01,2.267671e+01,2.262189e+01,2.254646e+01,2.267671e+01,2.245039e+01,2.247098e+01,2.257390e+01,2.253275e+01,2.252588e+01,2.248471e+01,2.253275e+01,2.251216e+01,2.238858e+01,2.255332e+01,2.248471e+01,2.256018e+01,2.256018e+01,2.256704e+01,2.239545e+01,2.251216e+01,2.241605e+01,2.248471e+01,2.243666e+01,2.257390e+01,2.253960e+01,2.247785e+01,2.247785e+01,2.254646e+01,2.258076e+01,2.241605e+01,2.241605e+01,2.238858e+01,2.240232e+01,2.246412e+01,2.251216e+01,2.237484e+01,2.233360e+01,2.240919e+01,2.240919e+01,2.232673e+01,2.242292e+01,2.241605e+01,2.234048e+01,2.230611e+01,2.256018e+01,2.252588e+01,2.231986e+01,2.245039e+01,2.236797e+01,2.242292e+01,2.235422e+01,2.238171e+01,2.236797e+01,2.249158e+01,2.236110e+01,2.253275e+01,2.235422e+01,2.242292e+01,2.240232e+01,2.235422e+01,2.237484e+01,2.231986e+01,2.245039e+01,2.239545e+01,2.216162e+01,2.226485e+01,2.229923e+01,2.244352e+01,2.234048e+01,2.240919e+01,2.239545e+01,2.236797e+01,2.231986e+01,2.238171e+01,2.240919e+01,2.231298e+01,2.248471e+01,2.236110e+01,2.232673e+01,2.238171e+01,2.236797e+01,2.235422e+01,2.240232e+01,2.232673e+01,2.232673e+01,2.229235e+01,2.234735e+01,2.247785e+01,2.234735e+01,2.238171e+01,2.228548e+01,2.228548e+01,2.229235e+01,2.231986e+01,2.231298e+01,2.231986e+01,2.234735e+01,2.229923e+01,2.234048e+01,2.229923e+01,2.223045e+01,2.218228e+01,2.246412e+01,2.218228e+01,2.217539e+01,2.234735e+01,2.235422e+01,2.236110e+01,2.236797e+01,2.218228e+01,2.222357e+01,2.218916e+01,2.208586e+01,2.196176e+01,2.212030e+01,2.213408e+01,2.220981e+01,2.220981e+01,2.223733e+01,2.218228e+01,2.213408e+01,2.218228e+01,2.228548e+01,2.214096e+01,2.222357e+01,2.223733e+01,2.194106e+01,2.201693e+01,2.222357e+01,2.207897e+01,2.210653e+01,2.202383e+01,2.212030e+01,2.201693e+01,2.203072e+01,2.199624e+01,2.206518e+01,2.204451e+01,2.201693e+01,2.189965e+01,2.203072e+01,2.196176e+01,2.198935e+01,2.198245e+01,2.201004e+01,2.190655e+01,2.194796e+01,2.196866e+01,2.192726e+01,2.197555e+01,2.201693e+01,2.236797e+01,2.264930e+01,2.258076e+01,2.272465e+01,2.271096e+01,2.277942e+01,2.262189e+01,2.251902e+01,2.258761e+01,2.254646e+01,2.253960e+01,2.258076e+01,2.247098e+01,2.268356e+01,2.260132e+01,2.262189e+01,2.258761e+01,2.262189e+01,2.270411e+01,2.282047e+01,2.279995e+01,2.278626e+01,2.276573e+01
2.413242e+01,2.407837e+01,2.390250e+01,2.409188e+01,2.401752e+01,2.398371e+01,2.401752e+01,2.400400e+01,2.398371e+01,2.387542e+01,2.372634e+01,2.380768e+01,2.378057e+01,2.371277e+01,2.379413e+01,2.362457e+01,2.372634e+01,2.352949e+01,2.364493e+01,2.350911e+01,2.335269e+01,2.335269e+01,2.329142e+01,2.315514e+01,2.334589e+01,2.278626e+01,2.308010e+01,2.303915e+01,2.311422e+01,2.283415e+01,2.297769e+01,2.286835e+01,2.277942e+01,2.282047e+01,2.278626e+01,2.279995e+01,2.271096e+01,2.253275e+01,2.266986e+01,2.255332e+01,2.258761e+01,2.255332e+01,2.253960e+01,2.259447e+01,2.255332e+01,2.257390e+01,2.252588e+01,2.253275e+01,2.260818e+01,2.245039e+01,2.264245e+01,2.245725e+01,2.243666e+01,2.244352e+01,2.263560e+01,2.236797e+01,2.266301e+01,2.256018e+01,2.247785e+01,2.240232e+01,2.252588e+01,2.257390e+01,2.250530e+01,2.252588e+01,2.245725e+01,2.240919e+01,2.245039e+01,2.223733e+01,2.236797e+01,2.225797e+01,2.217539e+01,2.235422e+01,2.225109e+01,2.235422e+01,2.233360e+01,2.236110e+01,2.230611e+01,2.240919e+01,2.233360e+01,2.246412e+01,2.238171e+01,2.239545e+01,2.238171e+01,2.228548e+01,2.239545e+01,2.229235e+01,2.231986e+01,2.219604e+01,2.237484e+01,2.228548e+01,2.231986e+01,2.231986e+01,2.249158e+01,2.230611e+01,2.237484e+01,2.227172e+01,2.236797e+01,2.229235e+01,2.225109e+01,2.231298e+01,2.238171e+01,2.216162e+01,2.228548e+01,2.227172e+01,2.225109e+01,2.229923e+01,2.227860e+01,2.220292e+01,2.231986e+01,2.216851e+01,2.218228e+01,2.227860e+01,2.223045e+01,2.231986e+01,2.223045e+01,2.222357e+01,2.221669e+01,2.230611e+01,2.220292e+01,2.224421e+01,2.222357e+01,2.220981e+01,2.222357e+01,2.220981e+01,2.225109e+01,2.216162e+01,2.225109e+01,2.215474e+01,2.219604e+01,2.219604e+01,2.221669e+01,2.211341e+01,2.207207e+01,2.236797e+01,2.220981e+01,2.214785e+01,2.210653e+01,2.218916e+01,2.224421e+01,2.225109e+01,2.221669e+01,2.223733e+01,2.227860e+01,2.211341e+01,2.212030e+01,2.216162e+01,2.208586e+01,2.216162e+01,2.207897e+01,2.208586e+01,2.209275e+01,2.232673e+01,2.208586e+01,2.212719e+01,2.210653e+01,2.213408e+01,2.209964e+01,2.206518e+01,2.221669e+01,2.214096e+01,2.217539e+01,2.214785e+01,2.206518e+01,2.203761e+01,2.209964e+01,2.200314e+01,2.209964e+01,2.210653e+01,2.212030e+01,2.209964e+01,2.216851e+01,2.210653e+01,2.212030e+01,2.216162e+01,2.217539e+01,2.214096e+01,2.218228e+01,2.219604e+01,2.218228e+01,2.212030e+01,2.213408e+01,2.210653e+01,2.223045e+01,2.223733e+01,2.220981e+01,2.217539e+01,2.224421e+01,2.210653e+01,2.211341e+01,2.215474e+01,2.218916e+01,2.211341e+01,2.207207e+01,2.220292e+01,2.212719e+01,2.206518e+01,2.209964e+01,2.202383e+01,2.205829e+01,2.219604e+01,2.205140e+01,2.203072e+01,2.208586e+01,2.205829e+01,2.201693e+01,2.219604e+01,2.234048e+01,2.204451e+01,2.194796e+01,2.205829e+01,2.196176e+01,2.201004e+01,2.206518e+01,2.194106e+01,2.194106e+01,2.205829e+01,2.212030e+01,2.201004e+01,2.186513e+01,2.198935e+01,2.185823e+01,2.192726e+01,2.187204e+01,2.194106e+01,2.185132e+01,2.192726e+01,2.189275e+01,2.194796e+01,2.194106e+01,2.174076e+01,2.183060e+01,2.180988e+01,2.178224e+01,2.171310e+01,2.174768e+01,2.172002e+01,2.169927e+01,2.159547e+01,2.167160e+01,2.165777e+01,2.146384e+01,2.151236e+01,2.156778e+01,2.154007e+01,2.152622e+01,2.154007e+01,2.186513e+01,2.229235e+01,2.231298e+01,2.256704e+01,2.262874e+01,2.290937e+01,2.271096e+01,2.294353e+01,2.301867e+01,2.305280e+01,2.304598e+01,2.305280e+01,2.320967e+01,2.332547e+01,2.335269e+01,2.334589e+01,2.346153e+01,2.367207e+01,2.353629e+01,2.373990e+01,2.379413e+01,2.382801e+01,2.386187e+01,2.382123e+01,2.390927e+01,2.399047e+01,2.386865e+01,2.376024e+01,2.384833e+01,2.390927e+01,2.378735e+01,2.379413e+01,2.379413e+01,2.366529e+01,2.375346e+01,2.364493e+01,2.363814e+01,2.363814e+01,2.365172e+01,2.357704e+01,2.354308e+01,2.361099e+01,2.359062e+01,2.345473e+01,2.355667e+01,2.342753e+01,2.350911e+01,2.344793e+01,2.338672e+01,2.333228e+01,2.342073e+01,2.344793e+01,2.380091e+01,2.408512e+01,2.458401e+01,2.481243e+01,2.481914e+01,2.509391e+01,2.533458e+01,2.534126e+01,2.568790e+01,2.577438e+01,2.593385e+01,2.604667e+01,2.626532e+01,2.627194e+01,2.624546e+01,2.615936e+01,2.645049e+01,2.649012e+01,2.633149e+01,2.648352e+01,2.630502e+01,2.637778e+01,2.641084e+01,2.637117e+01,2.641744e+01,2.631164e+01,2.629179e+01,2.632487e+01,2.628517e+01,2.621235e+01,2.620573e+01,2.626532e+01,2.626532e+01,2.625870e+01,2.625870e+01,2.625870e+01,2.618586e+01,2.615936e+01,2.621235e+01,2.612623e+01,2.615274e+01,2.598032e+01,2.602677e+01,2.582756e+01,2.480572e+01,2.424719e+01,2.426068e+01,2.437531e+01,2.475873e+01,2.480572e+01,2.498677e+01,2.525442e+01,2.532122e+01,2.554138e+01,2.549472e+01,2.561466e+01,2.568124e+01,2.572782e+01,2.575443e+01,2.570121e+01,2.577438e+01,2.576108e+01,2.572782e+01,2.552139e+01,2.554804e+01,2.566127e+01,2.565462e+01,2.570121e+01,2.579433e+01,2.572782e+01,2.558136e+01,2.564130e+01,2.556137e+01,2.557470e+01,2.557470e+01,2.552139e+01,2.558802e+01,2.546138e+01,2.553472e+01,2.544137e+01,2.540801e+01,2.544137e+01,2.526778e+01,2.534793e+01,2.528782e+01,2.534126e+01,2.522768e+01,2.517419e+01,2.499347e+01,2.500017e+01,2.499347e+01,2.493986e+01,2.487281e+01,2.489964e+01,2.489964e+01,2.473187e+01,2.466469e+01,2.465796e+01,2.467141e+01,2.464452e+01,2.453692e+01,2.448981e+01,2.453019e+01,2.438878e+01,2.455038e+01,2.453019e+01,2.447635e+01,2.457056e+01,2.458401e+01,2.466469e+01,2.467141e+01,2.471844e+01,2.434161e+01,2.434835e+01,2.430790e+01,2.405133e+01,2.402428e+01,2.412566e+01,2.403105e+01,2.409864e+01,2.394988e+01,2.403781e+01,2.403781e+01,2.411215e+01,2.411215e+01,2.407161e+01,2.391604e+01,2.382801e+01,2.367886e+01,2.364493e+01,2.361778e+01,2.372634e+01,2.354308e+01,2.346833e+01,2.331185e+01,2.328461e+01,2.333908e+01,2.363814e+01,2.350231e+01,2.354308e+01,2.348872e+01,2.342073e+01,2.336630e+01,2.345473e+01,2.319604e+01,2.295720e+01,2.270411e+01,2.271096e+01,2.270411e+01,2.254646e+01,2.261503e+01,2.271096e+01,2.266301e+01,2.271780e+01,2.262189e+01,2.262874e+01,2.262874e+01,2.267671e+01,2.252588e+01,2.251902e+01,2.246412e+01,2.258761e+01,2.264245e+01,2.263560e+01,2.264930e+01,2.266986e+01,2.265615e+01,2.267671e+01,2.263560e+01,2.266301e+01,2.263560e+01,2.256704e+01,2.259447e+01,2.256704e+01,2.249158e+01,2.258076e+01,2.251216e+01,2.251902e+01,2.255332e+01,2.251902e+01,2.254646e+01,2.246412e+01,2.252588e+01,2.243666e+01,2.246412e+01,2.266986e+01,2.249158e+01,2.251902e+01,2.243666e+01,2.253960e+01,2.252588e+01,2.249844e+01,2.247785e+01,2.248471e+01,2.246412e+01,2.258761e+01,2.250530e+01,2.242979e+01,2.255332e+01,2.229923e+01,2.254646e+01,2.238858e+01,2.238858e+01,2.244352e+01,2.236797e+01,2.245039e+01,2.253275e+01,2.238171e+01,2.237484e+01,2.233360e+01,2.250530e+01,2.236110e+01,2.237484e+01,2.251902e+01,2.236797e+01,2.234735e+01,2.236110e+01,2.241605e+01,2.231986e+01,2.238171e+01,2.243666e+01,2.221669e+01,2.244352e+01,2.249158e+01,2.228548e+01,2.249158e+01,2.238171e+01,2.239545e+01,2.227172e+01,2.240919e+01,2.223733e+01,2.229235e+01,2.231298e+01,2.249844e+01,2.236110e+01,2.242979e+01,2.246412e+01,2.240232e+01,2.231298e+01,2.233360e+01,2.238171e+01,2.235422e+01,2.227172e+01,2.236797e+01,2.239545e+01,2.238171e+01,2.225109e+01,2.234735e+01,2.231298e+01,2.251902e+01,2.231986e+01,2.242979e+01,2.232673e+01,2.236110e+01,2.231298e+01,2.231986e+01,2.229923e+01,2.231298e+01,2.232673e+01,2.230611e+01,2.229923e+01,2.228548e+01,2.232673e+01,2.234048e+01,2.236110e+01,2.229923e+01,2.228548e+01,2.236110e+01,2.226485e+01,2.219604e+01,2.221669e+01,2.218228e+01,2.233360e+01,2.233360e+01,2.215474e+01,2.216851e+01,2.211341e+01,2.215474e+01,2.218228e+01,2.220292e+01,2.211341e+01,2.227860e+01,2.214096e+01,2.216851e+01,2.222357e+01,2.219604e+01,2.220292e+01,2.207207e+01,2.214785e+01,2.214785e+01,2.205140e+01,2.212719e+01,2.216851e+01,2.218228e+01,2.216162e+01,2.220981e+01,2.192726e+01,2.210653e+01,2.212719e+01,2.201693e+01,2.218228e+01,2.204451e+01,2.200314e+01,2.216162e+01,2.196176e+01,2.194106e+01,2.198245e+01,2.194106e+01,2.193416e+01,2.201693e+01,2.198935e+01,2.195486e+01,2.197555e+01,2.189965e+01,2.189965e+01,2.185823e+01,2.165085e+01,2.186513e+01,2.220981e+01,2.235422e+01,2.236797e+01,2.266986e+01,2.257390e+01,2.266986e+01,2.275888e+01,2.262189e+01,2.269041e+01,2.264930e+01,2.254646e+01,2.266986e+01,2.249158e+01,2.251216e+01,2.259447e+01,2.259447e+01,2.258761e+01,2.262874e+01,2.275204e+01,2.255332e+01,2.274519e+01,2.271096e+01,2.238858e+01,2.256704e+01
2.411891e+01,2.403105e+01,2.395664e+01,2.397018e+01,2.401752e+01,2.396341e+01,2.403105e+01,2.398371e+01,2.379413e+01,2.397018e+01,2.398371e+01,2.375346e+01,2.380768e+01,2.379413e+01,2.371956e+01,2.354987e+01,2.352949e+01,2.340713e+01,2.335950e+01,2.336630e+01,2.343433e+01,2.335950e+01,2.334589e+01,2.333228e+01,2.300501e+01,2.315514e+01,2.316195e+01,2.299135e+01,2.298452e+01,2.297086e+01,2.293670e+01,2.279995e+01,2.266986e+01,2.277257e+01,2.258076e+01,2.260132e+01,2.261503e+01,2.260132e+01,2.268356e+01,2.266986e+01,2.269041e+01,2.253275e+01,2.252588e+01,2.258761e+01,2.262189e+01,2.253275e+01,2.253275e+01,2.262874e+01,2.262874e+01,2.264930e+01,2.267671e+01,2.264930e+01,2.264245e+01,2.240919e+01,2.262189e+01,2.257390e+01,2.257390e+01,2.249158e+01,2.241605e+01,2.246412e+01,2.247785e+01,2.256704e+01,2.252588e+01,2.257390e+01,2.234735e+01,2.245725e+01,2.246412e+01,2.240919e+01,2.237484e+01,2.238858e+01,2.234735e+01,2.218916e+01,2.242292e+01,2.238171e+01,2.224421e+01,2.230611e+01,2.236797e+01,2.234735e+01,2.240919e+01,2.232673e+01,2.235422e+01,2.220292e+01,2.218916e+01,2.237484e+01,2.223045e+01,2.227172e+01,2.233360e+01,2.229923e+01,2.231298e+01,2.232673e+01,2.232673e+01,2.223733e+01,2.234048e+01,2.226485e+01,2.231986e+01,2.251216e+01,2.225109e+01,2.228548e+01,2.236797e+01,2.227172e+01,2.229923e+01,2.227860e+01,2.223733e+01,2.227172e+01,2.211341e+01,2.223733e+01,2.224421e+01,2.233360e+01,2.229923e+01,2.228548e+01,2.227860e+01,2.230611e+01,2.229923e+01,2.227860e+01,2.226485e+01,2.228548e+01,2.226485e+01,2.244352e+01,2.222357e+01,2.222357e+01,2.219604e+01,2.215474e+01,2.213408e+01,2.222357e+01,2.217539e+01,2.216162e+01,2.214096e+01,2.226485e+01,2.225109e+01,2.216162e+01,2.212030e+01,2.214785e+01,2.220292e+01,2.210653e+01,2.214096e+01,2.216851e+01,2.214785e+01,2.223733e+01,2.229235e+01,2.211341e+01,2.224421e+01,2.222357e+01,2.219604e+01,2.214096e+01,2.209275e+01,2.210653e+01,2.212719e+01,2.227172e+01,2.220292e+01,2.216162e+01,2.208586e+01,2.208586e+01,2.214785e+01,2.214096e+01,2.203761e+01,2.214785e+01,2.207897e+01,2.214785e+01,2.220981e+01,2.216851e+01,2.209275e+01,2.216162e+01,2.216162e+01,2.212719e+01,2.206518e+01,2.211341e+01,2.207207e+01,2.212719e+01,2.209275e+01,2.214096e+01,2.205829e+01,2.203072e+01,2.201004e+01,2.207897e+01,2.216162e+01,2.218228e+01,2.216851e+01,2.214096e+01,2.216162e+01,2.207897e+01,2.217539e+01,2.225797e+01,2.211341e+01,2.200314e+01,2.223045e+01,2.212719e+01,2.208586e+01,2.214096e+01,2.212719e+01,2.212030e+01,2.217539e+01,2.195486e+01,2.196176e+01,2.205140e+01,2.216851e+01,2.201004e+01,2.205829e+01,2.203072e+01,2.222357e+01,2.217539e+01,2.205829e+01,2.201004e+01,2.201693e+01,2.202383e+01,2.231298e+01,2.185132e+01,2.213408e+01,2.203761e+01,2.207207e+01,2.215474e+01,2.210653e+01,2.192036e+01,2.209964e+01,2.209964e+01,2.207897e+01,2.194796e+01,2.201693e+01,2.194796e+01,2.198935e+01,2.196866e+01,2.183060e+01,2.189965e+01,2.192036e+01,2.176841e+01,2.178224e+01,2.192036e+01,2.178915e+01,2.174076e+01,2.199624e+01,2.185132e+01,2.176150e+01,2.178224e+01,2.170619e+01,2.173385e+01,2.167160e+01,2.169927e+01,2.156778e+01,2.160240e+01,2.158855e+01,2.153314e+01,2.147078e+01,2.149157e+01,2.147771e+01,2.153314e+01,2.155392e+01,2.154700e+01,2.186513e+01,2.231298e+01,2.261503e+01,2.265615e+01,2.269726e+01,2.275204e+01,2.273835e+01,2.301867e+01,2.301867e+01,2.287519e+01,2.287519e+01,2.311422e+01,2.327099e+01,2.327780e+01,2.328461e+01,2.331185e+01,2.346833e+01,2.357025e+01,2.359062e+01,2.358383e+01,2.382123e+01,2.384155e+01,2.391604e+01,2.397694e+01,2.399047e+01,2.390250e+01,2.380768e+01,2.378735e+01,2.382123e+01,2.380091e+01,2.372634e+01,2.376702e+01,2.378057e+01,2.374668e+01,2.367886e+01,2.367886e+01,2.367207e+01,2.369921e+01,2.363814e+01,2.361099e+01,2.353629e+01,2.358383e+01,2.359741e+01,2.358383e+01,2.351590e+01,2.348192e+01,2.349552e+01,2.323693e+01,2.333908e+01,2.336630e+01,2.351590e+01,2.371956e+01,2.406485e+01,2.407837e+01,2.426068e+01,2.467813e+01,2.483256e+01,2.520094e+01,2.510730e+01,2.530787e+01,2.552805e+01,2.571451e+01,2.591393e+01,2.605993e+01,2.617261e+01,2.616599e+01,2.631164e+01,2.623222e+01,2.629841e+01,2.631826e+01,2.637778e+01,2.641744e+01,2.649012e+01,2.645049e+01,2.639761e+01,2.630502e+01,2.633810e+01,2.627194e+01,2.625870e+01,2.631164e+01,2.630502e+01,2.629179e+01,2.617261e+01,2.628517e+01,2.617261e+01,2.614611e+01,2.626532e+01,2.614611e+01,2.623884e+01,2.603340e+01,2.615936e+01,2.611960e+01,2.609309e+01,2.600023e+01,2.591393e+01,2.557470e+01,2.478558e+01,2.420670e+01,2.438878e+01,2.444268e+01,2.475873e+01,2.481914e+01,2.495326e+01,2.530787e+01,2.536129e+01,2.554804e+01,2.567459e+01,2.574778e+01,2.564796e+01,2.564130e+01,2.575443e+01,2.562132e+01,2.565462e+01,2.572782e+01,2.572117e+01,2.572117e+01,2.576108e+01,2.564130e+01,2.573447e+01,2.566793e+01,2.561466e+01,2.572782e+01,2.572117e+01,2.574113e+01,2.562132e+01,2.572782e+01,2.564796e+01,2.563464e+01,2.555471e+01,2.552805e+01,2.544137e+01,2.552139e+01,2.554138e+01,2.544137e+01,2.538131e+01,2.535461e+01,2.511399e+01,2.514744e+01,2.506713e+01,2.518757e+01,2.506713e+01,2.515413e+01,2.502696e+01,2.489293e+01,2.486610e+01,2.483927e+01,2.495997e+01,2.476544e+01,2.480572e+01,2.465796e+01,2.467141e+01,2.466469e+01,2.453692e+01,2.449654e+01,2.436857e+01,2.455038e+01,2.452346e+01,2.456383e+01,2.450327e+01,2.458401e+01,2.472515e+01,2.471844e+01,2.472515e+01,2.471844e+01,2.457728e+01,2.435509e+01,2.430115e+01,2.410540e+01,2.401752e+01,2.407837e+01,2.403781e+01,2.396341e+01,2.389573e+01,2.388219e+01,2.401752e+01,2.416619e+01,2.410540e+01,2.403105e+01,2.393634e+01,2.392281e+01,2.378057e+01,2.369242e+01,2.363136e+01,2.359741e+01,2.359062e+01,2.345473e+01,2.324374e+01,2.331866e+01,2.338672e+01,2.336630e+01,2.351590e+01,2.352949e+01,2.348872e+01,2.351590e+01,2.344793e+01,2.340032e+01,2.340032e+01,2.309375e+01,2.269726e+01,2.270411e+01,2.271096e+01,2.273835e+01,2.269041e+01,2.270411e+01,2.275888e+01,2.264245e+01,2.262874e+01,2.264930e+01,2.262189e+01,2.266301e+01,2.255332e+01,2.276573e+01,2.249844e+01,2.262874e+01,2.264930e+01,2.264930e+01,2.266301e+01,2.258076e+01,2.256018e+01,2.248471e+01,2.264930e+01,2.264930e+01,2.263560e+01,2.268356e+01,2.257390e+01,2.240232e+01,2.256704e+01,2.240919e+01,2.263560e+01,2.255332e+01,2.255332e+01,2.258076e+01,2.249158e+01,2.258076e+01,2.245039e+01,2.249844e+01,2.251902e+01,2.249844e+01,2.252588e+01,2.251902e+01,2.246412e+01,2.245725e+01,2.239545e+01,2.253275e+01,2.248471e+01,2.260132e+01,2.247098e+01,2.251902e+01,2.258076e+01,2.256704e+01,2.252588e+01,2.251902e+01,2.244352e+01,2.240919e+01,2.231298e+01,2.247098e+01,2.238858e+01,2.241605e+01,2.238858e+01,2.242979e+01,2.243666e+01,2.249158e+01,2.250530e+01,2.234735e+01,2.227860e+01,2.236110e+01,2.240919e+01,2.246412e+01,2.242979e+01,2.242979e+01,2.238858e+01,2.230611e+01,2.240919e+01,2.242979e+01,2.241605e+01,2.244352e+01,2.234735e+01,2.238858e+01,2.241605e+01,2.242979e+01,2.243666e+01,2.241605e+01,2.249844e+01,2.227172e+01,2.215474e+01,2.220292e+01,2.231986e+01,2.231986e+01,2.238171e+01,2.231298e+01,2.235422e+01,2.231298e+01,2.231986e+01,2.237484e+01,2.238858e+01,2.247098e+01,2.224421e+01,2.233360e+01,2.235422e+01,2.245039e+01,2.231298e+01,2.240232e+01,2.254646e+01,2.225797e+01,2.226485e+01,2.229235e+01,2.231298e+01,2.226485e+01,2.240232e+01,2.228548e+01,2.232673e+01,2.230611e+01,2.234735e+01,2.231986e+01,2.238171e+01,2.236797e+01,2.236110e+01,2.234735e+01,2.234048e+01,2.231298e+01,2.216162e+01,2.224421e+01,2.238858e+01,2.220981e+01,2.217539e+01,2.232673e+01,2.225797e+01,2.217539e+01,2.232673e+01,2.234735e+01,2.215474e+01,2.217539e+01,2.216851e+01,2.214785e+01,2.227172e+01,2.224421e+01,2.216162e+01,2.220292e+01,2.212719e+01,2.217539e+01,2.207897e+01,2.206518e+01,2.217539e+01,2.214096e+01,2.223045e+01,2.201693e+01,2.211341e+01,2.206518e+01,2.197555e+01,2.219604e+01,2.198935e+01,2.209275e+01,2.210653e+01,2.205829e+01,2.203761e+01,2.183751e+01,2.203761e+01,2.198935e+01,2.193416e+01,2.189965e+01,2.192036e+01,2.192726e+01,2.192036e+01,2.198935e+01,2.200314e+01,2.189275e+01,2.187894e+01,2.185132e+01,2.186513e+01,2.184441e+01,2.214096e+01,2.236797e+01,2.255332e+01,2.258761e+01,2.265615e+01,2.262874e+01,2.273835e+01,2.277942e+01,2.278626e+01,2.255332e+01,2.267671e+01,2.264930e+01,2.257390e+01,2.262189e+01,2.265615e+01,2.258761e+01,2.256018e+01,2.267671e+01,2.242292e+01,2.258761e+01,2.271096e+01,2.271780e+01,2.270411e+01,2.274519e+01
2.418644e+01,2.411891e+01,2.403105e+01,2.406485e+01,2.400400e+01,2.382801e+01,2.410540e+01,2.394988e+01,2.388896e+01,2.384155e+01,2.376024e+01,2.372634e+01,2.384155e+01,2.363814e+01,2.359062e+01,2.363136e+01,2.357025e+01,2.339352e+01,2.333228e+01,2.335950e+01,2.338672e+01,2.320967e+01,2.323693e+01,2.321649e+01,2.318923e+01,2.303232e+01,2.299135e+01,2.311422e+01,2.297769e+01,2.318241e+01,2.281363e+01,2.277942e+01,2.290253e+01,2.266986e+01,2.275204e+01,2.274519e+01,2.261503e+01,2.262874e+01,2.262189e+01,2.264930e+01,2.273150e+01,2.255332e+01,2.251902e+01,2.263560e+01,2.262874e+01,2.258076e+01,2.262874e+01,2.264245e+01,2.266301e+01,2.267671e+01,2.264930e+01,2.266986e+01,2.268356e+01,2.245039e+01,2.275204e+01,2.241605e+01,2.264930e+01,2.240919e+01,2.249844e+01,2.251902e+01,2.259447e+01,2.256018e+01,2.236797e+01,2.254646e+01,2.250530e+01,2.249844e+01,2.247785e+01,2.245725e+01,2.251216e+01,2.236797e+01,2.231298e+01,2.239545e+01,2.228548e+01,2.240232e+01,2.234735e+01,2.234735e+01,2.253960e+01,2.237484e+01,2.234735e+01,2.239545e+01,2.242979e+01,2.229923e+01,2.225797e+01,2.240232e+01,2.227860e+01,2.236110e+01,2.228548e+01,2.231298e+01,2.229235e+01,2.225109e+01,2.231298e+01,2.236797e+01,2.233360e+01,2.238171e+01,2.234048e+01,2.214785e+01,2.230611e+01,2.227860e+01,2.228548e+01,2.250530e+01,2.220981e+01,2.218916e+01,2.226485e+01,2.230611e+01,2.210653e+01,2.229923e+01,2.226485e+01,2.225797e+01,2.234048e+01,2.221669e+01,2.235422e+01,2.234735e+01,2.224421e+01,2.219604e+01,2.229923e+01,2.228548e+01,2.227860e+01,2.225797e+01,2.218916e+01,2.222357e+01,2.221669e+01,2.220981e+01,2.216162e+01,2.216851e+01,2.218916e+01,2.228548e+01,2.220292e+01,2.214096e+01,2.215474e+01,2.210653e+01,2.212030e+01,2.206518e+01,2.216851e+01,2.209275e+01,2.211341e+01,2.220292e+01,2.219604e+01,2.216162e+01,2.225109e+01,2.216851e+01,2.227860e+01,2.226485e+01,2.221669e+01,2.226485e+01,2.218228e+01,2.211341e+01,2.229235e+01,2.220292e+01,2.221669e+01,2.211341e+01,2.215474e+01,2.212030e+01,2.207897e+01,2.212030e+01,2.212719e+01,2.206518e+01,2.216851e+01,2.211341e+01,2.225109e+01,2.216851e+01,2.216851e+01,2.214785e+01,2.209275e+01,2.212719e+01,2.200314e+01,2.214096e+01,2.217539e+01,2.219604e+01,2.217539e+01,2.209275e+01,2.203761e+01,2.210653e+01,2.213408e+01,2.222357e+01,2.221669e+01,2.207207e+01,2.214096e+01,2.214096e+01,2.215474e+01,2.219604e+01,2.217539e+01,2.220981e+01,2.214096e+01,2.205829e+01,2.212030e+01,2.220981e+01,2.223733e+01,2.212719e+01,2.216162e+01,2.213408e+01,2.217539e+01,2.216851e+01,2.198935e+01,2.203072e+01,2.207897e+01,2.209275e+01,2.198935e+01,2.203761e+01,2.201004e+01,2.212719e+01,2.200314e+01,2.218916e+01,2.215474e+01,2.203072e+01,2.203761e+01,2.205140e+01,2.209275e+01,2.193416e+01,2.201693e+01,2.208586e+01,2.234735e+01,2.209275e+01,2.205140e+01,2.194106e+01,2.207207e+01,2.202383e+01,2.199624e+01,2.203072e+01,2.189275e+01,2.198935e+01,2.199624e+01,2.191346e+01,2.190655e+01,2.192726e+01,2.192036e+01,2.179606e+01,2.178224e+01,2.177533e+01,2.194796e+01,2.176150e+01,2.176841e+01,2.184441e+01,2.178224e+01,2.178224e+01,2.174768e+01,2.165777e+01,2.160932e+01,2.156778e+01,2.163701e+01,2.158855e+01,2.152622e+01,2.150543e+01,2.151236e+01,2.157470e+01,2.126955e+01,2.156778e+01,2.186513e+01,2.256704e+01,2.260818e+01,2.268356e+01,2.271096e+01,2.275204e+01,2.315514e+01,2.301867e+01,2.305280e+01,2.322330e+01,2.303232e+01,2.302550e+01,2.311422e+01,2.328461e+01,2.333228e+01,2.335950e+01,2.334589e+01,2.352270e+01,2.365850e+01,2.358383e+01,2.383478e+01,2.382123e+01,2.405809e+01,2.391604e+01,2.384155e+01,2.387542e+01,2.389573e+01,2.390250e+01,2.388219e+01,2.392958e+01,2.371277e+01,2.376702e+01,2.371956e+01,2.369242e+01,2.366529e+01,2.362457e+01,2.368564e+01,2.361778e+01,2.376702e+01,2.373990e+01,2.360420e+01,2.365172e+01,2.365172e+01,2.363814e+01,2.345473e+01,2.344793e+01,2.352270e+01,2.348192e+01,2.344113e+01,2.343433e+01,2.345473e+01,2.376024e+01,2.382801e+01,2.411891e+01,2.458401e+01,2.459073e+01,2.496667e+01,2.499347e+01,2.533458e+01,2.542135e+01,2.565462e+01,2.566127e+01,2.602677e+01,2.609971e+01,2.621235e+01,2.633149e+01,2.632487e+01,2.639100e+01,2.631826e+01,2.642405e+01,2.634472e+01,2.635794e+01,2.633149e+01,2.644388e+01,2.643727e+01,2.641744e+01,2.634472e+01,2.635133e+01,2.633149e+01,2.635794e+01,2.624546e+01,2.627855e+01,2.622560e+01,2.625208e+01,2.619248e+01,2.617261e+01,2.618586e+01,2.617261e+01,2.621898e+01,2.609971e+01,2.624546e+01,2.607319e+01,2.611960e+01,2.610634e+01,2.594049e+01,2.569455e+01,2.475201e+01,2.417294e+01,2.419994e+01,2.427417e+01,2.479230e+01,2.485269e+01,2.528115e+01,2.529451e+01,2.545471e+01,2.564796e+01,2.562132e+01,2.566793e+01,2.578103e+01,2.561466e+01,2.573447e+01,2.584750e+01,2.581427e+01,2.580097e+01,2.573447e+01,2.573447e+01,2.567459e+01,2.566793e+01,2.576108e+01,2.575443e+01,2.574778e+01,2.574778e+01,2.570786e+01,2.574778e+01,2.570121e+01,2.573447e+01,2.567459e+01,2.564796e+01,2.560800e+01,2.566793e+01,2.562132e+01,2.554804e+01,2.549472e+01,2.550139e+01,2.524105e+01,2.528782e+01,2.526110e+01,2.528115e+01,2.522100e+01,2.508722e+01,2.514075e+01,2.502696e+01,2.474530e+01,2.493316e+01,2.491975e+01,2.487952e+01,2.488622e+01,2.474530e+01,2.470500e+01,2.474530e+01,2.468484e+01,2.478558e+01,2.467141e+01,2.468484e+01,2.453692e+01,2.464452e+01,2.457728e+01,2.455710e+01,2.457056e+01,2.463780e+01,2.465124e+01,2.472515e+01,2.473858e+01,2.463780e+01,2.447635e+01,2.443594e+01,2.411891e+01,2.407837e+01,2.401752e+01,2.410540e+01,2.390250e+01,2.402428e+01,2.399723e+01,2.401076e+01,2.402428e+01,2.407837e+01,2.403781e+01,2.413917e+01,2.408512e+01,2.376702e+01,2.373312e+01,2.357025e+01,2.354308e+01,2.356346e+01,2.357704e+01,2.356346e+01,2.337991e+01,2.337991e+01,2.333908e+01,2.356346e+01,2.351590e+01,2.356346e+01,2.351590e+01,2.352949e+01,2.344113e+01,2.337991e+01,2.339352e+01,2.323693e+01,2.269726e+01,2.268356e+01,2.269041e+01,2.271096e+01,2.270411e+01,2.266986e+01,2.264245e+01,2.269726e+01,2.264930e+01,2.263560e+01,2.249844e+01,2.279310e+01,2.266986e+01,2.264930e+01,2.269041e+01,2.262874e+01,2.265615e+01,2.265615e+01,2.264930e+01,2.264930e+01,2.264245e+01,2.271780e+01,2.266301e+01,2.252588e+01,2.262874e+01,2.256704e+01,2.260132e+01,2.283415e+01,2.237484e+01,2.253960e+01,2.264245e+01,2.253960e+01,2.257390e+01,2.254646e+01,2.253960e+01,2.251216e+01,2.243666e+01,2.251216e+01,2.258761e+01,2.249158e+01,2.249158e+01,2.246412e+01,2.248471e+01,2.242292e+01,2.258076e+01,2.249158e+01,2.258761e+01,2.256704e+01,2.252588e+01,2.258076e+01,2.254646e+01,2.249158e+01,2.247098e+01,2.251902e+01,2.241605e+01,2.251902e+01,2.244352e+01,2.240919e+01,2.242979e+01,2.241605e+01,2.248471e+01,2.248471e+01,2.253960e+01,2.247098e+01,2.231298e+01,2.226485e+01,2.253960e+01,2.249158e+01,2.243666e+01,2.243666e+01,2.248471e+01,2.246412e+01,2.242292e+01,2.242979e+01,2.243666e+01,2.212719e+01,2.244352e+01,2.238171e+01,2.242292e+01,2.238171e+01,2.242292e+01,2.245725e+01,2.236797e+01,2.248471e+01,2.224421e+01,2.242979e+01,2.251902e+01,2.240232e+01,2.243666e+01,2.240919e+01,2.247785e+01,2.234735e+01,2.236797e+01,2.240919e+01,2.238171e+01,2.228548e+01,2.238171e+01,2.227172e+01,2.229235e+01,2.237484e+01,2.236797e+01,2.244352e+01,2.238171e+01,2.240919e+01,2.240232e+01,2.234048e+01,2.242979e+01,2.233360e+01,2.227172e+01,2.229923e+01,2.232673e+01,2.229235e+01,2.232673e+01,2.238858e+01,2.239545e+01,2.240232e+01,2.247098e+01,2.229923e+01,2.229235e+01,2.236110e+01,2.229235e+01,2.236110e+01,2.235422e+01,2.217539e+01,2.227172e+01,2.216162e+01,2.222357e+01,2.217539e+01,2.218228e+01,2.229923e+01,2.222357e+01,2.216851e+01,2.218916e+01,2.213408e+01,2.222357e+01,2.207897e+01,2.222357e+01,2.216851e+01,2.217539e+01,2.219604e+01,2.214785e+01,2.222357e+01,2.214785e+01,2.214096e+01,2.213408e+01,2.201693e+01,2.218916e+01,2.213408e+01,2.206518e+01,2.214785e+01,2.208586e+01,2.212719e+01,2.198245e+01,2.196176e+01,2.204451e+01,2.203072e+01,2.207207e+01,2.209964e+01,2.208586e+01,2.191346e+01,2.194796e+01,2.194796e+01,2.193416e+01,2.196176e+01,2.196866e+01,2.199624e+01,2.183060e+01,2.201693e+01,2.188585e+01,2.196176e+01,2.194106e+01,2.185132e+01,2.220981e+01,2.253960e+01,2.260132e+01,2.236110e+01,2.257390e+01,2.267671e+01,2.279995e+01,2.275204e+01,2.268356e+01,2.265615e+01,2.275888e+01,2.253275e+01,2.271780e+01,2.252588e+01,2.252588e+01,2.253960e+01,2.255332e+01,2.258076e+01,2.264245e+01,2.261503e+01,2.272465e+01,2.275204e+01,2.251902e+01,2.266301e+01
2.413917e+01,2.399047e+01,2.397694e+01,2.414593e+01,2.408512e+01,2.400400e+01,2.397694e+01,2.394988e+01,2.389573e+01,2.392281e+01,2.385510e+01,2.384155e+01,2.382123e+01,2.363814e+01,2.363814e+01,2.348192e+01,2.354987e+01,2.359741e+01,2.348872e+01,2.336630e+01,2.338672e+01,2.331185e+01,2.329142e+01,2.336630e+01,2.328461e+01,2.315514e+01,2.308010e+01,2.303232e+01,2.288202e+01,2.290253e+01,2.297086e+01,2.292303e+01,2.282047e+01,2.273150e+01,2.269041e+01,2.262189e+01,2.262189e+01,2.288202e+01,2.261503e+01,2.260132e+01,2.282047e+01,2.251216e+01,2.266986e+01,2.260132e+01,2.263560e+01,2.266986e+01,2.266986e+01,2.266301e+01,2.257390e+01,2.266301e+01,2.269726e+01,2.268356e+01,2.268356e+01,2.268356e+01,2.247098e+01,2.245039e+01,2.251216e+01,2.247098e+01,2.257390e+01,2.247785e+01,2.259447e+01,2.250530e+01,2.251216e+01,2.233360e+01,2.248471e+01,2.249844e+01,2.250530e+01,2.236110e+01,2.233360e+01,2.247785e+01,2.238858e+01,2.242292e+01,2.236110e+01,2.231298e+01,2.238858e+01,2.231298e+01,2.239545e+01,2.236797e+01,2.242292e+01,2.219604e+01,2.236797e+01,2.234048e+01,2.240232e+01,2.238171e+01,2.220292e+01,2.226485e+01,2.226485e+01,2.227172e+01,2.229923e+01,2.216162e+01,2.230611e+01,2.234048e+01,2.229923e+01,2.238858e+01,2.238171e+01,2.225797e+01,2.209964e+01,2.232673e+01,2.229235e+01,2.231298e+01,2.231298e+01,2.251216e+01,2.229923e+01,2.226485e+01,2.220981e+01,2.227860e+01,2.217539e+01,2.230611e+01,2.235422e+01,2.219604e+01,2.231986e+01,2.223733e+01,2.233360e+01,2.229235e+01,2.229923e+01,2.215474e+01,2.223045e+01,2.222357e+01,2.221669e+01,2.221669e+01,2.221669e+01,2.215474e+01,2.215474e+01,2.218228e+01,2.214096e+01,2.224421e+01,2.225109e+01,2.220292e+01,2.218228e+01,2.207897e+01,2.224421e+01,2.207207e+01,2.205140e+01,2.209964e+01,2.209964e+01,2.214785e+01,2.212030e+01,2.219604e+01,2.213408e+01,2.212719e+01,2.219604e+01,2.206518e+01,2.220292e+01,2.214096e+01,2.217539e+01,2.214785e+01,2.219604e+01,2.209964e+01,2.209275e+01,2.216851e+01,2.212030e+01,2.207897e+01,2.212030e+01,2.211341e+01,2.218916e+01,2.228548e+01,2.207897e+01,2.214785e+01,2.242292e+01,2.207207e+01,2.215474e+01,2.206518e+01,2.192726e+01,2.212719e+01,2.210653e+01,2.203072e+01,2.207207e+01,2.224421e+01,2.214785e+01,2.209275e+01,2.209275e+01,2.204451e+01,2.204451e+01,2.212030e+01,2.213408e+01,2.214096e+01,2.198245e+01,2.194796e+01,2.218916e+01,2.212719e+01,2.203072e+01,2.223045e+01,2.209275e+01,2.219604e+01,2.215474e+01,2.207897e+01,2.221669e+01,2.216162e+01,2.216162e+01,2.210653e+01,2.209964e+01,2.213408e+01,2.205829e+01,2.205140e+01,2.211341e+01,2.203761e+01,2.198935e+01,2.198245e+01,2.200314e+01,2.201004e+01,2.196866e+01,2.198935e+01,2.193416e+01,2.217539e+01,2.206518e+01,2.204451e+01,2.209964e+01,2.205140e+01,2.202383e+01,2.196866e+01,2.203072e+01,2.198935e+01,2.197555e+01,2.208586e+01,2.199624e+01,2.199624e+01,2.204451e+01,2.207207e+01,2.198245e+01,2.193416e+01,2.188585e+01,2.191346e+01,2.174768e+01,2.182369e+01,2.180297e+01,2.180988e+01,2.179606e+01,2.177533e+01,2.183751e+01,2.172002e+01,2.178224e+01,2.178224e+01,2.177533e+01,2.177533e+01,2.170619e+01,2.169927e+01,2.158855e+01,2.161624e+01,2.160932e+01,2.154700e+01,2.151236e+01,2.148464e+01,2.155392e+01,2.131122e+01,2.157470e+01,2.160932e+01,2.167852e+01,2.225109e+01,2.261503e+01,2.263560e+01,2.273150e+01,2.301184e+01,2.299818e+01,2.305280e+01,2.307328e+01,2.312786e+01,2.302550e+01,2.307328e+01,2.310739e+01,2.318241e+01,2.328461e+01,2.329142e+01,2.338672e+01,2.352270e+01,2.350231e+01,2.361099e+01,2.384155e+01,2.382801e+01,2.390250e+01,2.392958e+01,2.384833e+01,2.373312e+01,2.378057e+01,2.380091e+01,2.381446e+01,2.384833e+01,2.381446e+01,2.371277e+01,2.367886e+01,2.362457e+01,2.357704e+01,2.360420e+01,2.362457e+01,2.365172e+01,2.363814e+01,2.364493e+01,2.364493e+01,2.363136e+01,2.361099e+01,2.348872e+01,2.353629e+01,2.351590e+01,2.352270e+01,2.346153e+01,2.324374e+01,2.327780e+01,2.340713e+01,2.365850e+01,2.400400e+01,2.421344e+01,2.442921e+01,2.475201e+01,2.490634e+01,2.506713e+01,2.522768e+01,2.538799e+01,2.571451e+01,2.582092e+01,2.600023e+01,2.608646e+01,2.618586e+01,2.623222e+01,2.635794e+01,2.641084e+01,2.629179e+01,2.631164e+01,2.635133e+01,2.631826e+01,2.644388e+01,2.632487e+01,2.631826e+01,2.635133e+01,2.629179e+01,2.634472e+01,2.634472e+01,2.629841e+01,2.630502e+01,2.622560e+01,2.626532e+01,2.624546e+01,2.619248e+01,2.613286e+01,2.617924e+01,2.617261e+01,2.617261e+01,2.612623e+01,2.608646e+01,2.601350e+01,2.610634e+01,2.595377e+01,2.580097e+01,2.557470e+01,2.469828e+01,2.420670e+01,2.448308e+01,2.446961e+01,2.477216e+01,2.481243e+01,2.504705e+01,2.528782e+01,2.528782e+01,2.558802e+01,2.557470e+01,2.571451e+01,2.584750e+01,2.586079e+01,2.580097e+01,2.561466e+01,2.582092e+01,2.582756e+01,2.578103e+01,2.570786e+01,2.582756e+01,2.595377e+01,2.574778e+01,2.571451e+01,2.586079e+01,2.574113e+01,2.566793e+01,2.562132e+01,2.568124e+01,2.578768e+01,2.570121e+01,2.576108e+01,2.559468e+01,2.560134e+01,2.560134e+01,2.556804e+01,2.551472e+01,2.551472e+01,2.530787e+01,2.530119e+01,2.534793e+01,2.526110e+01,2.510060e+01,2.543469e+01,2.509391e+01,2.510060e+01,2.498677e+01,2.506713e+01,2.496667e+01,2.495326e+01,2.497337e+01,2.485940e+01,2.479230e+01,2.477216e+01,2.465796e+01,2.463108e+01,2.467141e+01,2.466469e+01,2.457056e+01,2.461091e+01,2.464452e+01,2.473187e+01,2.459746e+01,2.474530e+01,2.475201e+01,2.471172e+01,2.474530e+01,2.472515e+01,2.446961e+01,2.441573e+01,2.427417e+01,2.407837e+01,2.389573e+01,2.410540e+01,2.390927e+01,2.387542e+01,2.381446e+01,2.391604e+01,2.393634e+01,2.399723e+01,2.408512e+01,2.415268e+01,2.386187e+01,2.373312e+01,2.375346e+01,2.354308e+01,2.348872e+01,2.365850e+01,2.359741e+01,2.350231e+01,2.340032e+01,2.335269e+01,2.343433e+01,2.361099e+01,2.360420e+01,2.360420e+01,2.359062e+01,2.344793e+01,2.338672e+01,2.339352e+01,2.338672e+01,2.317559e+01,2.277942e+01,2.278626e+01,2.271096e+01,2.267671e+01,2.268356e+01,2.270411e+01,2.269041e+01,2.267671e+01,2.267671e+01,2.267671e+01,2.269726e+01,2.262189e+01,2.279995e+01,2.259447e+01,2.271780e+01,2.260818e+01,2.264245e+01,2.260818e+01,2.255332e+01,2.249158e+01,2.252588e+01,2.263560e+01,2.269726e+01,2.256704e+01,2.261503e+01,2.260818e+01,2.252588e+01,2.259447e+01,2.250530e+01,2.258076e+01,2.258761e+01,2.252588e+01,2.257390e+01,2.256704e+01,2.258076e+01,2.249844e+01,2.244352e+01,2.252588e+01,2.261503e+01,2.243666e+01,2.247785e+01,2.258076e+01,2.247785e+01,2.245039e+01,2.249158e+01,2.242979e+01,2.243666e+01,2.252588e+01,2.263560e+01,2.264245e+01,2.242979e+01,2.262189e+01,2.256704e+01,2.242979e+01,2.238858e+01,2.256704e+01,2.258761e+01,2.245039e+01,2.248471e+01,2.239545e+01,2.252588e+01,2.249158e+01,2.254646e+01,2.238858e+01,2.248471e+01,2.229923e+01,2.245039e+01,2.243666e+01,2.254646e+01,2.252588e+01,2.248471e+01,2.232673e+01,2.238858e+01,2.231986e+01,2.244352e+01,2.235422e+01,2.238858e+01,2.238858e+01,2.251902e+01,2.239545e+01,2.240232e+01,2.235422e+01,2.234048e+01,2.248471e+01,2.247785e+01,2.250530e+01,2.251902e+01,2.237484e+01,2.242292e+01,2.251216e+01,2.235422e+01,2.248471e+01,2.236797e+01,2.249158e+01,2.242292e+01,2.220292e+01,2.240232e+01,2.227172e+01,2.234048e+01,2.237484e+01,2.230611e+01,2.228548e+01,2.234735e+01,2.236110e+01,2.223733e+01,2.242292e+01,2.227860e+01,2.226485e+01,2.229235e+01,2.234048e+01,2.238858e+01,2.234735e+01,2.241605e+01,2.231986e+01,2.221669e+01,2.218228e+01,2.231298e+01,2.214096e+01,2.226485e+01,2.229923e+01,2.225797e+01,2.238171e+01,2.236110e+01,2.226485e+01,2.223045e+01,2.234048e+01,2.220292e+01,2.218228e+01,2.231298e+01,2.229923e+01,2.215474e+01,2.211341e+01,2.218916e+01,2.215474e+01,2.209964e+01,2.231298e+01,2.214096e+01,2.237484e+01,2.217539e+01,2.217539e+01,2.223733e+01,2.219604e+01,2.211341e+01,2.218916e+01,2.218228e+01,2.202383e+01,2.217539e+01,2.209964e+01,2.213408e+01,2.214785e+01,2.209275e+01,2.198935e+01,2.216162e+01,2.203072e+01,2.220292e+01,2.204451e+01,2.205829e+01,2.196176e+01,2.196176e+01,2.192036e+01,2.194796e+01,2.193416e+01,2.192036e+01,2.193416e+01,2.205140e+01,2.197555e+01,2.209964e+01,2.190655e+01,2.201004e+01,2.200314e+01,2.191346e+01,2.210653e+01,2.231986e+01,2.262874e+01,2.262874e+01,2.246412e+01,2.256018e+01,2.268356e+01,2.270411e+01,2.266986e+01,2.288886e+01,2.275204e+01,2.284783e+01,2.255332e+01,2.258761e+01,2.256704e+01,2.256018e+01,2.267671e+01,2.262874e+01,2.276573e+01,2.260132e+01,2.270411e+01,2.274519e+01,2.275888e+01,2.264245e+01,2.281363e+01
2.409188e+01,2.417969e+01,2.421344e+01,2.398371e+01,2.411891e+01,2.394988e+01,2.396341e+01,2.394311e+01,2.403781e+01,2.389573e+01,2.383478e+01,2.382123e+01,2.380768e+01,2.382123e+01,2.358383e+01,2.357025e+01,2.359062e+01,2.335269e+01,2.339352e+01,2.332547e+01,2.337991e+01,2.326418e+01,2.329142e+01,2.326418e+01,2.314832e+01,2.331185e+01,2.314150e+01,2.316195e+01,2.303232e+01,2.284099e+01,2.292303e+01,2.275204e+01,2.256018e+01,2.275888e+01,2.272465e+01,2.261503e+01,2.262874e+01,2.269041e+01,2.262189e+01,2.269041e+01,2.258761e+01,2.251902e+01,2.260132e+01,2.267671e+01,2.253960e+01,2.269041e+01,2.268356e+01,2.259447e+01,2.268356e+01,2.264930e+01,2.262874e+01,2.262189e+01,2.241605e+01,2.247098e+01,2.260818e+01,2.260818e+01,2.259447e+01,2.242979e+01,2.258761e+01,2.244352e+01,2.249158e+01,2.242292e+01,2.246412e+01,2.241605e+01,2.242979e+01,2.233360e+01,2.250530e+01,2.249158e+01,2.236797e+01,2.253275e+01,2.251216e+01,2.231298e+01,2.228548e+01,2.240919e+01,2.239545e+01,2.234048e+01,2.240919e+01,2.235422e+01,2.239545e+01,2.242292e+01,2.242979e+01,2.246412e+01,2.236797e+01,2.240919e+01,2.238858e+01,2.230611e+01,2.228548e+01,2.248471e+01,2.231298e+01,2.233360e+01,2.230611e+01,2.225797e+01,2.222357e+01,2.228548e+01,2.227860e+01,2.233360e+01,2.230611e+01,2.230611e+01,2.230611e+01,2.233360e+01,2.229923e+01,2.230611e+01,2.229923e+01,2.227860e+01,2.228548e+01,2.223045e+01,2.228548e+01,2.225109e+01,2.225797e+01,2.227860e+01,2.220292e+01,2.224421e+01,2.231298e+01,2.227860e+01,2.213408e+01,2.227172e+01,2.219604e+01,2.222357e+01,2.219604e+01,2.223733e+01,2.219604e+01,2.221669e+01,2.216851e+01,2.217539e+01,2.214096e+01,2.220292e+01,2.214785e+01,2.212030e+01,2.219604e+01,2.211341e+01,2.214785e+01,2.213408e+01,2.225109e+01,2.220981e+01,2.209275e+01,2.206518e+01,2.225109e+01,2.220292e+01,2.212719e+01,2.227172e+01,2.225109e+01,2.225797e+01,2.218916e+01,2.215474e+01,2.216851e+01,2.225109e+01,2.228548e+01,2.227172e+01,2.209964e+01,2.211341e+01,2.211341e+01,2.213408e+01,2.214096e+01,2.214096e+01,2.214096e+01,2.213408e+01,2.210653e+01,2.216162e+01,2.217539e+01,2.205140e+01,2.214785e+01,2.212719e+01,2.202383e+01,2.207897e+01,2.203072e+01,2.198245e+01,2.212719e+01,2.215474e+01,2.207207e+01,2.205829e+01,2.216162e+01,2.214785e+01,2.207207e+01,2.207897e+01,2.211341e+01,2.212719e+01,2.214096e+01,2.218228e+01,2.216851e+01,2.224421e+01,2.205829e+01,2.217539e+01,2.220981e+01,2.206518e+01,2.213408e+01,2.226485e+01,2.203072e+01,2.216851e+01,2.208586e+01,2.220981e+01,2.218228e+01,2.202383e+01,2.214785e+01,2.201004e+01,2.213408e+01,2.214785e+01,2.209964e+01,2.205829e+01,2.211341e+01,2.198935e+01,2.198245e+01,2.218228e+01,2.197555e+01,2.202383e+01,2.205829e+01,2.205829e+01,2.213408e+01,2.213408e+01,2.206518e+01,2.205829e+01,2.203072e+01,2.204451e+01,2.206518e+01,2.203761e+01,2.201693e+01,2.207207e+01,2.204451e+01,2.187894e+01,2.196866e+01,2.203072e+01,2.199624e+01,2.194106e+01,2.196866e+01,2.185823e+01,2.189965e+01,2.176150e+01,2.194106e+01,2.189965e+01,2.174076e+01,2.172693e+01,2.178915e+01,2.187894e+01,2.174076e+01,2.176150e+01,2.174076e+01,2.165777e+01,2.165085e+01,2.160240e+01,2.163008e+01,2.151929e+01,2.156778e+01,2.158855e+01,2.156778e+01,2.158163e+01,2.156085e+01,2.159547e+01,2.188585e+01,2.235422e+01,2.268356e+01,2.267671e+01,2.278626e+01,2.304598e+01,2.281363e+01,2.298452e+01,2.291620e+01,2.310739e+01,2.311422e+01,2.319604e+01,2.322330e+01,2.328461e+01,2.329823e+01,2.330504e+01,2.349552e+01,2.352270e+01,2.373312e+01,2.363814e+01,2.384155e+01,2.382801e+01,2.389573e+01,2.386865e+01,2.390250e+01,2.387542e+01,2.387542e+01,2.387542e+01,2.390250e+01,2.385510e+01,2.384833e+01,2.368564e+01,2.375346e+01,2.363136e+01,2.367886e+01,2.369242e+01,2.362457e+01,2.369921e+01,2.364493e+01,2.376702e+01,2.364493e+01,2.365172e+01,2.364493e+01,2.357025e+01,2.354987e+01,2.353629e+01,2.346153e+01,2.344793e+01,2.344793e+01,2.350231e+01,2.373990e+01,2.354987e+01,2.399047e+01,2.428766e+01,2.432812e+01,2.467813e+01,2.500017e+01,2.522768e+01,2.534126e+01,2.536129e+01,2.570786e+01,2.566127e+01,2.592057e+01,2.607319e+01,2.611297e+01,2.621898e+01,2.621898e+01,2.632487e+01,2.637778e+01,2.641744e+01,2.641744e+01,2.647691e+01,2.644388e+01,2.640422e+01,2.632487e+01,2.635794e+01,2.636456e+01,2.626532e+01,2.624546e+01,2.631826e+01,2.637117e+01,2.632487e+01,2.628517e+01,2.630502e+01,2.626532e+01,2.613948e+01,2.613948e+01,2.616599e+01,2.609971e+01,2.612623e+01,2.613286e+01,2.609309e+01,2.607319e+01,2.605330e+01,2.576773e+01,2.557470e+01,2.471172e+01,2.422019e+01,2.423369e+01,2.445614e+01,2.459746e+01,2.483256e+01,2.508052e+01,2.548138e+01,2.538799e+01,2.557470e+01,2.564130e+01,2.573447e+01,2.586743e+01,2.579433e+01,2.582756e+01,2.586743e+01,2.582756e+01,2.570786e+01,2.577438e+01,2.588736e+01,2.586079e+01,2.582092e+01,2.573447e+01,2.576108e+01,2.582092e+01,2.579433e+01,2.575443e+01,2.570786e+01,2.572117e+01,2.578103e+01,2.568124e+01,2.568124e+01,2.564130e+01,2.562798e+01,2.552805e+01,2.572117e+01,2.538131e+01,2.550805e+01,2.551472e+01,2.533458e+01,2.525442e+01,2.542802e+01,2.541468e+01,2.524773e+01,2.510060e+01,2.504705e+01,2.509391e+01,2.494656e+01,2.500017e+01,2.497337e+01,2.487952e+01,2.487281e+01,2.475201e+01,2.475873e+01,2.468484e+01,2.469828e+01,2.469828e+01,2.495326e+01,2.474530e+01,2.488622e+01,2.487281e+01,2.471172e+01,2.475201e+01,2.493316e+01,2.479230e+01,2.497337e+01,2.475201e+01,2.474530e+01,2.468484e+01,2.447635e+01,2.422694e+01,2.424044e+01,2.394988e+01,2.379413e+01,2.388219e+01,2.376702e+01,2.395664e+01,2.373312e+01,2.376702e+01,2.380768e+01,2.408512e+01,2.403105e+01,2.386865e+01,2.378057e+01,2.376702e+01,2.357704e+01,2.352949e+01,2.361778e+01,2.353629e+01,2.344113e+01,2.333908e+01,2.333228e+01,2.349552e+01,2.362457e+01,2.365850e+01,2.352270e+01,2.346833e+01,2.351590e+01,2.343433e+01,2.344793e+01,2.336630e+01,2.316195e+01,2.316877e+01,2.280679e+01,2.279310e+01,2.271096e+01,2.282731e+01,2.269041e+01,2.250530e+01,2.268356e+01,2.271780e+01,2.268356e+01,2.269726e+01,2.271096e+01,2.258761e+01,2.267671e+01,2.258076e+01,2.260818e+01,2.258761e+01,2.263560e+01,2.262874e+01,2.269726e+01,2.256704e+01,2.277942e+01,2.275888e+01,2.258761e+01,2.248471e+01,2.247785e+01,2.260132e+01,2.260818e+01,2.259447e+01,2.260132e+01,2.258076e+01,2.259447e+01,2.263560e+01,2.254646e+01,2.256704e+01,2.257390e+01,2.249158e+01,2.242292e+01,2.256704e+01,2.249844e+01,2.255332e+01,2.250530e+01,2.245039e+01,2.247785e+01,2.250530e+01,2.262874e+01,2.247785e+01,2.245725e+01,2.259447e+01,2.262874e+01,2.245725e+01,2.251902e+01,2.251902e+01,2.257390e+01,2.244352e+01,2.255332e+01,2.251216e+01,2.253275e+01,2.247785e+01,2.253275e+01,2.249158e+01,2.247098e+01,2.249158e+01,2.248471e+01,2.247098e+01,2.252588e+01,2.236797e+01,2.242292e+01,2.253960e+01,2.258761e+01,2.260132e+01,2.231298e+01,2.229235e+01,2.246412e+01,2.249158e+01,2.242979e+01,2.243666e+01,2.247785e+01,2.245725e+01,2.236110e+01,2.246412e+01,2.237484e+01,2.245725e+01,2.231298e+01,2.251216e+01,2.250530e+01,2.245725e+01,2.242292e+01,2.240232e+01,2.240232e+01,2.234735e+01,2.247098e+01,2.238171e+01,2.236110e+01,2.242979e+01,2.248471e+01,2.242292e+01,2.239545e+01,2.242292e+01,2.232673e+01,2.247785e+01,2.245039e+01,2.234735e+01,2.232673e+01,2.229923e+01,2.238858e+01,2.241605e+01,2.228548e+01,2.225797e+01,2.226485e+01,2.245039e+01,2.241605e+01,2.235422e+01,2.242292e+01,2.224421e+01,2.221669e+01,2.242292e+01,2.226485e+01,2.249844e+01,2.240919e+01,2.223733e+01,2.237484e+01,2.231986e+01,2.236110e+01,2.234735e+01,2.239545e+01,2.217539e+01,2.219604e+01,2.225109e+01,2.236110e+01,2.229235e+01,2.209964e+01,2.235422e+01,2.225797e+01,2.223045e+01,2.239545e+01,2.224421e+01,2.218916e+01,2.229235e+01,2.217539e+01,2.220292e+01,2.214096e+01,2.222357e+01,2.221669e+01,2.208586e+01,2.211341e+01,2.212719e+01,2.216162e+01,2.216851e+01,2.218228e+01,2.216162e+01,2.210653e+01,2.213408e+01,2.214785e+01,2.207897e+01,2.202383e+01,2.211341e+01,2.212030e+01,2.194796e+01,2.214785e+01,2.196866e+01,2.198245e+01,2.197555e+01,2.196866e+01,2.194106e+01,2.196176e+01,2.189275e+01,2.198935e+01,2.194796e+01,2.196176e+01,2.204451e+01,2.217539e+01,2.238171e+01,2.240232e+01,2.261503e+01,2.274519e+01,2.267671e+01,2.276573e+01,2.270411e+01,2.273835e+01,2.290253e+01,2.288886e+01,2.262189e+01,2.271096e+01,2.269726e+01,2.256704e+01,2.253960e+01,2.267671e+01,2.271780e+01,2.273150e+01,2.260132e+01,2.262189e+01,2.262189e+01,2.279310e+01,2.282047e+01,2.282047e+01
